  3.000000000000000E-002   1.50258710658322        5.61113919275752     
           4

     Dynamical  Matrix in cartesian axes

     q = (   -0.353553391  -0.353553391   0.353553391 ) 

    1    1
  0.21699576   0.00000000     0.06838211   0.00000000    -0.06838211   0.00000000
  0.06838211   0.00000000     0.21699576   0.00000000    -0.06838211   0.00000000
 -0.06838211   0.00000000    -0.06838211   0.00000000     0.21699576   0.00000000
    1    2
  0.00932599  -0.00000000     0.03468588  -0.00000000    -0.03468588   0.00000000
  0.03468588  -0.00000000     0.00932599  -0.00000000    -0.03468588   0.00000000
 -0.03468588   0.00000000    -0.03468588   0.00000000     0.00932599  -0.00000000
    1    3
 -0.00932599   0.00000000    -0.03468588   0.00000000     0.03468588  -0.00000000
 -0.03468588   0.00000000    -0.00932599   0.00000000     0.03468588  -0.00000000
  0.03468588  -0.00000000     0.03468588  -0.00000000    -0.00932599   0.00000000
    1    4
  0.03570365  -0.00000000     0.00182100  -0.00000000    -0.02024007   0.00000000
  0.00182100  -0.00000000     0.03570365  -0.00000000    -0.02024007   0.00000000
 -0.00777330   0.00000000    -0.00777330   0.00000000    -0.04234460   0.00000000
    1    5
 -0.03570365   0.00000000    -0.00182100   0.00000000     0.02024007  -0.00000000
 -0.00182100   0.00000000    -0.03570365   0.00000000     0.02024007  -0.00000000
  0.00777330  -0.00000000     0.00777330  -0.00000000     0.04234460  -0.00000000
    1    6
 -0.04962152   0.00000000     0.00326626  -0.00000000    -0.00326626   0.00000000
  0.00326626  -0.00000000    -0.04962152   0.00000000    -0.00326626   0.00000000
 -0.00326626   0.00000000    -0.00326626   0.00000000    -0.04962152   0.00000000
    1    7
  0.04962152  -0.00000000    -0.00326626   0.00000000     0.00326626  -0.00000000
 -0.00326626   0.00000000     0.04962152  -0.00000000     0.00326626  -0.00000000
  0.00326626  -0.00000000     0.00326626  -0.00000000     0.04962152  -0.00000000
    1    8
 -0.04234460   0.00000000     0.00777330  -0.00000000    -0.00777330   0.00000000
  0.02024007  -0.00000000     0.03570365  -0.00000000    -0.00182100   0.00000000
 -0.02024007   0.00000000    -0.00182100   0.00000000     0.03570365  -0.00000000
    1    9
  0.04234460  -0.00000000    -0.00777330   0.00000000     0.00777330  -0.00000000
 -0.02024007   0.00000000    -0.03570365   0.00000000     0.00182100  -0.00000000
  0.02024007  -0.00000000     0.00182100  -0.00000000    -0.03570365   0.00000000
    1   10
  0.03570365  -0.00000000     0.02024007  -0.00000000    -0.00182100   0.00000000
  0.00777330  -0.00000000    -0.04234460   0.00000000    -0.00777330   0.00000000
 -0.00182100   0.00000000    -0.02024007   0.00000000     0.03570365  -0.00000000
    1   11
 -0.03570365   0.00000000    -0.02024007   0.00000000     0.00182100  -0.00000000
 -0.00777330   0.00000000     0.04234460  -0.00000000     0.00777330  -0.00000000
  0.00182100  -0.00000000     0.02024007  -0.00000000    -0.03570365   0.00000000
    2    1
  0.00932599   0.00000000     0.03468588   0.00000000    -0.03468588  -0.00000000
  0.03468588   0.00000000     0.00932599   0.00000000    -0.03468588  -0.00000000
 -0.03468588  -0.00000000    -0.03468588  -0.00000000     0.00932599   0.00000000
    2    2
  0.08456045   0.00000000    -0.00833432   0.00000000     0.00833432   0.00000000
 -0.00833432   0.00000000     0.08456045   0.00000000     0.00833432   0.00000000
  0.00833432   0.00000000     0.00833432   0.00000000     0.08456045   0.00000000
    2    3
 -0.01013722   0.00000000     0.00426623   0.00000000    -0.00426623   0.00000000
  0.00426623   0.00000000    -0.01013722   0.00000000    -0.00426623   0.00000000
 -0.00426623   0.00000000    -0.00426623   0.00000000    -0.01013722   0.00000000
    2    4
  0.02009543   0.00000000     0.00315146   0.00000000     0.00216528   0.00000000
  0.00315146   0.00000000     0.02009543   0.00000000     0.00216528   0.00000000
  0.00389287   0.00000000     0.00389287   0.00000000     0.01630865   0.00000000
    2    5
 -0.02442631   0.00000000    -0.01157170   0.00000000    -0.02258688   0.00000000
 -0.01157170   0.00000000    -0.02442631   0.00000000    -0.02258688   0.00000000
 -0.03393500   0.00000000    -0.03393500   0.00000000    -0.02616673   0.00000000
    2    6
  0.00068549   0.00000000    -0.00249688   0.00000000     0.00249688   0.00000000
 -0.00249688   0.00000000     0.00068549   0.00000000     0.00249688   0.00000000
  0.00249688   0.00000000     0.00249688   0.00000000     0.00068549   0.00000000
    2    7
  0.00786814   0.00000000     0.01653154   0.00000000    -0.01653154   0.00000000
  0.01653154   0.00000000     0.00786814   0.00000000    -0.01653154   0.00000000
 -0.01653154   0.00000000    -0.01653154   0.00000000     0.00786814   0.00000000
    2    8
  0.01630865   0.00000000    -0.00389287   0.00000000     0.00389287   0.00000000
 -0.00216528   0.00000000     0.02009543   0.00000000    -0.00315146   0.00000000
  0.00216528   0.00000000    -0.00315146   0.00000000     0.02009543   0.00000000
    2    9
 -0.02616673   0.00000000     0.03393500   0.00000000    -0.03393500   0.00000000
  0.02258688   0.00000000    -0.02442631   0.00000000     0.01157170   0.00000000
 -0.02258688   0.00000000     0.01157170   0.00000000    -0.02442631   0.00000000
    2   10
  0.02009543   0.00000000    -0.00216528   0.00000000    -0.00315146   0.00000000
 -0.00389287   0.00000000     0.01630865   0.00000000     0.00389287   0.00000000
 -0.00315146   0.00000000     0.00216528   0.00000000     0.02009543   0.00000000
    2   11
 -0.02442631   0.00000000     0.02258688   0.00000000     0.01157170   0.00000000
  0.03393500   0.00000000    -0.02616673   0.00000000    -0.03393500   0.00000000
  0.01157170   0.00000000    -0.02258688   0.00000000    -0.02442631   0.00000000
    3    1
 -0.00932599  -0.00000000    -0.03468588  -0.00000000     0.03468588   0.00000000
 -0.03468588  -0.00000000    -0.00932599  -0.00000000     0.03468588   0.00000000
  0.03468588   0.00000000     0.03468588   0.00000000    -0.00932599  -0.00000000
    3    2
 -0.01013722   0.00000000     0.00426623   0.00000000    -0.00426623   0.00000000
  0.00426623   0.00000000    -0.01013722   0.00000000    -0.00426623   0.00000000
 -0.00426623   0.00000000    -0.00426623   0.00000000    -0.01013722   0.00000000
    3    3
  0.08456045   0.00000000    -0.00833432   0.00000000     0.00833432   0.00000000
 -0.00833432   0.00000000     0.08456045   0.00000000     0.00833432   0.00000000
  0.00833432   0.00000000     0.00833432   0.00000000     0.08456045   0.00000000
    3    4
 -0.02442631   0.00000000    -0.01157170   0.00000000    -0.02258688   0.00000000
 -0.01157170   0.00000000    -0.02442631   0.00000000    -0.02258688   0.00000000
 -0.03393500   0.00000000    -0.03393500   0.00000000    -0.02616673   0.00000000
    3    5
  0.02009543   0.00000000     0.00315146   0.00000000     0.00216528   0.00000000
  0.00315146   0.00000000     0.02009543   0.00000000     0.00216528   0.00000000
  0.00389287   0.00000000     0.00389287   0.00000000     0.01630865   0.00000000
    3    6
  0.00786814   0.00000000     0.01653154   0.00000000    -0.01653154   0.00000000
  0.01653154   0.00000000     0.00786814   0.00000000    -0.01653154   0.00000000
 -0.01653154   0.00000000    -0.01653154   0.00000000     0.00786814   0.00000000
    3    7
  0.00068549   0.00000000    -0.00249688   0.00000000     0.00249688   0.00000000
 -0.00249688   0.00000000     0.00068549   0.00000000     0.00249688   0.00000000
  0.00249688   0.00000000     0.00249688   0.00000000     0.00068549   0.00000000
    3    8
 -0.02616673   0.00000000     0.03393500   0.00000000    -0.03393500   0.00000000
  0.02258688   0.00000000    -0.02442631   0.00000000     0.01157170   0.00000000
 -0.02258688   0.00000000     0.01157170   0.00000000    -0.02442631   0.00000000
    3    9
  0.01630865   0.00000000    -0.00389287   0.00000000     0.00389287   0.00000000
 -0.00216528   0.00000000     0.02009543   0.00000000    -0.00315146   0.00000000
  0.00216528   0.00000000    -0.00315146   0.00000000     0.02009543   0.00000000
    3   10
 -0.02442631   0.00000000     0.02258688   0.00000000     0.01157170   0.00000000
  0.03393500   0.00000000    -0.02616673   0.00000000    -0.03393500   0.00000000
  0.01157170   0.00000000    -0.02258688   0.00000000    -0.02442631   0.00000000
    3   11
  0.02009543   0.00000000    -0.00216528   0.00000000    -0.00315146   0.00000000
 -0.00389287   0.00000000     0.01630865   0.00000000     0.00389287   0.00000000
 -0.00315146   0.00000000     0.00216528   0.00000000     0.02009543   0.00000000
    4    1
  0.03570365   0.00000000     0.00182100   0.00000000    -0.00777330  -0.00000000
  0.00182100   0.00000000     0.03570365   0.00000000    -0.00777330  -0.00000000
 -0.02024007  -0.00000000    -0.02024007  -0.00000000    -0.04234460  -0.00000000
    4    2
  0.02009543   0.00000000     0.00315146   0.00000000     0.00389287   0.00000000
  0.00315146   0.00000000     0.02009543   0.00000000     0.00389287   0.00000000
  0.00216528   0.00000000     0.00216528   0.00000000     0.01630865   0.00000000
    4    3
 -0.02442631   0.00000000    -0.01157170   0.00000000    -0.03393500   0.00000000
 -0.01157170   0.00000000    -0.02442631   0.00000000    -0.03393500   0.00000000
 -0.02258688   0.00000000    -0.02258688   0.00000000    -0.02616673   0.00000000
    4    4
  0.08292498   0.00000000     0.00100578   0.00000000    -0.00035750   0.00000000
  0.00100578   0.00000000     0.08292498   0.00000000    -0.00035750   0.00000000
 -0.00035750   0.00000000    -0.00035750   0.00000000     0.06420382   0.00000000
    4    5
 -0.01513893   0.00000000    -0.01653183   0.00000000    -0.00733794   0.00000000
 -0.01653183   0.00000000    -0.01513893   0.00000000    -0.00733794   0.00000000
 -0.00733794   0.00000000    -0.00733794   0.00000000    -0.02358247   0.00000000
    4    6
 -0.01580626   0.00000000     0.01430956   0.00000000    -0.01007000   0.00000000
  0.01430956   0.00000000    -0.01580626   0.00000000    -0.01007000   0.00000000
  0.00596482   0.00000000     0.00596482   0.00000000     0.02233846   0.00000000
    4    7
  0.01463995  -0.00000000    -0.00194377   0.00000000     0.01110222  -0.00000000
 -0.00194377  -0.00000000     0.01463995   0.00000000     0.01110222   0.00000000
 -0.01467700  -0.00000000    -0.01467700   0.00000000    -0.02849693  -0.00000000
    4    8
  0.00509945   0.00000000    -0.00697486   0.00000000     0.03055917   0.00000000
  0.00863560   0.00000000     0.01832196   0.00000000     0.00697486   0.00000000
  0.01767464   0.00000000    -0.00863560   0.00000000     0.00509945   0.00000000
    4    9
  0.00768676   0.00000000     0.02106659   0.00000000    -0.02024948  -0.00000000
 -0.00385733  -0.00000000    -0.04245553  -0.00000000    -0.02106659  -0.00000000
 -0.01779968  -0.00000000     0.00385733   0.00000000     0.00768676   0.00000000
    4   10
  0.01832196   0.00000000     0.00863560   0.00000000     0.00697486   0.00000000
 -0.00697486   0.00000000     0.00509945   0.00000000     0.03055917   0.00000000
 -0.00863560   0.00000000     0.01767464   0.00000000     0.00509945   0.00000000
    4   11
 -0.04245553   0.00000000    -0.00385733   0.00000000    -0.02106659   0.00000000
  0.02106659   0.00000000     0.00768676   0.00000000    -0.02024948   0.00000000
  0.00385733   0.00000000    -0.01779968   0.00000000     0.00768676   0.00000000
    5    1
 -0.03570365  -0.00000000    -0.00182100  -0.00000000     0.00777330   0.00000000
 -0.00182100  -0.00000000    -0.03570365  -0.00000000     0.00777330   0.00000000
  0.02024007   0.00000000     0.02024007   0.00000000     0.04234460   0.00000000
    5    2
 -0.02442631   0.00000000    -0.01157170   0.00000000    -0.03393500   0.00000000
 -0.01157170   0.00000000    -0.02442631   0.00000000    -0.03393500   0.00000000
 -0.02258688   0.00000000    -0.02258688   0.00000000    -0.02616673   0.00000000
    5    3
  0.02009543   0.00000000     0.00315146   0.00000000     0.00389287   0.00000000
  0.00315146   0.00000000     0.02009543   0.00000000     0.00389287   0.00000000
  0.00216528   0.00000000     0.00216528   0.00000000     0.01630865   0.00000000
    5    4
 -0.01513893  -0.00000000    -0.01653183  -0.00000000    -0.00733794  -0.00000000
 -0.01653183  -0.00000000    -0.01513893  -0.00000000    -0.00733794  -0.00000000
 -0.00733794  -0.00000000    -0.00733794  -0.00000000    -0.02358247  -0.00000000
    5    5
  0.08292498   0.00000000     0.00100578   0.00000000    -0.00035750   0.00000000
  0.00100578   0.00000000     0.08292498   0.00000000    -0.00035750   0.00000000
 -0.00035750   0.00000000    -0.00035750   0.00000000     0.06420382   0.00000000
    5    6
  0.01463995   0.00000000    -0.00194377  -0.00000000     0.01110222   0.00000000
 -0.00194377  -0.00000000     0.01463995   0.00000000     0.01110222   0.00000000
 -0.01467700  -0.00000000    -0.01467700  -0.00000000    -0.02849693  -0.00000000
    5    7
 -0.01580626  -0.00000000     0.01430956   0.00000000    -0.01007000  -0.00000000
  0.01430956   0.00000000    -0.01580626  -0.00000000    -0.01007000  -0.00000000
  0.00596482   0.00000000     0.00596482   0.00000000     0.02233846   0.00000000
    5    8
  0.00768676   0.00000000     0.02106659   0.00000000    -0.02024948  -0.00000000
 -0.00385733  -0.00000000    -0.04245553  -0.00000000    -0.02106659  -0.00000000
 -0.01779968  -0.00000000     0.00385733   0.00000000     0.00768676   0.00000000
    5    9
  0.00509945   0.00000000    -0.00697486  -0.00000000     0.03055917   0.00000000
  0.00863560   0.00000000     0.01832196   0.00000000     0.00697486   0.00000000
  0.01767464   0.00000000    -0.00863560  -0.00000000     0.00509945   0.00000000
    5   10
 -0.04245553  -0.00000000    -0.00385733  -0.00000000    -0.02106659  -0.00000000
  0.02106659   0.00000000     0.00768676   0.00000000    -0.02024948  -0.00000000
  0.00385733   0.00000000    -0.01779968  -0.00000000     0.00768676   0.00000000
    5   11
  0.01832196   0.00000000     0.00863560   0.00000000     0.00697486   0.00000000
 -0.00697486  -0.00000000     0.00509945   0.00000000     0.03055917   0.00000000
 -0.00863560  -0.00000000     0.01767464   0.00000000     0.00509945   0.00000000
    6    1
 -0.04962152  -0.00000000     0.00326626   0.00000000    -0.00326626  -0.00000000
  0.00326626   0.00000000    -0.04962152  -0.00000000    -0.00326626  -0.00000000
 -0.00326626  -0.00000000    -0.00326626  -0.00000000    -0.04962152  -0.00000000
    6    2
  0.00068549   0.00000000    -0.00249688   0.00000000     0.00249688   0.00000000
 -0.00249688   0.00000000     0.00068549   0.00000000     0.00249688   0.00000000
  0.00249688   0.00000000     0.00249688   0.00000000     0.00068549   0.00000000
    6    3
  0.00786814   0.00000000     0.01653154   0.00000000    -0.01653154   0.00000000
  0.01653154   0.00000000     0.00786814   0.00000000    -0.01653154   0.00000000
 -0.01653154   0.00000000    -0.01653154   0.00000000     0.00786814   0.00000000
    6    4
 -0.01580626   0.00000000     0.01430956   0.00000000     0.00596482   0.00000000
  0.01430956   0.00000000    -0.01580626   0.00000000     0.00596482   0.00000000
 -0.01007000   0.00000000    -0.01007000   0.00000000     0.02233846   0.00000000
    6    5
  0.01463995  -0.00000000    -0.00194377   0.00000000    -0.01467700   0.00000000
 -0.00194377   0.00000000     0.01463995  -0.00000000    -0.01467700   0.00000000
  0.01110222  -0.00000000     0.01110222  -0.00000000    -0.02849693   0.00000000
    6    6
  0.05796612   0.00000000    -0.00573537   0.00000000     0.00573537   0.00000000
 -0.00573537   0.00000000     0.05796612   0.00000000     0.00573537   0.00000000
  0.00573537   0.00000000     0.00573537   0.00000000     0.05796612   0.00000000
    6    7
 -0.01555733  -0.00000000    -0.00083992  -0.00000000     0.00083992  -0.00000000
 -0.00083992  -0.00000000    -0.01555733   0.00000000     0.00083992   0.00000000
  0.00083992  -0.00000000     0.00083992   0.00000000    -0.01555733   0.00000000
    6    8
  0.02233846   0.00000000     0.01007000   0.00000000    -0.01007000   0.00000000
 -0.00596482   0.00000000    -0.01580626   0.00000000    -0.01430956   0.00000000
  0.00596482   0.00000000    -0.01430956   0.00000000    -0.01580626   0.00000000
    6    9
 -0.02849693  -0.00000000    -0.01110222  -0.00000000     0.01110222   0.00000000
  0.01467700   0.00000000     0.01463995   0.00000000     0.00194377   0.00000000
 -0.01467700  -0.00000000     0.00194377   0.00000000     0.01463995   0.00000000
    6   10
 -0.01580626   0.00000000    -0.00596482   0.00000000    -0.01430956   0.00000000
  0.01007000   0.00000000     0.02233846   0.00000000    -0.01007000   0.00000000
 -0.01430956   0.00000000     0.00596482   0.00000000    -0.01580626   0.00000000
    6   11
  0.01463995   0.00000000     0.01467700   0.00000000     0.00194377   0.00000000
 -0.01110222   0.00000000    -0.02849693   0.00000000     0.01110222   0.00000000
  0.00194377   0.00000000    -0.01467700   0.00000000     0.01463995   0.00000000
    7    1
  0.04962152   0.00000000    -0.00326626  -0.00000000     0.00326626   0.00000000
 -0.00326626  -0.00000000     0.04962152   0.00000000     0.00326626   0.00000000
  0.00326626   0.00000000     0.00326626   0.00000000     0.04962152   0.00000000
    7    2
  0.00786814   0.00000000     0.01653154   0.00000000    -0.01653154   0.00000000
  0.01653154   0.00000000     0.00786814   0.00000000    -0.01653154   0.00000000
 -0.01653154   0.00000000    -0.01653154   0.00000000     0.00786814   0.00000000
    7    3
  0.00068549   0.00000000    -0.00249688   0.00000000     0.00249688   0.00000000
 -0.00249688   0.00000000     0.00068549   0.00000000     0.00249688   0.00000000
  0.00249688   0.00000000     0.00249688   0.00000000     0.00068549   0.00000000
    7    4
  0.01463995   0.00000000    -0.00194377   0.00000000    -0.01467700   0.00000000
 -0.00194377  -0.00000000     0.01463995  -0.00000000    -0.01467700  -0.00000000
  0.01110222   0.00000000     0.01110222  -0.00000000    -0.02849693   0.00000000
    7    5
 -0.01580626   0.00000000     0.01430956  -0.00000000     0.00596482  -0.00000000
  0.01430956  -0.00000000    -0.01580626   0.00000000     0.00596482  -0.00000000
 -0.01007000   0.00000000    -0.01007000   0.00000000     0.02233846  -0.00000000
    7    6
 -0.01555733   0.00000000    -0.00083992   0.00000000     0.00083992   0.00000000
 -0.00083992   0.00000000    -0.01555733  -0.00000000     0.00083992  -0.00000000
  0.00083992   0.00000000     0.00083992  -0.00000000    -0.01555733  -0.00000000
    7    7
  0.05796612   0.00000000    -0.00573537   0.00000000     0.00573537   0.00000000
 -0.00573537   0.00000000     0.05796612   0.00000000     0.00573537   0.00000000
  0.00573537   0.00000000     0.00573537   0.00000000     0.05796612   0.00000000
    7    8
 -0.02849693   0.00000000    -0.01110222   0.00000000     0.01110222  -0.00000000
  0.01467700   0.00000000     0.01463995  -0.00000000     0.00194377  -0.00000000
 -0.01467700   0.00000000     0.00194377  -0.00000000     0.01463995  -0.00000000
    7    9
  0.02233846   0.00000000     0.01007000   0.00000000    -0.01007000  -0.00000000
 -0.00596482  -0.00000000    -0.01580626  -0.00000000    -0.01430956  -0.00000000
  0.00596482   0.00000000    -0.01430956  -0.00000000    -0.01580626  -0.00000000
    7   10
  0.01463995   0.00000000     0.01467700  -0.00000000     0.00194377   0.00000000
 -0.01110222  -0.00000000    -0.02849693  -0.00000000     0.01110222   0.00000000
  0.00194377   0.00000000    -0.01467700  -0.00000000     0.01463995   0.00000000
    7   11
 -0.01580626  -0.00000000    -0.00596482   0.00000000    -0.01430956  -0.00000000
  0.01007000   0.00000000     0.02233846   0.00000000    -0.01007000   0.00000000
 -0.01430956  -0.00000000     0.00596482   0.00000000    -0.01580626   0.00000000
    8    1
 -0.04234460  -0.00000000     0.02024007   0.00000000    -0.02024007  -0.00000000
  0.00777330   0.00000000     0.03570365   0.00000000    -0.00182100  -0.00000000
 -0.00777330  -0.00000000    -0.00182100  -0.00000000     0.03570365   0.00000000
    8    2
  0.01630865   0.00000000    -0.00216528   0.00000000     0.00216528   0.00000000
 -0.00389287   0.00000000     0.02009543   0.00000000    -0.00315146   0.00000000
  0.00389287   0.00000000    -0.00315146   0.00000000     0.02009543   0.00000000
    8    3
 -0.02616673   0.00000000     0.02258688   0.00000000    -0.02258688   0.00000000
  0.03393500   0.00000000    -0.02442631   0.00000000     0.01157170   0.00000000
 -0.03393500   0.00000000     0.01157170   0.00000000    -0.02442631   0.00000000
    8    4
  0.00509945   0.00000000     0.00863560   0.00000000     0.01767464   0.00000000
 -0.00697486   0.00000000     0.01832196   0.00000000    -0.00863560   0.00000000
  0.03055917   0.00000000     0.00697486   0.00000000     0.00509945   0.00000000
    8    5
  0.00768676  -0.00000000    -0.00385733   0.00000000    -0.01779968   0.00000000
  0.02106659  -0.00000000    -0.04245553   0.00000000     0.00385733  -0.00000000
 -0.02024948   0.00000000    -0.02106659   0.00000000     0.00768676  -0.00000000
    8    6
  0.02233846   0.00000000    -0.00596482   0.00000000     0.00596482   0.00000000
  0.01007000   0.00000000    -0.01580626   0.00000000    -0.01430956   0.00000000
 -0.01007000   0.00000000    -0.01430956   0.00000000    -0.01580626   0.00000000
    8    7
 -0.02849693  -0.00000000     0.01467700  -0.00000000    -0.01467700  -0.00000000
 -0.01110222  -0.00000000     0.01463995   0.00000000     0.00194377   0.00000000
  0.01110222   0.00000000     0.00194377   0.00000000     0.01463995   0.00000000
    8    8
  0.06420382   0.00000000     0.00035750   0.00000000    -0.00035750   0.00000000
  0.00035750   0.00000000     0.08292498   0.00000000    -0.00100578   0.00000000
 -0.00035750   0.00000000    -0.00100578   0.00000000     0.08292498   0.00000000
    8    9
 -0.02358247  -0.00000000     0.00733794   0.00000000    -0.00733794  -0.00000000
  0.00733794   0.00000000    -0.01513893  -0.00000000     0.01653183   0.00000000
 -0.00733794  -0.00000000     0.01653183   0.00000000    -0.01513893  -0.00000000
    8   10
  0.00509945   0.00000000    -0.01767464   0.00000000    -0.00863560   0.00000000
 -0.03055917   0.00000000     0.00509945   0.00000000     0.00697486   0.00000000
  0.00697486   0.00000000    -0.00863560   0.00000000     0.01832196   0.00000000
    8   11
  0.00768676   0.00000000     0.01779968   0.00000000     0.00385733   0.00000000
  0.02024948   0.00000000     0.00768676   0.00000000    -0.02106659   0.00000000
 -0.02106659   0.00000000     0.00385733   0.00000000    -0.04245553   0.00000000
    9    1
  0.04234460   0.00000000    -0.02024007  -0.00000000     0.02024007   0.00000000
 -0.00777330  -0.00000000    -0.03570365  -0.00000000     0.00182100   0.00000000
  0.00777330   0.00000000     0.00182100   0.00000000    -0.03570365  -0.00000000
    9    2
 -0.02616673   0.00000000     0.02258688   0.00000000    -0.02258688   0.00000000
  0.03393500   0.00000000    -0.02442631   0.00000000     0.01157170   0.00000000
 -0.03393500   0.00000000     0.01157170   0.00000000    -0.02442631   0.00000000
    9    3
  0.01630865   0.00000000    -0.00216528   0.00000000     0.00216528   0.00000000
 -0.00389287   0.00000000     0.02009543   0.00000000    -0.00315146   0.00000000
  0.00389287   0.00000000    -0.00315146   0.00000000     0.02009543   0.00000000
    9    4
  0.00768676  -0.00000000    -0.00385733   0.00000000    -0.01779968   0.00000000
  0.02106659  -0.00000000    -0.04245553   0.00000000     0.00385733  -0.00000000
 -0.02024948   0.00000000    -0.02106659   0.00000000     0.00768676  -0.00000000
    9    5
  0.00509945  -0.00000000     0.00863560  -0.00000000     0.01767464  -0.00000000
 -0.00697486   0.00000000     0.01832196  -0.00000000    -0.00863560   0.00000000
  0.03055917  -0.00000000     0.00697486  -0.00000000     0.00509945  -0.00000000
    9    6
 -0.02849693   0.00000000     0.01467700  -0.00000000    -0.01467700   0.00000000
 -0.01110222   0.00000000     0.01463995  -0.00000000     0.00194377  -0.00000000
  0.01110222  -0.00000000     0.00194377  -0.00000000     0.01463995  -0.00000000
    9    7
  0.02233846  -0.00000000    -0.00596482   0.00000000     0.00596482  -0.00000000
  0.01007000  -0.00000000    -0.01580626   0.00000000    -0.01430956   0.00000000
 -0.01007000   0.00000000    -0.01430956   0.00000000    -0.01580626   0.00000000
    9    8
 -0.02358247   0.00000000     0.00733794  -0.00000000    -0.00733794   0.00000000
  0.00733794  -0.00000000    -0.01513893   0.00000000     0.01653183  -0.00000000
 -0.00733794   0.00000000     0.01653183  -0.00000000    -0.01513893   0.00000000
    9    9
  0.06420382   0.00000000     0.00035750   0.00000000    -0.00035750   0.00000000
  0.00035750   0.00000000     0.08292498   0.00000000    -0.00100578   0.00000000
 -0.00035750   0.00000000    -0.00100578   0.00000000     0.08292498   0.00000000
    9   10
  0.00768676  -0.00000000     0.01779968  -0.00000000     0.00385733  -0.00000000
  0.02024948  -0.00000000     0.00768676  -0.00000000    -0.02106659   0.00000000
 -0.02106659   0.00000000     0.00385733  -0.00000000    -0.04245553   0.00000000
    9   11
  0.00509945  -0.00000000    -0.01767464   0.00000000    -0.00863560   0.00000000
 -0.03055917   0.00000000     0.00509945  -0.00000000     0.00697486  -0.00000000
  0.00697486  -0.00000000    -0.00863560   0.00000000     0.01832196  -0.00000000
   10    1
  0.03570365   0.00000000     0.00777330   0.00000000    -0.00182100  -0.00000000
  0.02024007   0.00000000    -0.04234460  -0.00000000    -0.02024007  -0.00000000
 -0.00182100  -0.00000000    -0.00777330  -0.00000000     0.03570365   0.00000000
   10    2
  0.02009543   0.00000000    -0.00389287   0.00000000    -0.00315146   0.00000000
 -0.00216528   0.00000000     0.01630865   0.00000000     0.00216528   0.00000000
 -0.00315146   0.00000000     0.00389287   0.00000000     0.02009543   0.00000000
   10    3
 -0.02442631   0.00000000     0.03393500   0.00000000     0.01157170   0.00000000
  0.02258688   0.00000000    -0.02616673   0.00000000    -0.02258688   0.00000000
  0.01157170   0.00000000    -0.03393500   0.00000000    -0.02442631   0.00000000
   10    4
  0.01832196   0.00000000    -0.00697486   0.00000000    -0.00863560   0.00000000
  0.00863560   0.00000000     0.00509945   0.00000000     0.01767464   0.00000000
  0.00697486   0.00000000     0.03055917   0.00000000     0.00509945   0.00000000
   10    5
 -0.04245553   0.00000000     0.02106659  -0.00000000     0.00385733  -0.00000000
 -0.00385733   0.00000000     0.00768676  -0.00000000    -0.01779968   0.00000000
 -0.02106659   0.00000000    -0.02024948   0.00000000     0.00768676  -0.00000000
   10    6
 -0.01580626   0.00000000     0.01007000   0.00000000    -0.01430956   0.00000000
 -0.00596482   0.00000000     0.02233846   0.00000000     0.00596482   0.00000000
 -0.01430956   0.00000000    -0.01007000   0.00000000    -0.01580626   0.00000000
   10    7
  0.01463995  -0.00000000    -0.01110222   0.00000000     0.00194377  -0.00000000
  0.01467700   0.00000000    -0.02849693   0.00000000    -0.01467700   0.00000000
  0.00194377  -0.00000000     0.01110222  -0.00000000     0.01463995  -0.00000000
   10    8
  0.00509945   0.00000000    -0.03055917   0.00000000     0.00697486   0.00000000
 -0.01767464   0.00000000     0.00509945   0.00000000    -0.00863560   0.00000000
 -0.00863560   0.00000000     0.00697486   0.00000000     0.01832196   0.00000000
   10    9
  0.00768676   0.00000000     0.02024948   0.00000000    -0.02106659  -0.00000000
  0.01779968   0.00000000     0.00768676   0.00000000     0.00385733   0.00000000
  0.00385733   0.00000000    -0.02106659  -0.00000000    -0.04245553  -0.00000000
   10   10
  0.08292498   0.00000000     0.00035750   0.00000000    -0.00100578   0.00000000
  0.00035750   0.00000000     0.06420382   0.00000000    -0.00035750   0.00000000
 -0.00100578   0.00000000    -0.00035750   0.00000000     0.08292498   0.00000000
   10   11
 -0.01513893   0.00000000     0.00733794   0.00000000     0.01653183   0.00000000
  0.00733794   0.00000000    -0.02358247   0.00000000    -0.00733794   0.00000000
  0.01653183   0.00000000    -0.00733794   0.00000000    -0.01513893   0.00000000
   11    1
 -0.03570365  -0.00000000    -0.00777330  -0.00000000     0.00182100   0.00000000
 -0.02024007  -0.00000000     0.04234460   0.00000000     0.02024007   0.00000000
  0.00182100   0.00000000     0.00777330   0.00000000    -0.03570365  -0.00000000
   11    2
 -0.02442631   0.00000000     0.03393500   0.00000000     0.01157170   0.00000000
  0.02258688   0.00000000    -0.02616673   0.00000000    -0.02258688   0.00000000
  0.01157170   0.00000000    -0.03393500   0.00000000    -0.02442631   0.00000000
   11    3
  0.02009543   0.00000000    -0.00389287   0.00000000    -0.00315146   0.00000000
 -0.00216528   0.00000000     0.01630865   0.00000000     0.00216528   0.00000000
 -0.00315146   0.00000000     0.00389287   0.00000000     0.02009543   0.00000000
   11    4
 -0.04245553   0.00000000     0.02106659   0.00000000     0.00385733   0.00000000
 -0.00385733   0.00000000     0.00768676   0.00000000    -0.01779968   0.00000000
 -0.02106659   0.00000000    -0.02024948   0.00000000     0.00768676   0.00000000
   11    5
  0.01832196  -0.00000000    -0.00697486   0.00000000    -0.00863560   0.00000000
  0.00863560  -0.00000000     0.00509945  -0.00000000     0.01767464  -0.00000000
  0.00697486  -0.00000000     0.03055917  -0.00000000     0.00509945  -0.00000000
   11    6
  0.01463995   0.00000000    -0.01110222   0.00000000     0.00194377   0.00000000
  0.01467700   0.00000000    -0.02849693   0.00000000    -0.01467700   0.00000000
  0.00194377   0.00000000     0.01110222   0.00000000     0.01463995   0.00000000
   11    7
 -0.01580626   0.00000000     0.01007000  -0.00000000    -0.01430956   0.00000000
 -0.00596482  -0.00000000     0.02233846  -0.00000000     0.00596482  -0.00000000
 -0.01430956   0.00000000    -0.01007000  -0.00000000    -0.01580626  -0.00000000
   11    8
  0.00768676   0.00000000     0.02024948   0.00000000    -0.02106659   0.00000000
  0.01779968   0.00000000     0.00768676   0.00000000     0.00385733   0.00000000
  0.00385733   0.00000000    -0.02106659   0.00000000    -0.04245553   0.00000000
   11    9
  0.00509945   0.00000000    -0.03055917  -0.00000000     0.00697486   0.00000000
 -0.01767464  -0.00000000     0.00509945   0.00000000    -0.00863560  -0.00000000
 -0.00863560  -0.00000000     0.00697486   0.00000000     0.01832196   0.00000000
   11   10
 -0.01513893   0.00000000     0.00733794   0.00000000     0.01653183   0.00000000
  0.00733794   0.00000000    -0.02358247   0.00000000    -0.00733794   0.00000000
  0.01653183   0.00000000    -0.00733794   0.00000000    -0.01513893   0.00000000
   11   11
  0.08292498   0.00000000     0.00035750   0.00000000    -0.00100578   0.00000000
  0.00035750   0.00000000     0.06420382   0.00000000    -0.00035750   0.00000000
 -0.00100578   0.00000000    -0.00035750   0.00000000     0.08292498   0.00000000

     Dynamical  Matrix in cartesian axes

     q = (   -0.353553391   0.353553391   0.353553391 ) 

    1    1
  0.21699576   0.00000000    -0.06838211   0.00000000    -0.06838211   0.00000000
 -0.06838211   0.00000000     0.21699576   0.00000000     0.06838211   0.00000000
 -0.06838211   0.00000000     0.06838211   0.00000000     0.21699576   0.00000000
    1    2
  0.00932599   0.00000000    -0.03468588  -0.00000000    -0.03468588  -0.00000000
 -0.03468588  -0.00000000     0.00932599   0.00000000     0.03468588   0.00000000
 -0.03468588  -0.00000000     0.03468588   0.00000000     0.00932599   0.00000000
    1    3
 -0.00932599  -0.00000000     0.03468588   0.00000000     0.03468588   0.00000000
  0.03468588   0.00000000    -0.00932599  -0.00000000    -0.03468588  -0.00000000
  0.03468588   0.00000000    -0.03468588  -0.00000000    -0.00932599  -0.00000000
    1    4
 -0.04234460  -0.00000000    -0.00777330  -0.00000000    -0.00777330  -0.00000000
 -0.02024007  -0.00000000     0.03570365   0.00000000     0.00182100   0.00000000
 -0.02024007  -0.00000000     0.00182100   0.00000000     0.03570365   0.00000000
    1    5
  0.04234460   0.00000000     0.00777330   0.00000000     0.00777330   0.00000000
  0.02024007   0.00000000    -0.03570365  -0.00000000    -0.00182100  -0.00000000
  0.02024007   0.00000000    -0.00182100  -0.00000000    -0.03570365  -0.00000000
    1    6
  0.03570365   0.00000000    -0.02024007  -0.00000000    -0.00182100  -0.00000000
 -0.00777330  -0.00000000    -0.04234460  -0.00000000     0.00777330   0.00000000
 -0.00182100  -0.00000000     0.02024007   0.00000000     0.03570365   0.00000000
    1    7
 -0.03570365  -0.00000000     0.02024007   0.00000000     0.00182100   0.00000000
  0.00777330   0.00000000     0.04234460   0.00000000    -0.00777330  -0.00000000
  0.00182100   0.00000000    -0.02024007  -0.00000000    -0.03570365  -0.00000000
    1    8
  0.03570365   0.00000000    -0.00182100  -0.00000000    -0.02024007  -0.00000000
 -0.00182100  -0.00000000     0.03570365   0.00000000     0.02024007   0.00000000
 -0.00777330  -0.00000000     0.00777330   0.00000000    -0.04234460  -0.00000000
    1    9
 -0.03570365  -0.00000000     0.00182100   0.00000000     0.02024007   0.00000000
  0.00182100   0.00000000    -0.03570365  -0.00000000    -0.02024007  -0.00000000
  0.00777330   0.00000000    -0.00777330  -0.00000000     0.04234460   0.00000000
    1   10
 -0.04962152  -0.00000000    -0.00326626  -0.00000000    -0.00326626  -0.00000000
 -0.00326626  -0.00000000    -0.04962152  -0.00000000     0.00326626   0.00000000
 -0.00326626  -0.00000000     0.00326626   0.00000000    -0.04962152  -0.00000000
    1   11
  0.04962152   0.00000000     0.00326626   0.00000000     0.00326626   0.00000000
  0.00326626   0.00000000     0.04962152   0.00000000    -0.00326626  -0.00000000
  0.00326626   0.00000000    -0.00326626  -0.00000000     0.04962152   0.00000000
    2    1
  0.00932599  -0.00000000    -0.03468588   0.00000000    -0.03468588   0.00000000
 -0.03468588   0.00000000     0.00932599  -0.00000000     0.03468588  -0.00000000
 -0.03468588   0.00000000     0.03468588  -0.00000000     0.00932599  -0.00000000
    2    2
  0.08456045   0.00000000     0.00833432   0.00000000     0.00833432   0.00000000
  0.00833432   0.00000000     0.08456045   0.00000000    -0.00833432   0.00000000
  0.00833432   0.00000000    -0.00833432   0.00000000     0.08456045   0.00000000
    2    3
 -0.01013722   0.00000000    -0.00426623   0.00000000    -0.00426623   0.00000000
 -0.00426623   0.00000000    -0.01013722   0.00000000     0.00426623   0.00000000
 -0.00426623   0.00000000     0.00426623   0.00000000    -0.01013722   0.00000000
    2    4
  0.01630865   0.00000000     0.00389287   0.00000000     0.00389287   0.00000000
  0.00216528   0.00000000     0.02009543   0.00000000     0.00315146   0.00000000
  0.00216528   0.00000000     0.00315146   0.00000000     0.02009543   0.00000000
    2    5
 -0.02616673  -0.00000000    -0.03393500  -0.00000000    -0.03393500  -0.00000000
 -0.02258688  -0.00000000    -0.02442631  -0.00000000    -0.01157170  -0.00000000
 -0.02258688  -0.00000000    -0.01157170  -0.00000000    -0.02442631  -0.00000000
    2    6
  0.02009543   0.00000000     0.00216528   0.00000000    -0.00315146   0.00000000
  0.00389287   0.00000000     0.01630865   0.00000000    -0.00389287   0.00000000
 -0.00315146   0.00000000    -0.00216528   0.00000000     0.02009543   0.00000000
    2    7
 -0.02442631   0.00000000    -0.02258688   0.00000000     0.01157170  -0.00000000
 -0.03393500   0.00000000    -0.02616673   0.00000000     0.03393500  -0.00000000
  0.01157170  -0.00000000     0.02258688  -0.00000000    -0.02442631   0.00000000
    2    8
  0.02009543   0.00000000    -0.00315146   0.00000000     0.00216528   0.00000000
 -0.00315146   0.00000000     0.02009543   0.00000000    -0.00216528   0.00000000
  0.00389287   0.00000000    -0.00389287   0.00000000     0.01630865   0.00000000
    2    9
 -0.02442631   0.00000000     0.01157170  -0.00000000    -0.02258688   0.00000000
  0.01157170  -0.00000000    -0.02442631   0.00000000     0.02258688  -0.00000000
 -0.03393500   0.00000000     0.03393500  -0.00000000    -0.02616673   0.00000000
    2   10
  0.00068549   0.00000000     0.00249688   0.00000000     0.00249688   0.00000000
  0.00249688   0.00000000     0.00068549   0.00000000    -0.00249688   0.00000000
  0.00249688   0.00000000    -0.00249688   0.00000000     0.00068549   0.00000000
    2   11
  0.00786814   0.00000000    -0.01653154  -0.00000000    -0.01653154  -0.00000000
 -0.01653154  -0.00000000     0.00786814   0.00000000     0.01653154   0.00000000
 -0.01653154  -0.00000000     0.01653154   0.00000000     0.00786814   0.00000000
    3    1
 -0.00932599   0.00000000     0.03468588  -0.00000000     0.03468588  -0.00000000
  0.03468588  -0.00000000    -0.00932599   0.00000000    -0.03468588   0.00000000
  0.03468588  -0.00000000    -0.03468588   0.00000000    -0.00932599   0.00000000
    3    2
 -0.01013722   0.00000000    -0.00426623   0.00000000    -0.00426623   0.00000000
 -0.00426623   0.00000000    -0.01013722   0.00000000     0.00426623   0.00000000
 -0.00426623   0.00000000     0.00426623   0.00000000    -0.01013722   0.00000000
    3    3
  0.08456045   0.00000000     0.00833432   0.00000000     0.00833432   0.00000000
  0.00833432   0.00000000     0.08456045   0.00000000    -0.00833432   0.00000000
  0.00833432   0.00000000    -0.00833432   0.00000000     0.08456045   0.00000000
    3    4
 -0.02616673   0.00000000    -0.03393500   0.00000000    -0.03393500   0.00000000
 -0.02258688   0.00000000    -0.02442631   0.00000000    -0.01157170   0.00000000
 -0.02258688   0.00000000    -0.01157170   0.00000000    -0.02442631   0.00000000
    3    5
  0.01630865   0.00000000     0.00389287   0.00000000     0.00389287   0.00000000
  0.00216528   0.00000000     0.02009543   0.00000000     0.00315146   0.00000000
  0.00216528   0.00000000     0.00315146   0.00000000     0.02009543   0.00000000
    3    6
 -0.02442631   0.00000000    -0.02258688   0.00000000     0.01157170   0.00000000
 -0.03393500   0.00000000    -0.02616673   0.00000000     0.03393500   0.00000000
  0.01157170   0.00000000     0.02258688   0.00000000    -0.02442631   0.00000000
    3    7
  0.02009543  -0.00000000     0.00216528  -0.00000000    -0.00315146   0.00000000
  0.00389287  -0.00000000     0.01630865  -0.00000000    -0.00389287   0.00000000
 -0.00315146   0.00000000    -0.00216528   0.00000000     0.02009543  -0.00000000
    3    8
 -0.02442631   0.00000000     0.01157170   0.00000000    -0.02258688   0.00000000
  0.01157170   0.00000000    -0.02442631   0.00000000     0.02258688   0.00000000
 -0.03393500   0.00000000     0.03393500   0.00000000    -0.02616673   0.00000000
    3    9
  0.02009543  -0.00000000    -0.00315146   0.00000000     0.00216528  -0.00000000
 -0.00315146   0.00000000     0.02009543  -0.00000000    -0.00216528   0.00000000
  0.00389287  -0.00000000    -0.00389287   0.00000000     0.01630865  -0.00000000
    3   10
  0.00786814   0.00000000    -0.01653154   0.00000000    -0.01653154   0.00000000
 -0.01653154   0.00000000     0.00786814   0.00000000     0.01653154   0.00000000
 -0.01653154   0.00000000     0.01653154   0.00000000     0.00786814   0.00000000
    3   11
  0.00068549   0.00000000     0.00249688   0.00000000     0.00249688   0.00000000
  0.00249688   0.00000000     0.00068549   0.00000000    -0.00249688  -0.00000000
  0.00249688   0.00000000    -0.00249688  -0.00000000     0.00068549   0.00000000
    4    1
 -0.04234460   0.00000000    -0.02024007   0.00000000    -0.02024007   0.00000000
