  2.500000000000000E-002   1.50249443578751        5.66640365351632     
           8

     Dynamical  Matrix in cartesian axes

     q = (    0.235702260   0.235702260  -0.235702260 ) 

    1    1
  0.22795170   0.00000000     0.07149607   0.00000000    -0.07149607   0.00000000
  0.07149607   0.00000000     0.22795170   0.00000000    -0.07149607   0.00000000
 -0.07149607   0.00000000    -0.07149607   0.00000000     0.22795170   0.00000000
    1    2
  0.00043721   0.02775832     0.02842342   0.00040012    -0.02842342  -0.00040012
  0.02842342   0.00040012     0.00043721   0.02775832    -0.02842342  -0.00040012
 -0.02842342  -0.00040012    -0.02842342  -0.00040012     0.00043721   0.02775832
    1    3
 -0.02425802   0.01350052    -0.01455822  -0.02441535     0.01455822   0.02441535
 -0.01455822  -0.02441535    -0.02425802   0.01350052     0.01455822   0.02441535
  0.01455822   0.02441535     0.01455822   0.02441535    -0.02425802   0.01350052
    1    4
  0.03929866   0.02254743     0.01070975  -0.01055291    -0.00838544  -0.00842551
  0.01070975  -0.01055291     0.03929866   0.02254743    -0.00838544  -0.00842551
  0.00250211  -0.02028039     0.00250211  -0.02028039    -0.03026280  -0.01472469
    1    5
 -0.03917597  -0.02275992     0.00378421  -0.01455137     0.01148943   0.00304925
  0.00378421  -0.01455137    -0.03917597  -0.02275992     0.01148943   0.00304925
  0.01631228  -0.01230708     0.01631228  -0.01230708     0.02788335   0.01884601
    1    6
 -0.03216386  -0.00992384     0.00842505   0.00957362    -0.00842505  -0.00957362
  0.00842505   0.00957362    -0.03216386  -0.00992384    -0.00842505  -0.00957362
 -0.00842505  -0.00957362    -0.00842505  -0.00957362    -0.03216386  -0.00992384
    1    7
  0.02467623   0.02289280    -0.01250352  -0.00250950     0.01250352   0.00250950
 -0.01250352  -0.00250950     0.02467623   0.02289280     0.01250352   0.00250950
  0.01250352   0.00250950     0.01250352   0.00250950     0.02467623   0.02289280
    1    8
 -0.03026280  -0.01472469    -0.00250211   0.02028039     0.00250211  -0.02028039
  0.00838544   0.00842551     0.03929866   0.02254743    -0.01070975   0.01055291
 -0.00838544  -0.00842551    -0.01070975   0.01055291     0.03929866   0.02254743
    1    9
  0.02788335   0.01884601    -0.01631228   0.01230708     0.01631228  -0.01230708
 -0.01148943  -0.00304925    -0.03917597  -0.02275992    -0.00378421   0.01455137
  0.01148943   0.00304925    -0.00378421   0.01455137    -0.03917597  -0.02275992
    1   10
  0.03929866   0.02254743     0.00838544   0.00842551    -0.01070975   0.01055291
 -0.00250211   0.02028039    -0.03026280  -0.01472469     0.00250211  -0.02028039
 -0.01070975   0.01055291    -0.00838544  -0.00842551     0.03929866   0.02254743
    1   11
 -0.03917597  -0.02275992    -0.01148943  -0.00304925    -0.00378421   0.01455137
 -0.01631228   0.01230708     0.02788335   0.01884601     0.01631228  -0.01230708
 -0.00378421   0.01455137     0.01148943   0.00304925    -0.03917597  -0.02275992
    2    1
  0.00043721  -0.02775832     0.02842342  -0.00040012    -0.02842342   0.00040012
  0.02842342  -0.00040012     0.00043721  -0.02775832    -0.02842342   0.00040012
 -0.02842342   0.00040012    -0.02842342   0.00040012     0.00043721  -0.02775832
    2    2
  0.07163591  -0.00000000     0.00051815  -0.00000000    -0.00051815   0.00000000
  0.00051815  -0.00000000     0.07163591  -0.00000000    -0.00051815   0.00000000
 -0.00051815   0.00000000    -0.00051815   0.00000000     0.07163591  -0.00000000
    2    3
 -0.00357239   0.00235741    -0.00126244   0.00211039     0.00126244  -0.00211039
 -0.00126244   0.00211039    -0.00357239   0.00235741     0.00126244  -0.00211039
  0.00126244  -0.00211039     0.00126244  -0.00211039    -0.00357239   0.00235741
    2    4
  0.01534299  -0.00577922    -0.00044804  -0.00041889     0.00283441   0.00846084
 -0.00044804  -0.00041889     0.01534299  -0.00577922     0.00283441   0.00846084
 -0.00201006   0.00011942    -0.00201006   0.00011942     0.00856516   0.01157271
    2    5
 -0.01965764   0.00682920    -0.01348362  -0.00205663    -0.01510095  -0.00436868
 -0.01348362  -0.00205663    -0.01965764   0.00682920    -0.01510095  -0.00436868
 -0.02239020   0.00199336    -0.02239020   0.00199336    -0.02158856  -0.00297184
    2    6
  0.00740102  -0.00131736     0.00305580  -0.00546521    -0.00305580   0.00546521
  0.00305580  -0.00546521     0.00740102  -0.00131736    -0.00305580   0.00546521
 -0.00305580   0.00546521    -0.00305580   0.00546521     0.00740102  -0.00131736
    2    7
  0.00468859   0.00883029     0.00783704   0.02507732    -0.00783704  -0.02507732
  0.00783704   0.02507732     0.00468859   0.00883029    -0.00783704  -0.02507732
 -0.00783704  -0.02507732    -0.00783704  -0.02507732     0.00468859   0.00883029
    2    8
  0.00856516   0.01157271     0.00201006  -0.00011942    -0.00201006   0.00011942
 -0.00283441  -0.00846084     0.01534299  -0.00577922     0.00044804   0.00041889
  0.00283441   0.00846084     0.00044804   0.00041889     0.01534299  -0.00577922
    2    9
 -0.02158856  -0.00297184     0.02239020  -0.00199336    -0.02239020   0.00199336
  0.01510095   0.00436868    -0.01965764   0.00682920     0.01348362   0.00205663
 -0.01510095  -0.00436868     0.01348362   0.00205663    -0.01965764   0.00682920
    2   10
  0.01534299  -0.00577922    -0.00283441  -0.00846084     0.00044804   0.00041889
  0.00201006  -0.00011942     0.00856516   0.01157271    -0.00201006   0.00011942
  0.00044804   0.00041889     0.00283441   0.00846084     0.01534299  -0.00577922
    2   11
 -0.01965764   0.00682920     0.01510095   0.00436868     0.01348362   0.00205663
  0.02239020  -0.00199336    -0.02158856  -0.00297184    -0.02239020   0.00199336
  0.01348362   0.00205663    -0.01510095  -0.00436868    -0.01965764   0.00682920
    3    1
 -0.02425802  -0.01350052    -0.01455822   0.02441535     0.01455822  -0.02441535
 -0.01455822   0.02441535    -0.02425802  -0.01350052     0.01455822  -0.02441535
  0.01455822  -0.02441535     0.01455822  -0.02441535    -0.02425802  -0.01350052
    3    2
 -0.00357239  -0.00235741    -0.00126244  -0.00211039     0.00126244   0.00211039
 -0.00126244  -0.00211039    -0.00357239  -0.00235741     0.00126244   0.00211039
  0.00126244   0.00211039     0.00126244   0.00211039    -0.00357239  -0.00235741
    3    3
  0.07163591   0.00000000     0.00051815   0.00000000    -0.00051815  -0.00000000
  0.00051815   0.00000000     0.07163591   0.00000000    -0.00051815  -0.00000000
 -0.00051815  -0.00000000    -0.00051815  -0.00000000     0.07163591   0.00000000
    3    4
 -0.01965764  -0.00682920    -0.01348362   0.00205663    -0.01510095   0.00436868
 -0.01348362   0.00205663    -0.01965764  -0.00682920    -0.01510095   0.00436868
 -0.02239020  -0.00199336    -0.02239020  -0.00199336    -0.02158856   0.00297184
    3    5
  0.01534299   0.00577922    -0.00044804   0.00041889     0.00283441  -0.00846084
 -0.00044804   0.00041889     0.01534299   0.00577922     0.00283441  -0.00846084
 -0.00201006  -0.00011942    -0.00201006  -0.00011942     0.00856516  -0.01157271
    3    6
  0.00468859  -0.00883029     0.00783704  -0.02507732    -0.00783704   0.02507732
  0.00783704  -0.02507732     0.00468859  -0.00883029    -0.00783704   0.02507732
 -0.00783704   0.02507732    -0.00783704   0.02507732     0.00468859  -0.00883029
    3    7
  0.00740102   0.00131736     0.00305580   0.00546521    -0.00305580  -0.00546521
  0.00305580   0.00546521     0.00740102   0.00131736    -0.00305580  -0.00546521
 -0.00305580  -0.00546521    -0.00305580  -0.00546521     0.00740102   0.00131736
    3    8
 -0.02158856   0.00297184     0.02239020   0.00199336    -0.02239020  -0.00199336
  0.01510095  -0.00436868    -0.01965764  -0.00682920     0.01348362  -0.00205663
 -0.01510095   0.00436868     0.01348362  -0.00205663    -0.01965764  -0.00682920
    3    9
  0.00856516  -0.01157271     0.00201006   0.00011942    -0.00201006  -0.00011942
 -0.00283441   0.00846084     0.01534299   0.00577922     0.00044804  -0.00041889
  0.00283441  -0.00846084     0.00044804  -0.00041889     0.01534299   0.00577922
    3   10
 -0.01965764  -0.00682920     0.01510095  -0.00436868     0.01348362  -0.00205663
  0.02239020   0.00199336    -0.02158856   0.00297184    -0.02239020  -0.00199336
  0.01348362  -0.00205663    -0.01510095   0.00436868    -0.01965764  -0.00682920
    3   11
  0.01534299   0.00577922    -0.00283441   0.00846084     0.00044804  -0.00041889
  0.00201006   0.00011942     0.00856516  -0.01157271    -0.00201006  -0.00011942
  0.00044804  -0.00041889     0.00283441  -0.00846084     0.01534299   0.00577922
    4    1
  0.03929866  -0.02254743     0.01070975   0.01055291     0.00250211   0.02028039
  0.01070975   0.01055291     0.03929866  -0.02254743     0.00250211   0.02028039
 -0.00838544   0.00842551    -0.00838544   0.00842551    -0.03026280   0.01472469
    4    2
  0.01534299   0.00577922    -0.00044804   0.00041889    -0.00201006  -0.00011942
 -0.00044804   0.00041889     0.01534299   0.00577922    -0.00201006  -0.00011942
  0.00283441  -0.00846084     0.00283441  -0.00846084     0.00856516  -0.01157271
    4    3
 -0.01965764   0.00682920    -0.01348362  -0.00205663    -0.02239020   0.00199336
 -0.01348362  -0.00205663    -0.01965764   0.00682920    -0.02239020   0.00199336
 -0.01510095  -0.00436868    -0.01510095  -0.00436868    -0.02158856  -0.00297184
    4    4
  0.07830442  -0.00000000     0.00354459  -0.00000000    -0.00501001   0.00372431
  0.00354459  -0.00000000     0.07830442  -0.00000000    -0.00501001   0.00372431
 -0.00501001  -0.00372431    -0.00501001  -0.00372431     0.06114048  -0.00000000
    4    5
 -0.01603384  -0.00233477    -0.00920547  -0.00691161    -0.00560970   0.01274349
 -0.00920547  -0.00691161    -0.01603384  -0.00233477    -0.00560970   0.01274349
 -0.00560970   0.01274349    -0.00560970   0.01274349    -0.01111267   0.00934357
    4    6
 -0.00965585   0.00312084     0.01888335  -0.00206361    -0.01174286  -0.00993086
  0.01888335  -0.00206361    -0.00965585   0.00312084    -0.01174286  -0.00993086
 -0.00170892  -0.00596649    -0.00170892  -0.00596649     0.01186898   0.00575621
    4    7
  0.00512841   0.00367061    -0.00777096   0.00282032     0.01808938  -0.00056201
 -0.00777096   0.00282032     0.00512841   0.00367061     0.01808938  -0.00056201
 -0.00799020   0.00372037    -0.00799020   0.00372037    -0.03500867  -0.00398585
    4    8
  0.00232834  -0.00278655    -0.00218240   0.00545652     0.01913349  -0.00000000
  0.00627974  -0.00594433     0.01775556   0.00000000     0.00218240   0.00545652
  0.01309975   0.00000000    -0.00627974  -0.00594433     0.00232834   0.00278655
    4    9
  0.00709860   0.00010372     0.01304354  -0.00203288    -0.01400394   0.00034474
 -0.00719732  -0.00398685    -0.05277942  -0.00339820    -0.01304354   0.00203288
 -0.01406857   0.01012626     0.00719732   0.00398685     0.00709860   0.00010372
    4   10
  0.01775556  -0.00000000     0.00627974  -0.00594433     0.00218240   0.00545652
 -0.00218240   0.00545652     0.00232834  -0.00278655     0.01913349  -0.00000000
 -0.00627974  -0.00594433     0.01309975  -0.00000000     0.00232834   0.00278655
    4   11
 -0.05277942  -0.00339820    -0.00719732  -0.00398685    -0.01304354   0.00203288
  0.01304354  -0.00203288     0.00709860   0.00010372    -0.01400394   0.00034474
  0.00719732   0.00398685    -0.01406857   0.01012626     0.00709860   0.00010372
    5    1
 -0.03917597   0.02275992     0.00378421   0.01455137     0.01631228   0.01230708
  0.00378421   0.01455137    -0.03917597   0.02275992     0.01631228   0.01230708
  0.01148943  -0.00304925     0.01148943  -0.00304925     0.02788335  -0.01884601
    5    2
 -0.01965764  -0.00682920    -0.01348362   0.00205663    -0.02239020  -0.00199336
 -0.01348362   0.00205663    -0.01965764  -0.00682920    -0.02239020  -0.00199336
 -0.01510095   0.00436868    -0.01510095   0.00436868    -0.02158856   0.00297184
    5    3
  0.01534299  -0.00577922    -0.00044804  -0.00041889    -0.00201006   0.00011942
 -0.00044804  -0.00041889     0.01534299  -0.00577922    -0.00201006   0.00011942
  0.00283441   0.00846084     0.00283441   0.00846084     0.00856516   0.01157271
    5    4
 -0.01603384   0.00233477    -0.00920547   0.00691161    -0.00560970  -0.01274349
 -0.00920547   0.00691161    -0.01603384   0.00233477    -0.00560970  -0.01274349
 -0.00560970  -0.01274349    -0.00560970  -0.01274349    -0.01111267  -0.00934357
    5    5
  0.07830442   0.00000000     0.00354459   0.00000000    -0.00501001  -0.00372431
  0.00354459   0.00000000     0.07830442   0.00000000    -0.00501001  -0.00372431
 -0.00501001   0.00372431    -0.00501001   0.00372431     0.06114048   0.00000000
    5    6
  0.00512841  -0.00367061    -0.00777096  -0.00282032     0.01808938   0.00056201
 -0.00777096  -0.00282032     0.00512841  -0.00367061     0.01808938   0.00056201
 -0.00799020  -0.00372037    -0.00799020  -0.00372037    -0.03500867   0.00398585
    5    7
 -0.00965585  -0.00312084     0.01888335   0.00206361    -0.01174286   0.00993086
  0.01888335   0.00206361    -0.00965585  -0.00312084    -0.01174286   0.00993086
 -0.00170892   0.00596649    -0.00170892   0.00596649     0.01186898  -0.00575621
    5    8
  0.00709860  -0.00010372     0.01304354   0.00203288    -0.01400394  -0.00034474
 -0.00719732   0.00398685    -0.05277942   0.00339820    -0.01304354  -0.00203288
 -0.01406857  -0.01012626     0.00719732  -0.00398685     0.00709860  -0.00010372
    5    9
  0.00232834   0.00278655    -0.00218240  -0.00545652     0.01913349  -0.00000000
  0.00627974   0.00594433     0.01775556  -0.00000000     0.00218240  -0.00545652
  0.01309975  -0.00000000    -0.00627974   0.00594433     0.00232834  -0.00278655
    5   10
 -0.05277942   0.00339820    -0.00719732   0.00398685    -0.01304354  -0.00203288
  0.01304354   0.00203288     0.00709860  -0.00010372    -0.01400394  -0.00034474
  0.00719732  -0.00398685    -0.01406857  -0.01012626     0.00709860  -0.00010372
    5   11
  0.01775556   0.00000000     0.00627974   0.00594433     0.00218240  -0.00545652
 -0.00218240  -0.00545652     0.00232834   0.00278655     0.01913349   0.00000000
 -0.00627974   0.00594433     0.01309975  -0.00000000     0.00232834  -0.00278655
    6    1
 -0.03216386   0.00992384     0.00842505  -0.00957362    -0.00842505   0.00957362
  0.00842505  -0.00957362    -0.03216386   0.00992384    -0.00842505   0.00957362
 -0.00842505   0.00957362    -0.00842505   0.00957362    -0.03216386   0.00992384
    6    2
  0.00740102   0.00131736     0.00305580   0.00546521    -0.00305580  -0.00546521
  0.00305580   0.00546521     0.00740102   0.00131736    -0.00305580  -0.00546521
 -0.00305580  -0.00546521    -0.00305580  -0.00546521     0.00740102   0.00131736
    6    3
  0.00468859   0.00883029     0.00783704   0.02507732    -0.00783704  -0.02507732
  0.00783704   0.02507732     0.00468859   0.00883029    -0.00783704  -0.02507732
 -0.00783704  -0.02507732    -0.00783704  -0.02507732     0.00468859   0.00883029
    6    4
 -0.00965585  -0.00312084     0.01888335   0.00206361    -0.00170892   0.00596649
  0.01888335   0.00206361    -0.00965585  -0.00312084    -0.00170892   0.00596649
 -0.01174286   0.00993086    -0.01174286   0.00993086     0.01186898  -0.00575621
    6    5
  0.00512841   0.00367061    -0.00777096   0.00282032    -0.00799020   0.00372037
 -0.00777096   0.00282032     0.00512841   0.00367061    -0.00799020   0.00372037
  0.01808938  -0.00056201     0.01808938  -0.00056201    -0.03500867  -0.00398585
    6    6
  0.07797830   0.00000000     0.01032598  -0.00000000    -0.01032598   0.00000000
  0.01032598  -0.00000000     0.07797830   0.00000000    -0.01032598   0.00000000
 -0.01032598   0.00000000    -0.01032598   0.00000000     0.07797830   0.00000000
    6    7
 -0.00919029   0.01498090    -0.01852465   0.01011476     0.01852465  -0.01011476
 -0.01852465   0.01011476    -0.00919029   0.01498090     0.01852465  -0.01011476
  0.01852465  -0.01011476     0.01852465  -0.01011476    -0.00919029   0.01498090
    6    8
  0.01186898  -0.00575621     0.01174286  -0.00993086    -0.01174286   0.00993086
  0.00170892  -0.00596649    -0.00965585  -0.00312084    -0.01888335  -0.00206361
 -0.00170892   0.00596649    -0.01888335  -0.00206361    -0.00965585  -0.00312084
    6    9
 -0.03500867  -0.00398585    -0.01808938   0.00056201     0.01808938  -0.00056201
  0.00799020  -0.00372037     0.00512841   0.00367061     0.00777096  -0.00282032
 -0.00799020   0.00372037     0.00777096  -0.00282032     0.00512841   0.00367061
    6   10
 -0.00965585  -0.00312084     0.00170892  -0.00596649    -0.01888335  -0.00206361
  0.01174286  -0.00993086     0.01186898  -0.00575621    -0.01174286   0.00993086
 -0.01888335  -0.00206361    -0.00170892   0.00596649    -0.00965585  -0.00312084
    6   11
  0.00512841   0.00367061     0.00799020  -0.00372037     0.00777096  -0.00282032
 -0.01808938   0.00056201    -0.03500867  -0.00398585     0.01808938  -0.00056201
  0.00777096  -0.00282032    -0.00799020   0.00372037     0.00512841   0.00367061
    7    1
  0.02467623  -0.02289280    -0.01250352   0.00250950     0.01250352  -0.00250950
 -0.01250352   0.00250950     0.02467623  -0.02289280     0.01250352  -0.00250950
  0.01250352  -0.00250950     0.01250352  -0.00250950     0.02467623  -0.02289280
    7    2
  0.00468859  -0.00883029     0.00783704  -0.02507732    -0.00783704   0.02507732
  0.00783704  -0.02507732     0.00468859  -0.00883029    -0.00783704   0.02507732
 -0.00783704   0.02507732    -0.00783704   0.02507732     0.00468859  -0.00883029
    7    3
  0.00740102  -0.00131736     0.00305580  -0.00546521    -0.00305580   0.00546521
  0.00305580  -0.00546521     0.00740102  -0.00131736    -0.00305580   0.00546521
 -0.00305580   0.00546521    -0.00305580   0.00546521     0.00740102  -0.00131736
    7    4
  0.00512841  -0.00367061    -0.00777096  -0.00282032    -0.00799020  -0.00372037
 -0.00777096  -0.00282032     0.00512841  -0.00367061    -0.00799020  -0.00372037
  0.01808938   0.00056201     0.01808938   0.00056201    -0.03500867   0.00398585
    7    5
 -0.00965585   0.00312084     0.01888335  -0.00206361    -0.00170892  -0.00596649
  0.01888335  -0.00206361    -0.00965585   0.00312084    -0.00170892  -0.00596649
 -0.01174286  -0.00993086    -0.01174286  -0.00993086     0.01186898   0.00575621
    7    6
 -0.00919029  -0.01498090    -0.01852465  -0.01011476     0.01852465   0.01011476
 -0.01852465  -0.01011476    -0.00919029  -0.01498090     0.01852465   0.01011476
  0.01852465   0.01011476     0.01852465   0.01011476    -0.00919029  -0.01498090
    7    7
  0.07797830  -0.00000000     0.01032598   0.00000000    -0.01032598  -0.00000000
  0.01032598   0.00000000     0.07797830  -0.00000000    -0.01032598  -0.00000000
 -0.01032598  -0.00000000    -0.01032598  -0.00000000     0.07797830  -0.00000000
    7    8
 -0.03500867   0.00398585    -0.01808938  -0.00056201     0.01808938   0.00056201
  0.00799020   0.00372037     0.00512841  -0.00367061     0.00777096   0.00282032
 -0.00799020  -0.00372037     0.00777096   0.00282032     0.00512841  -0.00367061
    7    9
  0.01186898   0.00575621     0.01174286   0.00993086    -0.01174286  -0.00993086
  0.00170892   0.00596649    -0.00965585   0.00312084    -0.01888335   0.00206361
 -0.00170892  -0.00596649    -0.01888335   0.00206361    -0.00965585   0.00312084
    7   10
  0.00512841  -0.00367061     0.00799020   0.00372037     0.00777096   0.00282032
 -0.01808938  -0.00056201    -0.03500867   0.00398585     0.01808938   0.00056201
  0.00777096   0.00282032    -0.00799020  -0.00372037     0.00512841  -0.00367061
    7   11
 -0.00965585   0.00312084     0.00170892   0.00596649    -0.01888335   0.00206361
  0.01174286   0.00993086     0.01186898   0.00575621    -0.01174286  -0.00993086
 -0.01888335   0.00206361    -0.00170892  -0.00596649    -0.00965585   0.00312084
    8    1
 -0.03026280   0.01472469     0.00838544  -0.00842551    -0.00838544   0.00842551
 -0.00250211  -0.02028039     0.03929866  -0.02254743    -0.01070975  -0.01055291
  0.00250211   0.02028039    -0.01070975  -0.01055291     0.03929866  -0.02254743
    8    2
  0.00856516  -0.01157271    -0.00283441   0.00846084     0.00283441  -0.00846084
  0.00201006   0.00011942     0.01534299   0.00577922     0.00044804  -0.00041889
 -0.00201006  -0.00011942     0.00044804  -0.00041889     0.01534299   0.00577922
    8    3
 -0.02158856  -0.00297184     0.01510095   0.00436868    -0.01510095  -0.00436868
  0.02239020  -0.00199336    -0.01965764   0.00682920     0.01348362   0.00205663
 -0.02239020   0.00199336     0.01348362   0.00205663    -0.01965764   0.00682920
    8    4
  0.00232834   0.00278655     0.00627974   0.00594433     0.01309975   0.00000000
 -0.00218240  -0.00545652     0.01775556   0.00000000    -0.00627974   0.00594433
  0.01913349  -0.00000000     0.00218240  -0.00545652     0.00232834  -0.00278655
    8    5
  0.00709860   0.00010372    -0.00719732  -0.00398685    -0.01406857   0.01012626
  0.01304354  -0.00203288    -0.05277942  -0.00339820     0.00719732   0.00398685
 -0.01400394   0.00034474    -0.01304354   0.00203288     0.00709860   0.00010372
    8    6
  0.01186898   0.00575621     0.00170892   0.00596649    -0.00170892  -0.00596649
  0.01174286   0.00993086    -0.00965585   0.00312084    -0.01888335   0.00206361
 -0.01174286  -0.00993086    -0.01888335   0.00206361    -0.00965585   0.00312084
    8    7
 -0.03500867  -0.00398585     0.00799020  -0.00372037    -0.00799020   0.00372037
 -0.01808938   0.00056201     0.00512841   0.00367061     0.00777096  -0.00282032
  0.01808938  -0.00056201     0.00777096  -0.00282032     0.00512841   0.00367061
    8    8
  0.06114048  -0.00000000     0.00501001   0.00372431    -0.00501001  -0.00372431
  0.00501001  -0.00372431     0.07830442   0.00000000    -0.00354459   0.00000000
 -0.00501001   0.00372431    -0.00354459   0.00000000     0.07830442  -0.00000000
    8    9
 -0.01111267   0.00934357     0.00560970  -0.01274349    -0.00560970   0.01274349
  0.00560970  -0.01274349    -0.01603384  -0.00233477     0.00920547   0.00691161
 -0.00560970   0.01274349     0.00920547   0.00691161    -0.01603384  -0.00233477
    8   10
  0.00232834   0.00278655    -0.01309975   0.00000000    -0.00627974  -0.00594433
 -0.01913349  -0.00000000     0.00232834  -0.00278655     0.00218240  -0.00545652
  0.00218240   0.00545652    -0.00627974   0.00594433     0.01775556  -0.00000000
    8   11
  0.00709860   0.00010372     0.01406857  -0.01012626     0.00719732   0.00398685
  0.01400394  -0.00034474     0.00709860   0.00010372    -0.01304354   0.00203288
 -0.01304354   0.00203288     0.00719732   0.00398685    -0.05277942  -0.00339820
    9    1
  0.02788335  -0.01884601    -0.01148943   0.00304925     0.01148943  -0.00304925
 -0.01631228  -0.01230708    -0.03917597   0.02275992    -0.00378421  -0.01455137
  0.01631228   0.01230708    -0.00378421  -0.01455137    -0.03917597   0.02275992
    9    2
 -0.02158856   0.00297184     0.01510095  -0.00436868    -0.01510095   0.00436868
  0.02239020   0.00199336    -0.01965764  -0.00682920     0.01348362  -0.00205663
 -0.02239020  -0.00199336     0.01348362  -0.00205663    -0.01965764  -0.00682920
    9    3
  0.00856516   0.01157271    -0.00283441  -0.00846084     0.00283441   0.00846084
  0.00201006  -0.00011942     0.01534299  -0.00577922     0.00044804   0.00041889
 -0.00201006   0.00011942     0.00044804   0.00041889     0.01534299  -0.00577922
    9    4
  0.00709860  -0.00010372    -0.00719732   0.00398685    -0.01406857  -0.01012626
  0.01304354   0.00203288    -0.05277942   0.00339820     0.00719732  -0.00398685
 -0.01400394  -0.00034474    -0.01304354  -0.00203288     0.00709860  -0.00010372
    9    5
  0.00232834  -0.00278655     0.00627974  -0.00594433     0.01309975   0.00000000
 -0.00218240   0.00545652     0.01775556   0.00000000    -0.00627974  -0.00594433
  0.01913349   0.00000000     0.00218240   0.00545652     0.00232834   0.00278655
    9    6
 -0.03500867   0.00398585     0.00799020   0.00372037    -0.00799020  -0.00372037
 -0.01808938  -0.00056201     0.00512841  -0.00367061     0.00777096   0.00282032
  0.01808938   0.00056201     0.00777096   0.00282032     0.00512841  -0.00367061
    9    7
  0.01186898  -0.00575621     0.00170892  -0.00596649    -0.00170892   0.00596649
  0.01174286  -0.00993086    -0.00965585  -0.00312084    -0.01888335  -0.00206361
 -0.01174286   0.00993086    -0.01888335  -0.00206361    -0.00965585  -0.00312084
    9    8
 -0.01111267  -0.00934357     0.00560970   0.01274349    -0.00560970  -0.01274349
  0.00560970   0.01274349    -0.01603384   0.00233477     0.00920547  -0.00691161
 -0.00560970  -0.01274349     0.00920547  -0.00691161    -0.01603384   0.00233477
    9    9
  0.06114048   0.00000000     0.00501001  -0.00372431    -0.00501001   0.00372431
  0.00501001   0.00372431     0.07830442  -0.00000000    -0.00354459  -0.00000000
 -0.00501001  -0.00372431    -0.00354459  -0.00000000     0.07830442   0.00000000
    9   10
  0.00709860  -0.00010372     0.01406857   0.01012626     0.00719732  -0.00398685
  0.01400394   0.00034474     0.00709860  -0.00010372    -0.01304354  -0.00203288
 -0.01304354  -0.00203288     0.00719732  -0.00398685    -0.05277942   0.00339820
    9   11
  0.00232834  -0.00278655    -0.01309975  -0.00000000    -0.00627974   0.00594433
 -0.01913349  -0.00000000     0.00232834   0.00278655     0.00218240   0.00545652
  0.00218240  -0.00545652    -0.00627974  -0.00594433     0.01775556   0.00000000
   10    1
  0.03929866  -0.02254743    -0.00250211  -0.02028039    -0.01070975  -0.01055291
  0.00838544  -0.00842551    -0.03026280   0.01472469    -0.00838544   0.00842551
 -0.01070975  -0.01055291     0.00250211   0.02028039     0.03929866  -0.02254743
   10    2
  0.01534299   0.00577922     0.00201006   0.00011942     0.00044804  -0.00041889
 -0.00283441   0.00846084     0.00856516  -0.01157271     0.00283441  -0.00846084
  0.00044804  -0.00041889    -0.00201006  -0.00011942     0.01534299   0.00577922
   10    3
 -0.01965764   0.00682920     0.02239020  -0.00199336     0.01348362   0.00205663
  0.01510095   0.00436868    -0.02158856  -0.00297184    -0.01510095  -0.00436868
  0.01348362   0.00205663    -0.02239020   0.00199336    -0.01965764   0.00682920
   10    4
  0.01775556  -0.00000000    -0.00218240  -0.00545652    -0.00627974   0.00594433
  0.00627974   0.00594433     0.00232834   0.00278655     0.01309975   0.00000000
  0.00218240  -0.00545652     0.01913349   0.00000000     0.00232834  -0.00278655
   10    5
 -0.05277942  -0.00339820     0.01304354  -0.00203288     0.00719732   0.00398685
 -0.00719732  -0.00398685     0.00709860   0.00010372    -0.01406857   0.01012626
 -0.01304354   0.00203288    -0.01400394   0.00034474     0.00709860   0.00010372
   10    6
 -0.00965585   0.00312084     0.01174286   0.00993086    -0.01888335   0.00206361
  0.00170892   0.00596649     0.01186898   0.00575621    -0.00170892  -0.00596649
 -0.01888335   0.00206361    -0.01174286  -0.00993086    -0.00965585   0.00312084
   10    7
  0.00512841   0.00367061    -0.01808938   0.00056201     0.00777096  -0.00282032
  0.00799020  -0.00372037    -0.03500867  -0.00398585    -0.00799020   0.00372037
  0.00777096  -0.00282032     0.01808938  -0.00056201     0.00512841   0.00367061
   10    8
  0.00232834  -0.00278655    -0.01913349  -0.00000000     0.00218240  -0.00545652
 -0.01309975   0.00000000     0.00232834   0.00278655    -0.00627974  -0.00594433
 -0.00627974   0.00594433     0.00218240   0.00545652     0.01775556   0.00000000
   10    9
  0.00709860   0.00010372     0.01400394  -0.00034474    -0.01304354   0.00203288
  0.01406857  -0.01012626     0.00709860   0.00010372     0.00719732   0.00398685
  0.00719732   0.00398685    -0.01304354   0.00203288    -0.05277942  -0.00339820
   10   10
  0.07830442   0.00000000     0.00501001  -0.00372431    -0.00354459   0.00000000
  0.00501001   0.00372431     0.06114048   0.00000000    -0.00501001  -0.00372431
 -0.00354459   0.00000000    -0.00501001   0.00372431     0.07830442   0.00000000
   10   11
 -0.01603384  -0.00233477     0.00560970  -0.01274349     0.00920547   0.00691161
  0.00560970  -0.01274349    -0.01111267   0.00934357    -0.00560970   0.01274349
  0.00920547   0.00691161    -0.00560970   0.01274349    -0.01603384  -0.00233477
   11    1
 -0.03917597   0.02275992    -0.01631228  -0.01230708    -0.00378421  -0.01455137
 -0.01148943   0.00304925     0.02788335  -0.01884601     0.01148943  -0.00304925
 -0.00378421  -0.01455137     0.01631228   0.01230708    -0.03917597   0.02275992
   11    2
 -0.01965764  -0.00682920     0.02239020   0.00199336     0.01348362  -0.00205663
  0.01510095  -0.00436868    -0.02158856   0.00297184    -0.01510095   0.00436868
  0.01348362  -0.00205663    -0.02239020  -0.00199336    -0.01965764  -0.00682920
   11    3
  0.01534299  -0.00577922     0.00201006  -0.00011942     0.00044804   0.00041889
 -0.00283441  -0.00846084     0.00856516   0.01157271     0.00283441   0.00846084
  0.00044804   0.00041889    -0.00201006   0.00011942     0.01534299  -0.00577922
   11    4
 -0.05277942   0.00339820     0.01304354   0.00203288     0.00719732  -0.00398685
 -0.00719732   0.00398685     0.00709860  -0.00010372    -0.01406857  -0.01012626
 -0.01304354  -0.00203288    -0.01400394  -0.00034474     0.00709860  -0.00010372
   11    5
  0.01775556   0.00000000    -0.00218240   0.00545652    -0.00627974  -0.00594433
  0.00627974  -0.00594433     0.00232834  -0.00278655     0.01309975   0.00000000
  0.00218240   0.00545652     0.01913349   0.00000000     0.00232834   0.00278655
   11    6
  0.00512841  -0.00367061    -0.01808938  -0.00056201     0.00777096   0.00282032
  0.00799020   0.00372037    -0.03500867   0.00398585    -0.00799020  -0.00372037
  0.00777096   0.00282032     0.01808938   0.00056201     0.00512841  -0.00367061
   11    7
 -0.00965585  -0.00312084     0.01174286  -0.00993086    -0.01888335  -0.00206361
  0.00170892  -0.00596649     0.01186898  -0.00575621    -0.00170892   0.00596649
 -0.01888335  -0.00206361    -0.01174286   0.00993086    -0.00965585  -0.00312084
   11    8
  0.00709860  -0.00010372     0.01400394   0.00034474    -0.01304354  -0.00203288
  0.01406857   0.01012626     0.00709860  -0.00010372     0.00719732  -0.00398685
  0.00719732  -0.00398685    -0.01304354  -0.00203288    -0.05277942   0.00339820
   11    9
  0.00232834   0.00278655    -0.01913349   0.00000000     0.00218240   0.00545652
 -0.01309975   0.00000000     0.00232834  -0.00278655    -0.00627974   0.00594433
 -0.00627974  -0.00594433     0.00218240  -0.00545652     0.01775556  -0.00000000
   11   10
 -0.01603384   0.00233477     0.00560970   0.01274349     0.00920547  -0.00691161
  0.00560970   0.01274349    -0.01111267  -0.00934357    -0.00560970  -0.01274349
  0.00920547  -0.00691161    -0.00560970  -0.01274349    -0.01603384   0.00233477
   11   11
  0.07830442  -0.00000000     0.00501001   0.00372431    -0.00354459  -0.00000000
  0.00501001  -0.00372431     0.06114048  -0.00000000    -0.00501001   0.00372431
 -0.00354459  -0.00000000    -0.00501001  -0.00372431     0.07830442  -0.00000000

     Dynamical  Matrix in cartesian axes

     q = (    0.235702260  -0.235702260  -0.235702260 ) 

    1    1
  0.22795170   0.00000000    -0.07149607   0.00000000    -0.07149607   0.00000000
 -0.07149607   0.00000000     0.22795170   0.00000000     0.07149607   0.00000000
 -0.07149607   0.00000000     0.07149607   0.00000000     0.22795170   0.00000000
    1    2
  0.00043721  -0.02775832    -0.02842342   0.00040012    -0.02842342   0.00040012
 -0.02842342   0.00040012     0.00043721  -0.02775832     0.02842342  -0.00040012
 -0.02842342   0.00040012     0.02842342  -0.00040012     0.00043721  -0.02775832
    1    3
 -0.02425802  -0.01350052     0.01455822  -0.02441535     0.01455822  -0.02441535
  0.01455822  -0.02441535    -0.02425802  -0.01350052    -0.01455822   0.02441535
  0.01455822  -0.02441535    -0.01455822   0.02441535    -0.02425802  -0.01350052
    1    4
 -0.03026280   0.01472469     0.00250211   0.02028039     0.00250211   0.02028039
 -0.00838544   0.00842551     0.03929866  -0.02254743     0.01070975   0.01055291
 -0.00838544   0.00842551     0.01070975   0.01055291     0.03929866  -0.02254743
    1    5
  0.02788335  -0.01884601     0.01631228   0.01230708     0.01631228   0.01230708
  0.01148943  -0.00304925    -0.03917597   0.02275992     0.00378421   0.01455137
  0.01148943  -0.00304925     0.00378421   0.01455137    -0.03917597   0.02275992
    1    6
  0.03929866  -0.02254743    -0.00838544   0.00842551    -0.01070975  -0.01055291
  0.00250211   0.02028039    -0.03026280   0.01472469    -0.00250211  -0.02028039
 -0.01070975  -0.01055291     0.00838544  -0.00842551     0.03929866  -0.02254743
    1    7
 -0.03917597   0.02275992     0.01148943  -0.00304925    -0.00378421  -0.01455137
  0.01631228   0.01230708     0.02788335  -0.01884601    -0.01631228  -0.01230708
 -0.00378421  -0.01455137    -0.01148943   0.00304925    -0.03917597   0.02275992
    1    8
  0.03929866  -0.02254743    -0.01070975  -0.01055291    -0.00838544   0.00842551
 -0.01070975  -0.01055291     0.03929866  -0.02254743     0.00838544  -0.00842551
  0.00250211   0.02028039    -0.00250211  -0.02028039    -0.03026280   0.01472469
    1    9
 -0.03917597   0.02275992    -0.00378421  -0.01455137     0.01148943  -0.00304925
 -0.00378421  -0.01455137    -0.03917597   0.02275992    -0.01148943   0.00304925
  0.01631228   0.01230708    -0.01631228  -0.01230708     0.02788335  -0.01884601
    1   10
 -0.03216386   0.00992384    -0.00842505   0.00957362    -0.00842505   0.00957362
 -0.00842505   0.00957362    -0.03216386   0.00992384     0.00842505  -0.00957362
 -0.00842505   0.00957362     0.00842505  -0.00957362    -0.03216386   0.00992384
    1   11
  0.02467623  -0.02289280     0.01250352  -0.00250950     0.01250352  -0.00250950
  0.01250352  -0.00250950     0.02467623  -0.02289280    -0.01250352   0.00250950
  0.01250352  -0.00250950    -0.01250352   0.00250950     0.02467623  -0.02289280
    2    1
  0.00043721   0.02775832    -0.02842342  -0.00040012    -0.02842342  -0.00040012
 -0.02842342  -0.00040012     0.00043721   0.02775832     0.02842342   0.00040012
 -0.02842342  -0.00040012     0.02842342   0.00040012     0.00043721   0.02775832
    2    2
  0.07163591   0.00000000    -0.00051815  -0.00000000    -0.00051815  -0.00000000
 -0.00051815  -0.00000000     0.07163591   0.00000000     0.00051815   0.00000000
 -0.00051815  -0.00000000     0.00051815   0.00000000     0.07163591   0.00000000
    2    3
 -0.00357239  -0.00235741     0.00126244   0.00211039     0.00126244   0.00211039
  0.00126244   0.00211039    -0.00357239  -0.00235741    -0.00126244  -0.00211039
  0.00126244   0.00211039    -0.00126244  -0.00211039    -0.00357239  -0.00235741
    2    4
  0.00856516  -0.01157271    -0.00201006  -0.00011942    -0.00201006  -0.00011942
  0.00283441  -0.00846084     0.01534299   0.00577922    -0.00044804   0.00041889
  0.00283441  -0.00846084    -0.00044804   0.00041889     0.01534299   0.00577922
    2    5
 -0.02158856   0.00297184    -0.02239020  -0.00199336    -0.02239020  -0.00199336
 -0.01510095   0.00436868    -0.01965764  -0.00682920    -0.01348362   0.00205663
 -0.01510095   0.00436868    -0.01348362   0.00205663    -0.01965764  -0.00682920
    2    6
  0.01534299   0.00577922     0.00283441  -0.00846084     0.00044804  -0.00041889
 -0.00201006  -0.00011942     0.00856516  -0.01157271     0.00201006   0.00011942
  0.00044804  -0.00041889    -0.00283441   0.00846084     0.01534299   0.00577922
    2    7
 -0.01965764  -0.00682920    -0.01510095   0.00436868     0.01348362  -0.00205663
 -0.02239020  -0.00199336    -0.02158856   0.00297184     0.02239020   0.00199336
  0.01348362  -0.00205663     0.01510095  -0.00436868    -0.01965764  -0.00682920
    2    8
  0.01534299   0.00577922     0.00044804  -0.00041889     0.00283441  -0.00846084
  0.00044804  -0.00041889     0.01534299   0.00577922    -0.00283441   0.00846084
 -0.00201006  -0.00011942     0.00201006   0.00011942     0.00856516  -0.01157271
    2    9
 -0.01965764  -0.00682920     0.01348362  -0.00205663    -0.01510095   0.00436868
  0.01348362  -0.00205663    -0.01965764  -0.00682920     0.01510095  -0.00436868
 -0.02239020  -0.00199336     0.02239020   0.00199336    -0.02158856   0.00297184
    2   10
  0.00740102   0.00131736    -0.00305580  -0.00546521    -0.00305580  -0.00546521
 -0.00305580  -0.00546521     0.00740102   0.00131736     0.00305580   0.00546521
 -0.00305580  -0.00546521     0.00305580   0.00546521     0.00740102   0.00131736
    2   11
  0.00468859  -0.00883029    -0.00783704   0.02507732    -0.00783704   0.02507732
 -0.00783704   0.02507732     0.00468859  -0.00883029     0.00783704  -0.02507732
 -0.00783704   0.02507732     0.00783704  -0.02507732     0.00468859  -0.00883029
    3    1
 -0.02425802   0.01350052     0.01455822   0.02441535     0.01455822   0.02441535
  0.01455822   0.02441535    -0.02425802   0.01350052    -0.01455822  -0.02441535
  0.01455822   0.02441535    -0.01455822  -0.02441535    -0.02425802   0.01350052
    3    2
 -0.00357239   0.00235741     0.00126244  -0.00211039     0.00126244  -0.00211039
  0.00126244  -0.00211039    -0.00357239   0.00235741    -0.00126244   0.00211039
  0.00126244  -0.00211039    -0.00126244   0.00211039    -0.00357239   0.00235741
    3    3
  0.07163591  -0.00000000    -0.00051815   0.00000000    -0.00051815   0.00000000
 -0.00051815   0.00000000     0.07163591  -0.00000000     0.00051815  -0.00000000
 -0.00051815   0.00000000     0.00051815  -0.00000000     0.07163591  -0.00000000
    3    4
 -0.02158856  -0.00297184    -0.02239020   0.00199336    -0.02239020   0.00199336
 -0.01510095  -0.00436868    -0.01965764   0.00682920    -0.01348362  -0.00205663
 -0.01510095  -0.00436868    -0.01348362  -0.00205663    -0.01965764   0.00682920
    3    5
  0.00856516   0.01157271    -0.00201006   0.00011942    -0.00201006   0.00011942
  0.00283441   0.00846084     0.01534299  -0.00577922    -0.00044804  -0.00041889
  0.00283441   0.00846084    -0.00044804  -0.00041889     0.01534299  -0.00577922
    3    6
 -0.01965764   0.00682920    -0.01510095  -0.00436868     0.01348362   0.00205663
 -0.02239020   0.00199336    -0.02158856  -0.00297184     0.02239020  -0.00199336
  0.01348362   0.00205663     0.01510095   0.00436868    -0.01965764   0.00682920
    3    7
  0.01534299  -0.00577922     0.00283441   0.00846084     0.00044804   0.00041889
 -0.00201006   0.00011942     0.00856516   0.01157271     0.00201006  -0.00011942
  0.00044804   0.00041889    -0.00283441  -0.00846084     0.01534299  -0.00577922
    3    8
 -0.01965764   0.00682920     0.01348362   0.00205663    -0.01510095  -0.00436868
  0.01348362   0.00205663    -0.01965764   0.00682920     0.01510095   0.00436868
 -0.02239020   0.00199336     0.02239020  -0.00199336    -0.02158856  -0.00297184
    3    9
  0.01534299  -0.00577922     0.00044804   0.00041889     0.00283441   0.00846084
  0.00044804   0.00041889     0.01534299  -0.00577922    -0.00283441  -0.00846084
 -0.00201006   0.00011942     0.00201006  -0.00011942     0.00856516   0.01157271
    3   10
  0.00468859   0.00883029    -0.00783704  -0.02507732    -0.00783704  -0.02507732
 -0.00783704  -0.02507732     0.00468859   0.00883029     0.00783704   0.02507732
 -0.00783704  -0.02507732     0.00783704   0.02507732     0.00468859   0.00883029
    3   11
  0.00740102  -0.00131736    -0.00305580   0.00546521    -0.00305580   0.00546521
 -0.00305580   0.00546521     0.00740102  -0.00131736     0.00305580  -0.00546521
 -0.00305580   0.00546521     0.00305580  -0.00546521     0.00740102  -0.00131736
    4    1
 -0.03026280  -0.01472469    -0.00838544  -0.00842551    -0.00838544  -0.00842551
