  1.500000000000000E-002   1.50252848524039        5.64359138813530     
           3

     Dynamical  Matrix in cartesian axes

     q = (   -0.707106781   0.000000000   0.000000000 ) 

    1    1
  0.22320066   0.00000000     0.00000000   0.00000000     0.00000000   0.00000000
  0.00000000   0.00000000     0.21548585   0.00000000    -0.00000000   0.00000000
  0.00000000   0.00000000    -0.00000000   0.00000000     0.21548585   0.00000000
    1    2
 -0.00000000  -0.00000000     0.00000000   0.00000000     0.00000000  -0.00000000
  0.00000000   0.00000000    -0.00000000  -0.00000000    -0.01352921   0.00000000
  0.00000000   0.00000000    -0.01352921   0.00000000    -0.00000000  -0.00000000
    1    3
 -0.00000000   0.00000000    -0.00000000   0.00000000    -0.00000000   0.00000000
 -0.00000000   0.00000000     0.00000000   0.00000000    -0.01352921   0.00000000
  0.00000000   0.00000000    -0.01352921   0.00000000     0.00000000   0.00000000
    1    4
 -0.02607615  -0.00000000     0.01108485   0.00000000     0.01108485   0.00000000
  0.00273538   0.00000000     0.01389149   0.00000000    -0.00518597  -0.00000000
  0.00273538   0.00000000    -0.00518597  -0.00000000     0.01389149   0.00000000
    1    5
 -0.02607615   0.00000000     0.01108485  -0.00000000     0.01108485  -0.00000000
  0.00273538  -0.00000000     0.01389149  -0.00000000    -0.00518597   0.00000000
  0.00273538  -0.00000000    -0.00518597   0.00000000     0.01389149  -0.00000000
    1    6
 -0.02607615  -0.00000000     0.01108485   0.00000000    -0.01108485  -0.00000000
  0.00273538   0.00000000     0.01389149   0.00000000     0.00518597   0.00000000
 -0.00273538  -0.00000000     0.00518597   0.00000000     0.01389149   0.00000000
    1    7
 -0.02607615   0.00000000     0.01108485  -0.00000000    -0.01108485   0.00000000
  0.00273538  -0.00000000     0.01389149  -0.00000000     0.00518597  -0.00000000
 -0.00273538   0.00000000     0.00518597  -0.00000000     0.01389149  -0.00000000
    1    8
 -0.02607615  -0.00000000    -0.01108485  -0.00000000     0.01108485   0.00000000
 -0.00273538  -0.00000000     0.01389149   0.00000000     0.00518597   0.00000000
  0.00273538   0.00000000     0.00518597   0.00000000     0.01389149   0.00000000
    1    9
 -0.02607615   0.00000000    -0.01108485   0.00000000     0.01108485  -0.00000000
 -0.00273538   0.00000000     0.01389149  -0.00000000     0.00518597  -0.00000000
  0.00273538  -0.00000000     0.00518597  -0.00000000     0.01389149  -0.00000000
    1   10
 -0.02607615  -0.00000000    -0.01108485  -0.00000000    -0.01108485  -0.00000000
 -0.00273538  -0.00000000     0.01389149   0.00000000    -0.00518597  -0.00000000
 -0.00273538  -0.00000000    -0.00518597  -0.00000000     0.01389149   0.00000000
    1   11
 -0.02607615   0.00000000    -0.01108485   0.00000000    -0.01108485   0.00000000
 -0.00273538   0.00000000     0.01389149  -0.00000000    -0.00518597   0.00000000
 -0.00273538   0.00000000    -0.00518597   0.00000000     0.01389149  -0.00000000
    2    1
 -0.00000000   0.00000000     0.00000000   0.00000000     0.00000000  -0.00000000
  0.00000000  -0.00000000     0.00000000   0.00000000    -0.01352921  -0.00000000
  0.00000000   0.00000000    -0.01352921  -0.00000000     0.00000000   0.00000000
    2    2
  0.13494558   0.00000000     0.00000000   0.00000000    -0.00000000   0.00000000
 -0.00000000   0.00000000     0.05032382   0.00000000    -0.00000000   0.00000000
  0.00000000   0.00000000    -0.00000000   0.00000000     0.05032382   0.00000000
    2    3
 -0.11799815   0.00000000     0.00000000   0.00000000    -0.00000000  -0.00000000
 -0.00000000   0.00000000    -0.01351366   0.00000000    -0.00000000   0.00000000
  0.00000000  -0.00000000    -0.00000000   0.00000000    -0.01351366   0.00000000
    2    4
 -0.04750513  -0.00000000     0.04782924   0.00000000     0.04782924   0.00000000
  0.00013556   0.00000000     0.00174842   0.00000000     0.01418111   0.00000000
  0.00013556   0.00000000     0.01418111   0.00000000     0.00174842   0.00000000
    2    5
  0.04861172  -0.00000000    -0.05113054   0.00000000    -0.05113054   0.00000000
 -0.01683342   0.00000000    -0.01380577   0.00000000    -0.01829644   0.00000000
 -0.01683342   0.00000000    -0.01829644   0.00000000    -0.01380577   0.00000000
    2    6
  0.04750513   0.00000000    -0.04782924  -0.00000000     0.04782924   0.00000000
 -0.00013556   0.00000000    -0.00174842  -0.00000000     0.01418111   0.00000000
  0.00013556  -0.00000000     0.01418111   0.00000000    -0.00174842  -0.00000000
    2    7
 -0.04861172   0.00000000     0.05113054  -0.00000000    -0.05113054   0.00000000
  0.01683342  -0.00000000     0.01380577  -0.00000000    -0.01829644   0.00000000
 -0.01683342   0.00000000    -0.01829644   0.00000000     0.01380577  -0.00000000
    2    8
  0.04750513   0.00000000     0.04782924   0.00000000    -0.04782924  -0.00000000
  0.00013556  -0.00000000    -0.00174842  -0.00000000     0.01418111   0.00000000
 -0.00013556   0.00000000     0.01418111   0.00000000    -0.00174842  -0.00000000
    2    9
 -0.04861172   0.00000000    -0.05113054   0.00000000     0.05113054  -0.00000000
 -0.01683342   0.00000000     0.01380577  -0.00000000    -0.01829644   0.00000000
  0.01683342  -0.00000000    -0.01829644   0.00000000     0.01380577  -0.00000000
    2   10
 -0.04750513  -0.00000000    -0.04782924  -0.00000000    -0.04782924  -0.00000000
 -0.00013556  -0.00000000     0.00174842   0.00000000     0.01418111   0.00000000
 -0.00013556  -0.00000000     0.01418111   0.00000000     0.00174842   0.00000000
    2   11
  0.04861172  -0.00000000     0.05113054  -0.00000000     0.05113054  -0.00000000
  0.01683342  -0.00000000    -0.01380577   0.00000000    -0.01829644   0.00000000
  0.01683342  -0.00000000    -0.01829644   0.00000000    -0.01380577   0.00000000
    3    1
  0.00000000  -0.00000000    -0.00000000  -0.00000000    -0.00000000  -0.00000000
 -0.00000000  -0.00000000     0.00000000  -0.00000000    -0.01352921  -0.00000000
 -0.00000000  -0.00000000    -0.01352921  -0.00000000     0.00000000  -0.00000000
    3    2
 -0.11799815  -0.00000000    -0.00000000  -0.00000000     0.00000000   0.00000000
  0.00000000  -0.00000000    -0.01351366  -0.00000000    -0.00000000  -0.00000000
 -0.00000000   0.00000000    -0.00000000  -0.00000000    -0.01351366  -0.00000000
    3    3
  0.13494558   0.00000000     0.00000000   0.00000000     0.00000000   0.00000000
  0.00000000   0.00000000     0.05032382   0.00000000     0.00000000   0.00000000
  0.00000000   0.00000000     0.00000000   0.00000000     0.05032382   0.00000000
    3    4
  0.04861172   0.00000000    -0.05113054  -0.00000000    -0.05113054  -0.00000000
 -0.01683342  -0.00000000    -0.01380577  -0.00000000    -0.01829644  -0.00000000
 -0.01683342  -0.00000000    -0.01829644  -0.00000000    -0.01380577  -0.00000000
    3    5
 -0.04750513   0.00000000     0.04782924  -0.00000000     0.04782924  -0.00000000
  0.00013556  -0.00000000     0.00174842  -0.00000000     0.01418111  -0.00000000
  0.00013556  -0.00000000     0.01418111  -0.00000000     0.00174842  -0.00000000
    3    6
 -0.04861172  -0.00000000     0.05113054   0.00000000    -0.05113054  -0.00000000
  0.01683342   0.00000000     0.01380577   0.00000000    -0.01829644  -0.00000000
 -0.01683342  -0.00000000    -0.01829644  -0.00000000     0.01380577   0.00000000
    3    7
  0.04750513  -0.00000000    -0.04782924   0.00000000     0.04782924  -0.00000000
 -0.00013556  -0.00000000    -0.00174842   0.00000000     0.01418111  -0.00000000
  0.00013556   0.00000000     0.01418111  -0.00000000    -0.00174842   0.00000000
    3    8
 -0.04861172  -0.00000000    -0.05113054  -0.00000000     0.05113054   0.00000000
 -0.01683342  -0.00000000     0.01380577   0.00000000    -0.01829644  -0.00000000
  0.01683342   0.00000000    -0.01829644  -0.00000000     0.01380577   0.00000000
    3    9
  0.04750513  -0.00000000     0.04782924  -0.00000000    -0.04782924   0.00000000
  0.00013556   0.00000000    -0.00174842   0.00000000     0.01418111  -0.00000000
 -0.00013556  -0.00000000     0.01418111  -0.00000000    -0.00174842   0.00000000
    3   10
  0.04861172   0.00000000     0.05113054   0.00000000     0.05113054   0.00000000
  0.01683342   0.00000000    -0.01380577  -0.00000000    -0.01829644  -0.00000000
  0.01683342   0.00000000    -0.01829644  -0.00000000    -0.01380577  -0.00000000
    3   11
 -0.04750513   0.00000000    -0.04782924   0.00000000    -0.04782924   0.00000000
 -0.00013556   0.00000000     0.00174842  -0.00000000     0.01418111  -0.00000000
 -0.00013556   0.00000000     0.01418111  -0.00000000     0.00174842  -0.00000000
    4    1
 -0.02607615   0.00000000     0.00273538  -0.00000000     0.00273538  -0.00000000
  0.01108485  -0.00000000     0.01389149  -0.00000000    -0.00518597   0.00000000
  0.01108485  -0.00000000    -0.00518597   0.00000000     0.01389149  -0.00000000
    4    2
 -0.04750513   0.00000000     0.00013556  -0.00000000     0.00013556  -0.00000000
  0.04782924  -0.00000000     0.00174842  -0.00000000     0.01418111  -0.00000000
  0.04782924  -0.00000000     0.01418111  -0.00000000     0.00174842  -0.00000000
    4    3
  0.04861172  -0.00000000    -0.01683342   0.00000000    -0.01683342   0.00000000
 -0.05113054   0.00000000    -0.01380577   0.00000000    -0.01829644   0.00000000
 -0.05113054   0.00000000    -0.01829644   0.00000000    -0.01380577   0.00000000
    4    4
  0.09034041   0.00000000    -0.02453346   0.00000000    -0.02453346   0.00000000
 -0.02453346   0.00000000     0.09153379   0.00000000     0.03175614   0.00000000
 -0.02453346   0.00000000     0.03175614   0.00000000     0.09153379   0.00000000
    4    5
 -0.04179417   0.00000000     0.02175064  -0.00000000     0.02175064  -0.00000000
  0.02175064  -0.00000000    -0.04721664   0.00000000    -0.04915099   0.00000000
  0.02175064  -0.00000000    -0.04915099   0.00000000    -0.04721664   0.00000000
    4    6
 -0.02837861  -0.00000000     0.03175658   0.00000000    -0.02860488  -0.00000000
  0.03175658   0.00000000    -0.00371191  -0.00000000     0.00668767   0.00000000
  0.02860488   0.00000000    -0.00668767  -0.00000000     0.02246043   0.00000000
    4    7
  0.03346571  -0.00000000    -0.03455207   0.00000000     0.03021966  -0.00000000
 -0.03455207   0.00000000     0.00700190  -0.00000000     0.00070037  -0.00000000
 -0.03021966   0.00000000    -0.00070037   0.00000000    -0.04438712   0.00000000
    4    8
 -0.02837861  -0.00000000    -0.02860488  -0.00000000     0.03175658   0.00000000
  0.02860488   0.00000000     0.02246043   0.00000000    -0.00668767  -0.00000000
  0.03175658   0.00000000     0.00668767   0.00000000    -0.00371191  -0.00000000
    4    9
  0.03346571  -0.00000000     0.03021966  -0.00000000    -0.03455207   0.00000000
 -0.03021966   0.00000000    -0.04438712   0.00000000    -0.00070037   0.00000000
 -0.03455207   0.00000000     0.00070037  -0.00000000     0.00700190  -0.00000000
    4   10
  0.04162598   0.00000000     0.03543815   0.00000000     0.03543815   0.00000000
 -0.03543815   0.00000000    -0.03275861   0.00000000    -0.00626553   0.00000000
 -0.03543815   0.00000000    -0.00626553   0.00000000    -0.03275861   0.00000000
    4   11
 -0.07025893   0.00000000    -0.03261577   0.00000000    -0.03261577   0.00000000
  0.03261577  -0.00000000     0.02588346  -0.00000000     0.02399155  -0.00000000
  0.03261577  -0.00000000     0.02399155  -0.00000000     0.02588346  -0.00000000
    5    1
 -0.02607615  -0.00000000     0.00273538   0.00000000     0.00273538   0.00000000
  0.01108485   0.00000000     0.01389149   0.00000000    -0.00518597  -0.00000000
  0.01108485   0.00000000    -0.00518597  -0.00000000     0.01389149   0.00000000
    5    2
  0.04861172   0.00000000    -0.01683342  -0.00000000    -0.01683342  -0.00000000
 -0.05113054  -0.00000000    -0.01380577  -0.00000000    -0.01829644  -0.00000000
 -0.05113054  -0.00000000    -0.01829644  -0.00000000    -0.01380577  -0.00000000
    5    3
 -0.04750513  -0.00000000     0.00013556   0.00000000     0.00013556   0.00000000
  0.04782924   0.00000000     0.00174842   0.00000000     0.01418111   0.00000000
  0.04782924   0.00000000     0.01418111   0.00000000     0.00174842   0.00000000
    5    4
 -0.04179417  -0.00000000     0.02175064   0.00000000     0.02175064   0.00000000
  0.02175064   0.00000000    -0.04721664  -0.00000000    -0.04915099  -0.00000000
  0.02175064   0.00000000    -0.04915099  -0.00000000    -0.04721664  -0.00000000
    5    5
  0.09034041   0.00000000    -0.02453346   0.00000000    -0.02453346   0.00000000
 -0.02453346   0.00000000     0.09153379   0.00000000     0.03175614   0.00000000
 -0.02453346   0.00000000     0.03175614   0.00000000     0.09153379   0.00000000
    5    6
  0.03346571   0.00000000    -0.03455207  -0.00000000     0.03021966   0.00000000
 -0.03455207  -0.00000000     0.00700190   0.00000000     0.00070037   0.00000000
 -0.03021966  -0.00000000    -0.00070037  -0.00000000    -0.04438712  -0.00000000
    5    7
 -0.02837861   0.00000000     0.03175658  -0.00000000    -0.02860488   0.00000000
  0.03175658  -0.00000000    -0.00371191   0.00000000     0.00668767  -0.00000000
  0.02860488  -0.00000000    -0.00668767   0.00000000     0.02246043  -0.00000000
    5    8
  0.03346571   0.00000000     0.03021966   0.00000000    -0.03455207  -0.00000000
 -0.03021966  -0.00000000    -0.04438712  -0.00000000    -0.00070037  -0.00000000
 -0.03455207  -0.00000000     0.00070037   0.00000000     0.00700190   0.00000000
    5    9
 -0.02837861   0.00000000    -0.02860488   0.00000000     0.03175658  -0.00000000
  0.02860488  -0.00000000     0.02246043  -0.00000000    -0.00668767   0.00000000
  0.03175658  -0.00000000     0.00668767  -0.00000000    -0.00371191   0.00000000
    5   10
 -0.07025893  -0.00000000    -0.03261577  -0.00000000    -0.03261577  -0.00000000
  0.03261577   0.00000000     0.02588346   0.00000000     0.02399155   0.00000000
  0.03261577   0.00000000     0.02399155   0.00000000     0.02588346   0.00000000
    5   11
  0.04162598   0.00000000     0.03543815   0.00000000     0.03543815   0.00000000
 -0.03543815   0.00000000    -0.03275861   0.00000000    -0.00626553   0.00000000
 -0.03543815   0.00000000    -0.00626553   0.00000000    -0.03275861   0.00000000
    6    1
 -0.02607615   0.00000000     0.00273538  -0.00000000    -0.00273538   0.00000000
  0.01108485  -0.00000000     0.01389149  -0.00000000     0.00518597  -0.00000000
 -0.01108485   0.00000000     0.00518597  -0.00000000     0.01389149  -0.00000000
    6    2
  0.04750513  -0.00000000    -0.00013556  -0.00000000     0.00013556   0.00000000
 -0.04782924   0.00000000    -0.00174842   0.00000000     0.01418111  -0.00000000
  0.04782924  -0.00000000     0.01418111  -0.00000000    -0.00174842   0.00000000
    6    3
 -0.04861172   0.00000000     0.01683342  -0.00000000    -0.01683342   0.00000000
  0.05113054  -0.00000000     0.01380577  -0.00000000    -0.01829644   0.00000000
 -0.05113054   0.00000000    -0.01829644   0.00000000     0.01380577  -0.00000000
    6    4
 -0.02837861   0.00000000     0.03175658  -0.00000000     0.02860488  -0.00000000
  0.03175658  -0.00000000    -0.00371191   0.00000000    -0.00668767   0.00000000
 -0.02860488   0.00000000     0.00668767  -0.00000000     0.02246043  -0.00000000
    6    5
  0.03346571  -0.00000000    -0.03455207   0.00000000    -0.03021966   0.00000000
 -0.03455207   0.00000000     0.00700190  -0.00000000    -0.00070037   0.00000000
  0.03021966  -0.00000000     0.00070037  -0.00000000    -0.04438712   0.00000000
    6    6
  0.09034041   0.00000000    -0.02453346   0.00000000     0.02453346   0.00000000
 -0.02453346   0.00000000     0.09153379   0.00000000    -0.03175614   0.00000000
  0.02453346   0.00000000    -0.03175614   0.00000000     0.09153379   0.00000000
    6    7
 -0.04179417   0.00000000     0.02175064  -0.00000000    -0.02175064   0.00000000
  0.02175064  -0.00000000    -0.04721664   0.00000000     0.04915099  -0.00000000
 -0.02175064   0.00000000     0.04915099  -0.00000000    -0.04721664   0.00000000
    6    8
  0.04162598  -0.00000000     0.03543815   0.00000000    -0.03543815  -0.00000000
 -0.03543815   0.00000000    -0.03275861   0.00000000     0.00626553  -0.00000000
  0.03543815  -0.00000000     0.00626553   0.00000000    -0.03275861   0.00000000
    6    9
 -0.07025893   0.00000000    -0.03261577   0.00000000     0.03261577  -0.00000000
  0.03261577  -0.00000000     0.02588346  -0.00000000    -0.02399155   0.00000000
 -0.03261577   0.00000000    -0.02399155   0.00000000     0.02588346  -0.00000000
    6   10
 -0.02837861   0.00000000    -0.02860488   0.00000000    -0.03175658   0.00000000
  0.02860488  -0.00000000     0.02246043  -0.00000000     0.00668767  -0.00000000
 -0.03175658   0.00000000    -0.00668767   0.00000000    -0.00371191   0.00000000
    6   11
  0.03346571  -0.00000000     0.03021966  -0.00000000     0.03455207  -0.00000000
 -0.03021966   0.00000000    -0.04438712   0.00000000     0.00070037  -0.00000000
  0.03455207  -0.00000000    -0.00070037   0.00000000     0.00700190  -0.00000000
    7    1
 -0.02607615  -0.00000000     0.00273538   0.00000000    -0.00273538  -0.00000000
  0.01108485   0.00000000     0.01389149   0.00000000     0.00518597   0.00000000
 -0.01108485  -0.00000000     0.00518597   0.00000000     0.01389149   0.00000000
    7    2
 -0.04861172  -0.00000000     0.01683342   0.00000000    -0.01683342  -0.00000000
  0.05113054   0.00000000     0.01380577   0.00000000    -0.01829644  -0.00000000
 -0.05113054  -0.00000000    -0.01829644  -0.00000000     0.01380577   0.00000000
    7    3
  0.04750513   0.00000000    -0.00013556   0.00000000     0.00013556  -0.00000000
 -0.04782924  -0.00000000    -0.00174842  -0.00000000     0.01418111   0.00000000
  0.04782924   0.00000000     0.01418111   0.00000000    -0.00174842  -0.00000000
    7    4
  0.03346571   0.00000000    -0.03455207  -0.00000000    -0.03021966  -0.00000000
 -0.03455207  -0.00000000     0.00700190   0.00000000    -0.00070037  -0.00000000
  0.03021966   0.00000000     0.00070037   0.00000000    -0.04438712  -0.00000000
    7    5
 -0.02837861  -0.00000000     0.03175658   0.00000000     0.02860488   0.00000000
  0.03175658   0.00000000    -0.00371191  -0.00000000    -0.00668767  -0.00000000
 -0.02860488  -0.00000000     0.00668767   0.00000000     0.02246043   0.00000000
    7    6
 -0.04179417  -0.00000000     0.02175064   0.00000000    -0.02175064  -0.00000000
  0.02175064   0.00000000    -0.04721664  -0.00000000     0.04915099   0.00000000
 -0.02175064  -0.00000000     0.04915099   0.00000000    -0.04721664  -0.00000000
    7    7
  0.09034041   0.00000000    -0.02453346   0.00000000     0.02453346   0.00000000
 -0.02453346   0.00000000     0.09153379   0.00000000    -0.03175614   0.00000000
  0.02453346   0.00000000    -0.03175614   0.00000000     0.09153379   0.00000000
    7    8
 -0.07025893  -0.00000000    -0.03261577  -0.00000000     0.03261577   0.00000000
  0.03261577   0.00000000     0.02588346   0.00000000    -0.02399155  -0.00000000
 -0.03261577  -0.00000000    -0.02399155  -0.00000000     0.02588346   0.00000000
    7    9
  0.04162598   0.00000000     0.03543815  -0.00000000    -0.03543815   0.00000000
 -0.03543815  -0.00000000    -0.03275861  -0.00000000     0.00626553  -0.00000000
  0.03543815   0.00000000     0.00626553  -0.00000000    -0.03275861  -0.00000000
    7   10
  0.03346571   0.00000000     0.03021966   0.00000000     0.03455207   0.00000000
 -0.03021966  -0.00000000    -0.04438712  -0.00000000     0.00070037   0.00000000
  0.03455207   0.00000000    -0.00070037  -0.00000000     0.00700190   0.00000000
    7   11
 -0.02837861  -0.00000000    -0.02860488  -0.00000000    -0.03175658  -0.00000000
  0.02860488   0.00000000     0.02246043   0.00000000     0.00668767   0.00000000
 -0.03175658  -0.00000000    -0.00668767  -0.00000000    -0.00371191  -0.00000000
    8    1
 -0.02607615   0.00000000    -0.00273538   0.00000000     0.00273538  -0.00000000
 -0.01108485   0.00000000     0.01389149  -0.00000000     0.00518597  -0.00000000
  0.01108485  -0.00000000     0.00518597  -0.00000000     0.01389149  -0.00000000
    8    2
  0.04750513  -0.00000000     0.00013556   0.00000000    -0.00013556  -0.00000000
  0.04782924  -0.00000000    -0.00174842   0.00000000     0.01418111  -0.00000000
 -0.04782924   0.00000000     0.01418111  -0.00000000    -0.00174842   0.00000000
    8    3
 -0.04861172   0.00000000    -0.01683342   0.00000000     0.01683342  -0.00000000
 -0.05113054   0.00000000     0.01380577  -0.00000000    -0.01829644   0.00000000
  0.05113054  -0.00000000    -0.01829644   0.00000000     0.01380577  -0.00000000
    8    4
 -0.02837861   0.00000000     0.02860488  -0.00000000     0.03175658  -0.00000000
 -0.02860488   0.00000000     0.02246043  -0.00000000     0.00668767  -0.00000000
  0.03175658  -0.00000000    -0.00668767   0.00000000    -0.00371191   0.00000000
    8    5
  0.03346571  -0.00000000    -0.03021966   0.00000000    -0.03455207   0.00000000
  0.03021966  -0.00000000    -0.04438712   0.00000000     0.00070037  -0.00000000
 -0.03455207   0.00000000    -0.00070037   0.00000000     0.00700190  -0.00000000
    8    6
  0.04162598  -0.00000000    -0.03543815  -0.00000000     0.03543815   0.00000000
  0.03543815  -0.00000000    -0.03275861   0.00000000     0.00626553   0.00000000
 -0.03543815   0.00000000     0.00626553   0.00000000    -0.03275861   0.00000000
    8    7
 -0.07025893   0.00000000     0.03261577  -0.00000000    -0.03261577   0.00000000
 -0.03261577   0.00000000     0.02588346  -0.00000000    -0.02399155   0.00000000
  0.03261577  -0.00000000    -0.02399155   0.00000000     0.02588346  -0.00000000
    8    8
  0.09034041   0.00000000     0.02453346   0.00000000    -0.02453346   0.00000000
  0.02453346   0.00000000     0.09153379   0.00000000    -0.03175614   0.00000000
 -0.02453346   0.00000000    -0.03175614   0.00000000     0.09153379   0.00000000
    8    9
 -0.04179417   0.00000000    -0.02175064   0.00000000     0.02175064  -0.00000000
 -0.02175064   0.00000000    -0.04721664   0.00000000     0.04915099  -0.00000000
  0.02175064  -0.00000000     0.04915099  -0.00000000    -0.04721664   0.00000000
    8   10
 -0.02837861   0.00000000    -0.03175658   0.00000000    -0.02860488   0.00000000
 -0.03175658   0.00000000    -0.00371191   0.00000000    -0.00668767   0.00000000
  0.02860488  -0.00000000     0.00668767  -0.00000000     0.02246043  -0.00000000
    8   11
  0.03346571  -0.00000000     0.03455207  -0.00000000     0.03021966  -0.00000000
  0.03455207  -0.00000000     0.00700190  -0.00000000    -0.00070037   0.00000000
 -0.03021966   0.00000000     0.00070037  -0.00000000    -0.04438712   0.00000000
    9    1
 -0.02607615  -0.00000000    -0.00273538  -0.00000000     0.00273538   0.00000000
 -0.01108485  -0.00000000     0.01389149   0.00000000     0.00518597   0.00000000
  0.01108485   0.00000000     0.00518597   0.00000000     0.01389149   0.00000000
    9    2
 -0.04861172  -0.00000000    -0.01683342  -0.00000000     0.01683342   0.00000000
 -0.05113054  -0.00000000     0.01380577   0.00000000    -0.01829644  -0.00000000
  0.05113054   0.00000000    -0.01829644  -0.00000000     0.01380577   0.00000000
    9    3
  0.04750513   0.00000000     0.00013556  -0.00000000    -0.00013556   0.00000000
  0.04782924   0.00000000    -0.00174842  -0.00000000     0.01418111   0.00000000
 -0.04782924  -0.00000000     0.01418111   0.00000000    -0.00174842  -0.00000000
    9    4
  0.03346571   0.00000000    -0.03021966  -0.00000000    -0.03455207  -0.00000000
  0.03021966   0.00000000    -0.04438712  -0.00000000     0.00070037   0.00000000
 -0.03455207  -0.00000000    -0.00070037  -0.00000000     0.00700190   0.00000000
    9    5
 -0.02837861  -0.00000000     0.02860488   0.00000000     0.03175658   0.00000000
 -0.02860488  -0.00000000     0.02246043   0.00000000     0.00668767   0.00000000
  0.03175658   0.00000000    -0.00668767  -0.00000000    -0.00371191  -0.00000000
    9    6
 -0.07025893  -0.00000000     0.03261577   0.00000000    -0.03261577  -0.00000000
 -0.03261577  -0.00000000     0.02588346   0.00000000    -0.02399155  -0.00000000
  0.03261577   0.00000000    -0.02399155  -0.00000000     0.02588346   0.00000000
    9    7
  0.04162598   0.00000000    -0.03543815   0.00000000     0.03543815  -0.00000000
  0.03543815   0.00000000    -0.03275861  -0.00000000     0.00626553  -0.00000000
 -0.03543815  -0.00000000     0.00626553  -0.00000000    -0.03275861  -0.00000000
    9    8
 -0.04179417  -0.00000000    -0.02175064  -0.00000000     0.02175064   0.00000000
 -0.02175064  -0.00000000    -0.04721664  -0.00000000     0.04915099   0.00000000
  0.02175064   0.00000000     0.04915099   0.00000000    -0.04721664  -0.00000000
    9    9
  0.09034041   0.00000000     0.02453346   0.00000000    -0.02453346   0.00000000
  0.02453346   0.00000000     0.09153379   0.00000000    -0.03175614   0.00000000
 -0.02453346   0.00000000    -0.03175614   0.00000000     0.09153379   0.00000000
    9   10
  0.03346571   0.00000000     0.03455207   0.00000000     0.03021966   0.00000000
  0.03455207   0.00000000     0.00700190   0.00000000    -0.00070037  -0.00000000
 -0.03021966  -0.00000000     0.00070037   0.00000000    -0.04438712  -0.00000000
    9   11
 -0.02837861  -0.00000000    -0.03175658  -0.00000000    -0.02860488  -0.00000000
 -0.03175658  -0.00000000    -0.00371191  -0.00000000    -0.00668767  -0.00000000
  0.02860488   0.00000000     0.00668767   0.00000000     0.02246043   0.00000000
   10    1
 -0.02607615   0.00000000    -0.00273538   0.00000000    -0.00273538   0.00000000
 -0.01108485   0.00000000     0.01389149  -0.00000000    -0.00518597   0.00000000
 -0.01108485   0.00000000    -0.00518597   0.00000000     0.01389149  -0.00000000
   10    2
 -0.04750513   0.00000000    -0.00013556   0.00000000    -0.00013556   0.00000000
 -0.04782924   0.00000000     0.00174842  -0.00000000     0.01418111  -0.00000000
 -0.04782924   0.00000000     0.01418111  -0.00000000     0.00174842  -0.00000000
   10    3
  0.04861172  -0.00000000     0.01683342  -0.00000000     0.01683342  -0.00000000
  0.05113054  -0.00000000    -0.01380577   0.00000000    -0.01829644   0.00000000
  0.05113054  -0.00000000    -0.01829644   0.00000000    -0.01380577   0.00000000
   10    4
  0.04162598   0.00000000    -0.03543815   0.00000000    -0.03543815   0.00000000
  0.03543815   0.00000000    -0.03275861   0.00000000    -0.00626553   0.00000000
  0.03543815   0.00000000    -0.00626553   0.00000000    -0.03275861   0.00000000
   10    5
 -0.07025893   0.00000000     0.03261577  -0.00000000     0.03261577  -0.00000000
 -0.03261577   0.00000000     0.02588346  -0.00000000     0.02399155  -0.00000000
 -0.03261577   0.00000000     0.02399155  -0.00000000     0.02588346  -0.00000000
   10    6
 -0.02837861  -0.00000000     0.02860488   0.00000000    -0.03175658  -0.00000000
 -0.02860488  -0.00000000     0.02246043   0.00000000    -0.00668767  -0.00000000
 -0.03175658  -0.00000000     0.00668767   0.00000000    -0.00371191  -0.00000000
   10    7
  0.03346571  -0.00000000    -0.03021966   0.00000000     0.03455207  -0.00000000
  0.03021966  -0.00000000    -0.04438712   0.00000000    -0.00070037   0.00000000
  0.03455207  -0.00000000     0.00070037  -0.00000000     0.00700190  -0.00000000
   10    8
 -0.02837861  -0.00000000    -0.03175658  -0.00000000     0.02860488   0.00000000
 -0.03175658  -0.00000000    -0.00371191  -0.00000000     0.00668767   0.00000000
 -0.02860488  -0.00000000    -0.00668767  -0.00000000     0.02246043   0.00000000
   10    9
  0.03346571  -0.00000000     0.03455207  -0.00000000    -0.03021966   0.00000000
  0.03455207  -0.00000000     0.00700190  -0.00000000     0.00070037  -0.00000000
  0.03021966  -0.00000000    -0.00070037   0.00000000    -0.04438712   0.00000000
   10   10
  0.09034041   0.00000000     0.02453346   0.00000000     0.02453346   0.00000000
  0.02453346   0.00000000     0.09153379   0.00000000     0.03175614   0.00000000
  0.02453346   0.00000000     0.03175614   0.00000000     0.09153379   0.00000000
   10   11
 -0.04179417   0.00000000    -0.02175064   0.00000000    -0.02175064   0.00000000
 -0.02175064   0.00000000    -0.04721664   0.00000000    -0.04915099   0.00000000
 -0.02175064   0.00000000    -0.04915099   0.00000000    -0.04721664   0.00000000
   11    1
 -0.02607615  -0.00000000    -0.00273538  -0.00000000    -0.00273538  -0.00000000
 -0.01108485  -0.00000000     0.01389149   0.00000000    -0.00518597  -0.00000000
 -0.01108485  -0.00000000    -0.00518597  -0.00000000     0.01389149   0.00000000
   11    2
  0.04861172   0.00000000     0.01683342   0.00000000     0.01683342   0.00000000
  0.05113054   0.00000000    -0.01380577  -0.00000000    -0.01829644  -0.00000000
  0.05113054   0.00000000    -0.01829644  -0.00000000    -0.01380577  -0.00000000
   11    3
 -0.04750513  -0.00000000    -0.00013556  -0.00000000    -0.00013556  -0.00000000
 -0.04782924  -0.00000000     0.00174842   0.00000000     0.01418111   0.00000000
 -0.04782924  -0.00000000     0.01418111   0.00000000     0.00174842   0.00000000
   11    4
 -0.07025893  -0.00000000     0.03261577   0.00000000     0.03261577   0.00000000
 -0.03261577  -0.00000000     0.02588346   0.00000000     0.02399155   0.00000000
 -0.03261577  -0.00000000     0.02399155   0.00000000     0.02588346   0.00000000
   11    5
  0.04162598   0.00000000    -0.03543815   0.00000000    -0.03543815   0.00000000
  0.03543815   0.00000000    -0.03275861   0.00000000    -0.00626553   0.00000000
  0.03543815   0.00000000    -0.00626553   0.00000000    -0.03275861   0.00000000
   11    6
  0.03346571   0.00000000    -0.03021966  -0.00000000     0.03455207   0.00000000
  0.03021966   0.00000000    -0.04438712  -0.00000000    -0.00070037  -0.00000000
  0.03455207   0.00000000     0.00070037   0.00000000     0.00700190   0.00000000
   11    7
 -0.02837861   0.00000000     0.02860488  -0.00000000    -0.03175658   0.00000000
 -0.02860488   0.00000000     0.02246043  -0.00000000    -0.00668767   0.00000000
 -0.03175658   0.00000000     0.00668767  -0.00000000    -0.00371191   0.00000000
   11    8
  0.03346571   0.00000000     0.03455207   0.00000000    -0.03021966  -0.00000000
  0.03455207   0.00000000     0.00700190   0.00000000     0.00070037   0.00000000
  0.03021966   0.00000000    -0.00070037  -0.00000000    -0.04438712  -0.00000000
   11    9
 -0.02837861   0.00000000    -0.03175658   0.00000000     0.02860488  -0.00000000
 -0.03175658   0.00000000    -0.00371191   0.00000000     0.00668767  -0.00000000
 -0.02860488   0.00000000    -0.00668767   0.00000000     0.02246043  -0.00000000
   11   10
 -0.04179417  -0.00000000    -0.02175064  -0.00000000    -0.02175064  -0.00000000
 -0.02175064  -0.00000000    -0.04721664  -0.00000000    -0.04915099  -0.00000000
 -0.02175064  -0.00000000    -0.04915099  -0.00000000    -0.04721664  -0.00000000
   11   11
  0.09034041   0.00000000     0.02453346   0.00000000     0.02453346   0.00000000
  0.02453346   0.00000000     0.09153379   0.00000000     0.03175614   0.00000000
  0.02453346   0.00000000     0.03175614   0.00000000     0.09153379   0.00000000

     Dynamical  Matrix in cartesian axes

     q = (    0.000000000   0.000000000  -0.707106781 ) 

    1    1
  0.21548585   0.00000000    -0.00000000   0.00000000     0.00000000   0.00000000
 -0.00000000   0.00000000     0.21548585   0.00000000     0.00000000   0.00000000
 -0.00000000   0.00000000    -0.00000000   0.00000000     0.22320066   0.00000000
    1    2
 -0.00000000  -0.00000000    -0.01352921   0.00000000    -0.00000000  -0.00000000
 -0.01352921   0.00000000    -0.00000000  -0.00000000    -0.00000000   0.00000000
  0.00000000  -0.00000000     0.00000000  -0.00000000     0.00000000  -0.00000000
    1    3
  0.00000000   0.00000000    -0.01352921   0.00000000     0.00000000  -0.00000000
 -0.01352921   0.00000000     0.00000000   0.00000000    -0.00000000   0.00000000
 -0.00000000   0.00000000    -0.00000000   0.00000000     0.00000000   0.00000000
    1    4
  0.01389149   0.00000000    -0.00518597  -0.00000000     0.00273538   0.00000000
 -0.00518597  -0.00000000     0.01389149   0.00000000     0.00273538   0.00000000
  0.01108485   0.00000000     0.01108485   0.00000000    -0.02607615  -0.00000000
    1    5
  0.01389149  -0.00000000    -0.00518597   0.00000000     0.00273538  -0.00000000
 -0.00518597   0.00000000     0.01389149  -0.00000000     0.00273538  -0.00000000
  0.01108485  -0.00000000     0.01108485  -0.00000000    -0.02607615   0.00000000
    1    6
  0.01389149   0.00000000    -0.00518597  -0.00000000    -0.00273538  -0.00000000
 -0.00518597  -0.00000000     0.01389149   0.00000000    -0.00273538  -0.00000000
 -0.01108485  -0.00000000    -0.01108485  -0.00000000    -0.02607615  -0.00000000
    1    7
  0.01389149  -0.00000000    -0.00518597   0.00000000    -0.00273538   0.00000000
 -0.00518597   0.00000000     0.01389149  -0.00000000    -0.00273538   0.00000000
 -0.01108485   0.00000000    -0.01108485   0.00000000    -0.02607615   0.00000000
    1    8
  0.01389149   0.00000000     0.00518597   0.00000000     0.00273538   0.00000000
  0.00518597   0.00000000     0.01389149   0.00000000    -0.00273538  -0.00000000
  0.01108485   0.00000000    -0.01108485  -0.00000000    -0.02607615  -0.00000000
    1    9
  0.01389149  -0.00000000     0.00518597  -0.00000000     0.00273538  -0.00000000
  0.00518597  -0.00000000     0.01389149  -0.00000000    -0.00273538   0.00000000
  0.01108485  -0.00000000    -0.01108485   0.00000000    -0.02607615   0.00000000
    1   10
  0.01389149   0.00000000     0.00518597   0.00000000    -0.00273538  -0.00000000
  0.00518597   0.00000000     0.01389149   0.00000000     0.00273538   0.00000000
 -0.01108485  -0.00000000     0.01108485   0.00000000    -0.02607615  -0.00000000
    1   11
  0.01389149  -0.00000000     0.00518597  -0.00000000    -0.00273538   0.00000000
  0.00518597  -0.00000000     0.01389149  -0.00000000     0.00273538  -0.00000000
 -0.01108485   0.00000000     0.01108485  -0.00000000    -0.02607615   0.00000000
    2    1
  0.00000000   0.00000000    -0.01352921  -0.00000000    -0.00000000  -0.00000000
 -0.01352921  -0.00000000     0.00000000   0.00000000     0.00000000  -0.00000000
 -0.00000000   0.00000000    -0.00000000  -0.00000000     0.00000000   0.00000000
    2    2
  0.05032382   0.00000000     0.00000000   0.00000000     0.00000000   0.00000000
  0.00000000   0.00000000     0.05032382   0.00000000    -0.00000000   0.00000000
  0.00000000   0.00000000    -0.00000000   0.00000000     0.13494558   0.00000000
    2    3
 -0.01351366   0.00000000    -0.00000000   0.00000000    -0.00000000   0.00000000
 -0.00000000   0.00000000    -0.01351366   0.00000000     0.00000000  -0.00000000
  0.00000000   0.00000000    -0.00000000   0.00000000    -0.11799815   0.00000000
    2    4
  0.00174842   0.00000000     0.01418111   0.00000000     0.00013556   0.00000000
  0.01418111   0.00000000     0.00174842   0.00000000     0.00013556   0.00000000
  0.04782924   0.00000000     0.04782924   0.00000000    -0.04750513  -0.00000000
    2    5
 -0.01380577   0.00000000    -0.01829644   0.00000000    -0.01683342   0.00000000
 -0.01829644   0.00000000    -0.01380577   0.00000000    -0.01683342   0.00000000
 -0.05113054   0.00000000    -0.05113054   0.00000000     0.04861172  -0.00000000
    2    6
  0.00174842   0.00000000     0.01418111   0.00000000    -0.00013556  -0.00000000
  0.01418111   0.00000000     0.00174842   0.00000000    -0.00013556  -0.00000000
 -0.04782924  -0.00000000    -0.04782924  -0.00000000    -0.04750513  -0.00000000
    2    7
 -0.01380577   0.00000000    -0.01829644   0.00000000     0.01683342  -0.00000000
 -0.01829644   0.00000000    -0.01380577   0.00000000     0.01683342  -0.00000000
  0.05113054  -0.00000000     0.05113054  -0.00000000     0.04861172  -0.00000000
    2    8
 -0.00174842  -0.00000000     0.01418111   0.00000000    -0.00013556   0.00000000
  0.01418111   0.00000000    -0.00174842  -0.00000000     0.00013556  -0.00000000
 -0.04782924  -0.00000000     0.04782924   0.00000000     0.04750513   0.00000000
    2    9
  0.01380577  -0.00000000    -0.01829644   0.00000000     0.01683342  -0.00000000
 -0.01829644   0.00000000     0.01380577  -0.00000000    -0.01683342   0.00000000
  0.05113054  -0.00000000    -0.05113054   0.00000000    -0.04861172   0.00000000
    2   10
 -0.00174842  -0.00000000     0.01418111   0.00000000     0.00013556  -0.00000000
  0.01418111   0.00000000    -0.00174842  -0.00000000    -0.00013556   0.00000000
  0.04782924   0.00000000    -0.04782924  -0.00000000     0.04750513   0.00000000
    2   11
  0.01380577  -0.00000000    -0.01829644   0.00000000    -0.01683342   0.00000000
 -0.01829644   0.00000000     0.01380577  -0.00000000     0.01683342  -0.00000000
 -0.05113054   0.00000000     0.05113054  -0.00000000    -0.04861172   0.00000000
    3    1
  0.00000000  -0.00000000    -0.01352921  -0.00000000    -0.00000000   0.00000000
 -0.01352921  -0.00000000     0.00000000  -0.00000000     0.00000000  -0.00000000
 -0.00000000   0.00000000    -0.00000000   0.00000000     0.00000000  -0.00000000
    3    2
 -0.01351366  -0.00000000    -0.00000000  -0.00000000     0.00000000  -0.00000000
 -0.00000000  -0.00000000    -0.01351366  -0.00000000    -0.00000000   0.00000000
 -0.00000000  -0.00000000     0.00000000  -0.00000000    -0.11799815  -0.00000000
    3    3
  0.05032382   0.00000000    -0.00000000   0.00000000     0.00000000   0.00000000
 -0.00000000   0.00000000     0.05032382   0.00000000    -0.00000000   0.00000000
  0.00000000   0.00000000    -0.00000000   0.00000000     0.13494558   0.00000000
    3    4
 -0.01380577  -0.00000000    -0.01829644  -0.00000000    -0.01683342  -0.00000000
 -0.01829644  -0.00000000    -0.01380577  -0.00000000    -0.01683342  -0.00000000
 -0.05113054  -0.00000000    -0.05113054  -0.00000000     0.04861172   0.00000000
    3    5
  0.00174842  -0.00000000     0.01418111  -0.00000000     0.00013556  -0.00000000
  0.01418111  -0.00000000     0.00174842  -0.00000000     0.00013556  -0.00000000
  0.04782924  -0.00000000     0.04782924  -0.00000000    -0.04750513   0.00000000
    3    6
 -0.01380577  -0.00000000    -0.01829644  -0.00000000     0.01683342   0.00000000
 -0.01829644  -0.00000000    -0.01380577  -0.00000000     0.01683342   0.00000000
  0.05113054   0.00000000     0.05113054   0.00000000     0.04861172   0.00000000
    3    7
  0.00174842  -0.00000000     0.01418111  -0.00000000    -0.00013556   0.00000000
  0.01418111  -0.00000000     0.00174842  -0.00000000    -0.00013556   0.00000000
 -0.04782924   0.00000000    -0.04782924   0.00000000    -0.04750513   0.00000000
    3    8
  0.01380577   0.00000000    -0.01829644  -0.00000000     0.01683342   0.00000000
 -0.01829644  -0.00000000     0.01380577   0.00000000    -0.01683342  -0.00000000
  0.05113054   0.00000000    -0.05113054  -0.00000000    -0.04861172  -0.00000000
    3    9
 -0.00174842   0.00000000     0.01418111  -0.00000000    -0.00013556  -0.00000000
  0.01418111  -0.00000000    -0.00174842   0.00000000     0.00013556   0.00000000
 -0.04782924   0.00000000     0.04782924  -0.00000000     0.04750513  -0.00000000
    3   10
  0.01380577   0.00000000    -0.01829644  -0.00000000    -0.01683342  -0.00000000
 -0.01829644  -0.00000000     0.01380577   0.00000000     0.01683342   0.00000000
 -0.05113054  -0.00000000     0.05113054   0.00000000    -0.04861172  -0.00000000
    3   11
 -0.00174842   0.00000000     0.01418111  -0.00000000     0.00013556   0.00000000
  0.01418111  -0.00000000    -0.00174842   0.00000000    -0.00013556  -0.00000000
  0.04782924  -0.00000000    -0.04782924   0.00000000     0.04750513  -0.00000000
    4    1
  0.01389149  -0.00000000    -0.00518597   0.00000000     0.01108485  -0.00000000
