  5.000000000000000E-002   1.50343188071530        5.40870528051367     
           4

     Dynamical  Matrix in cartesian axes

     q = (   -0.353553391  -0.353553391   0.353553391 ) 

    1    1
  0.20432185   0.00000000     0.06147881   0.00000000    -0.06147881   0.00000000
  0.06147881   0.00000000     0.20432185   0.00000000    -0.06147881   0.00000000
 -0.06147881   0.00000000    -0.06147881   0.00000000     0.20432185   0.00000000
    1    2
  0.00764061  -0.00000000     0.02961986  -0.00000000    -0.02961986   0.00000000
  0.02961986  -0.00000000     0.00764061  -0.00000000    -0.02961986   0.00000000
 -0.02961986   0.00000000    -0.02961986   0.00000000     0.00764061  -0.00000000
    1    3
 -0.00764061   0.00000000    -0.02961986   0.00000000     0.02961986  -0.00000000
 -0.02961986   0.00000000    -0.00764061   0.00000000     0.02961986  -0.00000000
  0.02961986  -0.00000000     0.02961986  -0.00000000    -0.00764061   0.00000000
    1    4
  0.03583974  -0.00000000     0.00059197  -0.00000000    -0.01770379   0.00000000
  0.00059197  -0.00000000     0.03583974  -0.00000000    -0.01770379   0.00000000
 -0.00670326   0.00000000    -0.00670326   0.00000000    -0.03760436   0.00000000
    1    5
 -0.03583974   0.00000000    -0.00059197   0.00000000     0.01770379  -0.00000000
 -0.00059197   0.00000000    -0.03583974   0.00000000     0.01770379  -0.00000000
  0.00670326  -0.00000000     0.00670326  -0.00000000     0.03760436  -0.00000000
    1    6
 -0.04531328   0.00000000     0.00510088  -0.00000000    -0.00510088   0.00000000
  0.00510088  -0.00000000    -0.04531328   0.00000000    -0.00510088   0.00000000
 -0.00510088   0.00000000    -0.00510088   0.00000000    -0.04531328   0.00000000
    1    7
  0.04531328  -0.00000000    -0.00510088   0.00000000     0.00510088  -0.00000000
 -0.00510088   0.00000000     0.04531328  -0.00000000     0.00510088  -0.00000000
  0.00510088  -0.00000000     0.00510088  -0.00000000     0.04531328  -0.00000000
    1    8
 -0.03760436   0.00000000     0.00670326  -0.00000000    -0.00670326   0.00000000
  0.01770379  -0.00000000     0.03583974  -0.00000000    -0.00059197   0.00000000
 -0.01770379   0.00000000    -0.00059197   0.00000000     0.03583974  -0.00000000
    1    9
  0.03760436  -0.00000000    -0.00670326   0.00000000     0.00670326  -0.00000000
 -0.01770379   0.00000000    -0.03583974   0.00000000     0.00059197  -0.00000000
  0.01770379  -0.00000000     0.00059197  -0.00000000    -0.03583974   0.00000000
    1   10
  0.03583974  -0.00000000     0.01770379  -0.00000000    -0.00059197   0.00000000
  0.00670326  -0.00000000    -0.03760436   0.00000000    -0.00670326   0.00000000
 -0.00059197   0.00000000    -0.01770379   0.00000000     0.03583974  -0.00000000
    1   11
 -0.03583974   0.00000000    -0.01770379   0.00000000     0.00059197  -0.00000000
 -0.00670326   0.00000000     0.03760436  -0.00000000     0.00670326  -0.00000000
  0.00059197  -0.00000000     0.01770379  -0.00000000    -0.03583974   0.00000000
    2    1
  0.00764061   0.00000000     0.02961986   0.00000000    -0.02961986  -0.00000000
  0.02961986   0.00000000     0.00764061   0.00000000    -0.02961986  -0.00000000
 -0.02961986  -0.00000000    -0.02961986  -0.00000000     0.00764061   0.00000000
    2    2
  0.07776257   0.00000000    -0.00585804   0.00000000     0.00585804   0.00000000
 -0.00585804   0.00000000     0.07776257   0.00000000     0.00585804   0.00000000
  0.00585804   0.00000000     0.00585804   0.00000000     0.07776257   0.00000000
    2    3
 -0.00686614   0.00000000     0.00490736   0.00000000    -0.00490736   0.00000000
  0.00490736   0.00000000    -0.00686614   0.00000000    -0.00490736   0.00000000
 -0.00490736   0.00000000    -0.00490736   0.00000000    -0.00686614   0.00000000
    2    4
  0.01657010   0.00000000     0.00190629   0.00000000     0.00200082   0.00000000
  0.00190629   0.00000000     0.01657010   0.00000000     0.00200082   0.00000000
  0.00387066   0.00000000     0.00387066   0.00000000     0.01459284   0.00000000
    2    5
 -0.02175757   0.00000000    -0.01100973   0.00000000    -0.02020333   0.00000000
 -0.01100973   0.00000000    -0.02175757   0.00000000    -0.02020333   0.00000000
 -0.03006876   0.00000000    -0.03006876   0.00000000    -0.02271680   0.00000000
    2    6
  0.00136368   0.00000000    -0.00234870   0.00000000     0.00234870   0.00000000
 -0.00234870   0.00000000     0.00136368   0.00000000     0.00234870   0.00000000
  0.00234870   0.00000000     0.00234870   0.00000000     0.00136368   0.00000000
    2    7
  0.00803192   0.00000000     0.01586548   0.00000000    -0.01586548   0.00000000
  0.01586548   0.00000000     0.00803192   0.00000000    -0.01586548   0.00000000
 -0.01586548   0.00000000    -0.01586548   0.00000000     0.00803192   0.00000000
    2    8
  0.01459284   0.00000000    -0.00387066   0.00000000     0.00387066   0.00000000
 -0.00200082   0.00000000     0.01657010   0.00000000    -0.00190629   0.00000000
  0.00200082   0.00000000    -0.00190629   0.00000000     0.01657010   0.00000000
    2    9
 -0.02271680   0.00000000     0.03006876   0.00000000    -0.03006876   0.00000000
  0.02020333   0.00000000    -0.02175757   0.00000000     0.01100973   0.00000000
 -0.02020333   0.00000000     0.01100973   0.00000000    -0.02175757   0.00000000
    2   10
  0.01657010   0.00000000    -0.00200082   0.00000000    -0.00190629   0.00000000
 -0.00387066   0.00000000     0.01459284   0.00000000     0.00387066   0.00000000
 -0.00190629   0.00000000     0.00200082   0.00000000     0.01657010   0.00000000
    2   11
 -0.02175757   0.00000000     0.02020333   0.00000000     0.01100973   0.00000000
  0.03006876   0.00000000    -0.02271680   0.00000000    -0.03006876   0.00000000
  0.01100973   0.00000000    -0.02020333   0.00000000    -0.02175757   0.00000000
    3    1
 -0.00764061  -0.00000000    -0.02961986  -0.00000000     0.02961986   0.00000000
 -0.02961986  -0.00000000    -0.00764061  -0.00000000     0.02961986   0.00000000
  0.02961986   0.00000000     0.02961986   0.00000000    -0.00764061  -0.00000000
    3    2
 -0.00686614   0.00000000     0.00490736   0.00000000    -0.00490736   0.00000000
  0.00490736   0.00000000    -0.00686614   0.00000000    -0.00490736   0.00000000
 -0.00490736   0.00000000    -0.00490736   0.00000000    -0.00686614   0.00000000
    3    3
  0.07776257   0.00000000    -0.00585804   0.00000000     0.00585804   0.00000000
 -0.00585804   0.00000000     0.07776257   0.00000000     0.00585804   0.00000000
  0.00585804   0.00000000     0.00585804   0.00000000     0.07776257   0.00000000
    3    4
 -0.02175757   0.00000000    -0.01100973   0.00000000    -0.02020333   0.00000000
 -0.01100973   0.00000000    -0.02175757   0.00000000    -0.02020333   0.00000000
 -0.03006876   0.00000000    -0.03006876   0.00000000    -0.02271680   0.00000000
    3    5
  0.01657010   0.00000000     0.00190629   0.00000000     0.00200082   0.00000000
  0.00190629   0.00000000     0.01657010   0.00000000     0.00200082   0.00000000
  0.00387066   0.00000000     0.00387066   0.00000000     0.01459284   0.00000000
    3    6
  0.00803192   0.00000000     0.01586548   0.00000000    -0.01586548   0.00000000
  0.01586548   0.00000000     0.00803192   0.00000000    -0.01586548   0.00000000
 -0.01586548   0.00000000    -0.01586548   0.00000000     0.00803192   0.00000000
    3    7
  0.00136368   0.00000000    -0.00234870   0.00000000     0.00234870   0.00000000
 -0.00234870   0.00000000     0.00136368   0.00000000     0.00234870   0.00000000
  0.00234870   0.00000000     0.00234870   0.00000000     0.00136368   0.00000000
    3    8
 -0.02271680   0.00000000     0.03006876   0.00000000    -0.03006876   0.00000000
  0.02020333   0.00000000    -0.02175757   0.00000000     0.01100973   0.00000000
 -0.02020333   0.00000000     0.01100973   0.00000000    -0.02175757   0.00000000
    3    9
  0.01459284   0.00000000    -0.00387066   0.00000000     0.00387066   0.00000000
 -0.00200082   0.00000000     0.01657010   0.00000000    -0.00190629   0.00000000
  0.00200082   0.00000000    -0.00190629   0.00000000     0.01657010   0.00000000
    3   10
 -0.02175757   0.00000000     0.02020333   0.00000000     0.01100973   0.00000000
  0.03006876   0.00000000    -0.02271680   0.00000000    -0.03006876   0.00000000
  0.01100973   0.00000000    -0.02020333   0.00000000    -0.02175757   0.00000000
    3   11
  0.01657010   0.00000000    -0.00200082   0.00000000    -0.00190629   0.00000000
 -0.00387066   0.00000000     0.01459284   0.00000000     0.00387066   0.00000000
 -0.00190629   0.00000000     0.00200082   0.00000000     0.01657010   0.00000000
    4    1
  0.03583974   0.00000000     0.00059197   0.00000000    -0.00670326  -0.00000000
  0.00059197   0.00000000     0.03583974   0.00000000    -0.00670326  -0.00000000
 -0.01770379  -0.00000000    -0.01770379  -0.00000000    -0.03760436  -0.00000000
    4    2
  0.01657010   0.00000000     0.00190629   0.00000000     0.00387066   0.00000000
  0.00190629   0.00000000     0.01657010   0.00000000     0.00387066   0.00000000
  0.00200082   0.00000000     0.00200082   0.00000000     0.01459284   0.00000000
    4    3
 -0.02175757   0.00000000    -0.01100973   0.00000000    -0.03006876   0.00000000
 -0.01100973   0.00000000    -0.02175757   0.00000000    -0.03006876   0.00000000
 -0.02020333   0.00000000    -0.02020333   0.00000000    -0.02271680   0.00000000
    4    4
  0.07641714   0.00000000     0.00196319   0.00000000    -0.00095282   0.00000000
  0.00196319   0.00000000     0.07641714   0.00000000    -0.00095282   0.00000000
 -0.00095282   0.00000000    -0.00095282   0.00000000     0.05888921   0.00000000
    4    5
 -0.01528068   0.00000000    -0.01295254   0.00000000    -0.00731717   0.00000000
 -0.01295254   0.00000000    -0.01528068   0.00000000    -0.00731717   0.00000000
 -0.00731717   0.00000000    -0.00731717   0.00000000    -0.01962094   0.00000000
    4    6
 -0.01376833   0.00000000     0.01401572   0.00000000    -0.00954894   0.00000000
  0.01401572   0.00000000    -0.01376833   0.00000000    -0.00954894   0.00000000
  0.00478632   0.00000000     0.00478632   0.00000000     0.01881984   0.00000000
    4    7
  0.01201284  -0.00000000    -0.00327342   0.00000000     0.01092791  -0.00000000
 -0.00327342  -0.00000000     0.01201284   0.00000000     0.01092791   0.00000000
 -0.01268319  -0.00000000    -0.01268319   0.00000000    -0.02636126   0.00000000
    4    8
  0.00379203   0.00000000    -0.00677097   0.00000000     0.02642006   0.00000000
  0.00772849   0.00000000     0.01858418   0.00000000     0.00677097   0.00000000
  0.01520130   0.00000000    -0.00772849   0.00000000     0.00379203   0.00000000
    4    9
  0.00601261   0.00000000     0.01812919   0.00000000    -0.01766325  -0.00000000
 -0.00387237  -0.00000000    -0.03968663  -0.00000000    -0.01812919  -0.00000000
 -0.01492584  -0.00000000     0.00387237   0.00000000     0.00601261   0.00000000
    4   10
  0.01858418   0.00000000     0.00772849   0.00000000     0.00677097   0.00000000
 -0.00677097   0.00000000     0.00379203   0.00000000     0.02642006   0.00000000
 -0.00772849   0.00000000     0.01520130   0.00000000     0.00379203   0.00000000
    4   11
 -0.03968663   0.00000000    -0.00387237   0.00000000    -0.01812919   0.00000000
  0.01812919   0.00000000     0.00601261   0.00000000    -0.01766325   0.00000000
  0.00387237   0.00000000    -0.01492584   0.00000000     0.00601261   0.00000000
    5    1
 -0.03583974  -0.00000000    -0.00059197  -0.00000000     0.00670326   0.00000000
 -0.00059197  -0.00000000    -0.03583974  -0.00000000     0.00670326   0.00000000
  0.01770379   0.00000000     0.01770379   0.00000000     0.03760436   0.00000000
    5    2
 -0.02175757   0.00000000    -0.01100973   0.00000000    -0.03006876   0.00000000
 -0.01100973   0.00000000    -0.02175757   0.00000000    -0.03006876   0.00000000
 -0.02020333   0.00000000    -0.02020333   0.00000000    -0.02271680   0.00000000
    5    3
  0.01657010   0.00000000     0.00190629   0.00000000     0.00387066   0.00000000
  0.00190629   0.00000000     0.01657010   0.00000000     0.00387066   0.00000000
  0.00200082   0.00000000     0.00200082   0.00000000     0.01459284   0.00000000
    5    4
 -0.01528068  -0.00000000    -0.01295254  -0.00000000    -0.00731717  -0.00000000
 -0.01295254  -0.00000000    -0.01528068  -0.00000000    -0.00731717  -0.00000000
 -0.00731717  -0.00000000    -0.00731717  -0.00000000    -0.01962094  -0.00000000
    5    5
  0.07641714   0.00000000     0.00196319   0.00000000    -0.00095282   0.00000000
  0.00196319   0.00000000     0.07641714   0.00000000    -0.00095282   0.00000000
 -0.00095282   0.00000000    -0.00095282   0.00000000     0.05888921   0.00000000
    5    6
  0.01201284   0.00000000    -0.00327342  -0.00000000     0.01092791   0.00000000
 -0.00327342  -0.00000000     0.01201284   0.00000000     0.01092791   0.00000000
 -0.01268319  -0.00000000    -0.01268319  -0.00000000    -0.02636126  -0.00000000
    5    7
 -0.01376833  -0.00000000     0.01401572   0.00000000    -0.00954894  -0.00000000
  0.01401572   0.00000000    -0.01376833  -0.00000000    -0.00954894  -0.00000000
  0.00478632   0.00000000     0.00478632   0.00000000     0.01881984   0.00000000
    5    8
  0.00601261   0.00000000     0.01812919   0.00000000    -0.01766325  -0.00000000
 -0.00387237  -0.00000000    -0.03968663  -0.00000000    -0.01812919  -0.00000000
 -0.01492584  -0.00000000     0.00387237   0.00000000     0.00601261   0.00000000
    5    9
  0.00379203   0.00000000    -0.00677097  -0.00000000     0.02642006   0.00000000
  0.00772849   0.00000000     0.01858418   0.00000000     0.00677097   0.00000000
  0.01520130   0.00000000    -0.00772849  -0.00000000     0.00379203   0.00000000
    5   10
 -0.03968663  -0.00000000    -0.00387237  -0.00000000    -0.01812919  -0.00000000
  0.01812919   0.00000000     0.00601261   0.00000000    -0.01766325  -0.00000000
  0.00387237   0.00000000    -0.01492584  -0.00000000     0.00601261   0.00000000
    5   11
  0.01858418   0.00000000     0.00772849   0.00000000     0.00677097   0.00000000
 -0.00677097  -0.00000000     0.00379203   0.00000000     0.02642006   0.00000000
 -0.00772849  -0.00000000     0.01520130   0.00000000     0.00379203   0.00000000
    6    1
 -0.04531328  -0.00000000     0.00510088   0.00000000    -0.00510088  -0.00000000
  0.00510088   0.00000000    -0.04531328  -0.00000000    -0.00510088  -0.00000000
 -0.00510088  -0.00000000    -0.00510088  -0.00000000    -0.04531328  -0.00000000
    6    2
  0.00136368   0.00000000    -0.00234870   0.00000000     0.00234870   0.00000000
 -0.00234870   0.00000000     0.00136368   0.00000000     0.00234870   0.00000000
  0.00234870   0.00000000     0.00234870   0.00000000     0.00136368   0.00000000
    6    3
  0.00803192   0.00000000     0.01586548   0.00000000    -0.01586548   0.00000000
  0.01586548   0.00000000     0.00803192   0.00000000    -0.01586548   0.00000000
 -0.01586548   0.00000000    -0.01586548   0.00000000     0.00803192   0.00000000
    6    4
 -0.01376833   0.00000000     0.01401572   0.00000000     0.00478632   0.00000000
  0.01401572   0.00000000    -0.01376833   0.00000000     0.00478632   0.00000000
 -0.00954894   0.00000000    -0.00954894   0.00000000     0.01881984   0.00000000
    6    5
  0.01201284  -0.00000000    -0.00327342   0.00000000    -0.01268319   0.00000000
 -0.00327342   0.00000000     0.01201284  -0.00000000    -0.01268319   0.00000000
  0.01092791  -0.00000000     0.01092791  -0.00000000    -0.02636126   0.00000000
    6    6
  0.05708384   0.00000000    -0.00372726   0.00000000     0.00372726   0.00000000
 -0.00372726   0.00000000     0.05708384   0.00000000     0.00372726   0.00000000
  0.00372726   0.00000000     0.00372726   0.00000000     0.05708384   0.00000000
    6    7
 -0.01270820  -0.00000000    -0.00349682  -0.00000000     0.00349682  -0.00000000
 -0.00349682  -0.00000000    -0.01270820   0.00000000     0.00349682   0.00000000
  0.00349682  -0.00000000     0.00349682   0.00000000    -0.01270820   0.00000000
    6    8
  0.01881984   0.00000000     0.00954894   0.00000000    -0.00954894   0.00000000
 -0.00478632   0.00000000    -0.01376833   0.00000000    -0.01401572   0.00000000
  0.00478632   0.00000000    -0.01401572   0.00000000    -0.01376833   0.00000000
    6    9
 -0.02636126  -0.00000000    -0.01092791  -0.00000000     0.01092791   0.00000000
  0.01268319   0.00000000     0.01201284   0.00000000     0.00327342   0.00000000
 -0.01268319  -0.00000000     0.00327342   0.00000000     0.01201284   0.00000000
    6   10
 -0.01376833   0.00000000    -0.00478632   0.00000000    -0.01401572   0.00000000
  0.00954894   0.00000000     0.01881984   0.00000000    -0.00954894   0.00000000
 -0.01401572   0.00000000     0.00478632   0.00000000    -0.01376833   0.00000000
    6   11
  0.01201284   0.00000000     0.01268319   0.00000000     0.00327342   0.00000000
 -0.01092791   0.00000000    -0.02636126   0.00000000     0.01092791   0.00000000
  0.00327342   0.00000000    -0.01268319   0.00000000     0.01201284   0.00000000
    7    1
  0.04531328   0.00000000    -0.00510088  -0.00000000     0.00510088   0.00000000
 -0.00510088  -0.00000000     0.04531328   0.00000000     0.00510088   0.00000000
  0.00510088   0.00000000     0.00510088   0.00000000     0.04531328   0.00000000
    7    2
  0.00803192   0.00000000     0.01586548   0.00000000    -0.01586548   0.00000000
  0.01586548   0.00000000     0.00803192   0.00000000    -0.01586548   0.00000000
 -0.01586548   0.00000000    -0.01586548   0.00000000     0.00803192   0.00000000
    7    3
  0.00136368   0.00000000    -0.00234870   0.00000000     0.00234870   0.00000000
 -0.00234870   0.00000000     0.00136368   0.00000000     0.00234870   0.00000000
  0.00234870   0.00000000     0.00234870   0.00000000     0.00136368   0.00000000
    7    4
  0.01201284   0.00000000    -0.00327342   0.00000000    -0.01268319   0.00000000
 -0.00327342  -0.00000000     0.01201284  -0.00000000    -0.01268319  -0.00000000
  0.01092791   0.00000000     0.01092791  -0.00000000    -0.02636126  -0.00000000
    7    5
 -0.01376833   0.00000000     0.01401572  -0.00000000     0.00478632  -0.00000000
  0.01401572  -0.00000000    -0.01376833   0.00000000     0.00478632  -0.00000000
 -0.00954894   0.00000000    -0.00954894   0.00000000     0.01881984  -0.00000000
    7    6
 -0.01270820   0.00000000    -0.00349682   0.00000000     0.00349682   0.00000000
 -0.00349682   0.00000000    -0.01270820  -0.00000000     0.00349682  -0.00000000
  0.00349682   0.00000000     0.00349682  -0.00000000    -0.01270820  -0.00000000
    7    7
  0.05708384   0.00000000    -0.00372726   0.00000000     0.00372726   0.00000000
 -0.00372726   0.00000000     0.05708384   0.00000000     0.00372726   0.00000000
  0.00372726   0.00000000     0.00372726   0.00000000     0.05708384   0.00000000
    7    8
 -0.02636126   0.00000000    -0.01092791   0.00000000     0.01092791   0.00000000
  0.01268319   0.00000000     0.01201284  -0.00000000     0.00327342   0.00000000
 -0.01268319  -0.00000000     0.00327342  -0.00000000     0.01201284   0.00000000
    7    9
  0.01881984   0.00000000     0.00954894   0.00000000    -0.00954894  -0.00000000
 -0.00478632  -0.00000000    -0.01376833  -0.00000000    -0.01401572  -0.00000000
  0.00478632   0.00000000    -0.01401572  -0.00000000    -0.01376833  -0.00000000
    7   10
  0.01201284   0.00000000     0.01268319  -0.00000000     0.00327342  -0.00000000
 -0.01092791  -0.00000000    -0.02636126  -0.00000000     0.01092791  -0.00000000
  0.00327342   0.00000000    -0.01268319   0.00000000     0.01201284  -0.00000000
    7   11
 -0.01376833  -0.00000000    -0.00478632  -0.00000000    -0.01401572  -0.00000000
  0.00954894   0.00000000     0.01881984   0.00000000    -0.00954894   0.00000000
 -0.01401572  -0.00000000     0.00478632   0.00000000    -0.01376833  -0.00000000
    8    1
 -0.03760436  -0.00000000     0.01770379   0.00000000    -0.01770379  -0.00000000
  0.00670326   0.00000000     0.03583974   0.00000000    -0.00059197  -0.00000000
 -0.00670326  -0.00000000    -0.00059197  -0.00000000     0.03583974   0.00000000
    8    2
  0.01459284   0.00000000    -0.00200082   0.00000000     0.00200082   0.00000000
 -0.00387066   0.00000000     0.01657010   0.00000000    -0.00190629   0.00000000
  0.00387066   0.00000000    -0.00190629   0.00000000     0.01657010   0.00000000
    8    3
 -0.02271680   0.00000000     0.02020333   0.00000000    -0.02020333   0.00000000
  0.03006876   0.00000000    -0.02175757   0.00000000     0.01100973   0.00000000
 -0.03006876   0.00000000     0.01100973   0.00000000    -0.02175757   0.00000000
    8    4
  0.00379203   0.00000000     0.00772849   0.00000000     0.01520130   0.00000000
 -0.00677097   0.00000000     0.01858418   0.00000000    -0.00772849   0.00000000
  0.02642006   0.00000000     0.00677097   0.00000000     0.00379203   0.00000000
    8    5
  0.00601261  -0.00000000    -0.00387237   0.00000000    -0.01492584   0.00000000
  0.01812919  -0.00000000    -0.03968663   0.00000000     0.00387237  -0.00000000
 -0.01766325   0.00000000    -0.01812919   0.00000000     0.00601261  -0.00000000
    8    6
  0.01881984   0.00000000    -0.00478632   0.00000000     0.00478632   0.00000000
  0.00954894   0.00000000    -0.01376833   0.00000000    -0.01401572   0.00000000
 -0.00954894   0.00000000    -0.01401572   0.00000000    -0.01376833   0.00000000
    8    7
 -0.02636126  -0.00000000     0.01268319  -0.00000000    -0.01268319   0.00000000
 -0.01092791  -0.00000000     0.01201284   0.00000000     0.00327342   0.00000000
  0.01092791  -0.00000000     0.00327342  -0.00000000     0.01201284  -0.00000000
    8    8
  0.05888921   0.00000000     0.00095282   0.00000000    -0.00095282   0.00000000
  0.00095282   0.00000000     0.07641714   0.00000000    -0.00196319   0.00000000
 -0.00095282   0.00000000    -0.00196319   0.00000000     0.07641714   0.00000000
    8    9
 -0.01962094  -0.00000000     0.00731717   0.00000000    -0.00731717  -0.00000000
  0.00731717   0.00000000    -0.01528068  -0.00000000     0.01295254   0.00000000
 -0.00731717  -0.00000000     0.01295254   0.00000000    -0.01528068  -0.00000000
    8   10
  0.00379203   0.00000000    -0.01520130   0.00000000    -0.00772849   0.00000000
 -0.02642006   0.00000000     0.00379203   0.00000000     0.00677097   0.00000000
  0.00677097   0.00000000    -0.00772849   0.00000000     0.01858418   0.00000000
    8   11
  0.00601261   0.00000000     0.01492584   0.00000000     0.00387237   0.00000000
  0.01766325   0.00000000     0.00601261   0.00000000    -0.01812919   0.00000000
 -0.01812919   0.00000000     0.00387237   0.00000000    -0.03968663   0.00000000
    9    1
  0.03760436   0.00000000    -0.01770379  -0.00000000     0.01770379   0.00000000
 -0.00670326  -0.00000000    -0.03583974  -0.00000000     0.00059197   0.00000000
  0.00670326   0.00000000     0.00059197   0.00000000    -0.03583974  -0.00000000
    9    2
 -0.02271680   0.00000000     0.02020333   0.00000000    -0.02020333   0.00000000
  0.03006876   0.00000000    -0.02175757   0.00000000     0.01100973   0.00000000
 -0.03006876   0.00000000     0.01100973   0.00000000    -0.02175757   0.00000000
    9    3
  0.01459284   0.00000000    -0.00200082   0.00000000     0.00200082   0.00000000
 -0.00387066   0.00000000     0.01657010   0.00000000    -0.00190629   0.00000000
  0.00387066   0.00000000    -0.00190629   0.00000000     0.01657010   0.00000000
    9    4
  0.00601261  -0.00000000    -0.00387237   0.00000000    -0.01492584   0.00000000
  0.01812919  -0.00000000    -0.03968663   0.00000000     0.00387237  -0.00000000
 -0.01766325   0.00000000    -0.01812919   0.00000000     0.00601261  -0.00000000
    9    5
  0.00379203  -0.00000000     0.00772849  -0.00000000     0.01520130  -0.00000000
 -0.00677097   0.00000000     0.01858418  -0.00000000    -0.00772849   0.00000000
  0.02642006  -0.00000000     0.00677097  -0.00000000     0.00379203  -0.00000000
    9    6
 -0.02636126   0.00000000     0.01268319  -0.00000000    -0.01268319   0.00000000
 -0.01092791   0.00000000     0.01201284  -0.00000000     0.00327342  -0.00000000
  0.01092791  -0.00000000     0.00327342  -0.00000000     0.01201284  -0.00000000
    9    7
  0.01881984  -0.00000000    -0.00478632   0.00000000     0.00478632  -0.00000000
  0.00954894  -0.00000000    -0.01376833   0.00000000    -0.01401572   0.00000000
 -0.00954894   0.00000000    -0.01401572   0.00000000    -0.01376833   0.00000000
    9    8
 -0.01962094   0.00000000     0.00731717  -0.00000000    -0.00731717   0.00000000
  0.00731717  -0.00000000    -0.01528068   0.00000000     0.01295254  -0.00000000
 -0.00731717   0.00000000     0.01295254  -0.00000000    -0.01528068   0.00000000
    9    9
  0.05888921   0.00000000     0.00095282   0.00000000    -0.00095282   0.00000000
  0.00095282   0.00000000     0.07641714   0.00000000    -0.00196319   0.00000000
 -0.00095282   0.00000000    -0.00196319   0.00000000     0.07641714   0.00000000
    9   10
  0.00601261  -0.00000000     0.01492584  -0.00000000     0.00387237  -0.00000000
  0.01766325  -0.00000000     0.00601261  -0.00000000    -0.01812919   0.00000000
 -0.01812919   0.00000000     0.00387237  -0.00000000    -0.03968663   0.00000000
    9   11
  0.00379203  -0.00000000    -0.01520130   0.00000000    -0.00772849   0.00000000
 -0.02642006   0.00000000     0.00379203  -0.00000000     0.00677097  -0.00000000
  0.00677097  -0.00000000    -0.00772849   0.00000000     0.01858418  -0.00000000
   10    1
  0.03583974   0.00000000     0.00670326   0.00000000    -0.00059197  -0.00000000
  0.01770379   0.00000000    -0.03760436  -0.00000000    -0.01770379  -0.00000000
 -0.00059197  -0.00000000    -0.00670326  -0.00000000     0.03583974   0.00000000
   10    2
  0.01657010   0.00000000    -0.00387066   0.00000000    -0.00190629   0.00000000
 -0.00200082   0.00000000     0.01459284   0.00000000     0.00200082   0.00000000
 -0.00190629   0.00000000     0.00387066   0.00000000     0.01657010   0.00000000
   10    3
 -0.02175757   0.00000000     0.03006876   0.00000000     0.01100973   0.00000000
  0.02020333   0.00000000    -0.02271680   0.00000000    -0.02020333   0.00000000
  0.01100973   0.00000000    -0.03006876   0.00000000    -0.02175757   0.00000000
   10    4
  0.01858418   0.00000000    -0.00677097   0.00000000    -0.00772849   0.00000000
  0.00772849   0.00000000     0.00379203   0.00000000     0.01520130   0.00000000
  0.00677097   0.00000000     0.02642006   0.00000000     0.00379203   0.00000000
   10    5
 -0.03968663   0.00000000     0.01812919  -0.00000000     0.00387237  -0.00000000
 -0.00387237   0.00000000     0.00601261  -0.00000000    -0.01492584   0.00000000
 -0.01812919   0.00000000    -0.01766325   0.00000000     0.00601261  -0.00000000
   10    6
 -0.01376833   0.00000000     0.00954894   0.00000000    -0.01401572   0.00000000
 -0.00478632   0.00000000     0.01881984   0.00000000     0.00478632   0.00000000
 -0.01401572   0.00000000    -0.00954894   0.00000000    -0.01376833   0.00000000
   10    7
  0.01201284  -0.00000000    -0.01092791   0.00000000     0.00327342  -0.00000000
  0.01268319   0.00000000    -0.02636126   0.00000000    -0.01268319  -0.00000000
  0.00327342   0.00000000     0.01092791   0.00000000     0.01201284   0.00000000
   10    8
  0.00379203   0.00000000    -0.02642006   0.00000000     0.00677097   0.00000000
 -0.01520130   0.00000000     0.00379203   0.00000000    -0.00772849   0.00000000
 -0.00772849   0.00000000     0.00677097   0.00000000     0.01858418   0.00000000
   10    9
  0.00601261   0.00000000     0.01766325   0.00000000    -0.01812919  -0.00000000
  0.01492584   0.00000000     0.00601261   0.00000000     0.00387237   0.00000000
  0.00387237   0.00000000    -0.01812919  -0.00000000    -0.03968663  -0.00000000
   10   10
  0.07641714   0.00000000     0.00095282   0.00000000    -0.00196319   0.00000000
  0.00095282   0.00000000     0.05888921   0.00000000    -0.00095282   0.00000000
 -0.00196319   0.00000000    -0.00095282   0.00000000     0.07641714   0.00000000
   10   11
 -0.01528068   0.00000000     0.00731717   0.00000000     0.01295254   0.00000000
  0.00731717   0.00000000    -0.01962094   0.00000000    -0.00731717   0.00000000
  0.01295254   0.00000000    -0.00731717   0.00000000    -0.01528068   0.00000000
   11    1
 -0.03583974  -0.00000000    -0.00670326  -0.00000000     0.00059197   0.00000000
 -0.01770379  -0.00000000     0.03760436   0.00000000     0.01770379   0.00000000
  0.00059197   0.00000000     0.00670326   0.00000000    -0.03583974  -0.00000000
   11    2
 -0.02175757   0.00000000     0.03006876   0.00000000     0.01100973   0.00000000
  0.02020333   0.00000000    -0.02271680   0.00000000    -0.02020333   0.00000000
  0.01100973   0.00000000    -0.03006876   0.00000000    -0.02175757   0.00000000
   11    3
  0.01657010   0.00000000    -0.00387066   0.00000000    -0.00190629   0.00000000
 -0.00200082   0.00000000     0.01459284   0.00000000     0.00200082   0.00000000
 -0.00190629   0.00000000     0.00387066   0.00000000     0.01657010   0.00000000
   11    4
 -0.03968663   0.00000000     0.01812919   0.00000000     0.00387237   0.00000000
 -0.00387237   0.00000000     0.00601261   0.00000000    -0.01492584   0.00000000
 -0.01812919   0.00000000    -0.01766325   0.00000000     0.00601261   0.00000000
   11    5
  0.01858418  -0.00000000    -0.00677097   0.00000000    -0.00772849   0.00000000
  0.00772849  -0.00000000     0.00379203  -0.00000000     0.01520130  -0.00000000
  0.00677097  -0.00000000     0.02642006  -0.00000000     0.00379203  -0.00000000
   11    6
  0.01201284   0.00000000    -0.01092791   0.00000000     0.00327342   0.00000000
  0.01268319   0.00000000    -0.02636126   0.00000000    -0.01268319   0.00000000
  0.00327342   0.00000000     0.01092791   0.00000000     0.01201284   0.00000000
   11    7
 -0.01376833   0.00000000     0.00954894  -0.00000000    -0.01401572   0.00000000
 -0.00478632   0.00000000     0.01881984  -0.00000000     0.00478632  -0.00000000
 -0.01401572   0.00000000    -0.00954894  -0.00000000    -0.01376833   0.00000000
   11    8
  0.00601261   0.00000000     0.01766325   0.00000000    -0.01812919   0.00000000
  0.01492584   0.00000000     0.00601261   0.00000000     0.00387237   0.00000000
  0.00387237   0.00000000    -0.01812919   0.00000000    -0.03968663   0.00000000
   11    9
  0.00379203   0.00000000    -0.02642006  -0.00000000     0.00677097   0.00000000
 -0.01520130  -0.00000000     0.00379203   0.00000000    -0.00772849  -0.00000000
 -0.00772849  -0.00000000     0.00677097   0.00000000     0.01858418   0.00000000
   11   10
 -0.01528068   0.00000000     0.00731717   0.00000000     0.01295254   0.00000000
  0.00731717   0.00000000    -0.01962094   0.00000000    -0.00731717   0.00000000
  0.01295254   0.00000000    -0.00731717   0.00000000    -0.01528068   0.00000000
   11   11
  0.07641714   0.00000000     0.00095282   0.00000000    -0.00196319   0.00000000
  0.00095282   0.00000000     0.05888921   0.00000000    -0.00095282   0.00000000
 -0.00196319   0.00000000    -0.00095282   0.00000000     0.07641714   0.00000000

     Dynamical  Matrix in cartesian axes

     q = (   -0.353553391   0.353553391   0.353553391 ) 

    1    1
  0.20432185   0.00000000    -0.06147881   0.00000000    -0.06147881   0.00000000
 -0.06147881   0.00000000     0.20432185   0.00000000     0.06147881   0.00000000
 -0.06147881   0.00000000     0.06147881   0.00000000     0.20432185   0.00000000
    1    2
  0.00764061   0.00000000    -0.02961986  -0.00000000    -0.02961986  -0.00000000
 -0.02961986  -0.00000000     0.00764061   0.00000000     0.02961986   0.00000000
 -0.02961986  -0.00000000     0.02961986   0.00000000     0.00764061   0.00000000
    1    3
 -0.00764061  -0.00000000     0.02961986   0.00000000     0.02961986   0.00000000
  0.02961986   0.00000000    -0.00764061  -0.00000000    -0.02961986  -0.00000000
  0.02961986   0.00000000    -0.02961986  -0.00000000    -0.00764061  -0.00000000
    1    4
 -0.03760436  -0.00000000    -0.00670326  -0.00000000    -0.00670326  -0.00000000
 -0.01770379  -0.00000000     0.03583974   0.00000000     0.00059197   0.00000000
 -0.01770379  -0.00000000     0.00059197   0.00000000     0.03583974   0.00000000
    1    5
  0.03760436   0.00000000     0.00670326   0.00000000     0.00670326   0.00000000
  0.01770379   0.00000000    -0.03583974  -0.00000000    -0.00059197  -0.00000000
  0.01770379   0.00000000    -0.00059197  -0.00000000    -0.03583974  -0.00000000
    1    6
  0.03583974   0.00000000    -0.01770379  -0.00000000    -0.00059197  -0.00000000
 -0.00670326  -0.00000000    -0.03760436  -0.00000000     0.00670326   0.00000000
 -0.00059197  -0.00000000     0.01770379   0.00000000     0.03583974   0.00000000
    1    7
 -0.03583974  -0.00000000     0.01770379   0.00000000     0.00059197   0.00000000
  0.00670326   0.00000000     0.03760436   0.00000000    -0.00670326  -0.00000000
  0.00059197   0.00000000    -0.01770379  -0.00000000    -0.03583974  -0.00000000
    1    8
  0.03583974   0.00000000    -0.00059197  -0.00000000    -0.01770379  -0.00000000
 -0.00059197  -0.00000000     0.03583974   0.00000000     0.01770379   0.00000000
 -0.00670326  -0.00000000     0.00670326   0.00000000    -0.03760436  -0.00000000
    1    9
 -0.03583974  -0.00000000     0.00059197   0.00000000     0.01770379   0.00000000
  0.00059197  -0.00000000    -0.03583974  -0.00000000    -0.01770379  -0.00000000
  0.00670326   0.00000000    -0.00670326  -0.00000000     0.03760436   0.00000000
    1   10
 -0.04531328  -0.00000000    -0.00510088  -0.00000000    -0.00510088  -0.00000000
 -0.00510088  -0.00000000    -0.04531328  -0.00000000     0.00510088   0.00000000
 -0.00510088  -0.00000000     0.00510088   0.00000000    -0.04531328  -0.00000000
    1   11
  0.04531328   0.00000000     0.00510088   0.00000000     0.00510088   0.00000000
  0.00510088   0.00000000     0.04531328   0.00000000    -0.00510088  -0.00000000
  0.00510088   0.00000000    -0.00510088  -0.00000000     0.04531328   0.00000000
    2    1
  0.00764061  -0.00000000    -0.02961986   0.00000000    -0.02961986   0.00000000
 -0.02961986   0.00000000     0.00764061  -0.00000000     0.02961986  -0.00000000
 -0.02961986   0.00000000     0.02961986  -0.00000000     0.00764061  -0.00000000
    2    2
  0.07776257   0.00000000     0.00585804   0.00000000     0.00585804   0.00000000
  0.00585804   0.00000000     0.07776257   0.00000000    -0.00585804   0.00000000
  0.00585804   0.00000000    -0.00585804   0.00000000     0.07776257   0.00000000
    2    3
 -0.00686614   0.00000000    -0.00490736   0.00000000    -0.00490736   0.00000000
 -0.00490736   0.00000000    -0.00686614   0.00000000     0.00490736   0.00000000
 -0.00490736   0.00000000     0.00490736   0.00000000    -0.00686614   0.00000000
    2    4
  0.01459284   0.00000000     0.00387066   0.00000000     0.00387066   0.00000000
  0.00200082   0.00000000     0.01657010   0.00000000     0.00190629   0.00000000
  0.00200082   0.00000000     0.00190629   0.00000000     0.01657010   0.00000000
    2    5
 -0.02271680  -0.00000000    -0.03006876  -0.00000000    -0.03006876  -0.00000000
 -0.02020333  -0.00000000    -0.02175757  -0.00000000    -0.01100973  -0.00000000
 -0.02020333  -0.00000000    -0.01100973  -0.00000000    -0.02175757  -0.00000000
    2    6
  0.01657010   0.00000000     0.00200082   0.00000000    -0.00190629   0.00000000
  0.00387066   0.00000000     0.01459284   0.00000000    -0.00387066   0.00000000
 -0.00190629   0.00000000    -0.00200082   0.00000000     0.01657010   0.00000000
    2    7
 -0.02175757   0.00000000    -0.02020333   0.00000000     0.01100973  -0.00000000
 -0.03006876   0.00000000    -0.02271680   0.00000000     0.03006876  -0.00000000
  0.01100973  -0.00000000     0.02020333  -0.00000000    -0.02175757   0.00000000
    2    8
  0.01657010   0.00000000    -0.00190629   0.00000000     0.00200082   0.00000000
 -0.00190629   0.00000000     0.01657010   0.00000000    -0.00200082   0.00000000
  0.00387066   0.00000000    -0.00387066   0.00000000     0.01459284   0.00000000
    2    9
 -0.02175757   0.00000000     0.01100973  -0.00000000    -0.02020333   0.00000000
  0.01100973  -0.00000000    -0.02175757   0.00000000     0.02020333  -0.00000000
 -0.03006876   0.00000000     0.03006876  -0.00000000    -0.02271680   0.00000000
    2   10
  0.00136368   0.00000000     0.00234870   0.00000000     0.00234870   0.00000000
  0.00234870   0.00000000     0.00136368   0.00000000    -0.00234870   0.00000000
  0.00234870   0.00000000    -0.00234870   0.00000000     0.00136368   0.00000000
    2   11
  0.00803192   0.00000000    -0.01586548  -0.00000000    -0.01586548  -0.00000000
 -0.01586548  -0.00000000     0.00803192   0.00000000     0.01586548   0.00000000
 -0.01586548  -0.00000000     0.01586548   0.00000000     0.00803192   0.00000000
    3    1
 -0.00764061   0.00000000     0.02961986  -0.00000000     0.02961986  -0.00000000
  0.02961986  -0.00000000    -0.00764061   0.00000000    -0.02961986   0.00000000
  0.02961986  -0.00000000    -0.02961986   0.00000000    -0.00764061   0.00000000
    3    2
 -0.00686614   0.00000000    -0.00490736   0.00000000    -0.00490736   0.00000000
 -0.00490736   0.00000000    -0.00686614   0.00000000     0.00490736   0.00000000
 -0.00490736   0.00000000     0.00490736   0.00000000    -0.00686614   0.00000000
    3    3
  0.07776257   0.00000000     0.00585804   0.00000000     0.00585804   0.00000000
  0.00585804   0.00000000     0.07776257   0.00000000    -0.00585804   0.00000000
  0.00585804   0.00000000    -0.00585804   0.00000000     0.07776257   0.00000000
    3    4
 -0.02271680   0.00000000    -0.03006876   0.00000000    -0.03006876   0.00000000
 -0.02020333   0.00000000    -0.02175757   0.00000000    -0.01100973   0.00000000
 -0.02020333   0.00000000    -0.01100973   0.00000000    -0.02175757   0.00000000
    3    5
  0.01459284   0.00000000     0.00387066   0.00000000     0.00387066   0.00000000
  0.00200082   0.00000000     0.01657010   0.00000000     0.00190629   0.00000000
  0.00200082   0.00000000     0.00190629   0.00000000     0.01657010   0.00000000
    3    6
 -0.02175757   0.00000000    -0.02020333   0.00000000     0.01100973   0.00000000
 -0.03006876   0.00000000    -0.02271680   0.00000000     0.03006876   0.00000000
  0.01100973   0.00000000     0.02020333   0.00000000    -0.02175757   0.00000000
    3    7
  0.01657010  -0.00000000     0.00200082  -0.00000000    -0.00190629   0.00000000
  0.00387066  -0.00000000     0.01459284  -0.00000000    -0.00387066   0.00000000
 -0.00190629   0.00000000    -0.00200082   0.00000000     0.01657010  -0.00000000
    3    8
 -0.02175757   0.00000000     0.01100973   0.00000000    -0.02020333   0.00000000
  0.01100973   0.00000000    -0.02175757   0.00000000     0.02020333   0.00000000
 -0.03006876   0.00000000     0.03006876   0.00000000    -0.02271680   0.00000000
    3    9
  0.01657010  -0.00000000    -0.00190629   0.00000000     0.00200082  -0.00000000
 -0.00190629   0.00000000     0.01657010  -0.00000000    -0.00200082   0.00000000
  0.00387066  -0.00000000    -0.00387066   0.00000000     0.01459284  -0.00000000
    3   10
  0.00803192   0.00000000    -0.01586548   0.00000000    -0.01586548   0.00000000
 -0.01586548   0.00000000     0.00803192   0.00000000     0.01586548   0.00000000
 -0.01586548   0.00000000     0.01586548   0.00000000     0.00803192   0.00000000
    3   11
  0.00136368   0.00000000     0.00234870   0.00000000     0.00234870   0.00000000
  0.00234870   0.00000000     0.00136368   0.00000000    -0.00234870  -0.00000000
  0.00234870   0.00000000    -0.00234870  -0.00000000     0.00136368   0.00000000
    4    1
 -0.03760436   0.00000000    -0.01770379   0.00000000    -0.01770379   0.00000000
