  3.000000000000000E-002   1.50258710658322        5.61113919275752     
           6

     Dynamical  Matrix in cartesian axes

     q = (    0.471404521   0.000000000   0.000000000 ) 

    1    1
  0.27171619   0.00000000    -0.00000000   0.00000000     0.00000000   0.00000000
 -0.00000000   0.00000000     0.10172790   0.00000000     0.00000000   0.00000000
  0.00000000   0.00000000     0.00000000   0.00000000     0.10172790   0.00000000
    1    2
  0.01086661  -0.01882152     0.00000000   0.00000000    -0.00000000   0.00000000
 -0.00000000  -0.00000000    -0.01534136   0.02657201    -0.02056895  -0.01187549
 -0.00000000   0.00000000    -0.02056895  -0.01187549    -0.01534136   0.02657201
    1    3
 -0.02173322  -0.00000000     0.00000000  -0.00000000    -0.00000000  -0.00000000
 -0.00000000  -0.00000000     0.03068272   0.00000000     0.00000000  -0.02375098
  0.00000000  -0.00000000     0.00000000  -0.02375098     0.03068272   0.00000000
    1    4
  0.04420190  -0.03364429    -0.01697511   0.00867605    -0.01697511   0.00867605
 -0.01334800   0.00379259    -0.00410154   0.00854079    -0.01898945   0.00374674
 -0.01334800   0.00379259    -0.01898945   0.00374674    -0.00410154   0.00854079
    1    5
 -0.05123776   0.02145782     0.01600123  -0.01036285     0.01600123  -0.01036285
  0.00995848  -0.00966341     0.00944731   0.00071836     0.01273950  -0.01457197
  0.00995848  -0.00966341     0.01273950  -0.01457197     0.00944731   0.00071836
    1    6
 -0.05123776   0.02145782     0.01600123  -0.01036285    -0.01600123   0.01036285
  0.00995848  -0.00966341     0.00944731   0.00071836    -0.01273950   0.01457197
 -0.00995848   0.00966341    -0.01273950   0.01457197     0.00944731   0.00071836
    1    7
  0.04420190  -0.03364429    -0.01697511   0.00867605     0.01697511  -0.00867605
 -0.01334800   0.00379259    -0.00410154   0.00854079     0.01898945  -0.00374674
  0.01334800  -0.00379259     0.01898945  -0.00374674    -0.00410154   0.00854079
    1    8
 -0.05123776   0.02145782    -0.01600123   0.01036285     0.01600123  -0.01036285
 -0.00995848   0.00966341     0.00944731   0.00071836    -0.01273950   0.01457197
  0.00995848  -0.00966341    -0.01273950   0.01457197     0.00944731   0.00071836
    1    9
  0.04420190  -0.03364429     0.01697511  -0.00867605    -0.01697511   0.00867605
  0.01334800  -0.00379259    -0.00410154   0.00854079     0.01898945  -0.00374674
 -0.01334800   0.00379259     0.01898945  -0.00374674    -0.00410154   0.00854079
    1   10
  0.04420190  -0.03364429     0.01697511  -0.00867605     0.01697511  -0.00867605
  0.01334800  -0.00379259    -0.00410154   0.00854079    -0.01898945   0.00374674
  0.01334800  -0.00379259    -0.01898945   0.00374674    -0.00410154   0.00854079
    1   11
 -0.05123776   0.02145782    -0.01600123   0.01036285    -0.01600123   0.01036285
 -0.00995848   0.00966341     0.00944731   0.00071836     0.01273950  -0.01457197
 -0.00995848   0.00966341     0.01273950  -0.01457197     0.00944731   0.00071836
    2    1
  0.01086661   0.01882152     0.00000000   0.00000000    -0.00000000  -0.00000000
  0.00000000   0.00000000    -0.01534136  -0.02657201    -0.02056895   0.01187549
  0.00000000  -0.00000000    -0.02056895   0.01187549    -0.01534136  -0.02657201
    2    2
  0.10419079   0.00000000    -0.00000000  -0.00000000     0.00000000  -0.00000000
 -0.00000000  -0.00000000     0.07522680   0.00000000     0.00000000   0.00000000
  0.00000000  -0.00000000     0.00000000   0.00000000     0.07522680  -0.00000000
    2    3
 -0.00888319  -0.01538613    -0.00000000   0.00000000    -0.00000000   0.00000000
 -0.00000000   0.00000000    -0.00029230  -0.00050628    -0.01735810   0.01002171
 -0.00000000   0.00000000    -0.01735810   0.01002171    -0.00029230  -0.00050628
    2    4
 -0.00520961  -0.01662003     0.01073613   0.00320949     0.01073613   0.00320949
  0.00762434   0.00135699     0.01005641  -0.00845493     0.01327376   0.00540694
  0.00762434   0.00135699     0.01327376   0.00540694     0.01005641  -0.00845493
    2    5
 -0.00300897   0.01433354    -0.02358866  -0.00220580    -0.02358866  -0.00220580
 -0.02124894   0.00400403    -0.01963455   0.00612222    -0.02288576   0.00180737
 -0.02124894   0.00400403    -0.02288576   0.00180737    -0.01963455   0.00612222
    2    6
  0.01699817  -0.00379836    -0.00814756  -0.00769302     0.00814756   0.00769302
 -0.00498736  -0.00592438     0.00229397  -0.01293657     0.01131943   0.00879194
  0.00498736   0.00592438     0.01131943   0.00879194     0.00229397  -0.01293657
    2    7
 -0.01090872   0.00977262     0.01370461   0.01932548    -0.01370461  -0.01932548
  0.00715688   0.02040414     0.00451528   0.02006513    -0.00987765  -0.02072334
 -0.00715688  -0.02040414    -0.00987765  -0.02072334     0.00451528   0.02006513
    2    8
  0.01699817  -0.00379836     0.00814756   0.00769302    -0.00814756  -0.00769302
  0.00498736   0.00592438     0.00229397  -0.01293657     0.01131943   0.00879194
 -0.00498736  -0.00592438     0.01131943   0.00879194     0.00229397  -0.01293657
    2    9
 -0.01090872   0.00977262    -0.01370461  -0.01932548     0.01370461   0.01932548
 -0.00715688  -0.02040414     0.00451528   0.02006513    -0.00987765  -0.02072334
  0.00715688   0.02040414    -0.00987765  -0.02072334     0.00451528   0.02006513
    2   10
 -0.00520961  -0.01662003    -0.01073613  -0.00320949    -0.01073613  -0.00320949
 -0.00762434  -0.00135699     0.01005641  -0.00845493     0.01327376   0.00540694
 -0.00762434  -0.00135699     0.01327376   0.00540694     0.01005641  -0.00845493
    2   11
 -0.00300897   0.01433354     0.02358866   0.00220580     0.02358866   0.00220580
  0.02124894  -0.00400403    -0.01963455   0.00612222    -0.02288576   0.00180737
  0.02124894  -0.00400403    -0.02288576   0.00180737    -0.01963455   0.00612222
    3    1
 -0.02173322   0.00000000    -0.00000000  -0.00000000    -0.00000000  -0.00000000
 -0.00000000  -0.00000000     0.03068272  -0.00000000     0.00000000   0.02375098
 -0.00000000  -0.00000000     0.00000000   0.02375098     0.03068272  -0.00000000
    3    2
 -0.00888319   0.01538613    -0.00000000  -0.00000000    -0.00000000   0.00000000
 -0.00000000  -0.00000000    -0.00029230   0.00050628    -0.01735810  -0.01002171
 -0.00000000  -0.00000000    -0.01735810  -0.01002171    -0.00029230   0.00050628
    3    3
  0.10419079  -0.00000000    -0.00000000   0.00000000     0.00000000   0.00000000
 -0.00000000   0.00000000     0.07522680  -0.00000000     0.00000000  -0.00000000
  0.00000000   0.00000000     0.00000000  -0.00000000     0.07522680   0.00000000
    3    4
 -0.00300897  -0.01433354    -0.02358866   0.00220580    -0.02358866   0.00220580
 -0.02124894  -0.00400403    -0.01963455  -0.00612222    -0.02288576  -0.00180737
 -0.02124894  -0.00400403    -0.02288576  -0.00180737    -0.01963455  -0.00612222
    3    5
 -0.00520961   0.01662003     0.01073613  -0.00320949     0.01073613  -0.00320949
  0.00762434  -0.00135699     0.01005641   0.00845493     0.01327376  -0.00540694
  0.00762434  -0.00135699     0.01327376  -0.00540694     0.01005641   0.00845493
    3    6
 -0.01090872  -0.00977262     0.01370461  -0.01932548    -0.01370461   0.01932548
  0.00715688  -0.02040414     0.00451528  -0.02006513    -0.00987765   0.02072334
 -0.00715688   0.02040414    -0.00987765   0.02072334     0.00451528  -0.02006513
    3    7
  0.01699817   0.00379836    -0.00814756   0.00769302     0.00814756  -0.00769302
 -0.00498736   0.00592438     0.00229397   0.01293657     0.01131943  -0.00879194
  0.00498736  -0.00592438     0.01131943  -0.00879194     0.00229397   0.01293657
    3    8
 -0.01090872  -0.00977262    -0.01370461   0.01932548     0.01370461  -0.01932548
 -0.00715688   0.02040414     0.00451528  -0.02006513    -0.00987765   0.02072334
  0.00715688  -0.02040414    -0.00987765   0.02072334     0.00451528  -0.02006513
    3    9
  0.01699817   0.00379836     0.00814756  -0.00769302    -0.00814756   0.00769302
  0.00498736  -0.00592438     0.00229397   0.01293657     0.01131943  -0.00879194
 -0.00498736   0.00592438     0.01131943  -0.00879194     0.00229397   0.01293657
    3   10
 -0.00300897  -0.01433354     0.02358866  -0.00220580     0.02358866  -0.00220580
  0.02124894   0.00400403    -0.01963455  -0.00612222    -0.02288576  -0.00180737
  0.02124894   0.00400403    -0.02288576  -0.00180737    -0.01963455  -0.00612222
    3   11
 -0.00520961   0.01662003    -0.01073613   0.00320949    -0.01073613   0.00320949
 -0.00762434   0.00135699     0.01005641   0.00845493     0.01327376  -0.00540694
 -0.00762434   0.00135699     0.01327376  -0.00540694     0.01005641   0.00845493
    4    1
  0.04420190   0.03364429    -0.01334800  -0.00379259    -0.01334800  -0.00379259
 -0.01697511  -0.00867605    -0.00410154  -0.00854079    -0.01898945  -0.00374674
 -0.01697511  -0.00867605    -0.01898945  -0.00374674    -0.00410154  -0.00854079
    4    2
 -0.00520961   0.01662003     0.00762434  -0.00135699     0.00762434  -0.00135699
  0.01073613  -0.00320949     0.01005641   0.00845493     0.01327376  -0.00540694
  0.01073613  -0.00320949     0.01327376  -0.00540694     0.01005641   0.00845493
    4    3
 -0.00300897   0.01433354    -0.02124894   0.00400403    -0.02124894   0.00400403
 -0.02358866  -0.00220580    -0.01963455   0.00612222    -0.02288576   0.00180737
 -0.02358866  -0.00220580    -0.02288576   0.00180737    -0.01963455   0.00612222
    4    4
  0.09782039   0.00000000    -0.00438784  -0.00060087    -0.00438784  -0.00060087
 -0.00438784   0.00060087     0.07388821  -0.00000000     0.00442096   0.00000000
 -0.00438784   0.00060087     0.00442096   0.00000000     0.07388821  -0.00000000
    4    5
 -0.03796645   0.01388707    -0.00264848  -0.00344455    -0.00264848  -0.00344455
 -0.00264848  -0.00344455    -0.02676660  -0.00023382    -0.01500748   0.00467845
 -0.00264848  -0.00344455    -0.01500748   0.00467845    -0.02676660  -0.00023382
    4    6
 -0.01934271   0.01419991     0.02482631  -0.00473165    -0.01302275   0.00525025
  0.02482631  -0.00473165    -0.01454153   0.00483645    -0.00288901  -0.00174257
  0.01302275  -0.00525025     0.00288901   0.00174257     0.02028418   0.00109133
    4    7
  0.02740948   0.00000000    -0.02337987  -0.00077671     0.02215815   0.00038363
 -0.02337987   0.00077671     0.01038341   0.00000000     0.00847109   0.00242568
 -0.02215815   0.00038363    -0.00847109   0.00242568    -0.04816119  -0.00000000
    4    8
 -0.01934271   0.01419991    -0.01302275   0.00525025     0.02482631  -0.00473165
  0.01302275  -0.00525025     0.02028418   0.00109133     0.00288901   0.00174257
  0.02482631  -0.00473165    -0.00288901  -0.00174257    -0.01454153   0.00483645
    4    9
  0.02740948   0.00000000     0.02215815   0.00038363    -0.02337987  -0.00077671
 -0.02215815   0.00038363    -0.04816119  -0.00000000    -0.00847109   0.00242568
 -0.02337987   0.00077671     0.00847109   0.00242568     0.01038341   0.00000000
    4   10
  0.03552246  -0.00000000     0.02092505  -0.00014874     0.02092505  -0.00014874
 -0.02092505  -0.00014874    -0.01106822   0.00000000     0.01551883  -0.00000000
 -0.02092505  -0.00014874     0.01551883  -0.00000000    -0.01106822   0.00000000
    4   11
 -0.05803518   0.00706694    -0.02311791   0.00741845    -0.02311791   0.00741845
  0.02311791  -0.00741845     0.01554751  -0.00297045    -0.01331820   0.00093262
  0.02311791  -0.00741845    -0.01331820   0.00093262     0.01554751  -0.00297045
    5    1
 -0.05123776  -0.02145782     0.00995848   0.00966341     0.00995848   0.00966341
  0.01600123   0.01036285     0.00944731  -0.00071836     0.01273950   0.01457197
  0.01600123   0.01036285     0.01273950   0.01457197     0.00944731  -0.00071836
    5    2
 -0.00300897  -0.01433354    -0.02124894  -0.00400403    -0.02124894  -0.00400403
 -0.02358866   0.00220580    -0.01963455  -0.00612222    -0.02288576  -0.00180737
 -0.02358866   0.00220580    -0.02288576  -0.00180737    -0.01963455  -0.00612222
    5    3
 -0.00520961  -0.01662003     0.00762434   0.00135699     0.00762434   0.00135699
  0.01073613   0.00320949     0.01005641  -0.00845493     0.01327376   0.00540694
  0.01073613   0.00320949     0.01327376   0.00540694     0.01005641  -0.00845493
    5    4
 -0.03796645  -0.01388707    -0.00264848   0.00344455    -0.00264848   0.00344455
 -0.00264848   0.00344455    -0.02676660   0.00023382    -0.01500748  -0.00467845
 -0.00264848   0.00344455    -0.01500748  -0.00467845    -0.02676660   0.00023382
    5    5
  0.09782039  -0.00000000    -0.00438784   0.00060087    -0.00438784   0.00060087
 -0.00438784  -0.00060087     0.07388821   0.00000000     0.00442096  -0.00000000
 -0.00438784  -0.00060087     0.00442096  -0.00000000     0.07388821   0.00000000
    5    6
  0.02740948  -0.00000000    -0.02337987   0.00077671     0.02215815  -0.00038363
 -0.02337987  -0.00077671     0.01038341  -0.00000000     0.00847109  -0.00242568
 -0.02215815  -0.00038363    -0.00847109  -0.00242568    -0.04816119   0.00000000
    5    7
 -0.01934271  -0.01419991     0.02482631   0.00473165    -0.01302275  -0.00525025
  0.02482631   0.00473165    -0.01454153  -0.00483645    -0.00288901   0.00174257
  0.01302275   0.00525025     0.00288901  -0.00174257     0.02028418  -0.00109133
    5    8
  0.02740948  -0.00000000     0.02215815  -0.00038363    -0.02337987   0.00077671
 -0.02215815  -0.00038363    -0.04816119   0.00000000    -0.00847109  -0.00242568
 -0.02337987  -0.00077671     0.00847109  -0.00242568     0.01038341  -0.00000000
    5    9
 -0.01934271  -0.01419991    -0.01302275  -0.00525025     0.02482631   0.00473165
  0.01302275   0.00525025     0.02028418  -0.00109133     0.00288901  -0.00174257
  0.02482631   0.00473165    -0.00288901   0.00174257    -0.01454153  -0.00483645
    5   10
 -0.05803518  -0.00706694    -0.02311791  -0.00741845    -0.02311791  -0.00741845
  0.02311791   0.00741845     0.01554751   0.00297045    -0.01331820  -0.00093262
  0.02311791   0.00741845    -0.01331820  -0.00093262     0.01554751   0.00297045
    5   11
  0.03552246   0.00000000     0.02092505   0.00014874     0.02092505   0.00014874
 -0.02092505   0.00014874    -0.01106822  -0.00000000     0.01551883   0.00000000
 -0.02092505   0.00014874     0.01551883   0.00000000    -0.01106822  -0.00000000
    6    1
 -0.05123776  -0.02145782     0.00995848   0.00966341    -0.00995848  -0.00966341
  0.01600123   0.01036285     0.00944731  -0.00071836    -0.01273950  -0.01457197
 -0.01600123  -0.01036285    -0.01273950  -0.01457197     0.00944731  -0.00071836
    6    2
  0.01699817   0.00379836    -0.00498736   0.00592438     0.00498736  -0.00592438
 -0.00814756   0.00769302     0.00229397   0.01293657     0.01131943  -0.00879194
  0.00814756  -0.00769302     0.01131943  -0.00879194     0.00229397   0.01293657
    6    3
 -0.01090872   0.00977262     0.00715688   0.02040414    -0.00715688  -0.02040414
  0.01370461   0.01932548     0.00451528   0.02006513    -0.00987765  -0.02072334
 -0.01370461  -0.01932548    -0.00987765  -0.02072334     0.00451528   0.02006513
    6    4
 -0.01934271  -0.01419991     0.02482631   0.00473165     0.01302275   0.00525025
  0.02482631   0.00473165    -0.01454153  -0.00483645     0.00288901  -0.00174257
 -0.01302275  -0.00525025    -0.00288901   0.00174257     0.02028418  -0.00109133
    6    5
  0.02740948   0.00000000    -0.02337987   0.00077671    -0.02215815   0.00038363
 -0.02337987  -0.00077671     0.01038341   0.00000000    -0.00847109   0.00242568
  0.02215815   0.00038363     0.00847109   0.00242568    -0.04816119  -0.00000000
    6    6
  0.09782039  -0.00000000    -0.00438784   0.00060087     0.00438784  -0.00060087
 -0.00438784  -0.00060087     0.07388821   0.00000000    -0.00442096   0.00000000
  0.00438784   0.00060087    -0.00442096   0.00000000     0.07388821   0.00000000
    6    7
 -0.03796645  -0.01388707    -0.00264848   0.00344455     0.00264848  -0.00344455
 -0.00264848   0.00344455    -0.02676660   0.00023382     0.01500748   0.00467845
  0.00264848  -0.00344455     0.01500748   0.00467845    -0.02676660   0.00023382
    6    8
  0.03552246   0.00000000     0.02092505   0.00014874    -0.02092505  -0.00014874
 -0.02092505   0.00014874    -0.01106822  -0.00000000    -0.01551883   0.00000000
  0.02092505  -0.00014874    -0.01551883   0.00000000    -0.01106822  -0.00000000
    6    9
 -0.05803518  -0.00706694    -0.02311791  -0.00741845     0.02311791   0.00741845
  0.02311791   0.00741845     0.01554751   0.00297045     0.01331820   0.00093262
 -0.02311791  -0.00741845     0.01331820   0.00093262     0.01554751   0.00297045
    6   10
 -0.01934271  -0.01419991    -0.01302275  -0.00525025    -0.02482631  -0.00473165
  0.01302275   0.00525025     0.02028418  -0.00109133    -0.00288901   0.00174257
 -0.02482631  -0.00473165     0.00288901  -0.00174257    -0.01454153  -0.00483645
    6   11
  0.02740948   0.00000000     0.02215815  -0.00038363     0.02337987  -0.00077671
 -0.02215815  -0.00038363    -0.04816119  -0.00000000     0.00847109   0.00242568
  0.02337987   0.00077671    -0.00847109   0.00242568     0.01038341   0.00000000
    7    1
  0.04420190   0.03364429    -0.01334800  -0.00379259     0.01334800   0.00379259
 -0.01697511  -0.00867605    -0.00410154  -0.00854079     0.01898945   0.00374674
  0.01697511   0.00867605     0.01898945   0.00374674    -0.00410154  -0.00854079
    7    2
 -0.01090872  -0.00977262     0.00715688  -0.02040414    -0.00715688   0.02040414
  0.01370461  -0.01932548     0.00451528  -0.02006513    -0.00987765   0.02072334
 -0.01370461   0.01932548    -0.00987765   0.02072334     0.00451528  -0.02006513
    7    3
  0.01699817  -0.00379836    -0.00498736  -0.00592438     0.00498736   0.00592438
 -0.00814756  -0.00769302     0.00229397  -0.01293657     0.01131943   0.00879194
  0.00814756   0.00769302     0.01131943   0.00879194     0.00229397  -0.01293657
    7    4
  0.02740948  -0.00000000    -0.02337987  -0.00077671    -0.02215815  -0.00038363
 -0.02337987   0.00077671     0.01038341  -0.00000000    -0.00847109  -0.00242568
  0.02215815  -0.00038363     0.00847109  -0.00242568    -0.04816119   0.00000000
    7    5
 -0.01934271   0.01419991     0.02482631  -0.00473165     0.01302275  -0.00525025
  0.02482631  -0.00473165    -0.01454153   0.00483645     0.00288901   0.00174257
 -0.01302275   0.00525025    -0.00288901  -0.00174257     0.02028418   0.00109133
    7    6
 -0.03796645   0.01388707    -0.00264848  -0.00344455     0.00264848   0.00344455
 -0.00264848  -0.00344455    -0.02676660  -0.00023382     0.01500748  -0.00467845
  0.00264848   0.00344455     0.01500748  -0.00467845    -0.02676660  -0.00023382
    7    7
  0.09782039   0.00000000    -0.00438784  -0.00060087     0.00438784   0.00060087
 -0.00438784   0.00060087     0.07388821  -0.00000000    -0.00442096  -0.00000000
  0.00438784  -0.00060087    -0.00442096  -0.00000000     0.07388821  -0.00000000
    7    8
 -0.05803518   0.00706694    -0.02311791   0.00741845     0.02311791  -0.00741845
  0.02311791  -0.00741845     0.01554751  -0.00297045     0.01331820  -0.00093262
 -0.02311791   0.00741845     0.01331820  -0.00093262     0.01554751  -0.00297045
    7    9
  0.03552246  -0.00000000     0.02092505  -0.00014874    -0.02092505   0.00014874
 -0.02092505  -0.00014874    -0.01106822   0.00000000    -0.01551883   0.00000000
  0.02092505   0.00014874    -0.01551883   0.00000000    -0.01106822   0.00000000
    7   10
  0.02740948  -0.00000000     0.02215815   0.00038363     0.02337987   0.00077671
 -0.02215815   0.00038363    -0.04816119   0.00000000     0.00847109  -0.00242568
  0.02337987  -0.00077671    -0.00847109  -0.00242568     0.01038341  -0.00000000
    7   11
 -0.01934271   0.01419991    -0.01302275   0.00525025    -0.02482631   0.00473165
  0.01302275  -0.00525025     0.02028418   0.00109133    -0.00288901  -0.00174257
 -0.02482631   0.00473165     0.00288901   0.00174257    -0.01454153   0.00483645
    8    1
 -0.05123776  -0.02145782    -0.00995848  -0.00966341     0.00995848   0.00966341
 -0.01600123  -0.01036285     0.00944731  -0.00071836    -0.01273950  -0.01457197
  0.01600123   0.01036285    -0.01273950  -0.01457197     0.00944731  -0.00071836
    8    2
  0.01699817   0.00379836     0.00498736  -0.00592438    -0.00498736   0.00592438
  0.00814756  -0.00769302     0.00229397   0.01293657     0.01131943  -0.00879194
 -0.00814756   0.00769302     0.01131943  -0.00879194     0.00229397   0.01293657
    8    3
 -0.01090872   0.00977262    -0.00715688  -0.02040414     0.00715688   0.02040414
 -0.01370461  -0.01932548     0.00451528   0.02006513    -0.00987765  -0.02072334
  0.01370461   0.01932548    -0.00987765  -0.02072334     0.00451528   0.02006513
    8    4
 -0.01934271  -0.01419991     0.01302275   0.00525025     0.02482631   0.00473165
 -0.01302275  -0.00525025     0.02028418  -0.00109133    -0.00288901   0.00174257
  0.02482631   0.00473165     0.00288901  -0.00174257    -0.01454153  -0.00483645
    8    5
  0.02740948   0.00000000    -0.02215815   0.00038363    -0.02337987   0.00077671
  0.02215815   0.00038363    -0.04816119  -0.00000000     0.00847109   0.00242568
 -0.02337987  -0.00077671    -0.00847109   0.00242568     0.01038341   0.00000000
    8    6
  0.03552246   0.00000000    -0.02092505  -0.00014874     0.02092505   0.00014874
  0.02092505  -0.00014874    -0.01106822  -0.00000000    -0.01551883   0.00000000
 -0.02092505   0.00014874    -0.01551883  -0.00000000    -0.01106822  -0.00000000
    8    7
 -0.05803518  -0.00706694     0.02311791   0.00741845    -0.02311791  -0.00741845
 -0.02311791  -0.00741845     0.01554751   0.00297045     0.01331820   0.00093262
  0.02311791   0.00741845     0.01331820   0.00093262     0.01554751   0.00297045
    8    8
  0.09782039  -0.00000000     0.00438784  -0.00060087    -0.00438784   0.00060087
  0.00438784   0.00060087     0.07388821   0.00000000    -0.00442096   0.00000000
 -0.00438784  -0.00060087    -0.00442096   0.00000000     0.07388821   0.00000000
    8    9
 -0.03796645  -0.01388707     0.00264848  -0.00344455    -0.00264848   0.00344455
  0.00264848  -0.00344455    -0.02676660   0.00023382     0.01500748   0.00467845
 -0.00264848   0.00344455     0.01500748   0.00467845    -0.02676660   0.00023382
    8   10
 -0.01934271  -0.01419991    -0.02482631  -0.00473165    -0.01302275  -0.00525025
 -0.02482631  -0.00473165    -0.01454153  -0.00483645     0.00288901  -0.00174257
  0.01302275   0.00525025    -0.00288901   0.00174257     0.02028418  -0.00109133
    8   11
  0.02740948   0.00000000     0.02337987  -0.00077671     0.02215815  -0.00038363
  0.02337987   0.00077671     0.01038341   0.00000000    -0.00847109   0.00242568
 -0.02215815  -0.00038363     0.00847109   0.00242568    -0.04816119  -0.00000000
    9    1
  0.04420190   0.03364429     0.01334800   0.00379259    -0.01334800  -0.00379259
  0.01697511   0.00867605    -0.00410154  -0.00854079     0.01898945   0.00374674
 -0.01697511  -0.00867605     0.01898945   0.00374674    -0.00410154  -0.00854079
    9    2
 -0.01090872  -0.00977262    -0.00715688   0.02040414     0.00715688  -0.02040414
 -0.01370461   0.01932548     0.00451528  -0.02006513    -0.00987765   0.02072334
  0.01370461  -0.01932548    -0.00987765   0.02072334     0.00451528  -0.02006513
    9    3
  0.01699817  -0.00379836     0.00498736   0.00592438    -0.00498736  -0.00592438
  0.00814756   0.00769302     0.00229397  -0.01293657     0.01131943   0.00879194
 -0.00814756  -0.00769302     0.01131943   0.00879194     0.00229397  -0.01293657
    9    4
  0.02740948  -0.00000000    -0.02215815  -0.00038363    -0.02337987  -0.00077671
  0.02215815  -0.00038363    -0.04816119   0.00000000     0.00847109  -0.00242568
 -0.02337987   0.00077671    -0.00847109  -0.00242568     0.01038341  -0.00000000
    9    5
 -0.01934271   0.01419991     0.01302275  -0.00525025     0.02482631  -0.00473165
 -0.01302275   0.00525025     0.02028418   0.00109133    -0.00288901  -0.00174257
  0.02482631  -0.00473165     0.00288901   0.00174257    -0.01454153   0.00483645
    9    6
 -0.05803518   0.00706694     0.02311791  -0.00741845    -0.02311791   0.00741845
 -0.02311791   0.00741845     0.01554751  -0.00297045     0.01331820  -0.00093262
  0.02311791  -0.00741845     0.01331820  -0.00093262     0.01554751  -0.00297045
    9    7
  0.03552246  -0.00000000    -0.02092505   0.00014874     0.02092505  -0.00014874
  0.02092505   0.00014874    -0.01106822   0.00000000    -0.01551883  -0.00000000
 -0.02092505  -0.00014874    -0.01551883  -0.00000000    -0.01106822   0.00000000
    9    8
 -0.03796645   0.01388707     0.00264848   0.00344455    -0.00264848  -0.00344455
  0.00264848   0.00344455    -0.02676660  -0.00023382     0.01500748  -0.00467845
 -0.00264848  -0.00344455     0.01500748  -0.00467845    -0.02676660  -0.00023382
    9    9
  0.09782039   0.00000000     0.00438784   0.00060087    -0.00438784  -0.00060087
  0.00438784  -0.00060087     0.07388821  -0.00000000    -0.00442096  -0.00000000
 -0.00438784   0.00060087    -0.00442096  -0.00000000     0.07388821  -0.00000000
    9   10
  0.02740948  -0.00000000     0.02337987   0.00077671     0.02215815   0.00038363
  0.02337987  -0.00077671     0.01038341  -0.00000000    -0.00847109  -0.00242568
 -0.02215815   0.00038363     0.00847109  -0.00242568    -0.04816119   0.00000000
    9   11
 -0.01934271   0.01419991    -0.02482631   0.00473165    -0.01302275   0.00525025
 -0.02482631   0.00473165    -0.01454153   0.00483645     0.00288901   0.00174257
  0.01302275  -0.00525025    -0.00288901  -0.00174257     0.02028418   0.00109133
   10    1
  0.04420190   0.03364429     0.01334800   0.00379259     0.01334800   0.00379259
  0.01697511   0.00867605    -0.00410154  -0.00854079    -0.01898945  -0.00374674
  0.01697511   0.00867605    -0.01898945  -0.00374674    -0.00410154  -0.00854079
   10    2
 -0.00520961   0.01662003    -0.00762434   0.00135699    -0.00762434   0.00135699
 -0.01073613   0.00320949     0.01005641   0.00845493     0.01327376  -0.00540694
 -0.01073613   0.00320949     0.01327376  -0.00540694     0.01005641   0.00845493
   10    3
 -0.00300897   0.01433354     0.02124894  -0.00400403     0.02124894  -0.00400403
  0.02358866   0.00220580    -0.01963455   0.00612222    -0.02288576   0.00180737
  0.02358866   0.00220580    -0.02288576   0.00180737    -0.01963455   0.00612222
   10    4
  0.03552246  -0.00000000    -0.02092505   0.00014874    -0.02092505   0.00014874
  0.02092505   0.00014874    -0.01106822   0.00000000     0.01551883   0.00000000
  0.02092505   0.00014874     0.01551883  -0.00000000    -0.01106822   0.00000000
   10    5
 -0.05803518   0.00706694     0.02311791  -0.00741845     0.02311791  -0.00741845
 -0.02311791   0.00741845     0.01554751  -0.00297045    -0.01331820   0.00093262
 -0.02311791   0.00741845    -0.01331820   0.00093262     0.01554751  -0.00297045
   10    6
 -0.01934271   0.01419991     0.01302275  -0.00525025    -0.02482631   0.00473165
 -0.01302275   0.00525025     0.02028418   0.00109133     0.00288901   0.00174257
 -0.02482631   0.00473165    -0.00288901  -0.00174257    -0.01454153   0.00483645
   10    7
  0.02740948   0.00000000    -0.02215815  -0.00038363     0.02337987   0.00077671
  0.02215815  -0.00038363    -0.04816119  -0.00000000    -0.00847109   0.00242568
  0.02337987  -0.00077671     0.00847109   0.00242568     0.01038341   0.00000000
   10    8
 -0.01934271   0.01419991    -0.02482631   0.00473165     0.01302275  -0.00525025
 -0.02482631   0.00473165    -0.01454153   0.00483645    -0.00288901  -0.00174257
 -0.01302275   0.00525025     0.00288901   0.00174257     0.02028418   0.00109133
   10    9
  0.02740948   0.00000000     0.02337987   0.00077671    -0.02215815  -0.00038363
  0.02337987  -0.00077671     0.01038341   0.00000000     0.00847109   0.00242568
  0.02215815  -0.00038363    -0.00847109   0.00242568    -0.04816119  -0.00000000
   10   10
  0.09782039   0.00000000     0.00438784   0.00060087     0.00438784   0.00060087
  0.00438784  -0.00060087     0.07388821  -0.00000000     0.00442096   0.00000000
  0.00438784  -0.00060087     0.00442096   0.00000000     0.07388821  -0.00000000
   10   11
 -0.03796645   0.01388707     0.00264848   0.00344455     0.00264848   0.00344455
  0.00264848   0.00344455    -0.02676660  -0.00023382    -0.01500748   0.00467845
  0.00264848   0.00344455    -0.01500748   0.00467845    -0.02676660  -0.00023382
   11    1
 -0.05123776  -0.02145782    -0.00995848  -0.00966341    -0.00995848  -0.00966341
 -0.01600123  -0.01036285     0.00944731  -0.00071836     0.01273950   0.01457197
 -0.01600123  -0.01036285     0.01273950   0.01457197     0.00944731  -0.00071836
   11    2
 -0.00300897  -0.01433354     0.02124894   0.00400403     0.02124894   0.00400403
  0.02358866  -0.00220580    -0.01963455  -0.00612222    -0.02288576  -0.00180737
  0.02358866  -0.00220580    -0.02288576  -0.00180737    -0.01963455  -0.00612222
   11    3
 -0.00520961  -0.01662003    -0.00762434  -0.00135699    -0.00762434  -0.00135699
 -0.01073613  -0.00320949     0.01005641  -0.00845493     0.01327376   0.00540694
 -0.01073613  -0.00320949     0.01327376   0.00540694     0.01005641  -0.00845493
   11    4
 -0.05803518  -0.00706694     0.02311791   0.00741845     0.02311791   0.00741845
 -0.02311791  -0.00741845     0.01554751   0.00297045    -0.01331820  -0.00093262
 -0.02311791  -0.00741845    -0.01331820  -0.00093262     0.01554751   0.00297045
   11    5
  0.03552246   0.00000000    -0.02092505  -0.00014874    -0.02092505  -0.00014874
  0.02092505  -0.00014874    -0.01106822  -0.00000000     0.01551883   0.00000000
  0.02092505  -0.00014874     0.01551883   0.00000000    -0.01106822  -0.00000000
   11    6
  0.02740948  -0.00000000    -0.02215815   0.00038363     0.02337987  -0.00077671
  0.02215815   0.00038363    -0.04816119   0.00000000    -0.00847109  -0.00242568
  0.02337987   0.00077671     0.00847109  -0.00242568     0.01038341  -0.00000000
   11    7
 -0.01934271  -0.01419991     0.01302275   0.00525025    -0.02482631  -0.00473165
 -0.01302275  -0.00525025     0.02028418  -0.00109133     0.00288901  -0.00174257
 -0.02482631  -0.00473165    -0.00288901   0.00174257    -0.01454153  -0.00483645
   11    8
  0.02740948  -0.00000000     0.02337987  -0.00077671    -0.02215815   0.00038363
  0.02337987   0.00077671     0.01038341  -0.00000000     0.00847109  -0.00242568
  0.02215815   0.00038363    -0.00847109  -0.00242568    -0.04816119   0.00000000
   11    9
 -0.01934271  -0.01419991    -0.02482631  -0.00473165     0.01302275   0.00525025
 -0.02482631  -0.00473165    -0.01454153  -0.00483645    -0.00288901   0.00174257
 -0.01302275  -0.00525025     0.00288901  -0.00174257     0.02028418  -0.00109133
   11   10
 -0.03796645  -0.01388707     0.00264848  -0.00344455     0.00264848  -0.00344455
  0.00264848  -0.00344455    -0.02676660   0.00023382    -0.01500748  -0.00467845
  0.00264848  -0.00344455    -0.01500748  -0.00467845    -0.02676660   0.00023382
   11   11
  0.09782039  -0.00000000     0.00438784  -0.00060087     0.00438784  -0.00060087
  0.00438784   0.00060087     0.07388821   0.00000000     0.00442096  -0.00000000
  0.00438784   0.00060087     0.00442096  -0.00000000     0.07388821   0.00000000

     Dynamical  Matrix in cartesian axes

     q = (   -0.471404521   0.000000000   0.000000000 ) 

    1    1
  0.27171619   0.00000000    -0.00000000   0.00000000     0.00000000   0.00000000
 -0.00000000   0.00000000     0.10172790   0.00000000     0.00000000   0.00000000
  0.00000000   0.00000000     0.00000000   0.00000000     0.10172790   0.00000000
    1    2
  0.01086661   0.01882152     0.00000000   0.00000000    -0.00000000   0.00000000
  0.00000000   0.00000000    -0.01534136  -0.02657201    -0.02056895   0.01187549
  0.00000000   0.00000000    -0.02056895   0.01187549    -0.01534136  -0.02657201
    1    3
 -0.02173322  -0.00000000     0.00000000   0.00000000    -0.00000000   0.00000000
 -0.00000000   0.00000000     0.03068272  -0.00000000     0.00000000   0.02375098
  0.00000000   0.00000000     0.00000000   0.02375098     0.03068272  -0.00000000
    1    4
  0.04420190   0.03364429    -0.01697511  -0.00867605    -0.01697511  -0.00867605
 -0.01334800  -0.00379259    -0.00410154  -0.00854079    -0.01898945  -0.00374674
 -0.01334800  -0.00379259    -0.01898945  -0.00374674    -0.00410154  -0.00854079
    1    5
 -0.05123776  -0.02145782     0.01600123   0.01036285     0.01600123   0.01036285
  0.00995848   0.00966341     0.00944731  -0.00071836     0.01273950   0.01457197
  0.00995848   0.00966341     0.01273950   0.01457197     0.00944731  -0.00071836
    1    6
 -0.05123776  -0.02145782     0.01600123   0.01036285    -0.01600123  -0.01036285
  0.00995848   0.00966341     0.00944731  -0.00071836    -0.01273950  -0.01457197
 -0.00995848  -0.00966341    -0.01273950  -0.01457197     0.00944731  -0.00071836
    1    7
  0.04420190   0.03364429    -0.01697511  -0.00867605     0.01697511   0.00867605
 -0.01334800  -0.00379259    -0.00410154  -0.00854079     0.01898945   0.00374674
  0.01334800   0.00379259     0.01898945   0.00374674    -0.00410154  -0.00854079
    1    8
 -0.05123776  -0.02145782    -0.01600123  -0.01036285     0.01600123   0.01036285
 -0.00995848  -0.00966341     0.00944731  -0.00071836    -0.01273950  -0.01457197
  0.00995848   0.00966341    -0.01273950  -0.01457197     0.00944731  -0.00071836
    1    9
  0.04420190   0.03364429     0.01697511   0.00867605    -0.01697511  -0.00867605
  0.01334800   0.00379259    -0.00410154  -0.00854079     0.01898945   0.00374674
 -0.01334800  -0.00379259     0.01898945   0.00374674    -0.00410154  -0.00854079
    1   10
  0.04420190   0.03364429     0.01697511   0.00867605     0.01697511   0.00867605
  0.01334800   0.00379259    -0.00410154  -0.00854079    -0.01898945  -0.00374674
  0.01334800   0.00379259    -0.01898945  -0.00374674    -0.00410154  -0.00854079
    1   11
 -0.05123776  -0.02145782    -0.01600123  -0.01036285    -0.01600123  -0.01036285
 -0.00995848  -0.00966341     0.00944731  -0.00071836     0.01273950   0.01457197
 -0.00995848  -0.00966341     0.01273950   0.01457197     0.00944731  -0.00071836
    2    1
  0.01086661  -0.01882152    -0.00000000   0.00000000    -0.00000000   0.00000000
 -0.00000000  -0.00000000    -0.01534136   0.02657201    -0.02056895  -0.01187549
 -0.00000000   0.00000000    -0.02056895  -0.01187549    -0.01534136   0.02657201
    2    2
  0.10419079  -0.00000000     0.00000000   0.00000000     0.00000000   0.00000000
 -0.00000000   0.00000000     0.07522680  -0.00000000     0.00000000  -0.00000000
  0.00000000  -0.00000000    -0.00000000  -0.00000000     0.07522680  -0.00000000
    2    3
 -0.00888319   0.01538613     0.00000000   0.00000000     0.00000000   0.00000000
  0.00000000   0.00000000    -0.00029230   0.00050628    -0.01735810  -0.01002171
 -0.00000000   0.00000000    -0.01735810  -0.01002171    -0.00029230   0.00050628
    2    4
 -0.00520961   0.01662003     0.01073613  -0.00320949     0.01073613  -0.00320949
  0.00762434  -0.00135699     0.01005641   0.00845493     0.01327376  -0.00540694
  0.00762434  -0.00135699     0.01327376  -0.00540694     0.01005641   0.00845493
    2    5
 -0.00300897  -0.01433354    -0.02358866   0.00220580    -0.02358866   0.00220580
 -0.02124894  -0.00400403    -0.01963455  -0.00612222    -0.02288576  -0.00180737
 -0.02124894  -0.00400403    -0.02288576  -0.00180737    -0.01963455  -0.00612222
    2    6
  0.01699817   0.00379836    -0.00814756   0.00769302     0.00814756  -0.00769302
 -0.00498736   0.00592438     0.00229397   0.01293657     0.01131943  -0.00879194
  0.00498736  -0.00592438     0.01131943  -0.00879194     0.00229397   0.01293657
    2    7
 -0.01090872  -0.00977262     0.01370461  -0.01932548    -0.01370461   0.01932548
  0.00715688  -0.02040414     0.00451528  -0.02006513    -0.00987765   0.02072334
 -0.00715688   0.02040414    -0.00987765   0.02072334     0.00451528  -0.02006513
    2    8
  0.01699817   0.00379836     0.00814756  -0.00769302    -0.00814756   0.00769302
  0.00498736  -0.00592438     0.00229397   0.01293657     0.01131943  -0.00879194
 -0.00498736   0.00592438     0.01131943  -0.00879194     0.00229397   0.01293657
    2    9
 -0.01090872  -0.00977262    -0.01370461   0.01932548     0.01370461  -0.01932548
 -0.00715688   0.02040414     0.00451528  -0.02006513    -0.00987765   0.02072334
  0.00715688  -0.02040414    -0.00987765   0.02072334     0.00451528  -0.02006513
    2   10
 -0.00520961   0.01662003    -0.01073613   0.00320949    -0.01073613   0.00320949
 -0.00762434   0.00135699     0.01005641   0.00845493     0.01327376  -0.00540694
 -0.00762434   0.00135699     0.01327376  -0.00540694     0.01005641   0.00845493
    2   11
 -0.00300897  -0.01433354     0.02358866  -0.00220580     0.02358866  -0.00220580
  0.02124894   0.00400403    -0.01963455  -0.00612222    -0.02288576  -0.00180737
  0.02124894   0.00400403    -0.02288576  -0.00180737    -0.01963455  -0.00612222
    3    1
 -0.02173322  -0.00000000     0.00000000  -0.00000000     0.00000000  -0.00000000
 -0.00000000   0.00000000     0.03068272   0.00000000     0.00000000  -0.02375098
  0.00000000  -0.00000000     0.00000000  -0.02375098     0.03068272   0.00000000
    3    2
 -0.00888319  -0.01538613     0.00000000   0.00000000     0.00000000   0.00000000
  0.00000000   0.00000000    -0.00029230  -0.00050628    -0.01735810   0.01002171
 -0.00000000   0.00000000    -0.01735810   0.01002171    -0.00029230  -0.00050628
    3    3
  0.10419079   0.00000000     0.00000000  -0.00000000     0.00000000  -0.00000000
 -0.00000000  -0.00000000     0.07522680   0.00000000     0.00000000   0.00000000
  0.00000000   0.00000000    -0.00000000   0.00000000     0.07522680   0.00000000
    3    4
 -0.00300897   0.01433354    -0.02358866  -0.00220580    -0.02358866  -0.00220580
 -0.02124894   0.00400403    -0.01963455   0.00612222    -0.02288576   0.00180737
 -0.02124894   0.00400403    -0.02288576   0.00180737    -0.01963455   0.00612222
    3    5
 -0.00520961  -0.01662003     0.01073613   0.00320949     0.01073613   0.00320949
  0.00762434   0.00135699     0.01005641  -0.00845493     0.01327376   0.00540694
  0.00762434   0.00135699     0.01327376   0.00540694     0.01005641  -0.00845493
    3    6
 -0.01090872   0.00977262     0.01370461   0.01932548    -0.01370461  -0.01932548
  0.00715688   0.02040414     0.00451528   0.02006513    -0.00987765  -0.02072334
 -0.00715688  -0.02040414    -0.00987765  -0.02072334     0.00451528   0.02006513
    3    7
  0.01699817  -0.00379836    -0.00814756  -0.00769302     0.00814756   0.00769302
 -0.00498736  -0.00592438     0.00229397  -0.01293657     0.01131943   0.00879194
  0.00498736   0.00592438     0.01131943   0.00879194     0.00229397  -0.01293657
    3    8
 -0.01090872   0.00977262    -0.01370461  -0.01932548     0.01370461   0.01932548
 -0.00715688  -0.02040414     0.00451528   0.02006513    -0.00987765  -0.02072334
  0.00715688   0.02040414    -0.00987765  -0.02072334     0.00451528   0.02006513
    3    9
  0.01699817  -0.00379836     0.00814756   0.00769302    -0.00814756  -0.00769302
  0.00498736   0.00592438     0.00229397  -0.01293657     0.01131943   0.00879194
 -0.00498736  -0.00592438     0.01131943   0.00879194     0.00229397  -0.01293657
    3   10
 -0.00300897   0.01433354     0.02358866   0.00220580     0.02358866   0.00220580
  0.02124894  -0.00400403    -0.01963455   0.00612222    -0.02288576   0.00180737
  0.02124894  -0.00400403    -0.02288576   0.00180737    -0.01963455   0.00612222
    3   11
 -0.00520961  -0.01662003    -0.01073613  -0.00320949    -0.01073613  -0.00320949
 -0.00762434  -0.00135699     0.01005641  -0.00845493     0.01327376   0.00540694
 -0.00762434  -0.00135699     0.01327376   0.00540694     0.01005641  -0.00845493
    4    1
  0.04420190  -0.03364429    -0.01334800   0.00379259    -0.01334800   0.00379259
