  1.500000000000000E-002   1.50252848524039        5.64359138813530     
           6

     Dynamical  Matrix in cartesian axes

     q = (    0.471404521   0.000000000   0.000000000 ) 

    1    1
  0.31438933   0.00000000     0.00000000   0.00000000    -0.00000000   0.00000000
  0.00000000   0.00000000     0.12386743   0.00000000    -0.00000000   0.00000000
 -0.00000000   0.00000000    -0.00000000   0.00000000     0.12386743   0.00000000
    1    2
  0.01527138  -0.02645080    -0.00000000  -0.00000000    -0.00000000   0.00000000
  0.00000000  -0.00000000    -0.01967118   0.03407148    -0.03125106  -0.01804281
 -0.00000000  -0.00000000    -0.03125106  -0.01804281    -0.01967118   0.03407148
    1    3
 -0.03054275  -0.00000000     0.00000000  -0.00000000     0.00000000   0.00000000
  0.00000000   0.00000000     0.03934235   0.00000000     0.00000000  -0.03608561
  0.00000000  -0.00000000     0.00000000  -0.03608561     0.03934235   0.00000000
    1    4
  0.05928153  -0.03988350    -0.02282029   0.01144722    -0.02282029   0.01144722
 -0.01677903   0.00840625    -0.00616891   0.01035886    -0.02633663   0.00676993
 -0.01677903   0.00840625    -0.02633663   0.00676993    -0.00616891   0.01035886
    1    5
 -0.06418089   0.03139756     0.02132373  -0.01403934     0.02132373  -0.01403934
  0.01566954  -0.01032794     0.01205549  -0.00016301     0.01903124  -0.01942323
  0.01566954  -0.01032794     0.01903124  -0.01942323     0.01205549  -0.00016301
    1    6
 -0.06418089   0.03139756     0.02132373  -0.01403934    -0.02132373   0.01403934
  0.01566954  -0.01032794     0.01205549  -0.00016301    -0.01903124   0.01942323
 -0.01566954   0.01032794    -0.01903124   0.01942323     0.01205549  -0.00016301
    1    7
  0.05928153  -0.03988350    -0.02282029   0.01144722     0.02282029  -0.01144722
 -0.01677903   0.00840625    -0.00616891   0.01035886     0.02633663  -0.00676993
  0.01677903  -0.00840625     0.02633663  -0.00676993    -0.00616891   0.01035886
    1    8
 -0.06418089   0.03139756    -0.02132373   0.01403934     0.02132373  -0.01403934
 -0.01566954   0.01032794     0.01205549  -0.00016301    -0.01903124   0.01942323
  0.01566954  -0.01032794    -0.01903124   0.01942323     0.01205549  -0.00016301
    1    9
  0.05928153  -0.03988350     0.02282029  -0.01144722    -0.02282029   0.01144722
  0.01677903  -0.00840625    -0.00616891   0.01035886     0.02633663  -0.00676993
 -0.01677903   0.00840625     0.02633663  -0.00676993    -0.00616891   0.01035886
    1   10
  0.05928153  -0.03988350     0.02282029  -0.01144722     0.02282029  -0.01144722
  0.01677903  -0.00840625    -0.00616891   0.01035886    -0.02633663   0.00676993
  0.01677903  -0.00840625    -0.02633663   0.00676993    -0.00616891   0.01035886
    1   11
 -0.06418089   0.03139756    -0.02132373   0.01403934    -0.02132373   0.01403934
 -0.01566954   0.01032794     0.01205549  -0.00016301     0.01903124  -0.01942323
 -0.01566954   0.01032794     0.01903124  -0.01942323     0.01205549  -0.00016301
    2    1
  0.01527138   0.02645080    -0.00000000   0.00000000    -0.00000000   0.00000000
  0.00000000   0.00000000    -0.01967118  -0.03407148    -0.03125106   0.01804281
 -0.00000000   0.00000000    -0.03125106   0.01804281    -0.01967118  -0.03407148
    2    2
  0.11759965   0.00000000     0.00000000  -0.00000000     0.00000000  -0.00000000
  0.00000000  -0.00000000     0.09125087   0.00000000    -0.00000000   0.00000000
 -0.00000000  -0.00000000    -0.00000000   0.00000000     0.09125087   0.00000000
    2    3
 -0.00840860  -0.01456412    -0.00000000   0.00000000     0.00000000   0.00000000
  0.00000000   0.00000000     0.00156130   0.00270425    -0.03216649   0.01857133
 -0.00000000   0.00000000    -0.03216649   0.01857133     0.00156130   0.00270425
    2    4
 -0.00310444  -0.01729982     0.01132394   0.00215048     0.01132394   0.00215048
  0.01213693  -0.00217129     0.01459562  -0.01104460     0.01932102   0.00586764
  0.01213693  -0.00217129     0.01932102   0.00586764     0.01459562  -0.01104460
    2    5
 -0.00446333   0.01595773    -0.02521145  -0.00285000    -0.02521145  -0.00285000
 -0.02688111   0.00442339    -0.02353336   0.00908980    -0.03007940   0.00064708
 -0.02688111   0.00442339    -0.03007940   0.00064708    -0.02353336   0.00908980
    2    6
  0.01653430  -0.00596138    -0.00752434  -0.00873158     0.00752434   0.00873158
 -0.00418807  -0.01159654     0.00226710  -0.01816248     0.01474203   0.01379868
  0.00418807   0.01159654     0.01474203   0.01379868     0.00226710  -0.01816248
    2    7
 -0.01158813   0.01184422     0.01507390   0.02040875    -0.01507390  -0.02040875
  0.00960978   0.02549142     0.00389468   0.02492538    -0.01447931  -0.02637306
 -0.00960978  -0.02549142    -0.01447931  -0.02637306     0.00389468   0.02492538
    2    8
  0.01653430  -0.00596138     0.00752434   0.00873158    -0.00752434  -0.00873158
  0.00418807   0.01159654     0.00226710  -0.01816248     0.01474203   0.01379868
 -0.00418807  -0.01159654     0.01474203   0.01379868     0.00226710  -0.01816248
    2    9
 -0.01158813   0.01184422    -0.01507390  -0.02040875     0.01507390   0.02040875
 -0.00960978  -0.02549142     0.00389468   0.02492538    -0.01447931  -0.02637306
  0.00960978   0.02549142    -0.01447931  -0.02637306     0.00389468   0.02492538
    2   10
 -0.00310444  -0.01729982    -0.01132394  -0.00215048    -0.01132394  -0.00215048
 -0.01213693   0.00217129     0.01459562  -0.01104460     0.01932102   0.00586764
 -0.01213693   0.00217129     0.01932102   0.00586764     0.01459562  -0.01104460
    2   11
 -0.00446333   0.01595773     0.02521145   0.00285000     0.02521145   0.00285000
  0.02688111  -0.00442339    -0.02353336   0.00908980    -0.03007940   0.00064708
  0.02688111  -0.00442339    -0.03007940   0.00064708    -0.02353336   0.00908980
    3    1
 -0.03054275   0.00000000    -0.00000000  -0.00000000     0.00000000  -0.00000000
 -0.00000000  -0.00000000     0.03934235  -0.00000000     0.00000000   0.03608561
  0.00000000   0.00000000     0.00000000   0.03608561     0.03934235  -0.00000000
    3    2
 -0.00840860   0.01456412    -0.00000000  -0.00000000     0.00000000  -0.00000000
  0.00000000  -0.00000000     0.00156130  -0.00270425    -0.03216649  -0.01857133
 -0.00000000  -0.00000000    -0.03216649  -0.01857133     0.00156130  -0.00270425
    3    3
  0.11759965  -0.00000000     0.00000000   0.00000000     0.00000000   0.00000000
  0.00000000   0.00000000     0.09125087  -0.00000000    -0.00000000  -0.00000000
 -0.00000000   0.00000000    -0.00000000  -0.00000000     0.09125087  -0.00000000
    3    4
 -0.00446333  -0.01595773    -0.02521145   0.00285000    -0.02521145   0.00285000
 -0.02688111  -0.00442339    -0.02353336  -0.00908980    -0.03007940  -0.00064708
 -0.02688111  -0.00442339    -0.03007940  -0.00064708    -0.02353336  -0.00908980
    3    5
 -0.00310444   0.01729982     0.01132394  -0.00215048     0.01132394  -0.00215048
  0.01213693   0.00217129     0.01459562   0.01104460     0.01932102  -0.00586764
  0.01213693   0.00217129     0.01932102  -0.00586764     0.01459562   0.01104460
    3    6
 -0.01158813  -0.01184422     0.01507390  -0.02040875    -0.01507390   0.02040875
  0.00960978  -0.02549142     0.00389468  -0.02492538    -0.01447931   0.02637306
 -0.00960978   0.02549142    -0.01447931   0.02637306     0.00389468  -0.02492538
    3    7
  0.01653430   0.00596138    -0.00752434   0.00873158     0.00752434  -0.00873158
 -0.00418807   0.01159654     0.00226710   0.01816248     0.01474203  -0.01379868
  0.00418807  -0.01159654     0.01474203  -0.01379868     0.00226710   0.01816248
    3    8
 -0.01158813  -0.01184422    -0.01507390   0.02040875     0.01507390  -0.02040875
 -0.00960978   0.02549142     0.00389468  -0.02492538    -0.01447931   0.02637306
  0.00960978  -0.02549142    -0.01447931   0.02637306     0.00389468  -0.02492538
    3    9
  0.01653430   0.00596138     0.00752434  -0.00873158    -0.00752434   0.00873158
  0.00418807  -0.01159654     0.00226710   0.01816248     0.01474203  -0.01379868
 -0.00418807   0.01159654     0.01474203  -0.01379868     0.00226710   0.01816248
    3   10
 -0.00446333  -0.01595773     0.02521145  -0.00285000     0.02521145  -0.00285000
  0.02688111   0.00442339    -0.02353336  -0.00908980    -0.03007940  -0.00064708
  0.02688111   0.00442339    -0.03007940  -0.00064708    -0.02353336  -0.00908980
    3   11
 -0.00310444   0.01729982    -0.01132394   0.00215048    -0.01132394   0.00215048
 -0.01213693  -0.00217129     0.01459562   0.01104460     0.01932102  -0.00586764
 -0.01213693  -0.00217129     0.01932102  -0.00586764     0.01459562   0.01104460
    4    1
  0.05928153   0.03988350    -0.01677903  -0.00840625    -0.01677903  -0.00840625
 -0.02282029  -0.01144722    -0.00616891  -0.01035886    -0.02633663  -0.00676993
 -0.02282029  -0.01144722    -0.02633663  -0.00676993    -0.00616891  -0.01035886
    4    2
 -0.00310444   0.01729982     0.01213693   0.00217129     0.01213693   0.00217129
  0.01132394  -0.00215048     0.01459562   0.01104460     0.01932102  -0.00586764
  0.01132394  -0.00215048     0.01932102  -0.00586764     0.01459562   0.01104460
    4    3
 -0.00446333   0.01595773    -0.02688111   0.00442339    -0.02688111   0.00442339
 -0.02521145  -0.00285000    -0.02353336   0.00908980    -0.03007940   0.00064708
 -0.02521145  -0.00285000    -0.03007940   0.00064708    -0.02353336   0.00908980
    4    4
  0.12221161   0.00000000    -0.00458342  -0.00059303    -0.00458342  -0.00059303
 -0.00458342   0.00059303     0.08806709  -0.00000000     0.00663983   0.00000000
 -0.00458342   0.00059303     0.00663983   0.00000000     0.08806709  -0.00000000
    4    5
 -0.05422147   0.01753774    -0.00275985  -0.00555363    -0.00275985  -0.00555363
 -0.00275985  -0.00555363    -0.03464157   0.00097238    -0.01888278   0.00468867
 -0.00275985  -0.00555363    -0.01888278   0.00468867    -0.03464157   0.00097238
    4    6
 -0.02720394   0.01706246     0.03222169  -0.00732785    -0.01582531   0.00715367
  0.03222169  -0.00732785    -0.01615511   0.00431354    -0.00409681  -0.00093370
  0.01582531  -0.00715367     0.00409681   0.00093370     0.02704728  -0.00033175
    4    7
  0.03701140   0.00000000    -0.02958616  -0.00002538     0.02669403   0.00021045
 -0.02958616   0.00002538     0.01111787   0.00000000     0.00949690   0.00202256
 -0.02669403   0.00021045    -0.00949690   0.00202256    -0.05804260  -0.00000000
    4    8
 -0.02720394   0.01706246    -0.01582531   0.00715367     0.03222169  -0.00732785
  0.01582531  -0.00715367     0.02704728  -0.00033175     0.00409681   0.00093370
  0.03222169  -0.00732785    -0.00409681  -0.00093370    -0.01615511   0.00431354
    4    9
  0.03701140   0.00000000     0.02669403   0.00021045    -0.02958616  -0.00002538
 -0.02669403   0.00021045    -0.05804260  -0.00000000    -0.00949690   0.00202256
 -0.02958616   0.00002538     0.00949690   0.00202256     0.01111787   0.00000000
    4   10
  0.04797909  -0.00000000     0.02890094   0.00059841     0.02890094   0.00059841
 -0.02890094   0.00059841    -0.01163860   0.00000000     0.01831022   0.00000000
 -0.02890094   0.00059841     0.01831022   0.00000000    -0.01163860   0.00000000
    4   11
 -0.07112807   0.01548610    -0.03058557   0.00913458    -0.03058557   0.00913458
  0.03058557  -0.00913458     0.01627128  -0.00212660    -0.01625442   0.00178508
  0.03058557  -0.00913458    -0.01625442   0.00178508     0.01627128  -0.00212660
    5    1
 -0.06418089  -0.03139756     0.01566954   0.01032794     0.01566954   0.01032794
  0.02132373   0.01403934     0.01205549   0.00016301     0.01903124   0.01942323
  0.02132373   0.01403934     0.01903124   0.01942323     0.01205549   0.00016301
    5    2
 -0.00446333  -0.01595773    -0.02688111  -0.00442339    -0.02688111  -0.00442339
 -0.02521145   0.00285000    -0.02353336  -0.00908980    -0.03007940  -0.00064708
 -0.02521145   0.00285000    -0.03007940  -0.00064708    -0.02353336  -0.00908980
    5    3
 -0.00310444  -0.01729982     0.01213693  -0.00217129     0.01213693  -0.00217129
  0.01132394   0.00215048     0.01459562  -0.01104460     0.01932102   0.00586764
  0.01132394   0.00215048     0.01932102   0.00586764     0.01459562  -0.01104460
    5    4
 -0.05422147  -0.01753774    -0.00275985   0.00555363    -0.00275985   0.00555363
 -0.00275985   0.00555363    -0.03464157  -0.00097238    -0.01888278  -0.00468867
 -0.00275985   0.00555363    -0.01888278  -0.00468867    -0.03464157  -0.00097238
    5    5
  0.12221161  -0.00000000    -0.00458342   0.00059303    -0.00458342   0.00059303
 -0.00458342  -0.00059303     0.08806709   0.00000000     0.00663983  -0.00000000
 -0.00458342  -0.00059303     0.00663983  -0.00000000     0.08806709   0.00000000
    5    6
  0.03701140  -0.00000000    -0.02958616   0.00002538     0.02669403  -0.00021045
 -0.02958616  -0.00002538     0.01111787  -0.00000000     0.00949690  -0.00202256
 -0.02669403  -0.00021045    -0.00949690  -0.00202256    -0.05804260   0.00000000
    5    7
 -0.02720394  -0.01706246     0.03222169   0.00732785    -0.01582531  -0.00715367
  0.03222169   0.00732785    -0.01615511  -0.00431354    -0.00409681   0.00093370
  0.01582531   0.00715367     0.00409681  -0.00093370     0.02704728   0.00033175
    5    8
  0.03701140  -0.00000000     0.02669403  -0.00021045    -0.02958616   0.00002538
 -0.02669403  -0.00021045    -0.05804260   0.00000000    -0.00949690  -0.00202256
 -0.02958616  -0.00002538     0.00949690  -0.00202256     0.01111787  -0.00000000
    5    9
 -0.02720394  -0.01706246    -0.01582531  -0.00715367     0.03222169   0.00732785
  0.01582531   0.00715367     0.02704728   0.00033175     0.00409681  -0.00093370
  0.03222169   0.00732785    -0.00409681   0.00093370    -0.01615511  -0.00431354
    5   10
 -0.07112807  -0.01548610    -0.03058557  -0.00913458    -0.03058557  -0.00913458
  0.03058557   0.00913458     0.01627128   0.00212660    -0.01625442  -0.00178508
  0.03058557   0.00913458    -0.01625442  -0.00178508     0.01627128   0.00212660
    5   11
  0.04797909   0.00000000     0.02890094  -0.00059841     0.02890094  -0.00059841
 -0.02890094  -0.00059841    -0.01163860  -0.00000000     0.01831022  -0.00000000
 -0.02890094  -0.00059841     0.01831022  -0.00000000    -0.01163860  -0.00000000
    6    1
 -0.06418089  -0.03139756     0.01566954   0.01032794    -0.01566954  -0.01032794
  0.02132373   0.01403934     0.01205549   0.00016301    -0.01903124  -0.01942323
 -0.02132373  -0.01403934    -0.01903124  -0.01942323     0.01205549   0.00016301
    6    2
  0.01653430   0.00596138    -0.00418807   0.01159654     0.00418807  -0.01159654
 -0.00752434   0.00873158     0.00226710   0.01816248     0.01474203  -0.01379868
  0.00752434  -0.00873158     0.01474203  -0.01379868     0.00226710   0.01816248
    6    3
 -0.01158813   0.01184422     0.00960978   0.02549142    -0.00960978  -0.02549142
  0.01507390   0.02040875     0.00389468   0.02492538    -0.01447931  -0.02637306
 -0.01507390  -0.02040875    -0.01447931  -0.02637306     0.00389468   0.02492538
    6    4
 -0.02720394  -0.01706246     0.03222169   0.00732785     0.01582531   0.00715367
  0.03222169   0.00732785    -0.01615511  -0.00431354     0.00409681  -0.00093370
 -0.01582531  -0.00715367    -0.00409681   0.00093370     0.02704728   0.00033175
    6    5
  0.03701140   0.00000000    -0.02958616   0.00002538    -0.02669403   0.00021045
 -0.02958616  -0.00002538     0.01111787   0.00000000    -0.00949690   0.00202256
  0.02669403   0.00021045     0.00949690   0.00202256    -0.05804260  -0.00000000
    6    6
  0.12221161  -0.00000000    -0.00458342   0.00059303     0.00458342  -0.00059303
 -0.00458342  -0.00059303     0.08806709   0.00000000    -0.00663983   0.00000000
  0.00458342   0.00059303    -0.00663983   0.00000000     0.08806709   0.00000000
    6    7
 -0.05422147  -0.01753774    -0.00275985   0.00555363     0.00275985  -0.00555363
 -0.00275985   0.00555363    -0.03464157  -0.00097238     0.01888278   0.00468867
  0.00275985  -0.00555363     0.01888278   0.00468867    -0.03464157  -0.00097238
    6    8
  0.04797909   0.00000000     0.02890094  -0.00059841    -0.02890094   0.00059841
 -0.02890094  -0.00059841    -0.01163860  -0.00000000    -0.01831022   0.00000000
  0.02890094   0.00059841    -0.01831022   0.00000000    -0.01163860  -0.00000000
    6    9
 -0.07112807  -0.01548610    -0.03058557  -0.00913458     0.03058557   0.00913458
  0.03058557   0.00913458     0.01627128   0.00212660     0.01625442   0.00178508
 -0.03058557  -0.00913458     0.01625442   0.00178508     0.01627128   0.00212660
    6   10
 -0.02720394  -0.01706246    -0.01582531  -0.00715367    -0.03222169  -0.00732785
  0.01582531   0.00715367     0.02704728   0.00033175    -0.00409681   0.00093370
 -0.03222169  -0.00732785     0.00409681  -0.00093370    -0.01615511  -0.00431354
    6   11
  0.03701140   0.00000000     0.02669403  -0.00021045     0.02958616  -0.00002538
 -0.02669403  -0.00021045    -0.05804260  -0.00000000     0.00949690   0.00202256
  0.02958616   0.00002538    -0.00949690   0.00202256     0.01111787   0.00000000
    7    1
  0.05928153   0.03988350    -0.01677903  -0.00840625     0.01677903   0.00840625
 -0.02282029  -0.01144722    -0.00616891  -0.01035886     0.02633663   0.00676993
  0.02282029   0.01144722     0.02633663   0.00676993    -0.00616891  -0.01035886
    7    2
 -0.01158813  -0.01184422     0.00960978  -0.02549142    -0.00960978   0.02549142
  0.01507390  -0.02040875     0.00389468  -0.02492538    -0.01447931   0.02637306
 -0.01507390   0.02040875    -0.01447931   0.02637306     0.00389468  -0.02492538
    7    3
  0.01653430  -0.00596138    -0.00418807  -0.01159654     0.00418807   0.01159654
 -0.00752434  -0.00873158     0.00226710  -0.01816248     0.01474203   0.01379868
  0.00752434   0.00873158     0.01474203   0.01379868     0.00226710  -0.01816248
    7    4
  0.03701140  -0.00000000    -0.02958616  -0.00002538    -0.02669403  -0.00021045
 -0.02958616   0.00002538     0.01111787  -0.00000000    -0.00949690  -0.00202256
  0.02669403  -0.00021045     0.00949690  -0.00202256    -0.05804260   0.00000000
    7    5
 -0.02720394   0.01706246     0.03222169  -0.00732785     0.01582531  -0.00715367
  0.03222169  -0.00732785    -0.01615511   0.00431354     0.00409681   0.00093370
 -0.01582531   0.00715367    -0.00409681  -0.00093370     0.02704728  -0.00033175
    7    6
 -0.05422147   0.01753774    -0.00275985  -0.00555363     0.00275985   0.00555363
 -0.00275985  -0.00555363    -0.03464157   0.00097238     0.01888278  -0.00468867
  0.00275985   0.00555363     0.01888278  -0.00468867    -0.03464157   0.00097238
    7    7
  0.12221161   0.00000000    -0.00458342  -0.00059303     0.00458342   0.00059303
 -0.00458342   0.00059303     0.08806709  -0.00000000    -0.00663983  -0.00000000
  0.00458342  -0.00059303    -0.00663983  -0.00000000     0.08806709  -0.00000000
    7    8
 -0.07112807   0.01548610    -0.03058557   0.00913458     0.03058557  -0.00913458
  0.03058557  -0.00913458     0.01627128  -0.00212660     0.01625442  -0.00178508
 -0.03058557   0.00913458     0.01625442  -0.00178508     0.01627128  -0.00212660
    7    9
  0.04797909  -0.00000000     0.02890094   0.00059841    -0.02890094  -0.00059841
 -0.02890094   0.00059841    -0.01163860   0.00000000    -0.01831022   0.00000000
  0.02890094  -0.00059841    -0.01831022   0.00000000    -0.01163860   0.00000000
    7   10
  0.03701140  -0.00000000     0.02669403   0.00021045     0.02958616   0.00002538
 -0.02669403   0.00021045    -0.05804260   0.00000000     0.00949690  -0.00202256
  0.02958616  -0.00002538    -0.00949690  -0.00202256     0.01111787  -0.00000000
    7   11
 -0.02720394   0.01706246    -0.01582531   0.00715367    -0.03222169   0.00732785
  0.01582531  -0.00715367     0.02704728  -0.00033175    -0.00409681  -0.00093370
 -0.03222169   0.00732785     0.00409681   0.00093370    -0.01615511   0.00431354
    8    1
 -0.06418089  -0.03139756    -0.01566954  -0.01032794     0.01566954   0.01032794
 -0.02132373  -0.01403934     0.01205549   0.00016301    -0.01903124  -0.01942323
  0.02132373   0.01403934    -0.01903124  -0.01942323     0.01205549   0.00016301
    8    2
  0.01653430   0.00596138     0.00418807  -0.01159654    -0.00418807   0.01159654
  0.00752434  -0.00873158     0.00226710   0.01816248     0.01474203  -0.01379868
 -0.00752434   0.00873158     0.01474203  -0.01379868     0.00226710   0.01816248
    8    3
 -0.01158813   0.01184422    -0.00960978  -0.02549142     0.00960978   0.02549142
 -0.01507390  -0.02040875     0.00389468   0.02492538    -0.01447931  -0.02637306
  0.01507390   0.02040875    -0.01447931  -0.02637306     0.00389468   0.02492538
    8    4
 -0.02720394  -0.01706246     0.01582531   0.00715367     0.03222169   0.00732785
 -0.01582531  -0.00715367     0.02704728   0.00033175    -0.00409681   0.00093370
  0.03222169   0.00732785     0.00409681  -0.00093370    -0.01615511  -0.00431354
    8    5
  0.03701140   0.00000000    -0.02669403   0.00021045    -0.02958616   0.00002538
  0.02669403   0.00021045    -0.05804260  -0.00000000     0.00949690   0.00202256
 -0.02958616  -0.00002538    -0.00949690   0.00202256     0.01111787   0.00000000
    8    6
  0.04797909   0.00000000    -0.02890094   0.00059841     0.02890094  -0.00059841
  0.02890094   0.00059841    -0.01163860  -0.00000000    -0.01831022   0.00000000
 -0.02890094  -0.00059841    -0.01831022  -0.00000000    -0.01163860  -0.00000000
    8    7
 -0.07112807  -0.01548610     0.03058557   0.00913458    -0.03058557  -0.00913458
 -0.03058557  -0.00913458     0.01627128   0.00212660     0.01625442   0.00178508
  0.03058557   0.00913458     0.01625442   0.00178508     0.01627128   0.00212660
    8    8
  0.12221161  -0.00000000     0.00458342  -0.00059303    -0.00458342   0.00059303
  0.00458342   0.00059303     0.08806709   0.00000000    -0.00663983   0.00000000
 -0.00458342  -0.00059303    -0.00663983   0.00000000     0.08806709   0.00000000
    8    9
 -0.05422147  -0.01753774     0.00275985  -0.00555363    -0.00275985   0.00555363
  0.00275985  -0.00555363    -0.03464157  -0.00097238     0.01888278   0.00468867
 -0.00275985   0.00555363     0.01888278   0.00468867    -0.03464157  -0.00097238
    8   10
 -0.02720394  -0.01706246    -0.03222169  -0.00732785    -0.01582531  -0.00715367
 -0.03222169  -0.00732785    -0.01615511  -0.00431354     0.00409681  -0.00093370
  0.01582531   0.00715367    -0.00409681   0.00093370     0.02704728   0.00033175
    8   11
  0.03701140   0.00000000     0.02958616  -0.00002538     0.02669403  -0.00021045
  0.02958616   0.00002538     0.01111787   0.00000000    -0.00949690   0.00202256
 -0.02669403  -0.00021045     0.00949690   0.00202256    -0.05804260  -0.00000000
    9    1
  0.05928153   0.03988350     0.01677903   0.00840625    -0.01677903  -0.00840625
  0.02282029   0.01144722    -0.00616891  -0.01035886     0.02633663   0.00676993
 -0.02282029  -0.01144722     0.02633663   0.00676993    -0.00616891  -0.01035886
    9    2
 -0.01158813  -0.01184422    -0.00960978   0.02549142     0.00960978  -0.02549142
 -0.01507390   0.02040875     0.00389468  -0.02492538    -0.01447931   0.02637306
  0.01507390  -0.02040875    -0.01447931   0.02637306     0.00389468  -0.02492538
    9    3
  0.01653430  -0.00596138     0.00418807   0.01159654    -0.00418807  -0.01159654
  0.00752434   0.00873158     0.00226710  -0.01816248     0.01474203   0.01379868
 -0.00752434  -0.00873158     0.01474203   0.01379868     0.00226710  -0.01816248
    9    4
  0.03701140  -0.00000000    -0.02669403  -0.00021045    -0.02958616  -0.00002538
  0.02669403  -0.00021045    -0.05804260   0.00000000     0.00949690  -0.00202256
 -0.02958616   0.00002538    -0.00949690  -0.00202256     0.01111787  -0.00000000
    9    5
 -0.02720394   0.01706246     0.01582531  -0.00715367     0.03222169  -0.00732785
 -0.01582531   0.00715367     0.02704728  -0.00033175    -0.00409681  -0.00093370
  0.03222169  -0.00732785     0.00409681   0.00093370    -0.01615511   0.00431354
    9    6
 -0.07112807   0.01548610     0.03058557  -0.00913458    -0.03058557   0.00913458
 -0.03058557   0.00913458     0.01627128  -0.00212660     0.01625442  -0.00178508
  0.03058557  -0.00913458     0.01625442  -0.00178508     0.01627128  -0.00212660
    9    7
  0.04797909  -0.00000000    -0.02890094  -0.00059841     0.02890094   0.00059841
  0.02890094  -0.00059841    -0.01163860   0.00000000    -0.01831022   0.00000000
 -0.02890094   0.00059841    -0.01831022   0.00000000    -0.01163860   0.00000000
    9    8
 -0.05422147   0.01753774     0.00275985   0.00555363    -0.00275985  -0.00555363
  0.00275985   0.00555363    -0.03464157   0.00097238     0.01888278  -0.00468867
 -0.00275985  -0.00555363     0.01888278  -0.00468867    -0.03464157   0.00097238
    9    9
  0.12221161   0.00000000     0.00458342   0.00059303    -0.00458342  -0.00059303
  0.00458342  -0.00059303     0.08806709  -0.00000000    -0.00663983  -0.00000000
 -0.00458342   0.00059303    -0.00663983  -0.00000000     0.08806709  -0.00000000
    9   10
  0.03701140  -0.00000000     0.02958616   0.00002538     0.02669403   0.00021045
  0.02958616  -0.00002538     0.01111787  -0.00000000    -0.00949690  -0.00202256
 -0.02669403   0.00021045     0.00949690  -0.00202256    -0.05804260   0.00000000
    9   11
 -0.02720394   0.01706246    -0.03222169   0.00732785    -0.01582531   0.00715367
 -0.03222169   0.00732785    -0.01615511   0.00431354     0.00409681   0.00093370
  0.01582531  -0.00715367    -0.00409681  -0.00093370     0.02704728  -0.00033175
   10    1
  0.05928153   0.03988350     0.01677903   0.00840625     0.01677903   0.00840625
  0.02282029   0.01144722    -0.00616891  -0.01035886    -0.02633663  -0.00676993
  0.02282029   0.01144722    -0.02633663  -0.00676993    -0.00616891  -0.01035886
   10    2
 -0.00310444   0.01729982    -0.01213693  -0.00217129    -0.01213693  -0.00217129
 -0.01132394   0.00215048     0.01459562   0.01104460     0.01932102  -0.00586764
 -0.01132394   0.00215048     0.01932102  -0.00586764     0.01459562   0.01104460
   10    3
 -0.00446333   0.01595773     0.02688111  -0.00442339     0.02688111  -0.00442339
  0.02521145   0.00285000    -0.02353336   0.00908980    -0.03007940   0.00064708
  0.02521145   0.00285000    -0.03007940   0.00064708    -0.02353336   0.00908980
   10    4
  0.04797909  -0.00000000    -0.02890094  -0.00059841    -0.02890094  -0.00059841
  0.02890094  -0.00059841    -0.01163860   0.00000000     0.01831022   0.00000000
  0.02890094  -0.00059841     0.01831022   0.00000000    -0.01163860   0.00000000
   10    5
 -0.07112807   0.01548610     0.03058557  -0.00913458     0.03058557  -0.00913458
 -0.03058557   0.00913458     0.01627128  -0.00212660    -0.01625442   0.00178508
 -0.03058557   0.00913458    -0.01625442   0.00178508     0.01627128  -0.00212660
   10    6
 -0.02720394   0.01706246     0.01582531  -0.00715367    -0.03222169   0.00732785
 -0.01582531   0.00715367     0.02704728  -0.00033175     0.00409681   0.00093370
 -0.03222169   0.00732785    -0.00409681  -0.00093370    -0.01615511   0.00431354
   10    7
  0.03701140   0.00000000    -0.02669403  -0.00021045     0.02958616   0.00002538
  0.02669403  -0.00021045    -0.05804260  -0.00000000    -0.00949690   0.00202256
  0.02958616  -0.00002538     0.00949690   0.00202256     0.01111787   0.00000000
   10    8
 -0.02720394   0.01706246    -0.03222169   0.00732785     0.01582531  -0.00715367
 -0.03222169   0.00732785    -0.01615511   0.00431354    -0.00409681  -0.00093370
 -0.01582531   0.00715367     0.00409681   0.00093370     0.02704728  -0.00033175
   10    9
  0.03701140   0.00000000     0.02958616   0.00002538    -0.02669403  -0.00021045
  0.02958616  -0.00002538     0.01111787   0.00000000     0.00949690   0.00202256
  0.02669403  -0.00021045    -0.00949690   0.00202256    -0.05804260  -0.00000000
   10   10
  0.12221161   0.00000000     0.00458342   0.00059303     0.00458342   0.00059303
  0.00458342  -0.00059303     0.08806709  -0.00000000     0.00663983   0.00000000
  0.00458342  -0.00059303     0.00663983   0.00000000     0.08806709  -0.00000000
   10   11
 -0.05422147   0.01753774     0.00275985   0.00555363     0.00275985   0.00555363
  0.00275985   0.00555363    -0.03464157   0.00097238    -0.01888278   0.00468867
  0.00275985   0.00555363    -0.01888278   0.00468867    -0.03464157   0.00097238
   11    1
 -0.06418089  -0.03139756    -0.01566954  -0.01032794    -0.01566954  -0.01032794
 -0.02132373  -0.01403934     0.01205549   0.00016301     0.01903124   0.01942323
 -0.02132373  -0.01403934     0.01903124   0.01942323     0.01205549   0.00016301
   11    2
 -0.00446333  -0.01595773     0.02688111   0.00442339     0.02688111   0.00442339
  0.02521145  -0.00285000    -0.02353336  -0.00908980    -0.03007940  -0.00064708
  0.02521145  -0.00285000    -0.03007940  -0.00064708    -0.02353336  -0.00908980
   11    3
 -0.00310444  -0.01729982    -0.01213693   0.00217129    -0.01213693   0.00217129
 -0.01132394  -0.00215048     0.01459562  -0.01104460     0.01932102   0.00586764
 -0.01132394  -0.00215048     0.01932102   0.00586764     0.01459562  -0.01104460
   11    4
 -0.07112807  -0.01548610     0.03058557   0.00913458     0.03058557   0.00913458
 -0.03058557  -0.00913458     0.01627128   0.00212660    -0.01625442  -0.00178508
 -0.03058557  -0.00913458    -0.01625442  -0.00178508     0.01627128   0.00212660
   11    5
  0.04797909   0.00000000    -0.02890094   0.00059841    -0.02890094   0.00059841
  0.02890094   0.00059841    -0.01163860  -0.00000000     0.01831022  -0.00000000
  0.02890094   0.00059841     0.01831022  -0.00000000    -0.01163860  -0.00000000
   11    6
  0.03701140  -0.00000000    -0.02669403   0.00021045     0.02958616  -0.00002538
  0.02669403   0.00021045    -0.05804260   0.00000000    -0.00949690  -0.00202256
  0.02958616   0.00002538     0.00949690  -0.00202256     0.01111787  -0.00000000
   11    7
 -0.02720394  -0.01706246     0.01582531   0.00715367    -0.03222169  -0.00732785
 -0.01582531  -0.00715367     0.02704728   0.00033175     0.00409681  -0.00093370
 -0.03222169  -0.00732785    -0.00409681   0.00093370    -0.01615511  -0.00431354
   11    8
  0.03701140  -0.00000000     0.02958616  -0.00002538    -0.02669403   0.00021045
  0.02958616   0.00002538     0.01111787  -0.00000000     0.00949690  -0.00202256
  0.02669403   0.00021045    -0.00949690  -0.00202256    -0.05804260   0.00000000
   11    9
 -0.02720394  -0.01706246    -0.03222169  -0.00732785     0.01582531   0.00715367
 -0.03222169  -0.00732785    -0.01615511  -0.00431354    -0.00409681   0.00093370
 -0.01582531  -0.00715367     0.00409681  -0.00093370     0.02704728   0.00033175
   11   10
 -0.05422147  -0.01753774     0.00275985  -0.00555363     0.00275985  -0.00555363
  0.00275985  -0.00555363    -0.03464157  -0.00097238    -0.01888278  -0.00468867
  0.00275985  -0.00555363    -0.01888278  -0.00468867    -0.03464157  -0.00097238
   11   11
  0.12221161  -0.00000000     0.00458342  -0.00059303     0.00458342  -0.00059303
  0.00458342   0.00059303     0.08806709   0.00000000     0.00663983  -0.00000000
  0.00458342   0.00059303     0.00663983  -0.00000000     0.08806709   0.00000000

     Dynamical  Matrix in cartesian axes

     q = (   -0.471404521   0.000000000   0.000000000 ) 

    1    1
  0.31438933   0.00000000     0.00000000   0.00000000    -0.00000000   0.00000000
  0.00000000   0.00000000     0.12386743   0.00000000    -0.00000000   0.00000000
  0.00000000   0.00000000    -0.00000000   0.00000000     0.12386743   0.00000000
    1    2
  0.01527138   0.02645080     0.00000000   0.00000000    -0.00000000   0.00000000
 -0.00000000   0.00000000    -0.01967118  -0.03407148    -0.03125106   0.01804281
 -0.00000000   0.00000000    -0.03125106   0.01804281    -0.01967118  -0.03407148
    1    3
 -0.03054275   0.00000000    -0.00000000   0.00000000     0.00000000  -0.00000000
 -0.00000000   0.00000000     0.03934235  -0.00000000     0.00000000   0.03608561
  0.00000000   0.00000000     0.00000000   0.03608561     0.03934235  -0.00000000
    1    4
  0.05928153   0.03988350    -0.02282029  -0.01144722    -0.02282029  -0.01144722
 -0.01677903  -0.00840625    -0.00616891  -0.01035886    -0.02633663  -0.00676993
 -0.01677903  -0.00840625    -0.02633663  -0.00676993    -0.00616891  -0.01035886
    1    5
 -0.06418089  -0.03139756     0.02132373   0.01403934     0.02132373   0.01403934
  0.01566954   0.01032794     0.01205549   0.00016301     0.01903124   0.01942323
  0.01566954   0.01032794     0.01903124   0.01942323     0.01205549   0.00016301
    1    6
 -0.06418089  -0.03139756     0.02132373   0.01403934    -0.02132373  -0.01403934
  0.01566954   0.01032794     0.01205549   0.00016301    -0.01903124  -0.01942323
 -0.01566954  -0.01032794    -0.01903124  -0.01942323     0.01205549   0.00016301
    1    7
  0.05928153   0.03988350    -0.02282029  -0.01144722     0.02282029   0.01144722
 -0.01677903  -0.00840625    -0.00616891  -0.01035886     0.02633663   0.00676993
  0.01677903   0.00840625     0.02633663   0.00676993    -0.00616891  -0.01035886
    1    8
 -0.06418089  -0.03139756    -0.02132373  -0.01403934     0.02132373   0.01403934
 -0.01566954  -0.01032794     0.01205549   0.00016301    -0.01903124  -0.01942323
  0.01566954   0.01032794    -0.01903124  -0.01942323     0.01205549   0.00016301
    1    9
  0.05928153   0.03988350     0.02282029   0.01144722    -0.02282029  -0.01144722
  0.01677903   0.00840625    -0.00616891  -0.01035886     0.02633663   0.00676993
 -0.01677903  -0.00840625     0.02633663   0.00676993    -0.00616891  -0.01035886
    1   10
  0.05928153   0.03988350     0.02282029   0.01144722     0.02282029   0.01144722
  0.01677903   0.00840625    -0.00616891  -0.01035886    -0.02633663  -0.00676993
  0.01677903   0.00840625    -0.02633663  -0.00676993    -0.00616891  -0.01035886
    1   11
 -0.06418089  -0.03139756    -0.02132373  -0.01403934    -0.02132373  -0.01403934
 -0.01566954  -0.01032794     0.01205549   0.00016301     0.01903124   0.01942323
 -0.01566954  -0.01032794     0.01903124   0.01942323     0.01205549   0.00016301
    2    1
  0.01527138  -0.02645080    -0.00000000   0.00000000     0.00000000   0.00000000
  0.00000000   0.00000000    -0.01967118   0.03407148    -0.03125106  -0.01804281
  0.00000000   0.00000000    -0.03125106  -0.01804281    -0.01967118   0.03407148
    2    2
  0.11759965   0.00000000     0.00000000  -0.00000000     0.00000000   0.00000000
 -0.00000000  -0.00000000     0.09125087   0.00000000    -0.00000000  -0.00000000
  0.00000000  -0.00000000    -0.00000000  -0.00000000     0.09125087  -0.00000000
    2    3
 -0.00840860   0.01456412    -0.00000000   0.00000000    -0.00000000   0.00000000
 -0.00000000  -0.00000000     0.00156130  -0.00270425    -0.03216649  -0.01857133
 -0.00000000   0.00000000    -0.03216649  -0.01857133     0.00156130  -0.00270425
    2    4
 -0.00310444   0.01729982     0.01132394  -0.00215048     0.01132394  -0.00215048
  0.01213693   0.00217129     0.01459562   0.01104460     0.01932102  -0.00586764
  0.01213693   0.00217129     0.01932102  -0.00586764     0.01459562   0.01104460
    2    5
 -0.00446333  -0.01595773    -0.02521145   0.00285000    -0.02521145   0.00285000
 -0.02688111  -0.00442339    -0.02353336  -0.00908980    -0.03007940  -0.00064708
 -0.02688111  -0.00442339    -0.03007940  -0.00064708    -0.02353336  -0.00908980
    2    6
  0.01653430   0.00596138    -0.00752434   0.00873158     0.00752434  -0.00873158
 -0.00418807   0.01159654     0.00226710   0.01816248     0.01474203  -0.01379868
  0.00418807  -0.01159654     0.01474203  -0.01379868     0.00226710   0.01816248
    2    7
 -0.01158813  -0.01184422     0.01507390  -0.02040875    -0.01507390   0.02040875
  0.00960978  -0.02549142     0.00389468  -0.02492538    -0.01447931   0.02637306
 -0.00960978   0.02549142    -0.01447931   0.02637306     0.00389468  -0.02492538
    2    8
  0.01653430   0.00596138     0.00752434  -0.00873158    -0.00752434   0.00873158
  0.00418807  -0.01159654     0.00226710   0.01816248     0.01474203  -0.01379868
 -0.00418807   0.01159654     0.01474203  -0.01379868     0.00226710   0.01816248
    2    9
 -0.01158813  -0.01184422    -0.01507390   0.02040875     0.01507390  -0.02040875
 -0.00960978   0.02549142     0.00389468  -0.02492538    -0.01447931   0.02637306
  0.00960978  -0.02549142    -0.01447931   0.02637306     0.00389468  -0.02492538
    2   10
 -0.00310444   0.01729982    -0.01132394   0.00215048    -0.01132394   0.00215048
 -0.01213693  -0.00217129     0.01459562   0.01104460     0.01932102  -0.00586764
 -0.01213693  -0.00217129     0.01932102  -0.00586764     0.01459562   0.01104460
    2   11
 -0.00446333  -0.01595773     0.02521145  -0.00285000     0.02521145  -0.00285000
  0.02688111   0.00442339    -0.02353336  -0.00908980    -0.03007940  -0.00064708
  0.02688111   0.00442339    -0.03007940  -0.00064708    -0.02353336  -0.00908980
    3    1
 -0.03054275  -0.00000000     0.00000000  -0.00000000     0.00000000  -0.00000000
  0.00000000  -0.00000000     0.03934235   0.00000000     0.00000000  -0.03608561
 -0.00000000   0.00000000     0.00000000  -0.03608561     0.03934235   0.00000000
    3    2
 -0.00840860  -0.01456412    -0.00000000  -0.00000000    -0.00000000  -0.00000000
 -0.00000000   0.00000000     0.00156130   0.00270425    -0.03216649   0.01857133
 -0.00000000  -0.00000000    -0.03216649   0.01857133     0.00156130   0.00270425
    3    3
  0.11759965  -0.00000000     0.00000000   0.00000000     0.00000000  -0.00000000
 -0.00000000   0.00000000     0.09125087  -0.00000000    -0.00000000   0.00000000
  0.00000000   0.00000000    -0.00000000   0.00000000     0.09125087   0.00000000
    3    4
 -0.00446333   0.01595773    -0.02521145  -0.00285000    -0.02521145  -0.00285000
 -0.02688111   0.00442339    -0.02353336   0.00908980    -0.03007940   0.00064708
 -0.02688111   0.00442339    -0.03007940   0.00064708    -0.02353336   0.00908980
    3    5
 -0.00310444  -0.01729982     0.01132394   0.00215048     0.01132394   0.00215048
  0.01213693  -0.00217129     0.01459562  -0.01104460     0.01932102   0.00586764
  0.01213693  -0.00217129     0.01932102   0.00586764     0.01459562  -0.01104460
    3    6
 -0.01158813   0.01184422     0.01507390   0.02040875    -0.01507390  -0.02040875
  0.00960978   0.02549142     0.00389468   0.02492538    -0.01447931  -0.02637306
 -0.00960978  -0.02549142    -0.01447931  -0.02637306     0.00389468   0.02492538
    3    7
  0.01653430  -0.00596138    -0.00752434  -0.00873158     0.00752434   0.00873158
 -0.00418807  -0.01159654     0.00226710  -0.01816248     0.01474203   0.01379868
  0.00418807   0.01159654     0.01474203   0.01379868     0.00226710  -0.01816248
    3    8
 -0.01158813   0.01184422    -0.01507390  -0.02040875     0.01507390   0.02040875
 -0.00960978  -0.02549142     0.00389468   0.02492538    -0.01447931  -0.02637306
  0.00960978   0.02549142    -0.01447931  -0.02637306     0.00389468   0.02492538
    3    9
  0.01653430  -0.00596138     0.00752434   0.00873158    -0.00752434  -0.00873158
  0.00418807   0.01159654     0.00226710  -0.01816248     0.01474203   0.01379868
 -0.00418807  -0.01159654     0.01474203   0.01379868     0.00226710  -0.01816248
    3   10
 -0.00446333   0.01595773     0.02521145   0.00285000     0.02521145   0.00285000
  0.02688111  -0.00442339    -0.02353336   0.00908980    -0.03007940   0.00064708
  0.02688111  -0.00442339    -0.03007940   0.00064708    -0.02353336   0.00908980
    3   11
 -0.00310444  -0.01729982    -0.01132394  -0.00215048    -0.01132394  -0.00215048
 -0.01213693   0.00217129     0.01459562  -0.01104460     0.01932102   0.00586764
 -0.01213693   0.00217129     0.01932102   0.00586764     0.01459562  -0.01104460
    4    1
  0.05928153  -0.03988350    -0.01677903   0.00840625    -0.01677903   0.00840625
