  1.000000000000000E-002   1.50263395063803        5.49317787411326     
           4

     Dynamical  Matrix in cartesian axes

     q = (   -0.353553391  -0.353553391   0.353553391 ) 

    1    1
  0.21532707   0.00000000     0.08483158   0.00000000    -0.08483158   0.00000000
  0.08483158   0.00000000     0.21532707   0.00000000    -0.08483158   0.00000000
 -0.08483158   0.00000000    -0.08483158   0.00000000     0.21532707   0.00000000
    1    2
  0.01876110  -0.00000000     0.04388012  -0.00000000    -0.04388012   0.00000000
  0.04388012  -0.00000000     0.01876110  -0.00000000    -0.04388012   0.00000000
 -0.04388012   0.00000000    -0.04388012   0.00000000     0.01876110  -0.00000000
    1    3
 -0.01876110   0.00000000    -0.04388012   0.00000000     0.04388012  -0.00000000
 -0.04388012   0.00000000    -0.01876110   0.00000000     0.04388012  -0.00000000
  0.04388012  -0.00000000     0.04388012  -0.00000000    -0.01876110   0.00000000
    1    4
  0.03116401  -0.00000000     0.00299099  -0.00000000    -0.02301050   0.00000000
  0.00299099  -0.00000000     0.03116401  -0.00000000    -0.02301050   0.00000000
 -0.01417184   0.00000000    -0.01417184   0.00000000    -0.04684938   0.00000000
    1    5
 -0.03116401   0.00000000    -0.00299099   0.00000000     0.02301050  -0.00000000
 -0.00299099   0.00000000    -0.03116401   0.00000000     0.02301050  -0.00000000
  0.01417184  -0.00000000     0.01417184  -0.00000000     0.04684938  -0.00000000
    1    6
 -0.05243739   0.00000000    -0.00191555   0.00000000     0.00191555  -0.00000000
 -0.00191555   0.00000000    -0.05243739   0.00000000     0.00191555  -0.00000000
  0.00191555  -0.00000000     0.00191555  -0.00000000    -0.05243739   0.00000000
    1    7
  0.05243739  -0.00000000     0.00191555  -0.00000000    -0.00191555   0.00000000
  0.00191555  -0.00000000     0.05243739  -0.00000000    -0.00191555   0.00000000
 -0.00191555   0.00000000    -0.00191555   0.00000000     0.05243739  -0.00000000
    1    8
 -0.04684938   0.00000000     0.01417184  -0.00000000    -0.01417184   0.00000000
  0.02301050  -0.00000000     0.03116401  -0.00000000    -0.00299099   0.00000000
 -0.02301050   0.00000000    -0.00299099   0.00000000     0.03116401  -0.00000000
    1    9
  0.04684938  -0.00000000    -0.01417184   0.00000000     0.01417184  -0.00000000
 -0.02301050   0.00000000    -0.03116401   0.00000000     0.00299099  -0.00000000
  0.02301050  -0.00000000     0.00299099  -0.00000000    -0.03116401   0.00000000
    1   10
  0.03116401  -0.00000000     0.02301050  -0.00000000    -0.00299099   0.00000000
  0.01417184  -0.00000000    -0.04684938   0.00000000    -0.01417184   0.00000000
 -0.00299099   0.00000000    -0.02301050   0.00000000     0.03116401  -0.00000000
    1   11
 -0.03116401   0.00000000    -0.02301050   0.00000000     0.00299099  -0.00000000
 -0.01417184   0.00000000     0.04684938  -0.00000000     0.01417184  -0.00000000
  0.00299099  -0.00000000     0.02301050  -0.00000000    -0.03116401   0.00000000
    2    1
  0.01876110   0.00000000     0.04388012   0.00000000    -0.04388012  -0.00000000
  0.04388012   0.00000000     0.01876110   0.00000000    -0.04388012  -0.00000000
 -0.04388012  -0.00000000    -0.04388012  -0.00000000     0.01876110   0.00000000
    2    2
  0.09919294   0.00000000    -0.01207824   0.00000000     0.01207824   0.00000000
 -0.01207824   0.00000000     0.09919294   0.00000000     0.01207824   0.00000000
  0.01207824   0.00000000     0.01207824   0.00000000     0.09919294   0.00000000
    2    3
 -0.03438747   0.00000000     0.01108371   0.00000000    -0.01108371   0.00000000
  0.01108371   0.00000000    -0.03438747   0.00000000    -0.01108371   0.00000000
 -0.01108371   0.00000000    -0.01108371   0.00000000    -0.03438747   0.00000000
    2    4
  0.02996522   0.00000000     0.01303404   0.00000000     0.00350637   0.00000000
  0.01303404   0.00000000     0.02996522   0.00000000     0.00350637   0.00000000
  0.01611510   0.00000000     0.01611510   0.00000000     0.02581972   0.00000000
    2    5
 -0.03334070   0.00000000    -0.01139244   0.00000000    -0.02631168   0.00000000
 -0.01139244   0.00000000    -0.03334070   0.00000000    -0.02631168   0.00000000
 -0.04405278   0.00000000    -0.04405278   0.00000000    -0.02824483   0.00000000
    2    6
 -0.00738960   0.00000000    -0.00183775   0.00000000     0.00183775   0.00000000
 -0.00183775   0.00000000    -0.00738960   0.00000000     0.00183775   0.00000000
  0.00183775   0.00000000     0.00183775   0.00000000    -0.00738960   0.00000000
    2    7
  0.00892429   0.00000000     0.01870719   0.00000000    -0.01870719   0.00000000
  0.01870719   0.00000000     0.00892429   0.00000000    -0.01870719   0.00000000
 -0.01870719   0.00000000    -0.01870719   0.00000000     0.00892429   0.00000000
    2    8
  0.02581972   0.00000000    -0.01611510   0.00000000     0.01611510   0.00000000
 -0.00350637   0.00000000     0.02996522   0.00000000    -0.01303404   0.00000000
  0.00350637   0.00000000    -0.01303404   0.00000000     0.02996522   0.00000000
    2    9
 -0.02824483   0.00000000     0.04405278   0.00000000    -0.04405278   0.00000000
  0.02631168   0.00000000    -0.03334070   0.00000000     0.01139244   0.00000000
 -0.02631168   0.00000000     0.01139244   0.00000000    -0.03334070   0.00000000
    2   10
  0.02996522   0.00000000    -0.00350637   0.00000000    -0.01303404   0.00000000
 -0.01611510   0.00000000     0.02581972   0.00000000     0.01611510   0.00000000
 -0.01303404   0.00000000     0.00350637   0.00000000     0.02996522   0.00000000
    2   11
 -0.03334070   0.00000000     0.02631168   0.00000000     0.01139244   0.00000000
  0.04405278   0.00000000    -0.02824483   0.00000000    -0.04405278   0.00000000
  0.01139244   0.00000000    -0.02631168   0.00000000    -0.03334070   0.00000000
    3    1
 -0.01876110  -0.00000000    -0.04388012  -0.00000000     0.04388012   0.00000000
 -0.04388012  -0.00000000    -0.01876110  -0.00000000     0.04388012   0.00000000
  0.04388012   0.00000000     0.04388012   0.00000000    -0.01876110  -0.00000000
    3    2
 -0.03438747   0.00000000     0.01108371   0.00000000    -0.01108371   0.00000000
  0.01108371   0.00000000    -0.03438747   0.00000000    -0.01108371   0.00000000
 -0.01108371   0.00000000    -0.01108371   0.00000000    -0.03438747   0.00000000
    3    3
  0.09919294   0.00000000    -0.01207824   0.00000000     0.01207824   0.00000000
 -0.01207824   0.00000000     0.09919294   0.00000000     0.01207824   0.00000000
  0.01207824   0.00000000     0.01207824   0.00000000     0.09919294   0.00000000
    3    4
 -0.03334070   0.00000000    -0.01139244   0.00000000    -0.02631168   0.00000000
 -0.01139244   0.00000000    -0.03334070   0.00000000    -0.02631168   0.00000000
 -0.04405278   0.00000000    -0.04405278   0.00000000    -0.02824483   0.00000000
    3    5
  0.02996522   0.00000000     0.01303404   0.00000000     0.00350637   0.00000000
  0.01303404   0.00000000     0.02996522   0.00000000     0.00350637   0.00000000
  0.01611510   0.00000000     0.01611510   0.00000000     0.02581972   0.00000000
    3    6
  0.00892429   0.00000000     0.01870719   0.00000000    -0.01870719   0.00000000
  0.01870719   0.00000000     0.00892429   0.00000000    -0.01870719   0.00000000
 -0.01870719   0.00000000    -0.01870719   0.00000000     0.00892429   0.00000000
    3    7
 -0.00738960   0.00000000    -0.00183775   0.00000000     0.00183775   0.00000000
 -0.00183775   0.00000000    -0.00738960   0.00000000     0.00183775   0.00000000
  0.00183775   0.00000000     0.00183775   0.00000000    -0.00738960   0.00000000
    3    8
 -0.02824483   0.00000000     0.04405278   0.00000000    -0.04405278   0.00000000
  0.02631168   0.00000000    -0.03334070   0.00000000     0.01139244   0.00000000
 -0.02631168   0.00000000     0.01139244   0.00000000    -0.03334070   0.00000000
    3    9
  0.02581972   0.00000000    -0.01611510   0.00000000     0.01611510   0.00000000
 -0.00350637   0.00000000     0.02996522   0.00000000    -0.01303404   0.00000000
  0.00350637   0.00000000    -0.01303404   0.00000000     0.02996522   0.00000000
    3   10
 -0.03334070   0.00000000     0.02631168   0.00000000     0.01139244   0.00000000
  0.04405278   0.00000000    -0.02824483   0.00000000    -0.04405278   0.00000000
  0.01139244   0.00000000    -0.02631168   0.00000000    -0.03334070   0.00000000
    3   11
  0.02996522   0.00000000    -0.00350637   0.00000000    -0.01303404   0.00000000
 -0.01611510   0.00000000     0.02581972   0.00000000     0.01611510   0.00000000
 -0.01303404   0.00000000     0.00350637   0.00000000     0.02996522   0.00000000
    4    1
  0.03116401   0.00000000     0.00299099   0.00000000    -0.01417184  -0.00000000
  0.00299099   0.00000000     0.03116401   0.00000000    -0.01417184  -0.00000000
 -0.02301050  -0.00000000    -0.02301050  -0.00000000    -0.04684938  -0.00000000
    4    2
  0.02996522   0.00000000     0.01303404   0.00000000     0.01611510   0.00000000
  0.01303404   0.00000000     0.02996522   0.00000000     0.01611510   0.00000000
  0.00350637   0.00000000     0.00350637   0.00000000     0.02581972   0.00000000
    4    3
 -0.03334070   0.00000000    -0.01139244   0.00000000    -0.04405278   0.00000000
 -0.01139244   0.00000000    -0.03334070   0.00000000    -0.04405278   0.00000000
 -0.02631168   0.00000000    -0.02631168   0.00000000    -0.02824483   0.00000000
    4    4
  0.08828714   0.00000000     0.00504754   0.00000000     0.00028975   0.00000000
  0.00504754   0.00000000     0.08828714   0.00000000     0.00028975   0.00000000
  0.00028975   0.00000000     0.00028975   0.00000000     0.07284483   0.00000000
    4    5
 -0.02114786   0.00000000    -0.02720550   0.00000000    -0.00964438   0.00000000
 -0.02720550   0.00000000    -0.02114786   0.00000000    -0.00964438   0.00000000
 -0.00964438   0.00000000    -0.00964438   0.00000000    -0.03536862   0.00000000
    4    6
 -0.02023013   0.00000000     0.01316476   0.00000000    -0.00967870   0.00000000
  0.01316476   0.00000000    -0.02023013   0.00000000    -0.00967870   0.00000000
  0.00962290   0.00000000     0.00962290   0.00000000     0.03348134   0.00000000
    4    7
  0.02592334  -0.00000000    -0.00122393   0.00000000     0.01273588   0.00000000
 -0.00122393  -0.00000000     0.02592334   0.00000000     0.01273588  -0.00000000
 -0.01992648   0.00000000    -0.01992648  -0.00000000    -0.03239416   0.00000000
    4    8
  0.00527279   0.00000000    -0.00687380   0.00000000     0.04016545   0.00000000
  0.01281792   0.00000000     0.01220033   0.00000000     0.00687380   0.00000000
  0.02134007   0.00000000    -0.01281792   0.00000000     0.00527279   0.00000000
    4    9
  0.01314873   0.00000000     0.02896799   0.00000000    -0.02409282  -0.00000000
 -0.00931236  -0.00000000    -0.03912301  -0.00000000    -0.02896799  -0.00000000
 -0.02627343  -0.00000000     0.00931236   0.00000000     0.01314873   0.00000000
    4   10
  0.01220033   0.00000000     0.01281792   0.00000000     0.00687380   0.00000000
 -0.00687380   0.00000000     0.00527279   0.00000000     0.04016545   0.00000000
 -0.01281792   0.00000000     0.02134007   0.00000000     0.00527279   0.00000000
    4   11
 -0.03912301   0.00000000    -0.00931236   0.00000000    -0.02896799   0.00000000
  0.02896799   0.00000000     0.01314873   0.00000000    -0.02409282   0.00000000
  0.00931236   0.00000000    -0.02627343   0.00000000     0.01314873   0.00000000
    5    1
 -0.03116401  -0.00000000    -0.00299099  -0.00000000     0.01417184   0.00000000
 -0.00299099  -0.00000000    -0.03116401  -0.00000000     0.01417184   0.00000000
  0.02301050   0.00000000     0.02301050   0.00000000     0.04684938   0.00000000
    5    2
 -0.03334070   0.00000000    -0.01139244   0.00000000    -0.04405278   0.00000000
 -0.01139244   0.00000000    -0.03334070   0.00000000    -0.04405278   0.00000000
 -0.02631168   0.00000000    -0.02631168   0.00000000    -0.02824483   0.00000000
    5    3
  0.02996522   0.00000000     0.01303404   0.00000000     0.01611510   0.00000000
  0.01303404   0.00000000     0.02996522   0.00000000     0.01611510   0.00000000
  0.00350637   0.00000000     0.00350637   0.00000000     0.02581972   0.00000000
    5    4
 -0.02114786  -0.00000000    -0.02720550  -0.00000000    -0.00964438  -0.00000000
 -0.02720550  -0.00000000    -0.02114786  -0.00000000    -0.00964438  -0.00000000
 -0.00964438  -0.00000000    -0.00964438  -0.00000000    -0.03536862  -0.00000000
    5    5
  0.08828714   0.00000000     0.00504754   0.00000000     0.00028975   0.00000000
  0.00504754   0.00000000     0.08828714   0.00000000     0.00028975   0.00000000
  0.00028975   0.00000000     0.00028975   0.00000000     0.07284483   0.00000000
    5    6
  0.02592334   0.00000000    -0.00122393  -0.00000000     0.01273588   0.00000000
 -0.00122393  -0.00000000     0.02592334   0.00000000     0.01273588   0.00000000
 -0.01992648  -0.00000000    -0.01992648  -0.00000000    -0.03239416  -0.00000000
    5    7
 -0.02023013  -0.00000000     0.01316476   0.00000000    -0.00967870  -0.00000000
  0.01316476   0.00000000    -0.02023013  -0.00000000    -0.00967870  -0.00000000
  0.00962290   0.00000000     0.00962290   0.00000000     0.03348134   0.00000000
    5    8
  0.01314873   0.00000000     0.02896799   0.00000000    -0.02409282  -0.00000000
 -0.00931236  -0.00000000    -0.03912301  -0.00000000    -0.02896799  -0.00000000
 -0.02627343  -0.00000000     0.00931236   0.00000000     0.01314873   0.00000000
    5    9
  0.00527279   0.00000000    -0.00687380  -0.00000000     0.04016545   0.00000000
  0.01281792   0.00000000     0.01220033   0.00000000     0.00687380   0.00000000
  0.02134007   0.00000000    -0.01281792  -0.00000000     0.00527279   0.00000000
    5   10
 -0.03912301  -0.00000000    -0.00931236  -0.00000000    -0.02896799  -0.00000000
  0.02896799   0.00000000     0.01314873   0.00000000    -0.02409282  -0.00000000
  0.00931236   0.00000000    -0.02627343  -0.00000000     0.01314873   0.00000000
    5   11
  0.01220033   0.00000000     0.01281792   0.00000000     0.00687380   0.00000000
 -0.00687380  -0.00000000     0.00527279   0.00000000     0.04016545   0.00000000
 -0.01281792  -0.00000000     0.02134007   0.00000000     0.00527279   0.00000000
    6    1
 -0.05243739  -0.00000000    -0.00191555  -0.00000000     0.00191555   0.00000000
 -0.00191555  -0.00000000    -0.05243739  -0.00000000     0.00191555   0.00000000
  0.00191555   0.00000000     0.00191555   0.00000000    -0.05243739  -0.00000000
    6    2
 -0.00738960   0.00000000    -0.00183775   0.00000000     0.00183775   0.00000000
 -0.00183775   0.00000000    -0.00738960   0.00000000     0.00183775   0.00000000
  0.00183775   0.00000000     0.00183775   0.00000000    -0.00738960   0.00000000
    6    3
  0.00892429   0.00000000     0.01870719   0.00000000    -0.01870719   0.00000000
  0.01870719   0.00000000     0.00892429   0.00000000    -0.01870719   0.00000000
 -0.01870719   0.00000000    -0.01870719   0.00000000     0.00892429   0.00000000
    6    4
 -0.02023013   0.00000000     0.01316476   0.00000000     0.00962290   0.00000000
  0.01316476   0.00000000    -0.02023013   0.00000000     0.00962290   0.00000000
 -0.00967870   0.00000000    -0.00967870   0.00000000     0.03348134   0.00000000
    6    5
  0.02592334  -0.00000000    -0.00122393   0.00000000    -0.01992648   0.00000000
 -0.00122393   0.00000000     0.02592334  -0.00000000    -0.01992648   0.00000000
  0.01273588  -0.00000000     0.01273588  -0.00000000    -0.03239416   0.00000000
    6    6
  0.05961661   0.00000000    -0.01053820   0.00000000     0.01053820   0.00000000
 -0.01053820   0.00000000     0.05961661   0.00000000     0.01053820   0.00000000
  0.01053820   0.00000000     0.01053820   0.00000000     0.05961661   0.00000000
    6    7
 -0.02463585  -0.00000000     0.00528481   0.00000000    -0.00528481  -0.00000000
  0.00528481   0.00000000    -0.02463585   0.00000000    -0.00528481   0.00000000
 -0.00528481  -0.00000000    -0.00528481   0.00000000    -0.02463585   0.00000000
    6    8
  0.03348134   0.00000000     0.00967870   0.00000000    -0.00967870   0.00000000
 -0.00962290   0.00000000    -0.02023013   0.00000000    -0.01316476   0.00000000
  0.00962290   0.00000000    -0.01316476   0.00000000    -0.02023013   0.00000000
    6    9
 -0.03239416  -0.00000000    -0.01273588  -0.00000000     0.01273588   0.00000000
  0.01992648   0.00000000     0.02592334   0.00000000     0.00122393   0.00000000
 -0.01992648  -0.00000000     0.00122393   0.00000000     0.02592334   0.00000000
    6   10
 -0.02023013   0.00000000    -0.00962290   0.00000000    -0.01316476   0.00000000
  0.00967870   0.00000000     0.03348134   0.00000000    -0.00967870   0.00000000
 -0.01316476   0.00000000     0.00962290   0.00000000    -0.02023013   0.00000000
    6   11
  0.02592334   0.00000000     0.01992648   0.00000000     0.00122393   0.00000000
 -0.01273588   0.00000000    -0.03239416   0.00000000     0.01273588   0.00000000
  0.00122393   0.00000000    -0.01992648   0.00000000     0.02592334   0.00000000
    7    1
  0.05243739   0.00000000     0.00191555   0.00000000    -0.00191555  -0.00000000
  0.00191555   0.00000000     0.05243739   0.00000000    -0.00191555  -0.00000000
 -0.00191555  -0.00000000    -0.00191555  -0.00000000     0.05243739   0.00000000
    7    2
  0.00892429   0.00000000     0.01870719   0.00000000    -0.01870719   0.00000000
  0.01870719   0.00000000     0.00892429   0.00000000    -0.01870719   0.00000000
 -0.01870719   0.00000000    -0.01870719   0.00000000     0.00892429   0.00000000
    7    3
 -0.00738960   0.00000000    -0.00183775   0.00000000     0.00183775   0.00000000
 -0.00183775   0.00000000    -0.00738960   0.00000000     0.00183775   0.00000000
  0.00183775   0.00000000     0.00183775   0.00000000    -0.00738960   0.00000000
    7    4
  0.02592334   0.00000000    -0.00122393   0.00000000    -0.01992648  -0.00000000
 -0.00122393  -0.00000000     0.02592334  -0.00000000    -0.01992648   0.00000000
  0.01273588  -0.00000000     0.01273588   0.00000000    -0.03239416  -0.00000000
    7    5
 -0.02023013   0.00000000     0.01316476  -0.00000000     0.00962290  -0.00000000
  0.01316476  -0.00000000    -0.02023013   0.00000000     0.00962290  -0.00000000
 -0.00967870   0.00000000    -0.00967870   0.00000000     0.03348134  -0.00000000
    7    6
 -0.02463585   0.00000000     0.00528481  -0.00000000    -0.00528481   0.00000000
  0.00528481  -0.00000000    -0.02463585  -0.00000000    -0.00528481  -0.00000000
 -0.00528481   0.00000000    -0.00528481  -0.00000000    -0.02463585  -0.00000000
    7    7
  0.05961661   0.00000000    -0.01053820   0.00000000     0.01053820   0.00000000
 -0.01053820   0.00000000     0.05961661   0.00000000     0.01053820   0.00000000
  0.01053820   0.00000000     0.01053820   0.00000000     0.05961661   0.00000000
    7    8
 -0.03239416   0.00000000    -0.01273588  -0.00000000     0.01273588  -0.00000000
  0.01992648  -0.00000000     0.02592334  -0.00000000     0.00122393   0.00000000
 -0.01992648   0.00000000     0.00122393  -0.00000000     0.02592334  -0.00000000
    7    9
  0.03348134   0.00000000     0.00967870   0.00000000    -0.00967870  -0.00000000
 -0.00962290  -0.00000000    -0.02023013  -0.00000000    -0.01316476  -0.00000000
  0.00962290   0.00000000    -0.01316476  -0.00000000    -0.02023013  -0.00000000
    7   10
  0.02592334   0.00000000     0.01992648   0.00000000     0.00122393  -0.00000000
 -0.01273588   0.00000000    -0.03239416  -0.00000000     0.01273588   0.00000000
  0.00122393   0.00000000    -0.01992648  -0.00000000     0.02592334   0.00000000
    7   11
 -0.02023013  -0.00000000    -0.00962290   0.00000000    -0.01316476  -0.00000000
  0.00967870   0.00000000     0.03348134  -0.00000000    -0.00967870  -0.00000000
 -0.01316476  -0.00000000     0.00962290  -0.00000000    -0.02023013   0.00000000
    8    1
 -0.04684938  -0.00000000     0.02301050   0.00000000    -0.02301050  -0.00000000
  0.01417184   0.00000000     0.03116401   0.00000000    -0.00299099  -0.00000000
 -0.01417184  -0.00000000    -0.00299099  -0.00000000     0.03116401   0.00000000
    8    2
  0.02581972   0.00000000    -0.00350637   0.00000000     0.00350637   0.00000000
 -0.01611510   0.00000000     0.02996522   0.00000000    -0.01303404   0.00000000
  0.01611510   0.00000000    -0.01303404   0.00000000     0.02996522   0.00000000
    8    3
 -0.02824483   0.00000000     0.02631168   0.00000000    -0.02631168   0.00000000
  0.04405278   0.00000000    -0.03334070   0.00000000     0.01139244   0.00000000
 -0.04405278   0.00000000     0.01139244   0.00000000    -0.03334070   0.00000000
    8    4
  0.00527279   0.00000000     0.01281792   0.00000000     0.02134007   0.00000000
 -0.00687380   0.00000000     0.01220033   0.00000000    -0.01281792   0.00000000
  0.04016545   0.00000000     0.00687380   0.00000000     0.00527279   0.00000000
    8    5
  0.01314873  -0.00000000    -0.00931236   0.00000000    -0.02627343   0.00000000
  0.02896799  -0.00000000    -0.03912301   0.00000000     0.00931236  -0.00000000
 -0.02409282   0.00000000    -0.02896799   0.00000000     0.01314873  -0.00000000
    8    6
  0.03348134   0.00000000    -0.00962290   0.00000000     0.00962290   0.00000000
  0.00967870   0.00000000    -0.02023013   0.00000000    -0.01316476   0.00000000
 -0.00967870   0.00000000    -0.01316476   0.00000000    -0.02023013   0.00000000
    8    7
 -0.03239416  -0.00000000     0.01992648   0.00000000    -0.01992648  -0.00000000
 -0.01273588   0.00000000     0.02592334   0.00000000     0.00122393   0.00000000
  0.01273588   0.00000000     0.00122393  -0.00000000     0.02592334   0.00000000
    8    8
  0.07284483   0.00000000    -0.00028975   0.00000000     0.00028975   0.00000000
 -0.00028975   0.00000000     0.08828714   0.00000000    -0.00504754   0.00000000
  0.00028975   0.00000000    -0.00504754   0.00000000     0.08828714   0.00000000
    8    9
 -0.03536862  -0.00000000     0.00964438   0.00000000    -0.00964438  -0.00000000
  0.00964438   0.00000000    -0.02114786  -0.00000000     0.02720550   0.00000000
 -0.00964438  -0.00000000     0.02720550   0.00000000    -0.02114786  -0.00000000
    8   10
  0.00527279   0.00000000    -0.02134007   0.00000000    -0.01281792   0.00000000
 -0.04016545   0.00000000     0.00527279   0.00000000     0.00687380   0.00000000
  0.00687380   0.00000000    -0.01281792   0.00000000     0.01220033   0.00000000
    8   11
  0.01314873   0.00000000     0.02627343   0.00000000     0.00931236   0.00000000
  0.02409282   0.00000000     0.01314873   0.00000000    -0.02896799   0.00000000
 -0.02896799   0.00000000     0.00931236   0.00000000    -0.03912301   0.00000000
    9    1
  0.04684938   0.00000000    -0.02301050  -0.00000000     0.02301050   0.00000000
 -0.01417184  -0.00000000    -0.03116401  -0.00000000     0.00299099   0.00000000
  0.01417184   0.00000000     0.00299099   0.00000000    -0.03116401  -0.00000000
    9    2
 -0.02824483   0.00000000     0.02631168   0.00000000    -0.02631168   0.00000000
  0.04405278   0.00000000    -0.03334070   0.00000000     0.01139244   0.00000000
 -0.04405278   0.00000000     0.01139244   0.00000000    -0.03334070   0.00000000
    9    3
  0.02581972   0.00000000    -0.00350637   0.00000000     0.00350637   0.00000000
 -0.01611510   0.00000000     0.02996522   0.00000000    -0.01303404   0.00000000
  0.01611510   0.00000000    -0.01303404   0.00000000     0.02996522   0.00000000
    9    4
  0.01314873  -0.00000000    -0.00931236   0.00000000    -0.02627343   0.00000000
  0.02896799  -0.00000000    -0.03912301   0.00000000     0.00931236  -0.00000000
 -0.02409282   0.00000000    -0.02896799   0.00000000     0.01314873  -0.00000000
    9    5
  0.00527279  -0.00000000     0.01281792  -0.00000000     0.02134007  -0.00000000
 -0.00687380   0.00000000     0.01220033  -0.00000000    -0.01281792   0.00000000
  0.04016545  -0.00000000     0.00687380  -0.00000000     0.00527279  -0.00000000
    9    6
 -0.03239416   0.00000000     0.01992648  -0.00000000    -0.01992648   0.00000000
 -0.01273588   0.00000000     0.02592334  -0.00000000     0.00122393  -0.00000000
  0.01273588  -0.00000000     0.00122393  -0.00000000     0.02592334  -0.00000000
    9    7
  0.03348134  -0.00000000    -0.00962290   0.00000000     0.00962290  -0.00000000
  0.00967870  -0.00000000    -0.02023013   0.00000000    -0.01316476   0.00000000
 -0.00967870   0.00000000    -0.01316476   0.00000000    -0.02023013   0.00000000
    9    8
 -0.03536862   0.00000000     0.00964438  -0.00000000    -0.00964438   0.00000000
  0.00964438  -0.00000000    -0.02114786   0.00000000     0.02720550  -0.00000000
 -0.00964438   0.00000000     0.02720550  -0.00000000    -0.02114786   0.00000000
    9    9
  0.07284483   0.00000000    -0.00028975   0.00000000     0.00028975   0.00000000
 -0.00028975   0.00000000     0.08828714   0.00000000    -0.00504754   0.00000000
  0.00028975   0.00000000    -0.00504754   0.00000000     0.08828714   0.00000000
    9   10
  0.01314873  -0.00000000     0.02627343  -0.00000000     0.00931236  -0.00000000
  0.02409282  -0.00000000     0.01314873  -0.00000000    -0.02896799   0.00000000
 -0.02896799   0.00000000     0.00931236  -0.00000000    -0.03912301   0.00000000
    9   11
  0.00527279  -0.00000000    -0.02134007   0.00000000    -0.01281792   0.00000000
 -0.04016545   0.00000000     0.00527279  -0.00000000     0.00687380  -0.00000000
  0.00687380  -0.00000000    -0.01281792   0.00000000     0.01220033  -0.00000000
   10    1
  0.03116401   0.00000000     0.01417184   0.00000000    -0.00299099  -0.00000000
  0.02301050   0.00000000    -0.04684938  -0.00000000    -0.02301050  -0.00000000
 -0.00299099  -0.00000000    -0.01417184  -0.00000000     0.03116401   0.00000000
   10    2
  0.02996522   0.00000000    -0.01611510   0.00000000    -0.01303404   0.00000000
 -0.00350637   0.00000000     0.02581972   0.00000000     0.00350637   0.00000000
 -0.01303404   0.00000000     0.01611510   0.00000000     0.02996522   0.00000000
   10    3
 -0.03334070   0.00000000     0.04405278   0.00000000     0.01139244   0.00000000
  0.02631168   0.00000000    -0.02824483   0.00000000    -0.02631168   0.00000000
  0.01139244   0.00000000    -0.04405278   0.00000000    -0.03334070   0.00000000
   10    4
  0.01220033   0.00000000    -0.00687380   0.00000000    -0.01281792   0.00000000
  0.01281792   0.00000000     0.00527279   0.00000000     0.02134007   0.00000000
  0.00687380   0.00000000     0.04016545   0.00000000     0.00527279   0.00000000
   10    5
 -0.03912301   0.00000000     0.02896799  -0.00000000     0.00931236  -0.00000000
 -0.00931236   0.00000000     0.01314873  -0.00000000    -0.02627343   0.00000000
 -0.02896799   0.00000000    -0.02409282   0.00000000     0.01314873  -0.00000000
   10    6
 -0.02023013   0.00000000     0.00967870   0.00000000    -0.01316476   0.00000000
 -0.00962290   0.00000000     0.03348134   0.00000000     0.00962290   0.00000000
 -0.01316476   0.00000000    -0.00967870   0.00000000    -0.02023013   0.00000000
   10    7
  0.02592334  -0.00000000    -0.01273588  -0.00000000     0.00122393  -0.00000000
  0.01992648  -0.00000000    -0.03239416   0.00000000    -0.01992648   0.00000000
  0.00122393   0.00000000     0.01273588  -0.00000000     0.02592334  -0.00000000
   10    8
  0.00527279   0.00000000    -0.04016545   0.00000000     0.00687380   0.00000000
 -0.02134007   0.00000000     0.00527279   0.00000000    -0.01281792   0.00000000
 -0.01281792   0.00000000     0.00687380   0.00000000     0.01220033   0.00000000
   10    9
  0.01314873   0.00000000     0.02409282   0.00000000    -0.02896799  -0.00000000
  0.02627343   0.00000000     0.01314873   0.00000000     0.00931236   0.00000000
  0.00931236   0.00000000    -0.02896799  -0.00000000    -0.03912301  -0.00000000
   10   10
  0.08828714   0.00000000    -0.00028975   0.00000000    -0.00504754   0.00000000
 -0.00028975   0.00000000     0.07284483   0.00000000     0.00028975   0.00000000
 -0.00504754   0.00000000     0.00028975   0.00000000     0.08828714   0.00000000
   10   11
 -0.02114786   0.00000000     0.00964438   0.00000000     0.02720550   0.00000000
  0.00964438   0.00000000    -0.03536862   0.00000000    -0.00964438   0.00000000
  0.02720550   0.00000000    -0.00964438   0.00000000    -0.02114786   0.00000000
   11    1
 -0.03116401  -0.00000000    -0.01417184  -0.00000000     0.00299099   0.00000000
 -0.02301050  -0.00000000     0.04684938   0.00000000     0.02301050   0.00000000
  0.00299099   0.00000000     0.01417184   0.00000000    -0.03116401  -0.00000000
   11    2
 -0.03334070   0.00000000     0.04405278   0.00000000     0.01139244   0.00000000
  0.02631168   0.00000000    -0.02824483   0.00000000    -0.02631168   0.00000000
  0.01139244   0.00000000    -0.04405278   0.00000000    -0.03334070   0.00000000
   11    3
  0.02996522   0.00000000    -0.01611510   0.00000000    -0.01303404   0.00000000
 -0.00350637   0.00000000     0.02581972   0.00000000     0.00350637   0.00000000
 -0.01303404   0.00000000     0.01611510   0.00000000     0.02996522   0.00000000
   11    4
 -0.03912301   0.00000000     0.02896799   0.00000000     0.00931236   0.00000000
 -0.00931236   0.00000000     0.01314873   0.00000000    -0.02627343   0.00000000
 -0.02896799   0.00000000    -0.02409282   0.00000000     0.01314873   0.00000000
   11    5
  0.01220033  -0.00000000    -0.00687380   0.00000000    -0.01281792   0.00000000
  0.01281792  -0.00000000     0.00527279  -0.00000000     0.02134007  -0.00000000
  0.00687380  -0.00000000     0.04016545  -0.00000000     0.00527279  -0.00000000
   11    6
  0.02592334   0.00000000    -0.01273588   0.00000000     0.00122393   0.00000000
  0.01992648   0.00000000    -0.03239416   0.00000000    -0.01992648   0.00000000
  0.00122393   0.00000000     0.01273588   0.00000000     0.02592334   0.00000000
   11    7
 -0.02023013   0.00000000     0.00967870  -0.00000000    -0.01316476   0.00000000
 -0.00962290  -0.00000000     0.03348134   0.00000000     0.00962290   0.00000000
 -0.01316476   0.00000000    -0.00967870   0.00000000    -0.02023013  -0.00000000
   11    8
  0.01314873   0.00000000     0.02409282   0.00000000    -0.02896799   0.00000000
  0.02627343   0.00000000     0.01314873   0.00000000     0.00931236   0.00000000
  0.00931236   0.00000000    -0.02896799   0.00000000    -0.03912301   0.00000000
   11    9
  0.00527279   0.00000000    -0.04016545  -0.00000000     0.00687380   0.00000000
 -0.02134007  -0.00000000     0.00527279   0.00000000    -0.01281792  -0.00000000
 -0.01281792  -0.00000000     0.00687380   0.00000000     0.01220033   0.00000000
   11   10
 -0.02114786   0.00000000     0.00964438   0.00000000     0.02720550   0.00000000
  0.00964438   0.00000000    -0.03536862   0.00000000    -0.00964438   0.00000000
  0.02720550   0.00000000    -0.00964438   0.00000000    -0.02114786   0.00000000
   11   11
  0.08828714   0.00000000    -0.00028975   0.00000000    -0.00504754   0.00000000
 -0.00028975   0.00000000     0.07284483   0.00000000     0.00028975   0.00000000
 -0.00504754   0.00000000     0.00028975   0.00000000     0.08828714   0.00000000

     Dynamical  Matrix in cartesian axes

     q = (   -0.353553391   0.353553391   0.353553391 ) 

    1    1
  0.21532707   0.00000000    -0.08483158   0.00000000    -0.08483158   0.00000000
 -0.08483158   0.00000000     0.21532707   0.00000000     0.08483158   0.00000000
 -0.08483158   0.00000000     0.08483158   0.00000000     0.21532707   0.00000000
    1    2
  0.01876110   0.00000000    -0.04388012  -0.00000000    -0.04388012  -0.00000000
 -0.04388012  -0.00000000     0.01876110   0.00000000     0.04388012   0.00000000
 -0.04388012  -0.00000000     0.04388012   0.00000000     0.01876110   0.00000000
    1    3
 -0.01876110  -0.00000000     0.04388012   0.00000000     0.04388012   0.00000000
  0.04388012   0.00000000    -0.01876110  -0.00000000    -0.04388012  -0.00000000
  0.04388012   0.00000000    -0.04388012  -0.00000000    -0.01876110  -0.00000000
    1    4
 -0.04684938  -0.00000000    -0.01417184  -0.00000000    -0.01417184  -0.00000000
 -0.02301050  -0.00000000     0.03116401   0.00000000     0.00299099   0.00000000
 -0.02301050  -0.00000000     0.00299099   0.00000000     0.03116401   0.00000000
    1    5
  0.04684938   0.00000000     0.01417184   0.00000000     0.01417184   0.00000000
  0.02301050   0.00000000    -0.03116401  -0.00000000    -0.00299099  -0.00000000
  0.02301050   0.00000000    -0.00299099  -0.00000000    -0.03116401  -0.00000000
    1    6
  0.03116401   0.00000000    -0.02301050  -0.00000000    -0.00299099  -0.00000000
 -0.01417184  -0.00000000    -0.04684938  -0.00000000     0.01417184   0.00000000
 -0.00299099  -0.00000000     0.02301050   0.00000000     0.03116401   0.00000000
    1    7
 -0.03116401  -0.00000000     0.02301050   0.00000000     0.00299099   0.00000000
  0.01417184   0.00000000     0.04684938   0.00000000    -0.01417184  -0.00000000
  0.00299099   0.00000000    -0.02301050  -0.00000000    -0.03116401  -0.00000000
    1    8
  0.03116401   0.00000000    -0.00299099  -0.00000000    -0.02301050  -0.00000000
 -0.00299099  -0.00000000     0.03116401   0.00000000     0.02301050   0.00000000
 -0.01417184  -0.00000000     0.01417184   0.00000000    -0.04684938  -0.00000000
    1    9
 -0.03116401  -0.00000000     0.00299099   0.00000000     0.02301050   0.00000000
  0.00299099   0.00000000    -0.03116401  -0.00000000    -0.02301050  -0.00000000
  0.01417184   0.00000000    -0.01417184  -0.00000000     0.04684938   0.00000000
    1   10
 -0.05243739  -0.00000000     0.00191555   0.00000000     0.00191555   0.00000000
  0.00191555   0.00000000    -0.05243739  -0.00000000    -0.00191555  -0.00000000
  0.00191555   0.00000000    -0.00191555  -0.00000000    -0.05243739  -0.00000000
    1   11
  0.05243739   0.00000000    -0.00191555  -0.00000000    -0.00191555  -0.00000000
 -0.00191555  -0.00000000     0.05243739   0.00000000     0.00191555   0.00000000
 -0.00191555  -0.00000000     0.00191555   0.00000000     0.05243739   0.00000000
    2    1
  0.01876110  -0.00000000    -0.04388012   0.00000000    -0.04388012   0.00000000
 -0.04388012   0.00000000     0.01876110  -0.00000000     0.04388012  -0.00000000
 -0.04388012   0.00000000     0.04388012  -0.00000000     0.01876110  -0.00000000
    2    2
  0.09919294   0.00000000     0.01207824   0.00000000     0.01207824   0.00000000
  0.01207824   0.00000000     0.09919294   0.00000000    -0.01207824   0.00000000
  0.01207824   0.00000000    -0.01207824   0.00000000     0.09919294   0.00000000
    2    3
 -0.03438747   0.00000000    -0.01108371   0.00000000    -0.01108371   0.00000000
 -0.01108371   0.00000000    -0.03438747   0.00000000     0.01108371   0.00000000
 -0.01108371   0.00000000     0.01108371   0.00000000    -0.03438747   0.00000000
    2    4
  0.02581972   0.00000000     0.01611510   0.00000000     0.01611510   0.00000000
  0.00350637   0.00000000     0.02996522   0.00000000     0.01303404   0.00000000
  0.00350637   0.00000000     0.01303404   0.00000000     0.02996522   0.00000000
    2    5
 -0.02824483  -0.00000000    -0.04405278  -0.00000000    -0.04405278  -0.00000000
 -0.02631168  -0.00000000    -0.03334070  -0.00000000    -0.01139244  -0.00000000
 -0.02631168  -0.00000000    -0.01139244  -0.00000000    -0.03334070  -0.00000000
    2    6
  0.02996522   0.00000000     0.00350637   0.00000000    -0.01303404   0.00000000
  0.01611510   0.00000000     0.02581972   0.00000000    -0.01611510   0.00000000
 -0.01303404   0.00000000    -0.00350637   0.00000000     0.02996522   0.00000000
    2    7
 -0.03334070   0.00000000    -0.02631168   0.00000000     0.01139244  -0.00000000
 -0.04405278   0.00000000    -0.02824483   0.00000000     0.04405278  -0.00000000
  0.01139244  -0.00000000     0.02631168  -0.00000000    -0.03334070   0.00000000
    2    8
  0.02996522   0.00000000    -0.01303404   0.00000000     0.00350637   0.00000000
 -0.01303404   0.00000000     0.02996522   0.00000000    -0.00350637   0.00000000
  0.01611510   0.00000000    -0.01611510   0.00000000     0.02581972   0.00000000
    2    9
 -0.03334070   0.00000000     0.01139244  -0.00000000    -0.02631168   0.00000000
  0.01139244  -0.00000000    -0.03334070   0.00000000     0.02631168  -0.00000000
 -0.04405278   0.00000000     0.04405278  -0.00000000    -0.02824483   0.00000000
    2   10
 -0.00738960   0.00000000     0.00183775   0.00000000     0.00183775   0.00000000
  0.00183775   0.00000000    -0.00738960   0.00000000    -0.00183775   0.00000000
  0.00183775   0.00000000    -0.00183775   0.00000000    -0.00738960   0.00000000
    2   11
  0.00892429   0.00000000    -0.01870719  -0.00000000    -0.01870719  -0.00000000
 -0.01870719  -0.00000000     0.00892429   0.00000000     0.01870719   0.00000000
 -0.01870719  -0.00000000     0.01870719   0.00000000     0.00892429   0.00000000
    3    1
 -0.01876110   0.00000000     0.04388012  -0.00000000     0.04388012  -0.00000000
  0.04388012  -0.00000000    -0.01876110   0.00000000    -0.04388012   0.00000000
  0.04388012  -0.00000000    -0.04388012   0.00000000    -0.01876110   0.00000000
    3    2
 -0.03438747   0.00000000    -0.01108371   0.00000000    -0.01108371   0.00000000
 -0.01108371   0.00000000    -0.03438747   0.00000000     0.01108371   0.00000000
 -0.01108371   0.00000000     0.01108371   0.00000000    -0.03438747   0.00000000
    3    3
  0.09919294   0.00000000     0.01207824   0.00000000     0.01207824   0.00000000
  0.01207824   0.00000000     0.09919294   0.00000000    -0.01207824   0.00000000
  0.01207824   0.00000000    -0.01207824   0.00000000     0.09919294   0.00000000
    3    4
 -0.02824483   0.00000000    -0.04405278   0.00000000    -0.04405278   0.00000000
 -0.02631168   0.00000000    -0.03334070   0.00000000    -0.01139244   0.00000000
 -0.02631168   0.00000000    -0.01139244   0.00000000    -0.03334070   0.00000000
    3    5
  0.02581972   0.00000000     0.01611510   0.00000000     0.01611510   0.00000000
  0.00350637   0.00000000     0.02996522   0.00000000     0.01303404   0.00000000
  0.00350637   0.00000000     0.01303404   0.00000000     0.02996522   0.00000000
    3    6
 -0.03334070   0.00000000    -0.02631168   0.00000000     0.01139244   0.00000000
 -0.04405278   0.00000000    -0.02824483   0.00000000     0.04405278   0.00000000
  0.01139244   0.00000000     0.02631168   0.00000000    -0.03334070   0.00000000
    3    7
  0.02996522  -0.00000000     0.00350637  -0.00000000    -0.01303404   0.00000000
  0.01611510  -0.00000000     0.02581972  -0.00000000    -0.01611510   0.00000000
 -0.01303404   0.00000000    -0.00350637   0.00000000     0.02996522  -0.00000000
    3    8
 -0.03334070   0.00000000     0.01139244   0.00000000    -0.02631168   0.00000000
  0.01139244   0.00000000    -0.03334070   0.00000000     0.02631168   0.00000000
 -0.04405278   0.00000000     0.04405278   0.00000000    -0.02824483   0.00000000
    3    9
  0.02996522  -0.00000000    -0.01303404   0.00000000     0.00350637  -0.00000000
 -0.01303404   0.00000000     0.02996522  -0.00000000    -0.00350637   0.00000000
  0.01611510  -0.00000000    -0.01611510   0.00000000     0.02581972  -0.00000000
    3   10
  0.00892429   0.00000000    -0.01870719   0.00000000    -0.01870719   0.00000000
 -0.01870719   0.00000000     0.00892429   0.00000000     0.01870719   0.00000000
 -0.01870719   0.00000000     0.01870719   0.00000000     0.00892429   0.00000000
    3   11
 -0.00738960  -0.00000000     0.00183775   0.00000000     0.00183775   0.00000000
  0.00183775   0.00000000    -0.00738960  -0.00000000    -0.00183775  -0.00000000
  0.00183775   0.00000000    -0.00183775  -0.00000000    -0.00738960  -0.00000000
    4    1
 -0.04684938   0.00000000    -0.02301050   0.00000000    -0.02301050   0.00000000
