  4.000000000000000E-002   1.50292904177357        5.49803354683322     
           8

     Dynamical  Matrix in cartesian axes

     q = (    0.117851130   0.117851130  -0.117851130 ) 

    1    1
  0.14521985   0.00000000     0.02024976   0.00000000    -0.02024976   0.00000000
  0.02024976   0.00000000     0.14521985   0.00000000    -0.02024976   0.00000000
 -0.02024976   0.00000000    -0.02024976   0.00000000     0.14521985   0.00000000
    1    2
 -0.02356877   0.00969311     0.01593187   0.00536134    -0.01593187  -0.00536134
  0.01593187   0.00536134    -0.02356877   0.00969311    -0.01593187  -0.00536134
 -0.01593187  -0.00536134    -0.01593187  -0.00536134    -0.02356877   0.00969311
    1    3
 -0.02017887   0.01556460     0.00332288  -0.01647808    -0.00332288   0.01647808
  0.00332288  -0.01647808    -0.02017887   0.01556460    -0.00332288   0.01647808
 -0.00332288   0.01647808    -0.00332288   0.01647808    -0.02017887   0.01556460
    1    4
  0.00554556   0.01033200     0.01276650  -0.00432459     0.00465127  -0.01497348
  0.01276650  -0.00432459     0.00554556   0.01033200     0.00465127  -0.01497348
  0.00771117  -0.01665592     0.00771117  -0.01665592    -0.01563571  -0.02535958
    1    5
 -0.00617500  -0.00996859     0.01012846  -0.00889382     0.01529305   0.00345862
  0.01012846  -0.00889382    -0.00617500  -0.00996859     0.01529305   0.00345862
  0.01828004   0.00164989     0.01828004   0.00164989     0.01414419   0.02622071
    1    6
 -0.01919813  -0.01146359     0.01133164   0.00953909    -0.01133164  -0.00953909
  0.01133164   0.00953909    -0.01919813  -0.01146359    -0.01133164  -0.00953909
 -0.01133164  -0.00953909    -0.01133164  -0.00953909    -0.01919813  -0.01146359
    1    7
  0.00032869   0.02235786    -0.00259527  -0.01458303     0.00259527   0.01458303
 -0.00259527  -0.01458303     0.00032869   0.02235786     0.00259527   0.01458303
  0.00259527   0.01458303     0.00259527   0.01458303     0.00032869   0.02235786
    1    8
 -0.01563571  -0.02535958    -0.00771117   0.01665592     0.00771117  -0.01665592
 -0.00465127   0.01497348     0.00554556   0.01033200    -0.01276650   0.00432459
  0.00465127  -0.01497348    -0.01276650   0.00432459     0.00554556   0.01033200
    1    9
  0.01414419   0.02622071    -0.01828004  -0.00164989     0.01828004   0.00164989
 -0.01529305  -0.00345862    -0.00617500  -0.00996859    -0.01012846   0.00889382
  0.01529305   0.00345862    -0.01012846   0.00889382    -0.00617500  -0.00996859
    1   10
  0.00554556   0.01033200    -0.00465127   0.01497348    -0.01276650   0.00432459
 -0.00771117   0.01665592    -0.01563571  -0.02535958     0.00771117  -0.01665592
 -0.01276650   0.00432459     0.00465127  -0.01497348     0.00554556   0.01033200
    1   11
 -0.00617500  -0.00996859    -0.01529305  -0.00345862    -0.01012846   0.00889382
 -0.01828004  -0.00164989     0.01414419   0.02622071     0.01828004   0.00164989
 -0.01012846   0.00889382     0.01529305   0.00345862    -0.00617500  -0.00996859
    2    1
 -0.02356877  -0.00969311     0.01593187  -0.00536134    -0.01593187   0.00536134
  0.01593187  -0.00536134    -0.02356877  -0.00969311    -0.01593187   0.00536134
 -0.01593187   0.00536134    -0.01593187   0.00536134    -0.02356877  -0.00969311
    2    2
  0.05896199  -0.00000000     0.00665956  -0.00000000    -0.00665956   0.00000000
  0.00665956  -0.00000000     0.05896199  -0.00000000    -0.00665956   0.00000000
 -0.00665956   0.00000000    -0.00665956   0.00000000     0.05896199  -0.00000000
    2    3
 -0.00527389   0.00504984    -0.00118369   0.00263606     0.00118369  -0.00263606
 -0.00118369   0.00263606    -0.00527389   0.00504984     0.00118369  -0.00263606
  0.00118369  -0.00263606     0.00118369  -0.00263606    -0.00527389   0.00504984
    2    4
  0.00724616   0.00108002    -0.00142453  -0.00158462    -0.00191800   0.00159576
 -0.00142453  -0.00158462     0.00724616   0.00108002    -0.00191800   0.00159576
 -0.00008879   0.00110054    -0.00008879   0.00110054     0.00736466   0.00671603
    2    5
 -0.01134178  -0.00275516    -0.01174643  -0.00027596    -0.01439084  -0.00467331
 -0.01174643  -0.00027596    -0.01134178  -0.00275516    -0.01439084  -0.00467331
 -0.01566836   0.00132637    -0.01566836   0.00132637    -0.01219568  -0.00635533
    2    6
  0.00948463   0.00157724     0.00156785  -0.00344954    -0.00156785   0.00344954
  0.00156785  -0.00344954     0.00948463   0.00157724    -0.00156785   0.00344954
 -0.00156785   0.00344954    -0.00156785   0.00344954     0.00948463   0.00157724
    2    7
 -0.01001925   0.00778602    -0.01169355   0.01714832     0.01169355  -0.01714832
 -0.01169355   0.01714832    -0.01001925   0.00778602     0.01169355  -0.01714832
  0.01169355  -0.01714832     0.01169355  -0.01714832    -0.01001925   0.00778602
    2    8
  0.00736466   0.00671603     0.00008879  -0.00110054    -0.00008879   0.00110054
  0.00191800  -0.00159576     0.00724616   0.00108002     0.00142453   0.00158462
 -0.00191800   0.00159576     0.00142453   0.00158462     0.00724616   0.00108002
    2    9
 -0.01219568  -0.00635533     0.01566836  -0.00132637    -0.01566836   0.00132637
  0.01439084   0.00467331    -0.01134178  -0.00275516     0.01174643   0.00027596
 -0.01439084  -0.00467331     0.01174643   0.00027596    -0.01134178  -0.00275516
    2   10
  0.00724616   0.00108002     0.00191800  -0.00159576     0.00142453   0.00158462
  0.00008879  -0.00110054     0.00736466   0.00671603    -0.00008879   0.00110054
  0.00142453   0.00158462    -0.00191800   0.00159576     0.00724616   0.00108002
    2   11
 -0.01134178  -0.00275516     0.01439084   0.00467331     0.01174643   0.00027596
  0.01566836  -0.00132637    -0.01219568  -0.00635533    -0.01566836   0.00132637
  0.01174643   0.00027596    -0.01439084  -0.00467331    -0.01134178  -0.00275516
    3    1
 -0.02017887  -0.01556460     0.00332288   0.01647808    -0.00332288  -0.01647808
  0.00332288   0.01647808    -0.02017887  -0.01556460    -0.00332288  -0.01647808
 -0.00332288  -0.01647808    -0.00332288  -0.01647808    -0.02017887  -0.01556460
    3    2
 -0.00527389  -0.00504984    -0.00118369  -0.00263606     0.00118369   0.00263606
 -0.00118369  -0.00263606    -0.00527389  -0.00504984     0.00118369   0.00263606
  0.00118369   0.00263606     0.00118369   0.00263606    -0.00527389  -0.00504984
    3    3
  0.05896199   0.00000000     0.00665956   0.00000000    -0.00665956  -0.00000000
  0.00665956   0.00000000     0.05896199   0.00000000    -0.00665956  -0.00000000
 -0.00665956  -0.00000000    -0.00665956  -0.00000000     0.05896199   0.00000000
    3    4
 -0.01134178   0.00275516    -0.01174643   0.00027596    -0.01439084   0.00467331
 -0.01174643   0.00027596    -0.01134178   0.00275516    -0.01439084   0.00467331
 -0.01566836  -0.00132637    -0.01566836  -0.00132637    -0.01219568   0.00635533
    3    5
  0.00724616  -0.00108002    -0.00142453   0.00158462    -0.00191800  -0.00159576
 -0.00142453   0.00158462     0.00724616  -0.00108002    -0.00191800  -0.00159576
 -0.00008879  -0.00110054    -0.00008879  -0.00110054     0.00736466  -0.00671603
    3    6
 -0.01001925  -0.00778602    -0.01169355  -0.01714832     0.01169355   0.01714832
 -0.01169355  -0.01714832    -0.01001925  -0.00778602     0.01169355   0.01714832
  0.01169355   0.01714832     0.01169355   0.01714832    -0.01001925  -0.00778602
    3    7
  0.00948463  -0.00157724     0.00156785   0.00344954    -0.00156785  -0.00344954
  0.00156785   0.00344954     0.00948463  -0.00157724    -0.00156785  -0.00344954
 -0.00156785  -0.00344954    -0.00156785  -0.00344954     0.00948463  -0.00157724
    3    8
 -0.01219568   0.00635533     0.01566836   0.00132637    -0.01566836  -0.00132637
  0.01439084  -0.00467331    -0.01134178   0.00275516     0.01174643  -0.00027596
 -0.01439084   0.00467331     0.01174643  -0.00027596    -0.01134178   0.00275516
    3    9
  0.00736466  -0.00671603     0.00008879   0.00110054    -0.00008879  -0.00110054
  0.00191800   0.00159576     0.00724616  -0.00108002     0.00142453  -0.00158462
 -0.00191800  -0.00159576     0.00142453  -0.00158462     0.00724616  -0.00108002
    3   10
 -0.01134178   0.00275516     0.01439084  -0.00467331     0.01174643  -0.00027596
  0.01566836   0.00132637    -0.01219568   0.00635533    -0.01566836  -0.00132637
  0.01174643  -0.00027596    -0.01439084   0.00467331    -0.01134178   0.00275516
    3   11
  0.00724616  -0.00108002     0.00191800   0.00159576     0.00142453  -0.00158462
  0.00008879   0.00110054     0.00736466  -0.00671603    -0.00008879  -0.00110054
  0.00142453  -0.00158462    -0.00191800  -0.00159576     0.00724616  -0.00108002
    4    1
  0.00554556  -0.01033200     0.01276650   0.00432459     0.00771117   0.01665592
  0.01276650   0.00432459     0.00554556  -0.01033200     0.00771117   0.01665592
  0.00465127   0.01497348     0.00465127   0.01497348    -0.01563571   0.02535958
    4    2
  0.00724616  -0.00108002    -0.00142453   0.00158462    -0.00008879  -0.00110054
 -0.00142453   0.00158462     0.00724616  -0.00108002    -0.00008879  -0.00110054
 -0.00191800  -0.00159576    -0.00191800  -0.00159576     0.00736466  -0.00671603
    4    3
 -0.01134178  -0.00275516    -0.01174643  -0.00027596    -0.01566836   0.00132637
 -0.01174643  -0.00027596    -0.01134178  -0.00275516    -0.01566836   0.00132637
 -0.01439084  -0.00467331    -0.01439084  -0.00467331    -0.01219568  -0.00635533
    4    4
  0.06010463  -0.00000000     0.00061080   0.00000000    -0.00196679  -0.00076896
  0.00061080   0.00000000     0.06010463  -0.00000000    -0.00196679  -0.00076896
 -0.00196679   0.00076896    -0.00196679   0.00076896     0.06314872  -0.00000000
    4    5
 -0.01520860   0.00005930    -0.00426200  -0.00110187    -0.00229186   0.00524429
 -0.00426200  -0.00110187    -0.01520860   0.00005930    -0.00229186   0.00524429
 -0.00229186   0.00524429    -0.00229186   0.00524429    -0.01985384   0.00104436
    4    6
 -0.01269947  -0.00081903     0.01101892  -0.00113330    -0.00428585  -0.00196330
  0.01101892  -0.00113330    -0.01269947  -0.00081903    -0.00428585  -0.00196330
  0.00477487   0.00141589     0.00477487   0.00141589     0.01990060   0.00188003
    4    7
  0.01206474  -0.00077035    -0.00482724  -0.00140974     0.00968791   0.00246130
 -0.00482724  -0.00140974     0.01206474  -0.00077035     0.00968791   0.00246130
 -0.01275065   0.00049200    -0.01275065   0.00049200    -0.04635577   0.00464125
    4    8
 -0.00842059   0.00028998    -0.00171885  -0.00311590     0.01439004   0.00000000
  0.00414974  -0.00320858     0.01542987   0.00000000     0.00171885  -0.00311590
  0.01376507  -0.00000000    -0.00414974  -0.00320858    -0.00842059  -0.00028998
    4    9
  0.01008843   0.00171626     0.01170570  -0.00383578    -0.00710352   0.00828460
 -0.00821316  -0.00291307    -0.04391761  -0.00082390    -0.01170570   0.00383578
 -0.01142152   0.00600340     0.00821316   0.00291307     0.01008843   0.00171626
    4   10
  0.01542987   0.00000000     0.00414974  -0.00320858     0.00171885  -0.00311590
 -0.00171885  -0.00311590    -0.00842059   0.00028998     0.01439004   0.00000000
 -0.00414974  -0.00320858     0.01376507  -0.00000000    -0.00842059  -0.00028998
    4   11
 -0.04391761  -0.00082390    -0.00821316  -0.00291307    -0.01170570   0.00383578
  0.01170570  -0.00383578     0.01008843   0.00171626    -0.00710352   0.00828460
  0.00821316   0.00291307    -0.01142152   0.00600340     0.01008843   0.00171626
    5    1
 -0.00617500   0.00996859     0.01012846   0.00889382     0.01828004  -0.00164989
  0.01012846   0.00889382    -0.00617500   0.00996859     0.01828004  -0.00164989
  0.01529305  -0.00345862     0.01529305  -0.00345862     0.01414419  -0.02622071
    5    2
 -0.01134178   0.00275516    -0.01174643   0.00027596    -0.01566836  -0.00132637
 -0.01174643   0.00027596    -0.01134178   0.00275516    -0.01566836  -0.00132637
 -0.01439084   0.00467331    -0.01439084   0.00467331    -0.01219568   0.00635533
    5    3
  0.00724616   0.00108002    -0.00142453  -0.00158462    -0.00008879   0.00110054
 -0.00142453  -0.00158462     0.00724616   0.00108002    -0.00008879   0.00110054
 -0.00191800   0.00159576    -0.00191800   0.00159576     0.00736466   0.00671603
    5    4
 -0.01520860  -0.00005930    -0.00426200   0.00110187    -0.00229186  -0.00524429
 -0.00426200   0.00110187    -0.01520860  -0.00005930    -0.00229186  -0.00524429
 -0.00229186  -0.00524429    -0.00229186  -0.00524429    -0.01985384  -0.00104436
    5    5
  0.06010463   0.00000000     0.00061080  -0.00000000    -0.00196679   0.00076896
  0.00061080  -0.00000000     0.06010463   0.00000000    -0.00196679   0.00076896
 -0.00196679  -0.00076896    -0.00196679  -0.00076896     0.06314872   0.00000000
    5    6
  0.01206474   0.00077035    -0.00482724   0.00140974     0.00968791  -0.00246130
 -0.00482724   0.00140974     0.01206474   0.00077035     0.00968791  -0.00246130
 -0.01275065  -0.00049200    -0.01275065  -0.00049200    -0.04635577  -0.00464125
    5    7
 -0.01269947   0.00081903     0.01101892   0.00113330    -0.00428585   0.00196330
  0.01101892   0.00113330    -0.01269947   0.00081903    -0.00428585   0.00196330
  0.00477487  -0.00141589     0.00477487  -0.00141589     0.01990060  -0.00188003
    5    8
  0.01008843  -0.00171626     0.01170570   0.00383578    -0.00710352  -0.00828460
 -0.00821316   0.00291307    -0.04391761   0.00082390    -0.01170570  -0.00383578
 -0.01142152  -0.00600340     0.00821316  -0.00291307     0.01008843  -0.00171626
    5    9
 -0.00842059  -0.00028998    -0.00171885   0.00311590     0.01439004  -0.00000000
  0.00414974   0.00320858     0.01542987  -0.00000000     0.00171885   0.00311590
  0.01376507  -0.00000000    -0.00414974   0.00320858    -0.00842059   0.00028998
    5   10
 -0.04391761   0.00082390    -0.00821316   0.00291307    -0.01170570  -0.00383578
  0.01170570   0.00383578     0.01008843  -0.00171626    -0.00710352  -0.00828460
  0.00821316  -0.00291307    -0.01142152  -0.00600340     0.01008843  -0.00171626
    5   11
  0.01542987  -0.00000000     0.00414974   0.00320858     0.00171885   0.00311590
 -0.00171885   0.00311590    -0.00842059  -0.00028998     0.01439004  -0.00000000
 -0.00414974   0.00320858     0.01376507   0.00000000    -0.00842059   0.00028998
    6    1
 -0.01919813   0.01146359     0.01133164  -0.00953909    -0.01133164   0.00953909
  0.01133164  -0.00953909    -0.01919813   0.01146359    -0.01133164   0.00953909
 -0.01133164   0.00953909    -0.01133164   0.00953909    -0.01919813   0.01146359
    6    2
  0.00948463  -0.00157724     0.00156785   0.00344954    -0.00156785  -0.00344954
  0.00156785   0.00344954     0.00948463  -0.00157724    -0.00156785  -0.00344954
 -0.00156785  -0.00344954    -0.00156785  -0.00344954     0.00948463  -0.00157724
    6    3
 -0.01001925   0.00778602    -0.01169355   0.01714832     0.01169355  -0.01714832
 -0.01169355   0.01714832    -0.01001925   0.00778602     0.01169355  -0.01714832
  0.01169355  -0.01714832     0.01169355  -0.01714832    -0.01001925   0.00778602
    6    4
 -0.01269947   0.00081903     0.01101892   0.00113330     0.00477487  -0.00141589
  0.01101892   0.00113330    -0.01269947   0.00081903     0.00477487  -0.00141589
 -0.00428585   0.00196330    -0.00428585   0.00196330     0.01990060  -0.00188003
    6    5
  0.01206474  -0.00077035    -0.00482724  -0.00140974    -0.01275065   0.00049200
 -0.00482724  -0.00140974     0.01206474  -0.00077035    -0.01275065   0.00049200
  0.00968791   0.00246130     0.00968791   0.00246130    -0.04635577   0.00464125
    6    6
  0.07199044  -0.00000000    -0.00111433  -0.00000000     0.00111433   0.00000000
 -0.00111433  -0.00000000     0.07199044  -0.00000000     0.00111433   0.00000000
  0.00111433   0.00000000     0.00111433   0.00000000     0.07199044  -0.00000000
    6    7
 -0.01908867   0.01103035    -0.00685854  -0.00083040     0.00685854   0.00083040
 -0.00685854  -0.00083040    -0.01908867   0.01103035     0.00685854   0.00083040
  0.00685854   0.00083040     0.00685854   0.00083040    -0.01908867   0.01103035
    6    8
  0.01990060  -0.00188003     0.00428585  -0.00196330    -0.00428585   0.00196330
 -0.00477487   0.00141589    -0.01269947   0.00081903    -0.01101892  -0.00113330
  0.00477487  -0.00141589    -0.01101892  -0.00113330    -0.01269947   0.00081903
    6    9
 -0.04635577   0.00464125    -0.00968791  -0.00246130     0.00968791   0.00246130
  0.01275065  -0.00049200     0.01206474  -0.00077035     0.00482724   0.00140974
 -0.01275065   0.00049200     0.00482724   0.00140974     0.01206474  -0.00077035
    6   10
 -0.01269947   0.00081903    -0.00477487   0.00141589    -0.01101892  -0.00113330
  0.00428585  -0.00196330     0.01990060  -0.00188003    -0.00428585   0.00196330
 -0.01101892  -0.00113330     0.00477487  -0.00141589    -0.01269947   0.00081903
    6   11
  0.01206474  -0.00077035     0.01275065  -0.00049200     0.00482724   0.00140974
 -0.00968791  -0.00246130    -0.04635577   0.00464125     0.00968791   0.00246130
  0.00482724   0.00140974    -0.01275065   0.00049200     0.01206474  -0.00077035
    7    1
  0.00032869  -0.02235786    -0.00259527   0.01458303     0.00259527  -0.01458303
 -0.00259527   0.01458303     0.00032869  -0.02235786     0.00259527  -0.01458303
  0.00259527  -0.01458303     0.00259527  -0.01458303     0.00032869  -0.02235786
    7    2
 -0.01001925  -0.00778602    -0.01169355  -0.01714832     0.01169355   0.01714832
 -0.01169355  -0.01714832    -0.01001925  -0.00778602     0.01169355   0.01714832
  0.01169355   0.01714832     0.01169355   0.01714832    -0.01001925  -0.00778602
    7    3
  0.00948463   0.00157724     0.00156785  -0.00344954    -0.00156785   0.00344954
  0.00156785  -0.00344954     0.00948463   0.00157724    -0.00156785   0.00344954
 -0.00156785   0.00344954    -0.00156785   0.00344954     0.00948463   0.00157724
    7    4
  0.01206474   0.00077035    -0.00482724   0.00140974    -0.01275065  -0.00049200
 -0.00482724   0.00140974     0.01206474   0.00077035    -0.01275065  -0.00049200
  0.00968791  -0.00246130     0.00968791  -0.00246130    -0.04635577  -0.00464125
    7    5
 -0.01269947  -0.00081903     0.01101892  -0.00113330     0.00477487   0.00141589
  0.01101892  -0.00113330    -0.01269947  -0.00081903     0.00477487   0.00141589
 -0.00428585  -0.00196330    -0.00428585  -0.00196330     0.01990060   0.00188003
    7    6
 -0.01908867  -0.01103035    -0.00685854   0.00083040     0.00685854  -0.00083040
 -0.00685854   0.00083040    -0.01908867  -0.01103035     0.00685854  -0.00083040
  0.00685854  -0.00083040     0.00685854  -0.00083040    -0.01908867  -0.01103035
    7    7
  0.07199044   0.00000000    -0.00111433   0.00000000     0.00111433  -0.00000000
 -0.00111433   0.00000000     0.07199044   0.00000000     0.00111433  -0.00000000
  0.00111433  -0.00000000     0.00111433  -0.00000000     0.07199044   0.00000000
    7    8
 -0.04635577  -0.00464125    -0.00968791   0.00246130     0.00968791  -0.00246130
  0.01275065   0.00049200     0.01206474   0.00077035     0.00482724  -0.00140974
 -0.01275065  -0.00049200     0.00482724  -0.00140974     0.01206474   0.00077035
    7    9
  0.01990060   0.00188003     0.00428585   0.00196330    -0.00428585  -0.00196330
 -0.00477487  -0.00141589    -0.01269947  -0.00081903    -0.01101892   0.00113330
  0.00477487   0.00141589    -0.01101892   0.00113330    -0.01269947  -0.00081903
    7   10
  0.01206474   0.00077035     0.01275065   0.00049200     0.00482724  -0.00140974
 -0.00968791   0.00246130    -0.04635577  -0.00464125     0.00968791  -0.00246130
  0.00482724  -0.00140974    -0.01275065  -0.00049200     0.01206474   0.00077035
    7   11
 -0.01269947  -0.00081903    -0.00477487  -0.00141589    -0.01101892   0.00113330
  0.00428585   0.00196330     0.01990060   0.00188003    -0.00428585  -0.00196330
 -0.01101892   0.00113330     0.00477487   0.00141589    -0.01269947  -0.00081903
    8    1
 -0.01563571   0.02535958    -0.00465127  -0.01497348     0.00465127   0.01497348
 -0.00771117  -0.01665592     0.00554556  -0.01033200    -0.01276650  -0.00432459
  0.00771117   0.01665592    -0.01276650  -0.00432459     0.00554556  -0.01033200
    8    2
  0.00736466  -0.00671603     0.00191800   0.00159576    -0.00191800  -0.00159576
  0.00008879   0.00110054     0.00724616  -0.00108002     0.00142453  -0.00158462
 -0.00008879  -0.00110054     0.00142453  -0.00158462     0.00724616  -0.00108002
    8    3
 -0.01219568  -0.00635533     0.01439084   0.00467331    -0.01439084  -0.00467331
  0.01566836  -0.00132637    -0.01134178  -0.00275516     0.01174643   0.00027596
 -0.01566836   0.00132637     0.01174643   0.00027596    -0.01134178  -0.00275516
    8    4
 -0.00842059  -0.00028998     0.00414974   0.00320858     0.01376507   0.00000000
 -0.00171885   0.00311590     0.01542987   0.00000000    -0.00414974   0.00320858
  0.01439004   0.00000000     0.00171885   0.00311590    -0.00842059   0.00028998
    8    5
  0.01008843   0.00171626    -0.00821316  -0.00291307    -0.01142152   0.00600340
  0.01170570  -0.00383578    -0.04391761  -0.00082390     0.00821316   0.00291307
 -0.00710352   0.00828460    -0.01170570   0.00383578     0.01008843   0.00171626
    8    6
  0.01990060   0.00188003    -0.00477487  -0.00141589     0.00477487   0.00141589
  0.00428585   0.00196330    -0.01269947  -0.00081903    -0.01101892   0.00113330
 -0.00428585  -0.00196330    -0.01101892   0.00113330    -0.01269947  -0.00081903
    8    7
 -0.04635577   0.00464125     0.01275065  -0.00049200    -0.01275065   0.00049200
 -0.00968791  -0.00246130     0.01206474  -0.00077035     0.00482724   0.00140974
  0.00968791   0.00246130     0.00482724   0.00140974     0.01206474  -0.00077035
    8    8
  0.06314872  -0.00000000     0.00196679  -0.00076896    -0.00196679   0.00076896
  0.00196679   0.00076896     0.06010463  -0.00000000    -0.00061080  -0.00000000
 -0.00196679  -0.00076896    -0.00061080  -0.00000000     0.06010463   0.00000000
    8    9
 -0.01985384   0.00104436     0.00229186  -0.00524429    -0.00229186   0.00524429
  0.00229186  -0.00524429    -0.01520860   0.00005930     0.00426200   0.00110187
 -0.00229186   0.00524429     0.00426200   0.00110187    -0.01520860   0.00005930
    8   10
 -0.00842059  -0.00028998    -0.01376507  -0.00000000    -0.00414974  -0.00320858
 -0.01439004  -0.00000000    -0.00842059   0.00028998     0.00171885   0.00311590
  0.00171885  -0.00311590    -0.00414974   0.00320858     0.01542987   0.00000000
    8   11
  0.01008843   0.00171626     0.01142152  -0.00600340     0.00821316   0.00291307
  0.00710352  -0.00828460     0.01008843   0.00171626    -0.01170570   0.00383578
 -0.01170570   0.00383578     0.00821316   0.00291307    -0.04391761  -0.00082390
    9    1
  0.01414419  -0.02622071    -0.01529305   0.00345862     0.01529305  -0.00345862
 -0.01828004   0.00164989    -0.00617500   0.00996859    -0.01012846  -0.00889382
  0.01828004  -0.00164989    -0.01012846  -0.00889382    -0.00617500   0.00996859
    9    2
 -0.01219568   0.00635533     0.01439084  -0.00467331    -0.01439084   0.00467331
  0.01566836   0.00132637    -0.01134178   0.00275516     0.01174643  -0.00027596
 -0.01566836  -0.00132637     0.01174643  -0.00027596    -0.01134178   0.00275516
    9    3
  0.00736466   0.00671603     0.00191800  -0.00159576    -0.00191800   0.00159576
  0.00008879  -0.00110054     0.00724616   0.00108002     0.00142453   0.00158462
 -0.00008879   0.00110054     0.00142453   0.00158462     0.00724616   0.00108002
    9    4
  0.01008843  -0.00171626    -0.00821316   0.00291307    -0.01142152  -0.00600340
  0.01170570   0.00383578    -0.04391761   0.00082390     0.00821316  -0.00291307
 -0.00710352  -0.00828460    -0.01170570  -0.00383578     0.01008843  -0.00171626
    9    5
 -0.00842059   0.00028998     0.00414974  -0.00320858     0.01376507   0.00000000
 -0.00171885  -0.00311590     0.01542987  -0.00000000    -0.00414974  -0.00320858
  0.01439004   0.00000000     0.00171885  -0.00311590    -0.00842059  -0.00028998
    9    6
 -0.04635577  -0.00464125     0.01275065   0.00049200    -0.01275065  -0.00049200
 -0.00968791   0.00246130     0.01206474   0.00077035     0.00482724  -0.00140974
  0.00968791  -0.00246130     0.00482724  -0.00140974     0.01206474   0.00077035
    9    7
  0.01990060  -0.00188003    -0.00477487   0.00141589     0.00477487  -0.00141589
  0.00428585  -0.00196330    -0.01269947   0.00081903    -0.01101892  -0.00113330
 -0.00428585   0.00196330    -0.01101892  -0.00113330    -0.01269947   0.00081903
    9    8
 -0.01985384  -0.00104436     0.00229186   0.00524429    -0.00229186  -0.00524429
  0.00229186   0.00524429    -0.01520860  -0.00005930     0.00426200  -0.00110187
 -0.00229186  -0.00524429     0.00426200  -0.00110187    -0.01520860  -0.00005930
    9    9
  0.06314872   0.00000000     0.00196679   0.00076896    -0.00196679  -0.00076896
  0.00196679  -0.00076896     0.06010463   0.00000000    -0.00061080   0.00000000
 -0.00196679   0.00076896    -0.00061080   0.00000000     0.06010463  -0.00000000
    9   10
  0.01008843  -0.00171626     0.01142152   0.00600340     0.00821316  -0.00291307
  0.00710352   0.00828460     0.01008843  -0.00171626    -0.01170570  -0.00383578
 -0.01170570  -0.00383578     0.00821316  -0.00291307    -0.04391761   0.00082390
    9   11
 -0.00842059   0.00028998    -0.01376507   0.00000000    -0.00414974   0.00320858
 -0.01439004   0.00000000    -0.00842059  -0.00028998     0.00171885  -0.00311590
  0.00171885   0.00311590    -0.00414974  -0.00320858     0.01542987  -0.00000000
   10    1
  0.00554556  -0.01033200    -0.00771117  -0.01665592    -0.01276650  -0.00432459
 -0.00465127  -0.01497348    -0.01563571   0.02535958     0.00465127   0.01497348
 -0.01276650  -0.00432459     0.00771117   0.01665592     0.00554556  -0.01033200
   10    2
  0.00724616  -0.00108002     0.00008879   0.00110054     0.00142453  -0.00158462
  0.00191800   0.00159576     0.00736466  -0.00671603    -0.00191800  -0.00159576
  0.00142453  -0.00158462    -0.00008879  -0.00110054     0.00724616  -0.00108002
   10    3
 -0.01134178  -0.00275516     0.01566836  -0.00132637     0.01174643   0.00027596
  0.01439084   0.00467331    -0.01219568  -0.00635533    -0.01439084  -0.00467331
  0.01174643   0.00027596    -0.01566836   0.00132637    -0.01134178  -0.00275516
   10    4
  0.01542987   0.00000000    -0.00171885   0.00311590    -0.00414974   0.00320858
  0.00414974   0.00320858    -0.00842059  -0.00028998     0.01376507   0.00000000
  0.00171885   0.00311590     0.01439004   0.00000000    -0.00842059   0.00028998
   10    5
 -0.04391761  -0.00082390     0.01170570  -0.00383578     0.00821316   0.00291307
 -0.00821316  -0.00291307     0.01008843   0.00171626    -0.01142152   0.00600340
 -0.01170570   0.00383578    -0.00710352   0.00828460     0.01008843   0.00171626
   10    6
 -0.01269947  -0.00081903     0.00428585   0.00196330    -0.01101892   0.00113330
 -0.00477487  -0.00141589     0.01990060   0.00188003     0.00477487   0.00141589
 -0.01101892   0.00113330    -0.00428585  -0.00196330    -0.01269947  -0.00081903
   10    7
  0.01206474  -0.00077035    -0.00968791  -0.00246130     0.00482724   0.00140974
  0.01275065  -0.00049200    -0.04635577   0.00464125    -0.01275065   0.00049200
  0.00482724   0.00140974     0.00968791   0.00246130     0.01206474  -0.00077035
   10    8
 -0.00842059   0.00028998    -0.01439004  -0.00000000     0.00171885   0.00311590
 -0.01376507  -0.00000000    -0.00842059  -0.00028998    -0.00414974  -0.00320858
 -0.00414974   0.00320858     0.00171885  -0.00311590     0.01542987   0.00000000
   10    9
  0.01008843   0.00171626     0.00710352  -0.00828460    -0.01170570   0.00383578
  0.01142152  -0.00600340     0.01008843   0.00171626     0.00821316   0.00291307
  0.00821316   0.00291307    -0.01170570   0.00383578    -0.04391761  -0.00082390
   10   10
  0.06010463  -0.00000000     0.00196679   0.00076896    -0.00061080  -0.00000000
  0.00196679  -0.00076896     0.06314872  -0.00000000    -0.00196679   0.00076896
 -0.00061080  -0.00000000    -0.00196679  -0.00076896     0.06010463   0.00000000
   10   11
 -0.01520860   0.00005930     0.00229186  -0.00524429     0.00426200   0.00110187
  0.00229186  -0.00524429    -0.01985384   0.00104436    -0.00229186   0.00524429
  0.00426200   0.00110187    -0.00229186   0.00524429    -0.01520860   0.00005930
   11    1
 -0.00617500   0.00996859    -0.01828004   0.00164989    -0.01012846  -0.00889382
 -0.01529305   0.00345862     0.01414419  -0.02622071     0.01529305  -0.00345862
 -0.01012846  -0.00889382     0.01828004  -0.00164989    -0.00617500   0.00996859
   11    2
 -0.01134178   0.00275516     0.01566836   0.00132637     0.01174643  -0.00027596
  0.01439084  -0.00467331    -0.01219568   0.00635533    -0.01439084   0.00467331
  0.01174643  -0.00027596    -0.01566836  -0.00132637    -0.01134178   0.00275516
   11    3
  0.00724616   0.00108002     0.00008879  -0.00110054     0.00142453   0.00158462
  0.00191800  -0.00159576     0.00736466   0.00671603    -0.00191800   0.00159576
  0.00142453   0.00158462    -0.00008879   0.00110054     0.00724616   0.00108002
   11    4
 -0.04391761   0.00082390     0.01170570   0.00383578     0.00821316  -0.00291307
 -0.00821316   0.00291307     0.01008843  -0.00171626    -0.01142152  -0.00600340
 -0.01170570  -0.00383578    -0.00710352  -0.00828460     0.01008843  -0.00171626
   11    5
  0.01542987  -0.00000000    -0.00171885  -0.00311590    -0.00414974  -0.00320858
  0.00414974  -0.00320858    -0.00842059   0.00028998     0.01376507  -0.00000000
  0.00171885  -0.00311590     0.01439004   0.00000000    -0.00842059  -0.00028998
   11    6
  0.01206474   0.00077035    -0.00968791   0.00246130     0.00482724  -0.00140974
  0.01275065   0.00049200    -0.04635577  -0.00464125    -0.01275065  -0.00049200
  0.00482724  -0.00140974     0.00968791  -0.00246130     0.01206474   0.00077035
   11    7
 -0.01269947   0.00081903     0.00428585  -0.00196330    -0.01101892  -0.00113330
 -0.00477487   0.00141589     0.01990060  -0.00188003     0.00477487  -0.00141589
 -0.01101892  -0.00113330    -0.00428585   0.00196330    -0.01269947   0.00081903
   11    8
  0.01008843  -0.00171626     0.00710352   0.00828460    -0.01170570  -0.00383578
  0.01142152   0.00600340     0.01008843  -0.00171626     0.00821316  -0.00291307
  0.00821316  -0.00291307    -0.01170570  -0.00383578    -0.04391761   0.00082390
   11    9
 -0.00842059  -0.00028998    -0.01439004   0.00000000     0.00171885  -0.00311590
 -0.01376507   0.00000000    -0.00842059   0.00028998    -0.00414974   0.00320858
 -0.00414974  -0.00320858     0.00171885   0.00311590     0.01542987  -0.00000000
   11   10
 -0.01520860  -0.00005930     0.00229186   0.00524429     0.00426200  -0.00110187
  0.00229186   0.00524429    -0.01985384  -0.00104436    -0.00229186  -0.00524429
  0.00426200  -0.00110187    -0.00229186  -0.00524429    -0.01520860  -0.00005930
   11   11
  0.06010463   0.00000000     0.00196679  -0.00076896    -0.00061080   0.00000000
  0.00196679   0.00076896     0.06314872   0.00000000    -0.00196679  -0.00076896
 -0.00061080   0.00000000    -0.00196679   0.00076896     0.06010463  -0.00000000

     Dynamical  Matrix in cartesian axes

     q = (    0.117851130  -0.117851130  -0.117851130 ) 

    1    1
  0.14521985   0.00000000    -0.02024976   0.00000000    -0.02024976   0.00000000
 -0.02024976   0.00000000     0.14521985   0.00000000     0.02024976   0.00000000
 -0.02024976   0.00000000     0.02024976   0.00000000     0.14521985   0.00000000
    1    2
 -0.02356877  -0.00969311    -0.01593187   0.00536134    -0.01593187   0.00536134
 -0.01593187   0.00536134    -0.02356877  -0.00969311     0.01593187  -0.00536134
 -0.01593187   0.00536134     0.01593187  -0.00536134    -0.02356877  -0.00969311
    1    3
 -0.02017887  -0.01556460    -0.00332288  -0.01647808    -0.00332288  -0.01647808
 -0.00332288  -0.01647808    -0.02017887  -0.01556460     0.00332288   0.01647808
 -0.00332288  -0.01647808     0.00332288   0.01647808    -0.02017887  -0.01556460
    1    4
 -0.01563571   0.02535958     0.00771117   0.01665592     0.00771117   0.01665592
  0.00465127   0.01497348     0.00554556  -0.01033200     0.01276650   0.00432459
  0.00465127   0.01497348     0.01276650   0.00432459     0.00554556  -0.01033200
    1    5
  0.01414419  -0.02622071     0.01828004  -0.00164989     0.01828004  -0.00164989
  0.01529305  -0.00345862    -0.00617500   0.00996859     0.01012846   0.00889382
  0.01529305  -0.00345862     0.01012846   0.00889382    -0.00617500   0.00996859
    1    6
  0.00554556  -0.01033200     0.00465127   0.01497348    -0.01276650  -0.00432459
  0.00771117   0.01665592    -0.01563571   0.02535958    -0.00771117  -0.01665592
 -0.01276650  -0.00432459    -0.00465127  -0.01497348     0.00554556  -0.01033200
    1    7
 -0.00617500   0.00996859     0.01529305  -0.00345862    -0.01012846  -0.00889382
  0.01828004  -0.00164989     0.01414419  -0.02622071    -0.01828004   0.00164989
 -0.01012846  -0.00889382    -0.01529305   0.00345862    -0.00617500   0.00996859
    1    8
  0.00554556  -0.01033200    -0.01276650  -0.00432459     0.00465127   0.01497348
 -0.01276650  -0.00432459     0.00554556  -0.01033200    -0.00465127  -0.01497348
  0.00771117   0.01665592    -0.00771117  -0.01665592    -0.01563571   0.02535958
    1    9
 -0.00617500   0.00996859    -0.01012846  -0.00889382     0.01529305  -0.00345862
 -0.01012846  -0.00889382    -0.00617500   0.00996859    -0.01529305   0.00345862
  0.01828004  -0.00164989    -0.01828004   0.00164989     0.01414419  -0.02622071
    1   10
 -0.01919813   0.01146359    -0.01133164   0.00953909    -0.01133164   0.00953909
 -0.01133164   0.00953909    -0.01919813   0.01146359     0.01133164  -0.00953909
 -0.01133164   0.00953909     0.01133164  -0.00953909    -0.01919813   0.01146359
    1   11
  0.00032869  -0.02235786     0.00259527  -0.01458303     0.00259527  -0.01458303
  0.00259527  -0.01458303     0.00032869  -0.02235786    -0.00259527   0.01458303
  0.00259527  -0.01458303    -0.00259527   0.01458303     0.00032869  -0.02235786
    2    1
 -0.02356877   0.00969311    -0.01593187  -0.00536134    -0.01593187  -0.00536134
 -0.01593187  -0.00536134    -0.02356877   0.00969311     0.01593187   0.00536134
 -0.01593187  -0.00536134     0.01593187   0.00536134    -0.02356877   0.00969311
    2    2
  0.05896199   0.00000000    -0.00665956  -0.00000000    -0.00665956  -0.00000000
 -0.00665956  -0.00000000     0.05896199   0.00000000     0.00665956   0.00000000
 -0.00665956  -0.00000000     0.00665956   0.00000000     0.05896199   0.00000000
    2    3
 -0.00527389  -0.00504984     0.00118369   0.00263606     0.00118369   0.00263606
  0.00118369   0.00263606    -0.00527389  -0.00504984    -0.00118369  -0.00263606
  0.00118369   0.00263606    -0.00118369  -0.00263606    -0.00527389  -0.00504984
    2    4
  0.00736466  -0.00671603    -0.00008879  -0.00110054    -0.00008879  -0.00110054
 -0.00191800  -0.00159576     0.00724616  -0.00108002    -0.00142453   0.00158462
 -0.00191800  -0.00159576    -0.00142453   0.00158462     0.00724616  -0.00108002
    2    5
 -0.01219568   0.00635533    -0.01566836  -0.00132637    -0.01566836  -0.00132637
 -0.01439084   0.00467331    -0.01134178   0.00275516    -0.01174643   0.00027596
 -0.01439084   0.00467331    -0.01174643   0.00027596    -0.01134178   0.00275516
    2    6
  0.00724616  -0.00108002    -0.00191800  -0.00159576     0.00142453  -0.00158462
 -0.00008879  -0.00110054     0.00736466  -0.00671603     0.00008879   0.00110054
  0.00142453  -0.00158462     0.00191800   0.00159576     0.00724616  -0.00108002
    2    7
 -0.01134178   0.00275516    -0.01439084   0.00467331     0.01174643  -0.00027596
 -0.01566836  -0.00132637    -0.01219568   0.00635533     0.01566836   0.00132637
  0.01174643  -0.00027596     0.01439084  -0.00467331    -0.01134178   0.00275516
    2    8
  0.00724616  -0.00108002     0.00142453  -0.00158462    -0.00191800  -0.00159576
  0.00142453  -0.00158462     0.00724616  -0.00108002     0.00191800   0.00159576
 -0.00008879  -0.00110054     0.00008879   0.00110054     0.00736466  -0.00671603
    2    9
 -0.01134178   0.00275516     0.01174643  -0.00027596    -0.01439084   0.00467331
  0.01174643  -0.00027596    -0.01134178   0.00275516     0.01439084  -0.00467331
 -0.01566836  -0.00132637     0.01566836   0.00132637    -0.01219568   0.00635533
    2   10
  0.00948463  -0.00157724    -0.00156785  -0.00344954    -0.00156785  -0.00344954
 -0.00156785  -0.00344954     0.00948463  -0.00157724     0.00156785   0.00344954
 -0.00156785  -0.00344954     0.00156785   0.00344954     0.00948463  -0.00157724
    2   11
 -0.01001925  -0.00778602     0.01169355   0.01714832     0.01169355   0.01714832
  0.01169355   0.01714832    -0.01001925  -0.00778602    -0.01169355  -0.01714832
  0.01169355   0.01714832    -0.01169355  -0.01714832    -0.01001925  -0.00778602
    3    1
 -0.02017887   0.01556460    -0.00332288   0.01647808    -0.00332288   0.01647808
 -0.00332288   0.01647808    -0.02017887   0.01556460     0.00332288  -0.01647808
 -0.00332288   0.01647808     0.00332288  -0.01647808    -0.02017887   0.01556460
    3    2
 -0.00527389   0.00504984     0.00118369  -0.00263606     0.00118369  -0.00263606
  0.00118369  -0.00263606    -0.00527389   0.00504984    -0.00118369   0.00263606
  0.00118369  -0.00263606    -0.00118369   0.00263606    -0.00527389   0.00504984
    3    3
  0.05896199  -0.00000000    -0.00665956   0.00000000    -0.00665956   0.00000000
 -0.00665956   0.00000000     0.05896199  -0.00000000     0.00665956  -0.00000000
 -0.00665956   0.00000000     0.00665956  -0.00000000     0.05896199  -0.00000000
    3    4
 -0.01219568  -0.00635533    -0.01566836   0.00132637    -0.01566836   0.00132637
 -0.01439084  -0.00467331    -0.01134178  -0.00275516    -0.01174643  -0.00027596
 -0.01439084  -0.00467331    -0.01174643  -0.00027596    -0.01134178  -0.00275516
    3    5
  0.00736466   0.00671603    -0.00008879   0.00110054    -0.00008879   0.00110054
 -0.00191800   0.00159576     0.00724616   0.00108002    -0.00142453  -0.00158462
 -0.00191800   0.00159576    -0.00142453  -0.00158462     0.00724616   0.00108002
    3    6
 -0.01134178  -0.00275516    -0.01439084  -0.00467331     0.01174643   0.00027596
 -0.01566836   0.00132637    -0.01219568  -0.00635533     0.01566836  -0.00132637
  0.01174643   0.00027596     0.01439084   0.00467331    -0.01134178  -0.00275516
    3    7
  0.00724616   0.00108002    -0.00191800   0.00159576     0.00142453   0.00158462
 -0.00008879   0.00110054     0.00736466   0.00671603     0.00008879  -0.00110054
  0.00142453   0.00158462     0.00191800  -0.00159576     0.00724616   0.00108002
    3    8
 -0.01134178  -0.00275516     0.01174643   0.00027596    -0.01439084  -0.00467331
  0.01174643   0.00027596    -0.01134178  -0.00275516     0.01439084   0.00467331
 -0.01566836   0.00132637     0.01566836  -0.00132637    -0.01219568  -0.00635533
    3    9
  0.00724616   0.00108002     0.00142453   0.00158462    -0.00191800   0.00159576
  0.00142453   0.00158462     0.00724616   0.00108002     0.00191800  -0.00159576
 -0.00008879   0.00110054     0.00008879  -0.00110054     0.00736466   0.00671603
    3   10
 -0.01001925   0.00778602     0.01169355  -0.01714832     0.01169355  -0.01714832
  0.01169355  -0.01714832    -0.01001925   0.00778602    -0.01169355   0.01714832
  0.01169355  -0.01714832    -0.01169355   0.01714832    -0.01001925   0.00778602
    3   11
  0.00948463   0.00157724    -0.00156785   0.00344954    -0.00156785   0.00344954
 -0.00156785   0.00344954     0.00948463   0.00157724     0.00156785  -0.00344954
 -0.00156785   0.00344954     0.00156785  -0.00344954     0.00948463   0.00157724
    4    1
 -0.01563571  -0.02535958     0.00465127  -0.01497348     0.00465127  -0.01497348
