  1.500000000000000E-002   1.50252848524039        5.64359138813530     
           8

     Dynamical  Matrix in cartesian axes

     q = (    0.117851130   0.117851130  -0.117851130 ) 

    1    1
  0.11966466   0.00000000     0.01759009   0.00000000    -0.01759009   0.00000000
  0.01759009   0.00000000     0.11966466   0.00000000    -0.01759009   0.00000000
 -0.01759009   0.00000000    -0.01759009   0.00000000     0.11966466   0.00000000
    1    2
 -0.01552757   0.00604322     0.01395079   0.00353289    -0.01395079  -0.00353289
  0.01395079   0.00353289    -0.01552757   0.00604322    -0.01395079  -0.00353289
 -0.01395079  -0.00353289    -0.01395079  -0.00353289    -0.01552757   0.00604322
    1    3
 -0.01299737   0.01042566     0.00391582  -0.01384819    -0.00391582   0.01384819
  0.00391582  -0.01384819    -0.01299737   0.01042566    -0.00391582   0.01384819
 -0.00391582   0.01384819    -0.00391582   0.01384819    -0.01299737   0.01042566
    1    4
  0.00750531   0.01146896     0.01104825  -0.00196567    -0.00039847  -0.01287099
  0.01104825  -0.00196567     0.00750531   0.01146896    -0.00039847  -0.01287099
  0.00539686  -0.01542467     0.00539686  -0.01542467    -0.01773919  -0.02548203
    1    5
 -0.00617975  -0.01223427     0.00722645  -0.00858523     0.01094738   0.00678058
  0.00722645  -0.00858523    -0.00617975  -0.01223427     0.01094738   0.00678058
  0.01605658   0.00303852     0.01605658   0.00303852     0.01319850   0.02810360
    1    6
 -0.01805375  -0.01902577     0.00961970   0.00897723    -0.00961970  -0.00897723
  0.00961970   0.00897723    -0.01805375  -0.01902577    -0.00961970  -0.00897723
 -0.00961970  -0.00897723    -0.00961970  -0.00897723    -0.01805375  -0.01902577
    1    7
  0.00744992   0.02514789    -0.00296466  -0.01281952     0.00296466   0.01281952
 -0.00296466  -0.01281952     0.00744992   0.02514789     0.00296466   0.01281952
  0.00296466   0.01281952     0.00296466   0.01281952     0.00744992   0.02514789
    1    8
 -0.01773919  -0.02548203    -0.00539686   0.01542467     0.00539686  -0.01542467
  0.00039847   0.01287099     0.00750531   0.01146896    -0.01104825   0.00196567
 -0.00039847  -0.01287099    -0.01104825   0.00196567     0.00750531   0.01146896
    1    9
  0.01319850   0.02810360    -0.01605658  -0.00303852     0.01605658   0.00303852
 -0.01094738  -0.00678058    -0.00617975  -0.01223427    -0.00722645   0.00858523
  0.01094738   0.00678058    -0.00722645   0.00858523    -0.00617975  -0.01223427
    1   10
  0.00750531   0.01146896     0.00039847   0.01287099    -0.01104825   0.00196567
 -0.00539686   0.01542467    -0.01773919  -0.02548203     0.00539686  -0.01542467
 -0.01104825   0.00196567    -0.00039847  -0.01287099     0.00750531   0.01146896
    1   11
 -0.00617975  -0.01223427    -0.01094738  -0.00678058    -0.00722645   0.00858523
 -0.01605658  -0.00303852     0.01319850   0.02810360     0.01605658   0.00303852
 -0.00722645   0.00858523     0.01094738   0.00678058    -0.00617975  -0.01223427
    2    1
 -0.01552757  -0.00604322     0.01395079  -0.00353289    -0.01395079   0.00353289
  0.01395079  -0.00353289    -0.01552757  -0.00604322    -0.01395079   0.00353289
 -0.01395079   0.00353289    -0.01395079   0.00353289    -0.01552757  -0.00604322
    2    2
  0.04535773  -0.00000000     0.00949401   0.00000000    -0.00949401  -0.00000000
  0.00949401   0.00000000     0.04535773  -0.00000000    -0.00949401  -0.00000000
 -0.00949401  -0.00000000    -0.00949401  -0.00000000     0.04535773  -0.00000000
    2    3
  0.00062399   0.00448883     0.00364616   0.00228565    -0.00364616  -0.00228565
  0.00364616   0.00228565     0.00062399   0.00448883    -0.00364616  -0.00228565
 -0.00364616  -0.00228565    -0.00364616  -0.00228565     0.00062399   0.00448883
    2    4
  0.00768519  -0.00110400    -0.00233930  -0.00206033    -0.00261907   0.00097280
 -0.00233930  -0.00206033     0.00768519  -0.00110400    -0.00261907   0.00097280
  0.00066107   0.00074318     0.00066107   0.00074318     0.00992948   0.00843682
    2    5
 -0.01101500   0.00055651    -0.00818318  -0.00023080    -0.01049962  -0.00234314
 -0.00818318  -0.00023080    -0.01101500   0.00055651    -0.01049962  -0.00234314
 -0.01274000   0.00025076    -0.01274000   0.00025076    -0.00531360  -0.00896321
    2    6
  0.00321409   0.00232617     0.00125450  -0.00530909    -0.00125450   0.00530909
  0.00125450  -0.00530909     0.00321409   0.00232617    -0.00125450   0.00530909
 -0.00125450   0.00530909    -0.00125450   0.00530909     0.00321409   0.00232617
    2    7
 -0.01159071   0.00423671    -0.01149067   0.01572310     0.01149067  -0.01572310
 -0.01149067   0.01572310    -0.01159071   0.00423671     0.01149067  -0.01572310
  0.01149067  -0.01572310     0.01149067  -0.01572310    -0.01159071   0.00423671
    2    8
  0.00992948   0.00843682    -0.00066107  -0.00074318     0.00066107   0.00074318
  0.00261907  -0.00097280     0.00768519  -0.00110400     0.00233930   0.00206033
 -0.00261907   0.00097280     0.00233930   0.00206033     0.00768519  -0.00110400
    2    9
 -0.00531360  -0.00896321     0.01274000  -0.00025076    -0.01274000   0.00025076
  0.01049962   0.00234314    -0.01101500   0.00055651     0.00818318   0.00023080
 -0.01049962  -0.00234314     0.00818318   0.00023080    -0.01101500   0.00055651
    2   10
  0.00768519  -0.00110400     0.00261907  -0.00097280     0.00233930   0.00206033
 -0.00066107  -0.00074318     0.00992948   0.00843682     0.00066107   0.00074318
  0.00233930   0.00206033    -0.00261907   0.00097280     0.00768519  -0.00110400
    2   11
 -0.01101500   0.00055651     0.01049962   0.00234314     0.00818318   0.00023080
  0.01274000  -0.00025076    -0.00531360  -0.00896321    -0.01274000   0.00025076
  0.00818318   0.00023080    -0.01049962  -0.00234314    -0.01101500   0.00055651
    3    1
 -0.01299737  -0.01042566     0.00391582   0.01384819    -0.00391582  -0.01384819
  0.00391582   0.01384819    -0.01299737  -0.01042566    -0.00391582  -0.01384819
 -0.00391582  -0.01384819    -0.00391582  -0.01384819    -0.01299737  -0.01042566
    3    2
  0.00062399  -0.00448883     0.00364616  -0.00228565    -0.00364616   0.00228565
  0.00364616  -0.00228565     0.00062399  -0.00448883    -0.00364616   0.00228565
 -0.00364616   0.00228565    -0.00364616   0.00228565     0.00062399  -0.00448883
    3    3
  0.04535773   0.00000000     0.00949401  -0.00000000    -0.00949401   0.00000000
  0.00949401  -0.00000000     0.04535773   0.00000000    -0.00949401   0.00000000
 -0.00949401   0.00000000    -0.00949401   0.00000000     0.04535773   0.00000000
    3    4
 -0.01101500  -0.00055651    -0.00818318   0.00023080    -0.01049962   0.00234314
 -0.00818318   0.00023080    -0.01101500  -0.00055651    -0.01049962   0.00234314
 -0.01274000  -0.00025076    -0.01274000  -0.00025076    -0.00531360   0.00896321
    3    5
  0.00768519   0.00110400    -0.00233930   0.00206033    -0.00261907  -0.00097280
 -0.00233930   0.00206033     0.00768519   0.00110400    -0.00261907  -0.00097280
  0.00066107  -0.00074318     0.00066107  -0.00074318     0.00992948  -0.00843682
    3    6
 -0.01159071  -0.00423671    -0.01149067  -0.01572310     0.01149067   0.01572310
 -0.01149067  -0.01572310    -0.01159071  -0.00423671     0.01149067   0.01572310
  0.01149067   0.01572310     0.01149067   0.01572310    -0.01159071  -0.00423671
    3    7
  0.00321409  -0.00232617     0.00125450   0.00530909    -0.00125450  -0.00530909
  0.00125450   0.00530909     0.00321409  -0.00232617    -0.00125450  -0.00530909
 -0.00125450  -0.00530909    -0.00125450  -0.00530909     0.00321409  -0.00232617
    3    8
 -0.00531360   0.00896321     0.01274000   0.00025076    -0.01274000  -0.00025076
  0.01049962  -0.00234314    -0.01101500  -0.00055651     0.00818318  -0.00023080
 -0.01049962   0.00234314     0.00818318  -0.00023080    -0.01101500  -0.00055651
    3    9
  0.00992948  -0.00843682    -0.00066107   0.00074318     0.00066107  -0.00074318
  0.00261907   0.00097280     0.00768519   0.00110400     0.00233930  -0.00206033
 -0.00261907  -0.00097280     0.00233930  -0.00206033     0.00768519   0.00110400
    3   10
 -0.01101500  -0.00055651     0.01049962  -0.00234314     0.00818318  -0.00023080
  0.01274000   0.00025076    -0.00531360   0.00896321    -0.01274000  -0.00025076
  0.00818318  -0.00023080    -0.01049962   0.00234314    -0.01101500  -0.00055651
    3   11
  0.00768519   0.00110400     0.00261907   0.00097280     0.00233930  -0.00206033
 -0.00066107   0.00074318     0.00992948  -0.00843682     0.00066107  -0.00074318
  0.00233930  -0.00206033    -0.00261907  -0.00097280     0.00768519   0.00110400
    4    1
  0.00750531  -0.01146896     0.01104825   0.00196567     0.00539686   0.01542467
  0.01104825   0.00196567     0.00750531  -0.01146896     0.00539686   0.01542467
 -0.00039847   0.01287099    -0.00039847   0.01287099    -0.01773919   0.02548203
    4    2
  0.00768519   0.00110400    -0.00233930   0.00206033     0.00066107  -0.00074318
 -0.00233930   0.00206033     0.00768519   0.00110400     0.00066107  -0.00074318
 -0.00261907  -0.00097280    -0.00261907  -0.00097280     0.00992948  -0.00843682
    4    3
 -0.01101500   0.00055651    -0.00818318  -0.00023080    -0.01274000   0.00025076
 -0.00818318  -0.00023080    -0.01101500   0.00055651    -0.01274000   0.00025076
 -0.01049962  -0.00234314    -0.01049962  -0.00234314    -0.00531360  -0.00896321
    4    4
  0.05587981   0.00000000     0.00273696  -0.00000000    -0.00316082  -0.00232893
  0.00273696   0.00000000     0.05587981  -0.00000000    -0.00316082  -0.00232893
 -0.00316082   0.00232893    -0.00316082   0.00232893     0.06302362  -0.00000000
    4    5
 -0.01547499  -0.00104436    -0.00903303  -0.00442052    -0.00304986   0.00504449
 -0.00903303  -0.00442052    -0.01547499  -0.00104436    -0.00304986   0.00504449
 -0.00304986   0.00504449    -0.00304986   0.00504449    -0.02925311  -0.00558060
    4    6
 -0.01283239  -0.00291409     0.01247554  -0.00425199    -0.00510478  -0.00096063
  0.01247554  -0.00425199    -0.01283239  -0.00291409    -0.00510478  -0.00096063
  0.01045488   0.00084437     0.01045488   0.00084437     0.02756822   0.01118779
    4    7
  0.01244317  -0.00148241    -0.00340830  -0.00189142     0.01024650   0.00595519
 -0.00340830  -0.00189142     0.01244317  -0.00148241     0.01024650   0.00595519
 -0.01348124   0.00296366    -0.01348124   0.00296366    -0.05104073   0.00904572
    4    8
 -0.00832211  -0.00112520     0.00182707  -0.00025002     0.01343368   0.00000000
  0.00302050  -0.00335541     0.01570094   0.00000000    -0.00182707  -0.00025002
  0.01302283   0.00000000    -0.00302050  -0.00335541    -0.00832211   0.00112520
    4    9
  0.00949054   0.00091763     0.00913325  -0.00341728    -0.00430734   0.00724075
 -0.00740901  -0.00118216    -0.04226150  -0.00231198    -0.00913325   0.00341728
 -0.01639566   0.00784063     0.00740901   0.00118216     0.00949054   0.00091763
    4   10
  0.01570094   0.00000000     0.00302050  -0.00335541    -0.00182707  -0.00025002
  0.00182707  -0.00025002    -0.00832211  -0.00112520     0.01343368   0.00000000
 -0.00302050  -0.00335541     0.01302283   0.00000000    -0.00832211   0.00112520
    4   11
 -0.04226150  -0.00231198    -0.00740901  -0.00118216    -0.00913325   0.00341728
  0.00913325  -0.00341728     0.00949054   0.00091763    -0.00430734   0.00724075
  0.00740901   0.00118216    -0.01639566   0.00784063     0.00949054   0.00091763
    5    1
 -0.00617975   0.01223427     0.00722645   0.00858523     0.01605658  -0.00303852
  0.00722645   0.00858523    -0.00617975   0.01223427     0.01605658  -0.00303852
  0.01094738  -0.00678058     0.01094738  -0.00678058     0.01319850  -0.02810360
    5    2
 -0.01101500  -0.00055651    -0.00818318   0.00023080    -0.01274000  -0.00025076
 -0.00818318   0.00023080    -0.01101500  -0.00055651    -0.01274000  -0.00025076
 -0.01049962   0.00234314    -0.01049962   0.00234314    -0.00531360   0.00896321
    5    3
  0.00768519  -0.00110400    -0.00233930  -0.00206033     0.00066107   0.00074318
 -0.00233930  -0.00206033     0.00768519  -0.00110400     0.00066107   0.00074318
 -0.00261907   0.00097280    -0.00261907   0.00097280     0.00992948   0.00843682
    5    4
 -0.01547499   0.00104436    -0.00903303   0.00442052    -0.00304986  -0.00504449
 -0.00903303   0.00442052    -0.01547499   0.00104436    -0.00304986  -0.00504449
 -0.00304986  -0.00504449    -0.00304986  -0.00504449    -0.02925311   0.00558060
    5    5
  0.05587981  -0.00000000     0.00273696   0.00000000    -0.00316082   0.00232893
  0.00273696  -0.00000000     0.05587981   0.00000000    -0.00316082   0.00232893
 -0.00316082  -0.00232893    -0.00316082  -0.00232893     0.06302362   0.00000000
    5    6
  0.01244317   0.00148241    -0.00340830   0.00189142     0.01024650  -0.00595519
 -0.00340830   0.00189142     0.01244317   0.00148241     0.01024650  -0.00595519
 -0.01348124  -0.00296366    -0.01348124  -0.00296366    -0.05104073  -0.00904572
    5    7
 -0.01283239   0.00291409     0.01247554   0.00425199    -0.00510478   0.00096063
  0.01247554   0.00425199    -0.01283239   0.00291409    -0.00510478   0.00096063
  0.01045488  -0.00084437     0.01045488  -0.00084437     0.02756822  -0.01118779
    5    8
  0.00949054  -0.00091763     0.00913325   0.00341728    -0.00430734  -0.00724075
 -0.00740901   0.00118216    -0.04226150   0.00231198    -0.00913325  -0.00341728
 -0.01639566  -0.00784063     0.00740901  -0.00118216     0.00949054  -0.00091763
    5    9
 -0.00832211   0.00112520     0.00182707   0.00025002     0.01343368  -0.00000000
  0.00302050   0.00335541     0.01570094  -0.00000000    -0.00182707   0.00025002
  0.01302283  -0.00000000    -0.00302050   0.00335541    -0.00832211  -0.00112520
    5   10
 -0.04226150   0.00231198    -0.00740901   0.00118216    -0.00913325  -0.00341728
  0.00913325   0.00341728     0.00949054  -0.00091763    -0.00430734  -0.00724075
  0.00740901  -0.00118216    -0.01639566  -0.00784063     0.00949054  -0.00091763
    5   11
  0.01570094  -0.00000000     0.00302050   0.00335541    -0.00182707   0.00025002
  0.00182707   0.00025002    -0.00832211   0.00112520     0.01343368  -0.00000000
 -0.00302050   0.00335541     0.01302283  -0.00000000    -0.00832211  -0.00112520
    6    1
 -0.01805375   0.01902577     0.00961970  -0.00897723    -0.00961970   0.00897723
  0.00961970  -0.00897723    -0.01805375   0.01902577    -0.00961970   0.00897723
 -0.00961970   0.00897723    -0.00961970   0.00897723    -0.01805375   0.01902577
    6    2
  0.00321409  -0.00232617     0.00125450   0.00530909    -0.00125450  -0.00530909
  0.00125450   0.00530909     0.00321409  -0.00232617    -0.00125450  -0.00530909
 -0.00125450  -0.00530909    -0.00125450  -0.00530909     0.00321409  -0.00232617
    6    3
 -0.01159071   0.00423671    -0.01149067   0.01572310     0.01149067  -0.01572310
 -0.01149067   0.01572310    -0.01159071   0.00423671     0.01149067  -0.01572310
  0.01149067  -0.01572310     0.01149067  -0.01572310    -0.01159071   0.00423671
    6    4
 -0.01283239   0.00291409     0.01247554   0.00425199     0.01045488  -0.00084437
  0.01247554   0.00425199    -0.01283239   0.00291409     0.01045488  -0.00084437
 -0.00510478   0.00096063    -0.00510478   0.00096063     0.02756822  -0.01118779
    6    5
  0.01244317  -0.00148241    -0.00340830  -0.00189142    -0.01348124   0.00296366
 -0.00340830  -0.00189142     0.01244317  -0.00148241    -0.01348124   0.00296366
  0.01024650   0.00595519     0.01024650   0.00595519    -0.05104073   0.00904572
    6    6
  0.08115601   0.00000000    -0.00466746  -0.00000000     0.00466746   0.00000000
 -0.00466746  -0.00000000     0.08115601   0.00000000     0.00466746   0.00000000
  0.00466746   0.00000000     0.00466746   0.00000000     0.08115601   0.00000000
    6    7
 -0.02310915   0.01964910    -0.00334094  -0.00384536     0.00334094   0.00384536
 -0.00334094  -0.00384536    -0.02310915   0.01964910     0.00334094   0.00384536
  0.00334094   0.00384536     0.00334094   0.00384536    -0.02310915   0.01964910
    6    8
  0.02756822  -0.01118779     0.00510478  -0.00096063    -0.00510478   0.00096063
 -0.01045488   0.00084437    -0.01283239   0.00291409    -0.01247554  -0.00425199
  0.01045488  -0.00084437    -0.01247554  -0.00425199    -0.01283239   0.00291409
    6    9
 -0.05104073   0.00904572    -0.01024650  -0.00595519     0.01024650   0.00595519
  0.01348124  -0.00296366     0.01244317  -0.00148241     0.00340830   0.00189142
 -0.01348124   0.00296366     0.00340830   0.00189142     0.01244317  -0.00148241
    6   10
 -0.01283239   0.00291409    -0.01045488   0.00084437    -0.01247554  -0.00425199
  0.00510478  -0.00096063     0.02756822  -0.01118779    -0.00510478   0.00096063
 -0.01247554  -0.00425199     0.01045488  -0.00084437    -0.01283239   0.00291409
    6   11
  0.01244317  -0.00148241     0.01348124  -0.00296366     0.00340830   0.00189142
 -0.01024650  -0.00595519    -0.05104073   0.00904572     0.01024650   0.00595519
  0.00340830   0.00189142    -0.01348124   0.00296366     0.01244317  -0.00148241
    7    1
  0.00744992  -0.02514789    -0.00296466   0.01281952     0.00296466  -0.01281952
 -0.00296466   0.01281952     0.00744992  -0.02514789     0.00296466  -0.01281952
  0.00296466  -0.01281952     0.00296466  -0.01281952     0.00744992  -0.02514789
    7    2
 -0.01159071  -0.00423671    -0.01149067  -0.01572310     0.01149067   0.01572310
 -0.01149067  -0.01572310    -0.01159071  -0.00423671     0.01149067   0.01572310
  0.01149067   0.01572310     0.01149067   0.01572310    -0.01159071  -0.00423671
    7    3
  0.00321409   0.00232617     0.00125450  -0.00530909    -0.00125450   0.00530909
  0.00125450  -0.00530909     0.00321409   0.00232617    -0.00125450   0.00530909
 -0.00125450   0.00530909    -0.00125450   0.00530909     0.00321409   0.00232617
    7    4
  0.01244317   0.00148241    -0.00340830   0.00189142    -0.01348124  -0.00296366
 -0.00340830   0.00189142     0.01244317   0.00148241    -0.01348124  -0.00296366
  0.01024650  -0.00595519     0.01024650  -0.00595519    -0.05104073  -0.00904572
    7    5
 -0.01283239  -0.00291409     0.01247554  -0.00425199     0.01045488   0.00084437
  0.01247554  -0.00425199    -0.01283239  -0.00291409     0.01045488   0.00084437
 -0.00510478  -0.00096063    -0.00510478  -0.00096063     0.02756822   0.01118779
    7    6
 -0.02310915  -0.01964910    -0.00334094   0.00384536     0.00334094  -0.00384536
 -0.00334094   0.00384536    -0.02310915  -0.01964910     0.00334094  -0.00384536
  0.00334094  -0.00384536     0.00334094  -0.00384536    -0.02310915  -0.01964910
    7    7
  0.08115601  -0.00000000    -0.00466746   0.00000000     0.00466746  -0.00000000
 -0.00466746   0.00000000     0.08115601  -0.00000000     0.00466746  -0.00000000
  0.00466746  -0.00000000     0.00466746  -0.00000000     0.08115601  -0.00000000
    7    8
 -0.05104073  -0.00904572    -0.01024650   0.00595519     0.01024650  -0.00595519
  0.01348124   0.00296366     0.01244317   0.00148241     0.00340830  -0.00189142
 -0.01348124  -0.00296366     0.00340830  -0.00189142     0.01244317   0.00148241
    7    9
  0.02756822   0.01118779     0.00510478   0.00096063    -0.00510478  -0.00096063
 -0.01045488  -0.00084437    -0.01283239  -0.00291409    -0.01247554   0.00425199
  0.01045488   0.00084437    -0.01247554   0.00425199    -0.01283239  -0.00291409
    7   10
  0.01244317   0.00148241     0.01348124   0.00296366     0.00340830  -0.00189142
 -0.01024650   0.00595519    -0.05104073  -0.00904572     0.01024650  -0.00595519
  0.00340830  -0.00189142    -0.01348124  -0.00296366     0.01244317   0.00148241
    7   11
 -0.01283239  -0.00291409    -0.01045488  -0.00084437    -0.01247554   0.00425199
  0.00510478   0.00096063     0.02756822   0.01118779    -0.00510478  -0.00096063
 -0.01247554   0.00425199     0.01045488   0.00084437    -0.01283239  -0.00291409
    8    1
 -0.01773919   0.02548203     0.00039847  -0.01287099    -0.00039847   0.01287099
 -0.00539686  -0.01542467     0.00750531  -0.01146896    -0.01104825  -0.00196567
  0.00539686   0.01542467    -0.01104825  -0.00196567     0.00750531  -0.01146896
    8    2
  0.00992948  -0.00843682     0.00261907   0.00097280    -0.00261907  -0.00097280
 -0.00066107   0.00074318     0.00768519   0.00110400     0.00233930  -0.00206033
  0.00066107  -0.00074318     0.00233930  -0.00206033     0.00768519   0.00110400
    8    3
 -0.00531360  -0.00896321     0.01049962   0.00234314    -0.01049962  -0.00234314
  0.01274000  -0.00025076    -0.01101500   0.00055651     0.00818318   0.00023080
 -0.01274000   0.00025076     0.00818318   0.00023080    -0.01101500   0.00055651
    8    4
 -0.00832211   0.00112520     0.00302050   0.00335541     0.01302283   0.00000000
  0.00182707   0.00025002     0.01570094   0.00000000    -0.00302050   0.00335541
  0.01343368  -0.00000000    -0.00182707   0.00025002    -0.00832211  -0.00112520
    8    5
  0.00949054   0.00091763    -0.00740901  -0.00118216    -0.01639566   0.00784063
  0.00913325  -0.00341728    -0.04226150  -0.00231198     0.00740901   0.00118216
 -0.00430734   0.00724075    -0.00913325   0.00341728     0.00949054   0.00091763
    8    6
  0.02756822   0.01118779    -0.01045488  -0.00084437     0.01045488   0.00084437
  0.00510478   0.00096063    -0.01283239  -0.00291409    -0.01247554   0.00425199
 -0.00510478  -0.00096063    -0.01247554   0.00425199    -0.01283239  -0.00291409
    8    7
 -0.05104073   0.00904572     0.01348124  -0.00296366    -0.01348124   0.00296366
 -0.01024650  -0.00595519     0.01244317  -0.00148241     0.00340830   0.00189142
  0.01024650   0.00595519     0.00340830   0.00189142     0.01244317  -0.00148241
    8    8
  0.06302362  -0.00000000     0.00316082  -0.00232893    -0.00316082   0.00232893
  0.00316082   0.00232893     0.05587981  -0.00000000    -0.00273696   0.00000000
 -0.00316082  -0.00232893    -0.00273696   0.00000000     0.05587981  -0.00000000
    8    9
 -0.02925311  -0.00558060     0.00304986  -0.00504449    -0.00304986   0.00504449
  0.00304986  -0.00504449    -0.01547499  -0.00104436     0.00903303   0.00442052
 -0.00304986   0.00504449     0.00903303   0.00442052    -0.01547499  -0.00104436
    8   10
 -0.00832211   0.00112520    -0.01302283  -0.00000000    -0.00302050  -0.00335541
 -0.01343368   0.00000000    -0.00832211  -0.00112520    -0.00182707   0.00025002
 -0.00182707  -0.00025002    -0.00302050   0.00335541     0.01570094   0.00000000
    8   11
  0.00949054   0.00091763     0.01639566  -0.00784063     0.00740901   0.00118216
  0.00430734  -0.00724075     0.00949054   0.00091763    -0.00913325   0.00341728
 -0.00913325   0.00341728     0.00740901   0.00118216    -0.04226150  -0.00231198
    9    1
  0.01319850  -0.02810360    -0.01094738   0.00678058     0.01094738  -0.00678058
 -0.01605658   0.00303852    -0.00617975   0.01223427    -0.00722645  -0.00858523
  0.01605658  -0.00303852    -0.00722645  -0.00858523    -0.00617975   0.01223427
    9    2
 -0.00531360   0.00896321     0.01049962  -0.00234314    -0.01049962   0.00234314
  0.01274000   0.00025076    -0.01101500  -0.00055651     0.00818318  -0.00023080
 -0.01274000  -0.00025076     0.00818318  -0.00023080    -0.01101500  -0.00055651
    9    3
  0.00992948   0.00843682     0.00261907  -0.00097280    -0.00261907   0.00097280
 -0.00066107  -0.00074318     0.00768519  -0.00110400     0.00233930   0.00206033
  0.00066107   0.00074318     0.00233930   0.00206033     0.00768519  -0.00110400
    9    4
  0.00949054  -0.00091763    -0.00740901   0.00118216    -0.01639566  -0.00784063
  0.00913325   0.00341728    -0.04226150   0.00231198     0.00740901  -0.00118216
 -0.00430734  -0.00724075    -0.00913325  -0.00341728     0.00949054  -0.00091763
    9    5
 -0.00832211  -0.00112520     0.00302050  -0.00335541     0.01302283   0.00000000
  0.00182707  -0.00025002     0.01570094   0.00000000    -0.00302050  -0.00335541
  0.01343368   0.00000000    -0.00182707  -0.00025002    -0.00832211   0.00112520
    9    6
 -0.05104073  -0.00904572     0.01348124   0.00296366    -0.01348124  -0.00296366
 -0.01024650   0.00595519     0.01244317   0.00148241     0.00340830  -0.00189142
  0.01024650  -0.00595519     0.00340830  -0.00189142     0.01244317   0.00148241
    9    7
  0.02756822  -0.01118779    -0.01045488   0.00084437     0.01045488  -0.00084437
  0.00510478  -0.00096063    -0.01283239   0.00291409    -0.01247554  -0.00425199
 -0.00510478   0.00096063    -0.01247554  -0.00425199    -0.01283239   0.00291409
    9    8
 -0.02925311   0.00558060     0.00304986   0.00504449    -0.00304986  -0.00504449
  0.00304986   0.00504449    -0.01547499   0.00104436     0.00903303  -0.00442052
 -0.00304986  -0.00504449     0.00903303  -0.00442052    -0.01547499   0.00104436
    9    9
  0.06302362   0.00000000     0.00316082   0.00232893    -0.00316082  -0.00232893
  0.00316082  -0.00232893     0.05587981   0.00000000    -0.00273696  -0.00000000
 -0.00316082   0.00232893    -0.00273696  -0.00000000     0.05587981   0.00000000
    9   10
  0.00949054  -0.00091763     0.01639566   0.00784063     0.00740901  -0.00118216
  0.00430734   0.00724075     0.00949054  -0.00091763    -0.00913325  -0.00341728
 -0.00913325  -0.00341728     0.00740901  -0.00118216    -0.04226150   0.00231198
    9   11
 -0.00832211  -0.00112520    -0.01302283   0.00000000    -0.00302050   0.00335541
 -0.01343368  -0.00000000    -0.00832211   0.00112520    -0.00182707  -0.00025002
 -0.00182707   0.00025002    -0.00302050  -0.00335541     0.01570094  -0.00000000
   10    1
  0.00750531  -0.01146896    -0.00539686  -0.01542467    -0.01104825  -0.00196567
  0.00039847  -0.01287099    -0.01773919   0.02548203    -0.00039847   0.01287099
 -0.01104825  -0.00196567     0.00539686   0.01542467     0.00750531  -0.01146896
   10    2
  0.00768519   0.00110400    -0.00066107   0.00074318     0.00233930  -0.00206033
  0.00261907   0.00097280     0.00992948  -0.00843682    -0.00261907  -0.00097280
  0.00233930  -0.00206033     0.00066107  -0.00074318     0.00768519   0.00110400
   10    3
 -0.01101500   0.00055651     0.01274000  -0.00025076     0.00818318   0.00023080
  0.01049962   0.00234314    -0.00531360  -0.00896321    -0.01049962  -0.00234314
  0.00818318   0.00023080    -0.01274000   0.00025076    -0.01101500   0.00055651
   10    4
  0.01570094   0.00000000     0.00182707   0.00025002    -0.00302050   0.00335541
  0.00302050   0.00335541    -0.00832211   0.00112520     0.01302283   0.00000000
 -0.00182707   0.00025002     0.01343368  -0.00000000    -0.00832211  -0.00112520
   10    5
 -0.04226150  -0.00231198     0.00913325  -0.00341728     0.00740901   0.00118216
 -0.00740901  -0.00118216     0.00949054   0.00091763    -0.01639566   0.00784063
 -0.00913325   0.00341728    -0.00430734   0.00724075     0.00949054   0.00091763
   10    6
 -0.01283239  -0.00291409     0.00510478   0.00096063    -0.01247554   0.00425199
 -0.01045488  -0.00084437     0.02756822   0.01118779     0.01045488   0.00084437
 -0.01247554   0.00425199    -0.00510478  -0.00096063    -0.01283239  -0.00291409
   10    7
  0.01244317  -0.00148241    -0.01024650  -0.00595519     0.00340830   0.00189142
  0.01348124  -0.00296366    -0.05104073   0.00904572    -0.01348124   0.00296366
  0.00340830   0.00189142     0.01024650   0.00595519     0.01244317  -0.00148241
   10    8
 -0.00832211  -0.00112520    -0.01343368   0.00000000    -0.00182707   0.00025002
 -0.01302283  -0.00000000    -0.00832211   0.00112520    -0.00302050  -0.00335541
 -0.00302050   0.00335541    -0.00182707  -0.00025002     0.01570094   0.00000000
   10    9
  0.00949054   0.00091763     0.00430734  -0.00724075    -0.00913325   0.00341728
  0.01639566  -0.00784063     0.00949054   0.00091763     0.00740901   0.00118216
  0.00740901   0.00118216    -0.00913325   0.00341728    -0.04226150  -0.00231198
   10   10
  0.05587981  -0.00000000     0.00316082   0.00232893    -0.00273696   0.00000000
  0.00316082  -0.00232893     0.06302362  -0.00000000    -0.00316082   0.00232893
 -0.00273696   0.00000000    -0.00316082  -0.00232893     0.05587981  -0.00000000
   10   11
 -0.01547499  -0.00104436     0.00304986  -0.00504449     0.00903303   0.00442052
  0.00304986  -0.00504449    -0.02925311  -0.00558060    -0.00304986   0.00504449
  0.00903303   0.00442052    -0.00304986   0.00504449    -0.01547499  -0.00104436
   11    1
 -0.00617975   0.01223427    -0.01605658   0.00303852    -0.00722645  -0.00858523
 -0.01094738   0.00678058     0.01319850  -0.02810360     0.01094738  -0.00678058
 -0.00722645  -0.00858523     0.01605658  -0.00303852    -0.00617975   0.01223427
   11    2
 -0.01101500  -0.00055651     0.01274000   0.00025076     0.00818318  -0.00023080
  0.01049962  -0.00234314    -0.00531360   0.00896321    -0.01049962   0.00234314
  0.00818318  -0.00023080    -0.01274000  -0.00025076    -0.01101500  -0.00055651
   11    3
  0.00768519  -0.00110400    -0.00066107  -0.00074318     0.00233930   0.00206033
  0.00261907  -0.00097280     0.00992948   0.00843682    -0.00261907   0.00097280
  0.00233930   0.00206033     0.00066107   0.00074318     0.00768519  -0.00110400
   11    4
 -0.04226150   0.00231198     0.00913325   0.00341728     0.00740901  -0.00118216
 -0.00740901   0.00118216     0.00949054  -0.00091763    -0.01639566  -0.00784063
 -0.00913325  -0.00341728    -0.00430734  -0.00724075     0.00949054  -0.00091763
   11    5
  0.01570094   0.00000000     0.00182707  -0.00025002    -0.00302050  -0.00335541
  0.00302050  -0.00335541    -0.00832211  -0.00112520     0.01302283  -0.00000000
 -0.00182707  -0.00025002     0.01343368   0.00000000    -0.00832211   0.00112520
   11    6
  0.01244317   0.00148241    -0.01024650   0.00595519     0.00340830  -0.00189142
  0.01348124   0.00296366    -0.05104073  -0.00904572    -0.01348124  -0.00296366
  0.00340830  -0.00189142     0.01024650  -0.00595519     0.01244317   0.00148241
   11    7
 -0.01283239   0.00291409     0.00510478  -0.00096063    -0.01247554  -0.00425199
 -0.01045488   0.00084437     0.02756822  -0.01118779     0.01045488  -0.00084437
 -0.01247554  -0.00425199    -0.00510478   0.00096063    -0.01283239   0.00291409
   11    8
  0.00949054  -0.00091763     0.00430734   0.00724075    -0.00913325  -0.00341728
  0.01639566   0.00784063     0.00949054  -0.00091763     0.00740901  -0.00118216
  0.00740901  -0.00118216    -0.00913325  -0.00341728    -0.04226150   0.00231198
   11    9
 -0.00832211   0.00112520    -0.01343368  -0.00000000    -0.00182707  -0.00025002
 -0.01302283   0.00000000    -0.00832211  -0.00112520    -0.00302050   0.00335541
 -0.00302050  -0.00335541    -0.00182707   0.00025002     0.01570094  -0.00000000
   11   10
 -0.01547499   0.00104436     0.00304986   0.00504449     0.00903303  -0.00442052
  0.00304986   0.00504449    -0.02925311   0.00558060    -0.00304986  -0.00504449
  0.00903303  -0.00442052    -0.00304986  -0.00504449    -0.01547499   0.00104436
   11   11
  0.05587981   0.00000000     0.00316082  -0.00232893    -0.00273696  -0.00000000
  0.00316082   0.00232893     0.06302362   0.00000000    -0.00316082  -0.00232893
 -0.00273696  -0.00000000    -0.00316082   0.00232893     0.05587981   0.00000000

     Dynamical  Matrix in cartesian axes

     q = (    0.117851130  -0.117851130  -0.117851130 ) 

    1    1
  0.11966466   0.00000000    -0.01759009   0.00000000    -0.01759009   0.00000000
 -0.01759009   0.00000000     0.11966466   0.00000000     0.01759009   0.00000000
 -0.01759009   0.00000000     0.01759009   0.00000000     0.11966466   0.00000000
    1    2
 -0.01552757  -0.00604322    -0.01395079   0.00353289    -0.01395079   0.00353289
 -0.01395079   0.00353289    -0.01552757  -0.00604322     0.01395079  -0.00353289
 -0.01395079   0.00353289     0.01395079  -0.00353289    -0.01552757  -0.00604322
    1    3
 -0.01299737  -0.01042566    -0.00391582  -0.01384819    -0.00391582  -0.01384819
 -0.00391582  -0.01384819    -0.01299737  -0.01042566     0.00391582   0.01384819
 -0.00391582  -0.01384819     0.00391582   0.01384819    -0.01299737  -0.01042566
    1    4
 -0.01773919   0.02548203     0.00539686   0.01542467     0.00539686   0.01542467
 -0.00039847   0.01287099     0.00750531  -0.01146896     0.01104825   0.00196567
 -0.00039847   0.01287099     0.01104825   0.00196567     0.00750531  -0.01146896
    1    5
  0.01319850  -0.02810360     0.01605658  -0.00303852     0.01605658  -0.00303852
  0.01094738  -0.00678058    -0.00617975   0.01223427     0.00722645   0.00858523
  0.01094738  -0.00678058     0.00722645   0.00858523    -0.00617975   0.01223427
    1    6
  0.00750531  -0.01146896    -0.00039847   0.01287099    -0.01104825  -0.00196567
  0.00539686   0.01542467    -0.01773919   0.02548203    -0.00539686  -0.01542467
 -0.01104825  -0.00196567     0.00039847  -0.01287099     0.00750531  -0.01146896
    1    7
 -0.00617975   0.01223427     0.01094738  -0.00678058    -0.00722645  -0.00858523
  0.01605658  -0.00303852     0.01319850  -0.02810360    -0.01605658   0.00303852
 -0.00722645  -0.00858523    -0.01094738   0.00678058    -0.00617975   0.01223427
    1    8
  0.00750531  -0.01146896    -0.01104825  -0.00196567    -0.00039847   0.01287099
 -0.01104825  -0.00196567     0.00750531  -0.01146896     0.00039847  -0.01287099
  0.00539686   0.01542467    -0.00539686  -0.01542467    -0.01773919   0.02548203
    1    9
 -0.00617975   0.01223427    -0.00722645  -0.00858523     0.01094738  -0.00678058
 -0.00722645  -0.00858523    -0.00617975   0.01223427    -0.01094738   0.00678058
  0.01605658  -0.00303852    -0.01605658   0.00303852     0.01319850  -0.02810360
    1   10
 -0.01805375   0.01902577    -0.00961970   0.00897723    -0.00961970   0.00897723
 -0.00961970   0.00897723    -0.01805375   0.01902577     0.00961970  -0.00897723
 -0.00961970   0.00897723     0.00961970  -0.00897723    -0.01805375   0.01902577
    1   11
  0.00744992  -0.02514789     0.00296466  -0.01281952     0.00296466  -0.01281952
  0.00296466  -0.01281952     0.00744992  -0.02514789    -0.00296466   0.01281952
  0.00296466  -0.01281952    -0.00296466   0.01281952     0.00744992  -0.02514789
    2    1
 -0.01552757   0.00604322    -0.01395079  -0.00353289    -0.01395079  -0.00353289
 -0.01395079  -0.00353289    -0.01552757   0.00604322     0.01395079   0.00353289
 -0.01395079  -0.00353289     0.01395079   0.00353289    -0.01552757   0.00604322
    2    2
  0.04535773   0.00000000    -0.00949401   0.00000000    -0.00949401   0.00000000
 -0.00949401   0.00000000     0.04535773   0.00000000     0.00949401  -0.00000000
 -0.00949401   0.00000000     0.00949401  -0.00000000     0.04535773   0.00000000
    2    3
  0.00062399  -0.00448883    -0.00364616   0.00228565    -0.00364616   0.00228565
 -0.00364616   0.00228565     0.00062399  -0.00448883     0.00364616  -0.00228565
 -0.00364616   0.00228565     0.00364616  -0.00228565     0.00062399  -0.00448883
    2    4
  0.00992948  -0.00843682     0.00066107  -0.00074318     0.00066107  -0.00074318
 -0.00261907  -0.00097280     0.00768519   0.00110400    -0.00233930   0.00206033
 -0.00261907  -0.00097280    -0.00233930   0.00206033     0.00768519   0.00110400
    2    5
 -0.00531360   0.00896321    -0.01274000  -0.00025076    -0.01274000  -0.00025076
 -0.01049962   0.00234314    -0.01101500  -0.00055651    -0.00818318   0.00023080
 -0.01049962   0.00234314    -0.00818318   0.00023080    -0.01101500  -0.00055651
    2    6
  0.00768519   0.00110400    -0.00261907  -0.00097280     0.00233930  -0.00206033
  0.00066107  -0.00074318     0.00992948  -0.00843682    -0.00066107   0.00074318
  0.00233930  -0.00206033     0.00261907   0.00097280     0.00768519   0.00110400
    2    7
 -0.01101500  -0.00055651    -0.01049962   0.00234314     0.00818318  -0.00023080
 -0.01274000  -0.00025076    -0.00531360   0.00896321     0.01274000   0.00025076
  0.00818318  -0.00023080     0.01049962  -0.00234314    -0.01101500  -0.00055651
    2    8
  0.00768519   0.00110400     0.00233930  -0.00206033    -0.00261907  -0.00097280
  0.00233930  -0.00206033     0.00768519   0.00110400     0.00261907   0.00097280
  0.00066107  -0.00074318    -0.00066107   0.00074318     0.00992948  -0.00843682
    2    9
 -0.01101500  -0.00055651     0.00818318  -0.00023080    -0.01049962   0.00234314
  0.00818318  -0.00023080    -0.01101500  -0.00055651     0.01049962  -0.00234314
 -0.01274000  -0.00025076     0.01274000   0.00025076    -0.00531360   0.00896321
    2   10
  0.00321409  -0.00232617    -0.00125450  -0.00530909    -0.00125450  -0.00530909
 -0.00125450  -0.00530909     0.00321409  -0.00232617     0.00125450   0.00530909
 -0.00125450  -0.00530909     0.00125450   0.00530909     0.00321409  -0.00232617
    2   11
 -0.01159071  -0.00423671     0.01149067   0.01572310     0.01149067   0.01572310
  0.01149067   0.01572310    -0.01159071  -0.00423671    -0.01149067  -0.01572310
  0.01149067   0.01572310    -0.01149067  -0.01572310    -0.01159071  -0.00423671
    3    1
 -0.01299737   0.01042566    -0.00391582   0.01384819    -0.00391582   0.01384819
 -0.00391582   0.01384819    -0.01299737   0.01042566     0.00391582  -0.01384819
 -0.00391582   0.01384819     0.00391582  -0.01384819    -0.01299737   0.01042566
    3    2
  0.00062399   0.00448883    -0.00364616  -0.00228565    -0.00364616  -0.00228565
 -0.00364616  -0.00228565     0.00062399   0.00448883     0.00364616   0.00228565
 -0.00364616  -0.00228565     0.00364616   0.00228565     0.00062399   0.00448883
    3    3
  0.04535773  -0.00000000    -0.00949401  -0.00000000    -0.00949401  -0.00000000
 -0.00949401  -0.00000000     0.04535773  -0.00000000     0.00949401   0.00000000
 -0.00949401  -0.00000000     0.00949401   0.00000000     0.04535773  -0.00000000
    3    4
 -0.00531360  -0.00896321    -0.01274000   0.00025076    -0.01274000   0.00025076
 -0.01049962  -0.00234314    -0.01101500   0.00055651    -0.00818318  -0.00023080
 -0.01049962  -0.00234314    -0.00818318  -0.00023080    -0.01101500   0.00055651
    3    5
  0.00992948   0.00843682     0.00066107   0.00074318     0.00066107   0.00074318
 -0.00261907   0.00097280     0.00768519  -0.00110400    -0.00233930  -0.00206033
 -0.00261907   0.00097280    -0.00233930  -0.00206033     0.00768519  -0.00110400
    3    6
 -0.01101500   0.00055651    -0.01049962  -0.00234314     0.00818318   0.00023080
 -0.01274000   0.00025076    -0.00531360  -0.00896321     0.01274000  -0.00025076
  0.00818318   0.00023080     0.01049962   0.00234314    -0.01101500   0.00055651
    3    7
  0.00768519  -0.00110400    -0.00261907   0.00097280     0.00233930   0.00206033
  0.00066107   0.00074318     0.00992948   0.00843682    -0.00066107  -0.00074318
  0.00233930   0.00206033     0.00261907  -0.00097280     0.00768519  -0.00110400
    3    8
 -0.01101500   0.00055651     0.00818318   0.00023080    -0.01049962  -0.00234314
  0.00818318   0.00023080    -0.01101500   0.00055651     0.01049962   0.00234314
 -0.01274000   0.00025076     0.01274000  -0.00025076    -0.00531360  -0.00896321
    3    9
  0.00768519  -0.00110400     0.00233930   0.00206033    -0.00261907   0.00097280
  0.00233930   0.00206033     0.00768519  -0.00110400     0.00261907  -0.00097280
  0.00066107   0.00074318    -0.00066107  -0.00074318     0.00992948   0.00843682
    3   10
 -0.01159071   0.00423671     0.01149067  -0.01572310     0.01149067  -0.01572310
  0.01149067  -0.01572310    -0.01159071   0.00423671    -0.01149067   0.01572310
  0.01149067  -0.01572310    -0.01149067   0.01572310    -0.01159071   0.00423671
    3   11
  0.00321409   0.00232617    -0.00125450   0.00530909    -0.00125450   0.00530909
 -0.00125450   0.00530909     0.00321409   0.00232617     0.00125450  -0.00530909
 -0.00125450   0.00530909     0.00125450  -0.00530909     0.00321409   0.00232617
    4    1
 -0.01773919  -0.02548203    -0.00039847  -0.01287099    -0.00039847  -0.01287099
