  1.500000000000000E-002   1.50252848524039        5.64359138813530     
           6

     Dynamical  Matrix in cartesian axes

     q = (    0.235702260   0.000000000   0.000000000 ) 

    1    1
  0.27681104   0.00000000    -0.00000000   0.00000000     0.00000000   0.00000000
  0.00000000   0.00000000     0.11621710   0.00000000     0.00000000   0.00000000
  0.00000000   0.00000000     0.00000000   0.00000000     0.11621710   0.00000000
    1    2
  0.02668638  -0.01540739     0.00000000   0.00000000     0.00000000   0.00000000
 -0.00000000   0.00000000    -0.04114069   0.02375259    -0.00306472  -0.00530825
  0.00000000   0.00000000    -0.00306472  -0.00530825    -0.04114069   0.02375259
    1    3
  0.00000000  -0.03081478     0.00000000  -0.00000000     0.00000000   0.00000000
  0.00000000   0.00000000    -0.00000000   0.04750517     0.00612944   0.00000000
  0.00000000   0.00000000     0.00612944   0.00000000    -0.00000000   0.04750517
    1    4
  0.06426600   0.05847521    -0.01954261  -0.01413869    -0.01954261  -0.01413869
  0.00185294  -0.02071098    -0.00764091  -0.00608009    -0.00958646  -0.02344301
  0.00185294  -0.02071098    -0.00958646  -0.02344301    -0.00764091  -0.00608009
    1    5
 -0.08277402  -0.02641839     0.02201577   0.00985505     0.02201577   0.00985505
  0.01700976  -0.01196018     0.00908596   0.00357718     0.02509547  -0.00341938
  0.01700976  -0.01196018     0.02509547  -0.00341938     0.00908596   0.00357718
    1    6
 -0.08277402  -0.02641839     0.02201577   0.00985505    -0.02201577  -0.00985505
  0.01700976  -0.01196018     0.00908596   0.00357718    -0.02509547   0.00341938
 -0.01700976   0.01196018    -0.02509547   0.00341938     0.00908596   0.00357718
    1    7
  0.06426600   0.05847521    -0.01954261  -0.01413869     0.01954261   0.01413869
  0.00185294  -0.02071098    -0.00764091  -0.00608009     0.00958646   0.02344301
 -0.00185294   0.02071098     0.00958646   0.02344301    -0.00764091  -0.00608009
    1    8
 -0.08277402  -0.02641839    -0.02201577  -0.00985505     0.02201577   0.00985505
 -0.01700976   0.01196018     0.00908596   0.00357718    -0.02509547   0.00341938
  0.01700976  -0.01196018    -0.02509547   0.00341938     0.00908596   0.00357718
    1    9
  0.06426600   0.05847521     0.01954261   0.01413869    -0.01954261  -0.01413869
 -0.00185294   0.02071098    -0.00764091  -0.00608009     0.00958646   0.02344301
  0.00185294  -0.02071098     0.00958646   0.02344301    -0.00764091  -0.00608009
    1   10
  0.06426600   0.05847521     0.01954261   0.01413869     0.01954261   0.01413869
 -0.00185294   0.02071098    -0.00764091  -0.00608009    -0.00958646  -0.02344301
 -0.00185294   0.02071098    -0.00958646  -0.02344301    -0.00764091  -0.00608009
    1   11
 -0.08277402  -0.02641839    -0.02201577  -0.00985505    -0.02201577  -0.00985505
 -0.01700976   0.01196018     0.00908596   0.00357718     0.02509547  -0.00341938
 -0.01700976   0.01196018     0.02509547  -0.00341938     0.00908596   0.00357718
    2    1
  0.02668638   0.01540739    -0.00000000  -0.00000000     0.00000000   0.00000000
  0.00000000  -0.00000000    -0.04114069  -0.02375259    -0.00306472   0.00530825
  0.00000000  -0.00000000    -0.00306472   0.00530825    -0.04114069  -0.02375259
    2    2
  0.09565594   0.00000000     0.00000000  -0.00000000     0.00000000  -0.00000000
  0.00000000   0.00000000     0.06472172  -0.00000000    -0.00000000  -0.00000000
  0.00000000  -0.00000000    -0.00000000  -0.00000000     0.06472172   0.00000000
    2    3
  0.00523615  -0.00906928     0.00000000  -0.00000000    -0.00000000   0.00000000
  0.00000000  -0.00000000     0.00169412  -0.00293431    -0.00296511  -0.00171191
 -0.00000000  -0.00000000    -0.00296511  -0.00171191     0.00169412  -0.00293431
    2    4
 -0.00165713  -0.00554332     0.00173579   0.00749139     0.00173579   0.00749139
 -0.00584583   0.00450267     0.00738604   0.00413896     0.00395141   0.00933085
 -0.00584583   0.00450267     0.00395141   0.00933085     0.00738604   0.00413896
    2    5
 -0.01441364   0.00707407    -0.02133350  -0.00482371    -0.02133350  -0.00482371
 -0.01876079   0.00158462    -0.01355615   0.00179264    -0.02044649  -0.00276198
 -0.01876079   0.00158462    -0.02044649  -0.00276198    -0.01355615   0.00179264
    2    6
  0.00397209   0.00420678    -0.00561984  -0.00524894     0.00561984   0.00524894
 -0.00682234   0.00281130     0.00010857  -0.00846598     0.00610505   0.00808745
  0.00682234  -0.00281130     0.00610505   0.00808745     0.00010857  -0.00846598
    2    7
 -0.01333314   0.00894555    -0.00648929   0.02088721     0.00648929  -0.02088721
 -0.01075271   0.01545501    -0.00833054   0.01084365     0.00783130  -0.01908817
  0.01075271  -0.01545501     0.00783130  -0.01908817    -0.00833054   0.01084365
    2    8
  0.00397209   0.00420678     0.00561984   0.00524894    -0.00561984  -0.00524894
  0.00682234  -0.00281130     0.00010857  -0.00846598     0.00610505   0.00808745
 -0.00682234   0.00281130     0.00610505   0.00808745     0.00010857  -0.00846598
    2    9
 -0.01333314   0.00894555     0.00648929  -0.02088721    -0.00648929   0.02088721
  0.01075271  -0.01545501    -0.00833054   0.01084365     0.00783130  -0.01908817
 -0.01075271   0.01545501     0.00783130  -0.01908817    -0.00833054   0.01084365
    2   10
 -0.00165713  -0.00554332    -0.00173579  -0.00749139    -0.00173579  -0.00749139
  0.00584583  -0.00450267     0.00738604   0.00413896     0.00395141   0.00933085
  0.00584583  -0.00450267     0.00395141   0.00933085     0.00738604   0.00413896
    2   11
 -0.01441364   0.00707407     0.02133350   0.00482371     0.02133350   0.00482371
  0.01876079  -0.00158462    -0.01355615   0.00179264    -0.02044649  -0.00276198
  0.01876079  -0.00158462    -0.02044649  -0.00276198    -0.01355615   0.00179264
    3    1
  0.00000000   0.03081478    -0.00000000   0.00000000    -0.00000000   0.00000000
 -0.00000000   0.00000000    -0.00000000  -0.04750517     0.00612944   0.00000000
  0.00000000  -0.00000000     0.00612944   0.00000000    -0.00000000  -0.04750517
    3    2
  0.00523615   0.00906928     0.00000000   0.00000000    -0.00000000   0.00000000
  0.00000000   0.00000000     0.00169412   0.00293431    -0.00296511   0.00171191
 -0.00000000   0.00000000    -0.00296511   0.00171191     0.00169412   0.00293431
    3    3
  0.09565594  -0.00000000     0.00000000   0.00000000     0.00000000   0.00000000
  0.00000000  -0.00000000     0.06472172   0.00000000    -0.00000000   0.00000000
  0.00000000   0.00000000    -0.00000000   0.00000000     0.06472172  -0.00000000
    3    4
 -0.01441364  -0.00707407    -0.02133350   0.00482371    -0.02133350   0.00482371
 -0.01876079  -0.00158462    -0.01355615  -0.00179264    -0.02044649   0.00276198
 -0.01876079  -0.00158462    -0.02044649   0.00276198    -0.01355615  -0.00179264
    3    5
 -0.00165713   0.00554332     0.00173579  -0.00749139     0.00173579  -0.00749139
 -0.00584583  -0.00450267     0.00738604  -0.00413896     0.00395141  -0.00933085
 -0.00584583  -0.00450267     0.00395141  -0.00933085     0.00738604  -0.00413896
    3    6
 -0.01333314  -0.00894555    -0.00648929  -0.02088721     0.00648929   0.02088721
 -0.01075271  -0.01545501    -0.00833054  -0.01084365     0.00783130   0.01908817
  0.01075271   0.01545501     0.00783130   0.01908817    -0.00833054  -0.01084365
    3    7
  0.00397209  -0.00420678    -0.00561984   0.00524894     0.00561984  -0.00524894
 -0.00682234  -0.00281130     0.00010857   0.00846598     0.00610505  -0.00808745
  0.00682234   0.00281130     0.00610505  -0.00808745     0.00010857   0.00846598
    3    8
 -0.01333314  -0.00894555     0.00648929   0.02088721    -0.00648929  -0.02088721
  0.01075271   0.01545501    -0.00833054  -0.01084365     0.00783130   0.01908817
 -0.01075271  -0.01545501     0.00783130   0.01908817    -0.00833054  -0.01084365
    3    9
  0.00397209  -0.00420678     0.00561984  -0.00524894    -0.00561984   0.00524894
  0.00682234   0.00281130     0.00010857   0.00846598     0.00610505  -0.00808745
 -0.00682234  -0.00281130     0.00610505  -0.00808745     0.00010857   0.00846598
    3   10
 -0.01441364  -0.00707407     0.02133350  -0.00482371     0.02133350  -0.00482371
  0.01876079   0.00158462    -0.01355615  -0.00179264    -0.02044649   0.00276198
  0.01876079   0.00158462    -0.02044649   0.00276198    -0.01355615  -0.00179264
    3   11
 -0.00165713   0.00554332    -0.00173579   0.00749139    -0.00173579   0.00749139
  0.00584583   0.00450267     0.00738604  -0.00413896     0.00395141  -0.00933085
  0.00584583   0.00450267     0.00395141  -0.00933085     0.00738604  -0.00413896
    4    1
  0.06426600  -0.05847521     0.00185294   0.02071098     0.00185294   0.02071098
 -0.01954261   0.01413869    -0.00764091   0.00608009    -0.00958646   0.02344301
 -0.01954261   0.01413869    -0.00958646   0.02344301    -0.00764091   0.00608009
    4    2
 -0.00165713   0.00554332    -0.00584583  -0.00450267    -0.00584583  -0.00450267
  0.00173579  -0.00749139     0.00738604  -0.00413896     0.00395141  -0.00933085
  0.00173579  -0.00749139     0.00395141  -0.00933085     0.00738604  -0.00413896
    4    3
 -0.01441364   0.00707407    -0.01876079   0.00158462    -0.01876079   0.00158462
 -0.02133350  -0.00482371    -0.01355615   0.00179264    -0.02044649  -0.00276198
 -0.02133350  -0.00482371    -0.02044649  -0.00276198    -0.01355615   0.00179264
    4    4
  0.10093620  -0.00000000    -0.00933504  -0.00277125    -0.00933504  -0.00277125
 -0.00933504   0.00277125     0.07636965   0.00000000     0.00229419  -0.00000000
 -0.00933504   0.00277125     0.00229419  -0.00000000     0.07636965  -0.00000000
    4    5
 -0.03934231   0.01109036     0.00938244   0.00440108     0.00938244   0.00440108
  0.00938244   0.00440108    -0.02301716   0.00596806    -0.01222920   0.01096127
  0.00938244   0.00440108    -0.01222920   0.01096127    -0.02301716   0.00596806
    4    6
 -0.03112401   0.01569271     0.02431935  -0.00402956    -0.01370432   0.00021347
  0.02431935  -0.00402956    -0.02020042   0.00207921    -0.00065222  -0.00143786
  0.01370432  -0.00021347     0.00065222   0.00143786     0.02212433  -0.00447755
    4    7
  0.03202365   0.00000000    -0.01560418   0.00071939     0.02055663   0.00160817
 -0.01560418  -0.00071939     0.01896455   0.00000000     0.00786771   0.00323013
 -0.02055663   0.00160817    -0.00786771   0.00323013    -0.05400763  -0.00000000
    4    8
 -0.03112401   0.01569271    -0.01370432   0.00021347     0.02431935  -0.00402956
  0.01370432  -0.00021347     0.02212433  -0.00447755     0.00065222   0.00143786
  0.02431935  -0.00402956    -0.00065222  -0.00143786    -0.02020042   0.00207921
    4    9
  0.03202365   0.00000000     0.02055663   0.00160817    -0.01560418   0.00071939
 -0.02055663   0.00160817    -0.05400763  -0.00000000    -0.00786771   0.00323013
 -0.01560418  -0.00071939     0.00786771   0.00323013     0.01896455   0.00000000
    4   10
  0.04493255   0.00000000     0.01737200  -0.00391347     0.01737200  -0.00391347
 -0.01737200  -0.00391347    -0.01696956   0.00000000     0.01611628   0.00000000
 -0.01737200  -0.00391347     0.01611628   0.00000000    -0.01696956   0.00000000
    4   11
 -0.07872795   0.00135472    -0.02090577   0.00705623    -0.02090577   0.00705623
  0.02090577  -0.00705623     0.01771119   0.00242675    -0.00657510   0.00827434
  0.02090577  -0.00705623    -0.00657510   0.00827434     0.01771119   0.00242675
    5    1
 -0.08277402   0.02641839     0.01700976   0.01196018     0.01700976   0.01196018
  0.02201577  -0.00985505     0.00908596  -0.00357718     0.02509547   0.00341938
  0.02201577  -0.00985505     0.02509547   0.00341938     0.00908596  -0.00357718
    5    2
 -0.01441364  -0.00707407    -0.01876079  -0.00158462    -0.01876079  -0.00158462
 -0.02133350   0.00482371    -0.01355615  -0.00179264    -0.02044649   0.00276198
 -0.02133350   0.00482371    -0.02044649   0.00276198    -0.01355615  -0.00179264
    5    3
 -0.00165713  -0.00554332    -0.00584583   0.00450267    -0.00584583   0.00450267
  0.00173579   0.00749139     0.00738604   0.00413896     0.00395141   0.00933085
  0.00173579   0.00749139     0.00395141   0.00933085     0.00738604   0.00413896
    5    4
 -0.03934231  -0.01109036     0.00938244  -0.00440108     0.00938244  -0.00440108
  0.00938244  -0.00440108    -0.02301716  -0.00596806    -0.01222920  -0.01096127
  0.00938244  -0.00440108    -0.01222920  -0.01096127    -0.02301716  -0.00596806
    5    5
  0.10093620   0.00000000    -0.00933504   0.00277125    -0.00933504   0.00277125
 -0.00933504  -0.00277125     0.07636965  -0.00000000     0.00229419   0.00000000
 -0.00933504  -0.00277125     0.00229419   0.00000000     0.07636965   0.00000000
    5    6
  0.03202365  -0.00000000    -0.01560418  -0.00071939     0.02055663  -0.00160817
 -0.01560418   0.00071939     0.01896455  -0.00000000     0.00786771  -0.00323013
 -0.02055663  -0.00160817    -0.00786771  -0.00323013    -0.05400763   0.00000000
    5    7
 -0.03112401  -0.01569271     0.02431935   0.00402956    -0.01370432  -0.00021347
  0.02431935   0.00402956    -0.02020042  -0.00207921    -0.00065222   0.00143786
  0.01370432   0.00021347     0.00065222  -0.00143786     0.02212433   0.00447755
    5    8
  0.03202365  -0.00000000     0.02055663  -0.00160817    -0.01560418  -0.00071939
 -0.02055663  -0.00160817    -0.05400763   0.00000000    -0.00786771  -0.00323013
 -0.01560418   0.00071939     0.00786771  -0.00323013     0.01896455  -0.00000000
    5    9
 -0.03112401  -0.01569271    -0.01370432  -0.00021347     0.02431935   0.00402956
  0.01370432   0.00021347     0.02212433   0.00447755     0.00065222  -0.00143786
  0.02431935   0.00402956    -0.00065222   0.00143786    -0.02020042  -0.00207921
    5   10
 -0.07872795  -0.00135472    -0.02090577  -0.00705623    -0.02090577  -0.00705623
  0.02090577   0.00705623     0.01771119  -0.00242675    -0.00657510  -0.00827434
  0.02090577   0.00705623    -0.00657510  -0.00827434     0.01771119  -0.00242675
    5   11
  0.04493255  -0.00000000     0.01737200   0.00391347     0.01737200   0.00391347
 -0.01737200   0.00391347    -0.01696956  -0.00000000     0.01611628   0.00000000
 -0.01737200   0.00391347     0.01611628  -0.00000000    -0.01696956   0.00000000
    6    1
 -0.08277402   0.02641839     0.01700976   0.01196018    -0.01700976  -0.01196018
  0.02201577  -0.00985505     0.00908596  -0.00357718    -0.02509547  -0.00341938
 -0.02201577   0.00985505    -0.02509547  -0.00341938     0.00908596  -0.00357718
    6    2
  0.00397209  -0.00420678    -0.00682234  -0.00281130     0.00682234   0.00281130
 -0.00561984   0.00524894     0.00010857   0.00846598     0.00610505  -0.00808745
  0.00561984  -0.00524894     0.00610505  -0.00808745     0.00010857   0.00846598
    6    3
 -0.01333314   0.00894555    -0.01075271   0.01545501     0.01075271  -0.01545501
 -0.00648929   0.02088721    -0.00833054   0.01084365     0.00783130  -0.01908817
  0.00648929  -0.02088721     0.00783130  -0.01908817    -0.00833054   0.01084365
    6    4
 -0.03112401  -0.01569271     0.02431935   0.00402956     0.01370432   0.00021347
  0.02431935   0.00402956    -0.02020042  -0.00207921     0.00065222  -0.00143786
 -0.01370432  -0.00021347    -0.00065222   0.00143786     0.02212433   0.00447755
    6    5
  0.03202365   0.00000000    -0.01560418  -0.00071939    -0.02055663   0.00160817
 -0.01560418   0.00071939     0.01896455   0.00000000    -0.00786771   0.00323013
  0.02055663   0.00160817     0.00786771   0.00323013    -0.05400763  -0.00000000
    6    6
  0.10093620   0.00000000    -0.00933504   0.00277125     0.00933504  -0.00277125
 -0.00933504  -0.00277125     0.07636965  -0.00000000    -0.00229419  -0.00000000
  0.00933504   0.00277125    -0.00229419  -0.00000000     0.07636965  -0.00000000
    6    7
 -0.03934231  -0.01109036     0.00938244  -0.00440108    -0.00938244   0.00440108
  0.00938244  -0.00440108    -0.02301716  -0.00596806     0.01222920   0.01096127
 -0.00938244   0.00440108     0.01222920   0.01096127    -0.02301716  -0.00596806
    6    8
  0.04493255  -0.00000000     0.01737200   0.00391347    -0.01737200  -0.00391347
 -0.01737200   0.00391347    -0.01696956   0.00000000    -0.01611628   0.00000000
  0.01737200  -0.00391347    -0.01611628   0.00000000    -0.01696956   0.00000000
    6    9
 -0.07872795  -0.00135472    -0.02090577  -0.00705623     0.02090577   0.00705623
  0.02090577   0.00705623     0.01771119  -0.00242675     0.00657510   0.00827434
 -0.02090577  -0.00705623     0.00657510   0.00827434     0.01771119  -0.00242675
    6   10
 -0.03112401  -0.01569271    -0.01370432  -0.00021347    -0.02431935  -0.00402956
  0.01370432   0.00021347     0.02212433   0.00447755    -0.00065222   0.00143786
 -0.02431935  -0.00402956     0.00065222  -0.00143786    -0.02020042  -0.00207921
    6   11
  0.03202365   0.00000000     0.02055663  -0.00160817     0.01560418   0.00071939
 -0.02055663  -0.00160817    -0.05400763  -0.00000000     0.00786771   0.00323013
  0.01560418  -0.00071939    -0.00786771   0.00323013     0.01896455   0.00000000
    7    1
  0.06426600  -0.05847521     0.00185294   0.02071098    -0.00185294  -0.02071098
 -0.01954261   0.01413869    -0.00764091   0.00608009     0.00958646  -0.02344301
  0.01954261  -0.01413869     0.00958646  -0.02344301    -0.00764091   0.00608009
    7    2
 -0.01333314  -0.00894555    -0.01075271  -0.01545501     0.01075271   0.01545501
 -0.00648929  -0.02088721    -0.00833054  -0.01084365     0.00783130   0.01908817
  0.00648929   0.02088721     0.00783130   0.01908817    -0.00833054  -0.01084365
    7    3
  0.00397209   0.00420678    -0.00682234   0.00281130     0.00682234  -0.00281130
 -0.00561984  -0.00524894     0.00010857  -0.00846598     0.00610505   0.00808745
  0.00561984   0.00524894     0.00610505   0.00808745     0.00010857  -0.00846598
    7    4
  0.03202365  -0.00000000    -0.01560418   0.00071939    -0.02055663  -0.00160817
 -0.01560418  -0.00071939     0.01896455  -0.00000000    -0.00786771  -0.00323013
  0.02055663  -0.00160817     0.00786771  -0.00323013    -0.05400763   0.00000000
    7    5
 -0.03112401   0.01569271     0.02431935  -0.00402956     0.01370432  -0.00021347
  0.02431935  -0.00402956    -0.02020042   0.00207921     0.00065222   0.00143786
 -0.01370432   0.00021347    -0.00065222  -0.00143786     0.02212433  -0.00447755
    7    6
 -0.03934231   0.01109036     0.00938244   0.00440108    -0.00938244  -0.00440108
  0.00938244   0.00440108    -0.02301716   0.00596806     0.01222920  -0.01096127
 -0.00938244  -0.00440108     0.01222920  -0.01096127    -0.02301716   0.00596806
    7    7
  0.10093620  -0.00000000    -0.00933504  -0.00277125     0.00933504   0.00277125
 -0.00933504   0.00277125     0.07636965   0.00000000    -0.00229419   0.00000000
  0.00933504  -0.00277125    -0.00229419   0.00000000     0.07636965   0.00000000
    7    8
 -0.07872795   0.00135472    -0.02090577   0.00705623     0.02090577  -0.00705623
  0.02090577  -0.00705623     0.01771119   0.00242675     0.00657510  -0.00827434
 -0.02090577   0.00705623     0.00657510  -0.00827434     0.01771119   0.00242675
    7    9
  0.04493255   0.00000000     0.01737200  -0.00391347    -0.01737200   0.00391347
 -0.01737200  -0.00391347    -0.01696956   0.00000000    -0.01611628   0.00000000
  0.01737200   0.00391347    -0.01611628   0.00000000    -0.01696956   0.00000000
    7   10
  0.03202365  -0.00000000     0.02055663   0.00160817     0.01560418  -0.00071939
 -0.02055663   0.00160817    -0.05400763   0.00000000     0.00786771  -0.00323013
  0.01560418   0.00071939    -0.00786771  -0.00323013     0.01896455  -0.00000000
    7   11
 -0.03112401   0.01569271    -0.01370432   0.00021347    -0.02431935   0.00402956
  0.01370432  -0.00021347     0.02212433  -0.00447755    -0.00065222  -0.00143786
 -0.02431935   0.00402956     0.00065222   0.00143786    -0.02020042   0.00207921
    8    1
 -0.08277402   0.02641839    -0.01700976  -0.01196018     0.01700976   0.01196018
 -0.02201577   0.00985505     0.00908596  -0.00357718    -0.02509547  -0.00341938
  0.02201577  -0.00985505    -0.02509547  -0.00341938     0.00908596  -0.00357718
    8    2
  0.00397209  -0.00420678     0.00682234   0.00281130    -0.00682234  -0.00281130
  0.00561984  -0.00524894     0.00010857   0.00846598     0.00610505  -0.00808745
 -0.00561984   0.00524894     0.00610505  -0.00808745     0.00010857   0.00846598
    8    3
 -0.01333314   0.00894555     0.01075271  -0.01545501    -0.01075271   0.01545501
  0.00648929  -0.02088721    -0.00833054   0.01084365     0.00783130  -0.01908817
 -0.00648929   0.02088721     0.00783130  -0.01908817    -0.00833054   0.01084365
    8    4
 -0.03112401  -0.01569271     0.01370432   0.00021347     0.02431935   0.00402956
 -0.01370432  -0.00021347     0.02212433   0.00447755    -0.00065222   0.00143786
  0.02431935   0.00402956     0.00065222  -0.00143786    -0.02020042  -0.00207921
    8    5
  0.03202365   0.00000000    -0.02055663   0.00160817    -0.01560418  -0.00071939
  0.02055663   0.00160817    -0.05400763  -0.00000000     0.00786771   0.00323013
 -0.01560418   0.00071939    -0.00786771   0.00323013     0.01896455   0.00000000
    8    6
  0.04493255  -0.00000000    -0.01737200  -0.00391347     0.01737200   0.00391347
  0.01737200  -0.00391347    -0.01696956   0.00000000    -0.01611628   0.00000000
 -0.01737200   0.00391347    -0.01611628   0.00000000    -0.01696956   0.00000000
    8    7
 -0.07872795  -0.00135472     0.02090577   0.00705623    -0.02090577  -0.00705623
 -0.02090577  -0.00705623     0.01771119  -0.00242675     0.00657510   0.00827434
  0.02090577   0.00705623     0.00657510   0.00827434     0.01771119  -0.00242675
    8    8
  0.10093620  -0.00000000     0.00933504  -0.00277125    -0.00933504   0.00277125
  0.00933504   0.00277125     0.07636965   0.00000000    -0.00229419  -0.00000000
 -0.00933504  -0.00277125    -0.00229419  -0.00000000     0.07636965   0.00000000
    8    9
 -0.03934231  -0.01109036    -0.00938244   0.00440108     0.00938244  -0.00440108
 -0.00938244   0.00440108    -0.02301716  -0.00596806     0.01222920   0.01096127
  0.00938244  -0.00440108     0.01222920   0.01096127    -0.02301716  -0.00596806
    8   10
 -0.03112401  -0.01569271    -0.02431935  -0.00402956    -0.01370432  -0.00021347
 -0.02431935  -0.00402956    -0.02020042  -0.00207921     0.00065222  -0.00143786
  0.01370432   0.00021347    -0.00065222   0.00143786     0.02212433   0.00447755
    8   11
  0.03202365   0.00000000     0.01560418   0.00071939     0.02055663  -0.00160817
  0.01560418  -0.00071939     0.01896455   0.00000000    -0.00786771   0.00323013
 -0.02055663  -0.00160817     0.00786771   0.00323013    -0.05400763  -0.00000000
    9    1
  0.06426600  -0.05847521    -0.00185294  -0.02071098     0.00185294   0.02071098
  0.01954261  -0.01413869    -0.00764091   0.00608009     0.00958646  -0.02344301
 -0.01954261   0.01413869     0.00958646  -0.02344301    -0.00764091   0.00608009
    9    2
 -0.01333314  -0.00894555     0.01075271   0.01545501    -0.01075271  -0.01545501
  0.00648929   0.02088721    -0.00833054  -0.01084365     0.00783130   0.01908817
 -0.00648929  -0.02088721     0.00783130   0.01908817    -0.00833054  -0.01084365
    9    3
  0.00397209   0.00420678     0.00682234  -0.00281130    -0.00682234   0.00281130
  0.00561984   0.00524894     0.00010857  -0.00846598     0.00610505   0.00808745
 -0.00561984  -0.00524894     0.00610505   0.00808745     0.00010857  -0.00846598
    9    4
  0.03202365  -0.00000000    -0.02055663  -0.00160817    -0.01560418   0.00071939
  0.02055663  -0.00160817    -0.05400763   0.00000000     0.00786771  -0.00323013
 -0.01560418  -0.00071939    -0.00786771  -0.00323013     0.01896455  -0.00000000
    9    5
 -0.03112401   0.01569271     0.01370432  -0.00021347     0.02431935  -0.00402956
 -0.01370432   0.00021347     0.02212433  -0.00447755    -0.00065222  -0.00143786
  0.02431935  -0.00402956     0.00065222   0.00143786    -0.02020042   0.00207921
    9    6
 -0.07872795   0.00135472     0.02090577  -0.00705623    -0.02090577   0.00705623
 -0.02090577   0.00705623     0.01771119   0.00242675     0.00657510  -0.00827434
  0.02090577  -0.00705623     0.00657510  -0.00827434     0.01771119   0.00242675
    9    7
  0.04493255   0.00000000    -0.01737200   0.00391347     0.01737200  -0.00391347
  0.01737200   0.00391347    -0.01696956   0.00000000    -0.01611628   0.00000000
 -0.01737200  -0.00391347    -0.01611628   0.00000000    -0.01696956   0.00000000
    9    8
 -0.03934231   0.01109036    -0.00938244  -0.00440108     0.00938244   0.00440108
 -0.00938244  -0.00440108    -0.02301716   0.00596806     0.01222920  -0.01096127
  0.00938244   0.00440108     0.01222920  -0.01096127    -0.02301716   0.00596806
    9    9
  0.10093620   0.00000000     0.00933504   0.00277125    -0.00933504  -0.00277125
  0.00933504  -0.00277125     0.07636965  -0.00000000    -0.00229419   0.00000000
 -0.00933504   0.00277125    -0.00229419   0.00000000     0.07636965  -0.00000000
    9   10
  0.03202365  -0.00000000     0.01560418  -0.00071939     0.02055663   0.00160817
  0.01560418   0.00071939     0.01896455  -0.00000000    -0.00786771  -0.00323013
 -0.02055663   0.00160817     0.00786771  -0.00323013    -0.05400763   0.00000000
    9   11
 -0.03112401   0.01569271    -0.02431935   0.00402956    -0.01370432   0.00021347
 -0.02431935   0.00402956    -0.02020042   0.00207921     0.00065222   0.00143786
  0.01370432  -0.00021347    -0.00065222  -0.00143786     0.02212433  -0.00447755
   10    1
  0.06426600  -0.05847521    -0.00185294  -0.02071098    -0.00185294  -0.02071098
  0.01954261  -0.01413869    -0.00764091   0.00608009    -0.00958646   0.02344301
  0.01954261  -0.01413869    -0.00958646   0.02344301    -0.00764091   0.00608009
   10    2
 -0.00165713   0.00554332     0.00584583   0.00450267     0.00584583   0.00450267
 -0.00173579   0.00749139     0.00738604  -0.00413896     0.00395141  -0.00933085
 -0.00173579   0.00749139     0.00395141  -0.00933085     0.00738604  -0.00413896
   10    3
 -0.01441364   0.00707407     0.01876079  -0.00158462     0.01876079  -0.00158462
  0.02133350   0.00482371    -0.01355615   0.00179264    -0.02044649  -0.00276198
  0.02133350   0.00482371    -0.02044649  -0.00276198    -0.01355615   0.00179264
   10    4
  0.04493255   0.00000000    -0.01737200   0.00391347    -0.01737200   0.00391347
  0.01737200   0.00391347    -0.01696956   0.00000000     0.01611628  -0.00000000
  0.01737200   0.00391347     0.01611628   0.00000000    -0.01696956   0.00000000
   10    5
 -0.07872795   0.00135472     0.02090577  -0.00705623     0.02090577  -0.00705623
 -0.02090577   0.00705623     0.01771119   0.00242675    -0.00657510   0.00827434
 -0.02090577   0.00705623    -0.00657510   0.00827434     0.01771119   0.00242675
   10    6
 -0.03112401   0.01569271     0.01370432  -0.00021347    -0.02431935   0.00402956
 -0.01370432   0.00021347     0.02212433  -0.00447755     0.00065222   0.00143786
 -0.02431935   0.00402956    -0.00065222  -0.00143786    -0.02020042   0.00207921
   10    7
  0.03202365   0.00000000    -0.02055663  -0.00160817     0.01560418  -0.00071939
  0.02055663  -0.00160817    -0.05400763  -0.00000000    -0.00786771   0.00323013
  0.01560418   0.00071939     0.00786771   0.00323013     0.01896455   0.00000000
   10    8
 -0.03112401   0.01569271    -0.02431935   0.00402956     0.01370432  -0.00021347
 -0.02431935   0.00402956    -0.02020042   0.00207921    -0.00065222  -0.00143786
 -0.01370432   0.00021347     0.00065222   0.00143786     0.02212433  -0.00447755
   10    9
  0.03202365   0.00000000     0.01560418  -0.00071939    -0.02055663  -0.00160817
  0.01560418   0.00071939     0.01896455   0.00000000     0.00786771   0.00323013
  0.02055663  -0.00160817    -0.00786771   0.00323013    -0.05400763  -0.00000000
   10   10
  0.10093620  -0.00000000     0.00933504   0.00277125     0.00933504   0.00277125
  0.00933504  -0.00277125     0.07636965  -0.00000000     0.00229419  -0.00000000
  0.00933504  -0.00277125     0.00229419  -0.00000000     0.07636965  -0.00000000
   10   11
 -0.03934231   0.01109036    -0.00938244  -0.00440108    -0.00938244  -0.00440108
 -0.00938244  -0.00440108    -0.02301716   0.00596806    -0.01222920   0.01096127
 -0.00938244  -0.00440108    -0.01222920   0.01096127    -0.02301716   0.00596806
   11    1
 -0.08277402   0.02641839    -0.01700976  -0.01196018    -0.01700976  -0.01196018
 -0.02201577   0.00985505     0.00908596  -0.00357718     0.02509547   0.00341938
 -0.02201577   0.00985505     0.02509547   0.00341938     0.00908596  -0.00357718
   11    2
 -0.01441364  -0.00707407     0.01876079   0.00158462     0.01876079   0.00158462
  0.02133350  -0.00482371    -0.01355615  -0.00179264    -0.02044649   0.00276198
  0.02133350  -0.00482371    -0.02044649   0.00276198    -0.01355615  -0.00179264
   11    3
 -0.00165713  -0.00554332     0.00584583  -0.00450267     0.00584583  -0.00450267
 -0.00173579  -0.00749139     0.00738604   0.00413896     0.00395141   0.00933085
 -0.00173579  -0.00749139     0.00395141   0.00933085     0.00738604   0.00413896
   11    4
 -0.07872795  -0.00135472     0.02090577   0.00705623     0.02090577   0.00705623
 -0.02090577  -0.00705623     0.01771119  -0.00242675    -0.00657510  -0.00827434
 -0.02090577  -0.00705623    -0.00657510  -0.00827434     0.01771119  -0.00242675
   11    5
  0.04493255  -0.00000000    -0.01737200  -0.00391347    -0.01737200  -0.00391347
  0.01737200  -0.00391347    -0.01696956  -0.00000000     0.01611628   0.00000000
  0.01737200  -0.00391347     0.01611628  -0.00000000    -0.01696956  -0.00000000
   11    6
  0.03202365  -0.00000000    -0.02055663   0.00160817     0.01560418   0.00071939
  0.02055663   0.00160817    -0.05400763   0.00000000    -0.00786771  -0.00323013
  0.01560418  -0.00071939     0.00786771  -0.00323013     0.01896455  -0.00000000
   11    7
 -0.03112401  -0.01569271     0.01370432   0.00021347    -0.02431935  -0.00402956
 -0.01370432  -0.00021347     0.02212433   0.00447755     0.00065222  -0.00143786
 -0.02431935  -0.00402956    -0.00065222   0.00143786    -0.02020042  -0.00207921
   11    8
  0.03202365  -0.00000000     0.01560418   0.00071939    -0.02055663   0.00160817
  0.01560418  -0.00071939     0.01896455  -0.00000000     0.00786771  -0.00323013
  0.02055663   0.00160817    -0.00786771  -0.00323013    -0.05400763   0.00000000
   11    9
 -0.03112401  -0.01569271    -0.02431935  -0.00402956     0.01370432   0.00021347
 -0.02431935  -0.00402956    -0.02020042  -0.00207921    -0.00065222   0.00143786
 -0.01370432  -0.00021347     0.00065222  -0.00143786     0.02212433   0.00447755
   11   10
 -0.03934231  -0.01109036    -0.00938244   0.00440108    -0.00938244   0.00440108
 -0.00938244   0.00440108    -0.02301716  -0.00596806    -0.01222920  -0.01096127
 -0.00938244   0.00440108    -0.01222920  -0.01096127    -0.02301716  -0.00596806
   11   11
  0.10093620   0.00000000     0.00933504  -0.00277125     0.00933504  -0.00277125
  0.00933504   0.00277125     0.07636965   0.00000000     0.00229419   0.00000000
  0.00933504   0.00277125     0.00229419   0.00000000     0.07636965   0.00000000

     Dynamical  Matrix in cartesian axes

     q = (   -0.235702260   0.000000000   0.000000000 ) 

    1    1
  0.27681104   0.00000000     0.00000000   0.00000000     0.00000000   0.00000000
  0.00000000   0.00000000     0.11621710   0.00000000     0.00000000   0.00000000
 -0.00000000   0.00000000     0.00000000   0.00000000     0.11621710   0.00000000
    1    2
  0.02668638   0.01540739    -0.00000000   0.00000000     0.00000000   0.00000000
  0.00000000   0.00000000    -0.04114069  -0.02375259    -0.00306472   0.00530825
  0.00000000  -0.00000000    -0.00306472   0.00530825    -0.04114069  -0.02375259
    1    3
  0.00000000   0.03081478    -0.00000000   0.00000000     0.00000000   0.00000000
 -0.00000000   0.00000000    -0.00000000  -0.04750517     0.00612944  -0.00000000
  0.00000000   0.00000000     0.00612944  -0.00000000    -0.00000000  -0.04750517
    1    4
  0.06426600  -0.05847521    -0.01954261   0.01413869    -0.01954261   0.01413869
  0.00185294   0.02071098    -0.00764091   0.00608009    -0.00958646   0.02344301
  0.00185294   0.02071098    -0.00958646   0.02344301    -0.00764091   0.00608009
    1    5
 -0.08277402   0.02641839     0.02201577  -0.00985505     0.02201577  -0.00985505
  0.01700976   0.01196018     0.00908596  -0.00357718     0.02509547   0.00341938
  0.01700976   0.01196018     0.02509547   0.00341938     0.00908596  -0.00357718
    1    6
 -0.08277402   0.02641839     0.02201577  -0.00985505    -0.02201577   0.00985505
  0.01700976   0.01196018     0.00908596  -0.00357718    -0.02509547  -0.00341938
 -0.01700976  -0.01196018    -0.02509547  -0.00341938     0.00908596  -0.00357718
    1    7
  0.06426600  -0.05847521    -0.01954261   0.01413869     0.01954261  -0.01413869
  0.00185294   0.02071098    -0.00764091   0.00608009     0.00958646  -0.02344301
 -0.00185294  -0.02071098     0.00958646  -0.02344301    -0.00764091   0.00608009
    1    8
 -0.08277402   0.02641839    -0.02201577   0.00985505     0.02201577  -0.00985505
 -0.01700976  -0.01196018     0.00908596  -0.00357718    -0.02509547  -0.00341938
  0.01700976   0.01196018    -0.02509547  -0.00341938     0.00908596  -0.00357718
    1    9
  0.06426600  -0.05847521     0.01954261  -0.01413869    -0.01954261   0.01413869
 -0.00185294  -0.02071098    -0.00764091   0.00608009     0.00958646  -0.02344301
  0.00185294   0.02071098     0.00958646  -0.02344301    -0.00764091   0.00608009
    1   10
  0.06426600  -0.05847521     0.01954261  -0.01413869     0.01954261  -0.01413869
 -0.00185294  -0.02071098    -0.00764091   0.00608009    -0.00958646   0.02344301
 -0.00185294  -0.02071098    -0.00958646   0.02344301    -0.00764091   0.00608009
    1   11
 -0.08277402   0.02641839    -0.02201577   0.00985505    -0.02201577   0.00985505
 -0.01700976  -0.01196018     0.00908596  -0.00357718     0.02509547   0.00341938
 -0.01700976  -0.01196018     0.02509547   0.00341938     0.00908596  -0.00357718
    2    1
  0.02668638  -0.01540739    -0.00000000   0.00000000     0.00000000   0.00000000
 -0.00000000   0.00000000    -0.04114069   0.02375259    -0.00306472  -0.00530825
  0.00000000   0.00000000    -0.00306472  -0.00530825    -0.04114069   0.02375259
    2    2
  0.09565594   0.00000000     0.00000000  -0.00000000     0.00000000  -0.00000000
  0.00000000   0.00000000     0.06472172   0.00000000    -0.00000000   0.00000000
 -0.00000000  -0.00000000    -0.00000000   0.00000000     0.06472172   0.00000000
    2    3
  0.00523615   0.00906928     0.00000000   0.00000000    -0.00000000  -0.00000000
 -0.00000000   0.00000000     0.00169412   0.00293431    -0.00296511   0.00171191
  0.00000000  -0.00000000    -0.00296511   0.00171191     0.00169412   0.00293431
    2    4
 -0.00165713   0.00554332     0.00173579  -0.00749139     0.00173579  -0.00749139
 -0.00584583  -0.00450267     0.00738604  -0.00413896     0.00395141  -0.00933085
 -0.00584583  -0.00450267     0.00395141  -0.00933085     0.00738604  -0.00413896
    2    5
 -0.01441364  -0.00707407    -0.02133350   0.00482371    -0.02133350   0.00482371
 -0.01876079  -0.00158462    -0.01355615  -0.00179264    -0.02044649   0.00276198
 -0.01876079  -0.00158462    -0.02044649   0.00276198    -0.01355615  -0.00179264
    2    6
  0.00397209  -0.00420678    -0.00561984   0.00524894     0.00561984  -0.00524894
 -0.00682234  -0.00281130     0.00010857   0.00846598     0.00610505  -0.00808745
  0.00682234   0.00281130     0.00610505  -0.00808745     0.00010857   0.00846598
    2    7
 -0.01333314  -0.00894555    -0.00648929  -0.02088721     0.00648929   0.02088721
 -0.01075271  -0.01545501    -0.00833054  -0.01084365     0.00783130   0.01908817
  0.01075271   0.01545501     0.00783130   0.01908817    -0.00833054  -0.01084365
    2    8
  0.00397209  -0.00420678     0.00561984  -0.00524894    -0.00561984   0.00524894
  0.00682234   0.00281130     0.00010857   0.00846598     0.00610505  -0.00808745
 -0.00682234  -0.00281130     0.00610505  -0.00808745     0.00010857   0.00846598
    2    9
 -0.01333314  -0.00894555     0.00648929   0.02088721    -0.00648929  -0.02088721
  0.01075271   0.01545501    -0.00833054  -0.01084365     0.00783130   0.01908817
 -0.01075271  -0.01545501     0.00783130   0.01908817    -0.00833054  -0.01084365
    2   10
 -0.00165713   0.00554332    -0.00173579   0.00749139    -0.00173579   0.00749139
  0.00584583   0.00450267     0.00738604  -0.00413896     0.00395141  -0.00933085
  0.00584583   0.00450267     0.00395141  -0.00933085     0.00738604  -0.00413896
    2   11
 -0.01441364  -0.00707407     0.02133350  -0.00482371     0.02133350  -0.00482371
  0.01876079   0.00158462    -0.01355615  -0.00179264    -0.02044649   0.00276198
  0.01876079   0.00158462    -0.02044649   0.00276198    -0.01355615  -0.00179264
    3    1
  0.00000000  -0.03081478    -0.00000000   0.00000000     0.00000000  -0.00000000
 -0.00000000   0.00000000    -0.00000000   0.04750517     0.00612944   0.00000000
  0.00000000   0.00000000     0.00612944   0.00000000    -0.00000000   0.04750517
    3    2
  0.00523615  -0.00906928     0.00000000  -0.00000000    -0.00000000   0.00000000
 -0.00000000   0.00000000     0.00169412  -0.00293431    -0.00296511  -0.00171191
  0.00000000   0.00000000    -0.00296511  -0.00171191     0.00169412  -0.00293431
    3    3
  0.09565594  -0.00000000     0.00000000   0.00000000     0.00000000   0.00000000
  0.00000000  -0.00000000     0.06472172  -0.00000000    -0.00000000  -0.00000000
 -0.00000000   0.00000000    -0.00000000  -0.00000000     0.06472172  -0.00000000
    3    4
 -0.01441364   0.00707407    -0.02133350  -0.00482371    -0.02133350  -0.00482371
 -0.01876079   0.00158462    -0.01355615   0.00179264    -0.02044649  -0.00276198
 -0.01876079   0.00158462    -0.02044649  -0.00276198    -0.01355615   0.00179264
    3    5
 -0.00165713  -0.00554332     0.00173579   0.00749139     0.00173579   0.00749139
 -0.00584583   0.00450267     0.00738604   0.00413896     0.00395141   0.00933085
 -0.00584583   0.00450267     0.00395141   0.00933085     0.00738604   0.00413896
    3    6
 -0.01333314   0.00894555    -0.00648929   0.02088721     0.00648929  -0.02088721
 -0.01075271   0.01545501    -0.00833054   0.01084365     0.00783130  -0.01908817
  0.01075271  -0.01545501     0.00783130  -0.01908817    -0.00833054   0.01084365
    3    7
  0.00397209   0.00420678    -0.00561984  -0.00524894     0.00561984   0.00524894
 -0.00682234   0.00281130     0.00010857  -0.00846598     0.00610505   0.00808745
  0.00682234  -0.00281130     0.00610505   0.00808745     0.00010857  -0.00846598
    3    8
 -0.01333314   0.00894555     0.00648929  -0.02088721    -0.00648929   0.02088721
  0.01075271  -0.01545501    -0.00833054   0.01084365     0.00783130  -0.01908817
 -0.01075271   0.01545501     0.00783130  -0.01908817    -0.00833054   0.01084365
    3    9
  0.00397209   0.00420678     0.00561984   0.00524894    -0.00561984  -0.00524894
  0.00682234  -0.00281130     0.00010857  -0.00846598     0.00610505   0.00808745
 -0.00682234   0.00281130     0.00610505   0.00808745     0.00010857  -0.00846598
    3   10
 -0.01441364   0.00707407     0.02133350   0.00482371     0.02133350   0.00482371
  0.01876079  -0.00158462    -0.01355615   0.00179264    -0.02044649  -0.00276198
  0.01876079  -0.00158462    -0.02044649  -0.00276198    -0.01355615   0.00179264
    3   11
 -0.00165713  -0.00554332    -0.00173579  -0.00749139    -0.00173579  -0.00749139
  0.00584583  -0.00450267     0.00738604   0.00413896     0.00395141   0.00933085
  0.00584583  -0.00450267     0.00395141   0.00933085     0.00738604   0.00413896
    4    1
  0.06426600   0.05847521     0.00185294  -0.02071098     0.00185294  -0.02071098
