  3.000000000000000E-002   1.50258710658322        5.61113919275752     
           8

     Dynamical  Matrix in cartesian axes

     q = (    0.235702260   0.235702260  -0.235702260 ) 

    1    1
  0.21961064   0.00000000     0.06763604   0.00000000    -0.06763604   0.00000000
  0.06763604   0.00000000     0.21961064   0.00000000    -0.06763604   0.00000000
 -0.06763604   0.00000000    -0.06763604   0.00000000     0.21961064   0.00000000
    1    2
  0.00056103   0.02491225     0.02712420   0.00048821    -0.02712420  -0.00048821
  0.02712420   0.00048821     0.00056103   0.02491225    -0.02712420  -0.00048821
 -0.02712420  -0.00048821    -0.02712420  -0.00048821     0.00056103   0.02491225
    1    3
 -0.02185516   0.01197026    -0.01398490  -0.02324614     0.01398490   0.02324614
 -0.01398490  -0.02324614    -0.02185516   0.01197026     0.01398490   0.02324614
  0.01398490   0.02324614     0.01398490   0.02324614    -0.02185516   0.01197026
    1    4
  0.03723289   0.02167536     0.01025880  -0.01016046    -0.00792172  -0.00805759
  0.01025880  -0.01016046     0.03723289   0.02167536    -0.00792172  -0.00805759
  0.00197791  -0.01925278     0.00197791  -0.01925278    -0.02966930  -0.01328786
    1    5
 -0.03738785  -0.02140695     0.00366982  -0.01396461     0.01093893   0.00283162
  0.00366982  -0.01396461    -0.03738785  -0.02140695     0.01093893   0.00283162
  0.01568444  -0.01133931     0.01568444  -0.01133931     0.02634227   0.01905044
    1    6
 -0.03143543  -0.01026313     0.00805153   0.00870674    -0.00805153  -0.00870674
  0.00805153   0.00870674    -0.03143543  -0.01026313    -0.00805153  -0.00870674
 -0.00805153  -0.00870674    -0.00805153  -0.00870674    -0.03143543  -0.01026313
    1    7
  0.02460585   0.02209232    -0.01156602  -0.00261946     0.01156602   0.00261946
 -0.01156602  -0.00261946     0.02460585   0.02209232     0.01156602   0.00261946
  0.01156602   0.00261946     0.01156602   0.00261946     0.02460585   0.02209232
    1    8
 -0.02966930  -0.01328786    -0.00197791   0.01925278     0.00197791  -0.01925278
  0.00792172   0.00805759     0.03723289   0.02167536    -0.01025880   0.01016046
 -0.00792172  -0.00805759    -0.01025880   0.01016046     0.03723289   0.02167536
    1    9
  0.02634227   0.01905044    -0.01568444   0.01133931     0.01568444  -0.01133931
 -0.01093893  -0.00283162    -0.03738785  -0.02140695    -0.00366982   0.01396461
  0.01093893   0.00283162    -0.00366982   0.01396461    -0.03738785  -0.02140695
    1   10
  0.03723289   0.02167536     0.00792172   0.00805759    -0.01025880   0.01016046
 -0.00197791   0.01925278    -0.02966930  -0.01328786     0.00197791  -0.01925278
 -0.01025880   0.01016046    -0.00792172  -0.00805759     0.03723289   0.02167536
    1   11
 -0.03738785  -0.02140695    -0.01093893  -0.00283162    -0.00366982   0.01396461
 -0.01568444   0.01133931     0.02634227   0.01905044     0.01568444  -0.01133931
 -0.00366982   0.01396461     0.01093893   0.00283162    -0.03738785  -0.02140695
    2    1
  0.00056103  -0.02491225     0.02712420  -0.00048821    -0.02712420   0.00048821
  0.02712420  -0.00048821     0.00056103  -0.02491225    -0.02712420   0.00048821
 -0.02712420   0.00048821    -0.02712420   0.00048821     0.00056103  -0.02491225
    2    2
  0.06971003  -0.00000000     0.00075829  -0.00000000    -0.00075829   0.00000000
  0.00075829  -0.00000000     0.06971003  -0.00000000    -0.00075829   0.00000000
 -0.00075829   0.00000000    -0.00075829   0.00000000     0.06971003  -0.00000000
    2    3
 -0.00362299   0.00227926    -0.00106890   0.00153800     0.00106890  -0.00153800
 -0.00106890   0.00153800    -0.00362299   0.00227926     0.00106890  -0.00153800
  0.00106890  -0.00153800     0.00106890  -0.00153800    -0.00362299   0.00227926
    2    4
  0.01481438  -0.00476443    -0.00016280  -0.00057748     0.00251025   0.00785942
 -0.00016280  -0.00057748     0.01481438  -0.00476443     0.00251025   0.00785942
 -0.00200225   0.00020203    -0.00200225   0.00020203     0.00801280   0.01034308
    2    5
 -0.01896290   0.00556361    -0.01311607  -0.00173192    -0.01458232  -0.00403065
 -0.01311607  -0.00173192    -0.01896290   0.00556361    -0.01458232  -0.00403065
 -0.02164363   0.00173087    -0.02164363   0.00173087    -0.02095371  -0.00272345
    2    6
  0.00751560  -0.00163417     0.00259860  -0.00504018    -0.00259860   0.00504018
  0.00259860  -0.00504018     0.00751560  -0.00163417    -0.00259860   0.00504018
 -0.00259860   0.00504018    -0.00259860   0.00504018     0.00751560  -0.00163417
    2    7
  0.00470097   0.00932539     0.00745231   0.02403675    -0.00745231  -0.02403675
  0.00745231   0.02403675     0.00470097   0.00932539    -0.00745231  -0.02403675
 -0.00745231  -0.02403675    -0.00745231  -0.02403675     0.00470097   0.00932539
    2    8
  0.00801280   0.01034308     0.00200225  -0.00020203    -0.00200225   0.00020203
 -0.00251025  -0.00785942     0.01481438  -0.00476443     0.00016280   0.00057748
  0.00251025   0.00785942     0.00016280   0.00057748     0.01481438  -0.00476443
    2    9
 -0.02095371  -0.00272345     0.02164363  -0.00173087    -0.02164363   0.00173087
  0.01458232   0.00403065    -0.01896290   0.00556361     0.01311607   0.00173192
 -0.01458232  -0.00403065     0.01311607   0.00173192    -0.01896290   0.00556361
    2   10
  0.01481438  -0.00476443    -0.00251025  -0.00785942     0.00016280   0.00057748
  0.00200225  -0.00020203     0.00801280   0.01034308    -0.00200225   0.00020203
  0.00016280   0.00057748     0.00251025   0.00785942     0.01481438  -0.00476443
    2   11
 -0.01896290   0.00556361     0.01458232   0.00403065     0.01311607   0.00173192
  0.02164363  -0.00173087    -0.02095371  -0.00272345    -0.02164363   0.00173087
  0.01311607   0.00173192    -0.01458232  -0.00403065    -0.01896290   0.00556361
    3    1
 -0.02185516  -0.01197026    -0.01398490   0.02324614     0.01398490  -0.02324614
 -0.01398490   0.02324614    -0.02185516  -0.01197026     0.01398490  -0.02324614
  0.01398490  -0.02324614     0.01398490  -0.02324614    -0.02185516  -0.01197026
    3    2
 -0.00362299  -0.00227926    -0.00106890  -0.00153800     0.00106890   0.00153800
 -0.00106890  -0.00153800    -0.00362299  -0.00227926     0.00106890   0.00153800
  0.00106890   0.00153800     0.00106890   0.00153800    -0.00362299  -0.00227926
    3    3
  0.06971003   0.00000000     0.00075829   0.00000000    -0.00075829  -0.00000000
  0.00075829   0.00000000     0.06971003   0.00000000    -0.00075829  -0.00000000
 -0.00075829  -0.00000000    -0.00075829  -0.00000000     0.06971003   0.00000000
    3    4
 -0.01896290  -0.00556361    -0.01311607   0.00173192    -0.01458232   0.00403065
 -0.01311607   0.00173192    -0.01896290  -0.00556361    -0.01458232   0.00403065
 -0.02164363  -0.00173087    -0.02164363  -0.00173087    -0.02095371   0.00272345
    3    5
  0.01481438   0.00476443    -0.00016280   0.00057748     0.00251025  -0.00785942
 -0.00016280   0.00057748     0.01481438   0.00476443     0.00251025  -0.00785942
 -0.00200225  -0.00020203    -0.00200225  -0.00020203     0.00801280  -0.01034308
    3    6
  0.00470097  -0.00932539     0.00745231  -0.02403675    -0.00745231   0.02403675
  0.00745231  -0.02403675     0.00470097  -0.00932539    -0.00745231   0.02403675
 -0.00745231   0.02403675    -0.00745231   0.02403675     0.00470097  -0.00932539
    3    7
  0.00751560   0.00163417     0.00259860   0.00504018    -0.00259860  -0.00504018
  0.00259860   0.00504018     0.00751560   0.00163417    -0.00259860  -0.00504018
 -0.00259860  -0.00504018    -0.00259860  -0.00504018     0.00751560   0.00163417
    3    8
 -0.02095371   0.00272345     0.02164363   0.00173087    -0.02164363  -0.00173087
  0.01458232  -0.00403065    -0.01896290  -0.00556361     0.01311607  -0.00173192
 -0.01458232   0.00403065     0.01311607  -0.00173192    -0.01896290  -0.00556361
    3    9
  0.00801280  -0.01034308     0.00200225   0.00020203    -0.00200225  -0.00020203
 -0.00251025   0.00785942     0.01481438   0.00476443     0.00016280  -0.00057748
  0.00251025  -0.00785942     0.00016280  -0.00057748     0.01481438   0.00476443
    3   10
 -0.01896290  -0.00556361     0.01458232  -0.00403065     0.01311607  -0.00173192
  0.02164363   0.00173087    -0.02095371   0.00272345    -0.02164363  -0.00173087
  0.01311607  -0.00173192    -0.01458232   0.00403065    -0.01896290  -0.00556361
    3   11
  0.01481438   0.00476443    -0.00251025   0.00785942     0.00016280  -0.00057748
  0.00200225   0.00020203     0.00801280  -0.01034308    -0.00200225  -0.00020203
  0.00016280  -0.00057748     0.00251025  -0.00785942     0.01481438   0.00476443
    4    1
  0.03723289  -0.02167536     0.01025880   0.01016046     0.00197791   0.01925278
  0.01025880   0.01016046     0.03723289  -0.02167536     0.00197791   0.01925278
 -0.00792172   0.00805759    -0.00792172   0.00805759    -0.02966930   0.01328786
    4    2
  0.01481438   0.00476443    -0.00016280   0.00057748    -0.00200225  -0.00020203
 -0.00016280   0.00057748     0.01481438   0.00476443    -0.00200225  -0.00020203
  0.00251025  -0.00785942     0.00251025  -0.00785942     0.00801280  -0.01034308
    4    3
 -0.01896290   0.00556361    -0.01311607  -0.00173192    -0.02164363   0.00173087
 -0.01311607  -0.00173192    -0.01896290   0.00556361    -0.02164363   0.00173087
 -0.01458232  -0.00403065    -0.01458232  -0.00403065    -0.02095371  -0.00272345
    4    4
  0.07554013   0.00000000     0.00352710  -0.00000000    -0.00450433   0.00366247
  0.00352710  -0.00000000     0.07554013  -0.00000000    -0.00450433   0.00366247
 -0.00450433  -0.00366247    -0.00450433  -0.00366247     0.05898630   0.00000000
    4    5
 -0.01540667  -0.00193124    -0.00883427  -0.00613114    -0.00530439   0.01204227
 -0.00883427  -0.00613114    -0.01540667  -0.00193124    -0.00530439   0.01204227
 -0.00530439   0.01204227    -0.00530439   0.01204227    -0.01051615   0.00846703
    4    6
 -0.00936813   0.00292085     0.01776850  -0.00191333    -0.01108440  -0.00918764
  0.01776850  -0.00191333    -0.00936813   0.00292085    -0.01108440  -0.00918764
 -0.00156929  -0.00557926    -0.00156929  -0.00557926     0.01107807   0.00564530
    4    7
  0.00516424   0.00341963    -0.00734284   0.00280526     0.01686629  -0.00090430
 -0.00734284   0.00280526     0.00516424   0.00341963     0.01686629  -0.00090430
 -0.00778521   0.00327174    -0.00778521   0.00327174    -0.03400125  -0.00403169
    4    8
  0.00230862  -0.00218024    -0.00214078   0.00463392     0.01834924  -0.00000000
  0.00592031  -0.00573487     0.01715973  -0.00000000     0.00214078   0.00463392
  0.01265799   0.00000000    -0.00592031  -0.00573487     0.00230862   0.00218024
    4    9
  0.00667160   0.00035380     0.01260692  -0.00213078    -0.01350159   0.00092160
 -0.00680067  -0.00393666    -0.05065826  -0.00291972    -0.01260692   0.00213078
 -0.01322233   0.00935273     0.00680067   0.00393666     0.00667160   0.00035380
    4   10
  0.01715973  -0.00000000     0.00592031  -0.00573487     0.00214078   0.00463392
 -0.00214078   0.00463392     0.00230862  -0.00218024     0.01834924  -0.00000000
 -0.00592031  -0.00573487     0.01265799   0.00000000     0.00230862   0.00218024
    4   11
 -0.05065826  -0.00291972    -0.00680067  -0.00393666    -0.01260692   0.00213078
  0.01260692  -0.00213078     0.00667160   0.00035380    -0.01350159   0.00092160
  0.00680067   0.00393666    -0.01322233   0.00935273     0.00667160   0.00035380
    5    1
 -0.03738785   0.02140695     0.00366982   0.01396461     0.01568444   0.01133931
  0.00366982   0.01396461    -0.03738785   0.02140695     0.01568444   0.01133931
  0.01093893  -0.00283162     0.01093893  -0.00283162     0.02634227  -0.01905044
    5    2
 -0.01896290  -0.00556361    -0.01311607   0.00173192    -0.02164363  -0.00173087
 -0.01311607   0.00173192    -0.01896290  -0.00556361    -0.02164363  -0.00173087
 -0.01458232   0.00403065    -0.01458232   0.00403065    -0.02095371   0.00272345
    5    3
  0.01481438  -0.00476443    -0.00016280  -0.00057748    -0.00200225   0.00020203
 -0.00016280  -0.00057748     0.01481438  -0.00476443    -0.00200225   0.00020203
  0.00251025   0.00785942     0.00251025   0.00785942     0.00801280   0.01034308
    5    4
 -0.01540667   0.00193124    -0.00883427   0.00613114    -0.00530439  -0.01204227
 -0.00883427   0.00613114    -0.01540667   0.00193124    -0.00530439  -0.01204227
 -0.00530439  -0.01204227    -0.00530439  -0.01204227    -0.01051615  -0.00846703
    5    5
  0.07554013  -0.00000000     0.00352710   0.00000000    -0.00450433  -0.00366247
  0.00352710   0.00000000     0.07554013   0.00000000    -0.00450433  -0.00366247
 -0.00450433   0.00366247    -0.00450433   0.00366247     0.05898630  -0.00000000
    5    6
  0.00516424  -0.00341963    -0.00734284  -0.00280526     0.01686629   0.00090430
 -0.00734284  -0.00280526     0.00516424  -0.00341963     0.01686629   0.00090430
 -0.00778521  -0.00327174    -0.00778521  -0.00327174    -0.03400125   0.00403169
    5    7
 -0.00936813  -0.00292085     0.01776850   0.00191333    -0.01108440   0.00918764
  0.01776850   0.00191333    -0.00936813  -0.00292085    -0.01108440   0.00918764
 -0.00156929   0.00557926    -0.00156929   0.00557926     0.01107807  -0.00564530
    5    8
  0.00667160  -0.00035380     0.01260692   0.00213078    -0.01350159  -0.00092160
 -0.00680067   0.00393666    -0.05065826   0.00291972    -0.01260692  -0.00213078
 -0.01322233  -0.00935273     0.00680067  -0.00393666     0.00667160  -0.00035380
    5    9
  0.00230862   0.00218024    -0.00214078  -0.00463392     0.01834924  -0.00000000
  0.00592031   0.00573487     0.01715973  -0.00000000     0.00214078  -0.00463392
  0.01265799   0.00000000    -0.00592031   0.00573487     0.00230862  -0.00218024
    5   10
 -0.05065826   0.00291972    -0.00680067   0.00393666    -0.01260692  -0.00213078
  0.01260692   0.00213078     0.00667160  -0.00035380    -0.01350159  -0.00092160
  0.00680067  -0.00393666    -0.01322233  -0.00935273     0.00667160  -0.00035380
    5   11
  0.01715973   0.00000000     0.00592031   0.00573487     0.00214078  -0.00463392
 -0.00214078  -0.00463392     0.00230862   0.00218024     0.01834924   0.00000000
 -0.00592031   0.00573487     0.01265799   0.00000000     0.00230862  -0.00218024
    6    1
 -0.03143543   0.01026313     0.00805153  -0.00870674    -0.00805153   0.00870674
  0.00805153  -0.00870674    -0.03143543   0.01026313    -0.00805153   0.00870674
 -0.00805153   0.00870674    -0.00805153   0.00870674    -0.03143543   0.01026313
    6    2
  0.00751560   0.00163417     0.00259860   0.00504018    -0.00259860  -0.00504018
  0.00259860   0.00504018     0.00751560   0.00163417    -0.00259860  -0.00504018
 -0.00259860  -0.00504018    -0.00259860  -0.00504018     0.00751560   0.00163417
    6    3
  0.00470097   0.00932539     0.00745231   0.02403675    -0.00745231  -0.02403675
  0.00745231   0.02403675     0.00470097   0.00932539    -0.00745231  -0.02403675
 -0.00745231  -0.02403675    -0.00745231  -0.02403675     0.00470097   0.00932539
    6    4
 -0.00936813  -0.00292085     0.01776850   0.00191333    -0.00156929   0.00557926
  0.01776850   0.00191333    -0.00936813  -0.00292085    -0.00156929   0.00557926
 -0.01108440   0.00918764    -0.01108440   0.00918764     0.01107807  -0.00564530
    6    5
  0.00516424   0.00341963    -0.00734284   0.00280526    -0.00778521   0.00327174
 -0.00734284   0.00280526     0.00516424   0.00341963    -0.00778521   0.00327174
  0.01686629  -0.00090430     0.01686629  -0.00090430    -0.03400125  -0.00403169
    6    6
  0.07507699   0.00000000     0.00989424  -0.00000000    -0.00989424   0.00000000
  0.00989424  -0.00000000     0.07507699   0.00000000    -0.00989424   0.00000000
 -0.00989424   0.00000000    -0.00989424   0.00000000     0.07507699   0.00000000
    6    7
 -0.00876462   0.01457808    -0.01747288   0.00967152     0.01747288  -0.00967152
 -0.01747288   0.00967152    -0.00876462   0.01457808     0.01747288  -0.00967152
  0.01747288  -0.00967152     0.01747288  -0.00967152    -0.00876462   0.01457808
    6    8
  0.01107807  -0.00564530     0.01108440  -0.00918764    -0.01108440   0.00918764
  0.00156929  -0.00557926    -0.00936813  -0.00292085    -0.01776850  -0.00191333
 -0.00156929   0.00557926    -0.01776850  -0.00191333    -0.00936813  -0.00292085
    6    9
 -0.03400125  -0.00403169    -0.01686629   0.00090430     0.01686629  -0.00090430
  0.00778521  -0.00327174     0.00516424   0.00341963     0.00734284  -0.00280526
 -0.00778521   0.00327174     0.00734284  -0.00280526     0.00516424   0.00341963
    6   10
 -0.00936813  -0.00292085     0.00156929  -0.00557926    -0.01776850  -0.00191333
  0.01108440  -0.00918764     0.01107807  -0.00564530    -0.01108440   0.00918764
 -0.01776850  -0.00191333    -0.00156929   0.00557926    -0.00936813  -0.00292085
    6   11
  0.00516424   0.00341963     0.00778521  -0.00327174     0.00734284  -0.00280526
 -0.01686629   0.00090430    -0.03400125  -0.00403169     0.01686629  -0.00090430
  0.00734284  -0.00280526    -0.00778521   0.00327174     0.00516424   0.00341963
    7    1
  0.02460585  -0.02209232    -0.01156602   0.00261946     0.01156602  -0.00261946
 -0.01156602   0.00261946     0.02460585  -0.02209232     0.01156602  -0.00261946
  0.01156602  -0.00261946     0.01156602  -0.00261946     0.02460585  -0.02209232
    7    2
  0.00470097  -0.00932539     0.00745231  -0.02403675    -0.00745231   0.02403675
  0.00745231  -0.02403675     0.00470097  -0.00932539    -0.00745231   0.02403675
 -0.00745231   0.02403675    -0.00745231   0.02403675     0.00470097  -0.00932539
    7    3
  0.00751560  -0.00163417     0.00259860  -0.00504018    -0.00259860   0.00504018
  0.00259860  -0.00504018     0.00751560  -0.00163417    -0.00259860   0.00504018
 -0.00259860   0.00504018    -0.00259860   0.00504018     0.00751560  -0.00163417
    7    4
  0.00516424  -0.00341963    -0.00734284  -0.00280526    -0.00778521  -0.00327174
 -0.00734284  -0.00280526     0.00516424  -0.00341963    -0.00778521  -0.00327174
  0.01686629   0.00090430     0.01686629   0.00090430    -0.03400125   0.00403169
    7    5
 -0.00936813   0.00292085     0.01776850  -0.00191333    -0.00156929  -0.00557926
  0.01776850  -0.00191333    -0.00936813   0.00292085    -0.00156929  -0.00557926
 -0.01108440  -0.00918764    -0.01108440  -0.00918764     0.01107807   0.00564530
    7    6
 -0.00876462  -0.01457808    -0.01747288  -0.00967152     0.01747288   0.00967152
 -0.01747288  -0.00967152    -0.00876462  -0.01457808     0.01747288   0.00967152
  0.01747288   0.00967152     0.01747288   0.00967152    -0.00876462  -0.01457808
    7    7
  0.07507699  -0.00000000     0.00989424   0.00000000    -0.00989424  -0.00000000
  0.00989424   0.00000000     0.07507699  -0.00000000    -0.00989424  -0.00000000
 -0.00989424  -0.00000000    -0.00989424  -0.00000000     0.07507699  -0.00000000
    7    8
 -0.03400125   0.00403169    -0.01686629  -0.00090430     0.01686629   0.00090430
  0.00778521   0.00327174     0.00516424  -0.00341963     0.00734284   0.00280526
 -0.00778521  -0.00327174     0.00734284   0.00280526     0.00516424  -0.00341963
    7    9
  0.01107807   0.00564530     0.01108440   0.00918764    -0.01108440  -0.00918764
  0.00156929   0.00557926    -0.00936813   0.00292085    -0.01776850   0.00191333
 -0.00156929  -0.00557926    -0.01776850   0.00191333    -0.00936813   0.00292085
    7   10
  0.00516424  -0.00341963     0.00778521   0.00327174     0.00734284   0.00280526
 -0.01686629  -0.00090430    -0.03400125   0.00403169     0.01686629   0.00090430
  0.00734284   0.00280526    -0.00778521  -0.00327174     0.00516424  -0.00341963
    7   11
 -0.00936813   0.00292085     0.00156929   0.00557926    -0.01776850   0.00191333
  0.01108440   0.00918764     0.01107807   0.00564530    -0.01108440  -0.00918764
 -0.01776850   0.00191333    -0.00156929  -0.00557926    -0.00936813   0.00292085
    8    1
 -0.02966930   0.01328786     0.00792172  -0.00805759    -0.00792172   0.00805759
 -0.00197791  -0.01925278     0.03723289  -0.02167536    -0.01025880  -0.01016046
  0.00197791   0.01925278    -0.01025880  -0.01016046     0.03723289  -0.02167536
    8    2
  0.00801280  -0.01034308    -0.00251025   0.00785942     0.00251025  -0.00785942
  0.00200225   0.00020203     0.01481438   0.00476443     0.00016280  -0.00057748
 -0.00200225  -0.00020203     0.00016280  -0.00057748     0.01481438   0.00476443
    8    3
 -0.02095371  -0.00272345     0.01458232   0.00403065    -0.01458232  -0.00403065
  0.02164363  -0.00173087    -0.01896290   0.00556361     0.01311607   0.00173192
 -0.02164363   0.00173087     0.01311607   0.00173192    -0.01896290   0.00556361
    8    4
  0.00230862   0.00218024     0.00592031   0.00573487     0.01265799   0.00000000
 -0.00214078  -0.00463392     0.01715973   0.00000000    -0.00592031   0.00573487
  0.01834924  -0.00000000     0.00214078  -0.00463392     0.00230862  -0.00218024
    8    5
  0.00667160   0.00035380    -0.00680067  -0.00393666    -0.01322233   0.00935273
  0.01260692  -0.00213078    -0.05065826  -0.00291972     0.00680067   0.00393666
 -0.01350159   0.00092160    -0.01260692   0.00213078     0.00667160   0.00035380
    8    6
  0.01107807   0.00564530     0.00156929   0.00557926    -0.00156929  -0.00557926
  0.01108440   0.00918764    -0.00936813   0.00292085    -0.01776850   0.00191333
 -0.01108440  -0.00918764    -0.01776850   0.00191333    -0.00936813   0.00292085
    8    7
 -0.03400125  -0.00403169     0.00778521  -0.00327174    -0.00778521   0.00327174
 -0.01686629   0.00090430     0.00516424   0.00341963     0.00734284  -0.00280526
  0.01686629  -0.00090430     0.00734284  -0.00280526     0.00516424   0.00341963
    8    8
  0.05898630  -0.00000000     0.00450433   0.00366247    -0.00450433  -0.00366247
  0.00450433  -0.00366247     0.07554013   0.00000000    -0.00352710   0.00000000
 -0.00450433   0.00366247    -0.00352710   0.00000000     0.07554013  -0.00000000
    8    9
 -0.01051615   0.00846703     0.00530439  -0.01204227    -0.00530439   0.01204227
  0.00530439  -0.01204227    -0.01540667  -0.00193124     0.00883427   0.00613114
 -0.00530439   0.01204227     0.00883427   0.00613114    -0.01540667  -0.00193124
    8   10
  0.00230862   0.00218024    -0.01265799  -0.00000000    -0.00592031  -0.00573487
 -0.01834924  -0.00000000     0.00230862  -0.00218024     0.00214078  -0.00463392
  0.00214078   0.00463392    -0.00592031   0.00573487     0.01715973   0.00000000
    8   11
  0.00667160   0.00035380     0.01322233  -0.00935273     0.00680067   0.00393666
  0.01350159  -0.00092160     0.00667160   0.00035380    -0.01260692   0.00213078
 -0.01260692   0.00213078     0.00680067   0.00393666    -0.05065826  -0.00291972
    9    1
  0.02634227  -0.01905044    -0.01093893   0.00283162     0.01093893  -0.00283162
 -0.01568444  -0.01133931    -0.03738785   0.02140695    -0.00366982  -0.01396461
  0.01568444   0.01133931    -0.00366982  -0.01396461    -0.03738785   0.02140695
    9    2
 -0.02095371   0.00272345     0.01458232  -0.00403065    -0.01458232   0.00403065
  0.02164363   0.00173087    -0.01896290  -0.00556361     0.01311607  -0.00173192
 -0.02164363  -0.00173087     0.01311607  -0.00173192    -0.01896290  -0.00556361
    9    3
  0.00801280   0.01034308    -0.00251025  -0.00785942     0.00251025   0.00785942
  0.00200225  -0.00020203     0.01481438  -0.00476443     0.00016280   0.00057748
 -0.00200225   0.00020203     0.00016280   0.00057748     0.01481438  -0.00476443
    9    4
  0.00667160  -0.00035380    -0.00680067   0.00393666    -0.01322233  -0.00935273
  0.01260692   0.00213078    -0.05065826   0.00291972     0.00680067  -0.00393666
 -0.01350159  -0.00092160    -0.01260692  -0.00213078     0.00667160  -0.00035380
    9    5
  0.00230862  -0.00218024     0.00592031  -0.00573487     0.01265799  -0.00000000
 -0.00214078   0.00463392     0.01715973  -0.00000000    -0.00592031  -0.00573487
  0.01834924   0.00000000     0.00214078   0.00463392     0.00230862   0.00218024
    9    6
 -0.03400125   0.00403169     0.00778521   0.00327174    -0.00778521  -0.00327174
 -0.01686629  -0.00090430     0.00516424  -0.00341963     0.00734284   0.00280526
  0.01686629   0.00090430     0.00734284   0.00280526     0.00516424  -0.00341963
    9    7
  0.01107807  -0.00564530     0.00156929  -0.00557926    -0.00156929   0.00557926
  0.01108440  -0.00918764    -0.00936813  -0.00292085    -0.01776850  -0.00191333
 -0.01108440   0.00918764    -0.01776850  -0.00191333    -0.00936813  -0.00292085
    9    8
 -0.01051615  -0.00846703     0.00530439   0.01204227    -0.00530439  -0.01204227
  0.00530439   0.01204227    -0.01540667   0.00193124     0.00883427  -0.00613114
 -0.00530439  -0.01204227     0.00883427  -0.00613114    -0.01540667   0.00193124
    9    9
  0.05898630   0.00000000     0.00450433  -0.00366247    -0.00450433   0.00366247
  0.00450433   0.00366247     0.07554013  -0.00000000    -0.00352710  -0.00000000
 -0.00450433  -0.00366247    -0.00352710  -0.00000000     0.07554013   0.00000000
    9   10
  0.00667160  -0.00035380     0.01322233   0.00935273     0.00680067  -0.00393666
  0.01350159   0.00092160     0.00667160  -0.00035380    -0.01260692  -0.00213078
 -0.01260692  -0.00213078     0.00680067  -0.00393666    -0.05065826   0.00291972
    9   11
  0.00230862  -0.00218024    -0.01265799  -0.00000000    -0.00592031   0.00573487
 -0.01834924  -0.00000000     0.00230862   0.00218024     0.00214078   0.00463392
  0.00214078  -0.00463392    -0.00592031  -0.00573487     0.01715973  -0.00000000
   10    1
  0.03723289  -0.02167536    -0.00197791  -0.01925278    -0.01025880  -0.01016046
  0.00792172  -0.00805759    -0.02966930   0.01328786    -0.00792172   0.00805759
 -0.01025880  -0.01016046     0.00197791   0.01925278     0.03723289  -0.02167536
   10    2
  0.01481438   0.00476443     0.00200225   0.00020203     0.00016280  -0.00057748
 -0.00251025   0.00785942     0.00801280  -0.01034308     0.00251025  -0.00785942
  0.00016280  -0.00057748    -0.00200225  -0.00020203     0.01481438   0.00476443
   10    3
 -0.01896290   0.00556361     0.02164363  -0.00173087     0.01311607   0.00173192
  0.01458232   0.00403065    -0.02095371  -0.00272345    -0.01458232  -0.00403065
  0.01311607   0.00173192    -0.02164363   0.00173087    -0.01896290   0.00556361
   10    4
  0.01715973   0.00000000    -0.00214078  -0.00463392    -0.00592031   0.00573487
  0.00592031   0.00573487     0.00230862   0.00218024     0.01265799   0.00000000
  0.00214078  -0.00463392     0.01834924   0.00000000     0.00230862  -0.00218024
   10    5
 -0.05065826  -0.00291972     0.01260692  -0.00213078     0.00680067   0.00393666
 -0.00680067  -0.00393666     0.00667160   0.00035380    -0.01322233   0.00935273
 -0.01260692   0.00213078    -0.01350159   0.00092160     0.00667160   0.00035380
   10    6
 -0.00936813   0.00292085     0.01108440   0.00918764    -0.01776850   0.00191333
  0.00156929   0.00557926     0.01107807   0.00564530    -0.00156929  -0.00557926
 -0.01776850   0.00191333    -0.01108440  -0.00918764    -0.00936813   0.00292085
   10    7
  0.00516424   0.00341963    -0.01686629   0.00090430     0.00734284  -0.00280526
  0.00778521  -0.00327174    -0.03400125  -0.00403169    -0.00778521   0.00327174
  0.00734284  -0.00280526     0.01686629  -0.00090430     0.00516424   0.00341963
   10    8
  0.00230862  -0.00218024    -0.01834924  -0.00000000     0.00214078  -0.00463392
 -0.01265799   0.00000000     0.00230862   0.00218024    -0.00592031  -0.00573487
 -0.00592031   0.00573487     0.00214078   0.00463392     0.01715973  -0.00000000
   10    9
  0.00667160   0.00035380     0.01350159  -0.00092160    -0.01260692   0.00213078
  0.01322233  -0.00935273     0.00667160   0.00035380     0.00680067   0.00393666
  0.00680067   0.00393666    -0.01260692   0.00213078    -0.05065826  -0.00291972
   10   10
  0.07554013   0.00000000     0.00450433  -0.00366247    -0.00352710   0.00000000
  0.00450433   0.00366247     0.05898630  -0.00000000    -0.00450433  -0.00366247
 -0.00352710   0.00000000    -0.00450433   0.00366247     0.07554013   0.00000000
   10   11
 -0.01540667  -0.00193124     0.00530439  -0.01204227     0.00883427   0.00613114
  0.00530439  -0.01204227    -0.01051615   0.00846703    -0.00530439   0.01204227
  0.00883427   0.00613114    -0.00530439   0.01204227    -0.01540667  -0.00193124
   11    1
 -0.03738785   0.02140695    -0.01568444  -0.01133931    -0.00366982  -0.01396461
 -0.01093893   0.00283162     0.02634227  -0.01905044     0.01093893  -0.00283162
 -0.00366982  -0.01396461     0.01568444   0.01133931    -0.03738785   0.02140695
   11    2
 -0.01896290  -0.00556361     0.02164363   0.00173087     0.01311607  -0.00173192
  0.01458232  -0.00403065    -0.02095371   0.00272345    -0.01458232   0.00403065
  0.01311607  -0.00173192    -0.02164363  -0.00173087    -0.01896290  -0.00556361
   11    3
  0.01481438  -0.00476443     0.00200225  -0.00020203     0.00016280   0.00057748
 -0.00251025  -0.00785942     0.00801280   0.01034308     0.00251025   0.00785942
  0.00016280   0.00057748    -0.00200225   0.00020203     0.01481438  -0.00476443
   11    4
 -0.05065826   0.00291972     0.01260692   0.00213078     0.00680067  -0.00393666
 -0.00680067   0.00393666     0.00667160  -0.00035380    -0.01322233  -0.00935273
 -0.01260692  -0.00213078    -0.01350159  -0.00092160     0.00667160  -0.00035380
   11    5
  0.01715973  -0.00000000    -0.00214078   0.00463392    -0.00592031  -0.00573487
  0.00592031  -0.00573487     0.00230862  -0.00218024     0.01265799  -0.00000000
  0.00214078   0.00463392     0.01834924   0.00000000     0.00230862   0.00218024
   11    6
  0.00516424  -0.00341963    -0.01686629  -0.00090430     0.00734284   0.00280526
  0.00778521   0.00327174    -0.03400125   0.00403169    -0.00778521  -0.00327174
  0.00734284   0.00280526     0.01686629   0.00090430     0.00516424  -0.00341963
   11    7
 -0.00936813  -0.00292085     0.01108440  -0.00918764    -0.01776850  -0.00191333
  0.00156929  -0.00557926     0.01107807  -0.00564530    -0.00156929   0.00557926
 -0.01776850  -0.00191333    -0.01108440   0.00918764    -0.00936813  -0.00292085
   11    8
  0.00667160  -0.00035380     0.01350159   0.00092160    -0.01260692  -0.00213078
  0.01322233   0.00935273     0.00667160  -0.00035380     0.00680067  -0.00393666
  0.00680067  -0.00393666    -0.01260692  -0.00213078    -0.05065826   0.00291972
   11    9
  0.00230862   0.00218024    -0.01834924   0.00000000     0.00214078   0.00463392
 -0.01265799  -0.00000000     0.00230862  -0.00218024    -0.00592031   0.00573487
 -0.00592031  -0.00573487     0.00214078  -0.00463392     0.01715973  -0.00000000
   11   10
 -0.01540667   0.00193124     0.00530439   0.01204227     0.00883427  -0.00613114
  0.00530439   0.01204227    -0.01051615  -0.00846703    -0.00530439  -0.01204227
  0.00883427  -0.00613114    -0.00530439  -0.01204227    -0.01540667   0.00193124
   11   11
  0.07554013  -0.00000000     0.00450433   0.00366247    -0.00352710  -0.00000000
  0.00450433  -0.00366247     0.05898630   0.00000000    -0.00450433   0.00366247
 -0.00352710  -0.00000000    -0.00450433  -0.00366247     0.07554013  -0.00000000

     Dynamical  Matrix in cartesian axes

     q = (    0.235702260  -0.235702260  -0.235702260 ) 

    1    1
  0.21961064   0.00000000    -0.06763604   0.00000000    -0.06763604   0.00000000
 -0.06763604   0.00000000     0.21961064   0.00000000     0.06763604   0.00000000
 -0.06763604   0.00000000     0.06763604   0.00000000     0.21961064   0.00000000
    1    2
  0.00056103  -0.02491225    -0.02712420   0.00048821    -0.02712420   0.00048821
 -0.02712420   0.00048821     0.00056103  -0.02491225     0.02712420  -0.00048821
 -0.02712420   0.00048821     0.02712420  -0.00048821     0.00056103  -0.02491225
    1    3
 -0.02185516  -0.01197026     0.01398490  -0.02324614     0.01398490  -0.02324614
  0.01398490  -0.02324614    -0.02185516  -0.01197026    -0.01398490   0.02324614
  0.01398490  -0.02324614    -0.01398490   0.02324614    -0.02185516  -0.01197026
    1    4
 -0.02966930   0.01328786     0.00197791   0.01925278     0.00197791   0.01925278
 -0.00792172   0.00805759     0.03723289  -0.02167536     0.01025880   0.01016046
 -0.00792172   0.00805759     0.01025880   0.01016046     0.03723289  -0.02167536
    1    5
  0.02634227  -0.01905044     0.01568444   0.01133931     0.01568444   0.01133931
  0.01093893  -0.00283162    -0.03738785   0.02140695     0.00366982   0.01396461
  0.01093893  -0.00283162     0.00366982   0.01396461    -0.03738785   0.02140695
    1    6
  0.03723289  -0.02167536    -0.00792172   0.00805759    -0.01025880  -0.01016046
  0.00197791   0.01925278    -0.02966930   0.01328786    -0.00197791  -0.01925278
 -0.01025880  -0.01016046     0.00792172  -0.00805759     0.03723289  -0.02167536
    1    7
 -0.03738785   0.02140695     0.01093893  -0.00283162    -0.00366982  -0.01396461
  0.01568444   0.01133931     0.02634227  -0.01905044    -0.01568444  -0.01133931
 -0.00366982  -0.01396461    -0.01093893   0.00283162    -0.03738785   0.02140695
    1    8
  0.03723289  -0.02167536    -0.01025880  -0.01016046    -0.00792172   0.00805759
 -0.01025880  -0.01016046     0.03723289  -0.02167536     0.00792172  -0.00805759
  0.00197791   0.01925278    -0.00197791  -0.01925278    -0.02966930   0.01328786
    1    9
 -0.03738785   0.02140695    -0.00366982  -0.01396461     0.01093893  -0.00283162
 -0.00366982  -0.01396461    -0.03738785   0.02140695    -0.01093893   0.00283162
  0.01568444   0.01133931    -0.01568444  -0.01133931     0.02634227  -0.01905044
    1   10
 -0.03143543   0.01026313    -0.00805153   0.00870674    -0.00805153   0.00870674
 -0.00805153   0.00870674    -0.03143543   0.01026313     0.00805153  -0.00870674
 -0.00805153   0.00870674     0.00805153  -0.00870674    -0.03143543   0.01026313
    1   11
  0.02460585  -0.02209232     0.01156602  -0.00261946     0.01156602  -0.00261946
  0.01156602  -0.00261946     0.02460585  -0.02209232    -0.01156602   0.00261946
  0.01156602  -0.00261946    -0.01156602   0.00261946     0.02460585  -0.02209232
    2    1
  0.00056103   0.02491225    -0.02712420  -0.00048821    -0.02712420  -0.00048821
 -0.02712420  -0.00048821     0.00056103   0.02491225     0.02712420   0.00048821
 -0.02712420  -0.00048821     0.02712420   0.00048821     0.00056103   0.02491225
    2    2
  0.06971003   0.00000000    -0.00075829  -0.00000000    -0.00075829  -0.00000000
 -0.00075829  -0.00000000     0.06971003   0.00000000     0.00075829   0.00000000
 -0.00075829  -0.00000000     0.00075829   0.00000000     0.06971003   0.00000000
    2    3
 -0.00362299  -0.00227926     0.00106890   0.00153800     0.00106890   0.00153800
  0.00106890   0.00153800    -0.00362299  -0.00227926    -0.00106890  -0.00153800
  0.00106890   0.00153800    -0.00106890  -0.00153800    -0.00362299  -0.00227926
    2    4
  0.00801280  -0.01034308    -0.00200225  -0.00020203    -0.00200225  -0.00020203
  0.00251025  -0.00785942     0.01481438   0.00476443    -0.00016280   0.00057748
  0.00251025  -0.00785942    -0.00016280   0.00057748     0.01481438   0.00476443
    2    5
 -0.02095371   0.00272345    -0.02164363  -0.00173087    -0.02164363  -0.00173087
 -0.01458232   0.00403065    -0.01896290  -0.00556361    -0.01311607   0.00173192
 -0.01458232   0.00403065    -0.01311607   0.00173192    -0.01896290  -0.00556361
    2    6
  0.01481438   0.00476443     0.00251025  -0.00785942     0.00016280  -0.00057748
 -0.00200225  -0.00020203     0.00801280  -0.01034308     0.00200225   0.00020203
  0.00016280  -0.00057748    -0.00251025   0.00785942     0.01481438   0.00476443
    2    7
 -0.01896290  -0.00556361    -0.01458232   0.00403065     0.01311607  -0.00173192
 -0.02164363  -0.00173087    -0.02095371   0.00272345     0.02164363   0.00173087
  0.01311607  -0.00173192     0.01458232  -0.00403065    -0.01896290  -0.00556361
    2    8
  0.01481438   0.00476443     0.00016280  -0.00057748     0.00251025  -0.00785942
  0.00016280  -0.00057748     0.01481438   0.00476443    -0.00251025   0.00785942
 -0.00200225  -0.00020203     0.00200225   0.00020203     0.00801280  -0.01034308
    2    9
 -0.01896290  -0.00556361     0.01311607  -0.00173192    -0.01458232   0.00403065
  0.01311607  -0.00173192    -0.01896290  -0.00556361     0.01458232  -0.00403065
 -0.02164363  -0.00173087     0.02164363   0.00173087    -0.02095371   0.00272345
    2   10
  0.00751560   0.00163417    -0.00259860  -0.00504018    -0.00259860  -0.00504018
 -0.00259860  -0.00504018     0.00751560   0.00163417     0.00259860   0.00504018
 -0.00259860  -0.00504018     0.00259860   0.00504018     0.00751560   0.00163417
    2   11
  0.00470097  -0.00932539    -0.00745231   0.02403675    -0.00745231   0.02403675
 -0.00745231   0.02403675     0.00470097  -0.00932539     0.00745231  -0.02403675
 -0.00745231   0.02403675     0.00745231  -0.02403675     0.00470097  -0.00932539
    3    1
 -0.02185516   0.01197026     0.01398490   0.02324614     0.01398490   0.02324614
  0.01398490   0.02324614    -0.02185516   0.01197026    -0.01398490  -0.02324614
  0.01398490   0.02324614    -0.01398490  -0.02324614    -0.02185516   0.01197026
    3    2
 -0.00362299   0.00227926     0.00106890  -0.00153800     0.00106890  -0.00153800
  0.00106890  -0.00153800    -0.00362299   0.00227926    -0.00106890   0.00153800
  0.00106890  -0.00153800    -0.00106890   0.00153800    -0.00362299   0.00227926
    3    3
  0.06971003  -0.00000000    -0.00075829   0.00000000    -0.00075829   0.00000000
 -0.00075829   0.00000000     0.06971003  -0.00000000     0.00075829  -0.00000000
 -0.00075829   0.00000000     0.00075829  -0.00000000     0.06971003  -0.00000000
    3    4
 -0.02095371  -0.00272345    -0.02164363   0.00173087    -0.02164363   0.00173087
 -0.01458232  -0.00403065    -0.01896290   0.00556361    -0.01311607  -0.00173192
 -0.01458232  -0.00403065    -0.01311607  -0.00173192    -0.01896290   0.00556361
    3    5
  0.00801280   0.01034308    -0.00200225   0.00020203    -0.00200225   0.00020203
  0.00251025   0.00785942     0.01481438  -0.00476443    -0.00016280  -0.00057748
  0.00251025   0.00785942    -0.00016280  -0.00057748     0.01481438  -0.00476443
    3    6
 -0.01896290   0.00556361    -0.01458232  -0.00403065     0.01311607   0.00173192
 -0.02164363   0.00173087    -0.02095371  -0.00272345     0.02164363  -0.00173087
  0.01311607   0.00173192     0.01458232   0.00403065    -0.01896290   0.00556361
    3    7
  0.01481438  -0.00476443     0.00251025   0.00785942     0.00016280   0.00057748
 -0.00200225   0.00020203     0.00801280   0.01034308     0.00200225  -0.00020203
  0.00016280   0.00057748    -0.00251025  -0.00785942     0.01481438  -0.00476443
    3    8
 -0.01896290   0.00556361     0.01311607   0.00173192    -0.01458232  -0.00403065
  0.01311607   0.00173192    -0.01896290   0.00556361     0.01458232   0.00403065
 -0.02164363   0.00173087     0.02164363  -0.00173087    -0.02095371  -0.00272345
    3    9
  0.01481438  -0.00476443     0.00016280   0.00057748     0.00251025   0.00785942
  0.00016280   0.00057748     0.01481438  -0.00476443    -0.00251025  -0.00785942
 -0.00200225   0.00020203     0.00200225  -0.00020203     0.00801280   0.01034308
    3   10
  0.00470097   0.00932539    -0.00745231  -0.02403675    -0.00745231  -0.02403675
 -0.00745231  -0.02403675     0.00470097   0.00932539     0.00745231   0.02403675
 -0.00745231  -0.02403675     0.00745231   0.02403675     0.00470097   0.00932539
    3   11
  0.00751560  -0.00163417    -0.00259860   0.00504018    -0.00259860   0.00504018
 -0.00259860   0.00504018     0.00751560  -0.00163417     0.00259860  -0.00504018
 -0.00259860   0.00504018     0.00259860  -0.00504018     0.00751560  -0.00163417
    4    1
 -0.02966930  -0.01328786    -0.00792172  -0.00805759    -0.00792172  -0.00805759
