  5.000000000000000E-002   1.50343188071530        5.40870528051367     
           6

     Dynamical  Matrix in cartesian axes

     q = (    0.235702260   0.000000000   0.000000000 ) 

    1    1
  0.21422672   0.00000000    -0.00000000   0.00000000     0.00000000   0.00000000
 -0.00000000   0.00000000     0.12032798   0.00000000     0.00000000   0.00000000
  0.00000000   0.00000000     0.00000000   0.00000000     0.12032798   0.00000000
    1    2
  0.01644220  -0.00949291    -0.00000000  -0.00000000    -0.00000000   0.00000000
 -0.00000000  -0.00000000    -0.03525255   0.02035307    -0.00352842  -0.00611140
 -0.00000000   0.00000000    -0.00352842  -0.00611140    -0.03525255   0.02035307
    1    3
  0.00000000  -0.01898582     0.00000000  -0.00000000     0.00000000  -0.00000000
  0.00000000  -0.00000000    -0.00000000   0.04070614     0.00705684   0.00000000
  0.00000000   0.00000000     0.00705684   0.00000000    -0.00000000   0.04070614
    1    4
  0.03996063   0.03803574    -0.01065581  -0.01044268    -0.01065581  -0.01044268
  0.00116743  -0.01915378    -0.00714876  -0.00217254    -0.00727732  -0.01996274
  0.00116743  -0.01915378    -0.00727732  -0.01996274    -0.00714876  -0.00217254
    1    5
 -0.05292023  -0.01558905     0.01437153   0.00400686     0.01437153   0.00400686
  0.01600394  -0.01058791     0.00545586   0.00510474     0.02092690  -0.00367903
  0.01600394  -0.01058791     0.02092690  -0.00367903     0.00545586   0.00510474
    1    6
 -0.05292023  -0.01558905     0.01437153   0.00400686    -0.01437153  -0.00400686
  0.01600394  -0.01058791     0.00545586   0.00510474    -0.02092690   0.00367903
 -0.01600394   0.01058791    -0.02092690   0.00367903     0.00545586   0.00510474
    1    7
  0.03996063   0.03803574    -0.01065581  -0.01044268     0.01065581   0.01044268
  0.00116743  -0.01915378    -0.00714876  -0.00217254     0.00727732   0.01996274
 -0.00116743   0.01915378     0.00727732   0.01996274    -0.00714876  -0.00217254
    1    8
 -0.05292023  -0.01558905    -0.01437153  -0.00400686     0.01437153   0.00400686
 -0.01600394   0.01058791     0.00545586   0.00510474    -0.02092690   0.00367903
  0.01600394  -0.01058791    -0.02092690   0.00367903     0.00545586   0.00510474
    1    9
  0.03996063   0.03803574     0.01065581   0.01044268    -0.01065581  -0.01044268
 -0.00116743   0.01915378    -0.00714876  -0.00217254     0.00727732   0.01996274
  0.00116743  -0.01915378     0.00727732   0.01996274    -0.00714876  -0.00217254
    1   10
  0.03996063   0.03803574     0.01065581   0.01044268     0.01065581   0.01044268
 -0.00116743   0.01915378    -0.00714876  -0.00217254    -0.00727732  -0.01996274
 -0.00116743   0.01915378    -0.00727732  -0.01996274    -0.00714876  -0.00217254
    1   11
 -0.05292023  -0.01558905    -0.01437153  -0.00400686    -0.01437153  -0.00400686
 -0.01600394   0.01058791     0.00545586   0.00510474     0.02092690  -0.00367903
 -0.01600394   0.01058791     0.02092690  -0.00367903     0.00545586   0.00510474
    2    1
  0.01644220   0.00949291    -0.00000000   0.00000000     0.00000000   0.00000000
 -0.00000000   0.00000000    -0.03525255  -0.02035307    -0.00352842   0.00611140
 -0.00000000   0.00000000    -0.00352842   0.00611140    -0.03525255  -0.02035307
    2    2
  0.09122101  -0.00000000    -0.00000000  -0.00000000     0.00000000   0.00000000
 -0.00000000   0.00000000     0.05544144   0.00000000     0.00000000   0.00000000
  0.00000000  -0.00000000     0.00000000   0.00000000     0.05544144   0.00000000
    2    3
  0.00034407  -0.00059594     0.00000000   0.00000000     0.00000000   0.00000000
  0.00000000   0.00000000    -0.00134019   0.00232127    -0.00525404  -0.00303342
  0.00000000   0.00000000    -0.00525404  -0.00303342    -0.00134019   0.00232127
    2    4
  0.00294124  -0.00875993     0.00082536   0.00391230     0.00082536   0.00391230
 -0.00208653   0.00194750     0.00757202   0.00130445     0.00279434   0.00620773
 -0.00208653   0.00194750     0.00279434   0.00620773     0.00757202   0.00130445
    2    5
 -0.01325766   0.00306203    -0.02073151  -0.00420428    -0.02073151  -0.00420428
 -0.01544891   0.00086220    -0.01154542   0.00108823    -0.01728192  -0.00095295
 -0.01544891   0.00086220    -0.01728192  -0.00095295    -0.01154542   0.00108823
    2    6
  0.00905694   0.00183278    -0.00297547  -0.00267094     0.00297547   0.00267094
 -0.00272984   0.00083324     0.00265632  -0.00720979     0.00397888   0.00552383
  0.00272984  -0.00083324     0.00397888   0.00552383     0.00265632  -0.00720979
    2    7
 -0.00928063   0.00995045    -0.00672474   0.02005615     0.00672474  -0.02005615
 -0.00847114   0.01294805    -0.00671515   0.00945451     0.00781568  -0.01544306
  0.00847114  -0.01294805     0.00781568  -0.01544306    -0.00671515   0.00945451
    2    8
  0.00905694   0.00183278     0.00297547   0.00267094    -0.00297547  -0.00267094
  0.00272984  -0.00083324     0.00265632  -0.00720979     0.00397888   0.00552383
 -0.00272984   0.00083324     0.00397888   0.00552383     0.00265632  -0.00720979
    2    9
 -0.00928063   0.00995045     0.00672474  -0.02005615    -0.00672474   0.02005615
  0.00847114  -0.01294805    -0.00671515   0.00945451     0.00781568  -0.01544306
 -0.00847114   0.01294805     0.00781568  -0.01544306    -0.00671515   0.00945451
    2   10
  0.00294124  -0.00875993    -0.00082536  -0.00391230    -0.00082536  -0.00391230
  0.00208653  -0.00194750     0.00757202   0.00130445     0.00279434   0.00620773
  0.00208653  -0.00194750     0.00279434   0.00620773     0.00757202   0.00130445
    2   11
 -0.01325766   0.00306203     0.02073151   0.00420428     0.02073151   0.00420428
  0.01544891  -0.00086220    -0.01154542   0.00108823    -0.01728192  -0.00095295
  0.01544891  -0.00086220    -0.01728192  -0.00095295    -0.01154542   0.00108823
    3    1
  0.00000000   0.01898582     0.00000000   0.00000000     0.00000000   0.00000000
  0.00000000   0.00000000    -0.00000000  -0.04070614     0.00705684  -0.00000000
  0.00000000   0.00000000     0.00705684  -0.00000000    -0.00000000  -0.04070614
    3    2
  0.00034407   0.00059594     0.00000000  -0.00000000     0.00000000  -0.00000000
  0.00000000  -0.00000000    -0.00134019  -0.00232127    -0.00525404   0.00303342
  0.00000000  -0.00000000    -0.00525404   0.00303342    -0.00134019  -0.00232127
    3    3
  0.09122101   0.00000000    -0.00000000   0.00000000     0.00000000  -0.00000000
 -0.00000000  -0.00000000     0.05544144  -0.00000000     0.00000000  -0.00000000
  0.00000000   0.00000000     0.00000000  -0.00000000     0.05544144  -0.00000000
    3    4
 -0.01325766  -0.00306203    -0.02073151   0.00420428    -0.02073151   0.00420428
 -0.01544891  -0.00086220    -0.01154542  -0.00108823    -0.01728192   0.00095295
 -0.01544891  -0.00086220    -0.01728192   0.00095295    -0.01154542  -0.00108823
    3    5
  0.00294124   0.00875993     0.00082536  -0.00391230     0.00082536  -0.00391230
 -0.00208653  -0.00194750     0.00757202  -0.00130445     0.00279434  -0.00620773
 -0.00208653  -0.00194750     0.00279434  -0.00620773     0.00757202  -0.00130445
    3    6
 -0.00928063  -0.00995045    -0.00672474  -0.02005615     0.00672474   0.02005615
 -0.00847114  -0.01294805    -0.00671515  -0.00945451     0.00781568   0.01544306
  0.00847114   0.01294805     0.00781568   0.01544306    -0.00671515  -0.00945451
    3    7
  0.00905694  -0.00183278    -0.00297547   0.00267094     0.00297547  -0.00267094
 -0.00272984  -0.00083324     0.00265632   0.00720979     0.00397888  -0.00552383
  0.00272984   0.00083324     0.00397888  -0.00552383     0.00265632   0.00720979
    3    8
 -0.00928063  -0.00995045     0.00672474   0.02005615    -0.00672474  -0.02005615
  0.00847114   0.01294805    -0.00671515  -0.00945451     0.00781568   0.01544306
 -0.00847114  -0.01294805     0.00781568   0.01544306    -0.00671515  -0.00945451
    3    9
  0.00905694  -0.00183278     0.00297547  -0.00267094    -0.00297547   0.00267094
  0.00272984   0.00083324     0.00265632   0.00720979     0.00397888  -0.00552383
 -0.00272984  -0.00083324     0.00397888  -0.00552383     0.00265632   0.00720979
    3   10
 -0.01325766  -0.00306203     0.02073151  -0.00420428     0.02073151  -0.00420428
  0.01544891   0.00086220    -0.01154542  -0.00108823    -0.01728192   0.00095295
  0.01544891   0.00086220    -0.01728192   0.00095295    -0.01154542  -0.00108823
    3   11
  0.00294124   0.00875993    -0.00082536   0.00391230    -0.00082536   0.00391230
  0.00208653   0.00194750     0.00757202  -0.00130445     0.00279434  -0.00620773
  0.00208653   0.00194750     0.00279434  -0.00620773     0.00757202  -0.00130445
    4    1
  0.03996063  -0.03803574     0.00116743   0.01915378     0.00116743   0.01915378
 -0.01065581   0.01044268    -0.00714876   0.00217254    -0.00727732   0.01996274
 -0.01065581   0.01044268    -0.00727732   0.01996274    -0.00714876   0.00217254
    4    2
  0.00294124   0.00875993    -0.00208653  -0.00194750    -0.00208653  -0.00194750
  0.00082536  -0.00391230     0.00757202  -0.00130445     0.00279434  -0.00620773
  0.00082536  -0.00391230     0.00279434  -0.00620773     0.00757202  -0.00130445
    4    3
 -0.01325766   0.00306203    -0.01544891   0.00086220    -0.01544891   0.00086220
 -0.02073151  -0.00420428    -0.01154542   0.00108823    -0.01728192  -0.00095295
 -0.02073151  -0.00420428    -0.01728192  -0.00095295    -0.01154542   0.00108823
    4    4
  0.08570371   0.00000000    -0.00718295   0.00072889    -0.00718295   0.00072889
 -0.00718295  -0.00072889     0.06737703  -0.00000000     0.00179949  -0.00000000
 -0.00718295  -0.00072889     0.00179949  -0.00000000     0.06737703  -0.00000000
    4    5
 -0.03018122   0.00340605     0.00262773   0.00161674     0.00262773   0.00161674
  0.00262773   0.00161674    -0.01772201   0.00324366    -0.00806403   0.00694792
  0.00262773   0.00161674    -0.00806403   0.00694792    -0.01772201   0.00324366
    4    6
 -0.02377125   0.01199507     0.01742965  -0.00206609    -0.00835760  -0.00021679
  0.01742965  -0.00206609    -0.01714974  -0.00002979    -0.00102314  -0.00129363
  0.00835760   0.00021679     0.00102314   0.00129363     0.01699288  -0.00343572
    4    7
  0.02318929   0.00000000    -0.01206021   0.00008499     0.01633567  -0.00129558
 -0.01206021  -0.00008499     0.01541523   0.00000000     0.00883436   0.00211747
 -0.01633567  -0.00129558    -0.00883436   0.00211747    -0.04684489  -0.00000000
    4    8
 -0.02377125   0.01199507    -0.00835760  -0.00021679     0.01742965  -0.00206609
  0.00835760   0.00021679     0.01699288  -0.00343572     0.00102314   0.00129363
  0.01742965  -0.00206609    -0.00102314  -0.00129363    -0.01714974  -0.00002979
    4    9
  0.02318929   0.00000000     0.01633567  -0.00129558    -0.01206021   0.00008499
 -0.01633567  -0.00129558    -0.04684489  -0.00000000    -0.00883436   0.00211747
 -0.01206021  -0.00008499     0.00883436   0.00211747     0.01541523   0.00000000
    4   10
  0.03394680   0.00000000     0.01035322  -0.00231388     0.01035322  -0.00231388
 -0.01035322  -0.00231388    -0.01508008  -0.00000000     0.01302168   0.00000000
 -0.01035322  -0.00231388     0.01302168   0.00000000    -0.01508008   0.00000000
    4   11
 -0.06446737  -0.00031728    -0.01682770   0.00371026    -0.01682770   0.00371026
  0.01682770  -0.00371026     0.01512182   0.00373731    -0.00664289   0.00619050
  0.01682770  -0.00371026    -0.00664289   0.00619050     0.01512182   0.00373731
    5    1
 -0.05292023   0.01558905     0.01600394   0.01058791     0.01600394   0.01058791
  0.01437153  -0.00400686     0.00545586  -0.00510474     0.02092690   0.00367903
  0.01437153  -0.00400686     0.02092690   0.00367903     0.00545586  -0.00510474
    5    2
 -0.01325766  -0.00306203    -0.01544891  -0.00086220    -0.01544891  -0.00086220
 -0.02073151   0.00420428    -0.01154542  -0.00108823    -0.01728192   0.00095295
 -0.02073151   0.00420428    -0.01728192   0.00095295    -0.01154542  -0.00108823
    5    3
  0.00294124  -0.00875993    -0.00208653   0.00194750    -0.00208653   0.00194750
  0.00082536   0.00391230     0.00757202   0.00130445     0.00279434   0.00620773
  0.00082536   0.00391230     0.00279434   0.00620773     0.00757202   0.00130445
    5    4
 -0.03018122  -0.00340605     0.00262773  -0.00161674     0.00262773  -0.00161674
  0.00262773  -0.00161674    -0.01772201  -0.00324366    -0.00806403  -0.00694792
  0.00262773  -0.00161674    -0.00806403  -0.00694792    -0.01772201  -0.00324366
    5    5
  0.08570371  -0.00000000    -0.00718295  -0.00072889    -0.00718295  -0.00072889
 -0.00718295   0.00072889     0.06737703   0.00000000     0.00179949   0.00000000
 -0.00718295   0.00072889     0.00179949   0.00000000     0.06737703   0.00000000
    5    6
  0.02318929  -0.00000000    -0.01206021  -0.00008499     0.01633567   0.00129558
 -0.01206021   0.00008499     0.01541523  -0.00000000     0.00883436  -0.00211747
 -0.01633567   0.00129558    -0.00883436  -0.00211747    -0.04684489   0.00000000
    5    7
 -0.02377125  -0.01199507     0.01742965   0.00206609    -0.00835760   0.00021679
  0.01742965   0.00206609    -0.01714974   0.00002979    -0.00102314   0.00129363
  0.00835760  -0.00021679     0.00102314  -0.00129363     0.01699288   0.00343572
    5    8
  0.02318929  -0.00000000     0.01633567   0.00129558    -0.01206021  -0.00008499
 -0.01633567   0.00129558    -0.04684489   0.00000000    -0.00883436  -0.00211747
 -0.01206021   0.00008499     0.00883436  -0.00211747     0.01541523  -0.00000000
    5    9
 -0.02377125  -0.01199507    -0.00835760   0.00021679     0.01742965   0.00206609
  0.00835760  -0.00021679     0.01699288   0.00343572     0.00102314  -0.00129363
  0.01742965   0.00206609    -0.00102314   0.00129363    -0.01714974   0.00002979
    5   10
 -0.06446737   0.00031728    -0.01682770  -0.00371026    -0.01682770  -0.00371026
  0.01682770   0.00371026     0.01512182  -0.00373731    -0.00664289  -0.00619050
  0.01682770   0.00371026    -0.00664289  -0.00619050     0.01512182  -0.00373731
    5   11
  0.03394680  -0.00000000     0.01035322   0.00231388     0.01035322   0.00231388
 -0.01035322   0.00231388    -0.01508008   0.00000000     0.01302168  -0.00000000
 -0.01035322   0.00231388     0.01302168  -0.00000000    -0.01508008  -0.00000000
    6    1
 -0.05292023   0.01558905     0.01600394   0.01058791    -0.01600394  -0.01058791
  0.01437153  -0.00400686     0.00545586  -0.00510474    -0.02092690  -0.00367903
 -0.01437153   0.00400686    -0.02092690  -0.00367903     0.00545586  -0.00510474
    6    2
  0.00905694  -0.00183278    -0.00272984  -0.00083324     0.00272984   0.00083324
 -0.00297547   0.00267094     0.00265632   0.00720979     0.00397888  -0.00552383
  0.00297547  -0.00267094     0.00397888  -0.00552383     0.00265632   0.00720979
    6    3
 -0.00928063   0.00995045    -0.00847114   0.01294805     0.00847114  -0.01294805
 -0.00672474   0.02005615    -0.00671515   0.00945451     0.00781568  -0.01544306
  0.00672474  -0.02005615     0.00781568  -0.01544306    -0.00671515   0.00945451
    6    4
 -0.02377125  -0.01199507     0.01742965   0.00206609     0.00835760  -0.00021679
  0.01742965   0.00206609    -0.01714974   0.00002979     0.00102314  -0.00129363
 -0.00835760   0.00021679    -0.00102314   0.00129363     0.01699288   0.00343572
    6    5
  0.02318929   0.00000000    -0.01206021  -0.00008499    -0.01633567  -0.00129558
 -0.01206021   0.00008499     0.01541523   0.00000000    -0.00883436   0.00211747
  0.01633567  -0.00129558     0.00883436   0.00211747    -0.04684489  -0.00000000
    6    6
  0.08570371   0.00000000    -0.00718295  -0.00072889     0.00718295   0.00072889
 -0.00718295   0.00072889     0.06737703   0.00000000    -0.00179949  -0.00000000
  0.00718295  -0.00072889    -0.00179949  -0.00000000     0.06737703   0.00000000
    6    7
 -0.03018122  -0.00340605     0.00262773  -0.00161674    -0.00262773   0.00161674
  0.00262773  -0.00161674    -0.01772201  -0.00324366     0.00806403   0.00694792
 -0.00262773   0.00161674     0.00806403   0.00694792    -0.01772201  -0.00324366
    6    8
  0.03394680  -0.00000000     0.01035322   0.00231388    -0.01035322  -0.00231388
 -0.01035322   0.00231388    -0.01508008   0.00000000    -0.01302168   0.00000000
  0.01035322  -0.00231388    -0.01302168   0.00000000    -0.01508008  -0.00000000
    6    9
 -0.06446737   0.00031728    -0.01682770  -0.00371026     0.01682770   0.00371026
  0.01682770   0.00371026     0.01512182  -0.00373731     0.00664289   0.00619050
 -0.01682770  -0.00371026     0.00664289   0.00619050     0.01512182  -0.00373731
    6   10
 -0.02377125  -0.01199507    -0.00835760   0.00021679    -0.01742965  -0.00206609
  0.00835760  -0.00021679     0.01699288   0.00343572    -0.00102314   0.00129363
 -0.01742965  -0.00206609     0.00102314  -0.00129363    -0.01714974   0.00002979
    6   11
  0.02318929   0.00000000     0.01633567   0.00129558     0.01206021   0.00008499
 -0.01633567   0.00129558    -0.04684489  -0.00000000     0.00883436   0.00211747
  0.01206021  -0.00008499    -0.00883436   0.00211747     0.01541523   0.00000000
    7    1
  0.03996063  -0.03803574     0.00116743   0.01915378    -0.00116743  -0.01915378
 -0.01065581   0.01044268    -0.00714876   0.00217254     0.00727732  -0.01996274
  0.01065581  -0.01044268     0.00727732  -0.01996274    -0.00714876   0.00217254
    7    2
 -0.00928063  -0.00995045    -0.00847114  -0.01294805     0.00847114   0.01294805
 -0.00672474  -0.02005615    -0.00671515  -0.00945451     0.00781568   0.01544306
  0.00672474   0.02005615     0.00781568   0.01544306    -0.00671515  -0.00945451
    7    3
  0.00905694   0.00183278    -0.00272984   0.00083324     0.00272984  -0.00083324
 -0.00297547  -0.00267094     0.00265632  -0.00720979     0.00397888   0.00552383
  0.00297547   0.00267094     0.00397888   0.00552383     0.00265632  -0.00720979
    7    4
  0.02318929  -0.00000000    -0.01206021   0.00008499    -0.01633567   0.00129558
 -0.01206021  -0.00008499     0.01541523  -0.00000000    -0.00883436  -0.00211747
  0.01633567   0.00129558     0.00883436  -0.00211747    -0.04684489   0.00000000
    7    5
 -0.02377125   0.01199507     0.01742965  -0.00206609     0.00835760   0.00021679
  0.01742965  -0.00206609    -0.01714974  -0.00002979     0.00102314   0.00129363
 -0.00835760  -0.00021679    -0.00102314  -0.00129363     0.01699288  -0.00343572
    7    6
 -0.03018122   0.00340605     0.00262773   0.00161674    -0.00262773  -0.00161674
  0.00262773   0.00161674    -0.01772201   0.00324366     0.00806403  -0.00694792
 -0.00262773  -0.00161674     0.00806403  -0.00694792    -0.01772201   0.00324366
    7    7
  0.08570371  -0.00000000    -0.00718295   0.00072889     0.00718295  -0.00072889
 -0.00718295  -0.00072889     0.06737703  -0.00000000    -0.00179949   0.00000000
  0.00718295   0.00072889    -0.00179949   0.00000000     0.06737703  -0.00000000
    7    8
 -0.06446737  -0.00031728    -0.01682770   0.00371026     0.01682770  -0.00371026
  0.01682770  -0.00371026     0.01512182   0.00373731     0.00664289  -0.00619050
 -0.01682770   0.00371026     0.00664289  -0.00619050     0.01512182   0.00373731
    7    9
  0.03394680   0.00000000     0.01035322  -0.00231388    -0.01035322   0.00231388
 -0.01035322  -0.00231388    -0.01508008  -0.00000000    -0.01302168  -0.00000000
  0.01035322   0.00231388    -0.01302168  -0.00000000    -0.01508008   0.00000000
    7   10
  0.02318929  -0.00000000     0.01633567  -0.00129558     0.01206021  -0.00008499
 -0.01633567  -0.00129558    -0.04684489   0.00000000     0.00883436  -0.00211747
  0.01206021   0.00008499    -0.00883436  -0.00211747     0.01541523  -0.00000000
    7   11
 -0.02377125   0.01199507    -0.00835760  -0.00021679    -0.01742965   0.00206609
  0.00835760   0.00021679     0.01699288  -0.00343572    -0.00102314  -0.00129363
 -0.01742965   0.00206609     0.00102314   0.00129363    -0.01714974  -0.00002979
    8    1
 -0.05292023   0.01558905    -0.01600394  -0.01058791     0.01600394   0.01058791
 -0.01437153   0.00400686     0.00545586  -0.00510474    -0.02092690  -0.00367903
  0.01437153  -0.00400686    -0.02092690  -0.00367903     0.00545586  -0.00510474
    8    2
  0.00905694  -0.00183278     0.00272984   0.00083324    -0.00272984  -0.00083324
  0.00297547  -0.00267094     0.00265632   0.00720979     0.00397888  -0.00552383
 -0.00297547   0.00267094     0.00397888  -0.00552383     0.00265632   0.00720979
    8    3
 -0.00928063   0.00995045     0.00847114  -0.01294805    -0.00847114   0.01294805
  0.00672474  -0.02005615    -0.00671515   0.00945451     0.00781568  -0.01544306
 -0.00672474   0.02005615     0.00781568  -0.01544306    -0.00671515   0.00945451
    8    4
 -0.02377125  -0.01199507     0.00835760  -0.00021679     0.01742965   0.00206609
 -0.00835760   0.00021679     0.01699288   0.00343572    -0.00102314   0.00129363
  0.01742965   0.00206609     0.00102314  -0.00129363    -0.01714974   0.00002979
    8    5
  0.02318929   0.00000000    -0.01633567  -0.00129558    -0.01206021  -0.00008499
  0.01633567  -0.00129558    -0.04684489  -0.00000000     0.00883436   0.00211747
 -0.01206021   0.00008499    -0.00883436   0.00211747     0.01541523   0.00000000
    8    6
  0.03394680  -0.00000000    -0.01035322  -0.00231388     0.01035322   0.00231388
  0.01035322  -0.00231388    -0.01508008  -0.00000000    -0.01302168   0.00000000
 -0.01035322   0.00231388    -0.01302168   0.00000000    -0.01508008  -0.00000000
    8    7
 -0.06446737   0.00031728     0.01682770   0.00371026    -0.01682770  -0.00371026
 -0.01682770  -0.00371026     0.01512182  -0.00373731     0.00664289   0.00619050
  0.01682770   0.00371026     0.00664289   0.00619050     0.01512182  -0.00373731
    8    8
  0.08570371   0.00000000     0.00718295   0.00072889    -0.00718295  -0.00072889
  0.00718295  -0.00072889     0.06737703   0.00000000    -0.00179949  -0.00000000
 -0.00718295   0.00072889    -0.00179949  -0.00000000     0.06737703   0.00000000
    8    9
 -0.03018122  -0.00340605    -0.00262773   0.00161674     0.00262773  -0.00161674
 -0.00262773   0.00161674    -0.01772201  -0.00324366     0.00806403   0.00694792
  0.00262773  -0.00161674     0.00806403   0.00694792    -0.01772201  -0.00324366
    8   10
 -0.02377125  -0.01199507    -0.01742965  -0.00206609    -0.00835760   0.00021679
 -0.01742965  -0.00206609    -0.01714974   0.00002979     0.00102314  -0.00129363
  0.00835760  -0.00021679    -0.00102314   0.00129363     0.01699288   0.00343572
    8   11
  0.02318929   0.00000000     0.01206021   0.00008499     0.01633567   0.00129558
  0.01206021  -0.00008499     0.01541523   0.00000000    -0.00883436   0.00211747
 -0.01633567   0.00129558     0.00883436   0.00211747    -0.04684489  -0.00000000
    9    1
  0.03996063  -0.03803574    -0.00116743  -0.01915378     0.00116743   0.01915378
  0.01065581  -0.01044268    -0.00714876   0.00217254     0.00727732  -0.01996274
 -0.01065581   0.01044268     0.00727732  -0.01996274    -0.00714876   0.00217254
    9    2
 -0.00928063  -0.00995045     0.00847114   0.01294805    -0.00847114  -0.01294805
  0.00672474   0.02005615    -0.00671515  -0.00945451     0.00781568   0.01544306
 -0.00672474  -0.02005615     0.00781568   0.01544306    -0.00671515  -0.00945451
    9    3
  0.00905694   0.00183278     0.00272984  -0.00083324    -0.00272984   0.00083324
  0.00297547   0.00267094     0.00265632  -0.00720979     0.00397888   0.00552383
 -0.00297547  -0.00267094     0.00397888   0.00552383     0.00265632  -0.00720979
    9    4
  0.02318929  -0.00000000    -0.01633567   0.00129558    -0.01206021   0.00008499
  0.01633567   0.00129558    -0.04684489   0.00000000     0.00883436  -0.00211747
 -0.01206021  -0.00008499    -0.00883436  -0.00211747     0.01541523  -0.00000000
    9    5
 -0.02377125   0.01199507     0.00835760   0.00021679     0.01742965  -0.00206609
 -0.00835760  -0.00021679     0.01699288  -0.00343572    -0.00102314  -0.00129363
  0.01742965  -0.00206609     0.00102314   0.00129363    -0.01714974  -0.00002979
    9    6
 -0.06446737  -0.00031728     0.01682770  -0.00371026    -0.01682770   0.00371026
 -0.01682770   0.00371026     0.01512182   0.00373731     0.00664289  -0.00619050
  0.01682770  -0.00371026     0.00664289  -0.00619050     0.01512182   0.00373731
    9    7
  0.03394680   0.00000000    -0.01035322   0.00231388     0.01035322  -0.00231388
  0.01035322   0.00231388    -0.01508008   0.00000000    -0.01302168  -0.00000000
 -0.01035322  -0.00231388    -0.01302168  -0.00000000    -0.01508008   0.00000000
    9    8
 -0.03018122   0.00340605    -0.00262773  -0.00161674     0.00262773   0.00161674
 -0.00262773  -0.00161674    -0.01772201   0.00324366     0.00806403  -0.00694792
  0.00262773   0.00161674     0.00806403  -0.00694792    -0.01772201   0.00324366
    9    9
  0.08570371  -0.00000000     0.00718295  -0.00072889    -0.00718295   0.00072889
  0.00718295   0.00072889     0.06737703  -0.00000000    -0.00179949   0.00000000
 -0.00718295  -0.00072889    -0.00179949   0.00000000     0.06737703  -0.00000000
    9   10
  0.02318929  -0.00000000     0.01206021  -0.00008499     0.01633567  -0.00129558
  0.01206021   0.00008499     0.01541523  -0.00000000    -0.00883436  -0.00211747
 -0.01633567  -0.00129558     0.00883436  -0.00211747    -0.04684489   0.00000000
    9   11
 -0.02377125   0.01199507    -0.01742965   0.00206609    -0.00835760  -0.00021679
 -0.01742965   0.00206609    -0.01714974  -0.00002979     0.00102314   0.00129363
  0.00835760   0.00021679    -0.00102314  -0.00129363     0.01699288  -0.00343572
   10    1
  0.03996063  -0.03803574    -0.00116743  -0.01915378    -0.00116743  -0.01915378
  0.01065581  -0.01044268    -0.00714876   0.00217254    -0.00727732   0.01996274
  0.01065581  -0.01044268    -0.00727732   0.01996274    -0.00714876   0.00217254
   10    2
  0.00294124   0.00875993     0.00208653   0.00194750     0.00208653   0.00194750
 -0.00082536   0.00391230     0.00757202  -0.00130445     0.00279434  -0.00620773
 -0.00082536   0.00391230     0.00279434  -0.00620773     0.00757202  -0.00130445
   10    3
 -0.01325766   0.00306203     0.01544891  -0.00086220     0.01544891  -0.00086220
  0.02073151   0.00420428    -0.01154542   0.00108823    -0.01728192  -0.00095295
  0.02073151   0.00420428    -0.01728192  -0.00095295    -0.01154542   0.00108823
   10    4
  0.03394680   0.00000000    -0.01035322   0.00231388    -0.01035322   0.00231388
  0.01035322   0.00231388    -0.01508008  -0.00000000     0.01302168   0.00000000
  0.01035322   0.00231388     0.01302168   0.00000000    -0.01508008   0.00000000
   10    5
 -0.06446737  -0.00031728     0.01682770  -0.00371026     0.01682770  -0.00371026
 -0.01682770   0.00371026     0.01512182   0.00373731    -0.00664289   0.00619050
 -0.01682770   0.00371026    -0.00664289   0.00619050     0.01512182   0.00373731
   10    6
 -0.02377125   0.01199507     0.00835760   0.00021679    -0.01742965   0.00206609
 -0.00835760  -0.00021679     0.01699288  -0.00343572     0.00102314   0.00129363
 -0.01742965   0.00206609    -0.00102314  -0.00129363    -0.01714974  -0.00002979
   10    7
  0.02318929   0.00000000    -0.01633567   0.00129558     0.01206021  -0.00008499
  0.01633567   0.00129558    -0.04684489  -0.00000000    -0.00883436   0.00211747
  0.01206021   0.00008499     0.00883436   0.00211747     0.01541523   0.00000000
   10    8
 -0.02377125   0.01199507    -0.01742965   0.00206609     0.00835760   0.00021679
 -0.01742965   0.00206609    -0.01714974  -0.00002979    -0.00102314  -0.00129363
 -0.00835760  -0.00021679     0.00102314   0.00129363     0.01699288  -0.00343572
   10    9
  0.02318929   0.00000000     0.01206021  -0.00008499    -0.01633567   0.00129558
  0.01206021   0.00008499     0.01541523   0.00000000     0.00883436   0.00211747
  0.01633567   0.00129558    -0.00883436   0.00211747    -0.04684489  -0.00000000
   10   10
  0.08570371  -0.00000000     0.00718295  -0.00072889     0.00718295  -0.00072889
  0.00718295   0.00072889     0.06737703  -0.00000000     0.00179949  -0.00000000
  0.00718295   0.00072889     0.00179949  -0.00000000     0.06737703   0.00000000
   10   11
 -0.03018122   0.00340605    -0.00262773  -0.00161674    -0.00262773  -0.00161674
 -0.00262773  -0.00161674    -0.01772201   0.00324366    -0.00806403   0.00694792
 -0.00262773  -0.00161674    -0.00806403   0.00694792    -0.01772201   0.00324366
   11    1
 -0.05292023   0.01558905    -0.01600394  -0.01058791    -0.01600394  -0.01058791
 -0.01437153   0.00400686     0.00545586  -0.00510474     0.02092690   0.00367903
 -0.01437153   0.00400686     0.02092690   0.00367903     0.00545586  -0.00510474
   11    2
 -0.01325766  -0.00306203     0.01544891   0.00086220     0.01544891   0.00086220
  0.02073151  -0.00420428    -0.01154542  -0.00108823    -0.01728192   0.00095295
  0.02073151  -0.00420428    -0.01728192   0.00095295    -0.01154542  -0.00108823
   11    3
  0.00294124  -0.00875993     0.00208653  -0.00194750     0.00208653  -0.00194750
 -0.00082536  -0.00391230     0.00757202   0.00130445     0.00279434   0.00620773
 -0.00082536  -0.00391230     0.00279434   0.00620773     0.00757202   0.00130445
   11    4
 -0.06446737   0.00031728     0.01682770   0.00371026     0.01682770   0.00371026
 -0.01682770  -0.00371026     0.01512182  -0.00373731    -0.00664289  -0.00619050
 -0.01682770  -0.00371026    -0.00664289  -0.00619050     0.01512182  -0.00373731
   11    5
  0.03394680  -0.00000000    -0.01035322  -0.00231388    -0.01035322  -0.00231388
  0.01035322  -0.00231388    -0.01508008   0.00000000     0.01302168  -0.00000000
  0.01035322  -0.00231388     0.01302168  -0.00000000    -0.01508008   0.00000000
   11    6
  0.02318929  -0.00000000    -0.01633567  -0.00129558     0.01206021   0.00008499
  0.01633567  -0.00129558    -0.04684489   0.00000000    -0.00883436  -0.00211747
  0.01206021  -0.00008499     0.00883436  -0.00211747     0.01541523  -0.00000000
   11    7
 -0.02377125  -0.01199507     0.00835760  -0.00021679    -0.01742965  -0.00206609
 -0.00835760   0.00021679     0.01699288   0.00343572     0.00102314  -0.00129363
 -0.01742965  -0.00206609    -0.00102314   0.00129363    -0.01714974   0.00002979
   11    8
  0.02318929  -0.00000000     0.01206021   0.00008499    -0.01633567  -0.00129558
  0.01206021  -0.00008499     0.01541523  -0.00000000     0.00883436  -0.00211747
  0.01633567  -0.00129558    -0.00883436  -0.00211747    -0.04684489   0.00000000
   11    9
 -0.02377125  -0.01199507    -0.01742965  -0.00206609     0.00835760  -0.00021679
 -0.01742965  -0.00206609    -0.01714974   0.00002979    -0.00102314   0.00129363
 -0.00835760   0.00021679     0.00102314  -0.00129363     0.01699288   0.00343572
   11   10
 -0.03018122  -0.00340605    -0.00262773   0.00161674    -0.00262773   0.00161674
 -0.00262773   0.00161674    -0.01772201  -0.00324366    -0.00806403  -0.00694792
 -0.00262773   0.00161674    -0.00806403  -0.00694792    -0.01772201  -0.00324366
   11   11
  0.08570371   0.00000000     0.00718295   0.00072889     0.00718295   0.00072889
  0.00718295  -0.00072889     0.06737703   0.00000000     0.00179949   0.00000000
  0.00718295  -0.00072889     0.00179949   0.00000000     0.06737703  -0.00000000

     Dynamical  Matrix in cartesian axes

     q = (   -0.235702260   0.000000000   0.000000000 ) 

    1    1
  0.21422672   0.00000000     0.00000000   0.00000000    -0.00000000   0.00000000
  0.00000000   0.00000000     0.12032798   0.00000000     0.00000000   0.00000000
  0.00000000   0.00000000     0.00000000   0.00000000     0.12032798   0.00000000
    1    2
  0.01644220   0.00949291     0.00000000   0.00000000    -0.00000000   0.00000000
  0.00000000   0.00000000    -0.03525255  -0.02035307    -0.00352842   0.00611140
  0.00000000   0.00000000    -0.00352842   0.00611140    -0.03525255  -0.02035307
    1    3
  0.00000000   0.01898582     0.00000000  -0.00000000    -0.00000000  -0.00000000
 -0.00000000   0.00000000    -0.00000000  -0.04070614     0.00705684  -0.00000000
  0.00000000  -0.00000000     0.00705684   0.00000000    -0.00000000  -0.04070614
    1    4
  0.03996063  -0.03803574    -0.01065581   0.01044268    -0.01065581   0.01044268
  0.00116743   0.01915378    -0.00714876   0.00217254    -0.00727732   0.01996274
  0.00116743   0.01915378    -0.00727732   0.01996274    -0.00714876   0.00217254
    1    5
 -0.05292023   0.01558905     0.01437153  -0.00400686     0.01437153  -0.00400686
  0.01600394   0.01058791     0.00545586  -0.00510474     0.02092690   0.00367903
  0.01600394   0.01058791     0.02092690   0.00367903     0.00545586  -0.00510474
    1    6
 -0.05292023   0.01558905     0.01437153  -0.00400686    -0.01437153   0.00400686
  0.01600394   0.01058791     0.00545586  -0.00510474    -0.02092690  -0.00367903
 -0.01600394  -0.01058791    -0.02092690  -0.00367903     0.00545586  -0.00510474
    1    7
  0.03996063  -0.03803574    -0.01065581   0.01044268     0.01065581  -0.01044268
  0.00116743   0.01915378    -0.00714876   0.00217254     0.00727732  -0.01996274
 -0.00116743  -0.01915378     0.00727732  -0.01996274    -0.00714876   0.00217254
    1    8
 -0.05292023   0.01558905    -0.01437153   0.00400686     0.01437153  -0.00400686
 -0.01600394  -0.01058791     0.00545586  -0.00510474    -0.02092690  -0.00367903
  0.01600394   0.01058791    -0.02092690  -0.00367903     0.00545586  -0.00510474
    1    9
  0.03996063  -0.03803574     0.01065581  -0.01044268    -0.01065581   0.01044268
 -0.00116743  -0.01915378    -0.00714876   0.00217254     0.00727732  -0.01996274
  0.00116743   0.01915378     0.00727732  -0.01996274    -0.00714876   0.00217254
    1   10
  0.03996063  -0.03803574     0.01065581  -0.01044268     0.01065581  -0.01044268
 -0.00116743  -0.01915378    -0.00714876   0.00217254    -0.00727732   0.01996274
 -0.00116743  -0.01915378    -0.00727732   0.01996274    -0.00714876   0.00217254
    1   11
 -0.05292023   0.01558905    -0.01437153   0.00400686    -0.01437153   0.00400686
 -0.01600394  -0.01058791     0.00545586  -0.00510474     0.02092690   0.00367903
 -0.01600394  -0.01058791     0.02092690   0.00367903     0.00545586  -0.00510474
    2    1
  0.01644220  -0.00949291    -0.00000000  -0.00000000    -0.00000000  -0.00000000
  0.00000000  -0.00000000    -0.03525255   0.02035307    -0.00352842  -0.00611140
 -0.00000000   0.00000000    -0.00352842  -0.00611140    -0.03525255   0.02035307
    2    2
  0.09122101   0.00000000     0.00000000   0.00000000     0.00000000   0.00000000
  0.00000000  -0.00000000     0.05544144   0.00000000     0.00000000  -0.00000000
  0.00000000  -0.00000000     0.00000000  -0.00000000     0.05544144  -0.00000000
    2    3
  0.00034407   0.00059594    -0.00000000  -0.00000000    -0.00000000  -0.00000000
 -0.00000000  -0.00000000    -0.00134019  -0.00232127    -0.00525404   0.00303342
  0.00000000  -0.00000000    -0.00525404   0.00303342    -0.00134019  -0.00232127
    2    4
  0.00294124   0.00875993     0.00082536  -0.00391230     0.00082536  -0.00391230
 -0.00208653  -0.00194750     0.00757202  -0.00130445     0.00279434  -0.00620773
 -0.00208653  -0.00194750     0.00279434  -0.00620773     0.00757202  -0.00130445
    2    5
 -0.01325766  -0.00306203    -0.02073151   0.00420428    -0.02073151   0.00420428
 -0.01544891  -0.00086220    -0.01154542  -0.00108823    -0.01728192   0.00095295
 -0.01544891  -0.00086220    -0.01728192   0.00095295    -0.01154542  -0.00108823
    2    6
  0.00905694  -0.00183278    -0.00297547   0.00267094     0.00297547  -0.00267094
 -0.00272984  -0.00083324     0.00265632   0.00720979     0.00397888  -0.00552383
  0.00272984   0.00083324     0.00397888  -0.00552383     0.00265632   0.00720979
    2    7
 -0.00928063  -0.00995045    -0.00672474  -0.02005615     0.00672474   0.02005615
 -0.00847114  -0.01294805    -0.00671515  -0.00945451     0.00781568   0.01544306
  0.00847114   0.01294805     0.00781568   0.01544306    -0.00671515  -0.00945451
    2    8
  0.00905694  -0.00183278     0.00297547  -0.00267094    -0.00297547   0.00267094
  0.00272984   0.00083324     0.00265632   0.00720979     0.00397888  -0.00552383
 -0.00272984  -0.00083324     0.00397888  -0.00552383     0.00265632   0.00720979
    2    9
 -0.00928063  -0.00995045     0.00672474   0.02005615    -0.00672474  -0.02005615
  0.00847114   0.01294805    -0.00671515  -0.00945451     0.00781568   0.01544306
 -0.00847114  -0.01294805     0.00781568   0.01544306    -0.00671515  -0.00945451
    2   10
  0.00294124   0.00875993    -0.00082536   0.00391230    -0.00082536   0.00391230
  0.00208653   0.00194750     0.00757202  -0.00130445     0.00279434  -0.00620773
  0.00208653   0.00194750     0.00279434  -0.00620773     0.00757202  -0.00130445
    2   11
 -0.01325766  -0.00306203     0.02073151  -0.00420428     0.02073151  -0.00420428
  0.01544891   0.00086220    -0.01154542  -0.00108823    -0.01728192   0.00095295
  0.01544891   0.00086220    -0.01728192   0.00095295    -0.01154542  -0.00108823
    3    1
 -0.00000000  -0.01898582    -0.00000000  -0.00000000     0.00000000   0.00000000
  0.00000000  -0.00000000    -0.00000000   0.04070614     0.00705684  -0.00000000
 -0.00000000  -0.00000000     0.00705684   0.00000000    -0.00000000   0.04070614
    3    2
  0.00034407  -0.00059594    -0.00000000   0.00000000    -0.00000000   0.00000000
 -0.00000000   0.00000000    -0.00134019   0.00232127    -0.00525404  -0.00303342
  0.00000000   0.00000000    -0.00525404  -0.00303342    -0.00134019   0.00232127
    3    3
  0.09122101  -0.00000000     0.00000000  -0.00000000     0.00000000  -0.00000000
  0.00000000   0.00000000     0.05544144  -0.00000000     0.00000000   0.00000000
  0.00000000   0.00000000     0.00000000   0.00000000     0.05544144   0.00000000
    3    4
 -0.01325766   0.00306203    -0.02073151  -0.00420428    -0.02073151  -0.00420428
 -0.01544891   0.00086220    -0.01154542   0.00108823    -0.01728192  -0.00095295
 -0.01544891   0.00086220    -0.01728192  -0.00095295    -0.01154542   0.00108823
    3    5
  0.00294124  -0.00875993     0.00082536   0.00391230     0.00082536   0.00391230
 -0.00208653   0.00194750     0.00757202   0.00130445     0.00279434   0.00620773
 -0.00208653   0.00194750     0.00279434   0.00620773     0.00757202   0.00130445
    3    6
 -0.00928063   0.00995045    -0.00672474   0.02005615     0.00672474  -0.02005615
 -0.00847114   0.01294805    -0.00671515   0.00945451     0.00781568  -0.01544306
  0.00847114  -0.01294805     0.00781568  -0.01544306    -0.00671515   0.00945451
    3    7
  0.00905694   0.00183278    -0.00297547  -0.00267094     0.00297547   0.00267094
 -0.00272984   0.00083324     0.00265632  -0.00720979     0.00397888   0.00552383
  0.00272984  -0.00083324     0.00397888   0.00552383     0.00265632  -0.00720979
    3    8
 -0.00928063   0.00995045     0.00672474  -0.02005615    -0.00672474   0.02005615
  0.00847114  -0.01294805    -0.00671515   0.00945451     0.00781568  -0.01544306
 -0.00847114   0.01294805     0.00781568  -0.01544306    -0.00671515   0.00945451
    3    9
  0.00905694   0.00183278     0.00297547   0.00267094    -0.00297547  -0.00267094
  0.00272984  -0.00083324     0.00265632  -0.00720979     0.00397888   0.00552383
 -0.00272984   0.00083324     0.00397888   0.00552383     0.00265632  -0.00720979
    3   10
 -0.01325766   0.00306203     0.02073151   0.00420428     0.02073151   0.00420428
  0.01544891  -0.00086220    -0.01154542   0.00108823    -0.01728192  -0.00095295
  0.01544891  -0.00086220    -0.01728192  -0.00095295    -0.01154542   0.00108823
    3   11
  0.00294124  -0.00875993    -0.00082536  -0.00391230    -0.00082536  -0.00391230
  0.00208653  -0.00194750     0.00757202   0.00130445     0.00279434   0.00620773
  0.00208653  -0.00194750     0.00279434   0.00620773     0.00757202   0.00130445
    4    1
  0.03996063   0.03803574     0.00116743  -0.01915378     0.00116743  -0.01915378
