  1.000000000000000E-002   1.50263395063803        5.49317787411326     
           6

     Dynamical  Matrix in cartesian axes

     q = (    0.471404521   0.000000000   0.000000000 ) 

    1    1
  0.31633638   0.00000000    -0.00000000   0.00000000     0.00000000   0.00000000
 -0.00000000   0.00000000     0.13985495   0.00000000     0.00000000   0.00000000
 -0.00000000   0.00000000     0.00000000   0.00000000     0.13985495   0.00000000
    1    2
  0.01635219  -0.02832283    -0.00000000   0.00000000     0.00000000  -0.00000000
  0.00000000   0.00000000    -0.02548419   0.04413991    -0.04067721  -0.02348500
  0.00000000   0.00000000    -0.04067721  -0.02348500    -0.02548419   0.04413991
    1    3
 -0.03270439  -0.00000000    -0.00000000   0.00000000     0.00000000   0.00000000
  0.00000000  -0.00000000     0.05096838   0.00000000     0.00000000  -0.04697000
 -0.00000000   0.00000000     0.00000000  -0.04697000     0.05096838   0.00000000
    1    4
  0.06709945  -0.04200343    -0.02565223   0.01297604    -0.02565223   0.01297604
 -0.02000630   0.01389836    -0.00913807   0.01153365    -0.03547794   0.01003108
 -0.02000630   0.01389836    -0.03547794   0.01003108    -0.00913807   0.01153365
    1    5
 -0.06992576   0.03710811     0.02406369  -0.01572746     0.02406369  -0.01572746
  0.02203948  -0.01037678     0.01455747  -0.00214698     0.02642614  -0.02570926
  0.02203948  -0.01037678     0.02642614  -0.02570926     0.01455747  -0.00214698
    1    6
 -0.06992576   0.03710811     0.02406369  -0.01572746    -0.02406369   0.01572746
  0.02203948  -0.01037678     0.01455747  -0.00214698    -0.02642614   0.02570926
 -0.02203948   0.01037678    -0.02642614   0.02570926     0.01455747  -0.00214698
    1    7
  0.06709945  -0.04200343    -0.02565223   0.01297604     0.02565223  -0.01297604
 -0.02000630   0.01389836    -0.00913807   0.01153365     0.03547794  -0.01003108
  0.02000630  -0.01389836     0.03547794  -0.01003108    -0.00913807   0.01153365
    1    8
 -0.06992576   0.03710811    -0.02406369   0.01572746     0.02406369  -0.01572746
 -0.02203948   0.01037678     0.01455747  -0.00214698    -0.02642614   0.02570926
  0.02203948  -0.01037678    -0.02642614   0.02570926     0.01455747  -0.00214698
    1    9
  0.06709945  -0.04200343     0.02565223  -0.01297604    -0.02565223   0.01297604
  0.02000630  -0.01389836    -0.00913807   0.01153365     0.03547794  -0.01003108
 -0.02000630   0.01389836     0.03547794  -0.01003108    -0.00913807   0.01153365
    1   10
  0.06709945  -0.04200343     0.02565223  -0.01297604     0.02565223  -0.01297604
  0.02000630  -0.01389836    -0.00913807   0.01153365    -0.03547794   0.01003108
  0.02000630  -0.01389836    -0.03547794   0.01003108    -0.00913807   0.01153365
    1   11
 -0.06992576   0.03710811    -0.02406369   0.01572746    -0.02406369   0.01572746
 -0.02203948   0.01037678     0.01455747  -0.00214698     0.02642614  -0.02570926
 -0.02203948   0.01037678     0.02642614  -0.02570926     0.01455747  -0.00214698
    2    1
  0.01635219   0.02832283     0.00000000   0.00000000     0.00000000  -0.00000000
 -0.00000000  -0.00000000    -0.02548419  -0.04413991    -0.04067721   0.02348500
  0.00000000   0.00000000    -0.04067721   0.02348500    -0.02548419  -0.04413991
    2    2
  0.12025552   0.00000000    -0.00000000  -0.00000000     0.00000000   0.00000000
  0.00000000  -0.00000000     0.10369002  -0.00000000    -0.00000000   0.00000000
  0.00000000  -0.00000000    -0.00000000   0.00000000     0.10369002  -0.00000000
    2    3
 -0.00724615  -0.01255069     0.00000000   0.00000000    -0.00000000  -0.00000000
 -0.00000000   0.00000000     0.00104379   0.00180790    -0.04736073   0.02734373
  0.00000000  -0.00000000    -0.04736073   0.02734373     0.00104379   0.00180790
    2    4
 -0.00367404  -0.01714850     0.01248302   0.00170470     0.01248302   0.00170470
  0.01710992  -0.00536101     0.02075307  -0.01325846     0.02531468   0.00746562
  0.01710992  -0.00536101     0.02531468   0.00746562     0.02075307  -0.01325846
    2    5
 -0.00453181   0.01736284    -0.02578535  -0.00421638    -0.02578535  -0.00421638
 -0.03181314   0.00369511    -0.02576757   0.01311622    -0.03738169  -0.00032084
 -0.03181314   0.00369511    -0.03738169  -0.00032084    -0.02576757   0.01311622
    2    6
  0.01668806  -0.00539244    -0.00771783  -0.00995826     0.00771783   0.00995826
 -0.00391219  -0.01749813     0.00110563  -0.02460192     0.01912276   0.01819035
  0.00391219   0.01749813     0.01912276   0.01819035     0.00110563  -0.02460192
    2    7
 -0.01277076   0.01260609     0.01654417   0.02022258    -0.01654417  -0.02022258
  0.01270651   0.02939855     0.00152480   0.02887348    -0.01896870  -0.03221307
 -0.01270651  -0.02939855    -0.01896870  -0.03221307     0.00152480   0.02887348
    2    8
  0.01668806  -0.00539244     0.00771783   0.00995826    -0.00771783  -0.00995826
  0.00391219   0.01749813     0.00110563  -0.02460192     0.01912276   0.01819035
 -0.00391219  -0.01749813     0.01912276   0.01819035     0.00110563  -0.02460192
    2    9
 -0.01277076   0.01260609    -0.01654417  -0.02022258     0.01654417   0.02022258
 -0.01270651  -0.02939855     0.00152480   0.02887348    -0.01896870  -0.03221307
  0.01270651   0.02939855    -0.01896870  -0.03221307     0.00152480   0.02887348
    2   10
 -0.00367404  -0.01714850    -0.01248302  -0.00170470    -0.01248302  -0.00170470
 -0.01710992   0.00536101     0.02075307  -0.01325846     0.02531468   0.00746562
 -0.01710992   0.00536101     0.02531468   0.00746562     0.02075307  -0.01325846
    2   11
 -0.00453181   0.01736284     0.02578535   0.00421638     0.02578535   0.00421638
  0.03181314  -0.00369511    -0.02576757   0.01311622    -0.03738169  -0.00032084
  0.03181314  -0.00369511    -0.03738169  -0.00032084    -0.02576757   0.01311622
    3    1
 -0.03270439   0.00000000    -0.00000000  -0.00000000     0.00000000   0.00000000
 -0.00000000   0.00000000     0.05096838  -0.00000000     0.00000000   0.04697000
  0.00000000   0.00000000     0.00000000   0.04697000     0.05096838  -0.00000000
    3    2
 -0.00724615   0.01255069     0.00000000  -0.00000000    -0.00000000   0.00000000
 -0.00000000  -0.00000000     0.00104379  -0.00180790    -0.04736073  -0.02734373
  0.00000000   0.00000000    -0.04736073  -0.02734373     0.00104379  -0.00180790
    3    3
  0.12025552  -0.00000000    -0.00000000   0.00000000     0.00000000  -0.00000000
  0.00000000   0.00000000     0.10369002   0.00000000    -0.00000000  -0.00000000
  0.00000000   0.00000000    -0.00000000  -0.00000000     0.10369002   0.00000000
    3    4
 -0.00453181  -0.01736284    -0.02578535   0.00421638    -0.02578535   0.00421638
 -0.03181314  -0.00369511    -0.02576757  -0.01311622    -0.03738169   0.00032084
 -0.03181314  -0.00369511    -0.03738169   0.00032084    -0.02576757  -0.01311622
    3    5
 -0.00367404   0.01714850     0.01248302  -0.00170470     0.01248302  -0.00170470
  0.01710992   0.00536101     0.02075307   0.01325846     0.02531468  -0.00746562
  0.01710992   0.00536101     0.02531468  -0.00746562     0.02075307   0.01325846
    3    6
 -0.01277076  -0.01260609     0.01654417  -0.02022258    -0.01654417   0.02022258
  0.01270651  -0.02939855     0.00152480  -0.02887348    -0.01896870   0.03221307
 -0.01270651   0.02939855    -0.01896870   0.03221307     0.00152480  -0.02887348
    3    7
  0.01668806   0.00539244    -0.00771783   0.00995826     0.00771783  -0.00995826
 -0.00391219   0.01749813     0.00110563   0.02460192     0.01912276  -0.01819035
  0.00391219  -0.01749813     0.01912276  -0.01819035     0.00110563   0.02460192
    3    8
 -0.01277076  -0.01260609    -0.01654417   0.02022258     0.01654417  -0.02022258
 -0.01270651   0.02939855     0.00152480  -0.02887348    -0.01896870   0.03221307
  0.01270651  -0.02939855    -0.01896870   0.03221307     0.00152480  -0.02887348
    3    9
  0.01668806   0.00539244     0.00771783  -0.00995826    -0.00771783   0.00995826
  0.00391219  -0.01749813     0.00110563   0.02460192     0.01912276  -0.01819035
 -0.00391219   0.01749813     0.01912276  -0.01819035     0.00110563   0.02460192
    3   10
 -0.00453181  -0.01736284     0.02578535  -0.00421638     0.02578535  -0.00421638
  0.03181314   0.00369511    -0.02576757  -0.01311622    -0.03738169   0.00032084
  0.03181314   0.00369511    -0.03738169   0.00032084    -0.02576757  -0.01311622
    3   11
 -0.00367404   0.01714850    -0.01248302   0.00170470    -0.01248302   0.00170470
 -0.01710992  -0.00536101     0.02075307   0.01325846     0.02531468  -0.00746562
 -0.01710992  -0.00536101     0.02531468  -0.00746562     0.02075307   0.01325846
    4    1
  0.06709945   0.04200343    -0.02000630  -0.01389836    -0.02000630  -0.01389836
 -0.02565223  -0.01297604    -0.00913807  -0.01153365    -0.03547794  -0.01003108
 -0.02565223  -0.01297604    -0.03547794  -0.01003108    -0.00913807  -0.01153365
    4    2
 -0.00367404   0.01714850     0.01710992   0.00536101     0.01710992   0.00536101
  0.01248302  -0.00170470     0.02075307   0.01325846     0.02531468  -0.00746562
  0.01248302  -0.00170470     0.02531468  -0.00746562     0.02075307   0.01325846
    4    3
 -0.00453181   0.01736284    -0.03181314   0.00369511    -0.03181314   0.00369511
 -0.02578535  -0.00421638    -0.02576757   0.01311622    -0.03738169  -0.00032084
 -0.02578535  -0.00421638    -0.03738169  -0.00032084    -0.02576757   0.01311622
    4    4
  0.13565970   0.00000000    -0.00328512  -0.00011567    -0.00328512  -0.00011567
 -0.00328512   0.00011567     0.09500800  -0.00000000     0.01187991  -0.00000000
 -0.00328512   0.00011567     0.01187991  -0.00000000     0.09500800  -0.00000000
    4    5
 -0.06384197   0.01996151    -0.00366982  -0.00858135    -0.00366982  -0.00858135
 -0.00366982  -0.00858135    -0.04088239   0.00457572    -0.02414240   0.00335105
 -0.00366982  -0.00858135    -0.02414240   0.00335105    -0.04088239   0.00457572
    4    6
 -0.03221685   0.01992119     0.03696396  -0.01018701    -0.01636354   0.00928098
  0.03696396  -0.01018701    -0.01312462   0.00326990    -0.00268434   0.00135219
  0.01636354  -0.00928098     0.00268434  -0.00135219     0.03233846  -0.00432778
    4    7
  0.04316238   0.00000000    -0.03366055  -0.00136533     0.02821367   0.00006209
 -0.03366055   0.00136533     0.01013081   0.00000000     0.00729791   0.00064168
 -0.02821367   0.00006209    -0.00729791   0.00064168    -0.06325200  -0.00000000
    4    8
 -0.03221685   0.01992119    -0.01636354   0.00928098     0.03696396  -0.01018701
  0.01636354  -0.00928098     0.03233846  -0.00432778     0.00268434  -0.00135219
  0.03696396  -0.01018701    -0.00268434   0.00135219    -0.01312462   0.00326990
    4    9
  0.04316238   0.00000000     0.02821367   0.00006209    -0.03366055  -0.00136533
 -0.02821367   0.00006209    -0.06325200  -0.00000000    -0.00729791   0.00064168
 -0.03366055   0.00136533     0.00729791   0.00064168     0.01013081   0.00000000
    4   10
  0.05301528   0.00000000     0.03565013   0.00300626     0.03565013   0.00300626
 -0.03565013   0.00300626    -0.00970636   0.00000000     0.01832760  -0.00000000
 -0.03565013   0.00300626     0.01832760   0.00000000    -0.00970636   0.00000000
    4   11
 -0.07510302   0.02229145    -0.03651371   0.01090095    -0.03651371   0.01090095
  0.03651371  -0.01090095     0.01172152  -0.00119957    -0.01649122   0.00396628
  0.03651371  -0.01090095    -0.01649122   0.00396628     0.01172152  -0.00119957
    5    1
 -0.06992576  -0.03710811     0.02203948   0.01037678     0.02203948   0.01037678
  0.02406369   0.01572746     0.01455747   0.00214698     0.02642614   0.02570926
  0.02406369   0.01572746     0.02642614   0.02570926     0.01455747   0.00214698
    5    2
 -0.00453181  -0.01736284    -0.03181314  -0.00369511    -0.03181314  -0.00369511
 -0.02578535   0.00421638    -0.02576757  -0.01311622    -0.03738169   0.00032084
 -0.02578535   0.00421638    -0.03738169   0.00032084    -0.02576757  -0.01311622
    5    3
 -0.00367404  -0.01714850     0.01710992  -0.00536101     0.01710992  -0.00536101
  0.01248302   0.00170470     0.02075307  -0.01325846     0.02531468   0.00746562
  0.01248302   0.00170470     0.02531468   0.00746562     0.02075307  -0.01325846
    5    4
 -0.06384197  -0.01996151    -0.00366982   0.00858135    -0.00366982   0.00858135
 -0.00366982   0.00858135    -0.04088239  -0.00457572    -0.02414240  -0.00335105
 -0.00366982   0.00858135    -0.02414240  -0.00335105    -0.04088239  -0.00457572
    5    5
  0.13565970  -0.00000000    -0.00328512   0.00011567    -0.00328512   0.00011567
 -0.00328512  -0.00011567     0.09500800   0.00000000     0.01187991   0.00000000
 -0.00328512  -0.00011567     0.01187991   0.00000000     0.09500800   0.00000000
    5    6
  0.04316238  -0.00000000    -0.03366055   0.00136533     0.02821367  -0.00006209
 -0.03366055  -0.00136533     0.01013081  -0.00000000     0.00729791  -0.00064168
 -0.02821367  -0.00006209    -0.00729791  -0.00064168    -0.06325200   0.00000000
    5    7
 -0.03221685  -0.01992119     0.03696396   0.01018701    -0.01636354  -0.00928098
  0.03696396   0.01018701    -0.01312462  -0.00326990    -0.00268434  -0.00135219
  0.01636354   0.00928098     0.00268434   0.00135219     0.03233846   0.00432778
    5    8
  0.04316238  -0.00000000     0.02821367  -0.00006209    -0.03366055   0.00136533
 -0.02821367  -0.00006209    -0.06325200   0.00000000    -0.00729791  -0.00064168
 -0.03366055  -0.00136533     0.00729791  -0.00064168     0.01013081  -0.00000000
    5    9
 -0.03221685  -0.01992119    -0.01636354  -0.00928098     0.03696396   0.01018701
  0.01636354   0.00928098     0.03233846   0.00432778     0.00268434   0.00135219
  0.03696396   0.01018701    -0.00268434  -0.00135219    -0.01312462  -0.00326990
    5   10
 -0.07510302  -0.02229145    -0.03651371  -0.01090095    -0.03651371  -0.01090095
  0.03651371   0.01090095     0.01172152   0.00119957    -0.01649122  -0.00396628
  0.03651371   0.01090095    -0.01649122  -0.00396628     0.01172152   0.00119957
    5   11
  0.05301528   0.00000000     0.03565013  -0.00300626     0.03565013  -0.00300626
 -0.03565013  -0.00300626    -0.00970636  -0.00000000     0.01832760   0.00000000
 -0.03565013  -0.00300626     0.01832760   0.00000000    -0.00970636  -0.00000000
    6    1
 -0.06992576  -0.03710811     0.02203948   0.01037678    -0.02203948  -0.01037678
  0.02406369   0.01572746     0.01455747   0.00214698    -0.02642614  -0.02570926
 -0.02406369  -0.01572746    -0.02642614  -0.02570926     0.01455747   0.00214698
    6    2
  0.01668806   0.00539244    -0.00391219   0.01749813     0.00391219  -0.01749813
 -0.00771783   0.00995826     0.00110563   0.02460192     0.01912276  -0.01819035
  0.00771783  -0.00995826     0.01912276  -0.01819035     0.00110563   0.02460192
    6    3
 -0.01277076   0.01260609     0.01270651   0.02939855    -0.01270651  -0.02939855
  0.01654417   0.02022258     0.00152480   0.02887348    -0.01896870  -0.03221307
 -0.01654417  -0.02022258    -0.01896870  -0.03221307     0.00152480   0.02887348
    6    4
 -0.03221685  -0.01992119     0.03696396   0.01018701     0.01636354   0.00928098
  0.03696396   0.01018701    -0.01312462  -0.00326990     0.00268434   0.00135219
 -0.01636354  -0.00928098    -0.00268434  -0.00135219     0.03233846   0.00432778
    6    5
  0.04316238   0.00000000    -0.03366055   0.00136533    -0.02821367   0.00006209
 -0.03366055  -0.00136533     0.01013081   0.00000000    -0.00729791   0.00064168
  0.02821367   0.00006209     0.00729791   0.00064168    -0.06325200  -0.00000000
    6    6
  0.13565970  -0.00000000    -0.00328512   0.00011567     0.00328512  -0.00011567
 -0.00328512  -0.00011567     0.09500800   0.00000000    -0.01187991  -0.00000000
  0.00328512   0.00011567    -0.01187991  -0.00000000     0.09500800   0.00000000
    6    7
 -0.06384197  -0.01996151    -0.00366982   0.00858135     0.00366982  -0.00858135
 -0.00366982   0.00858135    -0.04088239  -0.00457572     0.02414240   0.00335105
  0.00366982  -0.00858135     0.02414240   0.00335105    -0.04088239  -0.00457572
    6    8
  0.05301528   0.00000000     0.03565013  -0.00300626    -0.03565013   0.00300626
 -0.03565013  -0.00300626    -0.00970636  -0.00000000    -0.01832760   0.00000000
  0.03565013   0.00300626    -0.01832760   0.00000000    -0.00970636  -0.00000000
    6    9
 -0.07510302  -0.02229145    -0.03651371  -0.01090096     0.03651371   0.01090096
  0.03651371   0.01090096     0.01172152   0.00119957     0.01649122   0.00396628
 -0.03651371  -0.01090096     0.01649122   0.00396628     0.01172152   0.00119957
    6   10
 -0.03221685  -0.01992119    -0.01636354  -0.00928098    -0.03696396  -0.01018701
  0.01636354   0.00928098     0.03233846   0.00432778    -0.00268434  -0.00135219
 -0.03696396  -0.01018701     0.00268434   0.00135219    -0.01312462  -0.00326990
    6   11
  0.04316238   0.00000000     0.02821367  -0.00006209     0.03366055  -0.00136533
 -0.02821367  -0.00006209    -0.06325200  -0.00000000     0.00729791   0.00064168
  0.03366055   0.00136533    -0.00729791   0.00064168     0.01013081   0.00000000
    7    1
  0.06709945   0.04200343    -0.02000630  -0.01389836     0.02000630   0.01389836
 -0.02565223  -0.01297604    -0.00913807  -0.01153365     0.03547794   0.01003108
  0.02565223   0.01297604     0.03547794   0.01003108    -0.00913807  -0.01153365
    7    2
 -0.01277076  -0.01260609     0.01270651  -0.02939855    -0.01270651   0.02939855
  0.01654417  -0.02022258     0.00152480  -0.02887348    -0.01896870   0.03221307
 -0.01654417   0.02022258    -0.01896870   0.03221307     0.00152480  -0.02887348
    7    3
  0.01668806  -0.00539244    -0.00391219  -0.01749813     0.00391219   0.01749813
 -0.00771783  -0.00995826     0.00110563  -0.02460192     0.01912276   0.01819035
  0.00771783   0.00995826     0.01912276   0.01819035     0.00110563  -0.02460192
    7    4
  0.04316238  -0.00000000    -0.03366055  -0.00136533    -0.02821367  -0.00006209
 -0.03366055   0.00136533     0.01013081  -0.00000000    -0.00729791  -0.00064168
  0.02821367  -0.00006209     0.00729791  -0.00064168    -0.06325200   0.00000000
    7    5
 -0.03221685   0.01992119     0.03696396  -0.01018701     0.01636354  -0.00928098
  0.03696396  -0.01018701    -0.01312462   0.00326990     0.00268434  -0.00135219
 -0.01636354   0.00928098    -0.00268434   0.00135219     0.03233846  -0.00432778
    7    6
 -0.06384197   0.01996151    -0.00366982  -0.00858135     0.00366982   0.00858135
 -0.00366982  -0.00858135    -0.04088239   0.00457572     0.02414240  -0.00335105
  0.00366982   0.00858135     0.02414240  -0.00335105    -0.04088239   0.00457572
    7    7
  0.13565970   0.00000000    -0.00328512  -0.00011567     0.00328512   0.00011567
 -0.00328512   0.00011567     0.09500800  -0.00000000    -0.01187991   0.00000000
  0.00328512  -0.00011567    -0.01187991   0.00000000     0.09500800  -0.00000000
    7    8
 -0.07510302   0.02229145    -0.03651371   0.01090096     0.03651371  -0.01090096
  0.03651371  -0.01090096     0.01172152  -0.00119957     0.01649122  -0.00396628
 -0.03651371   0.01090096     0.01649122  -0.00396628     0.01172152  -0.00119957
    7    9
  0.05301528  -0.00000000     0.03565013   0.00300626    -0.03565013  -0.00300626
 -0.03565013   0.00300626    -0.00970636   0.00000000    -0.01832760   0.00000000
  0.03565013  -0.00300626    -0.01832760   0.00000000    -0.00970636   0.00000000
    7   10
  0.04316238  -0.00000000     0.02821367   0.00006209     0.03366055   0.00136533
 -0.02821367   0.00006209    -0.06325200   0.00000000     0.00729791  -0.00064168
  0.03366055  -0.00136533    -0.00729791  -0.00064168     0.01013081  -0.00000000
    7   11
 -0.03221685   0.01992119    -0.01636354   0.00928098    -0.03696396   0.01018701
  0.01636354  -0.00928098     0.03233846  -0.00432778    -0.00268434   0.00135219
 -0.03696396   0.01018701     0.00268434  -0.00135219    -0.01312462   0.00326990
    8    1
 -0.06992576  -0.03710811    -0.02203948  -0.01037678     0.02203948   0.01037678
 -0.02406369  -0.01572746     0.01455747   0.00214698    -0.02642614  -0.02570926
  0.02406369   0.01572746    -0.02642614  -0.02570926     0.01455747   0.00214698
    8    2
  0.01668806   0.00539244     0.00391219  -0.01749813    -0.00391219   0.01749813
  0.00771783  -0.00995826     0.00110563   0.02460192     0.01912276  -0.01819035
 -0.00771783   0.00995826     0.01912276  -0.01819035     0.00110563   0.02460192
    8    3
 -0.01277076   0.01260609    -0.01270651  -0.02939855     0.01270651   0.02939855
 -0.01654417  -0.02022258     0.00152480   0.02887348    -0.01896870  -0.03221307
  0.01654417   0.02022258    -0.01896870  -0.03221307     0.00152480   0.02887348
    8    4
 -0.03221685  -0.01992119     0.01636354   0.00928098     0.03696396   0.01018701
 -0.01636354  -0.00928098     0.03233846   0.00432778    -0.00268434  -0.00135219
  0.03696396   0.01018701     0.00268434   0.00135219    -0.01312462  -0.00326990
    8    5
  0.04316238   0.00000000    -0.02821367   0.00006209    -0.03366055   0.00136533
  0.02821367   0.00006209    -0.06325200  -0.00000000     0.00729791   0.00064168
 -0.03366055  -0.00136533    -0.00729791   0.00064168     0.01013081   0.00000000
    8    6
  0.05301528   0.00000000    -0.03565013   0.00300626     0.03565013  -0.00300626
  0.03565013   0.00300626    -0.00970636  -0.00000000    -0.01832760   0.00000000
 -0.03565013  -0.00300626    -0.01832760   0.00000000    -0.00970636  -0.00000000
    8    7
 -0.07510302  -0.02229145     0.03651371   0.01090096    -0.03651371  -0.01090096
 -0.03651371  -0.01090096     0.01172152   0.00119957     0.01649122   0.00396628
  0.03651371   0.01090096     0.01649122   0.00396628     0.01172152   0.00119957
    8    8
  0.13565970  -0.00000000     0.00328512  -0.00011567    -0.00328512   0.00011567
  0.00328512   0.00011567     0.09500800   0.00000000    -0.01187991  -0.00000000
 -0.00328512  -0.00011567    -0.01187991  -0.00000000     0.09500800   0.00000000
    8    9
 -0.06384197  -0.01996151     0.00366982  -0.00858135    -0.00366982   0.00858135
  0.00366982  -0.00858135    -0.04088239  -0.00457572     0.02414240   0.00335105
 -0.00366982   0.00858135     0.02414240   0.00335105    -0.04088239  -0.00457572
    8   10
 -0.03221685  -0.01992119    -0.03696396  -0.01018701    -0.01636354  -0.00928098
 -0.03696396  -0.01018701    -0.01312462  -0.00326990     0.00268434   0.00135219
  0.01636354   0.00928098    -0.00268434  -0.00135219     0.03233846   0.00432778
    8   11
  0.04316238   0.00000000     0.03366055  -0.00136533     0.02821367  -0.00006209
  0.03366055   0.00136533     0.01013081   0.00000000    -0.00729791   0.00064168
 -0.02821367  -0.00006209     0.00729791   0.00064168    -0.06325200  -0.00000000
    9    1
  0.06709945   0.04200343     0.02000630   0.01389836    -0.02000630  -0.01389836
  0.02565223   0.01297604    -0.00913807  -0.01153365     0.03547794   0.01003108
 -0.02565223  -0.01297604     0.03547794   0.01003108    -0.00913807  -0.01153365
    9    2
 -0.01277076  -0.01260609    -0.01270651   0.02939855     0.01270651  -0.02939855
 -0.01654417   0.02022258     0.00152480  -0.02887348    -0.01896870   0.03221307
  0.01654417  -0.02022258    -0.01896870   0.03221307     0.00152480  -0.02887348
    9    3
  0.01668806  -0.00539244     0.00391219   0.01749813    -0.00391219  -0.01749813
  0.00771783   0.00995826     0.00110563  -0.02460192     0.01912276   0.01819035
 -0.00771783  -0.00995826     0.01912276   0.01819035     0.00110563  -0.02460192
    9    4
  0.04316238  -0.00000000    -0.02821367  -0.00006209    -0.03366055  -0.00136533
  0.02821367  -0.00006209    -0.06325200   0.00000000     0.00729791  -0.00064168
 -0.03366055   0.00136533    -0.00729791  -0.00064168     0.01013081  -0.00000000
    9    5
 -0.03221685   0.01992119     0.01636354  -0.00928098     0.03696396  -0.01018701
 -0.01636354   0.00928098     0.03233846  -0.00432778    -0.00268434   0.00135219
  0.03696396  -0.01018701     0.00268434  -0.00135219    -0.01312462   0.00326990
    9    6
 -0.07510302   0.02229145     0.03651371  -0.01090096    -0.03651371   0.01090096
 -0.03651371   0.01090096     0.01172152  -0.00119957     0.01649122  -0.00396628
  0.03651371  -0.01090096     0.01649122  -0.00396628     0.01172152  -0.00119957
    9    7
  0.05301528  -0.00000000    -0.03565013  -0.00300626     0.03565013   0.00300626
  0.03565013  -0.00300626    -0.00970636   0.00000000    -0.01832760   0.00000000
 -0.03565013   0.00300626    -0.01832760  -0.00000000    -0.00970636   0.00000000
    9    8
 -0.06384197   0.01996151     0.00366982   0.00858135    -0.00366982  -0.00858135
  0.00366982   0.00858135    -0.04088239   0.00457572     0.02414240  -0.00335105
 -0.00366982  -0.00858135     0.02414240  -0.00335105    -0.04088239   0.00457572
    9    9
  0.13565970   0.00000000     0.00328512   0.00011567    -0.00328512  -0.00011567
  0.00328512  -0.00011567     0.09500800  -0.00000000    -0.01187991   0.00000000
 -0.00328512   0.00011567    -0.01187991   0.00000000     0.09500800  -0.00000000
    9   10
  0.04316238  -0.00000000     0.03366055   0.00136533     0.02821367   0.00006209
  0.03366055  -0.00136533     0.01013081  -0.00000000    -0.00729791  -0.00064168
 -0.02821367   0.00006209     0.00729791  -0.00064168    -0.06325200   0.00000000
    9   11
 -0.03221685   0.01992119    -0.03696396   0.01018701    -0.01636354   0.00928098
 -0.03696396   0.01018701    -0.01312462   0.00326990     0.00268434  -0.00135219
  0.01636354  -0.00928098    -0.00268434   0.00135219     0.03233846  -0.00432778
   10    1
  0.06709945   0.04200343     0.02000630   0.01389836     0.02000630   0.01389836
  0.02565223   0.01297604    -0.00913807  -0.01153365    -0.03547794  -0.01003108
  0.02565223   0.01297604    -0.03547794  -0.01003108    -0.00913807  -0.01153365
   10    2
 -0.00367404   0.01714850    -0.01710992  -0.00536101    -0.01710992  -0.00536101
 -0.01248302   0.00170470     0.02075307   0.01325846     0.02531468  -0.00746562
 -0.01248302   0.00170470     0.02531468  -0.00746562     0.02075307   0.01325846
   10    3
 -0.00453181   0.01736284     0.03181314  -0.00369511     0.03181314  -0.00369511
  0.02578535   0.00421638    -0.02576757   0.01311622    -0.03738169  -0.00032084
  0.02578535   0.00421638    -0.03738169  -0.00032084    -0.02576757   0.01311622
   10    4
  0.05301528  -0.00000000    -0.03565013  -0.00300626    -0.03565013  -0.00300626
  0.03565013  -0.00300626    -0.00970636   0.00000000     0.01832760   0.00000000
  0.03565013  -0.00300626     0.01832760   0.00000000    -0.00970636   0.00000000
   10    5
 -0.07510302   0.02229145     0.03651371  -0.01090095     0.03651371  -0.01090095
 -0.03651371   0.01090095     0.01172152  -0.00119957    -0.01649122   0.00396628
 -0.03651371   0.01090095    -0.01649122   0.00396628     0.01172152  -0.00119957
   10    6
 -0.03221685   0.01992119     0.01636354  -0.00928098    -0.03696396   0.01018701
 -0.01636354   0.00928098     0.03233846  -0.00432778     0.00268434  -0.00135219
 -0.03696396   0.01018701    -0.00268434   0.00135219    -0.01312462   0.00326990
   10    7
  0.04316238   0.00000000    -0.02821367  -0.00006209     0.03366055   0.00136533
  0.02821367  -0.00006209    -0.06325200  -0.00000000    -0.00729791   0.00064168
  0.03366055  -0.00136533     0.00729791   0.00064168     0.01013081   0.00000000
   10    8
 -0.03221685   0.01992119    -0.03696396   0.01018701     0.01636354  -0.00928098
 -0.03696396   0.01018701    -0.01312462   0.00326990    -0.00268434   0.00135219
 -0.01636354   0.00928098     0.00268434  -0.00135219     0.03233846  -0.00432778
   10    9
  0.04316238   0.00000000     0.03366055   0.00136533    -0.02821367  -0.00006209
  0.03366055  -0.00136533     0.01013081   0.00000000     0.00729791   0.00064168
  0.02821367  -0.00006209    -0.00729791   0.00064168    -0.06325200  -0.00000000
   10   10
  0.13565970   0.00000000     0.00328512   0.00011567     0.00328512   0.00011567
  0.00328512  -0.00011567     0.09500800  -0.00000000     0.01187991  -0.00000000
  0.00328512  -0.00011567     0.01187991  -0.00000000     0.09500800  -0.00000000
   10   11
 -0.06384197   0.01996151     0.00366982   0.00858135     0.00366982   0.00858135
  0.00366982   0.00858135    -0.04088239   0.00457572    -0.02414240   0.00335105
  0.00366982   0.00858135    -0.02414240   0.00335105    -0.04088239   0.00457572
   11    1
 -0.06992576  -0.03710811    -0.02203948  -0.01037678    -0.02203948  -0.01037678
 -0.02406369  -0.01572746     0.01455747   0.00214698     0.02642614   0.02570926
 -0.02406369  -0.01572746     0.02642614   0.02570926     0.01455747   0.00214698
   11    2
 -0.00453181  -0.01736284     0.03181314   0.00369511     0.03181314   0.00369511
  0.02578535  -0.00421638    -0.02576757  -0.01311622    -0.03738169   0.00032084
  0.02578535  -0.00421638    -0.03738169   0.00032084    -0.02576757  -0.01311622
   11    3
 -0.00367404  -0.01714850    -0.01710992   0.00536101    -0.01710992   0.00536101
 -0.01248302  -0.00170470     0.02075307  -0.01325846     0.02531468   0.00746562
 -0.01248302  -0.00170470     0.02531468   0.00746562     0.02075307  -0.01325846
   11    4
 -0.07510302  -0.02229145     0.03651371   0.01090095     0.03651371   0.01090095
 -0.03651371  -0.01090095     0.01172152   0.00119957    -0.01649122  -0.00396628
 -0.03651371  -0.01090095    -0.01649122  -0.00396628     0.01172152   0.00119957
   11    5
  0.05301528   0.00000000    -0.03565013   0.00300626    -0.03565013   0.00300626
  0.03565013   0.00300626    -0.00970636  -0.00000000     0.01832760   0.00000000
  0.03565013   0.00300626     0.01832760  -0.00000000    -0.00970636   0.00000000
   11    6
  0.04316238  -0.00000000    -0.02821367   0.00006209     0.03366055  -0.00136533
  0.02821367   0.00006209    -0.06325200   0.00000000    -0.00729791  -0.00064168
  0.03366055   0.00136533     0.00729791  -0.00064168     0.01013081  -0.00000000
   11    7
 -0.03221685  -0.01992119     0.01636354   0.00928098    -0.03696396  -0.01018701
 -0.01636354  -0.00928098     0.03233846   0.00432778     0.00268434   0.00135219
 -0.03696396  -0.01018701    -0.00268434  -0.00135219    -0.01312462  -0.00326990
   11    8
  0.04316238  -0.00000000     0.03366055  -0.00136533    -0.02821367   0.00006209
  0.03366055   0.00136533     0.01013081  -0.00000000     0.00729791  -0.00064168
  0.02821367   0.00006209    -0.00729791  -0.00064168    -0.06325200   0.00000000
   11    9
 -0.03221685  -0.01992119    -0.03696396  -0.01018701     0.01636354   0.00928098
 -0.03696396  -0.01018701    -0.01312462  -0.00326990    -0.00268434  -0.00135219
 -0.01636354  -0.00928098     0.00268434   0.00135219     0.03233846   0.00432778
   11   10
 -0.06384197  -0.01996151     0.00366982  -0.00858135     0.00366982  -0.00858135
  0.00366982  -0.00858135    -0.04088239  -0.00457572    -0.02414240  -0.00335105
  0.00366982  -0.00858135    -0.02414240  -0.00335105    -0.04088239  -0.00457572
   11   11
  0.13565970  -0.00000000     0.00328512  -0.00011567     0.00328512  -0.00011567
  0.00328512   0.00011567     0.09500800   0.00000000     0.01187991   0.00000000
  0.00328512   0.00011567     0.01187991   0.00000000     0.09500800   0.00000000

     Dynamical  Matrix in cartesian axes

     q = (   -0.471404521   0.000000000   0.000000000 ) 

    1    1
  0.31633638   0.00000000     0.00000000   0.00000000     0.00000000   0.00000000
  0.00000000   0.00000000     0.13985495   0.00000000     0.00000000   0.00000000
  0.00000000   0.00000000     0.00000000   0.00000000     0.13985495   0.00000000
    1    2
  0.01635219   0.02832283     0.00000000   0.00000000     0.00000000   0.00000000
 -0.00000000  -0.00000000    -0.02548419  -0.04413991    -0.04067721   0.02348500
  0.00000000   0.00000000    -0.04067721   0.02348500    -0.02548419  -0.04413991
    1    3
 -0.03270439  -0.00000000     0.00000000   0.00000000     0.00000000  -0.00000000
  0.00000000  -0.00000000     0.05096838  -0.00000000     0.00000000   0.04697000
  0.00000000   0.00000000     0.00000000   0.04697000     0.05096838  -0.00000000
    1    4
  0.06709945   0.04200343    -0.02565223  -0.01297604    -0.02565223  -0.01297604
 -0.02000630  -0.01389836    -0.00913807  -0.01153365    -0.03547794  -0.01003108
 -0.02000630  -0.01389836    -0.03547794  -0.01003108    -0.00913807  -0.01153365
    1    5
 -0.06992576  -0.03710811     0.02406369   0.01572746     0.02406369   0.01572746
  0.02203948   0.01037678     0.01455747   0.00214698     0.02642614   0.02570926
  0.02203948   0.01037678     0.02642614   0.02570926     0.01455747   0.00214698
    1    6
 -0.06992576  -0.03710811     0.02406369   0.01572746    -0.02406369  -0.01572746
  0.02203948   0.01037678     0.01455747   0.00214698    -0.02642614  -0.02570926
 -0.02203948  -0.01037678    -0.02642614  -0.02570926     0.01455747   0.00214698
    1    7
  0.06709945   0.04200343    -0.02565223  -0.01297604     0.02565223   0.01297604
 -0.02000630  -0.01389836    -0.00913807  -0.01153365     0.03547794   0.01003108
  0.02000630   0.01389836     0.03547794   0.01003108    -0.00913807  -0.01153365
    1    8
 -0.06992576  -0.03710811    -0.02406369  -0.01572746     0.02406369   0.01572746
 -0.02203948  -0.01037678     0.01455747   0.00214698    -0.02642614  -0.02570926
  0.02203948   0.01037678    -0.02642614  -0.02570926     0.01455747   0.00214698
    1    9
  0.06709945   0.04200343     0.02565223   0.01297604    -0.02565223  -0.01297604
  0.02000630   0.01389836    -0.00913807  -0.01153365     0.03547794   0.01003108
 -0.02000630  -0.01389836     0.03547794   0.01003108    -0.00913807  -0.01153365
    1   10
  0.06709945   0.04200343     0.02565223   0.01297604     0.02565223   0.01297604
  0.02000630   0.01389836    -0.00913807  -0.01153365    -0.03547794  -0.01003108
  0.02000630   0.01389836    -0.03547794  -0.01003108    -0.00913807  -0.01153365
    1   11
 -0.06992576  -0.03710811    -0.02406369  -0.01572746    -0.02406369  -0.01572746
 -0.02203948  -0.01037678     0.01455747   0.00214698     0.02642614   0.02570926
 -0.02203948  -0.01037678     0.02642614   0.02570926     0.01455747   0.00214698
    2    1
  0.01635219  -0.02832283    -0.00000000   0.00000000     0.00000000   0.00000000
 -0.00000000   0.00000000    -0.02548419   0.04413991    -0.04067721  -0.02348500
  0.00000000   0.00000000    -0.04067721  -0.02348500    -0.02548419   0.04413991
    2    2
  0.12025552  -0.00000000     0.00000000  -0.00000000    -0.00000000   0.00000000
  0.00000000   0.00000000     0.10369002   0.00000000    -0.00000000  -0.00000000
 -0.00000000  -0.00000000     0.00000000  -0.00000000     0.10369002  -0.00000000
    2    3
 -0.00724615   0.01255069    -0.00000000   0.00000000     0.00000000   0.00000000
 -0.00000000   0.00000000     0.00104379  -0.00180790    -0.04736073  -0.02734373
  0.00000000   0.00000000    -0.04736073  -0.02734373     0.00104379  -0.00180790
    2    4
 -0.00367404   0.01714850     0.01248302  -0.00170470     0.01248302  -0.00170470
  0.01710992   0.00536101     0.02075307   0.01325846     0.02531468  -0.00746562
  0.01710992   0.00536101     0.02531468  -0.00746562     0.02075307   0.01325846
    2    5
 -0.00453181  -0.01736284    -0.02578535   0.00421638    -0.02578535   0.00421638
 -0.03181314  -0.00369511    -0.02576757  -0.01311622    -0.03738169   0.00032084
 -0.03181314  -0.00369511    -0.03738169   0.00032084    -0.02576757  -0.01311622
    2    6
  0.01668806   0.00539244    -0.00771783   0.00995826     0.00771783  -0.00995826
 -0.00391219   0.01749813     0.00110563   0.02460192     0.01912276  -0.01819035
  0.00391219  -0.01749813     0.01912276  -0.01819035     0.00110563   0.02460192
    2    7
 -0.01277076  -0.01260609     0.01654417  -0.02022258    -0.01654417   0.02022258
  0.01270651  -0.02939855     0.00152480  -0.02887348    -0.01896870   0.03221307
 -0.01270651   0.02939855    -0.01896870   0.03221307     0.00152480  -0.02887348
    2    8
  0.01668806   0.00539244     0.00771783  -0.00995826    -0.00771783   0.00995826
  0.00391219  -0.01749813     0.00110563   0.02460192     0.01912276  -0.01819035
 -0.00391219   0.01749813     0.01912276  -0.01819035     0.00110563   0.02460192
    2    9
 -0.01277076  -0.01260609    -0.01654417   0.02022258     0.01654417  -0.02022258
 -0.01270651   0.02939855     0.00152480  -0.02887348    -0.01896870   0.03221307
  0.01270651  -0.02939855    -0.01896870   0.03221307     0.00152480  -0.02887348
    2   10
 -0.00367404   0.01714850    -0.01248302   0.00170470    -0.01248302   0.00170470
 -0.01710992  -0.00536101     0.02075307   0.01325846     0.02531468  -0.00746562
 -0.01710992  -0.00536101     0.02531468  -0.00746562     0.02075307   0.01325846
    2   11
 -0.00453181  -0.01736284     0.02578535  -0.00421638     0.02578535  -0.00421638
  0.03181314   0.00369511    -0.02576757  -0.01311622    -0.03738169   0.00032084
  0.03181314   0.00369511    -0.03738169   0.00032084    -0.02576757  -0.01311622
    3    1
 -0.03270439  -0.00000000    -0.00000000   0.00000000     0.00000000  -0.00000000
 -0.00000000  -0.00000000     0.05096838   0.00000000     0.00000000  -0.04697000
 -0.00000000   0.00000000     0.00000000  -0.04697000     0.05096838   0.00000000
    3    2
 -0.00724615  -0.01255069    -0.00000000  -0.00000000     0.00000000   0.00000000
 -0.00000000  -0.00000000     0.00104379   0.00180790    -0.04736073   0.02734373
  0.00000000  -0.00000000    -0.04736073   0.02734373     0.00104379   0.00180790
    3    3
  0.12025552   0.00000000     0.00000000   0.00000000    -0.00000000  -0.00000000
  0.00000000  -0.00000000     0.10369002  -0.00000000    -0.00000000   0.00000000
 -0.00000000   0.00000000     0.00000000   0.00000000     0.10369002   0.00000000
    3    4
 -0.00453181   0.01736284    -0.02578535  -0.00421638    -0.02578535  -0.00421638
 -0.03181314   0.00369511    -0.02576757   0.01311622    -0.03738169  -0.00032084
 -0.03181314   0.00369511    -0.03738169  -0.00032084    -0.02576757   0.01311622
    3    5
 -0.00367404  -0.01714850     0.01248302   0.00170470     0.01248302   0.00170470
  0.01710992  -0.00536101     0.02075307  -0.01325846     0.02531468   0.00746562
  0.01710992  -0.00536101     0.02531468   0.00746562     0.02075307  -0.01325846
    3    6
 -0.01277076   0.01260609     0.01654417   0.02022258    -0.01654417  -0.02022258
  0.01270651   0.02939855     0.00152480   0.02887348    -0.01896870  -0.03221307
 -0.01270651  -0.02939855    -0.01896870  -0.03221307     0.00152480   0.02887348
    3    7
  0.01668806  -0.00539244    -0.00771783  -0.00995826     0.00771783   0.00995826
 -0.00391219  -0.01749813     0.00110563  -0.02460192     0.01912276   0.01819035
  0.00391219   0.01749813     0.01912276   0.01819035     0.00110563  -0.02460192
    3    8
 -0.01277076   0.01260609    -0.01654417  -0.02022258     0.01654417   0.02022258
 -0.01270651  -0.02939855     0.00152480   0.02887348    -0.01896870  -0.03221307
  0.01270651   0.02939855    -0.01896870  -0.03221307     0.00152480   0.02887348
    3    9
  0.01668806  -0.00539244     0.00771783   0.00995826    -0.00771783  -0.00995826
  0.00391219   0.01749813     0.00110563  -0.02460192     0.01912276   0.01819035
 -0.00391219  -0.01749813     0.01912276   0.01819035     0.00110563  -0.02460192
    3   10
 -0.00453181   0.01736284     0.02578535   0.00421638     0.02578535   0.00421638
  0.03181314  -0.00369511    -0.02576757   0.01311622    -0.03738169  -0.00032084
  0.03181314  -0.00369511    -0.03738169  -0.00032084    -0.02576757   0.01311622
    3   11
 -0.00367404  -0.01714850    -0.01248302  -0.00170470    -0.01248302  -0.00170470
 -0.01710992   0.00536101     0.02075307  -0.01325846     0.02531468   0.00746562
 -0.01710992   0.00536101     0.02531468   0.00746562     0.02075307  -0.01325846
    4    1
  0.06709945  -0.04200343    -0.02000630   0.01389836    -0.02000630   0.01389836
