  5.000000000000000E-002   1.50343188071530        5.40870528051367     
           8

     Dynamical  Matrix in cartesian axes

     q = (    0.117851130   0.117851130  -0.117851130 ) 

    1    1
  0.14550690   0.00000000     0.02071868   0.00000000    -0.02071868   0.00000000
  0.02071868   0.00000000     0.14550690   0.00000000    -0.02071868   0.00000000
 -0.02071868   0.00000000    -0.02071868   0.00000000     0.14550690   0.00000000
    1    2
 -0.02357911   0.00968333     0.01551485   0.00574796    -0.01551485  -0.00574796
  0.01551485   0.00574796    -0.02357911   0.00968333    -0.01551485  -0.00574796
 -0.01551485  -0.00574796    -0.01551485  -0.00574796    -0.02357911   0.00968333
    1    3
 -0.02017557   0.01557844     0.00277954  -0.01631023    -0.00277954   0.01631023
  0.00277954  -0.01631023    -0.02017557   0.01557844    -0.00277954   0.01631023
 -0.00277954   0.01631023    -0.00277954   0.01631023    -0.02017557   0.01557844
    1    4
  0.00531722   0.01043957     0.01282978  -0.00463540     0.00481641  -0.01471430
  0.01282978  -0.00463540     0.00531722   0.01043957     0.00481641  -0.01471430
  0.00768830  -0.01650853     0.00768830  -0.01650853    -0.01549041  -0.02415116
    1    5
 -0.00638232  -0.00982463     0.01042926  -0.00879322     0.01515116   0.00318601
  0.01042926  -0.00879322    -0.00638232  -0.00982463     0.01515116   0.00318601
  0.01814096   0.00159600     0.01814096   0.00159600     0.01317031   0.02549067
    1    6
 -0.01800115  -0.01037722     0.01126229   0.00970129    -0.01126229  -0.00970129
  0.01126229   0.00970129    -0.01800115  -0.01037722    -0.01126229  -0.00970129
 -0.01126229  -0.00970129    -0.01126229  -0.00970129    -0.01800115  -0.01037722
    1    7
 -0.00001364   0.02077806    -0.00277042  -0.01460408     0.00277042   0.01460408
 -0.00277042  -0.01460408    -0.00001364   0.02077806     0.00277042   0.01460408
  0.00277042   0.01460408     0.00277042   0.01460408    -0.00001364   0.02077806
    1    8
 -0.01549041  -0.02415116    -0.00768830   0.01650853     0.00768830  -0.01650853
 -0.00481641   0.01471430     0.00531722   0.01043957    -0.01282978   0.00463540
  0.00481641  -0.01471430    -0.01282978   0.00463540     0.00531722   0.01043957
    1    9
  0.01317031   0.02549067    -0.01814096  -0.00159600     0.01814096   0.00159600
 -0.01515116  -0.00318601    -0.00638232  -0.00982463    -0.01042926   0.00879322
  0.01515116   0.00318601    -0.01042926   0.00879322    -0.00638232  -0.00982463
    1   10
  0.00531722   0.01043957    -0.00481641   0.01471430    -0.01282978   0.00463540
 -0.00768830   0.01650853    -0.01549041  -0.02415116     0.00768830  -0.01650853
 -0.01282978   0.00463540     0.00481641  -0.01471430     0.00531722   0.01043957
    1   11
 -0.00638232  -0.00982463    -0.01515116  -0.00318601    -0.01042926   0.00879322
 -0.01814096  -0.00159600     0.01317031   0.02549067     0.01814096   0.00159600
 -0.01042926   0.00879322     0.01515116   0.00318601    -0.00638232  -0.00982463
    2    1
 -0.02357911  -0.00968333     0.01551485  -0.00574796    -0.01551485   0.00574796
  0.01551485  -0.00574796    -0.02357911  -0.00968333    -0.01551485   0.00574796
 -0.01551485   0.00574796    -0.01551485   0.00574796    -0.02357911  -0.00968333
    2    2
  0.06012775  -0.00000000     0.00592259  -0.00000000    -0.00592259   0.00000000
  0.00592259  -0.00000000     0.06012775  -0.00000000    -0.00592259   0.00000000
 -0.00592259   0.00000000    -0.00592259   0.00000000     0.06012775  -0.00000000
    2    3
 -0.00669936   0.00529324    -0.00053580   0.00222774     0.00053580  -0.00222774
 -0.00053580   0.00222774    -0.00669936   0.00529324     0.00053580  -0.00222774
  0.00053580  -0.00222774     0.00053580  -0.00222774    -0.00669936   0.00529324
    2    4
  0.00731320   0.00095818    -0.00102823  -0.00146106    -0.00147238   0.00155434
 -0.00102823  -0.00146106     0.00731320   0.00095818    -0.00147238   0.00155434
  0.00041264   0.00095714     0.00041264   0.00095714     0.00748746   0.00615502
    2    5
 -0.01158196  -0.00275208    -0.01209091   0.00011234    -0.01485941  -0.00460723
 -0.01209091   0.00011234    -0.01158196  -0.00275208    -0.01485941  -0.00460723
 -0.01600754   0.00122514    -0.01600754   0.00122514    -0.01271856  -0.00585155
    2    6
  0.00936271   0.00124709     0.00107609  -0.00325507    -0.00107609   0.00325507
  0.00107609  -0.00325507     0.00936271   0.00124709    -0.00107609   0.00325507
 -0.00107609   0.00325507    -0.00107609   0.00325507     0.00936271   0.00124709
    2    7
 -0.00979238   0.00815450    -0.01113810   0.01679504     0.01113810  -0.01679504
 -0.01113810   0.01679504    -0.00979238   0.00815450     0.01113810  -0.01679504
  0.01113810  -0.01679504     0.01113810  -0.01679504    -0.00979238   0.00815450
    2    8
  0.00748746   0.00615502    -0.00041264  -0.00095714     0.00041264   0.00095714
  0.00147238  -0.00155434     0.00731320   0.00095818     0.00102823   0.00146106
 -0.00147238   0.00155434     0.00102823   0.00146106     0.00731320   0.00095818
    2    9
 -0.01271856  -0.00585155     0.01600754  -0.00122514    -0.01600754   0.00122514
  0.01485941   0.00460723    -0.01158196  -0.00275208     0.01209091  -0.00011234
 -0.01485941  -0.00460723     0.01209091  -0.00011234    -0.01158196  -0.00275208
    2   10
  0.00731320   0.00095818     0.00147238  -0.00155434     0.00102823   0.00146106
 -0.00041264  -0.00095714     0.00748746   0.00615502     0.00041264   0.00095714
  0.00102823   0.00146106    -0.00147238   0.00155434     0.00731320   0.00095818
    2   11
 -0.01158196  -0.00275208     0.01485941   0.00460723     0.01209091  -0.00011234
  0.01600754  -0.00122514    -0.01271856  -0.00585155    -0.01600754   0.00122514
  0.01209091  -0.00011234    -0.01485941  -0.00460723    -0.01158196  -0.00275208
    3    1
 -0.02017557  -0.01557844     0.00277954   0.01631023    -0.00277954  -0.01631023
  0.00277954   0.01631023    -0.02017557  -0.01557844    -0.00277954  -0.01631023
 -0.00277954  -0.01631023    -0.00277954  -0.01631023    -0.02017557  -0.01557844
    3    2
 -0.00669936  -0.00529324    -0.00053580  -0.00222774     0.00053580   0.00222774
 -0.00053580  -0.00222774    -0.00669936  -0.00529324     0.00053580   0.00222774
  0.00053580   0.00222774     0.00053580   0.00222774    -0.00669936  -0.00529324
    3    3
  0.06012775   0.00000000     0.00592259   0.00000000    -0.00592259  -0.00000000
  0.00592259   0.00000000     0.06012775   0.00000000    -0.00592259  -0.00000000
 -0.00592259  -0.00000000    -0.00592259  -0.00000000     0.06012775   0.00000000
    3    4
 -0.01158196   0.00275208    -0.01209091  -0.00011234    -0.01485941   0.00460723
 -0.01209091  -0.00011234    -0.01158196   0.00275208    -0.01485941   0.00460723
 -0.01600754  -0.00122514    -0.01600754  -0.00122514    -0.01271856   0.00585155
    3    5
  0.00731320  -0.00095818    -0.00102823   0.00146106    -0.00147238  -0.00155434
 -0.00102823   0.00146106     0.00731320  -0.00095818    -0.00147238  -0.00155434
  0.00041264  -0.00095714     0.00041264  -0.00095714     0.00748746  -0.00615502
    3    6
 -0.00979238  -0.00815450    -0.01113810  -0.01679504     0.01113810   0.01679504
 -0.01113810  -0.01679504    -0.00979238  -0.00815450     0.01113810   0.01679504
  0.01113810   0.01679504     0.01113810   0.01679504    -0.00979238  -0.00815450
    3    7
  0.00936271  -0.00124709     0.00107609   0.00325507    -0.00107609  -0.00325507
  0.00107609   0.00325507     0.00936271  -0.00124709    -0.00107609  -0.00325507
 -0.00107609  -0.00325507    -0.00107609  -0.00325507     0.00936271  -0.00124709
    3    8
 -0.01271856   0.00585155     0.01600754   0.00122514    -0.01600754  -0.00122514
  0.01485941  -0.00460723    -0.01158196   0.00275208     0.01209091   0.00011234
 -0.01485941   0.00460723     0.01209091   0.00011234    -0.01158196   0.00275208
    3    9
  0.00748746  -0.00615502    -0.00041264   0.00095714     0.00041264  -0.00095714
  0.00147238   0.00155434     0.00731320  -0.00095818     0.00102823  -0.00146106
 -0.00147238  -0.00155434     0.00102823  -0.00146106     0.00731320  -0.00095818
    3   10
 -0.01158196   0.00275208     0.01485941  -0.00460723     0.01209091   0.00011234
  0.01600754   0.00122514    -0.01271856   0.00585155    -0.01600754  -0.00122514
  0.01209091   0.00011234    -0.01485941   0.00460723    -0.01158196   0.00275208
    3   11
  0.00731320  -0.00095818     0.00147238   0.00155434     0.00102823  -0.00146106
 -0.00041264   0.00095714     0.00748746  -0.00615502     0.00041264  -0.00095714
  0.00102823  -0.00146106    -0.00147238  -0.00155434     0.00731320  -0.00095818
    4    1
  0.00531722  -0.01043957     0.01282978   0.00463540     0.00768830   0.01650853
  0.01282978   0.00463540     0.00531722  -0.01043957     0.00768830   0.01650853
  0.00481641   0.01471430     0.00481641   0.01471430    -0.01549041   0.02415116
    4    2
  0.00731320  -0.00095818    -0.00102823   0.00146106     0.00041264  -0.00095714
 -0.00102823   0.00146106     0.00731320  -0.00095818     0.00041264  -0.00095714
 -0.00147238  -0.00155434    -0.00147238  -0.00155434     0.00748746  -0.00615502
    4    3
 -0.01158196  -0.00275208    -0.01209091   0.00011234    -0.01600754   0.00122514
 -0.01209091   0.00011234    -0.01158196  -0.00275208    -0.01600754   0.00122514
 -0.01485941  -0.00460723    -0.01485941  -0.00460723    -0.01271856  -0.00585155
    4    4
  0.06006536  -0.00000000     0.00057845  -0.00000000    -0.00171214  -0.00067509
  0.00057845   0.00000000     0.06006536  -0.00000000    -0.00171214  -0.00067509
 -0.00171214   0.00067509    -0.00171214   0.00067509     0.06191884  -0.00000000
    4    5
 -0.01585595   0.00008714    -0.00348812  -0.00103954    -0.00225282   0.00503879
 -0.00348812  -0.00103954    -0.01585595   0.00008714    -0.00225282   0.00503879
 -0.00225282   0.00503879    -0.00225282   0.00503879    -0.01841046   0.00134697
    4    6
 -0.01261768  -0.00070871     0.01092933  -0.00096701    -0.00423172  -0.00183518
  0.01092933  -0.00096701    -0.01261768  -0.00070871    -0.00423172  -0.00183518
  0.00415323   0.00157017     0.00415323   0.00157017     0.01849875   0.00094805
    4    7
  0.01225160  -0.00087425    -0.00487046  -0.00125515     0.00941239   0.00205144
 -0.00487046  -0.00125515     0.01225160  -0.00087425     0.00941239   0.00205144
 -0.01217100   0.00003856    -0.01217100   0.00003856    -0.04465802   0.00386710
    4    8
 -0.00849535   0.00086856    -0.00253127  -0.00334485     0.01429305   0.00000000
  0.00420787  -0.00322085     0.01568392   0.00000000     0.00253127  -0.00334485
  0.01349382   0.00000000    -0.00420787  -0.00322085    -0.00849535  -0.00086856
    4    9
  0.01022258   0.00199744     0.01171446  -0.00385988    -0.00766427   0.00802310
 -0.00835700  -0.00280240    -0.04351821  -0.00077472    -0.01171446   0.00385988
 -0.01039570   0.00539366     0.00835700   0.00280240     0.01022258   0.00199744
    4   10
  0.01568392   0.00000000     0.00420787  -0.00322085     0.00253127  -0.00334485
 -0.00253127  -0.00334485    -0.00849535   0.00086856     0.01429305   0.00000000
 -0.00420787  -0.00322085     0.01349382  -0.00000000    -0.00849535  -0.00086856
    4   11
 -0.04351821  -0.00077472    -0.00835700  -0.00280240    -0.01171446   0.00385988
  0.01171446  -0.00385988     0.01022258   0.00199744    -0.00766427   0.00802310
  0.00835700   0.00280240    -0.01039570   0.00539366     0.01022258   0.00199744
    5    1
 -0.00638232   0.00982463     0.01042926   0.00879322     0.01814096  -0.00159600
  0.01042926   0.00879322    -0.00638232   0.00982463     0.01814096  -0.00159600
  0.01515116  -0.00318601     0.01515116  -0.00318601     0.01317031  -0.02549067
    5    2
 -0.01158196   0.00275208    -0.01209091  -0.00011234    -0.01600754  -0.00122514
 -0.01209091  -0.00011234    -0.01158196   0.00275208    -0.01600754  -0.00122514
 -0.01485941   0.00460723    -0.01485941   0.00460723    -0.01271856   0.00585155
    5    3
  0.00731320   0.00095818    -0.00102823  -0.00146106     0.00041264   0.00095714
 -0.00102823  -0.00146106     0.00731320   0.00095818     0.00041264   0.00095714
 -0.00147238   0.00155434    -0.00147238   0.00155434     0.00748746   0.00615502
    5    4
 -0.01585595  -0.00008714    -0.00348812   0.00103954    -0.00225282  -0.00503879
 -0.00348812   0.00103954    -0.01585595  -0.00008714    -0.00225282  -0.00503879
 -0.00225282  -0.00503879    -0.00225282  -0.00503879    -0.01841046  -0.00134697
    5    5
  0.06006536   0.00000000     0.00057845   0.00000000    -0.00171214   0.00067509
  0.00057845  -0.00000000     0.06006536   0.00000000    -0.00171214   0.00067509
 -0.00171214  -0.00067509    -0.00171214  -0.00067509     0.06191884   0.00000000
    5    6
  0.01225160   0.00087425    -0.00487046   0.00125515     0.00941239  -0.00205144
 -0.00487046   0.00125515     0.01225160   0.00087425     0.00941239  -0.00205144
 -0.01217100  -0.00003856    -0.01217100  -0.00003856    -0.04465802  -0.00386710
    5    7
 -0.01261768   0.00070871     0.01092933   0.00096701    -0.00423172   0.00183518
  0.01092933   0.00096701    -0.01261768   0.00070871    -0.00423172   0.00183518
  0.00415323  -0.00157017     0.00415323  -0.00157017     0.01849875  -0.00094805
    5    8
  0.01022258  -0.00199744     0.01171446   0.00385988    -0.00766427  -0.00802310
 -0.00835700   0.00280240    -0.04351821   0.00077472    -0.01171446  -0.00385988
 -0.01039570  -0.00539366     0.00835700  -0.00280240     0.01022258  -0.00199744
    5    9
 -0.00849535  -0.00086856    -0.00253127   0.00334485     0.01429305  -0.00000000
  0.00420787   0.00322085     0.01568392  -0.00000000     0.00253127   0.00334485
  0.01349382  -0.00000000    -0.00420787   0.00322085    -0.00849535   0.00086856
    5   10
 -0.04351821   0.00077472    -0.00835700   0.00280240    -0.01171446  -0.00385988
  0.01171446   0.00385988     0.01022258  -0.00199744    -0.00766427  -0.00802310
  0.00835700  -0.00280240    -0.01039570  -0.00539366     0.01022258  -0.00199744
    5   11
  0.01568392  -0.00000000     0.00420787   0.00322085     0.00253127   0.00334485
 -0.00253127   0.00334485    -0.00849535  -0.00086856     0.01429305  -0.00000000
 -0.00420787   0.00322085     0.01349382   0.00000000    -0.00849535   0.00086856
    6    1
 -0.01800115   0.01037722     0.01126229  -0.00970129    -0.01126229   0.00970129
  0.01126229  -0.00970129    -0.01800115   0.01037722    -0.01126229   0.00970129
 -0.01126229   0.00970129    -0.01126229   0.00970129    -0.01800115   0.01037722
    6    2
  0.00936271  -0.00124709     0.00107609   0.00325507    -0.00107609  -0.00325507
  0.00107609   0.00325507     0.00936271  -0.00124709    -0.00107609  -0.00325507
 -0.00107609  -0.00325507    -0.00107609  -0.00325507     0.00936271  -0.00124709
    6    3
 -0.00979238   0.00815450    -0.01113810   0.01679504     0.01113810  -0.01679504
 -0.01113810   0.01679504    -0.00979238   0.00815450     0.01113810  -0.01679504
  0.01113810  -0.01679504     0.01113810  -0.01679504    -0.00979238   0.00815450
    6    4
 -0.01261768   0.00070871     0.01092933   0.00096701     0.00415323  -0.00157017
  0.01092933   0.00096701    -0.01261768   0.00070871     0.00415323  -0.00157017
 -0.00423172   0.00183518    -0.00423172   0.00183518     0.01849875  -0.00094805
    6    5
  0.01225160  -0.00087425    -0.00487046  -0.00125515    -0.01217100   0.00003856
 -0.00487046  -0.00125515     0.01225160  -0.00087425    -0.01217100   0.00003856
  0.00941239   0.00205144     0.00941239   0.00205144    -0.04465802   0.00386710
    6    6
  0.06865803  -0.00000000    -0.00056095  -0.00000000     0.00056095   0.00000000
 -0.00056095  -0.00000000     0.06865803  -0.00000000     0.00056095   0.00000000
  0.00056095   0.00000000     0.00056095   0.00000000     0.06865803  -0.00000000
    6    7
 -0.01826616   0.00931151    -0.00657049  -0.00078922     0.00657049   0.00078922
 -0.00657049  -0.00078922    -0.01826616   0.00931151     0.00657049   0.00078922
  0.00657049   0.00078922     0.00657049   0.00078922    -0.01826616   0.00931151
    6    8
  0.01849875  -0.00094805     0.00423172  -0.00183518    -0.00423172   0.00183518
 -0.00415323   0.00157017    -0.01261768   0.00070871    -0.01092933  -0.00096701
  0.00415323  -0.00157017    -0.01092933  -0.00096701    -0.01261768   0.00070871
    6    9
 -0.04465802   0.00386710    -0.00941239  -0.00205144     0.00941239   0.00205144
  0.01217100  -0.00003856     0.01225160  -0.00087425     0.00487046   0.00125515
 -0.01217100   0.00003856     0.00487046   0.00125515     0.01225160  -0.00087425
    6   10
 -0.01261768   0.00070871    -0.00415323   0.00157017    -0.01092933  -0.00096701
  0.00423172  -0.00183518     0.01849875  -0.00094805    -0.00423172   0.00183518
 -0.01092933  -0.00096701     0.00415323  -0.00157017    -0.01261768   0.00070871
    6   11
  0.01225160  -0.00087425     0.01217100  -0.00003856     0.00487046   0.00125515
 -0.00941239  -0.00205144    -0.04465802   0.00386710     0.00941239   0.00205144
  0.00487046   0.00125515    -0.01217100   0.00003856     0.01225160  -0.00087425
    7    1
 -0.00001364  -0.02077806    -0.00277042   0.01460408     0.00277042  -0.01460408
 -0.00277042   0.01460408    -0.00001364  -0.02077806     0.00277042  -0.01460408
  0.00277042  -0.01460408     0.00277042  -0.01460408    -0.00001364  -0.02077806
    7    2
 -0.00979238  -0.00815450    -0.01113810  -0.01679504     0.01113810   0.01679504
 -0.01113810  -0.01679504    -0.00979238  -0.00815450     0.01113810   0.01679504
  0.01113810   0.01679504     0.01113810   0.01679504    -0.00979238  -0.00815450
    7    3
  0.00936271   0.00124709     0.00107609  -0.00325507    -0.00107609   0.00325507
  0.00107609  -0.00325507     0.00936271   0.00124709    -0.00107609   0.00325507
 -0.00107609   0.00325507    -0.00107609   0.00325507     0.00936271   0.00124709
    7    4
  0.01225160   0.00087425    -0.00487046   0.00125515    -0.01217100  -0.00003856
 -0.00487046   0.00125515     0.01225160   0.00087425    -0.01217100  -0.00003856
  0.00941239  -0.00205144     0.00941239  -0.00205144    -0.04465802  -0.00386710
    7    5
 -0.01261768  -0.00070871     0.01092933  -0.00096701     0.00415323   0.00157017
  0.01092933  -0.00096701    -0.01261768  -0.00070871     0.00415323   0.00157017
 -0.00423172  -0.00183518    -0.00423172  -0.00183518     0.01849875   0.00094805
    7    6
 -0.01826616  -0.00931151    -0.00657049   0.00078922     0.00657049  -0.00078922
 -0.00657049   0.00078922    -0.01826616  -0.00931151     0.00657049  -0.00078922
  0.00657049  -0.00078922     0.00657049  -0.00078922    -0.01826616  -0.00931151
    7    7
  0.06865803   0.00000000    -0.00056095   0.00000000     0.00056095  -0.00000000
 -0.00056095   0.00000000     0.06865803   0.00000000     0.00056095  -0.00000000
  0.00056095  -0.00000000     0.00056095  -0.00000000     0.06865803   0.00000000
    7    8
 -0.04465802  -0.00386710    -0.00941239   0.00205144     0.00941239  -0.00205144
  0.01217100   0.00003856     0.01225160   0.00087425     0.00487046  -0.00125515
 -0.01217100  -0.00003856     0.00487046  -0.00125515     0.01225160   0.00087425
    7    9
  0.01849875   0.00094805     0.00423172   0.00183518    -0.00423172  -0.00183518
 -0.00415323  -0.00157017    -0.01261768  -0.00070871    -0.01092933   0.00096701
  0.00415323   0.00157017    -0.01092933   0.00096701    -0.01261768  -0.00070871
    7   10
  0.01225160   0.00087425     0.01217100   0.00003856     0.00487046  -0.00125515
 -0.00941239   0.00205144    -0.04465802  -0.00386710     0.00941239  -0.00205144
  0.00487046  -0.00125515    -0.01217100  -0.00003856     0.01225160   0.00087425
    7   11
 -0.01261768  -0.00070871    -0.00415323  -0.00157017    -0.01092933   0.00096701
  0.00423172   0.00183518     0.01849875   0.00094805    -0.00423172  -0.00183518
 -0.01092933   0.00096701     0.00415323   0.00157017    -0.01261768  -0.00070871
    8    1
 -0.01549041   0.02415116    -0.00481641  -0.01471430     0.00481641   0.01471430
 -0.00768830  -0.01650853     0.00531722  -0.01043957    -0.01282978  -0.00463540
  0.00768830   0.01650853    -0.01282978  -0.00463540     0.00531722  -0.01043957
    8    2
  0.00748746  -0.00615502     0.00147238   0.00155434    -0.00147238  -0.00155434
 -0.00041264   0.00095714     0.00731320  -0.00095818     0.00102823  -0.00146106
  0.00041264  -0.00095714     0.00102823  -0.00146106     0.00731320  -0.00095818
    8    3
 -0.01271856  -0.00585155     0.01485941   0.00460723    -0.01485941  -0.00460723
  0.01600754  -0.00122514    -0.01158196  -0.00275208     0.01209091  -0.00011234
 -0.01600754   0.00122514     0.01209091  -0.00011234    -0.01158196  -0.00275208
    8    4
 -0.00849535  -0.00086856     0.00420787   0.00322085     0.01349382   0.00000000
 -0.00253127   0.00334485     0.01568392   0.00000000    -0.00420787   0.00322085
  0.01429305   0.00000000     0.00253127   0.00334485    -0.00849535   0.00086856
    8    5
  0.01022258   0.00199744    -0.00835700  -0.00280240    -0.01039570   0.00539366
  0.01171446  -0.00385988    -0.04351821  -0.00077472     0.00835700   0.00280240
 -0.00766427   0.00802310    -0.01171446   0.00385988     0.01022258   0.00199744
    8    6
  0.01849875   0.00094805    -0.00415323  -0.00157017     0.00415323   0.00157017
  0.00423172   0.00183518    -0.01261768  -0.00070871    -0.01092933   0.00096701
 -0.00423172  -0.00183518    -0.01092933   0.00096701    -0.01261768  -0.00070871
    8    7
 -0.04465802   0.00386710     0.01217100  -0.00003856    -0.01217100   0.00003856
 -0.00941239  -0.00205144     0.01225160  -0.00087425     0.00487046   0.00125515
  0.00941239   0.00205144     0.00487046   0.00125515     0.01225160  -0.00087425
    8    8
  0.06191884  -0.00000000     0.00171214  -0.00067509    -0.00171214   0.00067509
  0.00171214   0.00067509     0.06006536  -0.00000000    -0.00057845   0.00000000
 -0.00171214  -0.00067509    -0.00057845   0.00000000     0.06006536  -0.00000000
    8    9
 -0.01841046   0.00134697     0.00225282  -0.00503879    -0.00225282   0.00503879
  0.00225282  -0.00503879    -0.01585595   0.00008714     0.00348812   0.00103954
 -0.00225282   0.00503879     0.00348812   0.00103954    -0.01585595   0.00008714
    8   10
 -0.00849535  -0.00086856    -0.01349382  -0.00000000    -0.00420787  -0.00322085
 -0.01429305  -0.00000000    -0.00849535   0.00086856     0.00253127   0.00334485
  0.00253127  -0.00334485    -0.00420787   0.00322085     0.01568392   0.00000000
    8   11
  0.01022258   0.00199744     0.01039570  -0.00539366     0.00835700   0.00280240
  0.00766427  -0.00802310     0.01022258   0.00199744    -0.01171446   0.00385988
 -0.01171446   0.00385988     0.00835700   0.00280240    -0.04351821  -0.00077472
    9    1
  0.01317031  -0.02549067    -0.01515116   0.00318601     0.01515116  -0.00318601
 -0.01814096   0.00159600    -0.00638232   0.00982463    -0.01042926  -0.00879322
  0.01814096  -0.00159600    -0.01042926  -0.00879322    -0.00638232   0.00982463
    9    2
 -0.01271856   0.00585155     0.01485941  -0.00460723    -0.01485941   0.00460723
  0.01600754   0.00122514    -0.01158196   0.00275208     0.01209091   0.00011234
 -0.01600754  -0.00122514     0.01209091   0.00011234    -0.01158196   0.00275208
    9    3
  0.00748746   0.00615502     0.00147238  -0.00155434    -0.00147238   0.00155434
 -0.00041264  -0.00095714     0.00731320   0.00095818     0.00102823   0.00146106
  0.00041264   0.00095714     0.00102823   0.00146106     0.00731320   0.00095818
    9    4
  0.01022258  -0.00199744    -0.00835700   0.00280240    -0.01039570  -0.00539366
  0.01171446   0.00385988    -0.04351821   0.00077472     0.00835700  -0.00280240
 -0.00766427  -0.00802310    -0.01171446  -0.00385988     0.01022258  -0.00199744
    9    5
 -0.00849535   0.00086856     0.00420787  -0.00322085     0.01349382   0.00000000
 -0.00253127  -0.00334485     0.01568392   0.00000000    -0.00420787  -0.00322085
  0.01429305  -0.00000000     0.00253127  -0.00334485    -0.00849535  -0.00086856
    9    6
 -0.04465802  -0.00386710     0.01217100   0.00003856    -0.01217100  -0.00003856
 -0.00941239   0.00205144     0.01225160   0.00087425     0.00487046  -0.00125515
  0.00941239  -0.00205144     0.00487046  -0.00125515     0.01225160   0.00087425
    9    7
  0.01849875  -0.00094805    -0.00415323   0.00157017     0.00415323  -0.00157017
  0.00423172  -0.00183518    -0.01261768   0.00070871    -0.01092933  -0.00096701
 -0.00423172   0.00183518    -0.01092933  -0.00096701    -0.01261768   0.00070871
    9    8
 -0.01841046  -0.00134697     0.00225282   0.00503879    -0.00225282  -0.00503879
  0.00225282   0.00503879    -0.01585595  -0.00008714     0.00348812  -0.00103954
 -0.00225282  -0.00503879     0.00348812  -0.00103954    -0.01585595  -0.00008714
    9    9
  0.06191884   0.00000000     0.00171214   0.00067509    -0.00171214  -0.00067509
  0.00171214  -0.00067509     0.06006536   0.00000000    -0.00057845  -0.00000000
 -0.00171214   0.00067509    -0.00057845  -0.00000000     0.06006536   0.00000000
    9   10
  0.01022258  -0.00199744     0.01039570   0.00539366     0.00835700  -0.00280240
  0.00766427   0.00802310     0.01022258  -0.00199744    -0.01171446  -0.00385988
 -0.01171446  -0.00385988     0.00835700  -0.00280240    -0.04351821   0.00077472
    9   11
 -0.00849535   0.00086856    -0.01349382  -0.00000000    -0.00420787   0.00322085
 -0.01429305   0.00000000    -0.00849535  -0.00086856     0.00253127  -0.00334485
  0.00253127   0.00334485    -0.00420787  -0.00322085     0.01568392  -0.00000000
   10    1
  0.00531722  -0.01043957    -0.00768830  -0.01650853    -0.01282978  -0.00463540
 -0.00481641  -0.01471430    -0.01549041   0.02415116     0.00481641   0.01471430
 -0.01282978  -0.00463540     0.00768830   0.01650853     0.00531722  -0.01043957
   10    2
  0.00731320  -0.00095818    -0.00041264   0.00095714     0.00102823  -0.00146106
  0.00147238   0.00155434     0.00748746  -0.00615502    -0.00147238  -0.00155434
  0.00102823  -0.00146106     0.00041264  -0.00095714     0.00731320  -0.00095818
   10    3
 -0.01158196  -0.00275208     0.01600754  -0.00122514     0.01209091  -0.00011234
  0.01485941   0.00460723    -0.01271856  -0.00585155    -0.01485941  -0.00460723
  0.01209091  -0.00011234    -0.01600754   0.00122514    -0.01158196  -0.00275208
   10    4
  0.01568392   0.00000000    -0.00253127   0.00334485    -0.00420787   0.00322085
  0.00420787   0.00322085    -0.00849535  -0.00086856     0.01349382   0.00000000
  0.00253127   0.00334485     0.01429305   0.00000000    -0.00849535   0.00086856
   10    5
 -0.04351821  -0.00077472     0.01171446  -0.00385988     0.00835700   0.00280240
 -0.00835700  -0.00280240     0.01022258   0.00199744    -0.01039570   0.00539366
 -0.01171446   0.00385988    -0.00766427   0.00802310     0.01022258   0.00199744
   10    6
 -0.01261768  -0.00070871     0.00423172   0.00183518    -0.01092933   0.00096701
 -0.00415323  -0.00157017     0.01849875   0.00094805     0.00415323   0.00157017
 -0.01092933   0.00096701    -0.00423172  -0.00183518    -0.01261768  -0.00070871
   10    7
  0.01225160  -0.00087425    -0.00941239  -0.00205144     0.00487046   0.00125515
  0.01217100  -0.00003856    -0.04465802   0.00386710    -0.01217100   0.00003856
  0.00487046   0.00125515     0.00941239   0.00205144     0.01225160  -0.00087425
   10    8
 -0.00849535   0.00086856    -0.01429305  -0.00000000     0.00253127   0.00334485
 -0.01349382   0.00000000    -0.00849535  -0.00086856    -0.00420787  -0.00322085
 -0.00420787   0.00322085     0.00253127  -0.00334485     0.01568392   0.00000000
   10    9
  0.01022258   0.00199744     0.00766427  -0.00802310    -0.01171446   0.00385988
  0.01039570  -0.00539366     0.01022258   0.00199744     0.00835700   0.00280240
  0.00835700   0.00280240    -0.01171446   0.00385988    -0.04351821  -0.00077472
   10   10
  0.06006536  -0.00000000     0.00171214   0.00067509    -0.00057845   0.00000000
  0.00171214  -0.00067509     0.06191884  -0.00000000    -0.00171214   0.00067509
 -0.00057845   0.00000000    -0.00171214  -0.00067509     0.06006536  -0.00000000
   10   11
 -0.01585595   0.00008714     0.00225282  -0.00503879     0.00348812   0.00103954
  0.00225282  -0.00503879    -0.01841046   0.00134697    -0.00225282   0.00503879
  0.00348812   0.00103954    -0.00225282   0.00503879    -0.01585595   0.00008714
   11    1
 -0.00638232   0.00982463    -0.01814096   0.00159600    -0.01042926  -0.00879322
 -0.01515116   0.00318601     0.01317031  -0.02549067     0.01515116  -0.00318601
 -0.01042926  -0.00879322     0.01814096  -0.00159600    -0.00638232   0.00982463
   11    2
 -0.01158196   0.00275208     0.01600754   0.00122514     0.01209091   0.00011234
  0.01485941  -0.00460723    -0.01271856   0.00585155    -0.01485941   0.00460723
  0.01209091   0.00011234    -0.01600754  -0.00122514    -0.01158196   0.00275208
   11    3
  0.00731320   0.00095818    -0.00041264  -0.00095714     0.00102823   0.00146106
  0.00147238  -0.00155434     0.00748746   0.00615502    -0.00147238   0.00155434
  0.00102823   0.00146106     0.00041264   0.00095714     0.00731320   0.00095818
   11    4
 -0.04351821   0.00077472     0.01171446   0.00385988     0.00835700  -0.00280240
 -0.00835700   0.00280240     0.01022258  -0.00199744    -0.01039570  -0.00539366
 -0.01171446  -0.00385988    -0.00766427  -0.00802310     0.01022258  -0.00199744
   11    5
  0.01568392   0.00000000    -0.00253127  -0.00334485    -0.00420787  -0.00322085
  0.00420787  -0.00322085    -0.00849535   0.00086856     0.01349382  -0.00000000
  0.00253127  -0.00334485     0.01429305  -0.00000000    -0.00849535  -0.00086856
   11    6
  0.01225160   0.00087425    -0.00941239   0.00205144     0.00487046  -0.00125515
  0.01217100   0.00003856    -0.04465802  -0.00386710    -0.01217100  -0.00003856
  0.00487046  -0.00125515     0.00941239  -0.00205144     0.01225160   0.00087425
   11    7
 -0.01261768   0.00070871     0.00423172  -0.00183518    -0.01092933  -0.00096701
 -0.00415323   0.00157017     0.01849875  -0.00094805     0.00415323  -0.00157017
 -0.01092933  -0.00096701    -0.00423172   0.00183518    -0.01261768   0.00070871
   11    8
  0.01022258  -0.00199744     0.00766427   0.00802310    -0.01171446  -0.00385988
  0.01039570   0.00539366     0.01022258  -0.00199744     0.00835700  -0.00280240
  0.00835700  -0.00280240    -0.01171446  -0.00385988    -0.04351821   0.00077472
   11    9
 -0.00849535  -0.00086856    -0.01429305   0.00000000     0.00253127  -0.00334485
 -0.01349382   0.00000000    -0.00849535   0.00086856    -0.00420787   0.00322085
 -0.00420787  -0.00322085     0.00253127   0.00334485     0.01568392  -0.00000000
   11   10
 -0.01585595  -0.00008714     0.00225282   0.00503879     0.00348812  -0.00103954
  0.00225282   0.00503879    -0.01841046  -0.00134697    -0.00225282  -0.00503879
  0.00348812  -0.00103954    -0.00225282  -0.00503879    -0.01585595  -0.00008714
   11   11
  0.06006536   0.00000000     0.00171214  -0.00067509    -0.00057845  -0.00000000
  0.00171214   0.00067509     0.06191884   0.00000000    -0.00171214  -0.00067509
 -0.00057845  -0.00000000    -0.00171214   0.00067509     0.06006536   0.00000000

     Dynamical  Matrix in cartesian axes

     q = (    0.117851130  -0.117851130  -0.117851130 ) 

    1    1
  0.14550690   0.00000000    -0.02071868   0.00000000    -0.02071868   0.00000000
 -0.02071868   0.00000000     0.14550690   0.00000000     0.02071868   0.00000000
 -0.02071868   0.00000000     0.02071868   0.00000000     0.14550690   0.00000000
    1    2
 -0.02357911  -0.00968333    -0.01551485   0.00574796    -0.01551485   0.00574796
 -0.01551485   0.00574796    -0.02357911  -0.00968333     0.01551485  -0.00574796
 -0.01551485   0.00574796     0.01551485  -0.00574796    -0.02357911  -0.00968333
    1    3
 -0.02017557  -0.01557844    -0.00277954  -0.01631023    -0.00277954  -0.01631023
 -0.00277954  -0.01631023    -0.02017557  -0.01557844     0.00277954   0.01631023
 -0.00277954  -0.01631023     0.00277954   0.01631023    -0.02017557  -0.01557844
    1    4
 -0.01549041   0.02415116     0.00768830   0.01650853     0.00768830   0.01650853
  0.00481641   0.01471430     0.00531722  -0.01043957     0.01282978   0.00463540
  0.00481641   0.01471430     0.01282978   0.00463540     0.00531722  -0.01043957
    1    5
  0.01317031  -0.02549067     0.01814096  -0.00159600     0.01814096  -0.00159600
  0.01515116  -0.00318601    -0.00638232   0.00982463     0.01042926   0.00879322
  0.01515116  -0.00318601     0.01042926   0.00879322    -0.00638232   0.00982463
    1    6
  0.00531722  -0.01043957     0.00481641   0.01471430    -0.01282978  -0.00463540
  0.00768830   0.01650853    -0.01549041   0.02415116    -0.00768830  -0.01650853
 -0.01282978  -0.00463540    -0.00481641  -0.01471430     0.00531722  -0.01043957
    1    7
 -0.00638232   0.00982463     0.01515116  -0.00318601    -0.01042926  -0.00879322
  0.01814096  -0.00159600     0.01317031  -0.02549067    -0.01814096   0.00159600
 -0.01042926  -0.00879322    -0.01515116   0.00318601    -0.00638232   0.00982463
    1    8
  0.00531722  -0.01043957    -0.01282978  -0.00463540     0.00481641   0.01471430
 -0.01282978  -0.00463540     0.00531722  -0.01043957    -0.00481641  -0.01471430
  0.00768830   0.01650853    -0.00768830  -0.01650853    -0.01549041   0.02415116
    1    9
 -0.00638232   0.00982463    -0.01042926  -0.00879322     0.01515116  -0.00318601
 -0.01042926  -0.00879322    -0.00638232   0.00982463    -0.01515116   0.00318601
  0.01814096  -0.00159600    -0.01814096   0.00159600     0.01317031  -0.02549067
    1   10
 -0.01800115   0.01037722    -0.01126229   0.00970129    -0.01126229   0.00970129
 -0.01126229   0.00970129    -0.01800115   0.01037722     0.01126229  -0.00970129
 -0.01126229   0.00970129     0.01126229  -0.00970129    -0.01800115   0.01037722
    1   11
 -0.00001364  -0.02077806     0.00277042  -0.01460408     0.00277042  -0.01460408
  0.00277042  -0.01460408    -0.00001364  -0.02077806    -0.00277042   0.01460408
  0.00277042  -0.01460408    -0.00277042   0.01460408    -0.00001364  -0.02077806
    2    1
 -0.02357911   0.00968333    -0.01551485  -0.00574796    -0.01551485  -0.00574796
 -0.01551485  -0.00574796    -0.02357911   0.00968333     0.01551485   0.00574796
 -0.01551485  -0.00574796     0.01551485   0.00574796    -0.02357911   0.00968333
    2    2
  0.06012775   0.00000000    -0.00592259  -0.00000000    -0.00592259  -0.00000000
 -0.00592259  -0.00000000     0.06012775   0.00000000     0.00592259   0.00000000
 -0.00592259  -0.00000000     0.00592259   0.00000000     0.06012775   0.00000000
    2    3
 -0.00669936  -0.00529324     0.00053580   0.00222774     0.00053580   0.00222774
  0.00053580   0.00222774    -0.00669936  -0.00529324    -0.00053580  -0.00222774
  0.00053580   0.00222774    -0.00053580  -0.00222774    -0.00669936  -0.00529324
    2    4
  0.00748746  -0.00615502     0.00041264  -0.00095714     0.00041264  -0.00095714
 -0.00147238  -0.00155434     0.00731320  -0.00095818    -0.00102823   0.00146106
 -0.00147238  -0.00155434    -0.00102823   0.00146106     0.00731320  -0.00095818
    2    5
 -0.01271856   0.00585155    -0.01600754  -0.00122514    -0.01600754  -0.00122514
 -0.01485941   0.00460723    -0.01158196   0.00275208    -0.01209091  -0.00011234
 -0.01485941   0.00460723    -0.01209091  -0.00011234    -0.01158196   0.00275208
    2    6
  0.00731320  -0.00095818    -0.00147238  -0.00155434     0.00102823  -0.00146106
  0.00041264  -0.00095714     0.00748746  -0.00615502    -0.00041264   0.00095714
  0.00102823  -0.00146106     0.00147238   0.00155434     0.00731320  -0.00095818
    2    7
 -0.01158196   0.00275208    -0.01485941   0.00460723     0.01209091   0.00011234
 -0.01600754  -0.00122514    -0.01271856   0.00585155     0.01600754   0.00122514
  0.01209091   0.00011234     0.01485941  -0.00460723    -0.01158196   0.00275208
    2    8
  0.00731320  -0.00095818     0.00102823  -0.00146106    -0.00147238  -0.00155434
  0.00102823  -0.00146106     0.00731320  -0.00095818     0.00147238   0.00155434
  0.00041264  -0.00095714    -0.00041264   0.00095714     0.00748746  -0.00615502
    2    9
 -0.01158196   0.00275208     0.01209091   0.00011234    -0.01485941   0.00460723
  0.01209091   0.00011234    -0.01158196   0.00275208     0.01485941  -0.00460723
 -0.01600754  -0.00122514     0.01600754   0.00122514    -0.01271856   0.00585155
    2   10
  0.00936271  -0.00124709    -0.00107609  -0.00325507    -0.00107609  -0.00325507
 -0.00107609  -0.00325507     0.00936271  -0.00124709     0.00107609   0.00325507
 -0.00107609  -0.00325507     0.00107609   0.00325507     0.00936271  -0.00124709
    2   11
 -0.00979238  -0.00815450     0.01113810   0.01679504     0.01113810   0.01679504
  0.01113810   0.01679504    -0.00979238  -0.00815450    -0.01113810  -0.01679504
  0.01113810   0.01679504    -0.01113810  -0.01679504    -0.00979238  -0.00815450
    3    1
 -0.02017557   0.01557844    -0.00277954   0.01631023    -0.00277954   0.01631023
 -0.00277954   0.01631023    -0.02017557   0.01557844     0.00277954  -0.01631023
 -0.00277954   0.01631023     0.00277954  -0.01631023    -0.02017557   0.01557844
    3    2
 -0.00669936   0.00529324     0.00053580  -0.00222774     0.00053580  -0.00222774
  0.00053580  -0.00222774    -0.00669936   0.00529324    -0.00053580   0.00222774
  0.00053580  -0.00222774    -0.00053580   0.00222774    -0.00669936   0.00529324
    3    3
  0.06012775  -0.00000000    -0.00592259   0.00000000    -0.00592259   0.00000000
 -0.00592259   0.00000000     0.06012775  -0.00000000     0.00592259  -0.00000000
 -0.00592259   0.00000000     0.00592259  -0.00000000     0.06012775  -0.00000000
    3    4
 -0.01271856  -0.00585155    -0.01600754   0.00122514    -0.01600754   0.00122514
 -0.01485941  -0.00460723    -0.01158196  -0.00275208    -0.01209091   0.00011234
 -0.01485941  -0.00460723    -0.01209091   0.00011234    -0.01158196  -0.00275208
    3    5
  0.00748746   0.00615502     0.00041264   0.00095714     0.00041264   0.00095714
 -0.00147238   0.00155434     0.00731320   0.00095818    -0.00102823  -0.00146106
 -0.00147238   0.00155434    -0.00102823  -0.00146106     0.00731320   0.00095818
    3    6
 -0.01158196  -0.00275208    -0.01485941  -0.00460723     0.01209091  -0.00011234
 -0.01600754   0.00122514    -0.01271856  -0.00585155     0.01600754  -0.00122514
  0.01209091  -0.00011234     0.01485941   0.00460723    -0.01158196  -0.00275208
    3    7
  0.00731320   0.00095818    -0.00147238   0.00155434     0.00102823   0.00146106
  0.00041264   0.00095714     0.00748746   0.00615502    -0.00041264  -0.00095714
  0.00102823   0.00146106     0.00147238  -0.00155434     0.00731320   0.00095818
    3    8
 -0.01158196  -0.00275208     0.01209091  -0.00011234    -0.01485941  -0.00460723
  0.01209091  -0.00011234    -0.01158196  -0.00275208     0.01485941   0.00460723
 -0.01600754   0.00122514     0.01600754  -0.00122514    -0.01271856  -0.00585155
    3    9
  0.00731320   0.00095818     0.00102823   0.00146106    -0.00147238   0.00155434
  0.00102823   0.00146106     0.00731320   0.00095818     0.00147238  -0.00155434
  0.00041264   0.00095714    -0.00041264  -0.00095714     0.00748746   0.00615502
    3   10
 -0.00979238   0.00815450     0.01113810  -0.01679504     0.01113810  -0.01679504
  0.01113810  -0.01679504    -0.00979238   0.00815450    -0.01113810   0.01679504
  0.01113810  -0.01679504    -0.01113810   0.01679504    -0.00979238   0.00815450
    3   11
  0.00936271   0.00124709    -0.00107609   0.00325507    -0.00107609   0.00325507
 -0.00107609   0.00325507     0.00936271   0.00124709     0.00107609  -0.00325507
 -0.00107609   0.00325507     0.00107609  -0.00325507     0.00936271   0.00124709
    4    1
 -0.01549041  -0.02415116     0.00481641  -0.01471430     0.00481641  -0.01471430
