  3.500000000000000E-002   1.50273456926983        5.55224362354358     
           3

     Dynamical  Matrix in cartesian axes

     q = (   -0.707106781   0.000000000   0.000000000 ) 

    1    1
  0.21793348   0.00000000     0.00000000   0.00000000     0.00000000   0.00000000
  0.00000000   0.00000000     0.16760038   0.00000000    -0.00000000   0.00000000
  0.00000000   0.00000000     0.00000000   0.00000000     0.16760038   0.00000000
    1    2
  0.00000000  -0.00000000     0.00000000   0.00000000    -0.00000000  -0.00000000
 -0.00000000   0.00000000     0.00000000  -0.00000000    -0.01761642   0.00000000
 -0.00000000   0.00000000    -0.01761642   0.00000000    -0.00000000  -0.00000000
    1    3
  0.00000000   0.00000000     0.00000000   0.00000000     0.00000000   0.00000000
 -0.00000000   0.00000000    -0.00000000   0.00000000    -0.01761642   0.00000000
  0.00000000   0.00000000    -0.01761642   0.00000000     0.00000000   0.00000000
    1    4
 -0.02418671  -0.00000000     0.01070724   0.00000000     0.01070724   0.00000000
  0.00207458   0.00000000     0.01198237   0.00000000     0.00254293   0.00000000
  0.00207458   0.00000000     0.00254293   0.00000000     0.01198237   0.00000000
    1    5
 -0.02418671   0.00000000     0.01070724  -0.00000000     0.01070724  -0.00000000
  0.00207458  -0.00000000     0.01198237  -0.00000000     0.00254293  -0.00000000
  0.00207458  -0.00000000     0.00254293  -0.00000000     0.01198237  -0.00000000
    1    6
 -0.02418671  -0.00000000     0.01070724   0.00000000    -0.01070724  -0.00000000
  0.00207458   0.00000000     0.01198237   0.00000000    -0.00254293  -0.00000000
 -0.00207458  -0.00000000    -0.00254293  -0.00000000     0.01198237   0.00000000
    1    7
 -0.02418671   0.00000000     0.01070724  -0.00000000    -0.01070724   0.00000000
  0.00207458  -0.00000000     0.01198237  -0.00000000    -0.00254293   0.00000000
 -0.00207458   0.00000000    -0.00254293   0.00000000     0.01198237  -0.00000000
    1    8
 -0.02418671  -0.00000000    -0.01070724  -0.00000000     0.01070724   0.00000000
 -0.00207458  -0.00000000     0.01198237   0.00000000    -0.00254293  -0.00000000
  0.00207458   0.00000000    -0.00254293  -0.00000000     0.01198237   0.00000000
    1    9
 -0.02418671   0.00000000    -0.01070724   0.00000000     0.01070724  -0.00000000
 -0.00207458   0.00000000     0.01198237  -0.00000000    -0.00254293   0.00000000
  0.00207458  -0.00000000    -0.00254293   0.00000000     0.01198237  -0.00000000
    1   10
 -0.02418671  -0.00000000    -0.01070724  -0.00000000    -0.01070724  -0.00000000
 -0.00207458  -0.00000000     0.01198237   0.00000000     0.00254293   0.00000000
 -0.00207458  -0.00000000     0.00254293   0.00000000     0.01198237   0.00000000
    1   11
 -0.02418671   0.00000000    -0.01070724   0.00000000    -0.01070724   0.00000000
 -0.00207458   0.00000000     0.01198237  -0.00000000     0.00254293  -0.00000000
 -0.00207458   0.00000000     0.00254293  -0.00000000     0.01198237  -0.00000000
    2    1
 -0.00000000   0.00000000     0.00000000  -0.00000000     0.00000000  -0.00000000
  0.00000000  -0.00000000     0.00000000   0.00000000    -0.01761642  -0.00000000
  0.00000000  -0.00000000    -0.01761642  -0.00000000    -0.00000000   0.00000000
    2    2
  0.10293071   0.00000000     0.00000000   0.00000000     0.00000000   0.00000000
  0.00000000   0.00000000     0.05666887   0.00000000    -0.00000000   0.00000000
  0.00000000   0.00000000    -0.00000000   0.00000000     0.05666887   0.00000000
    2    3
 -0.07929453   0.00000000    -0.00000000   0.00000000    -0.00000000   0.00000000
  0.00000000   0.00000000    -0.01140394   0.00000000    -0.00000000   0.00000000
 -0.00000000   0.00000000    -0.00000000   0.00000000    -0.01140394   0.00000000
    2    4
 -0.02882579  -0.00000000     0.02896807   0.00000000     0.02896807   0.00000000
  0.00060284   0.00000000    -0.00220665  -0.00000000     0.01142781   0.00000000
  0.00060284   0.00000000     0.01142781   0.00000000    -0.00220665  -0.00000000
    2    5
  0.02896880  -0.00000000    -0.03341017   0.00000000    -0.03341017   0.00000000
 -0.01897322   0.00000000    -0.01545657   0.00000000    -0.01688357   0.00000000
 -0.01897322   0.00000000    -0.01688357   0.00000000    -0.01545657   0.00000000
    2    6
  0.02882579   0.00000000    -0.02896807  -0.00000000     0.02896807   0.00000000
 -0.00060284  -0.00000000     0.00220665   0.00000000     0.01142781   0.00000000
  0.00060284   0.00000000     0.01142781   0.00000000     0.00220665   0.00000000
    2    7
 -0.02896880   0.00000000     0.03341017  -0.00000000    -0.03341017   0.00000000
  0.01897322  -0.00000000     0.01545657  -0.00000000    -0.01688357   0.00000000
 -0.01897322   0.00000000    -0.01688357   0.00000000     0.01545657  -0.00000000
    2    8
  0.02882579   0.00000000     0.02896807   0.00000000    -0.02896807  -0.00000000
  0.00060284   0.00000000     0.00220665   0.00000000     0.01142781   0.00000000
 -0.00060284  -0.00000000     0.01142781   0.00000000     0.00220665   0.00000000
    2    9
 -0.02896880   0.00000000    -0.03341017   0.00000000     0.03341017  -0.00000000
 -0.01897322   0.00000000     0.01545657  -0.00000000    -0.01688357   0.00000000
  0.01897322  -0.00000000    -0.01688357   0.00000000     0.01545657  -0.00000000
    2   10
 -0.02882579  -0.00000000    -0.02896807  -0.00000000    -0.02896807  -0.00000000
 -0.00060284  -0.00000000    -0.00220665  -0.00000000     0.01142781   0.00000000
 -0.00060284  -0.00000000     0.01142781   0.00000000    -0.00220665  -0.00000000
    2   11
  0.02896880  -0.00000000     0.03341017  -0.00000000     0.03341017  -0.00000000
  0.01897322  -0.00000000    -0.01545657   0.00000000    -0.01688357   0.00000000
  0.01897322  -0.00000000    -0.01688357   0.00000000    -0.01545657   0.00000000
    3    1
  0.00000000  -0.00000000     0.00000000   0.00000000    -0.00000000   0.00000000
  0.00000000   0.00000000    -0.00000000  -0.00000000    -0.01761642  -0.00000000
 -0.00000000  -0.00000000    -0.01761642  -0.00000000     0.00000000  -0.00000000
    3    2
 -0.07929453  -0.00000000    -0.00000000  -0.00000000    -0.00000000  -0.00000000
  0.00000000   0.00000000    -0.01140394  -0.00000000    -0.00000000  -0.00000000
 -0.00000000   0.00000000    -0.00000000  -0.00000000    -0.01140394  -0.00000000
    3    3
  0.10293071   0.00000000     0.00000000   0.00000000     0.00000000   0.00000000
  0.00000000   0.00000000     0.05666887   0.00000000    -0.00000000   0.00000000
 -0.00000000   0.00000000    -0.00000000   0.00000000     0.05666887   0.00000000
    3    4
  0.02896880   0.00000000    -0.03341017  -0.00000000    -0.03341017  -0.00000000
 -0.01897322  -0.00000000    -0.01545657  -0.00000000    -0.01688357  -0.00000000
 -0.01897322  -0.00000000    -0.01688357  -0.00000000    -0.01545657  -0.00000000
    3    5
 -0.02882579   0.00000000     0.02896807  -0.00000000     0.02896807  -0.00000000
  0.00060284  -0.00000000    -0.00220665   0.00000000     0.01142781  -0.00000000
  0.00060284  -0.00000000     0.01142781  -0.00000000    -0.00220665   0.00000000
    3    6
 -0.02896880  -0.00000000     0.03341017   0.00000000    -0.03341017  -0.00000000
  0.01897322   0.00000000     0.01545657   0.00000000    -0.01688357  -0.00000000
 -0.01897322  -0.00000000    -0.01688357  -0.00000000     0.01545657   0.00000000
    3    7
  0.02882579  -0.00000000    -0.02896807   0.00000000     0.02896807  -0.00000000
 -0.00060284   0.00000000     0.00220665  -0.00000000     0.01142781  -0.00000000
  0.00060284  -0.00000000     0.01142781  -0.00000000     0.00220665  -0.00000000
    3    8
 -0.02896880  -0.00000000    -0.03341017  -0.00000000     0.03341017   0.00000000
 -0.01897322  -0.00000000     0.01545657   0.00000000    -0.01688357  -0.00000000
  0.01897322   0.00000000    -0.01688357  -0.00000000     0.01545657   0.00000000
    3    9
  0.02882579  -0.00000000     0.02896807  -0.00000000    -0.02896807   0.00000000
  0.00060284  -0.00000000     0.00220665  -0.00000000     0.01142781  -0.00000000
 -0.00060284   0.00000000     0.01142781  -0.00000000     0.00220665  -0.00000000
    3   10
  0.02896880   0.00000000     0.03341017   0.00000000     0.03341017   0.00000000
  0.01897322   0.00000000    -0.01545657  -0.00000000    -0.01688357  -0.00000000
  0.01897322   0.00000000    -0.01688357  -0.00000000    -0.01545657  -0.00000000
    3   11
 -0.02882579   0.00000000    -0.02896807   0.00000000    -0.02896807   0.00000000
 -0.00060284   0.00000000    -0.00220665   0.00000000     0.01142781  -0.00000000
 -0.00060284   0.00000000     0.01142781  -0.00000000    -0.00220665   0.00000000
    4    1
 -0.02418671   0.00000000     0.00207458  -0.00000000     0.00207458  -0.00000000
  0.01070724  -0.00000000     0.01198237  -0.00000000     0.00254293  -0.00000000
  0.01070724  -0.00000000     0.00254293  -0.00000000     0.01198237  -0.00000000
    4    2
 -0.02882579   0.00000000     0.00060284  -0.00000000     0.00060284  -0.00000000
  0.02896807  -0.00000000    -0.00220665   0.00000000     0.01142781  -0.00000000
  0.02896807  -0.00000000     0.01142781  -0.00000000    -0.00220665   0.00000000
    4    3
  0.02896880  -0.00000000    -0.01897322   0.00000000    -0.01897322   0.00000000
 -0.03341017   0.00000000    -0.01545657   0.00000000    -0.01688357   0.00000000
 -0.03341017   0.00000000    -0.01688357   0.00000000    -0.01545657   0.00000000
    4    4
  0.07337578   0.00000000    -0.01089804   0.00000000    -0.01089804   0.00000000
 -0.01089804   0.00000000     0.07271007   0.00000000     0.01987651   0.00000000
 -0.01089804   0.00000000     0.01987651   0.00000000     0.07271007   0.00000000
    4    5
 -0.01880540   0.00000000     0.01158718  -0.00000000     0.01158718  -0.00000000
  0.01158718  -0.00000000    -0.02858132   0.00000000    -0.02936745   0.00000000
  0.01158718  -0.00000000    -0.02936745   0.00000000    -0.02858132   0.00000000
    4    6
 -0.01314536  -0.00000000     0.01881395   0.00000000    -0.01661372  -0.00000000
  0.01881395   0.00000000    -0.00037160  -0.00000000     0.00167745   0.00000000
  0.01661372   0.00000000    -0.00167745  -0.00000000     0.01159791   0.00000000
    4    7
  0.01967024  -0.00000000    -0.02042365   0.00000000     0.01591805  -0.00000000
 -0.02042365   0.00000000     0.00186468  -0.00000000     0.00544994  -0.00000000
 -0.01591805   0.00000000    -0.00544994   0.00000000    -0.03814868   0.00000000
    4    8
 -0.01314536  -0.00000000    -0.01661372  -0.00000000     0.01881395   0.00000000
  0.01661372   0.00000000     0.01159791   0.00000000    -0.00167745  -0.00000000
  0.01881395   0.00000000     0.00167745   0.00000000    -0.00037160  -0.00000000
    4    9
  0.01967024  -0.00000000     0.01591805  -0.00000000    -0.02042365   0.00000000
 -0.01591805   0.00000000    -0.03814868   0.00000000    -0.00544994   0.00000000
 -0.02042365   0.00000000     0.00544994  -0.00000000     0.00186468  -0.00000000
    4   10
  0.01832437   0.00000000     0.02141760   0.00000000     0.02141760   0.00000000
 -0.02141760   0.00000000    -0.01721530   0.00000000     0.00536942   0.00000000
 -0.02141760   0.00000000     0.00536942   0.00000000    -0.01721530   0.00000000
    4   11
 -0.04829487   0.00000000    -0.01932892   0.00000000    -0.01932892   0.00000000
  0.01932892  -0.00000000     0.01486441  -0.00000000     0.01064112  -0.00000000
  0.01932892  -0.00000000     0.01064112  -0.00000000     0.01486441  -0.00000000
    5    1
 -0.02418671  -0.00000000     0.00207458   0.00000000     0.00207458   0.00000000
  0.01070724   0.00000000     0.01198237   0.00000000     0.00254293   0.00000000
  0.01070724   0.00000000     0.00254293   0.00000000     0.01198237   0.00000000
    5    2
  0.02896880   0.00000000    -0.01897322  -0.00000000    -0.01897322  -0.00000000
 -0.03341017  -0.00000000    -0.01545657  -0.00000000    -0.01688357  -0.00000000
 -0.03341017  -0.00000000    -0.01688357  -0.00000000    -0.01545657  -0.00000000
    5    3
 -0.02882579  -0.00000000     0.00060284   0.00000000     0.00060284   0.00000000
  0.02896807   0.00000000    -0.00220665  -0.00000000     0.01142781   0.00000000
  0.02896807   0.00000000     0.01142781   0.00000000    -0.00220665  -0.00000000
    5    4
 -0.01880540  -0.00000000     0.01158718   0.00000000     0.01158718   0.00000000
  0.01158718   0.00000000    -0.02858132  -0.00000000    -0.02936745  -0.00000000
  0.01158718   0.00000000    -0.02936745  -0.00000000    -0.02858132  -0.00000000
    5    5
  0.07337578   0.00000000    -0.01089804   0.00000000    -0.01089804   0.00000000
 -0.01089804   0.00000000     0.07271007   0.00000000     0.01987651   0.00000000
 -0.01089804   0.00000000     0.01987651   0.00000000     0.07271007   0.00000000
    5    6
  0.01967024   0.00000000    -0.02042365  -0.00000000     0.01591805   0.00000000
 -0.02042365  -0.00000000     0.00186468   0.00000000     0.00544994   0.00000000
 -0.01591805  -0.00000000    -0.00544994  -0.00000000    -0.03814868  -0.00000000
    5    7
 -0.01314536   0.00000000     0.01881395  -0.00000000    -0.01661372   0.00000000
  0.01881395  -0.00000000    -0.00037160   0.00000000     0.00167745  -0.00000000
  0.01661372  -0.00000000    -0.00167745   0.00000000     0.01159791  -0.00000000
    5    8
  0.01967024   0.00000000     0.01591805   0.00000000    -0.02042365  -0.00000000
 -0.01591805  -0.00000000    -0.03814868  -0.00000000    -0.00544994  -0.00000000
 -0.02042365  -0.00000000     0.00544994   0.00000000     0.00186468   0.00000000
    5    9
 -0.01314536   0.00000000    -0.01661372   0.00000000     0.01881395  -0.00000000
  0.01661372  -0.00000000     0.01159791  -0.00000000    -0.00167745   0.00000000
  0.01881395  -0.00000000     0.00167745  -0.00000000    -0.00037160   0.00000000
    5   10
 -0.04829487  -0.00000000    -0.01932892  -0.00000000    -0.01932892  -0.00000000
  0.01932892   0.00000000     0.01486441   0.00000000     0.01064112   0.00000000
  0.01932892   0.00000000     0.01064112   0.00000000     0.01486441   0.00000000
    5   11
  0.01832437   0.00000000     0.02141760   0.00000000     0.02141760   0.00000000
 -0.02141760   0.00000000    -0.01721530   0.00000000     0.00536942   0.00000000
 -0.02141760   0.00000000     0.00536942   0.00000000    -0.01721530   0.00000000
    6    1
 -0.02418671   0.00000000     0.00207458  -0.00000000    -0.00207458   0.00000000
  0.01070724  -0.00000000     0.01198237  -0.00000000    -0.00254293   0.00000000
 -0.01070724   0.00000000    -0.00254293   0.00000000     0.01198237  -0.00000000
    6    2
  0.02882579  -0.00000000    -0.00060284   0.00000000     0.00060284  -0.00000000
 -0.02896807   0.00000000     0.00220665  -0.00000000     0.01142781  -0.00000000
  0.02896807  -0.00000000     0.01142781  -0.00000000     0.00220665  -0.00000000
    6    3
 -0.02896880   0.00000000     0.01897322  -0.00000000    -0.01897322   0.00000000
  0.03341017  -0.00000000     0.01545657  -0.00000000    -0.01688357   0.00000000
 -0.03341017   0.00000000    -0.01688357   0.00000000     0.01545657  -0.00000000
    6    4
 -0.01314536   0.00000000     0.01881395  -0.00000000     0.01661372  -0.00000000
  0.01881395  -0.00000000    -0.00037160   0.00000000    -0.00167745   0.00000000
 -0.01661372   0.00000000     0.00167745  -0.00000000     0.01159791  -0.00000000
    6    5
  0.01967024  -0.00000000    -0.02042365   0.00000000    -0.01591805   0.00000000
 -0.02042365   0.00000000     0.00186468  -0.00000000    -0.00544994   0.00000000
  0.01591805  -0.00000000     0.00544994  -0.00000000    -0.03814868   0.00000000
    6    6
  0.07337578   0.00000000    -0.01089804   0.00000000     0.01089804   0.00000000
 -0.01089804   0.00000000     0.07271007   0.00000000    -0.01987651   0.00000000
  0.01089804   0.00000000    -0.01987651   0.00000000     0.07271007   0.00000000
    6    7
 -0.01880540   0.00000000     0.01158718  -0.00000000    -0.01158718   0.00000000
  0.01158718  -0.00000000    -0.02858132   0.00000000     0.02936745  -0.00000000
 -0.01158718   0.00000000     0.02936745  -0.00000000    -0.02858132   0.00000000
    6    8
  0.01832437  -0.00000000     0.02141760   0.00000000    -0.02141760  -0.00000000
 -0.02141760   0.00000000    -0.01721530  -0.00000000    -0.00536942   0.00000000
  0.02141760  -0.00000000    -0.00536942  -0.00000000    -0.01721530   0.00000000
    6    9
 -0.04829487   0.00000000    -0.01932892   0.00000000     0.01932892  -0.00000000
  0.01932892  -0.00000000     0.01486441  -0.00000000    -0.01064112   0.00000000
 -0.01932892   0.00000000    -0.01064112   0.00000000     0.01486441  -0.00000000
    6   10
 -0.01314536   0.00000000    -0.01661372   0.00000000    -0.01881395   0.00000000
  0.01661372  -0.00000000     0.01159791  -0.00000000     0.00167745  -0.00000000
 -0.01881395   0.00000000    -0.00167745   0.00000000    -0.00037160   0.00000000
    6   11
  0.01967024  -0.00000000     0.01591805  -0.00000000     0.02042365  -0.00000000
 -0.01591805   0.00000000    -0.03814868   0.00000000     0.00544994  -0.00000000
  0.02042365  -0.00000000    -0.00544994   0.00000000     0.00186468  -0.00000000
    7    1
 -0.02418671  -0.00000000     0.00207458   0.00000000    -0.00207458  -0.00000000
  0.01070724   0.00000000     0.01198237   0.00000000    -0.00254293  -0.00000000
 -0.01070724  -0.00000000    -0.00254293  -0.00000000     0.01198237   0.00000000
    7    2
 -0.02896880  -0.00000000     0.01897322   0.00000000    -0.01897322  -0.00000000
  0.03341017   0.00000000     0.01545657   0.00000000    -0.01688357  -0.00000000
 -0.03341017  -0.00000000    -0.01688357  -0.00000000     0.01545657   0.00000000
    7    3
  0.02882579   0.00000000    -0.00060284  -0.00000000     0.00060284   0.00000000
 -0.02896807  -0.00000000     0.00220665   0.00000000     0.01142781   0.00000000
  0.02896807   0.00000000     0.01142781   0.00000000     0.00220665   0.00000000
    7    4
  0.01967024   0.00000000    -0.02042365  -0.00000000    -0.01591805  -0.00000000
 -0.02042365  -0.00000000     0.00186468   0.00000000    -0.00544994  -0.00000000
  0.01591805   0.00000000     0.00544994   0.00000000    -0.03814868  -0.00000000
    7    5
 -0.01314536  -0.00000000     0.01881395   0.00000000     0.01661372   0.00000000
  0.01881395   0.00000000    -0.00037160  -0.00000000    -0.00167745  -0.00000000
 -0.01661372  -0.00000000     0.00167745   0.00000000     0.01159791   0.00000000
    7    6
 -0.01880540  -0.00000000     0.01158718   0.00000000    -0.01158718  -0.00000000
  0.01158718   0.00000000    -0.02858132  -0.00000000     0.02936745   0.00000000
 -0.01158718  -0.00000000     0.02936745   0.00000000    -0.02858132  -0.00000000
    7    7
  0.07337578   0.00000000    -0.01089804   0.00000000     0.01089804   0.00000000
 -0.01089804   0.00000000     0.07271007   0.00000000    -0.01987651   0.00000000
  0.01089804   0.00000000    -0.01987651   0.00000000     0.07271007   0.00000000
    7    8
 -0.04829487  -0.00000000    -0.01932892  -0.00000000     0.01932892   0.00000000
  0.01932892   0.00000000     0.01486441   0.00000000    -0.01064112  -0.00000000
 -0.01932892  -0.00000000    -0.01064112  -0.00000000     0.01486441   0.00000000
    7    9
  0.01832437   0.00000000     0.02141760  -0.00000000    -0.02141760   0.00000000
 -0.02141760  -0.00000000    -0.01721530  -0.00000000    -0.00536942  -0.00000000
  0.02141760   0.00000000    -0.00536942   0.00000000    -0.01721530  -0.00000000
    7   10
  0.01967024   0.00000000     0.01591805   0.00000000     0.02042365   0.00000000
 -0.01591805  -0.00000000    -0.03814868  -0.00000000     0.00544994   0.00000000
  0.02042365   0.00000000    -0.00544994  -0.00000000     0.00186468   0.00000000
    7   11
 -0.01314536  -0.00000000    -0.01661372  -0.00000000    -0.01881395  -0.00000000
  0.01661372   0.00000000     0.01159791   0.00000000     0.00167745   0.00000000
 -0.01881395  -0.00000000    -0.00167745  -0.00000000    -0.00037160  -0.00000000
    8    1
 -0.02418671   0.00000000    -0.00207458   0.00000000     0.00207458  -0.00000000
 -0.01070724   0.00000000     0.01198237  -0.00000000    -0.00254293   0.00000000
  0.01070724  -0.00000000    -0.00254293   0.00000000     0.01198237  -0.00000000
    8    2
  0.02882579  -0.00000000     0.00060284  -0.00000000    -0.00060284   0.00000000
  0.02896807  -0.00000000     0.00220665  -0.00000000     0.01142781  -0.00000000
 -0.02896807   0.00000000     0.01142781  -0.00000000     0.00220665  -0.00000000
    8    3
 -0.02896880   0.00000000    -0.01897322   0.00000000     0.01897322  -0.00000000
 -0.03341017   0.00000000     0.01545657  -0.00000000    -0.01688357   0.00000000
  0.03341017  -0.00000000    -0.01688357   0.00000000     0.01545657  -0.00000000
    8    4
 -0.01314536   0.00000000     0.01661372  -0.00000000     0.01881395  -0.00000000
 -0.01661372   0.00000000     0.01159791  -0.00000000     0.00167745  -0.00000000
  0.01881395  -0.00000000    -0.00167745   0.00000000    -0.00037160   0.00000000
    8    5
  0.01967024  -0.00000000    -0.01591805   0.00000000    -0.02042365   0.00000000
  0.01591805  -0.00000000    -0.03814868   0.00000000     0.00544994  -0.00000000
 -0.02042365   0.00000000    -0.00544994   0.00000000     0.00186468  -0.00000000
    8    6
  0.01832437  -0.00000000    -0.02141760  -0.00000000     0.02141760   0.00000000
  0.02141760  -0.00000000    -0.01721530   0.00000000    -0.00536942  -0.00000000
 -0.02141760   0.00000000    -0.00536942   0.00000000    -0.01721530   0.00000000
    8    7
 -0.04829487   0.00000000     0.01932892  -0.00000000    -0.01932892   0.00000000
 -0.01932892   0.00000000     0.01486441  -0.00000000    -0.01064112   0.00000000
  0.01932892  -0.00000000    -0.01064112   0.00000000     0.01486441  -0.00000000
    8    8
  0.07337578   0.00000000     0.01089804   0.00000000    -0.01089804   0.00000000
  0.01089804   0.00000000     0.07271007   0.00000000    -0.01987651   0.00000000
 -0.01089804   0.00000000    -0.01987651   0.00000000     0.07271007   0.00000000
    8    9
 -0.01880540   0.00000000    -0.01158718   0.00000000     0.01158718  -0.00000000
 -0.01158718   0.00000000    -0.02858132   0.00000000     0.02936745  -0.00000000
  0.01158718  -0.00000000     0.02936745  -0.00000000    -0.02858132   0.00000000
    8   10
 -0.01314536   0.00000000    -0.01881395   0.00000000    -0.01661372   0.00000000
 -0.01881395   0.00000000    -0.00037160   0.00000000    -0.00167745   0.00000000
  0.01661372  -0.00000000     0.00167745  -0.00000000     0.01159791  -0.00000000
    8   11
  0.01967024  -0.00000000     0.02042365  -0.00000000     0.01591805  -0.00000000
  0.02042365  -0.00000000     0.00186468  -0.00000000    -0.00544994   0.00000000
 -0.01591805   0.00000000     0.00544994  -0.00000000    -0.03814868   0.00000000
    9    1
 -0.02418671  -0.00000000    -0.00207458  -0.00000000     0.00207458   0.00000000
 -0.01070724  -0.00000000     0.01198237   0.00000000    -0.00254293  -0.00000000
  0.01070724   0.00000000    -0.00254293  -0.00000000     0.01198237   0.00000000
    9    2
 -0.02896880  -0.00000000    -0.01897322  -0.00000000     0.01897322   0.00000000
 -0.03341017  -0.00000000     0.01545657   0.00000000    -0.01688357  -0.00000000
  0.03341017   0.00000000    -0.01688357  -0.00000000     0.01545657   0.00000000
    9    3
  0.02882579   0.00000000     0.00060284   0.00000000    -0.00060284  -0.00000000
  0.02896807   0.00000000     0.00220665   0.00000000     0.01142781   0.00000000
 -0.02896807  -0.00000000     0.01142781   0.00000000     0.00220665   0.00000000
    9    4
  0.01967024   0.00000000    -0.01591805  -0.00000000    -0.02042365  -0.00000000
  0.01591805   0.00000000    -0.03814868  -0.00000000     0.00544994   0.00000000
 -0.02042365  -0.00000000    -0.00544994  -0.00000000     0.00186468   0.00000000
    9    5
 -0.01314536  -0.00000000     0.01661372   0.00000000     0.01881395   0.00000000
 -0.01661372  -0.00000000     0.01159791   0.00000000     0.00167745   0.00000000
  0.01881395   0.00000000    -0.00167745  -0.00000000    -0.00037160  -0.00000000
    9    6
 -0.04829487  -0.00000000     0.01932892   0.00000000    -0.01932892  -0.00000000
 -0.01932892  -0.00000000     0.01486441   0.00000000    -0.01064112  -0.00000000
  0.01932892   0.00000000    -0.01064112  -0.00000000     0.01486441   0.00000000
    9    7
  0.01832437   0.00000000    -0.02141760   0.00000000     0.02141760  -0.00000000
  0.02141760   0.00000000    -0.01721530  -0.00000000    -0.00536942   0.00000000
 -0.02141760  -0.00000000    -0.00536942  -0.00000000    -0.01721530  -0.00000000
    9    8
 -0.01880540  -0.00000000    -0.01158718  -0.00000000     0.01158718   0.00000000
 -0.01158718  -0.00000000    -0.02858132  -0.00000000     0.02936745   0.00000000
  0.01158718   0.00000000     0.02936745   0.00000000    -0.02858132  -0.00000000
    9    9
  0.07337578   0.00000000     0.01089804   0.00000000    -0.01089804   0.00000000
  0.01089804   0.00000000     0.07271007   0.00000000    -0.01987651   0.00000000
 -0.01089804   0.00000000    -0.01987651   0.00000000     0.07271007   0.00000000
    9   10
  0.01967024   0.00000000     0.02042365   0.00000000     0.01591805   0.00000000
  0.02042365   0.00000000     0.00186468   0.00000000    -0.00544994  -0.00000000
 -0.01591805  -0.00000000     0.00544994   0.00000000    -0.03814868  -0.00000000
    9   11
 -0.01314536  -0.00000000    -0.01881395  -0.00000000    -0.01661372  -0.00000000
 -0.01881395  -0.00000000    -0.00037160  -0.00000000    -0.00167745  -0.00000000
  0.01661372   0.00000000     0.00167745   0.00000000     0.01159791   0.00000000
   10    1
 -0.02418671   0.00000000    -0.00207458   0.00000000    -0.00207458   0.00000000
 -0.01070724   0.00000000     0.01198237  -0.00000000     0.00254293  -0.00000000
 -0.01070724   0.00000000     0.00254293  -0.00000000     0.01198237  -0.00000000
   10    2
 -0.02882579   0.00000000    -0.00060284   0.00000000    -0.00060284   0.00000000
 -0.02896807   0.00000000    -0.00220665   0.00000000     0.01142781  -0.00000000
 -0.02896807   0.00000000     0.01142781  -0.00000000    -0.00220665   0.00000000
   10    3
  0.02896880  -0.00000000     0.01897322  -0.00000000     0.01897322  -0.00000000
  0.03341017  -0.00000000    -0.01545657   0.00000000    -0.01688357   0.00000000
  0.03341017  -0.00000000    -0.01688357   0.00000000    -0.01545657   0.00000000
   10    4
  0.01832437   0.00000000    -0.02141760   0.00000000    -0.02141760   0.00000000
  0.02141760   0.00000000    -0.01721530   0.00000000     0.00536942   0.00000000
  0.02141760   0.00000000     0.00536942   0.00000000    -0.01721530   0.00000000
   10    5
 -0.04829487   0.00000000     0.01932892  -0.00000000     0.01932892  -0.00000000
 -0.01932892   0.00000000     0.01486441  -0.00000000     0.01064112  -0.00000000
 -0.01932892   0.00000000     0.01064112  -0.00000000     0.01486441  -0.00000000
   10    6
 -0.01314536  -0.00000000     0.01661372   0.00000000    -0.01881395  -0.00000000
 -0.01661372  -0.00000000     0.01159791   0.00000000    -0.00167745  -0.00000000
 -0.01881395  -0.00000000     0.00167745   0.00000000    -0.00037160  -0.00000000
   10    7
  0.01967024  -0.00000000    -0.01591805   0.00000000     0.02042365  -0.00000000
  0.01591805  -0.00000000    -0.03814868   0.00000000    -0.00544994   0.00000000
  0.02042365  -0.00000000     0.00544994  -0.00000000     0.00186468  -0.00000000
   10    8
 -0.01314536  -0.00000000    -0.01881395  -0.00000000     0.01661372   0.00000000
 -0.01881395  -0.00000000    -0.00037160  -0.00000000     0.00167745   0.00000000
 -0.01661372  -0.00000000    -0.00167745  -0.00000000     0.01159791   0.00000000
   10    9
  0.01967024  -0.00000000     0.02042365  -0.00000000    -0.01591805   0.00000000
  0.02042365  -0.00000000     0.00186468  -0.00000000     0.00544994  -0.00000000
  0.01591805  -0.00000000    -0.00544994   0.00000000    -0.03814868   0.00000000
   10   10
  0.07337578   0.00000000     0.01089804   0.00000000     0.01089804   0.00000000
  0.01089804   0.00000000     0.07271007   0.00000000     0.01987651   0.00000000
  0.01089804   0.00000000     0.01987651   0.00000000     0.07271007   0.00000000
   10   11
 -0.01880540   0.00000000    -0.01158718   0.00000000    -0.01158718   0.00000000
 -0.01158718   0.00000000    -0.02858132   0.00000000    -0.02936745   0.00000000
 -0.01158718   0.00000000    -0.02936745   0.00000000    -0.02858132   0.00000000
   11    1
 -0.02418671  -0.00000000    -0.00207458  -0.00000000    -0.00207458  -0.00000000
 -0.01070724  -0.00000000     0.01198237   0.00000000     0.00254293   0.00000000
 -0.01070724  -0.00000000     0.00254293   0.00000000     0.01198237   0.00000000
   11    2
  0.02896880   0.00000000     0.01897322   0.00000000     0.01897322   0.00000000
  0.03341017   0.00000000    -0.01545657  -0.00000000    -0.01688357  -0.00000000
  0.03341017   0.00000000    -0.01688357  -0.00000000    -0.01545657  -0.00000000
   11    3
 -0.02882579  -0.00000000    -0.00060284  -0.00000000    -0.00060284  -0.00000000
 -0.02896807  -0.00000000    -0.00220665  -0.00000000     0.01142781   0.00000000
 -0.02896807  -0.00000000     0.01142781   0.00000000    -0.00220665  -0.00000000
   11    4
 -0.04829487  -0.00000000     0.01932892   0.00000000     0.01932892   0.00000000
 -0.01932892  -0.00000000     0.01486441   0.00000000     0.01064112   0.00000000
 -0.01932892  -0.00000000     0.01064112   0.00000000     0.01486441   0.00000000
   11    5
  0.01832437   0.00000000    -0.02141760   0.00000000    -0.02141760   0.00000000
  0.02141760   0.00000000    -0.01721530   0.00000000     0.00536942   0.00000000
  0.02141760   0.00000000     0.00536942   0.00000000    -0.01721530   0.00000000
   11    6
  0.01967024   0.00000000    -0.01591805  -0.00000000     0.02042365   0.00000000
  0.01591805   0.00000000    -0.03814868  -0.00000000    -0.00544994  -0.00000000
  0.02042365   0.00000000     0.00544994   0.00000000     0.00186468   0.00000000
   11    7
 -0.01314536   0.00000000     0.01661372  -0.00000000    -0.01881395   0.00000000
 -0.01661372   0.00000000     0.01159791  -0.00000000    -0.00167745   0.00000000
 -0.01881395   0.00000000     0.00167745  -0.00000000    -0.00037160   0.00000000
   11    8
  0.01967024   0.00000000     0.02042365   0.00000000    -0.01591805  -0.00000000
  0.02042365   0.00000000     0.00186468   0.00000000     0.00544994   0.00000000
  0.01591805   0.00000000    -0.00544994  -0.00000000    -0.03814868  -0.00000000
   11    9
 -0.01314536   0.00000000    -0.01881395   0.00000000     0.01661372  -0.00000000
 -0.01881395   0.00000000    -0.00037160   0.00000000     0.00167745  -0.00000000
 -0.01661372   0.00000000    -0.00167745   0.00000000     0.01159791  -0.00000000
   11   10
 -0.01880540  -0.00000000    -0.01158718  -0.00000000    -0.01158718  -0.00000000
 -0.01158718  -0.00000000    -0.02858132  -0.00000000    -0.02936745  -0.00000000
 -0.01158718  -0.00000000    -0.02936745  -0.00000000    -0.02858132  -0.00000000
   11   11
  0.07337578   0.00000000     0.01089804   0.00000000     0.01089804   0.00000000
  0.01089804   0.00000000     0.07271007   0.00000000     0.01987651   0.00000000
  0.01089804   0.00000000     0.01987651   0.00000000     0.07271007   0.00000000

     Dynamical  Matrix in cartesian axes

     q = (    0.000000000   0.000000000  -0.707106781 ) 

    1    1
  0.16760038   0.00000000    -0.00000000   0.00000000    -0.00000000   0.00000000
 -0.00000000   0.00000000     0.16760038   0.00000000     0.00000000   0.00000000
  0.00000000   0.00000000     0.00000000   0.00000000     0.21793348   0.00000000
    1    2
  0.00000000  -0.00000000    -0.01761642   0.00000000    -0.00000000   0.00000000
 -0.01761642   0.00000000     0.00000000  -0.00000000    -0.00000000   0.00000000
  0.00000000   0.00000000    -0.00000000   0.00000000     0.00000000  -0.00000000
    1    3
  0.00000000   0.00000000    -0.01761642   0.00000000    -0.00000000   0.00000000
 -0.01761642   0.00000000     0.00000000   0.00000000    -0.00000000  -0.00000000
 -0.00000000   0.00000000    -0.00000000   0.00000000     0.00000000   0.00000000
    1    4
  0.01198237   0.00000000     0.00254293   0.00000000     0.00207458   0.00000000
  0.00254293   0.00000000     0.01198237   0.00000000     0.00207458   0.00000000
  0.01070724   0.00000000     0.01070724   0.00000000    -0.02418671  -0.00000000
    1    5
  0.01198237  -0.00000000     0.00254293  -0.00000000     0.00207458  -0.00000000
  0.00254293  -0.00000000     0.01198237  -0.00000000     0.00207458  -0.00000000
  0.01070724  -0.00000000     0.01070724  -0.00000000    -0.02418671   0.00000000
    1    6
  0.01198237   0.00000000     0.00254293   0.00000000    -0.00207458  -0.00000000
  0.00254293   0.00000000     0.01198237   0.00000000    -0.00207458  -0.00000000
 -0.01070724  -0.00000000    -0.01070724  -0.00000000    -0.02418671  -0.00000000
    1    7
  0.01198237  -0.00000000     0.00254293  -0.00000000    -0.00207458   0.00000000
  0.00254293  -0.00000000     0.01198237  -0.00000000    -0.00207458   0.00000000
 -0.01070724   0.00000000    -0.01070724   0.00000000    -0.02418671   0.00000000
    1    8
  0.01198237   0.00000000    -0.00254293  -0.00000000     0.00207458   0.00000000
 -0.00254293  -0.00000000     0.01198237   0.00000000    -0.00207458  -0.00000000
  0.01070724   0.00000000    -0.01070724  -0.00000000    -0.02418671  -0.00000000
    1    9
  0.01198237  -0.00000000    -0.00254293   0.00000000     0.00207458  -0.00000000
 -0.00254293   0.00000000     0.01198237  -0.00000000    -0.00207458   0.00000000
  0.01070724  -0.00000000    -0.01070724   0.00000000    -0.02418671   0.00000000
    1   10
  0.01198237   0.00000000    -0.00254293  -0.00000000    -0.00207458  -0.00000000
 -0.00254293  -0.00000000     0.01198237   0.00000000     0.00207458   0.00000000
 -0.01070724  -0.00000000     0.01070724   0.00000000    -0.02418671  -0.00000000
    1   11
  0.01198237  -0.00000000    -0.00254293   0.00000000    -0.00207458   0.00000000
 -0.00254293   0.00000000     0.01198237  -0.00000000     0.00207458  -0.00000000
 -0.01070724   0.00000000     0.01070724  -0.00000000    -0.02418671   0.00000000
    2    1
  0.00000000   0.00000000    -0.01761642  -0.00000000     0.00000000  -0.00000000
 -0.01761642  -0.00000000     0.00000000   0.00000000    -0.00000000   0.00000000
  0.00000000   0.00000000    -0.00000000  -0.00000000     0.00000000   0.00000000
    2    2
  0.05666887   0.00000000    -0.00000000   0.00000000     0.00000000   0.00000000
 -0.00000000   0.00000000     0.05666887   0.00000000     0.00000000   0.00000000
  0.00000000   0.00000000     0.00000000   0.00000000     0.10293071   0.00000000
    2    3
 -0.01140394   0.00000000    -0.00000000   0.00000000     0.00000000   0.00000000
 -0.00000000   0.00000000    -0.01140394   0.00000000    -0.00000000  -0.00000000
 -0.00000000   0.00000000     0.00000000   0.00000000    -0.07929453   0.00000000
    2    4
 -0.00220665  -0.00000000     0.01142781   0.00000000     0.00060284   0.00000000
  0.01142781   0.00000000    -0.00220665  -0.00000000     0.00060284   0.00000000
  0.02896807   0.00000000     0.02896807   0.00000000    -0.02882579  -0.00000000
    2    5
 -0.01545657   0.00000000    -0.01688357   0.00000000    -0.01897322   0.00000000
 -0.01688357   0.00000000    -0.01545657   0.00000000    -0.01897322   0.00000000
 -0.03341017   0.00000000    -0.03341017   0.00000000     0.02896880  -0.00000000
    2    6
 -0.00220665  -0.00000000     0.01142781   0.00000000    -0.00060284  -0.00000000
  0.01142781   0.00000000    -0.00220665  -0.00000000    -0.00060284  -0.00000000
 -0.02896807  -0.00000000    -0.02896807  -0.00000000    -0.02882579  -0.00000000
    2    7
 -0.01545657   0.00000000    -0.01688357   0.00000000     0.01897322  -0.00000000
 -0.01688357   0.00000000    -0.01545657   0.00000000     0.01897322  -0.00000000
  0.03341017  -0.00000000     0.03341017  -0.00000000     0.02896880  -0.00000000
    2    8
  0.00220665   0.00000000     0.01142781   0.00000000    -0.00060284  -0.00000000
  0.01142781   0.00000000     0.00220665   0.00000000     0.00060284   0.00000000
 -0.02896807  -0.00000000     0.02896807   0.00000000     0.02882579   0.00000000
    2    9
  0.01545657  -0.00000000    -0.01688357   0.00000000     0.01897322  -0.00000000
 -0.01688357   0.00000000     0.01545657  -0.00000000    -0.01897322   0.00000000
  0.03341017  -0.00000000    -0.03341017   0.00000000    -0.02896880   0.00000000
    2   10
  0.00220665   0.00000000     0.01142781   0.00000000     0.00060284   0.00000000
  0.01142781   0.00000000     0.00220665   0.00000000    -0.00060284  -0.00000000
  0.02896807   0.00000000    -0.02896807  -0.00000000     0.02882579   0.00000000
    2   11
  0.01545657  -0.00000000    -0.01688357   0.00000000    -0.01897322   0.00000000
 -0.01688357   0.00000000     0.01545657  -0.00000000     0.01897322  -0.00000000
 -0.03341017   0.00000000     0.03341017  -0.00000000    -0.02896880   0.00000000
    3    1
  0.00000000  -0.00000000    -0.01761642  -0.00000000     0.00000000  -0.00000000
 -0.01761642  -0.00000000     0.00000000  -0.00000000     0.00000000  -0.00000000
  0.00000000   0.00000000     0.00000000   0.00000000     0.00000000  -0.00000000
    3    2
 -0.01140394  -0.00000000    -0.00000000  -0.00000000    -0.00000000  -0.00000000
 -0.00000000  -0.00000000    -0.01140394  -0.00000000     0.00000000   0.00000000
  0.00000000   0.00000000    -0.00000000  -0.00000000    -0.07929453  -0.00000000
    3    3
  0.05666887   0.00000000     0.00000000   0.00000000     0.00000000   0.00000000
  0.00000000   0.00000000     0.05666887   0.00000000    -0.00000000   0.00000000
  0.00000000   0.00000000     0.00000000   0.00000000     0.10293071   0.00000000
    3    4
 -0.01545657  -0.00000000    -0.01688357  -0.00000000    -0.01897322  -0.00000000
 -0.01688357  -0.00000000    -0.01545657  -0.00000000    -0.01897322  -0.00000000
 -0.03341017  -0.00000000    -0.03341017  -0.00000000     0.02896880   0.00000000
    3    5
 -0.00220665   0.00000000     0.01142781  -0.00000000     0.00060284  -0.00000000
  0.01142781  -0.00000000    -0.00220665   0.00000000     0.00060284  -0.00000000
  0.02896807  -0.00000000     0.02896807  -0.00000000    -0.02882579   0.00000000
    3    6
 -0.01545657  -0.00000000    -0.01688357  -0.00000000     0.01897322   0.00000000
 -0.01688357  -0.00000000    -0.01545657  -0.00000000     0.01897322   0.00000000
  0.03341017   0.00000000     0.03341017   0.00000000     0.02896880   0.00000000
    3    7
 -0.00220665   0.00000000     0.01142781  -0.00000000    -0.00060284   0.00000000
  0.01142781  -0.00000000    -0.00220665   0.00000000    -0.00060284   0.00000000
 -0.02896807   0.00000000    -0.02896807   0.00000000    -0.02882579   0.00000000
    3    8
  0.01545657   0.00000000    -0.01688357  -0.00000000     0.01897322   0.00000000
 -0.01688357  -0.00000000     0.01545657   0.00000000    -0.01897322  -0.00000000
  0.03341017   0.00000000    -0.03341017  -0.00000000    -0.02896880  -0.00000000
    3    9
  0.00220665  -0.00000000     0.01142781  -0.00000000    -0.00060284   0.00000000
  0.01142781  -0.00000000     0.00220665  -0.00000000     0.00060284  -0.00000000
 -0.02896807   0.00000000     0.02896807  -0.00000000     0.02882579  -0.00000000
    3   10
  0.01545657   0.00000000    -0.01688357  -0.00000000    -0.01897322  -0.00000000
 -0.01688357  -0.00000000     0.01545657   0.00000000     0.01897322   0.00000000
 -0.03341017  -0.00000000     0.03341017   0.00000000    -0.02896880  -0.00000000
    3   11
  0.00220665  -0.00000000     0.01142781  -0.00000000     0.00060284  -0.00000000
  0.01142781  -0.00000000     0.00220665  -0.00000000    -0.00060284   0.00000000
  0.02896807  -0.00000000    -0.02896807   0.00000000     0.02882579  -0.00000000
    4    1
  0.01198237  -0.00000000     0.00254293  -0.00000000     0.01070724  -0.00000000
