  5.000000000000000E-003   1.50271645758374        5.70684869152418     
           8

     Dynamical  Matrix in cartesian axes

     q = (    0.117851130   0.117851130  -0.117851130 ) 

    1    1
  0.04760430   0.00000000     0.00456672   0.00000000    -0.00456672   0.00000000
  0.00456672   0.00000000     0.04760430   0.00000000    -0.00456672   0.00000000
 -0.00456672   0.00000000    -0.00456672   0.00000000     0.04760430   0.00000000
    1    2
 -0.00998736   0.00503577     0.00059633   0.00048188    -0.00059633  -0.00048188
  0.00059633   0.00048188    -0.00998736   0.00503577    -0.00059633  -0.00048188
 -0.00059633  -0.00048188    -0.00059633  -0.00048188    -0.00998736   0.00503577
    1    3
 -0.00935478   0.00613142    -0.00011915  -0.00075738     0.00011915   0.00075738
 -0.00011915  -0.00075738    -0.00935478   0.00613142     0.00011915   0.00075738
  0.00011915   0.00075738     0.00011915   0.00075738    -0.00935478   0.00613142
    1    4
  0.01242461   0.01359962     0.01180203   0.00231949    -0.00113831  -0.00506664
  0.01180203   0.00231949     0.01242461   0.01359962    -0.00113831  -0.00506664
 -0.00096561  -0.00819897    -0.00096561  -0.00819897     0.00087277  -0.00921597
    1    5
 -0.00556532  -0.01755984     0.00389228  -0.01138060     0.00381869   0.00351912
  0.00389228  -0.01138060    -0.00556532  -0.01755984     0.00381869   0.00351912
  0.00661771   0.00493573     0.00661771   0.00493573     0.00841765   0.00385214
    1    6
 -0.00546622  -0.00488401     0.01346740   0.00122362    -0.01346740  -0.00122362
  0.01346740   0.00122362    -0.00546622  -0.00488401    -0.01346740  -0.00122362
 -0.01346740  -0.00122362    -0.01346740  -0.00122362    -0.00546622  -0.00488401
    1    7
  0.00149657   0.00717589     0.00567402  -0.01227492    -0.00567402   0.01227492
  0.00567402  -0.01227492     0.00149657   0.00717589    -0.00567402   0.01227492
 -0.00567402   0.01227492    -0.00567402   0.01227492     0.00149657   0.00717589
    1    8
  0.00087277  -0.00921597     0.00096561   0.00819897    -0.00096561  -0.00819897
  0.00113831   0.00506664     0.01242461   0.01359962    -0.01180203  -0.00231949
 -0.00113831  -0.00506664    -0.01180203  -0.00231949     0.01242461   0.01359962
    1    9
  0.00841765   0.00385214    -0.00661771  -0.00493573     0.00661771   0.00493573
 -0.00381869  -0.00351912    -0.00556532  -0.01755984    -0.00389228   0.01138060
  0.00381869   0.00351912    -0.00389228   0.01138060    -0.00556532  -0.01755984
    1   10
  0.01242461   0.01359962     0.00113831   0.00506664    -0.01180203  -0.00231949
  0.00096561   0.00819897     0.00087277  -0.00921597    -0.00096561  -0.00819897
 -0.01180203  -0.00231949    -0.00113831  -0.00506664     0.01242461   0.01359962
    1   11
 -0.00556532  -0.01755984    -0.00381869  -0.00351912    -0.00389228   0.01138060
 -0.00661771  -0.00493573     0.00841765   0.00385214     0.00661771   0.00493573
 -0.00389228   0.01138060     0.00381869   0.00351912    -0.00556532  -0.01755984
    2    1
 -0.00998736  -0.00503577     0.00059633  -0.00048188    -0.00059633   0.00048188
  0.00059633  -0.00048188    -0.00998736  -0.00503577    -0.00059633   0.00048188
 -0.00059633   0.00048188    -0.00059633   0.00048188    -0.00998736  -0.00503577
    2    2
  0.02407072   0.00000000     0.00771844   0.00000000    -0.00771844  -0.00000000
  0.00771844   0.00000000     0.02407072   0.00000000    -0.00771844  -0.00000000
 -0.00771844  -0.00000000    -0.00771844  -0.00000000     0.02407072   0.00000000
    2    3
  0.00680781  -0.00201945     0.01340531  -0.00264895    -0.01340531   0.00264895
  0.01340531  -0.00264895     0.00680781  -0.00201945    -0.01340531   0.00264895
 -0.01340531   0.00264895    -0.01340531   0.00264895     0.00680781  -0.00201945
    2    4
  0.00365970  -0.01318581    -0.00726081  -0.01269966    -0.01024851  -0.00554358
 -0.00726081  -0.01269966     0.00365970  -0.01318581    -0.01024851  -0.00554358
  0.00840740   0.00965145     0.00840740   0.00965145     0.00896774   0.01041741
    2    5
 -0.01115448   0.01508145    -0.00358313   0.01018144    -0.00711109   0.00960361
 -0.00358313   0.01018144    -0.01115448   0.01508145    -0.00711109   0.00960361
 -0.00721622  -0.01205644    -0.00721622  -0.01205644     0.00403145  -0.01240794
    2    6
 -0.01524225   0.00646584    -0.01022941   0.00563274     0.01022941  -0.00563274
 -0.01022941   0.00563274    -0.01524225   0.00646584     0.01022941  -0.00563274
  0.01022941  -0.00563274     0.01022941  -0.00563274    -0.01524225   0.00646584
    2    7
 -0.00938838  -0.00674164    -0.01972748   0.00101225     0.01972748  -0.00101225
 -0.01972748   0.00101225    -0.00938838  -0.00674164     0.01972748  -0.00101225
  0.01972748  -0.00101225     0.01972748  -0.00101225    -0.00938838  -0.00674164
    2    8
  0.00896774   0.01041741    -0.00840740  -0.00965145     0.00840740   0.00965145
  0.01024851   0.00554358     0.00365970  -0.01318581     0.00726081   0.01269966
 -0.01024851  -0.00554358     0.00726081   0.01269966     0.00365970  -0.01318581
    2    9
  0.00403145  -0.01240794     0.00721622   0.01205644    -0.00721622  -0.01205644
  0.00711109  -0.00960361    -0.01115448   0.01508145     0.00358313  -0.01018144
 -0.00711109   0.00960361     0.00358313  -0.01018144    -0.01115448   0.01508145
    2   10
  0.00365970  -0.01318581     0.01024851   0.00554358     0.00726081   0.01269966
 -0.00840740  -0.00965145     0.00896774   0.01041741     0.00840740   0.00965145
  0.00726081   0.01269966    -0.01024851  -0.00554358     0.00365970  -0.01318581
    2   11
 -0.01115448   0.01508145     0.00711109  -0.00960361     0.00358313  -0.01018144
  0.00721622   0.01205644     0.00403145  -0.01240794    -0.00721622  -0.01205644
  0.00358313  -0.01018144    -0.00711109   0.00960361    -0.01115448   0.01508145
    3    1
 -0.00935478  -0.00613142    -0.00011915   0.00075738     0.00011915  -0.00075738
 -0.00011915   0.00075738    -0.00935478  -0.00613142     0.00011915  -0.00075738
  0.00011915  -0.00075738     0.00011915  -0.00075738    -0.00935478  -0.00613142
    3    2
  0.00680781   0.00201945     0.01340531   0.00264895    -0.01340531  -0.00264895
  0.01340531   0.00264895     0.00680781   0.00201945    -0.01340531  -0.00264895
 -0.01340531  -0.00264895    -0.01340531  -0.00264895     0.00680781   0.00201945
    3    3
  0.02407072  -0.00000000     0.00771844  -0.00000000    -0.00771844   0.00000000
  0.00771844  -0.00000000     0.02407072  -0.00000000    -0.00771844   0.00000000
 -0.00771844   0.00000000    -0.00771844   0.00000000     0.02407072  -0.00000000
    3    4
 -0.01115448  -0.01508145    -0.00358313  -0.01018144    -0.00711109  -0.00960361
 -0.00358313  -0.01018144    -0.01115448  -0.01508145    -0.00711109  -0.00960361
 -0.00721622   0.01205644    -0.00721622   0.01205644     0.00403145   0.01240794
    3    5
  0.00365970   0.01318581    -0.00726081   0.01269966    -0.01024851   0.00554358
 -0.00726081   0.01269966     0.00365970   0.01318581    -0.01024851   0.00554358
  0.00840740  -0.00965145     0.00840740  -0.00965145     0.00896774  -0.01041741
    3    6
 -0.00938838   0.00674164    -0.01972748  -0.00101225     0.01972748   0.00101225
 -0.01972748  -0.00101225    -0.00938838   0.00674164     0.01972748   0.00101225
  0.01972748   0.00101225     0.01972748   0.00101225    -0.00938838   0.00674164
    3    7
 -0.01524225  -0.00646584    -0.01022941  -0.00563274     0.01022941   0.00563274
 -0.01022941  -0.00563274    -0.01524225  -0.00646584     0.01022941   0.00563274
  0.01022941   0.00563274     0.01022941   0.00563274    -0.01524225  -0.00646584
    3    8
  0.00403145   0.01240794     0.00721622  -0.01205644    -0.00721622   0.01205644
  0.00711109   0.00960361    -0.01115448  -0.01508145     0.00358313   0.01018144
 -0.00711109  -0.00960361     0.00358313   0.01018144    -0.01115448  -0.01508145
    3    9
  0.00896774  -0.01041741    -0.00840740   0.00965145     0.00840740  -0.00965145
  0.01024851  -0.00554358     0.00365970   0.01318581     0.00726081  -0.01269966
 -0.01024851   0.00554358     0.00726081  -0.01269966     0.00365970   0.01318581
    3   10
 -0.01115448  -0.01508145     0.00711109   0.00960361     0.00358313   0.01018144
  0.00721622  -0.01205644     0.00403145   0.01240794    -0.00721622   0.01205644
  0.00358313   0.01018144    -0.00711109  -0.00960361    -0.01115448  -0.01508145
    3   11
  0.00365970   0.01318581     0.01024851  -0.00554358     0.00726081  -0.01269966
 -0.00840740   0.00965145     0.00896774  -0.01041741     0.00840740  -0.00965145
  0.00726081  -0.01269966    -0.01024851   0.00554358     0.00365970   0.01318581
    4    1
  0.01242461  -0.01359962     0.01180203  -0.00231949    -0.00096561   0.00819897
  0.01180203  -0.00231949     0.01242461  -0.01359962    -0.00096561   0.00819897
 -0.00113831   0.00506664    -0.00113831   0.00506664     0.00087277   0.00921597
    4    2
  0.00365970   0.01318581    -0.00726081   0.01269966     0.00840740  -0.00965145
 -0.00726081   0.01269966     0.00365970   0.01318581     0.00840740  -0.00965145
 -0.01024851   0.00554358    -0.01024851   0.00554358     0.00896774  -0.01041741
    4    3
 -0.01115448   0.01508145    -0.00358313   0.01018144    -0.00721622  -0.01205644
 -0.00358313   0.01018144    -0.01115448   0.01508145    -0.00721622  -0.01205644
 -0.00711109   0.00960361    -0.00711109   0.00960361     0.00403145  -0.01240794
    4    4
  0.04837992  -0.00000000     0.01627267  -0.00000000     0.00916762  -0.00628345
  0.01627267  -0.00000000     0.04837992  -0.00000000     0.00916762  -0.00628345
  0.00916762   0.00628345     0.00916762   0.00628345     0.03051489  -0.00000000
    4    5
 -0.01970767  -0.00919916    -0.02287284  -0.01860087    -0.00627562  -0.00663239
 -0.02287284  -0.01860087    -0.01970767  -0.00919916    -0.00627562  -0.00663239
 -0.00627562  -0.00663239    -0.00627562  -0.00663239    -0.00877659  -0.01529591
    4    6
 -0.00882480  -0.01811399     0.00595545  -0.02012905    -0.00605504   0.01406658
  0.00595545  -0.02012905    -0.00882480  -0.01811399    -0.00605504   0.01406658
  0.00352436  -0.01841146     0.00352436  -0.01841146     0.00137017   0.01881761
    4    7
  0.01714463  -0.01560589     0.00758788  -0.01306247     0.00044514   0.01788618
  0.00758788  -0.01306247     0.01714463  -0.01560589     0.00044514   0.01788618
  0.01137598  -0.00431819     0.01137598  -0.00431819    -0.03246943   0.00740506
    4    8
 -0.01262895   0.00375900     0.01686127   0.00717641    -0.00161042   0.00000000
 -0.00939284   0.00303459     0.02013486   0.00000000    -0.01686127   0.00717641
 -0.01231409   0.00000000     0.00939284   0.00303459    -0.01262895  -0.00375900
    4    9
  0.00966730   0.00983272    -0.00515803  -0.00866066     0.00896601   0.00653968
  0.00509212   0.00994261    -0.04035822  -0.00894917     0.00515803   0.00866066
 -0.00023649   0.01857744    -0.00509212  -0.00994261     0.00966730   0.00983272
    4   10
  0.02013486   0.00000000    -0.00939284   0.00303459    -0.01686127   0.00717641
  0.01686127   0.00717641    -0.01262895   0.00375900    -0.00161042  -0.00000000
  0.00939284   0.00303459    -0.01231409   0.00000000    -0.01262895  -0.00375900
    4   11
 -0.04035822  -0.00894917     0.00509212   0.00994261     0.00515803   0.00866066
 -0.00515803  -0.00866066     0.00966730   0.00983272     0.00896601   0.00653968
 -0.00509212  -0.00994261    -0.00023649   0.01857744     0.00966730   0.00983272
    5    1
 -0.00556532   0.01755984     0.00389228   0.01138060     0.00661771  -0.00493573
  0.00389228   0.01138060    -0.00556532   0.01755984     0.00661771  -0.00493573
  0.00381869  -0.00351912     0.00381869  -0.00351912     0.00841765  -0.00385214
    5    2
 -0.01115448  -0.01508145    -0.00358313  -0.01018144    -0.00721622   0.01205644
 -0.00358313  -0.01018144    -0.01115448  -0.01508145    -0.00721622   0.01205644
 -0.00711109  -0.00960361    -0.00711109  -0.00960361     0.00403145   0.01240794
    5    3
  0.00365970  -0.01318581    -0.00726081  -0.01269966     0.00840740   0.00965145
 -0.00726081  -0.01269966     0.00365970  -0.01318581     0.00840740   0.00965145
 -0.01024851  -0.00554358    -0.01024851  -0.00554358     0.00896774   0.01041741
    5    4
 -0.01970767   0.00919916    -0.02287284   0.01860087    -0.00627562   0.00663239
 -0.02287284   0.01860087    -0.01970767   0.00919916    -0.00627562   0.00663239
 -0.00627562   0.00663239    -0.00627562   0.00663239    -0.00877659   0.01529591
    5    5
  0.04837992   0.00000000     0.01627267   0.00000000     0.00916762   0.00628345
  0.01627267   0.00000000     0.04837992   0.00000000     0.00916762   0.00628345
  0.00916762  -0.00628345     0.00916762  -0.00628345     0.03051489   0.00000000
    5    6
  0.01714463   0.01560589     0.00758788   0.01306247     0.00044514  -0.01788618
  0.00758788   0.01306247     0.01714463   0.01560589     0.00044514  -0.01788618
  0.01137598   0.00431819     0.01137598   0.00431819    -0.03246943  -0.00740506
    5    7
 -0.00882480   0.01811399     0.00595545   0.02012905    -0.00605504  -0.01406658
  0.00595545   0.02012905    -0.00882480   0.01811399    -0.00605504  -0.01406658
  0.00352436   0.01841146     0.00352436   0.01841146     0.00137017  -0.01881761
    5    8
  0.00966730  -0.00983272    -0.00515803   0.00866066     0.00896601  -0.00653968
  0.00509212  -0.00994261    -0.04035822   0.00894917     0.00515803  -0.00866066
 -0.00023649  -0.01857744    -0.00509212   0.00994261     0.00966730  -0.00983272
    5    9
 -0.01262895  -0.00375900     0.01686127  -0.00717641    -0.00161042   0.00000000
 -0.00939284  -0.00303459     0.02013486  -0.00000000    -0.01686127  -0.00717641
 -0.01231409  -0.00000000     0.00939284  -0.00303459    -0.01262895   0.00375900
    5   10
 -0.04035822   0.00894917     0.00509212  -0.00994261     0.00515803  -0.00866066
 -0.00515803   0.00866066     0.00966730  -0.00983272     0.00896601  -0.00653968
 -0.00509212   0.00994261    -0.00023649  -0.01857744     0.00966730  -0.00983272
    5   11
  0.02013486   0.00000000    -0.00939284  -0.00303459    -0.01686127  -0.00717641
  0.01686127  -0.00717641    -0.01262895  -0.00375900    -0.00161042   0.00000000
  0.00939284  -0.00303459    -0.01231409  -0.00000000    -0.01262895   0.00375900
    6    1
 -0.00546622   0.00488401     0.01346740  -0.00122362    -0.01346740   0.00122362
  0.01346740  -0.00122362    -0.00546622   0.00488401    -0.01346740   0.00122362
 -0.01346740   0.00122362    -0.01346740   0.00122362    -0.00546622   0.00488401
    6    2
 -0.01524225  -0.00646584    -0.01022941  -0.00563274     0.01022941   0.00563274
 -0.01022941  -0.00563274    -0.01524225  -0.00646584     0.01022941   0.00563274
  0.01022941   0.00563274     0.01022941   0.00563274    -0.01524225  -0.00646584
    6    3
 -0.00938838  -0.00674164    -0.01972748   0.00101225     0.01972748  -0.00101225
 -0.01972748   0.00101225    -0.00938838  -0.00674164     0.01972748  -0.00101225
  0.01972748  -0.00101225     0.01972748  -0.00101225    -0.00938838  -0.00674164
    6    4
 -0.00882480   0.01811399     0.00595545   0.02012905     0.00352436   0.01841146
  0.00595545   0.02012905    -0.00882480   0.01811399     0.00352436   0.01841146
 -0.00605504  -0.01406658    -0.00605504  -0.01406658     0.00137017  -0.01881761
    6    5
  0.01714463  -0.01560589     0.00758788  -0.01306247     0.01137598  -0.00431819
  0.00758788  -0.01306247     0.01714463  -0.01560589     0.01137598  -0.00431819
  0.00044514   0.01788618     0.00044514   0.01788618    -0.03246943   0.00740506
    6    6
  0.05693630  -0.00000000     0.01329212  -0.00000000    -0.01329212   0.00000000
  0.01329212  -0.00000000     0.05693630  -0.00000000    -0.01329212   0.00000000
 -0.01329212   0.00000000    -0.01329212   0.00000000     0.05693630  -0.00000000
    6    7
  0.01208149   0.01682927     0.00806888   0.01288857    -0.00806888  -0.01288857
  0.00806888   0.01288857     0.01208149   0.01682927    -0.00806888  -0.01288857
 -0.00806888  -0.01288857    -0.00806888  -0.01288857     0.01208149   0.01682927
    6    8
  0.00137017  -0.01881761     0.00605504   0.01406658    -0.00605504  -0.01406658
 -0.00352436  -0.01841146    -0.00882480   0.01811399    -0.00595545  -0.02012905
  0.00352436   0.01841146    -0.00595545  -0.02012905    -0.00882480   0.01811399
    6    9
 -0.03246943   0.00740506    -0.00044514  -0.01788618     0.00044514   0.01788618
 -0.01137598   0.00431819     0.01714463  -0.01560589    -0.00758788   0.01306247
  0.01137598  -0.00431819    -0.00758788   0.01306247     0.01714463  -0.01560589
    6   10
 -0.00882480   0.01811399    -0.00352436  -0.01841146    -0.00595545  -0.02012905
  0.00605504   0.01406658     0.00137017  -0.01881761    -0.00605504  -0.01406658
 -0.00595545  -0.02012905     0.00352436   0.01841146    -0.00882480   0.01811399
    6   11
  0.01714463  -0.01560589    -0.01137598   0.00431819    -0.00758788   0.01306247
 -0.00044514  -0.01788618    -0.03246943   0.00740506     0.00044514   0.01788618
 -0.00758788   0.01306247     0.01137598  -0.00431819     0.01714463  -0.01560589
    7    1
  0.00149657  -0.00717589     0.00567402   0.01227492    -0.00567402  -0.01227492
  0.00567402   0.01227492     0.00149657  -0.00717589    -0.00567402  -0.01227492
 -0.00567402  -0.01227492    -0.00567402  -0.01227492     0.00149657  -0.00717589
    7    2
 -0.00938838   0.00674164    -0.01972748  -0.00101225     0.01972748   0.00101225
 -0.01972748  -0.00101225    -0.00938838   0.00674164     0.01972748   0.00101225
  0.01972748   0.00101225     0.01972748   0.00101225    -0.00938838   0.00674164
    7    3
 -0.01524225   0.00646584    -0.01022941   0.00563274     0.01022941  -0.00563274
 -0.01022941   0.00563274    -0.01524225   0.00646584     0.01022941  -0.00563274
  0.01022941  -0.00563274     0.01022941  -0.00563274    -0.01524225   0.00646584
    7    4
  0.01714463   0.01560589     0.00758788   0.01306247     0.01137598   0.00431819
  0.00758788   0.01306247     0.01714463   0.01560589     0.01137598   0.00431819
  0.00044514  -0.01788618     0.00044514  -0.01788618    -0.03246943  -0.00740506
    7    5
 -0.00882480  -0.01811399     0.00595545  -0.02012905     0.00352436  -0.01841146
  0.00595545  -0.02012905    -0.00882480  -0.01811399     0.00352436  -0.01841146
 -0.00605504   0.01406658    -0.00605504   0.01406658     0.00137017   0.01881761
    7    6
  0.01208149  -0.01682927     0.00806888  -0.01288857    -0.00806888   0.01288857
  0.00806888  -0.01288857     0.01208149  -0.01682927    -0.00806888   0.01288857
 -0.00806888   0.01288857    -0.00806888   0.01288857     0.01208149  -0.01682927
    7    7
  0.05693630   0.00000000     0.01329212   0.00000000    -0.01329212  -0.00000000
  0.01329212   0.00000000     0.05693630   0.00000000    -0.01329212  -0.00000000
 -0.01329212  -0.00000000    -0.01329212  -0.00000000     0.05693630   0.00000000
    7    8
 -0.03246943  -0.00740506    -0.00044514   0.01788618     0.00044514  -0.01788618
 -0.01137598  -0.00431819     0.01714463   0.01560589    -0.00758788  -0.01306247
  0.01137598   0.00431819    -0.00758788  -0.01306247     0.01714463   0.01560589
    7    9
  0.00137017   0.01881761     0.00605504  -0.01406658    -0.00605504   0.01406658
 -0.00352436   0.01841146    -0.00882480  -0.01811399    -0.00595545   0.02012905
  0.00352436  -0.01841146    -0.00595545   0.02012905    -0.00882480  -0.01811399
    7   10
  0.01714463   0.01560589    -0.01137598  -0.00431819    -0.00758788  -0.01306247
 -0.00044514   0.01788618    -0.03246943  -0.00740506     0.00044514  -0.01788618
 -0.00758788  -0.01306247     0.01137598   0.00431819     0.01714463   0.01560589
    7   11
 -0.00882480  -0.01811399    -0.00352436   0.01841146    -0.00595545   0.02012905
  0.00605504  -0.01406658     0.00137017   0.01881761    -0.00605504   0.01406658
 -0.00595545   0.02012905     0.00352436  -0.01841146    -0.00882480  -0.01811399
    8    1
  0.00087277   0.00921597     0.00113831  -0.00506664    -0.00113831   0.00506664
  0.00096561  -0.00819897     0.01242461  -0.01359962    -0.01180203   0.00231949
 -0.00096561   0.00819897    -0.01180203   0.00231949     0.01242461  -0.01359962
    8    2
  0.00896774  -0.01041741     0.01024851  -0.00554358    -0.01024851   0.00554358
 -0.00840740   0.00965145     0.00365970   0.01318581     0.00726081  -0.01269966
  0.00840740  -0.00965145     0.00726081  -0.01269966     0.00365970   0.01318581
    8    3
  0.00403145  -0.01240794     0.00711109  -0.00960361    -0.00711109   0.00960361
  0.00721622   0.01205644    -0.01115448   0.01508145     0.00358313  -0.01018144
 -0.00721622  -0.01205644     0.00358313  -0.01018144    -0.01115448   0.01508145
    8    4
 -0.01262895  -0.00375900    -0.00939284  -0.00303459    -0.01231409   0.00000000
  0.01686127  -0.00717641     0.02013486   0.00000000     0.00939284  -0.00303459
 -0.00161042  -0.00000000    -0.01686127  -0.00717641    -0.01262895   0.00375900
    8    5
  0.00966730   0.00983272     0.00509212   0.00994261    -0.00023649   0.01857744
 -0.00515803  -0.00866066    -0.04035822  -0.00894917    -0.00509212  -0.00994261
  0.00896601   0.00653968     0.00515803   0.00866066     0.00966730   0.00983272
    8    6
  0.00137017   0.01881761    -0.00352436   0.01841146     0.00352436  -0.01841146
  0.00605504  -0.01406658    -0.00882480  -0.01811399    -0.00595545   0.02012905
 -0.00605504   0.01406658    -0.00595545   0.02012905    -0.00882480  -0.01811399
    8    7
 -0.03246943   0.00740506    -0.01137598   0.00431819     0.01137598  -0.00431819
 -0.00044514  -0.01788618     0.01714463  -0.01560589    -0.00758788   0.01306247
  0.00044514   0.01788618    -0.00758788   0.01306247     0.01714463  -0.01560589
    8    8
  0.03051489  -0.00000000    -0.00916762  -0.00628345     0.00916762   0.00628345
 -0.00916762   0.00628345     0.04837992  -0.00000000    -0.01627267   0.00000000
  0.00916762  -0.00628345    -0.01627267   0.00000000     0.04837992   0.00000000
    8    9
 -0.00877659  -0.01529591     0.00627562   0.00663239    -0.00627562  -0.00663239
  0.00627562   0.00663239    -0.01970767  -0.00919916     0.02287284   0.01860087
 -0.00627562  -0.00663239     0.02287284   0.01860087    -0.01970767  -0.00919916
    8   10
 -0.01262895  -0.00375900     0.01231409  -0.00000000     0.00939284   0.00303459
  0.00161042  -0.00000000    -0.01262895   0.00375900    -0.01686127  -0.00717641
 -0.01686127   0.00717641     0.00939284  -0.00303459     0.02013486  -0.00000000
    8   11
  0.00966730   0.00983272     0.00023649  -0.01857744    -0.00509212  -0.00994261
 -0.00896601  -0.00653968     0.00966730   0.00983272     0.00515803   0.00866066
  0.00515803   0.00866066    -0.00509212  -0.00994261    -0.04035822  -0.00894917
    9    1
  0.00841765  -0.00385214    -0.00381869   0.00351912     0.00381869  -0.00351912
 -0.00661771   0.00493573    -0.00556532   0.01755984    -0.00389228  -0.01138060
  0.00661771  -0.00493573    -0.00389228  -0.01138060    -0.00556532   0.01755984
    9    2
  0.00403145   0.01240794     0.00711109   0.00960361    -0.00711109  -0.00960361
  0.00721622  -0.01205644    -0.01115448  -0.01508145     0.00358313   0.01018144
 -0.00721622   0.01205644     0.00358313   0.01018144    -0.01115448  -0.01508145
    9    3
  0.00896774   0.01041741     0.01024851   0.00554358    -0.01024851  -0.00554358
 -0.00840740  -0.00965145     0.00365970  -0.01318581     0.00726081   0.01269966
  0.00840740   0.00965145     0.00726081   0.01269966     0.00365970  -0.01318581
    9    4
  0.00966730  -0.00983272     0.00509212  -0.00994261    -0.00023649  -0.01857744
 -0.00515803   0.00866066    -0.04035822   0.00894917    -0.00509212   0.00994261
  0.00896601  -0.00653968     0.00515803  -0.00866066     0.00966730  -0.00983272
    9    5
 -0.01262895   0.00375900    -0.00939284   0.00303459    -0.01231409   0.00000000
  0.01686127   0.00717641     0.02013486   0.00000000     0.00939284   0.00303459
 -0.00161042   0.00000000    -0.01686127   0.00717641    -0.01262895  -0.00375900
    9    6
 -0.03246943  -0.00740506    -0.01137598  -0.00431819     0.01137598   0.00431819
 -0.00044514   0.01788618     0.01714463   0.01560589    -0.00758788  -0.01306247
  0.00044514  -0.01788618    -0.00758788  -0.01306247     0.01714463   0.01560589
    9    7
  0.00137017  -0.01881761    -0.00352436  -0.01841146     0.00352436   0.01841146
  0.00605504   0.01406658    -0.00882480   0.01811399    -0.00595545  -0.02012905
 -0.00605504  -0.01406658    -0.00595545  -0.02012905    -0.00882480   0.01811399
    9    8
 -0.00877659   0.01529591     0.00627562  -0.00663239    -0.00627562   0.00663239
  0.00627562  -0.00663239    -0.01970767   0.00919916     0.02287284  -0.01860087
 -0.00627562   0.00663239     0.02287284  -0.01860087    -0.01970767   0.00919916
    9    9
  0.03051489   0.00000000    -0.00916762   0.00628345     0.00916762  -0.00628345
 -0.00916762  -0.00628345     0.04837992   0.00000000    -0.01627267  -0.00000000
  0.00916762   0.00628345    -0.01627267  -0.00000000     0.04837992  -0.00000000
    9   10
  0.00966730  -0.00983272     0.00023649   0.01857744    -0.00509212   0.00994261
 -0.00896601   0.00653968     0.00966730  -0.00983272     0.00515803  -0.00866066
  0.00515803  -0.00866066    -0.00509212   0.00994261    -0.04035822   0.00894917
    9   11
 -0.01262895   0.00375900     0.01231409   0.00000000     0.00939284  -0.00303459
  0.00161042   0.00000000    -0.01262895  -0.00375900    -0.01686127   0.00717641
 -0.01686127  -0.00717641     0.00939284   0.00303459     0.02013486   0.00000000
   10    1
  0.01242461  -0.01359962     0.00096561  -0.00819897    -0.01180203   0.00231949
  0.00113831  -0.00506664     0.00087277   0.00921597    -0.00113831   0.00506664
 -0.01180203   0.00231949    -0.00096561   0.00819897     0.01242461  -0.01359962
   10    2
  0.00365970   0.01318581    -0.00840740   0.00965145     0.00726081  -0.01269966
  0.01024851  -0.00554358     0.00896774  -0.01041741    -0.01024851   0.00554358
  0.00726081  -0.01269966     0.00840740  -0.00965145     0.00365970   0.01318581
   10    3
 -0.01115448   0.01508145     0.00721622   0.01205644     0.00358313  -0.01018144
  0.00711109  -0.00960361     0.00403145  -0.01240794    -0.00711109   0.00960361
  0.00358313  -0.01018144    -0.00721622  -0.01205644    -0.01115448   0.01508145
   10    4
  0.02013486   0.00000000     0.01686127  -0.00717641     0.00939284  -0.00303459
 -0.00939284  -0.00303459    -0.01262895  -0.00375900    -0.01231409   0.00000000
 -0.01686127  -0.00717641    -0.00161042  -0.00000000    -0.01262895   0.00375900
   10    5
 -0.04035822  -0.00894917    -0.00515803  -0.00866066    -0.00509212  -0.00994261
  0.00509212   0.00994261     0.00966730   0.00983272    -0.00023649   0.01857744
  0.00515803   0.00866066     0.00896601   0.00653968     0.00966730   0.00983272
   10    6
 -0.00882480  -0.01811399     0.00605504  -0.01406658    -0.00595545   0.02012905
 -0.00352436   0.01841146     0.00137017   0.01881761     0.00352436  -0.01841146
 -0.00595545   0.02012905    -0.00605504   0.01406658    -0.00882480  -0.01811399
   10    7
  0.01714463  -0.01560589    -0.00044514  -0.01788618    -0.00758788   0.01306247
 -0.01137598   0.00431819    -0.03246943   0.00740506     0.01137598  -0.00431819
 -0.00758788   0.01306247     0.00044514   0.01788618     0.01714463  -0.01560589
   10    8
 -0.01262895   0.00375900     0.00161042  -0.00000000    -0.01686127  -0.00717641
  0.01231409  -0.00000000    -0.01262895  -0.00375900     0.00939284   0.00303459
  0.00939284  -0.00303459    -0.01686127   0.00717641     0.02013486   0.00000000
   10    9
  0.00966730   0.00983272    -0.00896601  -0.00653968     0.00515803   0.00866066
  0.00023649  -0.01857744     0.00966730   0.00983272    -0.00509212  -0.00994261
 -0.00509212  -0.00994261     0.00515803   0.00866066    -0.04035822  -0.00894917
   10   10
  0.04837992  -0.00000000    -0.00916762   0.00628345    -0.01627267   0.00000000
 -0.00916762  -0.00628345     0.03051489  -0.00000000     0.00916762   0.00628345
 -0.01627267   0.00000000     0.00916762  -0.00628345     0.04837992  -0.00000000
   10   11
 -0.01970767  -0.00919916     0.00627562   0.00663239     0.02287284   0.01860087
  0.00627562   0.00663239    -0.00877659  -0.01529591    -0.00627562  -0.00663239
  0.02287284   0.01860087    -0.00627562  -0.00663239    -0.01970767  -0.00919916
   11    1
 -0.00556532   0.01755984    -0.00661771   0.00493573    -0.00389228  -0.01138060
 -0.00381869   0.00351912     0.00841765  -0.00385214     0.00381869  -0.00351912
 -0.00389228  -0.01138060     0.00661771  -0.00493573    -0.00556532   0.01755984
   11    2
 -0.01115448  -0.01508145     0.00721622  -0.01205644     0.00358313   0.01018144
  0.00711109   0.00960361     0.00403145   0.01240794    -0.00711109  -0.00960361
  0.00358313   0.01018144    -0.00721622   0.01205644    -0.01115448  -0.01508145
   11    3
  0.00365970  -0.01318581    -0.00840740  -0.00965145     0.00726081   0.01269966
  0.01024851   0.00554358     0.00896774   0.01041741    -0.01024851  -0.00554358
  0.00726081   0.01269966     0.00840740   0.00965145     0.00365970  -0.01318581
   11    4
 -0.04035822   0.00894917    -0.00515803   0.00866066    -0.00509212   0.00994261
  0.00509212  -0.00994261     0.00966730  -0.00983272    -0.00023649  -0.01857744
  0.00515803  -0.00866066     0.00896601  -0.00653968     0.00966730  -0.00983272
   11    5
  0.02013486  -0.00000000     0.01686127   0.00717641     0.00939284   0.00303459
 -0.00939284   0.00303459    -0.01262895   0.00375900    -0.01231409  -0.00000000
 -0.01686127   0.00717641    -0.00161042   0.00000000    -0.01262895  -0.00375900
   11    6
  0.01714463   0.01560589    -0.00044514   0.01788618    -0.00758788  -0.01306247
 -0.01137598  -0.00431819    -0.03246943  -0.00740506     0.01137598   0.00431819
 -0.00758788  -0.01306247     0.00044514  -0.01788618     0.01714463   0.01560589
   11    7
 -0.00882480   0.01811399     0.00605504   0.01406658    -0.00595545  -0.02012905
 -0.00352436  -0.01841146     0.00137017  -0.01881761     0.00352436   0.01841146
 -0.00595545  -0.02012905    -0.00605504  -0.01406658    -0.00882480   0.01811399
   11    8
  0.00966730  -0.00983272    -0.00896601   0.00653968     0.00515803  -0.00866066
  0.00023649   0.01857744     0.00966730  -0.00983272    -0.00509212   0.00994261
 -0.00509212   0.00994261     0.00515803  -0.00866066    -0.04035822   0.00894917
   11    9
 -0.01262895  -0.00375900     0.00161042   0.00000000    -0.01686127   0.00717641
  0.01231409   0.00000000    -0.01262895   0.00375900     0.00939284  -0.00303459
  0.00939284   0.00303459    -0.01686127  -0.00717641     0.02013486  -0.00000000
   11   10
 -0.01970767   0.00919916     0.00627562  -0.00663239     0.02287284  -0.01860087
  0.00627562  -0.00663239    -0.00877659   0.01529591    -0.00627562   0.00663239
  0.02287284  -0.01860087    -0.00627562   0.00663239    -0.01970767   0.00919916
   11   11
  0.04837992   0.00000000    -0.00916762  -0.00628345    -0.01627267  -0.00000000
 -0.00916762   0.00628345     0.03051489   0.00000000     0.00916762  -0.00628345
 -0.01627267  -0.00000000     0.00916762   0.00628345     0.04837992   0.00000000

     Dynamical  Matrix in cartesian axes

     q = (    0.117851130  -0.117851130  -0.117851130 ) 

    1    1
  0.04760430   0.00000000    -0.00456672   0.00000000    -0.00456672   0.00000000
 -0.00456672   0.00000000     0.04760430   0.00000000     0.00456672   0.00000000
 -0.00456672   0.00000000     0.00456672   0.00000000     0.04760430   0.00000000
    1    2
 -0.00998736  -0.00503577    -0.00059633   0.00048188    -0.00059633   0.00048188
 -0.00059633   0.00048188    -0.00998736  -0.00503577     0.00059633  -0.00048188
 -0.00059633   0.00048188     0.00059633  -0.00048188    -0.00998736  -0.00503577
    1    3
 -0.00935478  -0.00613142     0.00011915  -0.00075738     0.00011915  -0.00075738
  0.00011915  -0.00075738    -0.00935478  -0.00613142    -0.00011915   0.00075738
  0.00011915  -0.00075738    -0.00011915   0.00075738    -0.00935478  -0.00613142
    1    4
  0.00087277   0.00921597    -0.00096561   0.00819897    -0.00096561   0.00819897
 -0.00113831   0.00506664     0.01242461  -0.01359962     0.01180203  -0.00231949
 -0.00113831   0.00506664     0.01180203  -0.00231949     0.01242461  -0.01359962
    1    5
  0.00841765  -0.00385214     0.00661771  -0.00493573     0.00661771  -0.00493573
  0.00381869  -0.00351912    -0.00556532   0.01755984     0.00389228   0.01138060
  0.00381869  -0.00351912     0.00389228   0.01138060    -0.00556532   0.01755984
    1    6
  0.01242461  -0.01359962    -0.00113831   0.00506664    -0.01180203   0.00231949
 -0.00096561   0.00819897     0.00087277   0.00921597     0.00096561  -0.00819897
 -0.01180203   0.00231949     0.00113831  -0.00506664     0.01242461  -0.01359962
    1    7
 -0.00556532   0.01755984     0.00381869  -0.00351912    -0.00389228  -0.01138060
  0.00661771  -0.00493573     0.00841765  -0.00385214    -0.00661771   0.00493573
 -0.00389228  -0.01138060    -0.00381869   0.00351912    -0.00556532   0.01755984
    1    8
  0.01242461  -0.01359962    -0.01180203   0.00231949    -0.00113831   0.00506664
 -0.01180203   0.00231949     0.01242461  -0.01359962     0.00113831  -0.00506664
 -0.00096561   0.00819897     0.00096561  -0.00819897     0.00087277   0.00921597
    1    9
 -0.00556532   0.01755984    -0.00389228  -0.01138060     0.00381869  -0.00351912
 -0.00389228  -0.01138060    -0.00556532   0.01755984    -0.00381869   0.00351912
  0.00661771  -0.00493573    -0.00661771   0.00493573     0.00841765  -0.00385214
    1   10
 -0.00546622   0.00488401    -0.01346740   0.00122362    -0.01346740   0.00122362
 -0.01346740   0.00122362    -0.00546622   0.00488401     0.01346740  -0.00122362
 -0.01346740   0.00122362     0.01346740  -0.00122362    -0.00546622   0.00488401
    1   11
  0.00149657  -0.00717589    -0.00567402  -0.01227492    -0.00567402  -0.01227492
 -0.00567402  -0.01227492     0.00149657  -0.00717589     0.00567402   0.01227492
 -0.00567402  -0.01227492     0.00567402   0.01227492     0.00149657  -0.00717589
    2    1
 -0.00998736   0.00503577    -0.00059633  -0.00048188    -0.00059633  -0.00048188
 -0.00059633  -0.00048188    -0.00998736   0.00503577     0.00059633   0.00048188
 -0.00059633  -0.00048188     0.00059633   0.00048188    -0.00998736   0.00503577
    2    2
  0.02407072  -0.00000000    -0.00771844   0.00000000    -0.00771844   0.00000000
 -0.00771844   0.00000000     0.02407072  -0.00000000     0.00771844  -0.00000000
 -0.00771844   0.00000000     0.00771844  -0.00000000     0.02407072  -0.00000000
    2    3
  0.00680781   0.00201945    -0.01340531  -0.00264895    -0.01340531  -0.00264895
 -0.01340531  -0.00264895     0.00680781   0.00201945     0.01340531   0.00264895
 -0.01340531  -0.00264895     0.01340531   0.00264895     0.00680781   0.00201945
    2    4
  0.00896774  -0.01041741     0.00840740  -0.00965145     0.00840740  -0.00965145
 -0.01024851   0.00554358     0.00365970   0.01318581    -0.00726081   0.01269966
 -0.01024851   0.00554358    -0.00726081   0.01269966     0.00365970   0.01318581
    2    5
  0.00403145   0.01240794    -0.00721622   0.01205644    -0.00721622   0.01205644
 -0.00711109  -0.00960361    -0.01115448  -0.01508145    -0.00358313  -0.01018144
 -0.00711109  -0.00960361    -0.00358313  -0.01018144    -0.01115448  -0.01508145
    2    6
  0.00365970   0.01318581    -0.01024851   0.00554358     0.00726081  -0.01269966
  0.00840740  -0.00965145     0.00896774  -0.01041741    -0.00840740   0.00965145
  0.00726081  -0.01269966     0.01024851  -0.00554358     0.00365970   0.01318581
    2    7
 -0.01115448  -0.01508145    -0.00711109  -0.00960361     0.00358313   0.01018144
 -0.00721622   0.01205644     0.00403145   0.01240794     0.00721622  -0.01205644
  0.00358313   0.01018144     0.00711109   0.00960361    -0.01115448  -0.01508145
    2    8
  0.00365970   0.01318581     0.00726081  -0.01269966    -0.01024851   0.00554358
  0.00726081  -0.01269966     0.00365970   0.01318581     0.01024851  -0.00554358
  0.00840740  -0.00965145    -0.00840740   0.00965145     0.00896774  -0.01041741
    2    9
 -0.01115448  -0.01508145     0.00358313   0.01018144    -0.00711109  -0.00960361
  0.00358313   0.01018144    -0.01115448  -0.01508145     0.00711109   0.00960361
 -0.00721622   0.01205644     0.00721622  -0.01205644     0.00403145   0.01240794
    2   10
 -0.01524225  -0.00646584     0.01022941   0.00563274     0.01022941   0.00563274
  0.01022941   0.00563274    -0.01524225  -0.00646584    -0.01022941  -0.00563274
  0.01022941   0.00563274    -0.01022941  -0.00563274    -0.01524225  -0.00646584
    2   11
 -0.00938838   0.00674164     0.01972748   0.00101225     0.01972748   0.00101225
  0.01972748   0.00101225    -0.00938838   0.00674164    -0.01972748  -0.00101225
  0.01972748   0.00101225    -0.01972748  -0.00101225    -0.00938838   0.00674164
    3    1
 -0.00935478   0.00613142     0.00011915   0.00075738     0.00011915   0.00075738
  0.00011915   0.00075738    -0.00935478   0.00613142    -0.00011915  -0.00075738
  0.00011915   0.00075738    -0.00011915  -0.00075738    -0.00935478   0.00613142
    3    2
  0.00680781  -0.00201945    -0.01340531   0.00264895    -0.01340531   0.00264895
 -0.01340531   0.00264895     0.00680781  -0.00201945     0.01340531  -0.00264895
 -0.01340531   0.00264895     0.01340531  -0.00264895     0.00680781  -0.00201945
    3    3
  0.02407072   0.00000000    -0.00771844  -0.00000000    -0.00771844  -0.00000000
 -0.00771844  -0.00000000     0.02407072   0.00000000     0.00771844   0.00000000
 -0.00771844  -0.00000000     0.00771844   0.00000000     0.02407072   0.00000000
    3    4
  0.00403145  -0.01240794    -0.00721622  -0.01205644    -0.00721622  -0.01205644
 -0.00711109   0.00960361    -0.01115448   0.01508145    -0.00358313   0.01018144
 -0.00711109   0.00960361    -0.00358313   0.01018144    -0.01115448   0.01508145
    3    5
  0.00896774   0.01041741     0.00840740   0.00965145     0.00840740   0.00965145
 -0.01024851  -0.00554358     0.00365970  -0.01318581    -0.00726081  -0.01269966
 -0.01024851  -0.00554358    -0.00726081  -0.01269966     0.00365970  -0.01318581
    3    6
 -0.01115448   0.01508145    -0.00711109   0.00960361     0.00358313  -0.01018144
 -0.00721622  -0.01205644     0.00403145  -0.01240794     0.00721622   0.01205644
  0.00358313  -0.01018144     0.00711109  -0.00960361    -0.01115448   0.01508145
    3    7
  0.00365970  -0.01318581    -0.01024851  -0.00554358     0.00726081   0.01269966
  0.00840740   0.00965145     0.00896774   0.01041741    -0.00840740  -0.00965145
  0.00726081   0.01269966     0.01024851   0.00554358     0.00365970  -0.01318581
    3    8
 -0.01115448   0.01508145     0.00358313  -0.01018144    -0.00711109   0.00960361
  0.00358313  -0.01018144    -0.01115448   0.01508145     0.00711109  -0.00960361
 -0.00721622  -0.01205644     0.00721622   0.01205644     0.00403145  -0.01240794
    3    9
  0.00365970  -0.01318581     0.00726081   0.01269966    -0.01024851  -0.00554358
  0.00726081   0.01269966     0.00365970  -0.01318581     0.01024851   0.00554358
  0.00840740   0.00965145    -0.00840740  -0.00965145     0.00896774   0.01041741
    3   10
 -0.00938838  -0.00674164     0.01972748  -0.00101225     0.01972748  -0.00101225
  0.01972748  -0.00101225    -0.00938838  -0.00674164    -0.01972748   0.00101225
  0.01972748  -0.00101225    -0.01972748   0.00101225    -0.00938838  -0.00674164
    3   11
 -0.01524225   0.00646584     0.01022941  -0.00563274     0.01022941  -0.00563274
  0.01022941  -0.00563274    -0.01524225   0.00646584    -0.01022941   0.00563274
  0.01022941  -0.00563274    -0.01022941   0.00563274    -0.01524225   0.00646584
    4    1
  0.00087277  -0.00921597    -0.00113831  -0.00506664    -0.00113831  -0.00506664
