  1.000000000000000E-002   1.50263395063803        5.49317787411326     
           8

     Dynamical  Matrix in cartesian axes

     q = (    0.235702260   0.235702260  -0.235702260 ) 

    1    1
  0.24141704   0.00000000     0.09002418   0.00000000    -0.09002418   0.00000000
  0.09002418   0.00000000     0.24141704   0.00000000    -0.09002418   0.00000000
 -0.09002418   0.00000000    -0.09002418   0.00000000     0.24141704   0.00000000
    1    2
  0.00345942   0.03086019     0.03143372   0.00428669    -0.03143372  -0.00428669
  0.03143372   0.00428669     0.00345942   0.03086019    -0.03143372  -0.00428669
 -0.03143372  -0.00428669    -0.03143372  -0.00428669     0.00345942   0.03086019
    1    3
 -0.02845542   0.01243415    -0.01942924  -0.02507906     0.01942924   0.02507906
 -0.01942924  -0.02507906    -0.02845542   0.01243415     0.01942924   0.02507906
  0.01942924   0.02507906     0.01942924   0.02507906    -0.02845542   0.01243415
    1    4
  0.03845980   0.02200873     0.01628021  -0.00892058    -0.01009980  -0.00508341
  0.01628021  -0.00892058     0.03845980   0.02200873    -0.01009980  -0.00508341
 -0.00138287  -0.02553721    -0.00138287  -0.02553721    -0.02896709  -0.01373367
    1    5
 -0.03829002  -0.02230279    -0.00041466  -0.01855937     0.00945226   0.00620498
 -0.00041466  -0.01855937    -0.03829002  -0.02230279     0.00945226   0.00620498
  0.02280731  -0.01157100     0.02280731  -0.01157100     0.02637726   0.01821940
    1    6
 -0.02822809  -0.00828618     0.00733462   0.01457286    -0.00733462  -0.01457286
  0.00733462   0.01457286    -0.02822809  -0.00828618    -0.00733462  -0.01457286
 -0.00733462  -0.01457286    -0.00733462  -0.01457286    -0.02822809  -0.00828618
    1    7
  0.02129008   0.02030316    -0.01628777   0.00093446     0.01628777  -0.00093446
 -0.01628777   0.00093446     0.02129008   0.02030316     0.01628777  -0.00093446
  0.01628777  -0.00093446     0.01628777  -0.00093446     0.02129008   0.02030316
    1    8
 -0.02896709  -0.01373367     0.00138287   0.02553721    -0.00138287  -0.02553721
  0.01009980   0.00508341     0.03845980   0.02200873    -0.01628021   0.00892058
 -0.01009980  -0.00508341    -0.01628021   0.00892058     0.03845980   0.02200873
    1    9
  0.02637726   0.01821940    -0.02280731   0.01157100     0.02280731  -0.01157100
 -0.00945226  -0.00620498    -0.03829002  -0.02230279     0.00041466   0.01855937
  0.00945226   0.00620498     0.00041466   0.01855937    -0.03829002  -0.02230279
    1   10
  0.03845980   0.02200873     0.01009980   0.00508341    -0.01628021   0.00892058
  0.00138287   0.02553721    -0.02896709  -0.01373367    -0.00138287  -0.02553721
 -0.01628021   0.00892058    -0.01009980  -0.00508341     0.03845980   0.02200873
    1   11
 -0.03829002  -0.02230279    -0.00945226  -0.00620498     0.00041466   0.01855937
 -0.02280731   0.01157100     0.02637726   0.01821940     0.02280731  -0.01157100
  0.00041466   0.01855937     0.00945226   0.00620498    -0.03829002  -0.02230279
    2    1
  0.00345942  -0.03086019     0.03143372  -0.00428669    -0.03143372   0.00428669
  0.03143372  -0.00428669     0.00345942  -0.03086019    -0.03143372   0.00428669
 -0.03143372   0.00428669    -0.03143372   0.00428669     0.00345942  -0.03086019
    2    2
  0.08177782  -0.00000000     0.00405742   0.00000000    -0.00405742  -0.00000000
  0.00405742   0.00000000     0.08177782  -0.00000000    -0.00405742  -0.00000000
 -0.00405742  -0.00000000    -0.00405742  -0.00000000     0.08177782  -0.00000000
    2    3
 -0.01625979  -0.00106119     0.00348576   0.00777199    -0.00348576  -0.00777199
  0.00348576   0.00777199    -0.01625979  -0.00106119    -0.00348576  -0.00777199
 -0.00348576  -0.00777199    -0.00348576  -0.00777199    -0.01625979  -0.00106119
    2    4
  0.02247475  -0.00591160     0.00133347   0.00047681     0.00808763   0.01125218
  0.00133347   0.00047681     0.02247475  -0.00591160     0.00808763   0.01125218
  0.00309153   0.00756178     0.00309153   0.00756178     0.01859126   0.01394789
    2    5
 -0.02596331   0.00613585    -0.01325675  -0.00032943    -0.01861104  -0.00411436
 -0.01325675  -0.00032943    -0.02596331   0.00613585    -0.01861104  -0.00411436
 -0.02516971   0.00464401    -0.02516971   0.00464401    -0.02477315  -0.00156026
    2    6
  0.00683451  -0.00220389     0.00552548  -0.00836780    -0.00552548   0.00836780
  0.00552548  -0.00836780     0.00683451  -0.00220389    -0.00552548   0.00836780
 -0.00552548   0.00836780    -0.00552548   0.00836780     0.00683451  -0.00220389
    2    7
  0.00380684   0.01451237     0.01152498   0.03266611    -0.01152498  -0.03266611
  0.01152498   0.03266611     0.00380684   0.01451237    -0.01152498  -0.03266611
 -0.01152498  -0.03266611    -0.01152498  -0.03266611     0.00380684   0.01451237
    2    8
  0.01859126   0.01394789    -0.00309153  -0.00756178     0.00309153   0.00756178
 -0.00808763  -0.01125218     0.02247475  -0.00591160    -0.00133347  -0.00047681
  0.00808763   0.01125218    -0.00133347  -0.00047681     0.02247475  -0.00591160
    2    9
 -0.02477315  -0.00156026     0.02516971  -0.00464401    -0.02516971   0.00464401
  0.01861104   0.00411436    -0.02596331   0.00613585     0.01325675   0.00032943
 -0.01861104  -0.00411436     0.01325675   0.00032943    -0.02596331   0.00613585
    2   10
  0.02247475  -0.00591160    -0.00808763  -0.01125218    -0.00133347  -0.00047681
 -0.00309153  -0.00756178     0.01859126   0.01394789     0.00309153   0.00756178
 -0.00133347  -0.00047681     0.00808763   0.01125218     0.02247475  -0.00591160
    2   11
 -0.02596331   0.00613585     0.01861104   0.00411436     0.01325675   0.00032943
  0.02516971  -0.00464401    -0.02477315  -0.00156026    -0.02516971   0.00464401
  0.01325675   0.00032943    -0.01861104  -0.00411436    -0.02596331   0.00613585
    3    1
 -0.02845542  -0.01243415    -0.01942924   0.02507906     0.01942924  -0.02507906
 -0.01942924   0.02507906    -0.02845542  -0.01243415     0.01942924  -0.02507906
  0.01942924  -0.02507906     0.01942924  -0.02507906    -0.02845542  -0.01243415
    3    2
 -0.01625979   0.00106119     0.00348576  -0.00777199    -0.00348576   0.00777199
  0.00348576  -0.00777199    -0.01625979   0.00106119    -0.00348576   0.00777199
 -0.00348576   0.00777199    -0.00348576   0.00777199    -0.01625979   0.00106119
    3    3
  0.08177782   0.00000000     0.00405742  -0.00000000    -0.00405742   0.00000000
  0.00405742  -0.00000000     0.08177782   0.00000000    -0.00405742   0.00000000
 -0.00405742   0.00000000    -0.00405742   0.00000000     0.08177782   0.00000000
    3    4
 -0.02596331  -0.00613585    -0.01325675   0.00032943    -0.01861104   0.00411436
 -0.01325675   0.00032943    -0.02596331  -0.00613585    -0.01861104   0.00411436
 -0.02516971  -0.00464401    -0.02516971  -0.00464401    -0.02477315   0.00156026
    3    5
  0.02247475   0.00591160     0.00133347  -0.00047681     0.00808763  -0.01125218
  0.00133347  -0.00047681     0.02247475   0.00591160     0.00808763  -0.01125218
  0.00309153  -0.00756178     0.00309153  -0.00756178     0.01859126  -0.01394789
    3    6
  0.00380684  -0.01451237     0.01152498  -0.03266611    -0.01152498   0.03266611
  0.01152498  -0.03266611     0.00380684  -0.01451237    -0.01152498   0.03266611
 -0.01152498   0.03266611    -0.01152498   0.03266611     0.00380684  -0.01451237
    3    7
  0.00683451   0.00220389     0.00552548   0.00836780    -0.00552548  -0.00836780
  0.00552548   0.00836780     0.00683451   0.00220389    -0.00552548  -0.00836780
 -0.00552548  -0.00836780    -0.00552548  -0.00836780     0.00683451   0.00220389
    3    8
 -0.02477315   0.00156026     0.02516971   0.00464401    -0.02516971  -0.00464401
  0.01861104  -0.00411436    -0.02596331  -0.00613585     0.01325675  -0.00032943
 -0.01861104   0.00411436     0.01325675  -0.00032943    -0.02596331  -0.00613585
    3    9
  0.01859126  -0.01394789    -0.00309153   0.00756178     0.00309153  -0.00756178
 -0.00808763   0.01125218     0.02247475   0.00591160    -0.00133347   0.00047681
  0.00808763  -0.01125218    -0.00133347   0.00047681     0.02247475   0.00591160
    3   10
 -0.02596331  -0.00613585     0.01861104  -0.00411436     0.01325675  -0.00032943
  0.02516971   0.00464401    -0.02477315   0.00156026    -0.02516971  -0.00464401
  0.01325675  -0.00032943    -0.01861104   0.00411436    -0.02596331  -0.00613585
    3   11
  0.02247475   0.00591160    -0.00808763   0.01125218    -0.00133347   0.00047681
 -0.00309153   0.00756178     0.01859126  -0.01394789     0.00309153  -0.00756178
 -0.00133347   0.00047681     0.00808763  -0.01125218     0.02247475   0.00591160
    4    1
  0.03845980  -0.02200873     0.01628021   0.00892058    -0.00138287   0.02553721
  0.01628021   0.00892058     0.03845980  -0.02200873    -0.00138287   0.02553721
 -0.01009980   0.00508341    -0.01009980   0.00508341    -0.02896709   0.01373367
    4    2
  0.02247475   0.00591160     0.00133347  -0.00047681     0.00309153  -0.00756178
  0.00133347  -0.00047681     0.02247475   0.00591160     0.00309153  -0.00756178
  0.00808763  -0.01125218     0.00808763  -0.01125218     0.01859126  -0.01394789
    4    3
 -0.02596331   0.00613585    -0.01325675  -0.00032943    -0.02516971   0.00464401
 -0.01325675  -0.00032943    -0.02596331   0.00613585    -0.02516971   0.00464401
 -0.01861104  -0.00411436    -0.01861104  -0.00411436    -0.02477315  -0.00156026
    4    4
  0.09158053  -0.00000000     0.00790242  -0.00000000    -0.00820249   0.00491251
  0.00790242  -0.00000000     0.09158053  -0.00000000    -0.00820249   0.00491251
 -0.00820249  -0.00491251    -0.00820249  -0.00491251     0.07645566   0.00000000
    4    5
 -0.01690967   0.00105457    -0.01135348   0.00021765    -0.01502063   0.01229263
 -0.01135348   0.00021765    -0.01690967   0.00105457    -0.01502063   0.01229263
 -0.01502063   0.01229263    -0.01502063   0.01229263    -0.01393329   0.01832148
    4    6
 -0.01028229   0.00797921     0.02299120  -0.00380758    -0.00827839  -0.00794449
  0.02299120  -0.00380758    -0.01028229   0.00797921    -0.00827839  -0.00794449
 -0.00516544  -0.00669687    -0.00516544  -0.00669687     0.01423463   0.00322348
    4    7
  0.00366486   0.01057271    -0.00591064   0.00167873     0.02423300   0.00079671
 -0.00591064   0.00167873     0.00366486   0.01057271     0.02423300   0.00079671
 -0.00847459   0.00455311    -0.00847459   0.00455311    -0.04387695  -0.00242306
    4    8
  0.00482238  -0.00747273    -0.00296183  -0.00137786     0.02226353  -0.00000000
  0.00343132  -0.00568783     0.01696007  -0.00000000     0.00296183  -0.00137786
  0.01759510   0.00000000    -0.00343132  -0.00568783     0.00482238   0.00747273
    4    9
  0.00482049  -0.00423336     0.01316721  -0.00400165    -0.01807478   0.00959028
 -0.01148461  -0.00355864    -0.06221338  -0.00825230    -0.01316721   0.00400165
 -0.01710418   0.01502109     0.01148461   0.00355864     0.00482049  -0.00423336
    4   10
  0.01696007   0.00000000     0.00343132  -0.00568783     0.00296183  -0.00137786
 -0.00296183  -0.00137786     0.00482238  -0.00747273     0.02226353  -0.00000000
 -0.00343132  -0.00568783     0.01759510   0.00000000     0.00482238   0.00747273
    4   11
 -0.06221338  -0.00825230    -0.01148461  -0.00355864    -0.01316721   0.00400165
  0.01316721  -0.00400165     0.00482049  -0.00423336    -0.01807478   0.00959028
  0.01148461   0.00355864    -0.01710418   0.01502109     0.00482049  -0.00423336
    5    1
 -0.03829002   0.02230279    -0.00041466   0.01855937     0.02280731   0.01157100
 -0.00041466   0.01855937    -0.03829002   0.02230279     0.02280731   0.01157100
  0.00945226  -0.00620498     0.00945226  -0.00620498     0.02637726  -0.01821940
    5    2
 -0.02596331  -0.00613585    -0.01325675   0.00032943    -0.02516971  -0.00464401
 -0.01325675   0.00032943    -0.02596331  -0.00613585    -0.02516971  -0.00464401
 -0.01861104   0.00411436    -0.01861104   0.00411436    -0.02477315   0.00156026
    5    3
  0.02247475  -0.00591160     0.00133347   0.00047681     0.00309153   0.00756178
  0.00133347   0.00047681     0.02247475  -0.00591160     0.00309153   0.00756178
  0.00808763   0.01125218     0.00808763   0.01125218     0.01859126   0.01394789
    5    4
 -0.01690967  -0.00105457    -0.01135348  -0.00021765    -0.01502063  -0.01229263
 -0.01135348  -0.00021765    -0.01690967  -0.00105457    -0.01502063  -0.01229263
 -0.01502063  -0.01229263    -0.01502063  -0.01229263    -0.01393329  -0.01832148
    5    5
  0.09158053   0.00000000     0.00790242   0.00000000    -0.00820249  -0.00491251
  0.00790242   0.00000000     0.09158053   0.00000000    -0.00820249  -0.00491251
 -0.00820249   0.00491251    -0.00820249   0.00491251     0.07645566  -0.00000000
    5    6
  0.00366486  -0.01057271    -0.00591064  -0.00167873     0.02423300  -0.00079671
 -0.00591064  -0.00167873     0.00366486  -0.01057271     0.02423300  -0.00079671
 -0.00847459  -0.00455311    -0.00847459  -0.00455311    -0.04387695   0.00242306
    5    7
 -0.01028229  -0.00797921     0.02299120   0.00380758    -0.00827839   0.00794449
  0.02299120   0.00380758    -0.01028229  -0.00797921    -0.00827839   0.00794449
 -0.00516544   0.00669687    -0.00516544   0.00669687     0.01423463  -0.00322348
    5    8
  0.00482049   0.00423336     0.01316721   0.00400165    -0.01807478  -0.00959028
 -0.01148461   0.00355864    -0.06221338   0.00825230    -0.01316721  -0.00400165
 -0.01710418  -0.01502109     0.01148461  -0.00355864     0.00482049   0.00423336
    5    9
  0.00482238   0.00747273    -0.00296183   0.00137786     0.02226353   0.00000000
  0.00343132   0.00568783     0.01696007   0.00000000     0.00296183   0.00137786
  0.01759510  -0.00000000    -0.00343132   0.00568783     0.00482238  -0.00747273
    5   10
 -0.06221338   0.00825230    -0.01148461   0.00355864    -0.01316721  -0.00400165
  0.01316721   0.00400165     0.00482049   0.00423336    -0.01807478  -0.00959028
  0.01148461  -0.00355864    -0.01710418  -0.01502109     0.00482049   0.00423336
    5   11
  0.01696007   0.00000000     0.00343132   0.00568783     0.00296183   0.00137786
 -0.00296183   0.00137786     0.00482238   0.00747273     0.02226353  -0.00000000
 -0.00343132   0.00568783     0.01759510  -0.00000000     0.00482238  -0.00747273
    6    1
 -0.02822809   0.00828618     0.00733462  -0.01457286    -0.00733462   0.01457286
  0.00733462  -0.01457286    -0.02822809   0.00828618    -0.00733462   0.01457286
 -0.00733462   0.01457286    -0.00733462   0.01457286    -0.02822809   0.00828618
    6    2
  0.00683451   0.00220389     0.00552548   0.00836780    -0.00552548  -0.00836780
  0.00552548   0.00836780     0.00683451   0.00220389    -0.00552548  -0.00836780
 -0.00552548  -0.00836780    -0.00552548  -0.00836780     0.00683451   0.00220389
    6    3
  0.00380684   0.01451237     0.01152498   0.03266611    -0.01152498  -0.03266611
  0.01152498   0.03266611     0.00380684   0.01451237    -0.01152498  -0.03266611
 -0.01152498  -0.03266611    -0.01152498  -0.03266611     0.00380684   0.01451237
    6    4
 -0.01028229  -0.00797921     0.02299120   0.00380758    -0.00516544   0.00669687
  0.02299120   0.00380758    -0.01028229  -0.00797921    -0.00516544   0.00669687
 -0.00827839   0.00794449    -0.00827839   0.00794449     0.01423463  -0.00322348
    6    5
  0.00366486   0.01057271    -0.00591064   0.00167873    -0.00847459   0.00455311
 -0.00591064   0.00167873     0.00366486   0.01057271    -0.00847459   0.00455311
  0.02423300   0.00079671     0.02423300   0.00079671    -0.04387695  -0.00242306
    6    6
  0.10097990   0.00000000     0.01953517  -0.00000000    -0.01953517   0.00000000
  0.01953517  -0.00000000     0.10097990   0.00000000    -0.01953517   0.00000000
 -0.01953517   0.00000000    -0.01953517   0.00000000     0.10097990   0.00000000
    6    7
 -0.01390041   0.01755858    -0.03086723   0.01341368     0.03086723  -0.01341368
 -0.03086723   0.01341368    -0.01390041   0.01755858     0.03086723  -0.01341368
  0.03086723  -0.01341368     0.03086723  -0.01341368    -0.01390041   0.01755858
    6    8
  0.01423463  -0.00322348     0.00827839  -0.00794449    -0.00827839   0.00794449
  0.00516544  -0.00669687    -0.01028229  -0.00797921    -0.02299120  -0.00380758
 -0.00516544   0.00669687    -0.02299120  -0.00380758    -0.01028229  -0.00797921
    6    9
 -0.04387695  -0.00242306    -0.02423300  -0.00079671     0.02423300   0.00079671
  0.00847459  -0.00455311     0.00366486   0.01057271     0.00591064  -0.00167873
 -0.00847459   0.00455311     0.00591064  -0.00167873     0.00366486   0.01057271
    6   10
 -0.01028229  -0.00797921     0.00516544  -0.00669687    -0.02299120  -0.00380758
  0.00827839  -0.00794449     0.01423463  -0.00322348    -0.00827839   0.00794449
 -0.02299120  -0.00380758    -0.00516544   0.00669687    -0.01028229  -0.00797921
    6   11
  0.00366486   0.01057271     0.00847459  -0.00455311     0.00591064  -0.00167873
 -0.02423300  -0.00079671    -0.04387695  -0.00242306     0.02423300   0.00079671
  0.00591064  -0.00167873    -0.00847459   0.00455311     0.00366486   0.01057271
    7    1
  0.02129008  -0.02030316    -0.01628777  -0.00093446     0.01628777   0.00093446
 -0.01628777  -0.00093446     0.02129008  -0.02030316     0.01628777   0.00093446
  0.01628777   0.00093446     0.01628777   0.00093446     0.02129008  -0.02030316
    7    2
  0.00380684  -0.01451237     0.01152498  -0.03266611    -0.01152498   0.03266611
  0.01152498  -0.03266611     0.00380684  -0.01451237    -0.01152498   0.03266611
 -0.01152498   0.03266611    -0.01152498   0.03266611     0.00380684  -0.01451237
    7    3
  0.00683451  -0.00220389     0.00552548  -0.00836780    -0.00552548   0.00836780
  0.00552548  -0.00836780     0.00683451  -0.00220389    -0.00552548   0.00836780
 -0.00552548   0.00836780    -0.00552548   0.00836780     0.00683451  -0.00220389
    7    4
  0.00366486  -0.01057271    -0.00591064  -0.00167873    -0.00847459  -0.00455311
 -0.00591064  -0.00167873     0.00366486  -0.01057271    -0.00847459  -0.00455311
  0.02423300  -0.00079671     0.02423300  -0.00079671    -0.04387695   0.00242306
    7    5
 -0.01028229   0.00797921     0.02299120  -0.00380758    -0.00516544  -0.00669687
  0.02299120  -0.00380758    -0.01028229   0.00797921    -0.00516544  -0.00669687
 -0.00827839  -0.00794449    -0.00827839  -0.00794449     0.01423463   0.00322348
    7    6
 -0.01390041  -0.01755858    -0.03086723  -0.01341368     0.03086723   0.01341368
 -0.03086723  -0.01341368    -0.01390041  -0.01755858     0.03086723   0.01341368
  0.03086723   0.01341368     0.03086723   0.01341368    -0.01390041  -0.01755858
    7    7
  0.10097990  -0.00000000     0.01953517   0.00000000    -0.01953517  -0.00000000
  0.01953517   0.00000000     0.10097990  -0.00000000    -0.01953517  -0.00000000
 -0.01953517  -0.00000000    -0.01953517  -0.00000000     0.10097990  -0.00000000
    7    8
 -0.04387695   0.00242306    -0.02423300   0.00079671     0.02423300  -0.00079671
  0.00847459   0.00455311     0.00366486  -0.01057271     0.00591064   0.00167873
 -0.00847459  -0.00455311     0.00591064   0.00167873     0.00366486  -0.01057271
    7    9
  0.01423463   0.00322348     0.00827839   0.00794449    -0.00827839  -0.00794449
  0.00516544   0.00669687    -0.01028229   0.00797921    -0.02299120   0.00380758
 -0.00516544  -0.00669687    -0.02299120   0.00380758    -0.01028229   0.00797921
    7   10
  0.00366486  -0.01057271     0.00847459   0.00455311     0.00591064   0.00167873
 -0.02423300   0.00079671    -0.04387695   0.00242306     0.02423300  -0.00079671
  0.00591064   0.00167873    -0.00847459  -0.00455311     0.00366486  -0.01057271
    7   11
 -0.01028229   0.00797921     0.00516544   0.00669687    -0.02299120   0.00380758
  0.00827839   0.00794449     0.01423463   0.00322348    -0.00827839  -0.00794449
 -0.02299120   0.00380758    -0.00516544  -0.00669687    -0.01028229   0.00797921
    8    1
 -0.02896709   0.01373367     0.01009980  -0.00508341    -0.01009980   0.00508341
  0.00138287  -0.02553721     0.03845980  -0.02200873    -0.01628021  -0.00892058
 -0.00138287   0.02553721    -0.01628021  -0.00892058     0.03845980  -0.02200873
    8    2
  0.01859126  -0.01394789    -0.00808763   0.01125218     0.00808763  -0.01125218
 -0.00309153   0.00756178     0.02247475   0.00591160    -0.00133347   0.00047681
  0.00309153  -0.00756178    -0.00133347   0.00047681     0.02247475   0.00591160
    8    3
 -0.02477315  -0.00156026     0.01861104   0.00411436    -0.01861104  -0.00411436
  0.02516971  -0.00464401    -0.02596331   0.00613585     0.01325675   0.00032943
 -0.02516971   0.00464401     0.01325675   0.00032943    -0.02596331   0.00613585
    8    4
  0.00482238   0.00747273     0.00343132   0.00568783     0.01759510   0.00000000
 -0.00296183   0.00137786     0.01696007   0.00000000    -0.00343132   0.00568783
  0.02226353   0.00000000     0.00296183   0.00137786     0.00482238  -0.00747273
    8    5
  0.00482049  -0.00423336    -0.01148461  -0.00355864    -0.01710418   0.01502109
  0.01316721  -0.00400165    -0.06221338  -0.00825230     0.01148461   0.00355864
 -0.01807478   0.00959028    -0.01316721   0.00400165     0.00482049  -0.00423336
    8    6
  0.01423463   0.00322348     0.00516544   0.00669687    -0.00516544  -0.00669687
  0.00827839   0.00794449    -0.01028229   0.00797921    -0.02299120   0.00380758
 -0.00827839  -0.00794449    -0.02299120   0.00380758    -0.01028229   0.00797921
    8    7
 -0.04387695  -0.00242306     0.00847459  -0.00455311    -0.00847459   0.00455311
 -0.02423300  -0.00079671     0.00366486   0.01057271     0.00591064  -0.00167873
  0.02423300   0.00079671     0.00591064  -0.00167873     0.00366486   0.01057271
    8    8
  0.07645566   0.00000000     0.00820249   0.00491251    -0.00820249  -0.00491251
  0.00820249  -0.00491251     0.09158053  -0.00000000    -0.00790242   0.00000000
 -0.00820249   0.00491251    -0.00790242   0.00000000     0.09158053  -0.00000000
    8    9
 -0.01393329   0.01832148     0.01502063  -0.01229263    -0.01502063   0.01229263
  0.01502063  -0.01229263    -0.01690967   0.00105457     0.01135348  -0.00021765
 -0.01502063   0.01229263     0.01135348  -0.00021765    -0.01690967   0.00105457
    8   10
  0.00482238   0.00747273    -0.01759510  -0.00000000    -0.00343132  -0.00568783
 -0.02226353   0.00000000     0.00482238  -0.00747273     0.00296183   0.00137786
  0.00296183  -0.00137786    -0.00343132   0.00568783     0.01696007  -0.00000000
    8   11
  0.00482049  -0.00423336     0.01710418  -0.01502109     0.01148461   0.00355864
  0.01807478  -0.00959028     0.00482049  -0.00423336    -0.01316721   0.00400165
 -0.01316721   0.00400165     0.01148461   0.00355864    -0.06221338  -0.00825230
    9    1
  0.02637726  -0.01821940    -0.00945226   0.00620498     0.00945226  -0.00620498
 -0.02280731  -0.01157100    -0.03829002   0.02230279     0.00041466  -0.01855937
  0.02280731   0.01157100     0.00041466  -0.01855937    -0.03829002   0.02230279
    9    2
 -0.02477315   0.00156026     0.01861104  -0.00411436    -0.01861104   0.00411436
  0.02516971   0.00464401    -0.02596331  -0.00613585     0.01325675  -0.00032943
 -0.02516971  -0.00464401     0.01325675  -0.00032943    -0.02596331  -0.00613585
    9    3
  0.01859126   0.01394789    -0.00808763  -0.01125218     0.00808763   0.01125218
 -0.00309153  -0.00756178     0.02247475  -0.00591160    -0.00133347  -0.00047681
  0.00309153   0.00756178    -0.00133347  -0.00047681     0.02247475  -0.00591160
    9    4
  0.00482049   0.00423336    -0.01148461   0.00355864    -0.01710418  -0.01502109
  0.01316721   0.00400165    -0.06221338   0.00825230     0.01148461  -0.00355864
 -0.01807478  -0.00959028    -0.01316721  -0.00400165     0.00482049   0.00423336
    9    5
  0.00482238  -0.00747273     0.00343132  -0.00568783     0.01759510   0.00000000
 -0.00296183  -0.00137786     0.01696007   0.00000000    -0.00343132  -0.00568783
  0.02226353   0.00000000     0.00296183  -0.00137786     0.00482238   0.00747273
    9    6
 -0.04387695   0.00242306     0.00847459   0.00455311    -0.00847459  -0.00455311
 -0.02423300   0.00079671     0.00366486  -0.01057271     0.00591064   0.00167873
  0.02423300  -0.00079671     0.00591064   0.00167873     0.00366486  -0.01057271
    9    7
  0.01423463  -0.00322348     0.00516544  -0.00669687    -0.00516544   0.00669687
  0.00827839  -0.00794449    -0.01028229  -0.00797921    -0.02299120  -0.00380758
 -0.00827839   0.00794449    -0.02299120  -0.00380758    -0.01028229  -0.00797921
    9    8
 -0.01393329  -0.01832148     0.01502063   0.01229263    -0.01502063  -0.01229263
  0.01502063   0.01229263    -0.01690967  -0.00105457     0.01135348   0.00021765
 -0.01502063  -0.01229263     0.01135348   0.00021765    -0.01690967  -0.00105457
    9    9
  0.07645566  -0.00000000     0.00820249  -0.00491251    -0.00820249   0.00491251
  0.00820249   0.00491251     0.09158053   0.00000000    -0.00790242  -0.00000000
 -0.00820249  -0.00491251    -0.00790242  -0.00000000     0.09158053   0.00000000
    9   10
  0.00482049   0.00423336     0.01710418   0.01502109     0.01148461  -0.00355864
  0.01807478   0.00959028     0.00482049   0.00423336    -0.01316721  -0.00400165
 -0.01316721  -0.00400165     0.01148461  -0.00355864    -0.06221338   0.00825230
    9   11
  0.00482238  -0.00747273    -0.01759510   0.00000000    -0.00343132   0.00568783
 -0.02226353  -0.00000000     0.00482238   0.00747273     0.00296183  -0.00137786
  0.00296183   0.00137786    -0.00343132  -0.00568783     0.01696007   0.00000000
   10    1
  0.03845980  -0.02200873     0.00138287  -0.02553721    -0.01628021  -0.00892058
  0.01009980  -0.00508341    -0.02896709   0.01373367    -0.01009980   0.00508341
 -0.01628021  -0.00892058    -0.00138287   0.02553721     0.03845980  -0.02200873
   10    2
  0.02247475   0.00591160    -0.00309153   0.00756178    -0.00133347   0.00047681
 -0.00808763   0.01125218     0.01859126  -0.01394789     0.00808763  -0.01125218
 -0.00133347   0.00047681     0.00309153  -0.00756178     0.02247475   0.00591160
   10    3
 -0.02596331   0.00613585     0.02516971  -0.00464401     0.01325675   0.00032943
  0.01861104   0.00411436    -0.02477315  -0.00156026    -0.01861104  -0.00411436
  0.01325675   0.00032943    -0.02516971   0.00464401    -0.02596331   0.00613585
   10    4
  0.01696007  -0.00000000    -0.00296183   0.00137786    -0.00343132   0.00568783
  0.00343132   0.00568783     0.00482238   0.00747273     0.01759510   0.00000000
  0.00296183   0.00137786     0.02226353   0.00000000     0.00482238  -0.00747273
   10    5
 -0.06221338  -0.00825230     0.01316721  -0.00400165     0.01148461   0.00355864
 -0.01148461  -0.00355864     0.00482049  -0.00423336    -0.01710418   0.01502109
 -0.01316721   0.00400165    -0.01807478   0.00959028     0.00482049  -0.00423336
   10    6
 -0.01028229   0.00797921     0.00827839   0.00794449    -0.02299120   0.00380758
  0.00516544   0.00669687     0.01423463   0.00322348    -0.00516544  -0.00669687
 -0.02299120   0.00380758    -0.00827839  -0.00794449    -0.01028229   0.00797921
   10    7
  0.00366486   0.01057271    -0.02423300  -0.00079671     0.00591064  -0.00167873
  0.00847459  -0.00455311    -0.04387695  -0.00242306    -0.00847459   0.00455311
  0.00591064  -0.00167873     0.02423300   0.00079671     0.00366486   0.01057271
   10    8
  0.00482238  -0.00747273    -0.02226353  -0.00000000     0.00296183   0.00137786
 -0.01759510  -0.00000000     0.00482238   0.00747273    -0.00343132  -0.00568783
 -0.00343132   0.00568783     0.00296183  -0.00137786     0.01696007  -0.00000000
   10    9
  0.00482049  -0.00423336     0.01807478  -0.00959028    -0.01316721   0.00400165
  0.01710418  -0.01502109     0.00482049  -0.00423336     0.01148461   0.00355864
  0.01148461   0.00355864    -0.01316721   0.00400165    -0.06221338  -0.00825230
   10   10
  0.09158053  -0.00000000     0.00820249  -0.00491251    -0.00790242   0.00000000
  0.00820249   0.00491251     0.07645566   0.00000000    -0.00820249  -0.00491251
 -0.00790242   0.00000000    -0.00820249   0.00491251     0.09158053   0.00000000
   10   11
 -0.01690967   0.00105457     0.01502063  -0.01229263     0.01135348  -0.00021765
  0.01502063  -0.01229263    -0.01393329   0.01832148    -0.01502063   0.01229263
  0.01135348  -0.00021765    -0.01502063   0.01229263    -0.01690967   0.00105457
   11    1
 -0.03829002   0.02230279    -0.02280731  -0.01157100     0.00041466  -0.01855937
 -0.00945226   0.00620498     0.02637726  -0.01821940     0.00945226  -0.00620498
  0.00041466  -0.01855937     0.02280731   0.01157100    -0.03829002   0.02230279
   11    2
 -0.02596331  -0.00613585     0.02516971   0.00464401     0.01325675  -0.00032943
  0.01861104  -0.00411436    -0.02477315   0.00156026    -0.01861104   0.00411436
  0.01325675  -0.00032943    -0.02516971  -0.00464401    -0.02596331  -0.00613585
   11    3
  0.02247475  -0.00591160    -0.00309153  -0.00756178    -0.00133347  -0.00047681
 -0.00808763  -0.01125218     0.01859126   0.01394789     0.00808763   0.01125218
 -0.00133347  -0.00047681     0.00309153   0.00756178     0.02247475  -0.00591160
   11    4
 -0.06221338   0.00825230     0.01316721   0.00400165     0.01148461  -0.00355864
 -0.01148461   0.00355864     0.00482049   0.00423336    -0.01710418  -0.01502109
 -0.01316721  -0.00400165    -0.01807478  -0.00959028     0.00482049   0.00423336
   11    5
  0.01696007   0.00000000    -0.00296183  -0.00137786    -0.00343132  -0.00568783
  0.00343132  -0.00568783     0.00482238  -0.00747273     0.01759510  -0.00000000
  0.00296183  -0.00137786     0.02226353   0.00000000     0.00482238   0.00747273
   11    6
  0.00366486  -0.01057271    -0.02423300   0.00079671     0.00591064   0.00167873
  0.00847459   0.00455311    -0.04387695   0.00242306    -0.00847459  -0.00455311
  0.00591064   0.00167873     0.02423300  -0.00079671     0.00366486  -0.01057271
   11    7
 -0.01028229  -0.00797921     0.00827839  -0.00794449    -0.02299120  -0.00380758
  0.00516544  -0.00669687     0.01423463  -0.00322348    -0.00516544   0.00669687
 -0.02299120  -0.00380758    -0.00827839   0.00794449    -0.01028229  -0.00797921
   11    8
  0.00482049   0.00423336     0.01807478   0.00959028    -0.01316721  -0.00400165
  0.01710418   0.01502109     0.00482049   0.00423336     0.01148461  -0.00355864
  0.01148461  -0.00355864    -0.01316721  -0.00400165    -0.06221338   0.00825230
   11    9
  0.00482238   0.00747273    -0.02226353   0.00000000     0.00296183  -0.00137786
 -0.01759510   0.00000000     0.00482238  -0.00747273    -0.00343132   0.00568783
 -0.00343132  -0.00568783     0.00296183   0.00137786     0.01696007  -0.00000000
   11   10
 -0.01690967  -0.00105457     0.01502063   0.01229263     0.01135348   0.00021765
  0.01502063   0.01229263    -0.01393329  -0.01832148    -0.01502063  -0.01229263
  0.01135348   0.00021765    -0.01502063  -0.01229263    -0.01690967  -0.00105457
   11   11
  0.09158053   0.00000000     0.00820249   0.00491251    -0.00790242  -0.00000000
  0.00820249  -0.00491251     0.07645566  -0.00000000    -0.00820249   0.00491251
 -0.00790242  -0.00000000    -0.00820249  -0.00491251     0.09158053  -0.00000000

     Dynamical  Matrix in cartesian axes

     q = (    0.235702260  -0.235702260  -0.235702260 ) 

    1    1
  0.24141704   0.00000000    -0.09002418   0.00000000    -0.09002418   0.00000000
 -0.09002418   0.00000000     0.24141704   0.00000000     0.09002418   0.00000000
 -0.09002418   0.00000000     0.09002418   0.00000000     0.24141704   0.00000000
    1    2
  0.00345942  -0.03086019    -0.03143372   0.00428669    -0.03143372   0.00428669
 -0.03143372   0.00428669     0.00345942  -0.03086019     0.03143372  -0.00428669
 -0.03143372   0.00428669     0.03143372  -0.00428669     0.00345942  -0.03086019
    1    3
 -0.02845542  -0.01243415     0.01942924  -0.02507906     0.01942924  -0.02507906
  0.01942924  -0.02507906    -0.02845542  -0.01243415    -0.01942924   0.02507906
  0.01942924  -0.02507906    -0.01942924   0.02507906    -0.02845542  -0.01243415
    1    4
 -0.02896709   0.01373367    -0.00138287   0.02553721    -0.00138287   0.02553721
 -0.01009980   0.00508341     0.03845980  -0.02200873     0.01628021   0.00892058
 -0.01009980   0.00508341     0.01628021   0.00892058     0.03845980  -0.02200873
    1    5
  0.02637726  -0.01821940     0.02280731   0.01157100     0.02280731   0.01157100
  0.00945226  -0.00620498    -0.03829002   0.02230279    -0.00041466   0.01855937
  0.00945226  -0.00620498    -0.00041466   0.01855937    -0.03829002   0.02230279
    1    6
  0.03845980  -0.02200873    -0.01009980   0.00508341    -0.01628021  -0.00892058
 -0.00138287   0.02553721    -0.02896709   0.01373367     0.00138287  -0.02553721
 -0.01628021  -0.00892058     0.01009980  -0.00508341     0.03845980  -0.02200873
    1    7
 -0.03829002   0.02230279     0.00945226  -0.00620498     0.00041466  -0.01855937
  0.02280731   0.01157100     0.02637726  -0.01821940    -0.02280731  -0.01157100
  0.00041466  -0.01855937    -0.00945226   0.00620498    -0.03829002   0.02230279
    1    8
  0.03845980  -0.02200873    -0.01628021  -0.00892058    -0.01009980   0.00508341
 -0.01628021  -0.00892058     0.03845980  -0.02200873     0.01009980  -0.00508341
 -0.00138287   0.02553721     0.00138287  -0.02553721    -0.02896709   0.01373367
    1    9
 -0.03829002   0.02230279     0.00041466  -0.01855937     0.00945226  -0.00620498
  0.00041466  -0.01855937    -0.03829002   0.02230279    -0.00945226   0.00620498
  0.02280731   0.01157100    -0.02280731  -0.01157100     0.02637726  -0.01821940
    1   10
 -0.02822809   0.00828618    -0.00733462   0.01457286    -0.00733462   0.01457286
 -0.00733462   0.01457286    -0.02822809   0.00828618     0.00733462  -0.01457286
 -0.00733462   0.01457286     0.00733462  -0.01457286    -0.02822809   0.00828618
    1   11
  0.02129008  -0.02030316     0.01628777   0.00093446     0.01628777   0.00093446
  0.01628777   0.00093446     0.02129008  -0.02030316    -0.01628777  -0.00093446
  0.01628777   0.00093446    -0.01628777  -0.00093446     0.02129008  -0.02030316
    2    1
  0.00345942   0.03086019    -0.03143372  -0.00428669    -0.03143372  -0.00428669
 -0.03143372  -0.00428669     0.00345942   0.03086019     0.03143372   0.00428669
 -0.03143372  -0.00428669     0.03143372   0.00428669     0.00345942   0.03086019
    2    2
  0.08177782   0.00000000    -0.00405742   0.00000000    -0.00405742   0.00000000
 -0.00405742   0.00000000     0.08177782   0.00000000     0.00405742  -0.00000000
 -0.00405742   0.00000000     0.00405742  -0.00000000     0.08177782   0.00000000
    2    3
 -0.01625979   0.00106119    -0.00348576   0.00777199    -0.00348576   0.00777199
 -0.00348576   0.00777199    -0.01625979   0.00106119     0.00348576  -0.00777199
 -0.00348576   0.00777199     0.00348576  -0.00777199    -0.01625979   0.00106119
    2    4
  0.01859126  -0.01394789     0.00309153  -0.00756178     0.00309153  -0.00756178
  0.00808763  -0.01125218     0.02247475   0.00591160     0.00133347  -0.00047681
  0.00808763  -0.01125218     0.00133347  -0.00047681     0.02247475   0.00591160
    2    5
 -0.02477315   0.00156026    -0.02516971  -0.00464401    -0.02516971  -0.00464401
 -0.01861104   0.00411436    -0.02596331  -0.00613585    -0.01325675   0.00032943
 -0.01861104   0.00411436    -0.01325675   0.00032943    -0.02596331  -0.00613585
    2    6
  0.02247475   0.00591160     0.00808763  -0.01125218    -0.00133347   0.00047681
  0.00309153  -0.00756178     0.01859126  -0.01394789    -0.00309153   0.00756178
 -0.00133347   0.00047681    -0.00808763   0.01125218     0.02247475   0.00591160
    2    7
 -0.02596331  -0.00613585    -0.01861104   0.00411436     0.01325675  -0.00032943
 -0.02516971  -0.00464401    -0.02477315   0.00156026     0.02516971   0.00464401
  0.01325675  -0.00032943     0.01861104  -0.00411436    -0.02596331  -0.00613585
    2    8
  0.02247475   0.00591160    -0.00133347   0.00047681     0.00808763  -0.01125218
 -0.00133347   0.00047681     0.02247475   0.00591160    -0.00808763   0.01125218
  0.00309153  -0.00756178    -0.00309153   0.00756178     0.01859126  -0.01394789
    2    9
 -0.02596331  -0.00613585     0.01325675  -0.00032943    -0.01861104   0.00411436
  0.01325675  -0.00032943    -0.02596331  -0.00613585     0.01861104  -0.00411436
 -0.02516971  -0.00464401     0.02516971   0.00464401    -0.02477315   0.00156026
    2   10
  0.00683451   0.00220389    -0.00552548  -0.00836780    -0.00552548  -0.00836780
 -0.00552548  -0.00836780     0.00683451   0.00220389     0.00552548   0.00836780
 -0.00552548  -0.00836780     0.00552548   0.00836780     0.00683451   0.00220389
    2   11
  0.00380684  -0.01451237    -0.01152498   0.03266611    -0.01152498   0.03266611
 -0.01152498   0.03266611     0.00380684  -0.01451237     0.01152498  -0.03266611
 -0.01152498   0.03266611     0.01152498  -0.03266611     0.00380684  -0.01451237
    3    1
 -0.02845542   0.01243415     0.01942924   0.02507906     0.01942924   0.02507906
  0.01942924   0.02507906    -0.02845542   0.01243415    -0.01942924  -0.02507906
  0.01942924   0.02507906    -0.01942924  -0.02507906    -0.02845542   0.01243415
    3    2
 -0.01625979  -0.00106119    -0.00348576  -0.00777199    -0.00348576  -0.00777199
 -0.00348576  -0.00777199    -0.01625979  -0.00106119     0.00348576   0.00777199
 -0.00348576  -0.00777199     0.00348576   0.00777199    -0.01625979  -0.00106119
    3    3
  0.08177782  -0.00000000    -0.00405742  -0.00000000    -0.00405742  -0.00000000
 -0.00405742  -0.00000000     0.08177782  -0.00000000     0.00405742   0.00000000
 -0.00405742  -0.00000000     0.00405742   0.00000000     0.08177782  -0.00000000
    3    4
 -0.02477315  -0.00156026    -0.02516971   0.00464401    -0.02516971   0.00464401
 -0.01861104  -0.00411436    -0.02596331   0.00613585    -0.01325675  -0.00032943
 -0.01861104  -0.00411436    -0.01325675  -0.00032943    -0.02596331   0.00613585
    3    5
  0.01859126   0.01394789     0.00309153   0.00756178     0.00309153   0.00756178
  0.00808763   0.01125218     0.02247475  -0.00591160     0.00133347   0.00047681
  0.00808763   0.01125218     0.00133347   0.00047681     0.02247475  -0.00591160
    3    6
 -0.02596331   0.00613585    -0.01861104  -0.00411436     0.01325675   0.00032943
 -0.02516971   0.00464401    -0.02477315  -0.00156026     0.02516971  -0.00464401
  0.01325675   0.00032943     0.01861104   0.00411436    -0.02596331   0.00613585
    3    7
  0.02247475  -0.00591160     0.00808763   0.01125218    -0.00133347  -0.00047681
  0.00309153   0.00756178     0.01859126   0.01394789    -0.00309153  -0.00756178
 -0.00133347  -0.00047681    -0.00808763  -0.01125218     0.02247475  -0.00591160
    3    8
 -0.02596331   0.00613585     0.01325675   0.00032943    -0.01861104  -0.00411436
  0.01325675   0.00032943    -0.02596331   0.00613585     0.01861104   0.00411436
 -0.02516971   0.00464401     0.02516971  -0.00464401    -0.02477315  -0.00156026
    3    9
  0.02247475  -0.00591160    -0.00133347  -0.00047681     0.00808763   0.01125218
 -0.00133347  -0.00047681     0.02247475  -0.00591160    -0.00808763  -0.01125218
  0.00309153   0.00756178    -0.00309153  -0.00756178     0.01859126   0.01394789
    3   10
  0.00380684   0.01451237    -0.01152498  -0.03266611    -0.01152498  -0.03266611
 -0.01152498  -0.03266611     0.00380684   0.01451237     0.01152498   0.03266611
 -0.01152498  -0.03266611     0.01152498   0.03266611     0.00380684   0.01451237
    3   11
  0.00683451  -0.00220389    -0.00552548   0.00836780    -0.00552548   0.00836780
 -0.00552548   0.00836780     0.00683451  -0.00220389     0.00552548  -0.00836780
 -0.00552548   0.00836780     0.00552548  -0.00836780     0.00683451  -0.00220389
    4    1
 -0.02896709  -0.01373367    -0.01009980  -0.00508341    -0.01009980  -0.00508341
