  2.000000000000000E-002   1.50246893388671        5.69309982747422     
           4

     Dynamical  Matrix in cartesian axes

     q = (   -0.353553391  -0.353553391   0.353553391 ) 

    1    1
  0.22261548   0.00000000     0.07463422   0.00000000    -0.07463422   0.00000000
  0.07463422   0.00000000     0.22261548   0.00000000    -0.07463422   0.00000000
 -0.07463422   0.00000000    -0.07463422   0.00000000     0.22261548   0.00000000
    1    2
  0.01159704  -0.00000000     0.03798680  -0.00000000    -0.03798680   0.00000000
  0.03798680  -0.00000000     0.01159704  -0.00000000    -0.03798680   0.00000000
 -0.03798680   0.00000000    -0.03798680   0.00000000     0.01159704  -0.00000000
    1    3
 -0.01159704   0.00000000    -0.03798680   0.00000000     0.03798680  -0.00000000
 -0.03798680   0.00000000    -0.01159704   0.00000000     0.03798680  -0.00000000
  0.03798680  -0.00000000     0.03798680  -0.00000000    -0.01159704   0.00000000
    1    4
  0.03461713  -0.00000000     0.00359864  -0.00000000    -0.02202430   0.00000000
  0.00359864  -0.00000000     0.03461713  -0.00000000    -0.02202430   0.00000000
 -0.00941579   0.00000000    -0.00941579   0.00000000    -0.04564331   0.00000000
    1    5
 -0.03461713   0.00000000    -0.00359864   0.00000000     0.02202430  -0.00000000
 -0.00359864   0.00000000    -0.03461713   0.00000000     0.02202430  -0.00000000
  0.00941579  -0.00000000     0.00941579  -0.00000000     0.04564331  -0.00000000
    1    6
 -0.05118455   0.00000000     0.00188153  -0.00000000    -0.00188153   0.00000000
  0.00188153  -0.00000000    -0.05118455   0.00000000    -0.00188153   0.00000000
 -0.00188153   0.00000000    -0.00188153   0.00000000    -0.05118455   0.00000000
    1    7
  0.05118455  -0.00000000    -0.00188153   0.00000000     0.00188153  -0.00000000
 -0.00188153   0.00000000     0.05118455  -0.00000000     0.00188153  -0.00000000
  0.00188153  -0.00000000     0.00188153  -0.00000000     0.05118455  -0.00000000
    1    8
 -0.04564331   0.00000000     0.00941579  -0.00000000    -0.00941579   0.00000000
  0.02202430  -0.00000000     0.03461713  -0.00000000    -0.00359864   0.00000000
 -0.02202430   0.00000000    -0.00359864   0.00000000     0.03461713  -0.00000000
    1    9
  0.04564331  -0.00000000    -0.00941579   0.00000000     0.00941579  -0.00000000
 -0.02202430   0.00000000    -0.03461713   0.00000000     0.00359864  -0.00000000
  0.02202430  -0.00000000     0.00359864  -0.00000000    -0.03461713   0.00000000
    1   10
  0.03461713  -0.00000000     0.02202430  -0.00000000    -0.00359864   0.00000000
  0.00941579  -0.00000000    -0.04564331   0.00000000    -0.00941579   0.00000000
 -0.00359864   0.00000000    -0.02202430   0.00000000     0.03461713  -0.00000000
    1   11
 -0.03461713   0.00000000    -0.02202430   0.00000000     0.00359864  -0.00000000
 -0.00941579   0.00000000     0.04564331  -0.00000000     0.00941579  -0.00000000
  0.00359864  -0.00000000     0.02202430  -0.00000000    -0.03461713   0.00000000
    2    1
  0.01159704   0.00000000     0.03798680   0.00000000    -0.03798680  -0.00000000
  0.03798680   0.00000000     0.01159704   0.00000000    -0.03798680  -0.00000000
 -0.03798680  -0.00000000    -0.03798680  -0.00000000     0.01159704   0.00000000
    2    2
  0.08873731   0.00000000    -0.00971322   0.00000000     0.00971322   0.00000000
 -0.00971322   0.00000000     0.08873731   0.00000000     0.00971322   0.00000000
  0.00971322   0.00000000     0.00971322   0.00000000     0.08873731   0.00000000
    2    3
 -0.01451924   0.00000000     0.00443633   0.00000000    -0.00443633   0.00000000
  0.00443633   0.00000000    -0.01451924   0.00000000    -0.00443633   0.00000000
 -0.00443633   0.00000000    -0.00443633   0.00000000    -0.01451924   0.00000000
    2    4
  0.02340856   0.00000000     0.00412242   0.00000000     0.00252182   0.00000000
  0.00412242   0.00000000     0.02340856   0.00000000     0.00252182   0.00000000
  0.00500345   0.00000000     0.00500345   0.00000000     0.01831425   0.00000000
    2    5
 -0.02676603   0.00000000    -0.01168342   0.00000000    -0.02384498   0.00000000
 -0.01168342   0.00000000    -0.02676603   0.00000000    -0.02384498   0.00000000
 -0.03672305   0.00000000    -0.03672305   0.00000000    -0.02742014   0.00000000
    2    6
 -0.00115867   0.00000000    -0.00253539   0.00000000     0.00253539   0.00000000
 -0.00253539   0.00000000    -0.00115867   0.00000000     0.00253539   0.00000000
  0.00253539   0.00000000     0.00253539   0.00000000    -0.00115867   0.00000000
    2    7
  0.00801705   0.00000000     0.01703636   0.00000000    -0.01703636   0.00000000
  0.01703636   0.00000000     0.00801705   0.00000000    -0.01703636   0.00000000
 -0.01703636   0.00000000    -0.01703636   0.00000000     0.00801705   0.00000000
    2    8
  0.01831425   0.00000000    -0.00500345   0.00000000     0.00500345   0.00000000
 -0.00252182   0.00000000     0.02340856   0.00000000    -0.00412242   0.00000000
  0.00252182   0.00000000    -0.00412242   0.00000000     0.02340856   0.00000000
    2    9
 -0.02742014   0.00000000     0.03672305   0.00000000    -0.03672305   0.00000000
  0.02384498   0.00000000    -0.02676603   0.00000000     0.01168342   0.00000000
 -0.02384498   0.00000000     0.01168342   0.00000000    -0.02676603   0.00000000
    2   10
  0.02340856   0.00000000    -0.00252182   0.00000000    -0.00412242   0.00000000
 -0.00500345   0.00000000     0.01831425   0.00000000     0.00500345   0.00000000
 -0.00412242   0.00000000     0.00252182   0.00000000     0.02340856   0.00000000
    2   11
 -0.02676603   0.00000000     0.02384498   0.00000000     0.01168342   0.00000000
  0.03672305   0.00000000    -0.02742014   0.00000000    -0.03672305   0.00000000
  0.01168342   0.00000000    -0.02384498   0.00000000    -0.02676603   0.00000000
    3    1
 -0.01159704  -0.00000000    -0.03798680  -0.00000000     0.03798680   0.00000000
 -0.03798680  -0.00000000    -0.01159704  -0.00000000     0.03798680   0.00000000
  0.03798680   0.00000000     0.03798680   0.00000000    -0.01159704  -0.00000000
    3    2
 -0.01451924   0.00000000     0.00443633   0.00000000    -0.00443633   0.00000000
  0.00443633   0.00000000    -0.01451924   0.00000000    -0.00443633   0.00000000
 -0.00443633   0.00000000    -0.00443633   0.00000000    -0.01451924   0.00000000
    3    3
  0.08873731   0.00000000    -0.00971322   0.00000000     0.00971322   0.00000000
 -0.00971322   0.00000000     0.08873731   0.00000000     0.00971322   0.00000000
  0.00971322   0.00000000     0.00971322   0.00000000     0.08873731   0.00000000
    3    4
 -0.02676603   0.00000000    -0.01168342   0.00000000    -0.02384498   0.00000000
 -0.01168342   0.00000000    -0.02676603   0.00000000    -0.02384498   0.00000000
 -0.03672305   0.00000000    -0.03672305   0.00000000    -0.02742014   0.00000000
    3    5
  0.02340856   0.00000000     0.00412242   0.00000000     0.00252182   0.00000000
  0.00412242   0.00000000     0.02340856   0.00000000     0.00252182   0.00000000
  0.00500345   0.00000000     0.00500345   0.00000000     0.01831425   0.00000000
    3    6
  0.00801705   0.00000000     0.01703636   0.00000000    -0.01703636   0.00000000
  0.01703636   0.00000000     0.00801705   0.00000000    -0.01703636   0.00000000
 -0.01703636   0.00000000    -0.01703636   0.00000000     0.00801705   0.00000000
    3    7
 -0.00115867   0.00000000    -0.00253539   0.00000000     0.00253539   0.00000000
 -0.00253539   0.00000000    -0.00115867   0.00000000     0.00253539   0.00000000
  0.00253539   0.00000000     0.00253539   0.00000000    -0.00115867   0.00000000
    3    8
 -0.02742014   0.00000000     0.03672305   0.00000000    -0.03672305   0.00000000
  0.02384498   0.00000000    -0.02676603   0.00000000     0.01168342   0.00000000
 -0.02384498   0.00000000     0.01168342   0.00000000    -0.02676603   0.00000000
    3    9
  0.01831425   0.00000000    -0.00500345   0.00000000     0.00500345   0.00000000
 -0.00252182   0.00000000     0.02340856   0.00000000    -0.00412242   0.00000000
  0.00252182   0.00000000    -0.00412242   0.00000000     0.02340856   0.00000000
    3   10
 -0.02676603   0.00000000     0.02384498   0.00000000     0.01168342   0.00000000
  0.03672305   0.00000000    -0.02742014   0.00000000    -0.03672305   0.00000000
  0.01168342   0.00000000    -0.02384498   0.00000000    -0.02676603   0.00000000
    3   11
  0.02340856   0.00000000    -0.00252182   0.00000000    -0.00412242   0.00000000
 -0.00500345   0.00000000     0.01831425   0.00000000     0.00500345   0.00000000
 -0.00412242   0.00000000     0.00252182   0.00000000     0.02340856   0.00000000
    4    1
  0.03461713   0.00000000     0.00359864   0.00000000    -0.00941579  -0.00000000
  0.00359864   0.00000000     0.03461713   0.00000000    -0.00941579  -0.00000000
 -0.02202430  -0.00000000    -0.02202430  -0.00000000    -0.04564331  -0.00000000
    4    2
  0.02340856   0.00000000     0.00412242   0.00000000     0.00500345   0.00000000
  0.00412242   0.00000000     0.02340856   0.00000000     0.00500345   0.00000000
  0.00252182   0.00000000     0.00252182   0.00000000     0.01831425   0.00000000
    4    3
 -0.02676603   0.00000000    -0.01168342   0.00000000    -0.03672305   0.00000000
 -0.01168342   0.00000000    -0.02676603   0.00000000    -0.03672305   0.00000000
 -0.02384498   0.00000000    -0.02384498   0.00000000    -0.02742014   0.00000000
    4    4
  0.08629352   0.00000000     0.00106945   0.00000000    -0.00050802   0.00000000
  0.00106945   0.00000000     0.08629352   0.00000000    -0.00050802   0.00000000
 -0.00050802   0.00000000    -0.00050802   0.00000000     0.06812611   0.00000000
    4    5
 -0.01512279   0.00000000    -0.01946866   0.00000000    -0.00748736   0.00000000
 -0.01946866   0.00000000    -0.01512279   0.00000000    -0.00748736   0.00000000
 -0.00748736   0.00000000    -0.00748736   0.00000000    -0.02749535   0.00000000
    4    6
 -0.01707549   0.00000000     0.01412498   0.00000000    -0.01015600   0.00000000
  0.01412498   0.00000000    -0.01707549   0.00000000    -0.01015600   0.00000000
  0.00701383   0.00000000     0.00701383   0.00000000     0.02550312   0.00000000
    4    7
  0.01685133  -0.00000000    -0.00088685   0.00000000     0.01137142  -0.00000000
 -0.00088685  -0.00000000     0.01685133   0.00000000     0.01137142   0.00000000
 -0.01622264  -0.00000000    -0.01622264   0.00000000    -0.03004693  -0.00000000
    4    8
  0.00563533   0.00000000    -0.00715950   0.00000000     0.03317475   0.00000000
  0.00915122   0.00000000     0.01737221   0.00000000     0.00715950   0.00000000
  0.01961672   0.00000000    -0.00915122   0.00000000     0.00563533   0.00000000
    4    9
  0.00915678   0.00000000     0.02282258   0.00000000    -0.02245814  -0.00000000
 -0.00438932  -0.00000000    -0.04374243  -0.00000000    -0.02282258  -0.00000000
 -0.02058205  -0.00000000     0.00438932   0.00000000     0.00915678   0.00000000
    4   10
  0.01737221   0.00000000     0.00915122   0.00000000     0.00715950   0.00000000
 -0.00715950   0.00000000     0.00563533   0.00000000     0.03317475   0.00000000
 -0.00915122   0.00000000     0.01961672   0.00000000     0.00563533   0.00000000
    4   11
 -0.04374243   0.00000000    -0.00438932   0.00000000    -0.02282258   0.00000000
  0.02282258   0.00000000     0.00915678   0.00000000    -0.02245814   0.00000000
  0.00438932   0.00000000    -0.02058205   0.00000000     0.00915678   0.00000000
    5    1
 -0.03461713  -0.00000000    -0.00359864  -0.00000000     0.00941579   0.00000000
 -0.00359864  -0.00000000    -0.03461713  -0.00000000     0.00941579   0.00000000
  0.02202430   0.00000000     0.02202430   0.00000000     0.04564331   0.00000000
    5    2
 -0.02676603   0.00000000    -0.01168342   0.00000000    -0.03672305   0.00000000
 -0.01168342   0.00000000    -0.02676603   0.00000000    -0.03672305   0.00000000
 -0.02384498   0.00000000    -0.02384498   0.00000000    -0.02742014   0.00000000
    5    3
  0.02340856   0.00000000     0.00412242   0.00000000     0.00500345   0.00000000
  0.00412242   0.00000000     0.02340856   0.00000000     0.00500345   0.00000000
  0.00252182   0.00000000     0.00252182   0.00000000     0.01831425   0.00000000
    5    4
 -0.01512279  -0.00000000    -0.01946866  -0.00000000    -0.00748736  -0.00000000
 -0.01946866  -0.00000000    -0.01512279  -0.00000000    -0.00748736  -0.00000000
 -0.00748736  -0.00000000    -0.00748736  -0.00000000    -0.02749535  -0.00000000
    5    5
  0.08629352   0.00000000     0.00106945   0.00000000    -0.00050802   0.00000000
  0.00106945   0.00000000     0.08629352   0.00000000    -0.00050802   0.00000000
 -0.00050802   0.00000000    -0.00050802   0.00000000     0.06812611   0.00000000
    5    6
  0.01685133   0.00000000    -0.00088685  -0.00000000     0.01137142   0.00000000
 -0.00088685  -0.00000000     0.01685133   0.00000000     0.01137142   0.00000000
 -0.01622264  -0.00000000    -0.01622264  -0.00000000    -0.03004693  -0.00000000
    5    7
 -0.01707549  -0.00000000     0.01412498   0.00000000    -0.01015600  -0.00000000
  0.01412498   0.00000000    -0.01707549  -0.00000000    -0.01015600  -0.00000000
  0.00701383   0.00000000     0.00701383   0.00000000     0.02550312   0.00000000
    5    8
  0.00915678   0.00000000     0.02282258   0.00000000    -0.02245814  -0.00000000
 -0.00438932  -0.00000000    -0.04374243  -0.00000000    -0.02282258  -0.00000000
 -0.02058205  -0.00000000     0.00438932   0.00000000     0.00915678   0.00000000
    5    9
  0.00563533   0.00000000    -0.00715950  -0.00000000     0.03317475   0.00000000
  0.00915122   0.00000000     0.01737221   0.00000000     0.00715950   0.00000000
  0.01961672   0.00000000    -0.00915122  -0.00000000     0.00563533   0.00000000
    5   10
 -0.04374243  -0.00000000    -0.00438932  -0.00000000    -0.02282258  -0.00000000
  0.02282258   0.00000000     0.00915678   0.00000000    -0.02245814  -0.00000000
  0.00438932   0.00000000    -0.02058205  -0.00000000     0.00915678   0.00000000
    5   11
  0.01737221   0.00000000     0.00915122   0.00000000     0.00715950   0.00000000
 -0.00715950  -0.00000000     0.00563533   0.00000000     0.03317475   0.00000000
 -0.00915122  -0.00000000     0.01961672   0.00000000     0.00563533   0.00000000
    6    1
 -0.05118455  -0.00000000     0.00188153   0.00000000    -0.00188153  -0.00000000
  0.00188153   0.00000000    -0.05118455  -0.00000000    -0.00188153  -0.00000000
 -0.00188153  -0.00000000    -0.00188153  -0.00000000    -0.05118455  -0.00000000
    6    2
 -0.00115867   0.00000000    -0.00253539   0.00000000     0.00253539   0.00000000
 -0.00253539   0.00000000    -0.00115867   0.00000000     0.00253539   0.00000000
  0.00253539   0.00000000     0.00253539   0.00000000    -0.00115867   0.00000000
    6    3
  0.00801705   0.00000000     0.01703636   0.00000000    -0.01703636   0.00000000
  0.01703636   0.00000000     0.00801705   0.00000000    -0.01703636   0.00000000
 -0.01703636   0.00000000    -0.01703636   0.00000000     0.00801705   0.00000000
    6    4
 -0.01707549   0.00000000     0.01412498   0.00000000     0.00701383   0.00000000
  0.01412498   0.00000000    -0.01707549   0.00000000     0.00701383   0.00000000
 -0.01015600   0.00000000    -0.01015600   0.00000000     0.02550312   0.00000000
    6    5
  0.01685133  -0.00000000    -0.00088685   0.00000000    -0.01622264   0.00000000
 -0.00088685   0.00000000     0.01685133  -0.00000000    -0.01622264   0.00000000
  0.01137142  -0.00000000     0.01137142  -0.00000000    -0.03004693   0.00000000
    6    6
  0.05817528   0.00000000    -0.00702087   0.00000000     0.00702087   0.00000000
 -0.00702087   0.00000000     0.05817528   0.00000000     0.00702087   0.00000000
  0.00702087   0.00000000     0.00702087   0.00000000     0.05817528   0.00000000
    6    7
 -0.01824583  -0.00000000     0.00090233   0.00000000    -0.00090233  -0.00000000
  0.00090233   0.00000000    -0.01824583   0.00000000    -0.00090233   0.00000000
 -0.00090233  -0.00000000    -0.00090233   0.00000000    -0.01824583   0.00000000
    6    8
  0.02550312   0.00000000     0.01015600   0.00000000    -0.01015600   0.00000000
 -0.00701383   0.00000000    -0.01707549   0.00000000    -0.01412498   0.00000000
  0.00701383   0.00000000    -0.01412498   0.00000000    -0.01707549   0.00000000
    6    9
 -0.03004693  -0.00000000    -0.01137142  -0.00000000     0.01137142   0.00000000
  0.01622264   0.00000000     0.01685133   0.00000000     0.00088685   0.00000000
 -0.01622264  -0.00000000     0.00088685   0.00000000     0.01685133   0.00000000
    6   10
 -0.01707549   0.00000000    -0.00701383   0.00000000    -0.01412498   0.00000000
  0.01015600   0.00000000     0.02550312   0.00000000    -0.01015600   0.00000000
 -0.01412498   0.00000000     0.00701383   0.00000000    -0.01707549   0.00000000
    6   11
  0.01685133   0.00000000     0.01622264   0.00000000     0.00088685   0.00000000
 -0.01137142   0.00000000    -0.03004693   0.00000000     0.01137142   0.00000000
  0.00088685   0.00000000    -0.01622264   0.00000000     0.01685133   0.00000000
    7    1
  0.05118455   0.00000000    -0.00188153  -0.00000000     0.00188153   0.00000000
 -0.00188153  -0.00000000     0.05118455   0.00000000     0.00188153   0.00000000
  0.00188153   0.00000000     0.00188153   0.00000000     0.05118455   0.00000000
    7    2
  0.00801705   0.00000000     0.01703636   0.00000000    -0.01703636   0.00000000
  0.01703636   0.00000000     0.00801705   0.00000000    -0.01703636   0.00000000
 -0.01703636   0.00000000    -0.01703636   0.00000000     0.00801705   0.00000000
    7    3
 -0.00115867   0.00000000    -0.00253539   0.00000000     0.00253539   0.00000000
 -0.00253539   0.00000000    -0.00115867   0.00000000     0.00253539   0.00000000
  0.00253539   0.00000000     0.00253539   0.00000000    -0.00115867   0.00000000
    7    4
  0.01685133   0.00000000    -0.00088685   0.00000000    -0.01622264   0.00000000
 -0.00088685  -0.00000000     0.01685133  -0.00000000    -0.01622264  -0.00000000
  0.01137142   0.00000000     0.01137142  -0.00000000    -0.03004693   0.00000000
    7    5
 -0.01707549   0.00000000     0.01412498  -0.00000000     0.00701383  -0.00000000
  0.01412498  -0.00000000    -0.01707549   0.00000000     0.00701383  -0.00000000
 -0.01015600   0.00000000    -0.01015600   0.00000000     0.02550312  -0.00000000
    7    6
 -0.01824583   0.00000000     0.00090233  -0.00000000    -0.00090233   0.00000000
  0.00090233  -0.00000000    -0.01824583  -0.00000000    -0.00090233  -0.00000000
 -0.00090233   0.00000000    -0.00090233  -0.00000000    -0.01824583  -0.00000000
    7    7
  0.05817528   0.00000000    -0.00702087   0.00000000     0.00702087   0.00000000
 -0.00702087   0.00000000     0.05817528   0.00000000     0.00702087   0.00000000
  0.00702087   0.00000000     0.00702087   0.00000000     0.05817528   0.00000000
    7    8
 -0.03004693   0.00000000    -0.01137142   0.00000000     0.01137142  -0.00000000
  0.01622264  -0.00000000     0.01685133  -0.00000000     0.00088685  -0.00000000
 -0.01622264   0.00000000     0.00088685  -0.00000000     0.01685133  -0.00000000
    7    9
  0.02550312   0.00000000     0.01015600   0.00000000    -0.01015600  -0.00000000
 -0.00701383  -0.00000000    -0.01707549  -0.00000000    -0.01412498  -0.00000000
  0.00701383   0.00000000    -0.01412498  -0.00000000    -0.01707549  -0.00000000
    7   10
  0.01685133   0.00000000     0.01622264   0.00000000     0.00088685   0.00000000
 -0.01137142  -0.00000000    -0.03004693  -0.00000000     0.01137142   0.00000000
  0.00088685   0.00000000    -0.01622264  -0.00000000     0.01685133   0.00000000
    7   11
 -0.01707549  -0.00000000    -0.00701383   0.00000000    -0.01412498  -0.00000000
  0.01015600   0.00000000     0.02550312   0.00000000    -0.01015600   0.00000000
 -0.01412498  -0.00000000     0.00701383   0.00000000    -0.01707549   0.00000000
    8    1
 -0.04564331  -0.00000000     0.02202430   0.00000000    -0.02202430  -0.00000000
  0.00941579   0.00000000     0.03461713   0.00000000    -0.00359864  -0.00000000
 -0.00941579  -0.00000000    -0.00359864  -0.00000000     0.03461713   0.00000000
    8    2
  0.01831425   0.00000000    -0.00252182   0.00000000     0.00252182   0.00000000
 -0.00500345   0.00000000     0.02340856   0.00000000    -0.00412242   0.00000000
  0.00500345   0.00000000    -0.00412242   0.00000000     0.02340856   0.00000000
    8    3
 -0.02742014   0.00000000     0.02384498   0.00000000    -0.02384498   0.00000000
  0.03672305   0.00000000    -0.02676603   0.00000000     0.01168342   0.00000000
 -0.03672305   0.00000000     0.01168342   0.00000000    -0.02676603   0.00000000
    8    4
  0.00563533   0.00000000     0.00915122   0.00000000     0.01961672   0.00000000
 -0.00715950   0.00000000     0.01737221   0.00000000    -0.00915122   0.00000000
  0.03317475   0.00000000     0.00715950   0.00000000     0.00563533   0.00000000
    8    5
  0.00915678  -0.00000000    -0.00438932   0.00000000    -0.02058205   0.00000000
  0.02282258  -0.00000000    -0.04374243   0.00000000     0.00438932  -0.00000000
 -0.02245814   0.00000000    -0.02282258   0.00000000     0.00915678  -0.00000000
    8    6
  0.02550312   0.00000000    -0.00701383   0.00000000     0.00701383   0.00000000
  0.01015600   0.00000000    -0.01707549   0.00000000    -0.01412498   0.00000000
 -0.01015600   0.00000000    -0.01412498   0.00000000    -0.01707549   0.00000000
    8    7
 -0.03004693  -0.00000000     0.01622264   0.00000000    -0.01622264  -0.00000000
 -0.01137142  -0.00000000     0.01685133   0.00000000     0.00088685   0.00000000
  0.01137142   0.00000000     0.00088685   0.00000000     0.01685133   0.00000000
    8    8
  0.06812611   0.00000000     0.00050802   0.00000000    -0.00050802   0.00000000
  0.00050802   0.00000000     0.08629352   0.00000000    -0.00106945   0.00000000
 -0.00050802   0.00000000    -0.00106945   0.00000000     0.08629352   0.00000000
    8    9
 -0.02749535  -0.00000000     0.00748736   0.00000000    -0.00748736  -0.00000000
  0.00748736   0.00000000    -0.01512279  -0.00000000     0.01946866   0.00000000
 -0.00748736  -0.00000000     0.01946866   0.00000000    -0.01512279  -0.00000000
    8   10
  0.00563533   0.00000000    -0.01961672   0.00000000    -0.00915122   0.00000000
 -0.03317475   0.00000000     0.00563533   0.00000000     0.00715950   0.00000000
  0.00715950   0.00000000    -0.00915122   0.00000000     0.01737221   0.00000000
    8   11
  0.00915678   0.00000000     0.02058205   0.00000000     0.00438932   0.00000000
  0.02245814   0.00000000     0.00915678   0.00000000    -0.02282258   0.00000000
 -0.02282258   0.00000000     0.00438932   0.00000000    -0.04374243   0.00000000
    9    1
  0.04564331   0.00000000    -0.02202430  -0.00000000     0.02202430   0.00000000
 -0.00941579  -0.00000000    -0.03461713  -0.00000000     0.00359864   0.00000000
  0.00941579   0.00000000     0.00359864   0.00000000    -0.03461713  -0.00000000
    9    2
 -0.02742014   0.00000000     0.02384498   0.00000000    -0.02384498   0.00000000
  0.03672305   0.00000000    -0.02676603   0.00000000     0.01168342   0.00000000
 -0.03672305   0.00000000     0.01168342   0.00000000    -0.02676603   0.00000000
    9    3
  0.01831425   0.00000000    -0.00252182   0.00000000     0.00252182   0.00000000
 -0.00500345   0.00000000     0.02340856   0.00000000    -0.00412242   0.00000000
  0.00500345   0.00000000    -0.00412242   0.00000000     0.02340856   0.00000000
    9    4
  0.00915678  -0.00000000    -0.00438932   0.00000000    -0.02058205   0.00000000
  0.02282258  -0.00000000    -0.04374243   0.00000000     0.00438932  -0.00000000
 -0.02245814   0.00000000    -0.02282258   0.00000000     0.00915678  -0.00000000
    9    5
  0.00563533  -0.00000000     0.00915122  -0.00000000     0.01961672  -0.00000000
 -0.00715950   0.00000000     0.01737221  -0.00000000    -0.00915122   0.00000000
  0.03317475  -0.00000000     0.00715950  -0.00000000     0.00563533  -0.00000000
    9    6
 -0.03004693   0.00000000     0.01622264  -0.00000000    -0.01622264   0.00000000
 -0.01137142   0.00000000     0.01685133  -0.00000000     0.00088685  -0.00000000
  0.01137142  -0.00000000     0.00088685  -0.00000000     0.01685133  -0.00000000
    9    7
  0.02550312  -0.00000000    -0.00701383   0.00000000     0.00701383  -0.00000000
  0.01015600  -0.00000000    -0.01707549   0.00000000    -0.01412498   0.00000000
 -0.01015600   0.00000000    -0.01412498   0.00000000    -0.01707549   0.00000000
    9    8
 -0.02749535   0.00000000     0.00748736  -0.00000000    -0.00748736   0.00000000
  0.00748736  -0.00000000    -0.01512279   0.00000000     0.01946866  -0.00000000
 -0.00748736   0.00000000     0.01946866  -0.00000000    -0.01512279   0.00000000
    9    9
  0.06812611   0.00000000     0.00050802   0.00000000    -0.00050802   0.00000000
  0.00050802   0.00000000     0.08629352   0.00000000    -0.00106945   0.00000000
 -0.00050802   0.00000000    -0.00106945   0.00000000     0.08629352   0.00000000
    9   10
  0.00915678  -0.00000000     0.02058205  -0.00000000     0.00438932  -0.00000000
  0.02245814  -0.00000000     0.00915678  -0.00000000    -0.02282258   0.00000000
 -0.02282258   0.00000000     0.00438932  -0.00000000    -0.04374243   0.00000000
    9   11
  0.00563533  -0.00000000    -0.01961672   0.00000000    -0.00915122   0.00000000
 -0.03317475   0.00000000     0.00563533  -0.00000000     0.00715950  -0.00000000
  0.00715950  -0.00000000    -0.00915122   0.00000000     0.01737221  -0.00000000
   10    1
  0.03461713   0.00000000     0.00941579   0.00000000    -0.00359864  -0.00000000
  0.02202430   0.00000000    -0.04564331  -0.00000000    -0.02202430  -0.00000000
 -0.00359864  -0.00000000    -0.00941579  -0.00000000     0.03461713   0.00000000
   10    2
  0.02340856   0.00000000    -0.00500345   0.00000000    -0.00412242   0.00000000
 -0.00252182   0.00000000     0.01831425   0.00000000     0.00252182   0.00000000
 -0.00412242   0.00000000     0.00500345   0.00000000     0.02340856   0.00000000
   10    3
 -0.02676603   0.00000000     0.03672305   0.00000000     0.01168342   0.00000000
  0.02384498   0.00000000    -0.02742014   0.00000000    -0.02384498   0.00000000
  0.01168342   0.00000000    -0.03672305   0.00000000    -0.02676603   0.00000000
   10    4
  0.01737221   0.00000000    -0.00715950   0.00000000    -0.00915122   0.00000000
  0.00915122   0.00000000     0.00563533   0.00000000     0.01961672   0.00000000
  0.00715950   0.00000000     0.03317475   0.00000000     0.00563533   0.00000000
   10    5
 -0.04374243   0.00000000     0.02282258  -0.00000000     0.00438932  -0.00000000
 -0.00438932   0.00000000     0.00915678  -0.00000000    -0.02058205   0.00000000
 -0.02282258   0.00000000    -0.02245814   0.00000000     0.00915678  -0.00000000
   10    6
 -0.01707549   0.00000000     0.01015600   0.00000000    -0.01412498   0.00000000
 -0.00701383   0.00000000     0.02550312   0.00000000     0.00701383   0.00000000
 -0.01412498   0.00000000    -0.01015600   0.00000000    -0.01707549   0.00000000
   10    7
  0.01685133  -0.00000000    -0.01137142   0.00000000     0.00088685  -0.00000000
  0.01622264  -0.00000000    -0.03004693   0.00000000    -0.01622264   0.00000000
  0.00088685  -0.00000000     0.01137142  -0.00000000     0.01685133  -0.00000000
   10    8
  0.00563533   0.00000000    -0.03317475   0.00000000     0.00715950   0.00000000
 -0.01961672   0.00000000     0.00563533   0.00000000    -0.00915122   0.00000000
 -0.00915122   0.00000000     0.00715950   0.00000000     0.01737221   0.00000000
   10    9
  0.00915678   0.00000000     0.02245814   0.00000000    -0.02282258  -0.00000000
  0.02058205   0.00000000     0.00915678   0.00000000     0.00438932   0.00000000
  0.00438932   0.00000000    -0.02282258  -0.00000000    -0.04374243  -0.00000000
   10   10
  0.08629352   0.00000000     0.00050802   0.00000000    -0.00106945   0.00000000
  0.00050802   0.00000000     0.06812611   0.00000000    -0.00050802   0.00000000
 -0.00106945   0.00000000    -0.00050802   0.00000000     0.08629352   0.00000000
   10   11
 -0.01512279   0.00000000     0.00748736   0.00000000     0.01946866   0.00000000
  0.00748736   0.00000000    -0.02749535   0.00000000    -0.00748736   0.00000000
  0.01946866   0.00000000    -0.00748736   0.00000000    -0.01512279   0.00000000
   11    1
 -0.03461713  -0.00000000    -0.00941579  -0.00000000     0.00359864   0.00000000
 -0.02202430  -0.00000000     0.04564331   0.00000000     0.02202430   0.00000000
  0.00359864   0.00000000     0.00941579   0.00000000    -0.03461713  -0.00000000
   11    2
 -0.02676603   0.00000000     0.03672305   0.00000000     0.01168342   0.00000000
  0.02384498   0.00000000    -0.02742014   0.00000000    -0.02384498   0.00000000
  0.01168342   0.00000000    -0.03672305   0.00000000    -0.02676603   0.00000000
   11    3
  0.02340856   0.00000000    -0.00500345   0.00000000    -0.00412242   0.00000000
 -0.00252182   0.00000000     0.01831425   0.00000000     0.00252182   0.00000000
 -0.00412242   0.00000000     0.00500345   0.00000000     0.02340856   0.00000000
   11    4
 -0.04374243   0.00000000     0.02282258   0.00000000     0.00438932   0.00000000
 -0.00438932   0.00000000     0.00915678   0.00000000    -0.02058205   0.00000000
 -0.02282258   0.00000000    -0.02245814   0.00000000     0.00915678   0.00000000
   11    5
  0.01737221  -0.00000000    -0.00715950   0.00000000    -0.00915122   0.00000000
  0.00915122  -0.00000000     0.00563533  -0.00000000     0.01961672  -0.00000000
  0.00715950  -0.00000000     0.03317475  -0.00000000     0.00563533  -0.00000000
   11    6
  0.01685133   0.00000000    -0.01137142   0.00000000     0.00088685   0.00000000
  0.01622264   0.00000000    -0.03004693   0.00000000    -0.01622264   0.00000000
  0.00088685   0.00000000     0.01137142   0.00000000     0.01685133   0.00000000
   11    7
 -0.01707549   0.00000000     0.01015600  -0.00000000    -0.01412498   0.00000000
 -0.00701383  -0.00000000     0.02550312  -0.00000000     0.00701383  -0.00000000
 -0.01412498   0.00000000    -0.01015600  -0.00000000    -0.01707549  -0.00000000
   11    8
  0.00915678   0.00000000     0.02245814   0.00000000    -0.02282258   0.00000000
  0.02058205   0.00000000     0.00915678   0.00000000     0.00438932   0.00000000
  0.00438932   0.00000000    -0.02282258   0.00000000    -0.04374243   0.00000000
   11    9
  0.00563533   0.00000000    -0.03317475  -0.00000000     0.00715950   0.00000000
 -0.01961672  -0.00000000     0.00563533   0.00000000    -0.00915122  -0.00000000
 -0.00915122  -0.00000000     0.00715950   0.00000000     0.01737221   0.00000000
   11   10
 -0.01512279   0.00000000     0.00748736   0.00000000     0.01946866   0.00000000
  0.00748736   0.00000000    -0.02749535   0.00000000    -0.00748736   0.00000000
  0.01946866   0.00000000    -0.00748736   0.00000000    -0.01512279   0.00000000
   11   11
  0.08629352   0.00000000     0.00050802   0.00000000    -0.00106945   0.00000000
  0.00050802   0.00000000     0.06812611   0.00000000    -0.00050802   0.00000000
 -0.00106945   0.00000000    -0.00050802   0.00000000     0.08629352   0.00000000

     Dynamical  Matrix in cartesian axes

     q = (   -0.353553391   0.353553391   0.353553391 ) 

    1    1
  0.22261548   0.00000000    -0.07463422   0.00000000    -0.07463422   0.00000000
 -0.07463422   0.00000000     0.22261548   0.00000000     0.07463422   0.00000000
 -0.07463422   0.00000000     0.07463422   0.00000000     0.22261548   0.00000000
    1    2
  0.01159704   0.00000000    -0.03798680  -0.00000000    -0.03798680  -0.00000000
 -0.03798680  -0.00000000     0.01159704   0.00000000     0.03798680   0.00000000
 -0.03798680  -0.00000000     0.03798680   0.00000000     0.01159704   0.00000000
    1    3
 -0.01159704  -0.00000000     0.03798680   0.00000000     0.03798680   0.00000000
  0.03798680   0.00000000    -0.01159704  -0.00000000    -0.03798680  -0.00000000
  0.03798680   0.00000000    -0.03798680  -0.00000000    -0.01159704  -0.00000000
    1    4
 -0.04564331  -0.00000000    -0.00941579  -0.00000000    -0.00941579  -0.00000000
 -0.02202430  -0.00000000     0.03461713   0.00000000     0.00359864   0.00000000
 -0.02202430  -0.00000000     0.00359864   0.00000000     0.03461713   0.00000000
    1    5
  0.04564331   0.00000000     0.00941579   0.00000000     0.00941579   0.00000000
  0.02202430   0.00000000    -0.03461713  -0.00000000    -0.00359864  -0.00000000
  0.02202430   0.00000000    -0.00359864  -0.00000000    -0.03461713  -0.00000000
    1    6
  0.03461713   0.00000000    -0.02202430  -0.00000000    -0.00359864  -0.00000000
 -0.00941579  -0.00000000    -0.04564331  -0.00000000     0.00941579   0.00000000
 -0.00359864  -0.00000000     0.02202430   0.00000000     0.03461713   0.00000000
    1    7
 -0.03461713  -0.00000000     0.02202430   0.00000000     0.00359864   0.00000000
  0.00941579   0.00000000     0.04564331   0.00000000    -0.00941579  -0.00000000
  0.00359864   0.00000000    -0.02202430  -0.00000000    -0.03461713  -0.00000000
    1    8
  0.03461713   0.00000000    -0.00359864  -0.00000000    -0.02202430  -0.00000000
 -0.00359864  -0.00000000     0.03461713   0.00000000     0.02202430   0.00000000
 -0.00941579  -0.00000000     0.00941579   0.00000000    -0.04564331  -0.00000000
    1    9
 -0.03461713  -0.00000000     0.00359864   0.00000000     0.02202430   0.00000000
  0.00359864   0.00000000    -0.03461713  -0.00000000    -0.02202430  -0.00000000
  0.00941579   0.00000000    -0.00941579  -0.00000000     0.04564331   0.00000000
    1   10
 -0.05118455  -0.00000000    -0.00188153  -0.00000000    -0.00188153  -0.00000000
 -0.00188153  -0.00000000    -0.05118455  -0.00000000     0.00188153   0.00000000
 -0.00188153  -0.00000000     0.00188153   0.00000000    -0.05118455  -0.00000000
    1   11
  0.05118455   0.00000000     0.00188153   0.00000000     0.00188153   0.00000000
  0.00188153   0.00000000     0.05118455   0.00000000    -0.00188153  -0.00000000
  0.00188153   0.00000000    -0.00188153  -0.00000000     0.05118455   0.00000000
    2    1
  0.01159704  -0.00000000    -0.03798680   0.00000000    -0.03798680   0.00000000
 -0.03798680   0.00000000     0.01159704  -0.00000000     0.03798680  -0.00000000
 -0.03798680   0.00000000     0.03798680  -0.00000000     0.01159704  -0.00000000
    2    2
  0.08873731   0.00000000     0.00971322   0.00000000     0.00971322   0.00000000
  0.00971322   0.00000000     0.08873731   0.00000000    -0.00971322   0.00000000
  0.00971322   0.00000000    -0.00971322   0.00000000     0.08873731   0.00000000
    2    3
 -0.01451924   0.00000000    -0.00443633   0.00000000    -0.00443633   0.00000000
 -0.00443633   0.00000000    -0.01451924   0.00000000     0.00443633   0.00000000
 -0.00443633   0.00000000     0.00443633   0.00000000    -0.01451924   0.00000000
    2    4
  0.01831425   0.00000000     0.00500345   0.00000000     0.00500345   0.00000000
  0.00252182   0.00000000     0.02340856   0.00000000     0.00412242   0.00000000
  0.00252182   0.00000000     0.00412242   0.00000000     0.02340856   0.00000000
    2    5
 -0.02742014  -0.00000000    -0.03672305  -0.00000000    -0.03672305  -0.00000000
 -0.02384498  -0.00000000    -0.02676603  -0.00000000    -0.01168342  -0.00000000
 -0.02384498  -0.00000000    -0.01168342  -0.00000000    -0.02676603  -0.00000000
    2    6
  0.02340856   0.00000000     0.00252182   0.00000000    -0.00412242   0.00000000
  0.00500345   0.00000000     0.01831425   0.00000000    -0.00500345   0.00000000
 -0.00412242   0.00000000    -0.00252182   0.00000000     0.02340856   0.00000000
    2    7
 -0.02676603   0.00000000    -0.02384498   0.00000000     0.01168342  -0.00000000
 -0.03672305   0.00000000    -0.02742014   0.00000000     0.03672305  -0.00000000
  0.01168342  -0.00000000     0.02384498  -0.00000000    -0.02676603   0.00000000
    2    8
  0.02340856   0.00000000    -0.00412242   0.00000000     0.00252182   0.00000000
 -0.00412242   0.00000000     0.02340856   0.00000000    -0.00252182   0.00000000
  0.00500345   0.00000000    -0.00500345   0.00000000     0.01831425   0.00000000
    2    9
 -0.02676603   0.00000000     0.01168342  -0.00000000    -0.02384498   0.00000000
  0.01168342  -0.00000000    -0.02676603   0.00000000     0.02384498  -0.00000000
 -0.03672305   0.00000000     0.03672305  -0.00000000    -0.02742014   0.00000000
    2   10
 -0.00115867   0.00000000     0.00253539   0.00000000     0.00253539   0.00000000
  0.00253539   0.00000000    -0.00115867   0.00000000    -0.00253539   0.00000000
  0.00253539   0.00000000    -0.00253539   0.00000000    -0.00115867   0.00000000
    2   11
  0.00801705   0.00000000    -0.01703636  -0.00000000    -0.01703636  -0.00000000
 -0.01703636  -0.00000000     0.00801705   0.00000000     0.01703636   0.00000000
 -0.01703636  -0.00000000     0.01703636   0.00000000     0.00801705   0.00000000
    3    1
 -0.01159704   0.00000000     0.03798680  -0.00000000     0.03798680  -0.00000000
  0.03798680  -0.00000000    -0.01159704   0.00000000    -0.03798680   0.00000000
  0.03798680  -0.00000000    -0.03798680   0.00000000    -0.01159704   0.00000000
    3    2
 -0.01451924   0.00000000    -0.00443633   0.00000000    -0.00443633   0.00000000
 -0.00443633   0.00000000    -0.01451924   0.00000000     0.00443633   0.00000000
 -0.00443633   0.00000000     0.00443633   0.00000000    -0.01451924   0.00000000
    3    3
  0.08873731   0.00000000     0.00971322   0.00000000     0.00971322   0.00000000
  0.00971322   0.00000000     0.08873731   0.00000000    -0.00971322   0.00000000
  0.00971322   0.00000000    -0.00971322   0.00000000     0.08873731   0.00000000
    3    4
 -0.02742014   0.00000000    -0.03672305   0.00000000    -0.03672305   0.00000000
 -0.02384498   0.00000000    -0.02676603   0.00000000    -0.01168342   0.00000000
 -0.02384498   0.00000000    -0.01168342   0.00000000    -0.02676603   0.00000000
    3    5
  0.01831425   0.00000000     0.00500345   0.00000000     0.00500345   0.00000000
  0.00252182   0.00000000     0.02340856   0.00000000     0.00412242   0.00000000
  0.00252182   0.00000000     0.00412242   0.00000000     0.02340856   0.00000000
    3    6
 -0.02676603   0.00000000    -0.02384498   0.00000000     0.01168342   0.00000000
 -0.03672305   0.00000000    -0.02742014   0.00000000     0.03672305   0.00000000
  0.01168342   0.00000000     0.02384498   0.00000000    -0.02676603   0.00000000
    3    7
  0.02340856  -0.00000000     0.00252182  -0.00000000    -0.00412242   0.00000000
  0.00500345  -0.00000000     0.01831425  -0.00000000    -0.00500345   0.00000000
 -0.00412242   0.00000000    -0.00252182   0.00000000     0.02340856  -0.00000000
    3    8
 -0.02676603   0.00000000     0.01168342   0.00000000    -0.02384498   0.00000000
  0.01168342   0.00000000    -0.02676603   0.00000000     0.02384498   0.00000000
 -0.03672305   0.00000000     0.03672305   0.00000000    -0.02742014   0.00000000
    3    9
  0.02340856  -0.00000000    -0.00412242   0.00000000     0.00252182  -0.00000000
 -0.00412242   0.00000000     0.02340856  -0.00000000    -0.00252182   0.00000000
  0.00500345  -0.00000000    -0.00500345   0.00000000     0.01831425  -0.00000000
    3   10
  0.00801705   0.00000000    -0.01703636   0.00000000    -0.01703636   0.00000000
 -0.01703636   0.00000000     0.00801705   0.00000000     0.01703636   0.00000000
 -0.01703636   0.00000000     0.01703636   0.00000000     0.00801705   0.00000000
    3   11
 -0.00115867  -0.00000000     0.00253539   0.00000000     0.00253539   0.00000000
  0.00253539   0.00000000    -0.00115867  -0.00000000    -0.00253539  -0.00000000
  0.00253539   0.00000000    -0.00253539  -0.00000000    -0.00115867  -0.00000000
    4    1
 -0.04564331   0.00000000    -0.02202430   0.00000000    -0.02202430   0.00000000
