  4.000000000000000E-002   1.50292904177357        5.49803354683322     
           4

     Dynamical  Matrix in cartesian axes

     q = (   -0.353553391  -0.353553391   0.353553391 ) 

    1    1
  0.20960263   0.00000000     0.06410213   0.00000000    -0.06410213   0.00000000
  0.06410213   0.00000000     0.20960263   0.00000000    -0.06410213   0.00000000
 -0.06410213   0.00000000    -0.06410213   0.00000000     0.20960263   0.00000000
    1    2
  0.00838258  -0.00000000     0.03179118  -0.00000000    -0.03179118   0.00000000
  0.03179118  -0.00000000     0.00838258  -0.00000000    -0.03179118   0.00000000
 -0.03179118   0.00000000    -0.03179118   0.00000000     0.00838258  -0.00000000
    1    3
 -0.00838258   0.00000000    -0.03179118   0.00000000     0.03179118  -0.00000000
 -0.03179118   0.00000000    -0.00838258   0.00000000     0.03179118  -0.00000000
  0.03179118  -0.00000000     0.03179118  -0.00000000    -0.00838258   0.00000000
    1    4
  0.03581062  -0.00000000     0.00092243  -0.00000000    -0.01883587   0.00000000
  0.00092243  -0.00000000     0.03581062  -0.00000000    -0.01883587   0.00000000
 -0.00690761   0.00000000    -0.00690761   0.00000000    -0.03967185   0.00000000
    1    5
 -0.03581062   0.00000000    -0.00092243   0.00000000     0.01883587  -0.00000000
 -0.00092243   0.00000000    -0.03581062   0.00000000     0.01883587  -0.00000000
  0.00690761  -0.00000000     0.00690761  -0.00000000     0.03967185  -0.00000000
    1    6
 -0.04745802   0.00000000     0.00420536  -0.00000000    -0.00420536   0.00000000
  0.00420536  -0.00000000    -0.04745802   0.00000000    -0.00420536   0.00000000
 -0.00420536   0.00000000    -0.00420536   0.00000000    -0.04745802   0.00000000
    1    7
  0.04745802  -0.00000000    -0.00420536   0.00000000     0.00420536  -0.00000000
 -0.00420536   0.00000000     0.04745802  -0.00000000     0.00420536  -0.00000000
  0.00420536  -0.00000000     0.00420536  -0.00000000     0.04745802  -0.00000000
    1    8
 -0.03967185   0.00000000     0.00690761  -0.00000000    -0.00690761   0.00000000
  0.01883587  -0.00000000     0.03581062  -0.00000000    -0.00092243   0.00000000
 -0.01883587   0.00000000    -0.00092243   0.00000000     0.03581062  -0.00000000
    1    9
  0.03967185  -0.00000000    -0.00690761   0.00000000     0.00690761  -0.00000000
 -0.01883587   0.00000000    -0.03581062   0.00000000     0.00092243  -0.00000000
  0.01883587  -0.00000000     0.00092243  -0.00000000    -0.03581062   0.00000000
    1   10
  0.03581062  -0.00000000     0.01883587  -0.00000000    -0.00092243   0.00000000
  0.00690761  -0.00000000    -0.03967185   0.00000000    -0.00690761   0.00000000
 -0.00092243   0.00000000    -0.01883587   0.00000000     0.03581062  -0.00000000
    1   11
 -0.03581062   0.00000000    -0.01883587   0.00000000     0.00092243  -0.00000000
 -0.00690761   0.00000000     0.03967185  -0.00000000     0.00690761  -0.00000000
  0.00092243  -0.00000000     0.01883587  -0.00000000    -0.03581062   0.00000000
    2    1
  0.00838258   0.00000000     0.03179118   0.00000000    -0.03179118  -0.00000000
  0.03179118   0.00000000     0.00838258   0.00000000    -0.03179118  -0.00000000
 -0.03179118  -0.00000000    -0.03179118  -0.00000000     0.00838258   0.00000000
    2    2
  0.08083498   0.00000000    -0.00693060   0.00000000     0.00693060   0.00000000
 -0.00693060   0.00000000     0.08083498   0.00000000     0.00693060   0.00000000
  0.00693060   0.00000000     0.00693060   0.00000000     0.08083498   0.00000000
    2    3
 -0.00817524   0.00000000     0.00464422   0.00000000    -0.00464422   0.00000000
  0.00464422   0.00000000    -0.00817524   0.00000000    -0.00464422   0.00000000
 -0.00464422   0.00000000    -0.00464422   0.00000000    -0.00817524   0.00000000
    2    4
  0.01804041   0.00000000     0.00244780   0.00000000     0.00204856   0.00000000
  0.00244780   0.00000000     0.01804041   0.00000000     0.00204856   0.00000000
  0.00388880   0.00000000     0.00388880   0.00000000     0.01531991   0.00000000
    2    5
 -0.02295198   0.00000000    -0.01127436   0.00000000    -0.02128935   0.00000000
 -0.01127436   0.00000000    -0.02295198   0.00000000    -0.02128935   0.00000000
 -0.03176230   0.00000000    -0.03176230   0.00000000    -0.02432357   0.00000000
    2    6
  0.00107914   0.00000000    -0.00239925   0.00000000     0.00239925   0.00000000
 -0.00239925   0.00000000     0.00107914   0.00000000     0.00239925   0.00000000
  0.00239925   0.00000000     0.00239925   0.00000000     0.00107914   0.00000000
    2    7
  0.00796381   0.00000000     0.01616763   0.00000000    -0.01616763   0.00000000
  0.01616763   0.00000000     0.00796381   0.00000000    -0.01616763   0.00000000
 -0.01616763   0.00000000    -0.01616763   0.00000000     0.00796381   0.00000000
    2    8
  0.01531991   0.00000000    -0.00388880   0.00000000     0.00388880   0.00000000
 -0.00204856   0.00000000     0.01804041   0.00000000    -0.00244780   0.00000000
  0.00204856   0.00000000    -0.00244780   0.00000000     0.01804041   0.00000000
    2    9
 -0.02432357   0.00000000     0.03176230   0.00000000    -0.03176230   0.00000000
  0.02128935   0.00000000    -0.02295198   0.00000000     0.01127436   0.00000000
 -0.02128935   0.00000000     0.01127436   0.00000000    -0.02295198   0.00000000
    2   10
  0.01804041   0.00000000    -0.00204856   0.00000000    -0.00244780   0.00000000
 -0.00388880   0.00000000     0.01531991   0.00000000     0.00388880   0.00000000
 -0.00244780   0.00000000     0.00204856   0.00000000     0.01804041   0.00000000
    2   11
 -0.02295198   0.00000000     0.02128935   0.00000000     0.01127436   0.00000000
  0.03176230   0.00000000    -0.02432357   0.00000000    -0.03176230   0.00000000
  0.01127436   0.00000000    -0.02128935   0.00000000    -0.02295198   0.00000000
    3    1
 -0.00838258  -0.00000000    -0.03179118  -0.00000000     0.03179118   0.00000000
 -0.03179118  -0.00000000    -0.00838258  -0.00000000     0.03179118   0.00000000
  0.03179118   0.00000000     0.03179118   0.00000000    -0.00838258  -0.00000000
    3    2
 -0.00817524   0.00000000     0.00464422   0.00000000    -0.00464422   0.00000000
  0.00464422   0.00000000    -0.00817524   0.00000000    -0.00464422   0.00000000
 -0.00464422   0.00000000    -0.00464422   0.00000000    -0.00817524   0.00000000
    3    3
  0.08083498   0.00000000    -0.00693060   0.00000000     0.00693060   0.00000000
 -0.00693060   0.00000000     0.08083498   0.00000000     0.00693060   0.00000000
  0.00693060   0.00000000     0.00693060   0.00000000     0.08083498   0.00000000
    3    4
 -0.02295198   0.00000000    -0.01127436   0.00000000    -0.02128935   0.00000000
 -0.01127436   0.00000000    -0.02295198   0.00000000    -0.02128935   0.00000000
 -0.03176230   0.00000000    -0.03176230   0.00000000    -0.02432357   0.00000000
    3    5
  0.01804041   0.00000000     0.00244780   0.00000000     0.00204856   0.00000000
  0.00244780   0.00000000     0.01804041   0.00000000     0.00204856   0.00000000
  0.00388880   0.00000000     0.00388880   0.00000000     0.01531991   0.00000000
    3    6
  0.00796381   0.00000000     0.01616763   0.00000000    -0.01616763   0.00000000
  0.01616763   0.00000000     0.00796381   0.00000000    -0.01616763   0.00000000
 -0.01616763   0.00000000    -0.01616763   0.00000000     0.00796381   0.00000000
    3    7
  0.00107914   0.00000000    -0.00239925   0.00000000     0.00239925   0.00000000
 -0.00239925   0.00000000     0.00107914   0.00000000     0.00239925   0.00000000
  0.00239925   0.00000000     0.00239925   0.00000000     0.00107914   0.00000000
    3    8
 -0.02432357   0.00000000     0.03176230   0.00000000    -0.03176230   0.00000000
  0.02128935   0.00000000    -0.02295198   0.00000000     0.01127436   0.00000000
 -0.02128935   0.00000000     0.01127436   0.00000000    -0.02295198   0.00000000
    3    9
  0.01531991   0.00000000    -0.00388880   0.00000000     0.00388880   0.00000000
 -0.00204856   0.00000000     0.01804041   0.00000000    -0.00244780   0.00000000
  0.00204856   0.00000000    -0.00244780   0.00000000     0.01804041   0.00000000
    3   10
 -0.02295198   0.00000000     0.02128935   0.00000000     0.01127436   0.00000000
  0.03176230   0.00000000    -0.02432357   0.00000000    -0.03176230   0.00000000
  0.01127436   0.00000000    -0.02128935   0.00000000    -0.02295198   0.00000000
    3   11
  0.01804041   0.00000000    -0.00204856   0.00000000    -0.00244780   0.00000000
 -0.00388880   0.00000000     0.01531991   0.00000000     0.00388880   0.00000000
 -0.00244780   0.00000000     0.00204856   0.00000000     0.01804041   0.00000000
    4    1
  0.03581062   0.00000000     0.00092243   0.00000000    -0.00690761  -0.00000000
  0.00092243   0.00000000     0.03581062   0.00000000    -0.00690761  -0.00000000
 -0.01883587  -0.00000000    -0.01883587  -0.00000000    -0.03967185  -0.00000000
    4    2
  0.01804041   0.00000000     0.00244780   0.00000000     0.00388880   0.00000000
  0.00244780   0.00000000     0.01804041   0.00000000     0.00388880   0.00000000
  0.00204856   0.00000000     0.00204856   0.00000000     0.01531991   0.00000000
    4    3
 -0.02295198   0.00000000    -0.01127436   0.00000000    -0.03176230   0.00000000
 -0.01127436   0.00000000    -0.02295198   0.00000000    -0.03176230   0.00000000
 -0.02128935   0.00000000    -0.02128935   0.00000000    -0.02432357   0.00000000
    4    4
  0.07934819   0.00000000     0.00145977   0.00000000    -0.00062942   0.00000000
  0.00145977   0.00000000     0.07934819   0.00000000    -0.00062942   0.00000000
 -0.00062942   0.00000000    -0.00062942   0.00000000     0.06117861   0.00000000
    4    5
 -0.01525450   0.00000000    -0.01453374   0.00000000    -0.00732262   0.00000000
 -0.01453374   0.00000000    -0.01525450   0.00000000    -0.00732262   0.00000000
 -0.00732262   0.00000000    -0.00732262   0.00000000    -0.02130085   0.00000000
    4    6
 -0.01477144   0.00000000     0.01421622   0.00000000    -0.00984510   0.00000000
  0.01421622   0.00000000    -0.01477144   0.00000000    -0.00984510   0.00000000
  0.00530820   0.00000000     0.00530820   0.00000000     0.02039692   0.00000000
    4    7
  0.01311589  -0.00000000    -0.00274782   0.00000000     0.01106463  -0.00000000
 -0.00274782  -0.00000000     0.01311589   0.00000000     0.01106463   0.00000000
 -0.01352200  -0.00000000    -0.01352200   0.00000000    -0.02723752   0.00000000
    4    8
  0.00439435   0.00000000    -0.00694040   0.00000000     0.02829625   0.00000000
  0.00815641   0.00000000     0.01860649   0.00000000     0.00694040   0.00000000
  0.01628377   0.00000000    -0.00815641   0.00000000     0.00439435   0.00000000
    4    9
  0.00669921   0.00000000     0.01942759   0.00000000    -0.01879345  -0.00000000
 -0.00384342  -0.00000000    -0.04086394  -0.00000000    -0.01942759  -0.00000000
 -0.01613413  -0.00000000     0.00384342   0.00000000     0.00669921   0.00000000
    4   10
  0.01860649   0.00000000     0.00815641   0.00000000     0.00694040   0.00000000
 -0.00694040   0.00000000     0.00439435   0.00000000     0.02829625   0.00000000
 -0.00815641   0.00000000     0.01628377   0.00000000     0.00439435   0.00000000
    4   11
 -0.04086394   0.00000000    -0.00384342   0.00000000    -0.01942759   0.00000000
  0.01942759   0.00000000     0.00669921   0.00000000    -0.01879345   0.00000000
  0.00384342   0.00000000    -0.01613413   0.00000000     0.00669921   0.00000000
    5    1
 -0.03581062  -0.00000000    -0.00092243  -0.00000000     0.00690761   0.00000000
 -0.00092243  -0.00000000    -0.03581062  -0.00000000     0.00690761   0.00000000
  0.01883587   0.00000000     0.01883587   0.00000000     0.03967185   0.00000000
    5    2
 -0.02295198   0.00000000    -0.01127436   0.00000000    -0.03176230   0.00000000
 -0.01127436   0.00000000    -0.02295198   0.00000000    -0.03176230   0.00000000
 -0.02128935   0.00000000    -0.02128935   0.00000000    -0.02432357   0.00000000
    5    3
  0.01804041   0.00000000     0.00244780   0.00000000     0.00388880   0.00000000
  0.00244780   0.00000000     0.01804041   0.00000000     0.00388880   0.00000000
  0.00204856   0.00000000     0.00204856   0.00000000     0.01531991   0.00000000
    5    4
 -0.01525450  -0.00000000    -0.01453374  -0.00000000    -0.00732262  -0.00000000
 -0.01453374  -0.00000000    -0.01525450  -0.00000000    -0.00732262  -0.00000000
 -0.00732262  -0.00000000    -0.00732262  -0.00000000    -0.02130085  -0.00000000
    5    5
  0.07934819   0.00000000     0.00145977   0.00000000    -0.00062942   0.00000000
  0.00145977   0.00000000     0.07934819   0.00000000    -0.00062942   0.00000000
 -0.00062942   0.00000000    -0.00062942   0.00000000     0.06117861   0.00000000
    5    6
  0.01311589   0.00000000    -0.00274782  -0.00000000     0.01106463   0.00000000
 -0.00274782  -0.00000000     0.01311589   0.00000000     0.01106463   0.00000000
 -0.01352200  -0.00000000    -0.01352200  -0.00000000    -0.02723752  -0.00000000
    5    7
 -0.01477144  -0.00000000     0.01421622   0.00000000    -0.00984510  -0.00000000
  0.01421622   0.00000000    -0.01477144  -0.00000000    -0.00984510  -0.00000000
  0.00530820   0.00000000     0.00530820   0.00000000     0.02039692   0.00000000
    5    8
  0.00669921   0.00000000     0.01942759   0.00000000    -0.01879345  -0.00000000
 -0.00384342  -0.00000000    -0.04086394  -0.00000000    -0.01942759  -0.00000000
 -0.01613413  -0.00000000     0.00384342   0.00000000     0.00669921   0.00000000
    5    9
  0.00439435   0.00000000    -0.00694040  -0.00000000     0.02829625   0.00000000
  0.00815641   0.00000000     0.01860649   0.00000000     0.00694040   0.00000000
  0.01628377   0.00000000    -0.00815641  -0.00000000     0.00439435   0.00000000
    5   10
 -0.04086394  -0.00000000    -0.00384342  -0.00000000    -0.01942759  -0.00000000
  0.01942759   0.00000000     0.00669921   0.00000000    -0.01879345  -0.00000000
  0.00384342   0.00000000    -0.01613413  -0.00000000     0.00669921   0.00000000
    5   11
  0.01860649   0.00000000     0.00815641   0.00000000     0.00694040   0.00000000
 -0.00694040  -0.00000000     0.00439435   0.00000000     0.02829625   0.00000000
 -0.00815641  -0.00000000     0.01628377   0.00000000     0.00439435   0.00000000
    6    1
 -0.04745802  -0.00000000     0.00420536   0.00000000    -0.00420536  -0.00000000
  0.00420536   0.00000000    -0.04745802  -0.00000000    -0.00420536  -0.00000000
 -0.00420536  -0.00000000    -0.00420536  -0.00000000    -0.04745802  -0.00000000
    6    2
  0.00107914   0.00000000    -0.00239925   0.00000000     0.00239925   0.00000000
 -0.00239925   0.00000000     0.00107914   0.00000000     0.00239925   0.00000000
  0.00239925   0.00000000     0.00239925   0.00000000     0.00107914   0.00000000
    6    3
  0.00796381   0.00000000     0.01616763   0.00000000    -0.01616763   0.00000000
  0.01616763   0.00000000     0.00796381   0.00000000    -0.01616763   0.00000000
 -0.01616763   0.00000000    -0.01616763   0.00000000     0.00796381   0.00000000
    6    4
 -0.01477144   0.00000000     0.01421622   0.00000000     0.00530820   0.00000000
  0.01421622   0.00000000    -0.01477144   0.00000000     0.00530820   0.00000000
 -0.00984510   0.00000000    -0.00984510   0.00000000     0.02039692   0.00000000
    6    5
  0.01311589  -0.00000000    -0.00274782   0.00000000    -0.01352200   0.00000000
 -0.00274782   0.00000000     0.01311589  -0.00000000    -0.01352200   0.00000000
  0.01106463  -0.00000000     0.01106463  -0.00000000    -0.02723752   0.00000000
    6    6
  0.05761197   0.00000000    -0.00461570   0.00000000     0.00461570   0.00000000
 -0.00461570   0.00000000     0.05761197   0.00000000     0.00461570   0.00000000
  0.00461570   0.00000000     0.00461570   0.00000000     0.05761197   0.00000000
    6    7
 -0.01400701  -0.00000000    -0.00239938  -0.00000000     0.00239938  -0.00000000
 -0.00239938  -0.00000000    -0.01400701   0.00000000     0.00239938   0.00000000
  0.00239938  -0.00000000     0.00239938   0.00000000    -0.01400701   0.00000000
    6    8
  0.02039692   0.00000000     0.00984510   0.00000000    -0.00984510   0.00000000
 -0.00530820   0.00000000    -0.01477144   0.00000000    -0.01421622   0.00000000
  0.00530820   0.00000000    -0.01421622   0.00000000    -0.01477144   0.00000000
    6    9
 -0.02723752  -0.00000000    -0.01106463  -0.00000000     0.01106463   0.00000000
  0.01352200   0.00000000     0.01311589   0.00000000     0.00274782   0.00000000
 -0.01352200  -0.00000000     0.00274782   0.00000000     0.01311589   0.00000000
    6   10
 -0.01477144   0.00000000    -0.00530820   0.00000000    -0.01421622   0.00000000
  0.00984510   0.00000000     0.02039692   0.00000000    -0.00984510   0.00000000
 -0.01421622   0.00000000     0.00530820   0.00000000    -0.01477144   0.00000000
    6   11
  0.01311589   0.00000000     0.01352200   0.00000000     0.00274782   0.00000000
 -0.01106463   0.00000000    -0.02723752   0.00000000     0.01106463   0.00000000
  0.00274782   0.00000000    -0.01352200   0.00000000     0.01311589   0.00000000
    7    1
  0.04745802   0.00000000    -0.00420536  -0.00000000     0.00420536   0.00000000
 -0.00420536  -0.00000000     0.04745802   0.00000000     0.00420536   0.00000000
  0.00420536   0.00000000     0.00420536   0.00000000     0.04745802   0.00000000
    7    2
  0.00796381   0.00000000     0.01616763   0.00000000    -0.01616763   0.00000000
  0.01616763   0.00000000     0.00796381   0.00000000    -0.01616763   0.00000000
 -0.01616763   0.00000000    -0.01616763   0.00000000     0.00796381   0.00000000
    7    3
  0.00107914   0.00000000    -0.00239925   0.00000000     0.00239925   0.00000000
 -0.00239925   0.00000000     0.00107914   0.00000000     0.00239925   0.00000000
  0.00239925   0.00000000     0.00239925   0.00000000     0.00107914   0.00000000
    7    4
  0.01311589   0.00000000    -0.00274782   0.00000000    -0.01352200   0.00000000
 -0.00274782  -0.00000000     0.01311589  -0.00000000    -0.01352200  -0.00000000
  0.01106463   0.00000000     0.01106463  -0.00000000    -0.02723752  -0.00000000
    7    5
 -0.01477144   0.00000000     0.01421622  -0.00000000     0.00530820  -0.00000000
  0.01421622  -0.00000000    -0.01477144   0.00000000     0.00530820  -0.00000000
 -0.00984510   0.00000000    -0.00984510   0.00000000     0.02039692  -0.00000000
    7    6
 -0.01400701   0.00000000    -0.00239938   0.00000000     0.00239938   0.00000000
 -0.00239938   0.00000000    -0.01400701  -0.00000000     0.00239938  -0.00000000
  0.00239938   0.00000000     0.00239938  -0.00000000    -0.01400701  -0.00000000
    7    7
  0.05761197   0.00000000    -0.00461570   0.00000000     0.00461570   0.00000000
 -0.00461570   0.00000000     0.05761197   0.00000000     0.00461570   0.00000000
  0.00461570   0.00000000     0.00461570   0.00000000     0.05761197   0.00000000
    7    8
 -0.02723752   0.00000000    -0.01106463   0.00000000     0.01106463   0.00000000
  0.01352200   0.00000000     0.01311589  -0.00000000     0.00274782   0.00000000
 -0.01352200   0.00000000     0.00274782  -0.00000000     0.01311589  -0.00000000
    7    9
  0.02039692   0.00000000     0.00984510   0.00000000    -0.00984510  -0.00000000
 -0.00530820  -0.00000000    -0.01477144  -0.00000000    -0.01421622  -0.00000000
  0.00530820   0.00000000    -0.01421622  -0.00000000    -0.01477144  -0.00000000
    7   10
  0.01311589   0.00000000     0.01352200  -0.00000000     0.00274782  -0.00000000
 -0.01106463  -0.00000000    -0.02723752  -0.00000000     0.01106463  -0.00000000
  0.00274782   0.00000000    -0.01352200  -0.00000000     0.01311589   0.00000000
    7   11
 -0.01477144  -0.00000000    -0.00530820  -0.00000000    -0.01421622  -0.00000000
  0.00984510   0.00000000     0.02039692   0.00000000    -0.00984510   0.00000000
 -0.01421622  -0.00000000     0.00530820   0.00000000    -0.01477144   0.00000000
    8    1
 -0.03967185  -0.00000000     0.01883587   0.00000000    -0.01883587  -0.00000000
  0.00690761   0.00000000     0.03581062   0.00000000    -0.00092243  -0.00000000
 -0.00690761  -0.00000000    -0.00092243  -0.00000000     0.03581062   0.00000000
    8    2
  0.01531991   0.00000000    -0.00204856   0.00000000     0.00204856   0.00000000
 -0.00388880   0.00000000     0.01804041   0.00000000    -0.00244780   0.00000000
  0.00388880   0.00000000    -0.00244780   0.00000000     0.01804041   0.00000000
    8    3
 -0.02432357   0.00000000     0.02128935   0.00000000    -0.02128935   0.00000000
  0.03176230   0.00000000    -0.02295198   0.00000000     0.01127436   0.00000000
 -0.03176230   0.00000000     0.01127436   0.00000000    -0.02295198   0.00000000
    8    4
  0.00439435   0.00000000     0.00815641   0.00000000     0.01628377   0.00000000
 -0.00694040   0.00000000     0.01860649   0.00000000    -0.00815641   0.00000000
  0.02829625   0.00000000     0.00694040   0.00000000     0.00439435   0.00000000
    8    5
  0.00669921  -0.00000000    -0.00384342   0.00000000    -0.01613413   0.00000000
  0.01942759  -0.00000000    -0.04086394   0.00000000     0.00384342  -0.00000000
 -0.01879345   0.00000000    -0.01942759   0.00000000     0.00669921  -0.00000000
    8    6
  0.02039692   0.00000000    -0.00530820   0.00000000     0.00530820   0.00000000
  0.00984510   0.00000000    -0.01477144   0.00000000    -0.01421622   0.00000000
 -0.00984510   0.00000000    -0.01421622   0.00000000    -0.01477144   0.00000000
    8    7
 -0.02723752  -0.00000000     0.01352200  -0.00000000    -0.01352200  -0.00000000
 -0.01106463  -0.00000000     0.01311589   0.00000000     0.00274782   0.00000000
  0.01106463  -0.00000000     0.00274782  -0.00000000     0.01311589   0.00000000
    8    8
  0.06117861   0.00000000     0.00062942   0.00000000    -0.00062942   0.00000000
  0.00062942   0.00000000     0.07934819   0.00000000    -0.00145977   0.00000000
 -0.00062942   0.00000000    -0.00145977   0.00000000     0.07934819   0.00000000
    8    9
 -0.02130085  -0.00000000     0.00732262   0.00000000    -0.00732262  -0.00000000
  0.00732262   0.00000000    -0.01525450  -0.00000000     0.01453374   0.00000000
 -0.00732262  -0.00000000     0.01453374   0.00000000    -0.01525450  -0.00000000
    8   10
  0.00439435   0.00000000    -0.01628377   0.00000000    -0.00815641   0.00000000
 -0.02829625   0.00000000     0.00439435   0.00000000     0.00694040   0.00000000
  0.00694040   0.00000000    -0.00815641   0.00000000     0.01860649   0.00000000
    8   11
  0.00669921   0.00000000     0.01613413   0.00000000     0.00384342   0.00000000
  0.01879345   0.00000000     0.00669921   0.00000000    -0.01942759   0.00000000
 -0.01942759   0.00000000     0.00384342   0.00000000    -0.04086394   0.00000000
    9    1
  0.03967185   0.00000000    -0.01883587  -0.00000000     0.01883587   0.00000000
 -0.00690761  -0.00000000    -0.03581062  -0.00000000     0.00092243   0.00000000
  0.00690761   0.00000000     0.00092243   0.00000000    -0.03581062  -0.00000000
    9    2
 -0.02432357   0.00000000     0.02128935   0.00000000    -0.02128935   0.00000000
  0.03176230   0.00000000    -0.02295198   0.00000000     0.01127436   0.00000000
 -0.03176230   0.00000000     0.01127436   0.00000000    -0.02295198   0.00000000
    9    3
  0.01531991   0.00000000    -0.00204856   0.00000000     0.00204856   0.00000000
 -0.00388880   0.00000000     0.01804041   0.00000000    -0.00244780   0.00000000
  0.00388880   0.00000000    -0.00244780   0.00000000     0.01804041   0.00000000
    9    4
  0.00669921  -0.00000000    -0.00384342   0.00000000    -0.01613413   0.00000000
  0.01942759  -0.00000000    -0.04086394   0.00000000     0.00384342  -0.00000000
 -0.01879345   0.00000000    -0.01942759   0.00000000     0.00669921  -0.00000000
    9    5
  0.00439435  -0.00000000     0.00815641  -0.00000000     0.01628377  -0.00000000
 -0.00694040   0.00000000     0.01860649  -0.00000000    -0.00815641   0.00000000
  0.02829625  -0.00000000     0.00694040  -0.00000000     0.00439435  -0.00000000
    9    6
 -0.02723752   0.00000000     0.01352200  -0.00000000    -0.01352200   0.00000000
 -0.01106463   0.00000000     0.01311589  -0.00000000     0.00274782  -0.00000000
  0.01106463  -0.00000000     0.00274782  -0.00000000     0.01311589  -0.00000000
    9    7
  0.02039692  -0.00000000    -0.00530820   0.00000000     0.00530820  -0.00000000
  0.00984510  -0.00000000    -0.01477144   0.00000000    -0.01421622   0.00000000
 -0.00984510   0.00000000    -0.01421622   0.00000000    -0.01477144   0.00000000
    9    8
 -0.02130085   0.00000000     0.00732262  -0.00000000    -0.00732262   0.00000000
  0.00732262  -0.00000000    -0.01525450   0.00000000     0.01453374  -0.00000000
 -0.00732262   0.00000000     0.01453374  -0.00000000    -0.01525450   0.00000000
    9    9
  0.06117861   0.00000000     0.00062942   0.00000000    -0.00062942   0.00000000
  0.00062942   0.00000000     0.07934819   0.00000000    -0.00145977   0.00000000
 -0.00062942   0.00000000    -0.00145977   0.00000000     0.07934819   0.00000000
    9   10
  0.00669921  -0.00000000     0.01613413  -0.00000000     0.00384342  -0.00000000
  0.01879345  -0.00000000     0.00669921  -0.00000000    -0.01942759   0.00000000
 -0.01942759   0.00000000     0.00384342  -0.00000000    -0.04086394   0.00000000
    9   11
  0.00439435  -0.00000000    -0.01628377   0.00000000    -0.00815641   0.00000000
 -0.02829625   0.00000000     0.00439435  -0.00000000     0.00694040  -0.00000000
  0.00694040  -0.00000000    -0.00815641   0.00000000     0.01860649  -0.00000000
   10    1
  0.03581062   0.00000000     0.00690761   0.00000000    -0.00092243  -0.00000000
  0.01883587   0.00000000    -0.03967185  -0.00000000    -0.01883587  -0.00000000
 -0.00092243  -0.00000000    -0.00690761  -0.00000000     0.03581062   0.00000000
   10    2
  0.01804041   0.00000000    -0.00388880   0.00000000    -0.00244780   0.00000000
 -0.00204856   0.00000000     0.01531991   0.00000000     0.00204856   0.00000000
 -0.00244780   0.00000000     0.00388880   0.00000000     0.01804041   0.00000000
   10    3
 -0.02295198   0.00000000     0.03176230   0.00000000     0.01127436   0.00000000
  0.02128935   0.00000000    -0.02432357   0.00000000    -0.02128935   0.00000000
  0.01127436   0.00000000    -0.03176230   0.00000000    -0.02295198   0.00000000
   10    4
  0.01860649   0.00000000    -0.00694040   0.00000000    -0.00815641   0.00000000
  0.00815641   0.00000000     0.00439435   0.00000000     0.01628377   0.00000000
  0.00694040   0.00000000     0.02829625   0.00000000     0.00439435   0.00000000
   10    5
 -0.04086394   0.00000000     0.01942759  -0.00000000     0.00384342  -0.00000000
 -0.00384342   0.00000000     0.00669921  -0.00000000    -0.01613413   0.00000000
 -0.01942759   0.00000000    -0.01879345   0.00000000     0.00669921  -0.00000000
   10    6
 -0.01477144   0.00000000     0.00984510   0.00000000    -0.01421622   0.00000000
 -0.00530820   0.00000000     0.02039692   0.00000000     0.00530820   0.00000000
 -0.01421622   0.00000000    -0.00984510   0.00000000    -0.01477144   0.00000000
   10    7
  0.01311589  -0.00000000    -0.01106463   0.00000000     0.00274782  -0.00000000
  0.01352200   0.00000000    -0.02723752   0.00000000    -0.01352200   0.00000000
  0.00274782   0.00000000     0.01106463   0.00000000     0.01311589  -0.00000000
   10    8
  0.00439435   0.00000000    -0.02829625   0.00000000     0.00694040   0.00000000
 -0.01628377   0.00000000     0.00439435   0.00000000    -0.00815641   0.00000000
 -0.00815641   0.00000000     0.00694040   0.00000000     0.01860649   0.00000000
   10    9
  0.00669921   0.00000000     0.01879345   0.00000000    -0.01942759  -0.00000000
  0.01613413   0.00000000     0.00669921   0.00000000     0.00384342   0.00000000
  0.00384342   0.00000000    -0.01942759  -0.00000000    -0.04086394  -0.00000000
   10   10
  0.07934819   0.00000000     0.00062942   0.00000000    -0.00145977   0.00000000
  0.00062942   0.00000000     0.06117861   0.00000000    -0.00062942   0.00000000
 -0.00145977   0.00000000    -0.00062942   0.00000000     0.07934819   0.00000000
   10   11
 -0.01525450   0.00000000     0.00732262   0.00000000     0.01453374   0.00000000
  0.00732262   0.00000000    -0.02130085   0.00000000    -0.00732262   0.00000000
  0.01453374   0.00000000    -0.00732262   0.00000000    -0.01525450   0.00000000
   11    1
 -0.03581062  -0.00000000    -0.00690761  -0.00000000     0.00092243   0.00000000
 -0.01883587  -0.00000000     0.03967185   0.00000000     0.01883587   0.00000000
  0.00092243   0.00000000     0.00690761   0.00000000    -0.03581062  -0.00000000
   11    2
 -0.02295198   0.00000000     0.03176230   0.00000000     0.01127436   0.00000000
  0.02128935   0.00000000    -0.02432357   0.00000000    -0.02128935   0.00000000
  0.01127436   0.00000000    -0.03176230   0.00000000    -0.02295198   0.00000000
   11    3
  0.01804041   0.00000000    -0.00388880   0.00000000    -0.00244780   0.00000000
 -0.00204856   0.00000000     0.01531991   0.00000000     0.00204856   0.00000000
 -0.00244780   0.00000000     0.00388880   0.00000000     0.01804041   0.00000000
   11    4
 -0.04086394   0.00000000     0.01942759   0.00000000     0.00384342   0.00000000
 -0.00384342   0.00000000     0.00669921   0.00000000    -0.01613413   0.00000000
 -0.01942759   0.00000000    -0.01879345   0.00000000     0.00669921   0.00000000
   11    5
  0.01860649  -0.00000000    -0.00694040   0.00000000    -0.00815641   0.00000000
  0.00815641  -0.00000000     0.00439435  -0.00000000     0.01628377  -0.00000000
  0.00694040  -0.00000000     0.02829625  -0.00000000     0.00439435  -0.00000000
   11    6
  0.01311589   0.00000000    -0.01106463   0.00000000     0.00274782   0.00000000
  0.01352200   0.00000000    -0.02723752   0.00000000    -0.01352200   0.00000000
  0.00274782   0.00000000     0.01106463   0.00000000     0.01311589   0.00000000
   11    7
 -0.01477144   0.00000000     0.00984510  -0.00000000    -0.01421622   0.00000000
 -0.00530820   0.00000000     0.02039692  -0.00000000     0.00530820  -0.00000000
 -0.01421622   0.00000000    -0.00984510  -0.00000000    -0.01477144  -0.00000000
   11    8
  0.00669921   0.00000000     0.01879345   0.00000000    -0.01942759   0.00000000
  0.01613413   0.00000000     0.00669921   0.00000000     0.00384342   0.00000000
  0.00384342   0.00000000    -0.01942759   0.00000000    -0.04086394   0.00000000
   11    9
  0.00439435   0.00000000    -0.02829625  -0.00000000     0.00694040   0.00000000
 -0.01628377  -0.00000000     0.00439435   0.00000000    -0.00815641  -0.00000000
 -0.00815641  -0.00000000     0.00694040   0.00000000     0.01860649   0.00000000
   11   10
 -0.01525450   0.00000000     0.00732262   0.00000000     0.01453374   0.00000000
  0.00732262   0.00000000    -0.02130085   0.00000000    -0.00732262   0.00000000
  0.01453374   0.00000000    -0.00732262   0.00000000    -0.01525450   0.00000000
   11   11
  0.07934819   0.00000000     0.00062942   0.00000000    -0.00145977   0.00000000
  0.00062942   0.00000000     0.06117861   0.00000000    -0.00062942   0.00000000
 -0.00145977   0.00000000    -0.00062942   0.00000000     0.07934819   0.00000000

     Dynamical  Matrix in cartesian axes

     q = (   -0.353553391   0.353553391   0.353553391 ) 

    1    1
  0.20960263   0.00000000    -0.06410213   0.00000000    -0.06410213   0.00000000
 -0.06410213   0.00000000     0.20960263   0.00000000     0.06410213   0.00000000
 -0.06410213   0.00000000     0.06410213   0.00000000     0.20960263   0.00000000
    1    2
  0.00838258   0.00000000    -0.03179118  -0.00000000    -0.03179118  -0.00000000
 -0.03179118  -0.00000000     0.00838258   0.00000000     0.03179118   0.00000000
 -0.03179118  -0.00000000     0.03179118   0.00000000     0.00838258   0.00000000
    1    3
 -0.00838258  -0.00000000     0.03179118   0.00000000     0.03179118   0.00000000
  0.03179118   0.00000000    -0.00838258  -0.00000000    -0.03179118  -0.00000000
  0.03179118   0.00000000    -0.03179118  -0.00000000    -0.00838258  -0.00000000
    1    4
 -0.03967185  -0.00000000    -0.00690761  -0.00000000    -0.00690761  -0.00000000
 -0.01883587  -0.00000000     0.03581062   0.00000000     0.00092243   0.00000000
 -0.01883587  -0.00000000     0.00092243   0.00000000     0.03581062   0.00000000
    1    5
  0.03967185   0.00000000     0.00690761   0.00000000     0.00690761   0.00000000
  0.01883587   0.00000000    -0.03581062  -0.00000000    -0.00092243  -0.00000000
  0.01883587   0.00000000    -0.00092243  -0.00000000    -0.03581062  -0.00000000
    1    6
  0.03581062   0.00000000    -0.01883587  -0.00000000    -0.00092243  -0.00000000
 -0.00690761  -0.00000000    -0.03967185  -0.00000000     0.00690761   0.00000000
 -0.00092243  -0.00000000     0.01883587   0.00000000     0.03581062   0.00000000
    1    7
 -0.03581062  -0.00000000     0.01883587   0.00000000     0.00092243   0.00000000
  0.00690761   0.00000000     0.03967185   0.00000000    -0.00690761  -0.00000000
  0.00092243   0.00000000    -0.01883587  -0.00000000    -0.03581062  -0.00000000
    1    8
  0.03581062   0.00000000    -0.00092243  -0.00000000    -0.01883587  -0.00000000
 -0.00092243  -0.00000000     0.03581062   0.00000000     0.01883587   0.00000000
 -0.00690761  -0.00000000     0.00690761   0.00000000    -0.03967185  -0.00000000
    1    9
 -0.03581062  -0.00000000     0.00092243   0.00000000     0.01883587   0.00000000
  0.00092243   0.00000000    -0.03581062  -0.00000000    -0.01883587  -0.00000000
  0.00690761   0.00000000    -0.00690761  -0.00000000     0.03967185   0.00000000
    1   10
 -0.04745802  -0.00000000    -0.00420536  -0.00000000    -0.00420536  -0.00000000
 -0.00420536  -0.00000000    -0.04745802  -0.00000000     0.00420536   0.00000000
 -0.00420536  -0.00000000     0.00420536   0.00000000    -0.04745802  -0.00000000
    1   11
  0.04745802   0.00000000     0.00420536   0.00000000     0.00420536   0.00000000
  0.00420536   0.00000000     0.04745802   0.00000000    -0.00420536  -0.00000000
  0.00420536   0.00000000    -0.00420536  -0.00000000     0.04745802   0.00000000
    2    1
  0.00838258  -0.00000000    -0.03179118   0.00000000    -0.03179118   0.00000000
 -0.03179118   0.00000000     0.00838258  -0.00000000     0.03179118  -0.00000000
 -0.03179118   0.00000000     0.03179118  -0.00000000     0.00838258  -0.00000000
    2    2
  0.08083498   0.00000000     0.00693060   0.00000000     0.00693060   0.00000000
  0.00693060   0.00000000     0.08083498   0.00000000    -0.00693060   0.00000000
  0.00693060   0.00000000    -0.00693060   0.00000000     0.08083498   0.00000000
    2    3
 -0.00817524   0.00000000    -0.00464422   0.00000000    -0.00464422   0.00000000
 -0.00464422   0.00000000    -0.00817524   0.00000000     0.00464422   0.00000000
 -0.00464422   0.00000000     0.00464422   0.00000000    -0.00817524   0.00000000
    2    4
  0.01531991   0.00000000     0.00388880   0.00000000     0.00388880   0.00000000
  0.00204856   0.00000000     0.01804041   0.00000000     0.00244780   0.00000000
  0.00204856   0.00000000     0.00244780   0.00000000     0.01804041   0.00000000
    2    5
 -0.02432357  -0.00000000    -0.03176230  -0.00000000    -0.03176230  -0.00000000
 -0.02128935  -0.00000000    -0.02295198  -0.00000000    -0.01127436  -0.00000000
 -0.02128935  -0.00000000    -0.01127436  -0.00000000    -0.02295198  -0.00000000
    2    6
  0.01804041   0.00000000     0.00204856   0.00000000    -0.00244780   0.00000000
  0.00388880   0.00000000     0.01531991   0.00000000    -0.00388880   0.00000000
 -0.00244780   0.00000000    -0.00204856   0.00000000     0.01804041   0.00000000
    2    7
 -0.02295198   0.00000000    -0.02128935   0.00000000     0.01127436  -0.00000000
 -0.03176230   0.00000000    -0.02432357   0.00000000     0.03176230  -0.00000000
  0.01127436  -0.00000000     0.02128935  -0.00000000    -0.02295198   0.00000000
    2    8
  0.01804041   0.00000000    -0.00244780   0.00000000     0.00204856   0.00000000
 -0.00244780   0.00000000     0.01804041   0.00000000    -0.00204856   0.00000000
  0.00388880   0.00000000    -0.00388880   0.00000000     0.01531991   0.00000000
    2    9
 -0.02295198   0.00000000     0.01127436  -0.00000000    -0.02128935   0.00000000
  0.01127436  -0.00000000    -0.02295198   0.00000000     0.02128935  -0.00000000
 -0.03176230   0.00000000     0.03176230  -0.00000000    -0.02432357   0.00000000
    2   10
  0.00107914   0.00000000     0.00239925   0.00000000     0.00239925   0.00000000
  0.00239925   0.00000000     0.00107914   0.00000000    -0.00239925   0.00000000
  0.00239925   0.00000000    -0.00239925   0.00000000     0.00107914   0.00000000
    2   11
  0.00796381   0.00000000    -0.01616763  -0.00000000    -0.01616763  -0.00000000
 -0.01616763  -0.00000000     0.00796381   0.00000000     0.01616763   0.00000000
 -0.01616763  -0.00000000     0.01616763   0.00000000     0.00796381   0.00000000
    3    1
 -0.00838258   0.00000000     0.03179118  -0.00000000     0.03179118  -0.00000000
  0.03179118  -0.00000000    -0.00838258   0.00000000    -0.03179118   0.00000000
  0.03179118  -0.00000000    -0.03179118   0.00000000    -0.00838258   0.00000000
    3    2
 -0.00817524   0.00000000    -0.00464422   0.00000000    -0.00464422   0.00000000
 -0.00464422   0.00000000    -0.00817524   0.00000000     0.00464422   0.00000000
 -0.00464422   0.00000000     0.00464422   0.00000000    -0.00817524   0.00000000
    3    3
  0.08083498   0.00000000     0.00693060   0.00000000     0.00693060   0.00000000
  0.00693060   0.00000000     0.08083498   0.00000000    -0.00693060   0.00000000
  0.00693060   0.00000000    -0.00693060   0.00000000     0.08083498   0.00000000
    3    4
 -0.02432357   0.00000000    -0.03176230   0.00000000    -0.03176230   0.00000000
 -0.02128935   0.00000000    -0.02295198   0.00000000    -0.01127436   0.00000000
 -0.02128935   0.00000000    -0.01127436   0.00000000    -0.02295198   0.00000000
    3    5
  0.01531991   0.00000000     0.00388880   0.00000000     0.00388880   0.00000000
  0.00204856   0.00000000     0.01804041   0.00000000     0.00244780   0.00000000
  0.00204856   0.00000000     0.00244780   0.00000000     0.01804041   0.00000000
    3    6
 -0.02295198   0.00000000    -0.02128935   0.00000000     0.01127436   0.00000000
 -0.03176230   0.00000000    -0.02432357   0.00000000     0.03176230   0.00000000
  0.01127436   0.00000000     0.02128935   0.00000000    -0.02295198   0.00000000
    3    7
  0.01804041  -0.00000000     0.00204856  -0.00000000    -0.00244780   0.00000000
  0.00388880  -0.00000000     0.01531991  -0.00000000    -0.00388880   0.00000000
 -0.00244780   0.00000000    -0.00204856   0.00000000     0.01804041  -0.00000000
    3    8
 -0.02295198   0.00000000     0.01127436   0.00000000    -0.02128935   0.00000000
  0.01127436   0.00000000    -0.02295198   0.00000000     0.02128935   0.00000000
 -0.03176230   0.00000000     0.03176230   0.00000000    -0.02432357   0.00000000
    3    9
  0.01804041  -0.00000000    -0.00244780   0.00000000     0.00204856  -0.00000000
 -0.00244780   0.00000000     0.01804041  -0.00000000    -0.00204856   0.00000000
  0.00388880  -0.00000000    -0.00388880   0.00000000     0.01531991  -0.00000000
    3   10
  0.00796381   0.00000000    -0.01616763   0.00000000    -0.01616763   0.00000000
 -0.01616763   0.00000000     0.00796381   0.00000000     0.01616763   0.00000000
 -0.01616763   0.00000000     0.01616763   0.00000000     0.00796381   0.00000000
    3   11
  0.00107914   0.00000000     0.00239925   0.00000000     0.00239925   0.00000000
  0.00239925   0.00000000     0.00107914   0.00000000    -0.00239925  -0.00000000
  0.00239925   0.00000000    -0.00239925  -0.00000000     0.00107914   0.00000000
    4    1
 -0.03967185   0.00000000    -0.01883587   0.00000000    -0.01883587   0.00000000
