  5.000000000000000E-002   1.50343188071530        5.40870528051367     
           3

     Dynamical  Matrix in cartesian axes

     q = (   -0.707106781   0.000000000   0.000000000 ) 

    1    1
  0.19046015   0.00000000    -0.00000000   0.00000000    -0.00000000   0.00000000
  0.00000000   0.00000000     0.15334058   0.00000000     0.00000000   0.00000000
 -0.00000000   0.00000000     0.00000000   0.00000000     0.15334058   0.00000000
    1    2
 -0.00000000  -0.00000000     0.00000000  -0.00000000     0.00000000   0.00000000
  0.00000000   0.00000000    -0.00000000  -0.00000000    -0.02053556   0.00000000
  0.00000000   0.00000000    -0.02053556   0.00000000    -0.00000000  -0.00000000
    1    3
 -0.00000000   0.00000000    -0.00000000   0.00000000    -0.00000000   0.00000000
  0.00000000   0.00000000    -0.00000000   0.00000000    -0.02053556   0.00000000
  0.00000000   0.00000000    -0.02053556   0.00000000     0.00000000   0.00000000
    1    4
 -0.01926628  -0.00000000     0.01036625   0.00000000     0.01036625   0.00000000
  0.00221143   0.00000000     0.01129765   0.00000000     0.00638769   0.00000000
  0.00221143   0.00000000     0.00638769   0.00000000     0.01129765   0.00000000
    1    5
 -0.01926628   0.00000000     0.01036625  -0.00000000     0.01036625  -0.00000000
  0.00221143  -0.00000000     0.01129765  -0.00000000     0.00638769  -0.00000000
  0.00221143  -0.00000000     0.00638769  -0.00000000     0.01129765  -0.00000000
    1    6
 -0.01926628  -0.00000000     0.01036625   0.00000000    -0.01036625  -0.00000000
  0.00221143   0.00000000     0.01129765   0.00000000    -0.00638769  -0.00000000
 -0.00221143  -0.00000000    -0.00638769  -0.00000000     0.01129765   0.00000000
    1    7
 -0.01926628   0.00000000     0.01036625  -0.00000000    -0.01036625   0.00000000
  0.00221143  -0.00000000     0.01129765  -0.00000000    -0.00638769   0.00000000
 -0.00221143   0.00000000    -0.00638769   0.00000000     0.01129765  -0.00000000
    1    8
 -0.01926628  -0.00000000    -0.01036625  -0.00000000     0.01036625   0.00000000
 -0.00221143  -0.00000000     0.01129765   0.00000000    -0.00638769  -0.00000000
  0.00221143   0.00000000    -0.00638769  -0.00000000     0.01129765   0.00000000
    1    9
 -0.01926628   0.00000000    -0.01036625   0.00000000     0.01036625  -0.00000000
 -0.00221143   0.00000000     0.01129765  -0.00000000    -0.00638769   0.00000000
  0.00221143  -0.00000000    -0.00638769   0.00000000     0.01129765  -0.00000000
    1   10
 -0.01926628  -0.00000000    -0.01036625  -0.00000000    -0.01036625  -0.00000000
 -0.00221143  -0.00000000     0.01129765   0.00000000     0.00638769   0.00000000
 -0.00221143  -0.00000000     0.00638769   0.00000000     0.01129765   0.00000000
    1   11
 -0.01926628   0.00000000    -0.01036625   0.00000000    -0.01036625   0.00000000
 -0.00221143   0.00000000     0.01129765  -0.00000000     0.00638769  -0.00000000
 -0.00221143   0.00000000     0.00638769  -0.00000000     0.01129765  -0.00000000
    2    1
 -0.00000000   0.00000000     0.00000000  -0.00000000     0.00000000  -0.00000000
  0.00000000  -0.00000000    -0.00000000   0.00000000    -0.02053556  -0.00000000
  0.00000000  -0.00000000    -0.02053556  -0.00000000    -0.00000000   0.00000000
    2    2
  0.08892103   0.00000000     0.00000000   0.00000000     0.00000000   0.00000000
  0.00000000   0.00000000     0.06141717   0.00000000     0.00000000   0.00000000
  0.00000000   0.00000000    -0.00000000   0.00000000     0.06141717   0.00000000
    2    3
 -0.06242133   0.00000000    -0.00000000   0.00000000     0.00000000   0.00000000
  0.00000000   0.00000000    -0.01085260   0.00000000    -0.00000000   0.00000000
  0.00000000   0.00000000    -0.00000000   0.00000000    -0.01085260   0.00000000
    2    4
 -0.02042152  -0.00000000     0.02140448   0.00000000     0.02140448   0.00000000
  0.00164713   0.00000000    -0.00387472  -0.00000000     0.01091500   0.00000000
  0.00164713   0.00000000     0.01091500   0.00000000    -0.00387472  -0.00000000
    2    5
  0.02029838  -0.00000000    -0.02632630   0.00000000    -0.02632630   0.00000000
 -0.01971519   0.00000000    -0.01738842   0.00000000    -0.01724478   0.00000000
 -0.01971519   0.00000000    -0.01724478   0.00000000    -0.01738842   0.00000000
    2    6
  0.02042152   0.00000000    -0.02140448  -0.00000000     0.02140448   0.00000000
 -0.00164713  -0.00000000     0.00387472   0.00000000     0.01091500   0.00000000
  0.00164713   0.00000000     0.01091500   0.00000000     0.00387472   0.00000000
    2    7
 -0.02029838   0.00000000     0.02632630  -0.00000000    -0.02632630   0.00000000
  0.01971519  -0.00000000     0.01738842  -0.00000000    -0.01724478   0.00000000
 -0.01971519   0.00000000    -0.01724478   0.00000000     0.01738842  -0.00000000
    2    8
  0.02042152   0.00000000     0.02140448   0.00000000    -0.02140448  -0.00000000
  0.00164713   0.00000000     0.00387472   0.00000000     0.01091500   0.00000000
 -0.00164713  -0.00000000     0.01091500   0.00000000     0.00387472   0.00000000
    2    9
 -0.02029838   0.00000000    -0.02632630   0.00000000     0.02632630  -0.00000000
 -0.01971519   0.00000000     0.01738842  -0.00000000    -0.01724478   0.00000000
  0.01971519  -0.00000000    -0.01724478   0.00000000     0.01738842  -0.00000000
    2   10
 -0.02042152  -0.00000000    -0.02140448  -0.00000000    -0.02140448  -0.00000000
 -0.00164713  -0.00000000    -0.00387472  -0.00000000     0.01091500   0.00000000
 -0.00164713  -0.00000000     0.01091500   0.00000000    -0.00387472  -0.00000000
    2   11
  0.02029838  -0.00000000     0.02632630  -0.00000000     0.02632630  -0.00000000
  0.01971519  -0.00000000    -0.01738842   0.00000000    -0.01724478   0.00000000
  0.01971519  -0.00000000    -0.01724478   0.00000000    -0.01738842   0.00000000
    3    1
 -0.00000000  -0.00000000     0.00000000  -0.00000000     0.00000000  -0.00000000
 -0.00000000  -0.00000000     0.00000000  -0.00000000    -0.02053556  -0.00000000
  0.00000000   0.00000000    -0.02053556  -0.00000000    -0.00000000  -0.00000000
    3    2
 -0.06242133  -0.00000000     0.00000000   0.00000000     0.00000000   0.00000000
  0.00000000   0.00000000    -0.01085260  -0.00000000     0.00000000  -0.00000000
  0.00000000   0.00000000     0.00000000  -0.00000000    -0.01085260  -0.00000000
    3    3
  0.08892103   0.00000000     0.00000000   0.00000000     0.00000000   0.00000000
  0.00000000   0.00000000     0.06141717   0.00000000     0.00000000   0.00000000
  0.00000000   0.00000000     0.00000000   0.00000000     0.06141717   0.00000000
    3    4
  0.02029838   0.00000000    -0.02632630  -0.00000000    -0.02632630  -0.00000000
 -0.01971519  -0.00000000    -0.01738842  -0.00000000    -0.01724478  -0.00000000
 -0.01971519  -0.00000000    -0.01724478  -0.00000000    -0.01738842  -0.00000000
    3    5
 -0.02042152   0.00000000     0.02140448  -0.00000000     0.02140448  -0.00000000
  0.00164713  -0.00000000    -0.00387472   0.00000000     0.01091500  -0.00000000
  0.00164713  -0.00000000     0.01091500  -0.00000000    -0.00387472   0.00000000
    3    6
 -0.02029838  -0.00000000     0.02632630   0.00000000    -0.02632630  -0.00000000
  0.01971519   0.00000000     0.01738842   0.00000000    -0.01724478  -0.00000000
 -0.01971519  -0.00000000    -0.01724478  -0.00000000     0.01738842   0.00000000
    3    7
  0.02042152  -0.00000000    -0.02140448   0.00000000     0.02140448  -0.00000000
 -0.00164713   0.00000000     0.00387472  -0.00000000     0.01091500  -0.00000000
  0.00164713  -0.00000000     0.01091500  -0.00000000     0.00387472  -0.00000000
    3    8
 -0.02029838  -0.00000000    -0.02632630  -0.00000000     0.02632630   0.00000000
 -0.01971519  -0.00000000     0.01738842   0.00000000    -0.01724478  -0.00000000
  0.01971519   0.00000000    -0.01724478  -0.00000000     0.01738842   0.00000000
    3    9
  0.02042152  -0.00000000     0.02140448  -0.00000000    -0.02140448   0.00000000
  0.00164713  -0.00000000     0.00387472  -0.00000000     0.01091500  -0.00000000
 -0.00164713   0.00000000     0.01091500  -0.00000000     0.00387472  -0.00000000
    3   10
  0.02029838   0.00000000     0.02632630   0.00000000     0.02632630   0.00000000
  0.01971519   0.00000000    -0.01738842  -0.00000000    -0.01724478  -0.00000000
  0.01971519   0.00000000    -0.01724478  -0.00000000    -0.01738842  -0.00000000
    3   11
 -0.02042152   0.00000000    -0.02140448   0.00000000    -0.02140448   0.00000000
 -0.00164713   0.00000000    -0.00387472   0.00000000     0.01091500  -0.00000000
 -0.00164713   0.00000000     0.01091500  -0.00000000    -0.00387472   0.00000000
    4    1
 -0.01926628   0.00000000     0.00221143  -0.00000000     0.00221143  -0.00000000
  0.01036625  -0.00000000     0.01129765  -0.00000000     0.00638769  -0.00000000
  0.01036625  -0.00000000     0.00638769  -0.00000000     0.01129765  -0.00000000
    4    2
 -0.02042152   0.00000000     0.00164713  -0.00000000     0.00164713  -0.00000000
  0.02140448  -0.00000000    -0.00387472   0.00000000     0.01091500  -0.00000000
  0.02140448  -0.00000000     0.01091500  -0.00000000    -0.00387472   0.00000000
    4    3
  0.02029838  -0.00000000    -0.01971519   0.00000000    -0.01971519   0.00000000
 -0.02632630   0.00000000    -0.01738842   0.00000000    -0.01724478   0.00000000
 -0.02632630   0.00000000    -0.01724478   0.00000000    -0.01738842   0.00000000
    4    4
  0.06801160   0.00000000    -0.00563462   0.00000000    -0.00563462   0.00000000
 -0.00563462   0.00000000     0.06647882   0.00000000     0.01639567   0.00000000
 -0.00563462   0.00000000     0.01639567   0.00000000     0.06647882   0.00000000
    4    5
 -0.01420712   0.00000000     0.00732993  -0.00000000     0.00732993  -0.00000000
  0.00732993  -0.00000000    -0.02176799   0.00000000    -0.02130195   0.00000000
  0.00732993  -0.00000000    -0.02130195   0.00000000    -0.02176799   0.00000000
    4    6
 -0.00822755  -0.00000000     0.01502687   0.00000000    -0.01262016  -0.00000000
  0.01502687   0.00000000    -0.00051384  -0.00000000    -0.00033122  -0.00000000
  0.01262016   0.00000000     0.00033122   0.00000000     0.00775162   0.00000000
    4    7
  0.01466718  -0.00000000    -0.01577934   0.00000000     0.01145352  -0.00000000
 -0.01577934   0.00000000    -0.00105330   0.00000000     0.00595333  -0.00000000
 -0.01145352   0.00000000    -0.00595333   0.00000000    -0.03653418   0.00000000
    4    8
 -0.00822755  -0.00000000    -0.01262016  -0.00000000     0.01502687   0.00000000
  0.01262016   0.00000000     0.00775162   0.00000000     0.00033122   0.00000000
  0.01502687   0.00000000    -0.00033122  -0.00000000    -0.00051384  -0.00000000
    4    9
  0.01466718  -0.00000000     0.01145352  -0.00000000    -0.01577934   0.00000000
 -0.01145352   0.00000000    -0.03653418   0.00000000    -0.00595333   0.00000000
 -0.01577934   0.00000000     0.00595333  -0.00000000    -0.00105330   0.00000000
    4   10
  0.01274352   0.00000000     0.01676659   0.00000000     0.01676659   0.00000000
 -0.01676659   0.00000000    -0.00992287   0.00000000     0.00932465   0.00000000
 -0.01676659   0.00000000     0.00932465   0.00000000    -0.00992287   0.00000000
    4   11
 -0.04076513   0.00000000    -0.01513014   0.00000000    -0.01513014   0.00000000
  0.01513014  -0.00000000     0.01160375  -0.00000000     0.00488749  -0.00000000
  0.01513014  -0.00000000     0.00488749  -0.00000000     0.01160375  -0.00000000
    5    1
 -0.01926628  -0.00000000     0.00221143   0.00000000     0.00221143   0.00000000
  0.01036625   0.00000000     0.01129765   0.00000000     0.00638769   0.00000000
  0.01036625   0.00000000     0.00638769   0.00000000     0.01129765   0.00000000
    5    2
  0.02029838   0.00000000    -0.01971519  -0.00000000    -0.01971519  -0.00000000
 -0.02632630  -0.00000000    -0.01738842  -0.00000000    -0.01724478  -0.00000000
 -0.02632630  -0.00000000    -0.01724478  -0.00000000    -0.01738842  -0.00000000
    5    3
 -0.02042152  -0.00000000     0.00164713   0.00000000     0.00164713   0.00000000
  0.02140448   0.00000000    -0.00387472  -0.00000000     0.01091500   0.00000000
  0.02140448   0.00000000     0.01091500   0.00000000    -0.00387472  -0.00000000
    5    4
 -0.01420712  -0.00000000     0.00732993   0.00000000     0.00732993   0.00000000
  0.00732993   0.00000000    -0.02176799  -0.00000000    -0.02130195  -0.00000000
  0.00732993   0.00000000    -0.02130195  -0.00000000    -0.02176799  -0.00000000
    5    5
  0.06801160   0.00000000    -0.00563462   0.00000000    -0.00563462   0.00000000
 -0.00563462   0.00000000     0.06647882   0.00000000     0.01639567   0.00000000
 -0.00563462   0.00000000     0.01639567   0.00000000     0.06647882   0.00000000
    5    6
  0.01466718   0.00000000    -0.01577934  -0.00000000     0.01145352   0.00000000
 -0.01577934  -0.00000000    -0.00105330  -0.00000000     0.00595333   0.00000000
 -0.01145352  -0.00000000    -0.00595333  -0.00000000    -0.03653418  -0.00000000
    5    7
 -0.00822755   0.00000000     0.01502687  -0.00000000    -0.01262016   0.00000000
  0.01502687  -0.00000000    -0.00051384   0.00000000    -0.00033122   0.00000000
  0.01262016  -0.00000000     0.00033122  -0.00000000     0.00775162  -0.00000000
    5    8
  0.01466718   0.00000000     0.01145352   0.00000000    -0.01577934  -0.00000000
 -0.01145352  -0.00000000    -0.03653418  -0.00000000    -0.00595333  -0.00000000
 -0.01577934  -0.00000000     0.00595333   0.00000000    -0.00105330  -0.00000000
    5    9
 -0.00822755   0.00000000    -0.01262016   0.00000000     0.01502687  -0.00000000
  0.01262016  -0.00000000     0.00775162  -0.00000000     0.00033122  -0.00000000
  0.01502687  -0.00000000    -0.00033122   0.00000000    -0.00051384   0.00000000
    5   10
 -0.04076513  -0.00000000    -0.01513014  -0.00000000    -0.01513014  -0.00000000
  0.01513014   0.00000000     0.01160375   0.00000000     0.00488749   0.00000000
  0.01513014   0.00000000     0.00488749   0.00000000     0.01160375   0.00000000
    5   11
  0.01274352   0.00000000     0.01676659   0.00000000     0.01676659   0.00000000
 -0.01676659   0.00000000    -0.00992287   0.00000000     0.00932465   0.00000000
 -0.01676659   0.00000000     0.00932465   0.00000000    -0.00992287   0.00000000
    6    1
 -0.01926628   0.00000000     0.00221143  -0.00000000    -0.00221143   0.00000000
  0.01036625  -0.00000000     0.01129765  -0.00000000    -0.00638769   0.00000000
 -0.01036625   0.00000000    -0.00638769   0.00000000     0.01129765  -0.00000000
    6    2
  0.02042152  -0.00000000    -0.00164713   0.00000000     0.00164713  -0.00000000
 -0.02140448   0.00000000     0.00387472  -0.00000000     0.01091500  -0.00000000
  0.02140448  -0.00000000     0.01091500  -0.00000000     0.00387472  -0.00000000
    6    3
 -0.02029838   0.00000000     0.01971519  -0.00000000    -0.01971519   0.00000000
  0.02632630  -0.00000000     0.01738842  -0.00000000    -0.01724478   0.00000000
 -0.02632630   0.00000000    -0.01724478   0.00000000     0.01738842  -0.00000000
    6    4
 -0.00822755   0.00000000     0.01502687  -0.00000000     0.01262016  -0.00000000
  0.01502687  -0.00000000    -0.00051384   0.00000000     0.00033122  -0.00000000
 -0.01262016   0.00000000    -0.00033122   0.00000000     0.00775162  -0.00000000
    6    5
  0.01466718  -0.00000000    -0.01577934   0.00000000    -0.01145352   0.00000000
 -0.01577934   0.00000000    -0.00105330   0.00000000    -0.00595333   0.00000000
  0.01145352  -0.00000000     0.00595333  -0.00000000    -0.03653418   0.00000000
    6    6
  0.06801160   0.00000000    -0.00563462   0.00000000     0.00563462   0.00000000
 -0.00563462   0.00000000     0.06647882   0.00000000    -0.01639567   0.00000000
  0.00563462   0.00000000    -0.01639567   0.00000000     0.06647882   0.00000000
    6    7
 -0.01420712   0.00000000     0.00732993  -0.00000000    -0.00732993   0.00000000
  0.00732993  -0.00000000    -0.02176799   0.00000000     0.02130195  -0.00000000
 -0.00732993   0.00000000     0.02130195  -0.00000000    -0.02176799   0.00000000
    6    8
  0.01274352  -0.00000000     0.01676659   0.00000000    -0.01676659  -0.00000000
 -0.01676659   0.00000000    -0.00992287  -0.00000000    -0.00932465   0.00000000
  0.01676659  -0.00000000    -0.00932465   0.00000000    -0.00992287  -0.00000000
    6    9
 -0.04076513   0.00000000    -0.01513014   0.00000000     0.01513014  -0.00000000
  0.01513014  -0.00000000     0.01160375  -0.00000000    -0.00488749   0.00000000
 -0.01513014   0.00000000    -0.00488749   0.00000000     0.01160375  -0.00000000
    6   10
 -0.00822755   0.00000000    -0.01262016   0.00000000    -0.01502687   0.00000000
  0.01262016  -0.00000000     0.00775162  -0.00000000    -0.00033122   0.00000000
 -0.01502687   0.00000000     0.00033122  -0.00000000    -0.00051384   0.00000000
    6   11
  0.01466718  -0.00000000     0.01145352  -0.00000000     0.01577934  -0.00000000
 -0.01145352   0.00000000    -0.03653418   0.00000000     0.00595333  -0.00000000
  0.01577934  -0.00000000    -0.00595333   0.00000000    -0.00105330   0.00000000
    7    1
 -0.01926628  -0.00000000     0.00221143   0.00000000    -0.00221143  -0.00000000
  0.01036625   0.00000000     0.01129765   0.00000000    -0.00638769  -0.00000000
 -0.01036625  -0.00000000    -0.00638769  -0.00000000     0.01129765   0.00000000
    7    2
 -0.02029838  -0.00000000     0.01971519   0.00000000    -0.01971519  -0.00000000
  0.02632630   0.00000000     0.01738842   0.00000000    -0.01724478  -0.00000000
 -0.02632630  -0.00000000    -0.01724478  -0.00000000     0.01738842   0.00000000
    7    3
  0.02042152   0.00000000    -0.00164713  -0.00000000     0.00164713   0.00000000
 -0.02140448  -0.00000000     0.00387472   0.00000000     0.01091500   0.00000000
  0.02140448   0.00000000     0.01091500   0.00000000     0.00387472   0.00000000
    7    4
  0.01466718   0.00000000    -0.01577934  -0.00000000    -0.01145352  -0.00000000
 -0.01577934  -0.00000000    -0.00105330  -0.00000000    -0.00595333  -0.00000000
  0.01145352   0.00000000     0.00595333   0.00000000    -0.03653418  -0.00000000
    7    5
 -0.00822755  -0.00000000     0.01502687   0.00000000     0.01262016   0.00000000
  0.01502687   0.00000000    -0.00051384  -0.00000000     0.00033122   0.00000000
 -0.01262016  -0.00000000    -0.00033122  -0.00000000     0.00775162   0.00000000
    7    6
 -0.01420712  -0.00000000     0.00732993   0.00000000    -0.00732993  -0.00000000
  0.00732993   0.00000000    -0.02176799  -0.00000000     0.02130195   0.00000000
 -0.00732993  -0.00000000     0.02130195   0.00000000    -0.02176799  -0.00000000
    7    7
  0.06801160   0.00000000    -0.00563462   0.00000000     0.00563462   0.00000000
 -0.00563462   0.00000000     0.06647882   0.00000000    -0.01639567   0.00000000
  0.00563462   0.00000000    -0.01639567   0.00000000     0.06647882   0.00000000
    7    8
 -0.04076513  -0.00000000    -0.01513014  -0.00000000     0.01513014   0.00000000
  0.01513014   0.00000000     0.01160375   0.00000000    -0.00488749  -0.00000000
 -0.01513014  -0.00000000    -0.00488749  -0.00000000     0.01160375   0.00000000
    7    9
  0.01274352  -0.00000000     0.01676659  -0.00000000    -0.01676659   0.00000000
 -0.01676659  -0.00000000    -0.00992287   0.00000000    -0.00932465  -0.00000000
  0.01676659   0.00000000    -0.00932465  -0.00000000    -0.00992287   0.00000000
    7   10
  0.01466718   0.00000000     0.01145352   0.00000000     0.01577934   0.00000000
 -0.01145352  -0.00000000    -0.03653418  -0.00000000     0.00595333   0.00000000
  0.01577934   0.00000000    -0.00595333  -0.00000000    -0.00105330  -0.00000000
    7   11
 -0.00822755  -0.00000000    -0.01262016  -0.00000000    -0.01502687  -0.00000000
  0.01262016   0.00000000     0.00775162   0.00000000    -0.00033122  -0.00000000
 -0.01502687  -0.00000000     0.00033122   0.00000000    -0.00051384  -0.00000000
    8    1
 -0.01926628   0.00000000    -0.00221143   0.00000000     0.00221143  -0.00000000
 -0.01036625   0.00000000     0.01129765  -0.00000000    -0.00638769   0.00000000
  0.01036625  -0.00000000    -0.00638769   0.00000000     0.01129765  -0.00000000
    8    2
  0.02042152  -0.00000000     0.00164713  -0.00000000    -0.00164713   0.00000000
  0.02140448  -0.00000000     0.00387472  -0.00000000     0.01091500  -0.00000000
 -0.02140448   0.00000000     0.01091500  -0.00000000     0.00387472  -0.00000000
    8    3
 -0.02029838   0.00000000    -0.01971519   0.00000000     0.01971519  -0.00000000
 -0.02632630   0.00000000     0.01738842  -0.00000000    -0.01724478   0.00000000
  0.02632630  -0.00000000    -0.01724478   0.00000000     0.01738842  -0.00000000
    8    4
 -0.00822755   0.00000000     0.01262016  -0.00000000     0.01502687  -0.00000000
 -0.01262016   0.00000000     0.00775162  -0.00000000    -0.00033122   0.00000000
  0.01502687  -0.00000000     0.00033122  -0.00000000    -0.00051384   0.00000000
    8    5
  0.01466718  -0.00000000    -0.01145352   0.00000000    -0.01577934   0.00000000
  0.01145352  -0.00000000    -0.03653418   0.00000000     0.00595333  -0.00000000
 -0.01577934   0.00000000    -0.00595333   0.00000000    -0.00105330   0.00000000
    8    6
  0.01274352   0.00000000    -0.01676659  -0.00000000     0.01676659   0.00000000
  0.01676659  -0.00000000    -0.00992287  -0.00000000    -0.00932465   0.00000000
 -0.01676659   0.00000000    -0.00932465   0.00000000    -0.00992287  -0.00000000
    8    7
 -0.04076513   0.00000000     0.01513014  -0.00000000    -0.01513014   0.00000000
 -0.01513014   0.00000000     0.01160375  -0.00000000    -0.00488749   0.00000000
  0.01513014  -0.00000000    -0.00488749   0.00000000     0.01160375  -0.00000000
    8    8
  0.06801160   0.00000000     0.00563462   0.00000000    -0.00563462   0.00000000
  0.00563462   0.00000000     0.06647882   0.00000000    -0.01639567   0.00000000
 -0.00563462   0.00000000    -0.01639567   0.00000000     0.06647882   0.00000000
    8    9
 -0.01420712   0.00000000    -0.00732993   0.00000000     0.00732993  -0.00000000
 -0.00732993   0.00000000    -0.02176799   0.00000000     0.02130195  -0.00000000
  0.00732993  -0.00000000     0.02130195  -0.00000000    -0.02176799   0.00000000
    8   10
 -0.00822755   0.00000000    -0.01502687   0.00000000    -0.01262016   0.00000000
 -0.01502687   0.00000000    -0.00051384   0.00000000     0.00033122  -0.00000000
  0.01262016  -0.00000000    -0.00033122   0.00000000     0.00775162  -0.00000000
    8   11
  0.01466718  -0.00000000     0.01577934  -0.00000000     0.01145352  -0.00000000
  0.01577934  -0.00000000    -0.00105330   0.00000000    -0.00595333   0.00000000
 -0.01145352   0.00000000     0.00595333  -0.00000000    -0.03653418   0.00000000
    9    1
 -0.01926628  -0.00000000    -0.00221143  -0.00000000     0.00221143   0.00000000
 -0.01036625  -0.00000000     0.01129765   0.00000000    -0.00638769  -0.00000000
  0.01036625   0.00000000    -0.00638769  -0.00000000     0.01129765   0.00000000
    9    2
 -0.02029838  -0.00000000    -0.01971519  -0.00000000     0.01971519   0.00000000
 -0.02632630  -0.00000000     0.01738842   0.00000000    -0.01724478  -0.00000000
  0.02632630   0.00000000    -0.01724478  -0.00000000     0.01738842   0.00000000
    9    3
  0.02042152   0.00000000     0.00164713   0.00000000    -0.00164713  -0.00000000
  0.02140448   0.00000000     0.00387472   0.00000000     0.01091500   0.00000000
 -0.02140448  -0.00000000     0.01091500   0.00000000     0.00387472   0.00000000
    9    4
  0.01466718   0.00000000    -0.01145352  -0.00000000    -0.01577934  -0.00000000
  0.01145352   0.00000000    -0.03653418  -0.00000000     0.00595333   0.00000000
 -0.01577934  -0.00000000    -0.00595333  -0.00000000    -0.00105330  -0.00000000
    9    5
 -0.00822755  -0.00000000     0.01262016   0.00000000     0.01502687   0.00000000
 -0.01262016  -0.00000000     0.00775162   0.00000000    -0.00033122  -0.00000000
  0.01502687   0.00000000     0.00033122   0.00000000    -0.00051384  -0.00000000
    9    6
 -0.04076513  -0.00000000     0.01513014   0.00000000    -0.01513014  -0.00000000
 -0.01513014  -0.00000000     0.01160375   0.00000000    -0.00488749  -0.00000000
  0.01513014   0.00000000    -0.00488749  -0.00000000     0.01160375   0.00000000
    9    7
  0.01274352  -0.00000000    -0.01676659   0.00000000     0.01676659  -0.00000000
  0.01676659   0.00000000    -0.00992287   0.00000000    -0.00932465  -0.00000000
 -0.01676659  -0.00000000    -0.00932465  -0.00000000    -0.00992287   0.00000000
    9    8
 -0.01420712  -0.00000000    -0.00732993  -0.00000000     0.00732993   0.00000000
 -0.00732993  -0.00000000    -0.02176799  -0.00000000     0.02130195   0.00000000
  0.00732993   0.00000000     0.02130195   0.00000000    -0.02176799  -0.00000000
    9    9
  0.06801160   0.00000000     0.00563462   0.00000000    -0.00563462   0.00000000
  0.00563462   0.00000000     0.06647882   0.00000000    -0.01639567   0.00000000
 -0.00563462   0.00000000    -0.01639567   0.00000000     0.06647882   0.00000000
    9   10
  0.01466718   0.00000000     0.01577934   0.00000000     0.01145352   0.00000000
  0.01577934   0.00000000    -0.00105330  -0.00000000    -0.00595333  -0.00000000
 -0.01145352  -0.00000000     0.00595333   0.00000000    -0.03653418  -0.00000000
    9   11
 -0.00822755  -0.00000000    -0.01502687  -0.00000000    -0.01262016  -0.00000000
 -0.01502687  -0.00000000    -0.00051384  -0.00000000     0.00033122   0.00000000
  0.01262016   0.00000000    -0.00033122  -0.00000000     0.00775162   0.00000000
   10    1
 -0.01926628   0.00000000    -0.00221143   0.00000000    -0.00221143   0.00000000
 -0.01036625   0.00000000     0.01129765  -0.00000000     0.00638769  -0.00000000
 -0.01036625   0.00000000     0.00638769  -0.00000000     0.01129765  -0.00000000
   10    2
 -0.02042152   0.00000000    -0.00164713   0.00000000    -0.00164713   0.00000000
 -0.02140448   0.00000000    -0.00387472   0.00000000     0.01091500  -0.00000000
 -0.02140448   0.00000000     0.01091500  -0.00000000    -0.00387472   0.00000000
   10    3
  0.02029838  -0.00000000     0.01971519  -0.00000000     0.01971519  -0.00000000
  0.02632630  -0.00000000    -0.01738842   0.00000000    -0.01724478   0.00000000
  0.02632630  -0.00000000    -0.01724478   0.00000000    -0.01738842   0.00000000
   10    4
  0.01274352   0.00000000    -0.01676659   0.00000000    -0.01676659   0.00000000
  0.01676659   0.00000000    -0.00992287   0.00000000     0.00932465   0.00000000
  0.01676659   0.00000000     0.00932465   0.00000000    -0.00992287   0.00000000
   10    5
 -0.04076513   0.00000000     0.01513014  -0.00000000     0.01513014  -0.00000000
 -0.01513014   0.00000000     0.01160375  -0.00000000     0.00488749  -0.00000000
 -0.01513014   0.00000000     0.00488749  -0.00000000     0.01160375  -0.00000000
   10    6
 -0.00822755  -0.00000000     0.01262016   0.00000000    -0.01502687  -0.00000000
 -0.01262016  -0.00000000     0.00775162   0.00000000     0.00033122   0.00000000
 -0.01502687  -0.00000000    -0.00033122  -0.00000000    -0.00051384  -0.00000000
   10    7
  0.01466718  -0.00000000    -0.01145352   0.00000000     0.01577934  -0.00000000
  0.01145352  -0.00000000    -0.03653418   0.00000000    -0.00595333   0.00000000
  0.01577934  -0.00000000     0.00595333  -0.00000000    -0.00105330   0.00000000
   10    8
 -0.00822755  -0.00000000    -0.01502687  -0.00000000     0.01262016   0.00000000
 -0.01502687  -0.00000000    -0.00051384  -0.00000000    -0.00033122  -0.00000000
 -0.01262016  -0.00000000     0.00033122   0.00000000     0.00775162   0.00000000
   10    9
  0.01466718  -0.00000000     0.01577934  -0.00000000    -0.01145352   0.00000000
  0.01577934  -0.00000000    -0.00105330   0.00000000     0.00595333  -0.00000000
  0.01145352  -0.00000000    -0.00595333   0.00000000    -0.03653418   0.00000000
   10   10
  0.06801160   0.00000000     0.00563462   0.00000000     0.00563462   0.00000000
  0.00563462   0.00000000     0.06647882   0.00000000     0.01639567   0.00000000
  0.00563462   0.00000000     0.01639567   0.00000000     0.06647882   0.00000000
   10   11
 -0.01420712   0.00000000    -0.00732993   0.00000000    -0.00732993   0.00000000
 -0.00732993   0.00000000    -0.02176799   0.00000000    -0.02130195   0.00000000
 -0.00732993   0.00000000    -0.02130195   0.00000000    -0.02176799   0.00000000
   11    1
 -0.01926628  -0.00000000    -0.00221143  -0.00000000    -0.00221143  -0.00000000
 -0.01036625  -0.00000000     0.01129765   0.00000000     0.00638769   0.00000000
 -0.01036625  -0.00000000     0.00638769   0.00000000     0.01129765   0.00000000
   11    2
  0.02029838   0.00000000     0.01971519   0.00000000     0.01971519   0.00000000
  0.02632630   0.00000000    -0.01738842  -0.00000000    -0.01724478  -0.00000000
  0.02632630   0.00000000    -0.01724478  -0.00000000    -0.01738842  -0.00000000
   11    3
 -0.02042152  -0.00000000    -0.00164713  -0.00000000    -0.00164713  -0.00000000
 -0.02140448  -0.00000000    -0.00387472  -0.00000000     0.01091500   0.00000000
 -0.02140448  -0.00000000     0.01091500   0.00000000    -0.00387472  -0.00000000
   11    4
 -0.04076513  -0.00000000     0.01513014   0.00000000     0.01513014   0.00000000
 -0.01513014  -0.00000000     0.01160375   0.00000000     0.00488749   0.00000000
 -0.01513014  -0.00000000     0.00488749   0.00000000     0.01160375   0.00000000
   11    5
  0.01274352   0.00000000    -0.01676659   0.00000000    -0.01676659   0.00000000
  0.01676659   0.00000000    -0.00992287   0.00000000     0.00932465   0.00000000
  0.01676659   0.00000000     0.00932465   0.00000000    -0.00992287   0.00000000
   11    6
  0.01466718   0.00000000    -0.01145352  -0.00000000     0.01577934   0.00000000
  0.01145352   0.00000000    -0.03653418  -0.00000000    -0.00595333  -0.00000000
  0.01577934   0.00000000     0.00595333   0.00000000    -0.00105330  -0.00000000
   11    7
 -0.00822755   0.00000000     0.01262016  -0.00000000    -0.01502687   0.00000000
 -0.01262016   0.00000000     0.00775162  -0.00000000     0.00033122  -0.00000000
 -0.01502687   0.00000000    -0.00033122   0.00000000    -0.00051384   0.00000000
   11    8
  0.01466718   0.00000000     0.01577934   0.00000000    -0.01145352  -0.00000000
  0.01577934   0.00000000    -0.00105330  -0.00000000     0.00595333   0.00000000
  0.01145352   0.00000000    -0.00595333  -0.00000000    -0.03653418  -0.00000000
   11    9
 -0.00822755   0.00000000    -0.01502687   0.00000000     0.01262016  -0.00000000
 -0.01502687   0.00000000    -0.00051384   0.00000000    -0.00033122   0.00000000
 -0.01262016   0.00000000     0.00033122  -0.00000000     0.00775162  -0.00000000
   11   10
 -0.01420712  -0.00000000    -0.00732993  -0.00000000    -0.00732993  -0.00000000
 -0.00732993  -0.00000000    -0.02176799  -0.00000000    -0.02130195  -0.00000000
 -0.00732993  -0.00000000    -0.02130195  -0.00000000    -0.02176799  -0.00000000
   11   11
  0.06801160   0.00000000     0.00563462   0.00000000     0.00563462   0.00000000
  0.00563462   0.00000000     0.06647882   0.00000000     0.01639567   0.00000000
  0.00563462   0.00000000     0.01639567   0.00000000     0.06647882   0.00000000

     Dynamical  Matrix in cartesian axes

     q = (    0.000000000   0.000000000  -0.707106781 ) 

    1    1
  0.15334058   0.00000000     0.00000000   0.00000000    -0.00000000   0.00000000
 -0.00000000   0.00000000     0.15334058   0.00000000     0.00000000   0.00000000
 -0.00000000   0.00000000     0.00000000   0.00000000     0.19046015   0.00000000
    1    2
  0.00000000  -0.00000000    -0.02053556   0.00000000     0.00000000  -0.00000000
 -0.02053556   0.00000000    -0.00000000  -0.00000000     0.00000000  -0.00000000
  0.00000000   0.00000000     0.00000000  -0.00000000     0.00000000  -0.00000000
    1    3
  0.00000000   0.00000000    -0.02053556   0.00000000     0.00000000   0.00000000
 -0.02053556   0.00000000     0.00000000   0.00000000     0.00000000   0.00000000
 -0.00000000   0.00000000     0.00000000   0.00000000    -0.00000000   0.00000000
    1    4
  0.01129765   0.00000000     0.00638769   0.00000000     0.00221143   0.00000000
  0.00638769   0.00000000     0.01129765   0.00000000     0.00221143   0.00000000
  0.01036625   0.00000000     0.01036625   0.00000000    -0.01926628  -0.00000000
    1    5
  0.01129765  -0.00000000     0.00638769  -0.00000000     0.00221143  -0.00000000
  0.00638769  -0.00000000     0.01129765  -0.00000000     0.00221143  -0.00000000
  0.01036625  -0.00000000     0.01036625  -0.00000000    -0.01926628   0.00000000
    1    6
  0.01129765   0.00000000     0.00638769   0.00000000    -0.00221143  -0.00000000
  0.00638769   0.00000000     0.01129765   0.00000000    -0.00221143  -0.00000000
 -0.01036625  -0.00000000    -0.01036625  -0.00000000    -0.01926628  -0.00000000
    1    7
  0.01129765  -0.00000000     0.00638769  -0.00000000    -0.00221143   0.00000000
  0.00638769  -0.00000000     0.01129765  -0.00000000    -0.00221143   0.00000000
 -0.01036625   0.00000000    -0.01036625   0.00000000    -0.01926628   0.00000000
    1    8
  0.01129765   0.00000000    -0.00638769  -0.00000000     0.00221143   0.00000000
 -0.00638769  -0.00000000     0.01129765   0.00000000    -0.00221143  -0.00000000
  0.01036625   0.00000000    -0.01036625  -0.00000000    -0.01926628  -0.00000000
    1    9
  0.01129765  -0.00000000    -0.00638769   0.00000000     0.00221143  -0.00000000
 -0.00638769   0.00000000     0.01129765  -0.00000000    -0.00221143   0.00000000
  0.01036625  -0.00000000    -0.01036625   0.00000000    -0.01926628   0.00000000
    1   10
  0.01129765   0.00000000    -0.00638769  -0.00000000    -0.00221143  -0.00000000
 -0.00638769  -0.00000000     0.01129765   0.00000000     0.00221143   0.00000000
 -0.01036625  -0.00000000     0.01036625   0.00000000    -0.01926628  -0.00000000
    1   11
  0.01129765  -0.00000000    -0.00638769   0.00000000    -0.00221143   0.00000000
 -0.00638769   0.00000000     0.01129765  -0.00000000     0.00221143  -0.00000000
 -0.01036625   0.00000000     0.01036625  -0.00000000    -0.01926628   0.00000000
    2    1
 -0.00000000   0.00000000    -0.02053556  -0.00000000     0.00000000   0.00000000
 -0.02053556  -0.00000000    -0.00000000   0.00000000     0.00000000   0.00000000
 -0.00000000  -0.00000000    -0.00000000   0.00000000     0.00000000   0.00000000
    2    2
  0.06141717   0.00000000     0.00000000   0.00000000     0.00000000   0.00000000
  0.00000000   0.00000000     0.06141717   0.00000000     0.00000000   0.00000000
  0.00000000   0.00000000     0.00000000   0.00000000     0.08892103   0.00000000
    2    3
 -0.01085260   0.00000000     0.00000000   0.00000000     0.00000000  -0.00000000
  0.00000000   0.00000000    -0.01085260   0.00000000    -0.00000000  -0.00000000
 -0.00000000  -0.00000000     0.00000000   0.00000000    -0.06242133   0.00000000
    2    4
 -0.00387472  -0.00000000     0.01091500   0.00000000     0.00164713   0.00000000
  0.01091500   0.00000000    -0.00387472  -0.00000000     0.00164713   0.00000000
  0.02140448   0.00000000     0.02140448   0.00000000    -0.02042152  -0.00000000
    2    5
 -0.01738842   0.00000000    -0.01724478   0.00000000    -0.01971519   0.00000000
 -0.01724478   0.00000000    -0.01738842   0.00000000    -0.01971519   0.00000000
 -0.02632630   0.00000000    -0.02632630   0.00000000     0.02029838  -0.00000000
    2    6
 -0.00387472  -0.00000000     0.01091500   0.00000000    -0.00164713  -0.00000000
  0.01091500   0.00000000    -0.00387472  -0.00000000    -0.00164713  -0.00000000
 -0.02140448  -0.00000000    -0.02140448  -0.00000000    -0.02042152  -0.00000000
    2    7
 -0.01738842   0.00000000    -0.01724478   0.00000000     0.01971519  -0.00000000
 -0.01724478   0.00000000    -0.01738842   0.00000000     0.01971519  -0.00000000
  0.02632630  -0.00000000     0.02632630  -0.00000000     0.02029838  -0.00000000
    2    8
  0.00387472   0.00000000     0.01091500   0.00000000    -0.00164713  -0.00000000
  0.01091500   0.00000000     0.00387472   0.00000000     0.00164713   0.00000000
 -0.02140448  -0.00000000     0.02140448   0.00000000     0.02042152   0.00000000
    2    9
  0.01738842  -0.00000000    -0.01724478   0.00000000     0.01971519  -0.00000000
 -0.01724478   0.00000000     0.01738842  -0.00000000    -0.01971519   0.00000000
  0.02632630  -0.00000000    -0.02632630   0.00000000    -0.02029838   0.00000000
    2   10
  0.00387472   0.00000000     0.01091500   0.00000000     0.00164713   0.00000000
  0.01091500   0.00000000     0.00387472   0.00000000    -0.00164713  -0.00000000
  0.02140448   0.00000000    -0.02140448  -0.00000000     0.02042152   0.00000000
    2   11
  0.01738842  -0.00000000    -0.01724478   0.00000000    -0.01971519   0.00000000
 -0.01724478   0.00000000     0.01738842  -0.00000000     0.01971519  -0.00000000
 -0.02632630   0.00000000     0.02632630  -0.00000000    -0.02029838   0.00000000
    3    1
 -0.00000000  -0.00000000    -0.02053556  -0.00000000     0.00000000   0.00000000
 -0.02053556  -0.00000000     0.00000000  -0.00000000     0.00000000  -0.00000000
  0.00000000   0.00000000     0.00000000   0.00000000    -0.00000000  -0.00000000
    3    2
 -0.01085260  -0.00000000     0.00000000  -0.00000000     0.00000000  -0.00000000
  0.00000000  -0.00000000    -0.01085260  -0.00000000    -0.00000000   0.00000000
  0.00000000  -0.00000000    -0.00000000   0.00000000    -0.06242133  -0.00000000
    3    3
  0.06141717   0.00000000     0.00000000   0.00000000     0.00000000   0.00000000
  0.00000000   0.00000000     0.06141717   0.00000000     0.00000000   0.00000000
  0.00000000   0.00000000     0.00000000   0.00000000     0.08892103   0.00000000
    3    4
 -0.01738842  -0.00000000    -0.01724478  -0.00000000    -0.01971519  -0.00000000
 -0.01724478  -0.00000000    -0.01738842  -0.00000000    -0.01971519  -0.00000000
 -0.02632630  -0.00000000    -0.02632630  -0.00000000     0.02029838   0.00000000
    3    5
 -0.00387472   0.00000000     0.01091500  -0.00000000     0.00164713  -0.00000000
  0.01091500  -0.00000000    -0.00387472   0.00000000     0.00164713  -0.00000000
  0.02140448  -0.00000000     0.02140448  -0.00000000    -0.02042152   0.00000000
    3    6
 -0.01738842  -0.00000000    -0.01724478  -0.00000000     0.01971519   0.00000000
 -0.01724478  -0.00000000    -0.01738842  -0.00000000     0.01971519   0.00000000
  0.02632630   0.00000000     0.02632630   0.00000000     0.02029838   0.00000000
    3    7
 -0.00387472   0.00000000     0.01091500  -0.00000000    -0.00164713   0.00000000
  0.01091500  -0.00000000    -0.00387472   0.00000000    -0.00164713   0.00000000
 -0.02140448   0.00000000    -0.02140448   0.00000000    -0.02042152   0.00000000
    3    8
  0.01738842   0.00000000    -0.01724478  -0.00000000     0.01971519   0.00000000
 -0.01724478  -0.00000000     0.01738842   0.00000000    -0.01971519  -0.00000000
  0.02632630   0.00000000    -0.02632630  -0.00000000    -0.02029838  -0.00000000
    3    9
  0.00387472  -0.00000000     0.01091500  -0.00000000    -0.00164713   0.00000000
  0.01091500  -0.00000000     0.00387472  -0.00000000     0.00164713  -0.00000000
 -0.02140448   0.00000000     0.02140448  -0.00000000     0.02042152  -0.00000000
    3   10
  0.01738842   0.00000000    -0.01724478  -0.00000000    -0.01971519  -0.00000000
 -0.01724478  -0.00000000     0.01738842   0.00000000     0.01971519   0.00000000
 -0.02632630  -0.00000000     0.02632630   0.00000000    -0.02029838  -0.00000000
    3   11
  0.00387472  -0.00000000     0.01091500  -0.00000000     0.00164713  -0.00000000
  0.01091500  -0.00000000     0.00387472  -0.00000000    -0.00164713   0.00000000
  0.02140448  -0.00000000    -0.02140448   0.00000000     0.02042152  -0.00000000
    4    1
  0.01129765  -0.00000000     0.00638769  -0.00000000     0.01036625  -0.00000000
