  4.000000000000000E-002   1.50292904177357        5.49803354683322     
           6

     Dynamical  Matrix in cartesian axes

     q = (    0.235702260   0.000000000   0.000000000 ) 

    1    1
  0.23055752   0.00000000     0.00000000   0.00000000     0.00000000   0.00000000
  0.00000000   0.00000000     0.11917262   0.00000000     0.00000000   0.00000000
  0.00000000   0.00000000    -0.00000000   0.00000000     0.11917262   0.00000000
    1    2
  0.01832743  -0.01058134    -0.00000000  -0.00000000    -0.00000000   0.00000000
 -0.00000000  -0.00000000    -0.03465967   0.02001077    -0.00339372  -0.00587810
 -0.00000000  -0.00000000    -0.00339372  -0.00587810    -0.03465967   0.02001077
    1    3
  0.00000000  -0.02116269     0.00000000  -0.00000000    -0.00000000   0.00000000
  0.00000000  -0.00000000    -0.00000000   0.04002154     0.00678745   0.00000000
  0.00000000  -0.00000000     0.00678745   0.00000000    -0.00000000   0.04002154
    1    4
  0.04443647   0.04181745    -0.01183393  -0.01156932    -0.01183393  -0.01156932
  0.00163334  -0.01941619    -0.00719533  -0.00248907    -0.00790642  -0.01967053
  0.00163334  -0.01941619    -0.00790642  -0.01967053    -0.00719533  -0.00248907
    1    5
 -0.05843321  -0.01757439     0.01593629   0.00446382     0.01593629   0.00446382
  0.01599825  -0.01112261     0.00575327   0.00498680     0.02098839  -0.00298811
  0.01599825  -0.01112261     0.02098839  -0.00298811     0.00575327   0.00498680
    1    6
 -0.05843321  -0.01757439     0.01593629   0.00446382    -0.01593629  -0.00446382
  0.01599825  -0.01112261     0.00575327   0.00498680    -0.02098839   0.00298811
 -0.01599825   0.01112261    -0.02098839   0.00298811     0.00575327   0.00498680
    1    7
  0.04443647   0.04181745    -0.01183393  -0.01156932     0.01183393   0.01156932
  0.00163334  -0.01941619    -0.00719533  -0.00248907     0.00790642   0.01967053
 -0.00163334   0.01941619     0.00790642   0.01967053    -0.00719533  -0.00248907
    1    8
 -0.05843321  -0.01757439    -0.01593629  -0.00446382     0.01593629   0.00446382
 -0.01599825   0.01112261     0.00575327   0.00498680    -0.02098839   0.00298811
  0.01599825  -0.01112261    -0.02098839   0.00298811     0.00575327   0.00498680
    1    9
  0.04443647   0.04181745     0.01183393   0.01156932    -0.01183393  -0.01156932
 -0.00163334   0.01941619    -0.00719533  -0.00248907     0.00790642   0.01967053
  0.00163334  -0.01941619     0.00790642   0.01967053    -0.00719533  -0.00248907
    1   10
  0.04443647   0.04181745     0.01183393   0.01156932     0.01183393   0.01156932
 -0.00163334   0.01941619    -0.00719533  -0.00248907    -0.00790642  -0.01967053
 -0.00163334   0.01941619    -0.00790642  -0.01967053    -0.00719533  -0.00248907
    1   11
 -0.05843321  -0.01757439    -0.01593629  -0.00446382    -0.01593629  -0.00446382
 -0.01599825   0.01112261     0.00575327   0.00498680     0.02098839  -0.00298811
 -0.01599825   0.01112261     0.02098839  -0.00298811     0.00575327   0.00498680
    2    1
  0.01832743   0.01058134    -0.00000000  -0.00000000    -0.00000000  -0.00000000
 -0.00000000  -0.00000000    -0.03465967  -0.02001077    -0.00339372   0.00587810
 -0.00000000   0.00000000    -0.00339372   0.00587810    -0.03465967  -0.02001077
    2    2
  0.09504901   0.00000000     0.00000000   0.00000000    -0.00000000  -0.00000000
  0.00000000  -0.00000000     0.05571258  -0.00000000     0.00000000  -0.00000000
  0.00000000  -0.00000000    -0.00000000  -0.00000000     0.05571258  -0.00000000
    2    3
  0.00039744  -0.00068838     0.00000000   0.00000000    -0.00000000  -0.00000000
  0.00000000  -0.00000000    -0.00168248   0.00291414    -0.00508352  -0.00293497
 -0.00000000   0.00000000    -0.00508352  -0.00293497    -0.00168248   0.00291414
    2    4
  0.00218630  -0.00933801     0.00093213   0.00409786     0.00093213   0.00409786
 -0.00226522   0.00190664     0.00761720   0.00127657     0.00317920   0.00607400
 -0.00226522   0.00190664     0.00317920   0.00607400     0.00761720   0.00127657
    2    5
 -0.01329276   0.00324404    -0.02154015  -0.00485075    -0.02154015  -0.00485075
 -0.01557300   0.00095516    -0.01181916   0.00111220    -0.01736731  -0.00081863
 -0.01557300   0.00095516    -0.01736731  -0.00081863    -0.01181916   0.00111220
    2    6
  0.00918010   0.00277562    -0.00308279  -0.00285618     0.00308279   0.00285618
 -0.00278381   0.00100841     0.00270305  -0.00723498     0.00367064   0.00579027
  0.00278381  -0.00100841     0.00367064   0.00579027     0.00270305  -0.00723498
    2    7
 -0.00945580   0.00988985    -0.00656921   0.02107969     0.00656921  -0.02107969
 -0.00861370   0.01300904    -0.00687278   0.00967960     0.00797470  -0.01544984
  0.00861370  -0.01300904     0.00797470  -0.01544984    -0.00687278   0.00967960
    2    8
  0.00918010   0.00277562     0.00308279   0.00285618    -0.00308279  -0.00285618
  0.00278381  -0.00100841     0.00270305  -0.00723498     0.00367064   0.00579027
 -0.00278381   0.00100841     0.00367064   0.00579027     0.00270305  -0.00723498
    2    9
 -0.00945580   0.00988985     0.00656921  -0.02107969    -0.00656921   0.02107969
  0.00861370  -0.01300904    -0.00687278   0.00967960     0.00797470  -0.01544984
 -0.00861370   0.01300904     0.00797470  -0.01544984    -0.00687278   0.00967960
    2   10
  0.00218630  -0.00933801    -0.00093213  -0.00409786    -0.00093213  -0.00409786
  0.00226522  -0.00190664     0.00761720   0.00127657     0.00317920   0.00607400
  0.00226522  -0.00190664     0.00317920   0.00607400     0.00761720   0.00127657
    2   11
 -0.01329276   0.00324404     0.02154015   0.00485075     0.02154015   0.00485075
  0.01557300  -0.00095516    -0.01181916   0.00111220    -0.01736731  -0.00081863
  0.01557300  -0.00095516    -0.01736731  -0.00081863    -0.01181916   0.00111220
    3    1
  0.00000000   0.02116269     0.00000000   0.00000000     0.00000000  -0.00000000
  0.00000000   0.00000000    -0.00000000  -0.04002154     0.00678745  -0.00000000
  0.00000000  -0.00000000     0.00678745  -0.00000000    -0.00000000  -0.04002154
    3    2
  0.00039744   0.00068838     0.00000000   0.00000000    -0.00000000   0.00000000
  0.00000000   0.00000000    -0.00168248  -0.00291414    -0.00508352   0.00293497
 -0.00000000  -0.00000000    -0.00508352   0.00293497    -0.00168248  -0.00291414
    3    3
  0.09504901  -0.00000000     0.00000000  -0.00000000    -0.00000000   0.00000000
  0.00000000   0.00000000     0.05571258   0.00000000     0.00000000   0.00000000
  0.00000000   0.00000000    -0.00000000   0.00000000     0.05571258   0.00000000
    3    4
 -0.01329276  -0.00324404    -0.02154015   0.00485075    -0.02154015   0.00485075
 -0.01557300  -0.00095516    -0.01181916  -0.00111220    -0.01736731   0.00081863
 -0.01557300  -0.00095516    -0.01736731   0.00081863    -0.01181916  -0.00111220
    3    5
  0.00218630   0.00933801     0.00093213  -0.00409786     0.00093213  -0.00409786
 -0.00226522  -0.00190664     0.00761720  -0.00127657     0.00317920  -0.00607400
 -0.00226522  -0.00190664     0.00317920  -0.00607400     0.00761720  -0.00127657
    3    6
 -0.00945580  -0.00988985    -0.00656921  -0.02107969     0.00656921   0.02107969
 -0.00861370  -0.01300904    -0.00687278  -0.00967960     0.00797470   0.01544984
  0.00861370   0.01300904     0.00797470   0.01544984    -0.00687278  -0.00967960
    3    7
  0.00918010  -0.00277562    -0.00308279   0.00285618     0.00308279  -0.00285618
 -0.00278381  -0.00100841     0.00270305   0.00723498     0.00367064  -0.00579027
  0.00278381   0.00100841     0.00367064  -0.00579027     0.00270305   0.00723498
    3    8
 -0.00945580  -0.00988985     0.00656921   0.02107969    -0.00656921  -0.02107969
  0.00861370   0.01300904    -0.00687278  -0.00967960     0.00797470   0.01544984
 -0.00861370  -0.01300904     0.00797470   0.01544984    -0.00687278  -0.00967960
    3    9
  0.00918010  -0.00277562     0.00308279  -0.00285618    -0.00308279   0.00285618
  0.00278381   0.00100841     0.00270305   0.00723498     0.00367064  -0.00579027
 -0.00278381  -0.00100841     0.00367064  -0.00579027     0.00270305   0.00723498
    3   10
 -0.01329276  -0.00324404     0.02154015  -0.00485075     0.02154015  -0.00485075
  0.01557300   0.00095516    -0.01181916  -0.00111220    -0.01736731   0.00081863
  0.01557300   0.00095516    -0.01736731   0.00081863    -0.01181916  -0.00111220
    3   11
  0.00218630   0.00933801    -0.00093213   0.00409786    -0.00093213   0.00409786
  0.00226522   0.00190664     0.00761720  -0.00127657     0.00317920  -0.00607400
  0.00226522   0.00190664     0.00317920  -0.00607400     0.00761720  -0.00127657
    4    1
  0.04443647  -0.04181745     0.00163334   0.01941619     0.00163334   0.01941619
 -0.01183393   0.01156932    -0.00719533   0.00248907    -0.00790642   0.01967053
 -0.01183393   0.01156932    -0.00790642   0.01967053    -0.00719533   0.00248907
    4    2
  0.00218630   0.00933801    -0.00226522  -0.00190664    -0.00226522  -0.00190664
  0.00093213  -0.00409786     0.00761720  -0.00127657     0.00317920  -0.00607400
  0.00093213  -0.00409786     0.00317920  -0.00607400     0.00761720  -0.00127657
    4    3
 -0.01329276   0.00324404    -0.01557300   0.00095516    -0.01557300   0.00095516
 -0.02154015  -0.00485075    -0.01181916   0.00111220    -0.01736731  -0.00081863
 -0.02154015  -0.00485075    -0.01736731  -0.00081863    -0.01181916   0.00111220
    4    4
  0.09046044  -0.00000000    -0.00830214   0.00052156    -0.00830214   0.00052156
 -0.00830214  -0.00052156     0.07030969  -0.00000000     0.00152923  -0.00000000
 -0.00830214  -0.00052156     0.00152923  -0.00000000     0.07030969  -0.00000000
    4    5
 -0.03284070   0.00413324     0.00358357   0.00132900     0.00358357   0.00132900
  0.00358357   0.00132900    -0.01903497   0.00334835    -0.00821637   0.00717463
  0.00358357   0.00132900    -0.00821637   0.00717463    -0.01903497   0.00334835
    4    6
 -0.02651731   0.01318462     0.01871418  -0.00218422    -0.00929385   0.00013292
  0.01871418  -0.00218422    -0.01860299   0.00069079    -0.00123888  -0.00131770
  0.00929385  -0.00013292     0.00123888   0.00131770     0.01840070  -0.00369686
    4    7
  0.02588934   0.00000000    -0.01311713   0.00019352     0.01764045  -0.00097546
 -0.01311713  -0.00019352     0.01690861   0.00000000     0.00937984   0.00231327
 -0.01764045  -0.00097546    -0.00937984   0.00231327    -0.04895413  -0.00000000
    4    8
 -0.02651731   0.01318462    -0.00929385   0.00013292     0.01871418  -0.00218422
  0.00929385  -0.00013292     0.01840070  -0.00369686     0.00123888   0.00131770
  0.01871418  -0.00218422    -0.00123888  -0.00131770    -0.01860299   0.00069079
    4    9
  0.02588934   0.00000000     0.01764045  -0.00097546    -0.01311713   0.00019352
 -0.01764045  -0.00097546    -0.04895413  -0.00000000    -0.00937984   0.00231327
 -0.01311713  -0.00019352     0.00937984   0.00231327     0.01690861   0.00000000
    4   10
  0.03730388   0.00000000     0.01145097  -0.00231688     0.01145097  -0.00231688
 -0.01145097  -0.00231688    -0.01676216  -0.00000000     0.01394023   0.00000000
 -0.01145097  -0.00231688     0.01394023   0.00000000    -0.01676216  -0.00000000
    4   11
 -0.06867954   0.00009387    -0.01830414   0.00414876    -0.01830414   0.00414876
  0.01830414  -0.00414876     0.01615088   0.00326440    -0.00694425   0.00636993
  0.01830414  -0.00414876    -0.00694425   0.00636993     0.01615088   0.00326440
    5    1
 -0.05843321   0.01757439     0.01599825   0.01112261     0.01599825   0.01112261
  0.01593629  -0.00446382     0.00575327  -0.00498680     0.02098839   0.00298811
  0.01593629  -0.00446382     0.02098839   0.00298811     0.00575327  -0.00498680
    5    2
 -0.01329276  -0.00324404    -0.01557300  -0.00095516    -0.01557300  -0.00095516
 -0.02154015   0.00485075    -0.01181916  -0.00111220    -0.01736731   0.00081863
 -0.02154015   0.00485075    -0.01736731   0.00081863    -0.01181916  -0.00111220
    5    3
  0.00218630  -0.00933801    -0.00226522   0.00190664    -0.00226522   0.00190664
  0.00093213   0.00409786     0.00761720   0.00127657     0.00317920   0.00607400
  0.00093213   0.00409786     0.00317920   0.00607400     0.00761720   0.00127657
    5    4
 -0.03284070  -0.00413324     0.00358357  -0.00132900     0.00358357  -0.00132900
  0.00358357  -0.00132900    -0.01903497  -0.00334835    -0.00821637  -0.00717463
  0.00358357  -0.00132900    -0.00821637  -0.00717463    -0.01903497  -0.00334835
    5    5
  0.09046044   0.00000000    -0.00830214  -0.00052156    -0.00830214  -0.00052156
 -0.00830214   0.00052156     0.07030969   0.00000000     0.00152923   0.00000000
 -0.00830214   0.00052156     0.00152923   0.00000000     0.07030969   0.00000000
    5    6
  0.02588934  -0.00000000    -0.01311713  -0.00019352     0.01764045   0.00097546
 -0.01311713   0.00019352     0.01690861  -0.00000000     0.00937984  -0.00231327
 -0.01764045   0.00097546    -0.00937984  -0.00231327    -0.04895413   0.00000000
    5    7
 -0.02651731  -0.01318462     0.01871418   0.00218422    -0.00929385  -0.00013292
  0.01871418   0.00218422    -0.01860299  -0.00069079    -0.00123888   0.00131770
  0.00929385   0.00013292     0.00123888  -0.00131770     0.01840070   0.00369686
    5    8
  0.02588934  -0.00000000     0.01764045   0.00097546    -0.01311713  -0.00019352
 -0.01764045   0.00097546    -0.04895413   0.00000000    -0.00937984  -0.00231327
 -0.01311713   0.00019352     0.00937984  -0.00231327     0.01690861  -0.00000000
    5    9
 -0.02651731  -0.01318462    -0.00929385  -0.00013292     0.01871418   0.00218422
  0.00929385   0.00013292     0.01840070   0.00369686     0.00123888  -0.00131770
  0.01871418   0.00218422    -0.00123888   0.00131770    -0.01860299  -0.00069079
    5   10
 -0.06867954  -0.00009387    -0.01830414  -0.00414876    -0.01830414  -0.00414876
  0.01830414   0.00414876     0.01615088  -0.00326440    -0.00694425  -0.00636993
  0.01830414   0.00414876    -0.00694425  -0.00636993     0.01615088  -0.00326440
    5   11
  0.03730388  -0.00000000     0.01145097   0.00231688     0.01145097   0.00231688
 -0.01145097   0.00231688    -0.01676216   0.00000000     0.01394023  -0.00000000
 -0.01145097   0.00231688     0.01394023  -0.00000000    -0.01676216   0.00000000
    6    1
 -0.05843321   0.01757439     0.01599825   0.01112261    -0.01599825  -0.01112261
  0.01593629  -0.00446382     0.00575327  -0.00498680    -0.02098839  -0.00298811
 -0.01593629   0.00446382    -0.02098839  -0.00298811     0.00575327  -0.00498680
    6    2
  0.00918010  -0.00277562    -0.00278381  -0.00100841     0.00278381   0.00100841
 -0.00308279   0.00285618     0.00270305   0.00723498     0.00367064  -0.00579027
  0.00308279  -0.00285618     0.00367064  -0.00579027     0.00270305   0.00723498
    6    3
 -0.00945580   0.00988985    -0.00861370   0.01300904     0.00861370  -0.01300904
 -0.00656921   0.02107969    -0.00687278   0.00967960     0.00797470  -0.01544984
  0.00656921  -0.02107969     0.00797470  -0.01544984    -0.00687278   0.00967960
    6    4
 -0.02651731  -0.01318462     0.01871418   0.00218422     0.00929385   0.00013292
  0.01871418   0.00218422    -0.01860299  -0.00069079     0.00123888  -0.00131770
 -0.00929385  -0.00013292    -0.00123888   0.00131770     0.01840070   0.00369686
    6    5
  0.02588934   0.00000000    -0.01311713  -0.00019352    -0.01764045  -0.00097546
 -0.01311713   0.00019352     0.01690861   0.00000000    -0.00937984   0.00231327
  0.01764045  -0.00097546     0.00937984   0.00231327    -0.04895413  -0.00000000
    6    6
  0.09046044  -0.00000000    -0.00830214  -0.00052156     0.00830214   0.00052156
 -0.00830214   0.00052156     0.07030969   0.00000000    -0.00152923  -0.00000000
  0.00830214  -0.00052156    -0.00152923  -0.00000000     0.07030969   0.00000000
    6    7
 -0.03284070  -0.00413324     0.00358357  -0.00132900    -0.00358357   0.00132900
  0.00358357  -0.00132900    -0.01903497  -0.00334835     0.00821637   0.00717463
 -0.00358357   0.00132900     0.00821637   0.00717463    -0.01903497  -0.00334835
    6    8
  0.03730388  -0.00000000     0.01145097   0.00231688    -0.01145097  -0.00231688
 -0.01145097   0.00231688    -0.01676216   0.00000000    -0.01394023   0.00000000
  0.01145097  -0.00231688    -0.01394023   0.00000000    -0.01676216   0.00000000
    6    9
 -0.06867954  -0.00009387    -0.01830414  -0.00414876     0.01830414   0.00414876
  0.01830414   0.00414876     0.01615088  -0.00326440     0.00694425   0.00636993
 -0.01830414  -0.00414876     0.00694425   0.00636993     0.01615088  -0.00326440
    6   10
 -0.02651731  -0.01318462    -0.00929385  -0.00013292    -0.01871418  -0.00218422
  0.00929385   0.00013292     0.01840070   0.00369686    -0.00123888   0.00131770
 -0.01871418  -0.00218422     0.00123888  -0.00131770    -0.01860299  -0.00069079
    6   11
  0.02588934   0.00000000     0.01764045   0.00097546     0.01311713   0.00019352
 -0.01764045   0.00097546    -0.04895413  -0.00000000     0.00937984   0.00231327
  0.01311713  -0.00019352    -0.00937984   0.00231327     0.01690861   0.00000000
    7    1
  0.04443647  -0.04181745     0.00163334   0.01941619    -0.00163334  -0.01941619
 -0.01183393   0.01156932    -0.00719533   0.00248907     0.00790642  -0.01967053
  0.01183393  -0.01156932     0.00790642  -0.01967053    -0.00719533   0.00248907
    7    2
 -0.00945580  -0.00988985    -0.00861370  -0.01300904     0.00861370   0.01300904
 -0.00656921  -0.02107969    -0.00687278  -0.00967960     0.00797470   0.01544984
  0.00656921   0.02107969     0.00797470   0.01544984    -0.00687278  -0.00967960
    7    3
  0.00918010   0.00277562    -0.00278381   0.00100841     0.00278381  -0.00100841
 -0.00308279  -0.00285618     0.00270305  -0.00723498     0.00367064   0.00579027
  0.00308279   0.00285618     0.00367064   0.00579027     0.00270305  -0.00723498
    7    4
  0.02588934  -0.00000000    -0.01311713   0.00019352    -0.01764045   0.00097546
 -0.01311713  -0.00019352     0.01690861  -0.00000000    -0.00937984  -0.00231327
  0.01764045   0.00097546     0.00937984  -0.00231327    -0.04895413   0.00000000
    7    5
 -0.02651731   0.01318462     0.01871418  -0.00218422     0.00929385  -0.00013292
  0.01871418  -0.00218422    -0.01860299   0.00069079     0.00123888   0.00131770
 -0.00929385   0.00013292    -0.00123888  -0.00131770     0.01840070  -0.00369686
    7    6
 -0.03284070   0.00413324     0.00358357   0.00132900    -0.00358357  -0.00132900
  0.00358357   0.00132900    -0.01903497   0.00334835     0.00821637  -0.00717463
 -0.00358357  -0.00132900     0.00821637  -0.00717463    -0.01903497   0.00334835
    7    7
  0.09046044   0.00000000    -0.00830214   0.00052156     0.00830214  -0.00052156
 -0.00830214  -0.00052156     0.07030969  -0.00000000    -0.00152923   0.00000000
  0.00830214   0.00052156    -0.00152923   0.00000000     0.07030969  -0.00000000
    7    8
 -0.06867954   0.00009387    -0.01830414   0.00414876     0.01830414  -0.00414876
  0.01830414  -0.00414876     0.01615088   0.00326440     0.00694425  -0.00636993
 -0.01830414   0.00414876     0.00694425  -0.00636993     0.01615088   0.00326440
    7    9
  0.03730388   0.00000000     0.01145097  -0.00231688    -0.01145097   0.00231688
 -0.01145097  -0.00231688    -0.01676216   0.00000000    -0.01394023  -0.00000000
  0.01145097   0.00231688    -0.01394023  -0.00000000    -0.01676216   0.00000000
    7   10
  0.02588934  -0.00000000     0.01764045  -0.00097546     0.01311713  -0.00019352
 -0.01764045  -0.00097546    -0.04895413   0.00000000     0.00937984  -0.00231327
  0.01311713   0.00019352    -0.00937984  -0.00231327     0.01690861  -0.00000000
    7   11
 -0.02651731   0.01318462    -0.00929385   0.00013292    -0.01871418   0.00218422
  0.00929385  -0.00013292     0.01840070  -0.00369686    -0.00123888  -0.00131770
 -0.01871418   0.00218422     0.00123888   0.00131770    -0.01860299   0.00069079
    8    1
 -0.05843321   0.01757439    -0.01599825  -0.01112261     0.01599825   0.01112261
 -0.01593629   0.00446382     0.00575327  -0.00498680    -0.02098839  -0.00298811
  0.01593629  -0.00446382    -0.02098839  -0.00298811     0.00575327  -0.00498680
    8    2
  0.00918010  -0.00277562     0.00278381   0.00100841    -0.00278381  -0.00100841
  0.00308279  -0.00285618     0.00270305   0.00723498     0.00367064  -0.00579027
 -0.00308279   0.00285618     0.00367064  -0.00579027     0.00270305   0.00723498
    8    3
 -0.00945580   0.00988985     0.00861370  -0.01300904    -0.00861370   0.01300904
  0.00656921  -0.02107969    -0.00687278   0.00967960     0.00797470  -0.01544984
 -0.00656921   0.02107969     0.00797470  -0.01544984    -0.00687278   0.00967960
    8    4
 -0.02651731  -0.01318462     0.00929385   0.00013292     0.01871418   0.00218422
 -0.00929385  -0.00013292     0.01840070   0.00369686    -0.00123888   0.00131770
  0.01871418   0.00218422     0.00123888  -0.00131770    -0.01860299  -0.00069079
    8    5
  0.02588934   0.00000000    -0.01764045  -0.00097546    -0.01311713  -0.00019352
  0.01764045  -0.00097546    -0.04895413  -0.00000000     0.00937984   0.00231327
 -0.01311713   0.00019352    -0.00937984   0.00231327     0.01690861   0.00000000
    8    6
  0.03730388  -0.00000000    -0.01145097  -0.00231688     0.01145097   0.00231688
  0.01145097  -0.00231688    -0.01676216   0.00000000    -0.01394023   0.00000000
 -0.01145097   0.00231688    -0.01394023   0.00000000    -0.01676216   0.00000000
    8    7
 -0.06867954  -0.00009387     0.01830414   0.00414876    -0.01830414  -0.00414876
 -0.01830414  -0.00414876     0.01615088  -0.00326440     0.00694425   0.00636993
  0.01830414   0.00414876     0.00694425   0.00636993     0.01615088  -0.00326440
    8    8
  0.09046044  -0.00000000     0.00830214   0.00052156    -0.00830214  -0.00052156
  0.00830214  -0.00052156     0.07030969   0.00000000    -0.00152923  -0.00000000
 -0.00830214   0.00052156    -0.00152923  -0.00000000     0.07030969   0.00000000
    8    9
 -0.03284070  -0.00413324    -0.00358357   0.00132900     0.00358357  -0.00132900
 -0.00358357   0.00132900    -0.01903497  -0.00334835     0.00821637   0.00717463
  0.00358357  -0.00132900     0.00821637   0.00717463    -0.01903497  -0.00334835
    8   10
 -0.02651731  -0.01318462    -0.01871418  -0.00218422    -0.00929385  -0.00013292
 -0.01871418  -0.00218422    -0.01860299  -0.00069079     0.00123888  -0.00131770
  0.00929385   0.00013292    -0.00123888   0.00131770     0.01840070   0.00369686
    8   11
  0.02588934   0.00000000     0.01311713   0.00019352     0.01764045   0.00097546
  0.01311713  -0.00019352     0.01690861   0.00000000    -0.00937984   0.00231327
 -0.01764045   0.00097546     0.00937984   0.00231327    -0.04895413  -0.00000000
    9    1
  0.04443647  -0.04181745    -0.00163334  -0.01941619     0.00163334   0.01941619
  0.01183393  -0.01156932    -0.00719533   0.00248907     0.00790642  -0.01967053
 -0.01183393   0.01156932     0.00790642  -0.01967053    -0.00719533   0.00248907
    9    2
 -0.00945580  -0.00988985     0.00861370   0.01300904    -0.00861370  -0.01300904
  0.00656921   0.02107969    -0.00687278  -0.00967960     0.00797470   0.01544984
 -0.00656921  -0.02107969     0.00797470   0.01544984    -0.00687278  -0.00967960
    9    3
  0.00918010   0.00277562     0.00278381  -0.00100841    -0.00278381   0.00100841
  0.00308279   0.00285618     0.00270305  -0.00723498     0.00367064   0.00579027
 -0.00308279  -0.00285618     0.00367064   0.00579027     0.00270305  -0.00723498
    9    4
  0.02588934  -0.00000000    -0.01764045   0.00097546    -0.01311713   0.00019352
  0.01764045   0.00097546    -0.04895413   0.00000000     0.00937984  -0.00231327
 -0.01311713  -0.00019352    -0.00937984  -0.00231327     0.01690861  -0.00000000
    9    5
 -0.02651731   0.01318462     0.00929385  -0.00013292     0.01871418  -0.00218422
 -0.00929385   0.00013292     0.01840070  -0.00369686    -0.00123888  -0.00131770
  0.01871418  -0.00218422     0.00123888   0.00131770    -0.01860299   0.00069079
    9    6
 -0.06867954   0.00009387     0.01830414  -0.00414876    -0.01830414   0.00414876
 -0.01830414   0.00414876     0.01615088   0.00326440     0.00694425  -0.00636993
  0.01830414  -0.00414876     0.00694425  -0.00636993     0.01615088   0.00326440
    9    7
  0.03730388   0.00000000    -0.01145097   0.00231688     0.01145097  -0.00231688
  0.01145097   0.00231688    -0.01676216  -0.00000000    -0.01394023  -0.00000000
 -0.01145097  -0.00231688    -0.01394023  -0.00000000    -0.01676216  -0.00000000
    9    8
 -0.03284070   0.00413324    -0.00358357  -0.00132900     0.00358357   0.00132900
 -0.00358357  -0.00132900    -0.01903497   0.00334835     0.00821637  -0.00717463
  0.00358357   0.00132900     0.00821637  -0.00717463    -0.01903497   0.00334835
    9    9
  0.09046044   0.00000000     0.00830214  -0.00052156    -0.00830214   0.00052156
  0.00830214   0.00052156     0.07030969  -0.00000000    -0.00152923   0.00000000
 -0.00830214  -0.00052156    -0.00152923   0.00000000     0.07030969  -0.00000000
    9   10
  0.02588934  -0.00000000     0.01311713  -0.00019352     0.01764045  -0.00097546
  0.01311713   0.00019352     0.01690861  -0.00000000    -0.00937984  -0.00231327
 -0.01764045  -0.00097546     0.00937984  -0.00231327    -0.04895413   0.00000000
    9   11
 -0.02651731   0.01318462    -0.01871418   0.00218422    -0.00929385   0.00013292
 -0.01871418   0.00218422    -0.01860299   0.00069079     0.00123888   0.00131770
  0.00929385  -0.00013292    -0.00123888  -0.00131770     0.01840070  -0.00369686
   10    1
  0.04443647  -0.04181745    -0.00163334  -0.01941619    -0.00163334  -0.01941619
  0.01183393  -0.01156932    -0.00719533   0.00248907    -0.00790642   0.01967053
  0.01183393  -0.01156932    -0.00790642   0.01967053    -0.00719533   0.00248907
   10    2
  0.00218630   0.00933801     0.00226522   0.00190664     0.00226522   0.00190664
 -0.00093213   0.00409786     0.00761720  -0.00127657     0.00317920  -0.00607400
 -0.00093213   0.00409786     0.00317920  -0.00607400     0.00761720  -0.00127657
   10    3
 -0.01329276   0.00324404     0.01557300  -0.00095516     0.01557300  -0.00095516
  0.02154015   0.00485075    -0.01181916   0.00111220    -0.01736731  -0.00081863
  0.02154015   0.00485075    -0.01736731  -0.00081863    -0.01181916   0.00111220
   10    4
  0.03730388   0.00000000    -0.01145097   0.00231688    -0.01145097   0.00231688
  0.01145097   0.00231688    -0.01676216   0.00000000     0.01394023   0.00000000
  0.01145097   0.00231688     0.01394023   0.00000000    -0.01676216   0.00000000
   10    5
 -0.06867954   0.00009387     0.01830414  -0.00414876     0.01830414  -0.00414876
 -0.01830414   0.00414876     0.01615088   0.00326440    -0.00694425   0.00636993
 -0.01830414   0.00414876    -0.00694425   0.00636993     0.01615088   0.00326440
   10    6
 -0.02651731   0.01318462     0.00929385  -0.00013292    -0.01871418   0.00218422
 -0.00929385   0.00013292     0.01840070  -0.00369686     0.00123888   0.00131770
 -0.01871418   0.00218422    -0.00123888  -0.00131770    -0.01860299   0.00069079
   10    7
  0.02588934   0.00000000    -0.01764045   0.00097546     0.01311713  -0.00019352
  0.01764045   0.00097546    -0.04895413  -0.00000000    -0.00937984   0.00231327
  0.01311713   0.00019352     0.00937984   0.00231327     0.01690861   0.00000000
   10    8
 -0.02651731   0.01318462    -0.01871418   0.00218422     0.00929385  -0.00013292
 -0.01871418   0.00218422    -0.01860299   0.00069079    -0.00123888  -0.00131770
 -0.00929385   0.00013292     0.00123888   0.00131770     0.01840070  -0.00369686
   10    9
  0.02588934   0.00000000     0.01311713  -0.00019352    -0.01764045   0.00097546
  0.01311713   0.00019352     0.01690861   0.00000000     0.00937984   0.00231327
  0.01764045   0.00097546    -0.00937984   0.00231327    -0.04895413  -0.00000000
   10   10
  0.09046044   0.00000000     0.00830214  -0.00052156     0.00830214  -0.00052156
  0.00830214   0.00052156     0.07030969  -0.00000000     0.00152923  -0.00000000
  0.00830214   0.00052156     0.00152923  -0.00000000     0.07030969  -0.00000000
   10   11
 -0.03284070   0.00413324    -0.00358357  -0.00132900    -0.00358357  -0.00132900
 -0.00358357  -0.00132900    -0.01903497   0.00334835    -0.00821637   0.00717463
 -0.00358357  -0.00132900    -0.00821637   0.00717463    -0.01903497   0.00334835
   11    1
 -0.05843321   0.01757439    -0.01599825  -0.01112261    -0.01599825  -0.01112261
 -0.01593629   0.00446382     0.00575327  -0.00498680     0.02098839   0.00298811
 -0.01593629   0.00446382     0.02098839   0.00298811     0.00575327  -0.00498680
   11    2
 -0.01329276  -0.00324404     0.01557300   0.00095516     0.01557300   0.00095516
  0.02154015  -0.00485075    -0.01181916  -0.00111220    -0.01736731   0.00081863
  0.02154015  -0.00485075    -0.01736731   0.00081863    -0.01181916  -0.00111220
   11    3
  0.00218630  -0.00933801     0.00226522  -0.00190664     0.00226522  -0.00190664
 -0.00093213  -0.00409786     0.00761720   0.00127657     0.00317920   0.00607400
 -0.00093213  -0.00409786     0.00317920   0.00607400     0.00761720   0.00127657
   11    4
 -0.06867954  -0.00009387     0.01830414   0.00414876     0.01830414   0.00414876
 -0.01830414  -0.00414876     0.01615088  -0.00326440    -0.00694425  -0.00636993
 -0.01830414  -0.00414876    -0.00694425  -0.00636993     0.01615088  -0.00326440
   11    5
  0.03730388  -0.00000000    -0.01145097  -0.00231688    -0.01145097  -0.00231688
  0.01145097  -0.00231688    -0.01676216  -0.00000000     0.01394023  -0.00000000
  0.01145097  -0.00231688     0.01394023  -0.00000000    -0.01676216   0.00000000
   11    6
  0.02588934  -0.00000000    -0.01764045  -0.00097546     0.01311713   0.00019352
  0.01764045  -0.00097546    -0.04895413   0.00000000    -0.00937984  -0.00231327
  0.01311713  -0.00019352     0.00937984  -0.00231327     0.01690861  -0.00000000
   11    7
 -0.02651731  -0.01318462     0.00929385   0.00013292    -0.01871418  -0.00218422
 -0.00929385  -0.00013292     0.01840070   0.00369686     0.00123888  -0.00131770
 -0.01871418  -0.00218422    -0.00123888   0.00131770    -0.01860299  -0.00069079
   11    8
  0.02588934  -0.00000000     0.01311713   0.00019352    -0.01764045  -0.00097546
  0.01311713  -0.00019352     0.01690861  -0.00000000     0.00937984  -0.00231327
  0.01764045  -0.00097546    -0.00937984  -0.00231327    -0.04895413   0.00000000
   11    9
 -0.02651731  -0.01318462    -0.01871418  -0.00218422     0.00929385   0.00013292
 -0.01871418  -0.00218422    -0.01860299  -0.00069079    -0.00123888   0.00131770
 -0.00929385  -0.00013292     0.00123888  -0.00131770     0.01840070   0.00369686
   11   10
 -0.03284070  -0.00413324    -0.00358357   0.00132900    -0.00358357   0.00132900
 -0.00358357   0.00132900    -0.01903497  -0.00334835    -0.00821637  -0.00717463
 -0.00358357   0.00132900    -0.00821637  -0.00717463    -0.01903497  -0.00334835
   11   11
  0.09046044  -0.00000000     0.00830214   0.00052156     0.00830214   0.00052156
  0.00830214  -0.00052156     0.07030969   0.00000000     0.00152923   0.00000000
  0.00830214  -0.00052156     0.00152923   0.00000000     0.07030969   0.00000000

     Dynamical  Matrix in cartesian axes

     q = (   -0.235702260   0.000000000   0.000000000 ) 

    1    1
  0.23055752   0.00000000     0.00000000   0.00000000    -0.00000000   0.00000000
  0.00000000   0.00000000     0.11917262   0.00000000    -0.00000000   0.00000000
  0.00000000   0.00000000    -0.00000000   0.00000000     0.11917262   0.00000000
    1    2
  0.01832743   0.01058134    -0.00000000   0.00000000    -0.00000000  -0.00000000
 -0.00000000   0.00000000    -0.03465967  -0.02001077    -0.00339372   0.00587810
 -0.00000000  -0.00000000    -0.00339372   0.00587810    -0.03465967  -0.02001077
    1    3
  0.00000000   0.02116269    -0.00000000  -0.00000000    -0.00000000   0.00000000
 -0.00000000  -0.00000000    -0.00000000  -0.04002154     0.00678745  -0.00000000
 -0.00000000  -0.00000000     0.00678745  -0.00000000    -0.00000000  -0.04002154
    1    4
  0.04443647  -0.04181745    -0.01183393   0.01156932    -0.01183393   0.01156932
  0.00163334   0.01941619    -0.00719533   0.00248907    -0.00790642   0.01967053
  0.00163334   0.01941619    -0.00790642   0.01967053    -0.00719533   0.00248907
    1    5
 -0.05843321   0.01757439     0.01593629  -0.00446382     0.01593629  -0.00446382
  0.01599825   0.01112261     0.00575327  -0.00498680     0.02098839   0.00298811
  0.01599825   0.01112261     0.02098839   0.00298811     0.00575327  -0.00498680
    1    6
 -0.05843321   0.01757439     0.01593629  -0.00446382    -0.01593629   0.00446382
  0.01599825   0.01112261     0.00575327  -0.00498680    -0.02098839  -0.00298811
 -0.01599825  -0.01112261    -0.02098839  -0.00298811     0.00575327  -0.00498680
    1    7
  0.04443647  -0.04181745    -0.01183393   0.01156932     0.01183393  -0.01156932
  0.00163334   0.01941619    -0.00719533   0.00248907     0.00790642  -0.01967053
 -0.00163334  -0.01941619     0.00790642  -0.01967053    -0.00719533   0.00248907
    1    8
 -0.05843321   0.01757439    -0.01593629   0.00446382     0.01593629  -0.00446382
 -0.01599825  -0.01112261     0.00575327  -0.00498680    -0.02098839  -0.00298811
  0.01599825   0.01112261    -0.02098839  -0.00298811     0.00575327  -0.00498680
    1    9
  0.04443647  -0.04181745     0.01183393  -0.01156932    -0.01183393   0.01156932
 -0.00163334  -0.01941619    -0.00719533   0.00248907     0.00790642  -0.01967053
  0.00163334   0.01941619     0.00790642  -0.01967053    -0.00719533   0.00248907
    1   10
  0.04443647  -0.04181745     0.01183393  -0.01156932     0.01183393  -0.01156932
 -0.00163334  -0.01941619    -0.00719533   0.00248907    -0.00790642   0.01967053
 -0.00163334  -0.01941619    -0.00790642   0.01967053    -0.00719533   0.00248907
    1   11
 -0.05843321   0.01757439    -0.01593629   0.00446382    -0.01593629   0.00446382
 -0.01599825  -0.01112261     0.00575327  -0.00498680     0.02098839   0.00298811
 -0.01599825  -0.01112261     0.02098839   0.00298811     0.00575327  -0.00498680
    2    1
  0.01832743  -0.01058134    -0.00000000  -0.00000000    -0.00000000   0.00000000
 -0.00000000   0.00000000    -0.03465967   0.02001077    -0.00339372  -0.00587810
 -0.00000000   0.00000000    -0.00339372  -0.00587810    -0.03465967   0.02001077
    2    2
  0.09504901  -0.00000000     0.00000000   0.00000000    -0.00000000  -0.00000000
  0.00000000  -0.00000000     0.05571258  -0.00000000     0.00000000   0.00000000
 -0.00000000  -0.00000000     0.00000000   0.00000000     0.05571258   0.00000000
    2    3
  0.00039744   0.00068838    -0.00000000   0.00000000     0.00000000   0.00000000
 -0.00000000   0.00000000    -0.00168248  -0.00291414    -0.00508352   0.00293497
 -0.00000000  -0.00000000    -0.00508352   0.00293497    -0.00168248  -0.00291414
    2    4
  0.00218630   0.00933801     0.00093213  -0.00409786     0.00093213  -0.00409786
 -0.00226522  -0.00190664     0.00761720  -0.00127657     0.00317920  -0.00607400
 -0.00226522  -0.00190664     0.00317920  -0.00607400     0.00761720  -0.00127657
    2    5
 -0.01329276  -0.00324404    -0.02154015   0.00485075    -0.02154015   0.00485075
 -0.01557300  -0.00095516    -0.01181916  -0.00111220    -0.01736731   0.00081863
 -0.01557300  -0.00095516    -0.01736731   0.00081863    -0.01181916  -0.00111220
    2    6
  0.00918010  -0.00277562    -0.00308279   0.00285618     0.00308279  -0.00285618
 -0.00278381  -0.00100841     0.00270305   0.00723498     0.00367064  -0.00579027
  0.00278381   0.00100841     0.00367064  -0.00579027     0.00270305   0.00723498
    2    7
 -0.00945580  -0.00988985    -0.00656921  -0.02107969     0.00656921   0.02107969
 -0.00861370  -0.01300904    -0.00687278  -0.00967960     0.00797470   0.01544984
  0.00861370   0.01300904     0.00797470   0.01544984    -0.00687278  -0.00967960
    2    8
  0.00918010  -0.00277562     0.00308279  -0.00285618    -0.00308279   0.00285618
  0.00278381   0.00100841     0.00270305   0.00723498     0.00367064  -0.00579027
 -0.00278381  -0.00100841     0.00367064  -0.00579027     0.00270305   0.00723498
    2    9
 -0.00945580  -0.00988985     0.00656921   0.02107969    -0.00656921  -0.02107969
  0.00861370   0.01300904    -0.00687278  -0.00967960     0.00797470   0.01544984
 -0.00861370  -0.01300904     0.00797470   0.01544984    -0.00687278  -0.00967960
    2   10
  0.00218630   0.00933801    -0.00093213   0.00409786    -0.00093213   0.00409786
  0.00226522   0.00190664     0.00761720  -0.00127657     0.00317920  -0.00607400
  0.00226522   0.00190664     0.00317920  -0.00607400     0.00761720  -0.00127657
    2   11
 -0.01329276  -0.00324404     0.02154015  -0.00485075     0.02154015  -0.00485075
  0.01557300   0.00095516    -0.01181916  -0.00111220    -0.01736731   0.00081863
  0.01557300   0.00095516    -0.01736731   0.00081863    -0.01181916  -0.00111220
    3    1
  0.00000000  -0.02116269    -0.00000000   0.00000000    -0.00000000   0.00000000
 -0.00000000   0.00000000    -0.00000000   0.04002154     0.00678745   0.00000000
  0.00000000   0.00000000     0.00678745  -0.00000000    -0.00000000   0.04002154
    3    2
  0.00039744  -0.00068838    -0.00000000   0.00000000     0.00000000  -0.00000000
 -0.00000000  -0.00000000    -0.00168248   0.00291414    -0.00508352  -0.00293497
 -0.00000000   0.00000000    -0.00508352  -0.00293497    -0.00168248   0.00291414
    3    3
  0.09504901   0.00000000     0.00000000  -0.00000000    -0.00000000   0.00000000
  0.00000000   0.00000000     0.05571258   0.00000000     0.00000000  -0.00000000
 -0.00000000   0.00000000     0.00000000  -0.00000000     0.05571258  -0.00000000
    3    4
 -0.01329276   0.00324404    -0.02154015  -0.00485075    -0.02154015  -0.00485075
 -0.01557300   0.00095516    -0.01181916   0.00111220    -0.01736731  -0.00081863
 -0.01557300   0.00095516    -0.01736731  -0.00081863    -0.01181916   0.00111220
    3    5
  0.00218630  -0.00933801     0.00093213   0.00409786     0.00093213   0.00409786
 -0.00226522   0.00190664     0.00761720   0.00127657     0.00317920   0.00607400
 -0.00226522   0.00190664     0.00317920   0.00607400     0.00761720   0.00127657
    3    6
 -0.00945580   0.00988985    -0.00656921   0.02107969     0.00656921  -0.02107969
 -0.00861370   0.01300904    -0.00687278   0.00967960     0.00797470  -0.01544984
  0.00861370  -0.01300904     0.00797470  -0.01544984    -0.00687278   0.00967960
    3    7
  0.00918010   0.00277562    -0.00308279  -0.00285618     0.00308279   0.00285618
 -0.00278381   0.00100841     0.00270305  -0.00723498     0.00367064   0.00579027
  0.00278381  -0.00100841     0.00367064   0.00579027     0.00270305  -0.00723498
    3    8
 -0.00945580   0.00988985     0.00656921  -0.02107969    -0.00656921   0.02107969
  0.00861370  -0.01300904    -0.00687278   0.00967960     0.00797470  -0.01544984
 -0.00861370   0.01300904     0.00797470  -0.01544984    -0.00687278   0.00967960
    3    9
  0.00918010   0.00277562     0.00308279   0.00285618    -0.00308279  -0.00285618
  0.00278381  -0.00100841     0.00270305  -0.00723498     0.00367064   0.00579027
 -0.00278381   0.00100841     0.00367064   0.00579027     0.00270305  -0.00723498
    3   10
 -0.01329276   0.00324404     0.02154015   0.00485075     0.02154015   0.00485075
  0.01557300  -0.00095516    -0.01181916   0.00111220    -0.01736731  -0.00081863
  0.01557300  -0.00095516    -0.01736731  -0.00081863    -0.01181916   0.00111220
    3   11
  0.00218630  -0.00933801    -0.00093213  -0.00409786    -0.00093213  -0.00409786
  0.00226522  -0.00190664     0.00761720   0.00127657     0.00317920   0.00607400
  0.00226522  -0.00190664     0.00317920   0.00607400     0.00761720   0.00127657
    4    1
  0.04443647   0.04181745     0.00163334  -0.01941619     0.00163334  -0.01941619
