  3.000000000000000E-002   1.50258710658322        5.61113919275752     
           8

     Dynamical  Matrix in cartesian axes

     q = (    0.117851130   0.117851130  -0.117851130 ) 

    1    1
  0.14446334   0.00000000     0.02031612   0.00000000    -0.02031612   0.00000000
  0.02031612   0.00000000     0.14446334   0.00000000    -0.02031612   0.00000000
 -0.02031612   0.00000000    -0.02031612   0.00000000     0.14446334   0.00000000
    1    2
 -0.02292754   0.00928522     0.01587854   0.00494469    -0.01587854  -0.00494469
  0.01587854   0.00494469    -0.02292754   0.00928522    -0.01587854  -0.00494469
 -0.01587854  -0.00494469    -0.01587854  -0.00494469    -0.02292754   0.00928522
    1    3
 -0.01950501   0.01521322     0.00365704  -0.01622356    -0.00365704   0.01622356
  0.00365704  -0.01622356    -0.01950501   0.01521322    -0.00365704   0.01622356
 -0.00365704   0.01622356    -0.00365704   0.01622356    -0.01950501   0.01521322
    1    4
  0.00596069   0.01059082     0.01261434  -0.00411984     0.00416782  -0.01503117
  0.01261434  -0.00411984     0.00596069   0.01059082     0.00416782  -0.01503117
  0.00757327  -0.01659921     0.00757327  -0.01659921    -0.01642874  -0.02611705
    1    5
 -0.00619157  -0.01045752     0.00987505  -0.00886442     0.01510128   0.00390615
  0.00987505  -0.00886442    -0.00619157  -0.01045752     0.01510128   0.00390615
  0.01816197   0.00174096     0.01816197   0.00174096     0.01440366   0.02728623
    1    6
 -0.02009553  -0.01341308     0.01142553   0.00931862    -0.01142553  -0.00931862
  0.01142553   0.00931862    -0.02009553  -0.01341308    -0.01142553  -0.00931862
 -0.01142553  -0.00931862    -0.01142553  -0.00931862    -0.02009553  -0.01341308
    1    7
  0.00156830   0.02410978    -0.00235740  -0.01455411     0.00235740   0.01455411
 -0.00235740  -0.01455411     0.00156830   0.02410978     0.00235740   0.01455411
  0.00235740   0.01455411     0.00235740   0.01455411     0.00156830   0.02410978
    1    8
 -0.01642874  -0.02611705    -0.00757327   0.01659921     0.00757327  -0.01659921
 -0.00416782   0.01503117     0.00596069   0.01059082    -0.01261434   0.00411984
  0.00416782  -0.01503117    -0.01261434   0.00411984     0.00596069   0.01059082
    1    9
  0.01440366   0.02728623    -0.01816197  -0.00174096     0.01816197   0.00174096
 -0.01510128  -0.00390615    -0.00619157  -0.01045752    -0.00987505   0.00886442
  0.01510128   0.00390615    -0.00987505   0.00886442    -0.00619157  -0.01045752
    1   10
  0.00596069   0.01059082    -0.00416782   0.01503117    -0.01261434   0.00411984
 -0.00757327   0.01659921    -0.01642874  -0.02611705     0.00757327  -0.01659921
 -0.01261434   0.00411984     0.00416782  -0.01503117     0.00596069   0.01059082
    1   11
 -0.00619157  -0.01045752    -0.01510128  -0.00390615    -0.00987505   0.00886442
 -0.01816197  -0.00174096     0.01440366   0.02728623     0.01816197   0.00174096
 -0.00987505   0.00886442     0.01510128   0.00390615    -0.00619157  -0.01045752
    2    1
 -0.02292754  -0.00928522     0.01587854  -0.00494469    -0.01587854   0.00494469
  0.01587854  -0.00494469    -0.02292754  -0.00928522    -0.01587854   0.00494469
 -0.01587854   0.00494469    -0.01587854   0.00494469    -0.02292754  -0.00928522
    2    2
  0.05691698  -0.00000000     0.00750090   0.00000000    -0.00750090  -0.00000000
  0.00750090   0.00000000     0.05691698  -0.00000000    -0.00750090  -0.00000000
 -0.00750090  -0.00000000    -0.00750090  -0.00000000     0.05691698  -0.00000000
    2    3
 -0.00393640   0.00499939    -0.00125810   0.00293374     0.00125810  -0.00293374
 -0.00125810   0.00293374    -0.00393640   0.00499939     0.00125810  -0.00293374
  0.00125810  -0.00293374     0.00125810  -0.00293374    -0.00393640   0.00499939
    2    4
  0.00739040   0.00086237    -0.00174427  -0.00175881    -0.00227304   0.00155033
 -0.00174427  -0.00175881     0.00739040   0.00086237    -0.00227304   0.00155033
 -0.00039013   0.00108503    -0.00039013   0.00108503     0.00784730   0.00716280
    2    5
 -0.01122081  -0.00245156    -0.01126097  -0.00070870    -0.01364476  -0.00442340
 -0.01126097  -0.00070870    -0.01122081  -0.00245156    -0.01364476  -0.00442340
 -0.01517470   0.00141745    -0.01517470   0.00141745    -0.01122982  -0.00676604
    2    6
  0.00927932   0.00183607     0.00211460  -0.00371418    -0.00211460   0.00371418
  0.00211460  -0.00371418     0.00927932   0.00183607    -0.00211460   0.00371418
 -0.00211460   0.00371418    -0.00211460   0.00371418     0.00927932   0.00183607
    2    7
 -0.01049446   0.00723194    -0.01212540   0.01733062     0.01212540  -0.01733062
 -0.01212540   0.01733062    -0.01049446   0.00723194     0.01212540  -0.01733062
  0.01212540  -0.01733062     0.01212540  -0.01733062    -0.01049446   0.00723194
    2    8
  0.00784730   0.00716280     0.00039013  -0.00108503    -0.00039013   0.00108503
  0.00227304  -0.00155033     0.00739040   0.00086237     0.00174427   0.00175881
 -0.00227304   0.00155033     0.00174427   0.00175881     0.00739040   0.00086237
    2    9
 -0.01122982  -0.00676604     0.01517470  -0.00141745    -0.01517470   0.00141745
  0.01364476   0.00442340    -0.01122081  -0.00245156     0.01126097   0.00070870
 -0.01364476  -0.00442340     0.01126097   0.00070870    -0.01122081  -0.00245156
    2   10
  0.00739040   0.00086237     0.00227304  -0.00155033     0.00174427   0.00175881
  0.00039013  -0.00108503     0.00784730   0.00716280    -0.00039013   0.00108503
  0.00174427   0.00175881    -0.00227304   0.00155033     0.00739040   0.00086237
    2   11
 -0.01122081  -0.00245156     0.01364476   0.00442340     0.01126097   0.00070870
  0.01517470  -0.00141745    -0.01122982  -0.00676604    -0.01517470   0.00141745
  0.01126097   0.00070870    -0.01364476  -0.00442340    -0.01122081  -0.00245156
    3    1
 -0.01950501  -0.01521322     0.00365704   0.01622356    -0.00365704  -0.01622356
  0.00365704   0.01622356    -0.01950501  -0.01521322    -0.00365704  -0.01622356
 -0.00365704  -0.01622356    -0.00365704  -0.01622356    -0.01950501  -0.01521322
    3    2
 -0.00393640  -0.00499939    -0.00125810  -0.00293374     0.00125810   0.00293374
 -0.00125810  -0.00293374    -0.00393640  -0.00499939     0.00125810   0.00293374
  0.00125810   0.00293374     0.00125810   0.00293374    -0.00393640  -0.00499939
    3    3
  0.05691698   0.00000000     0.00750090  -0.00000000    -0.00750090   0.00000000
  0.00750090  -0.00000000     0.05691698   0.00000000    -0.00750090   0.00000000
 -0.00750090   0.00000000    -0.00750090   0.00000000     0.05691698   0.00000000
    3    4
 -0.01122081   0.00245156    -0.01126097   0.00070870    -0.01364476   0.00442340
 -0.01126097   0.00070870    -0.01122081   0.00245156    -0.01364476   0.00442340
 -0.01517470  -0.00141745    -0.01517470  -0.00141745    -0.01122982   0.00676604
    3    5
  0.00739040  -0.00086237    -0.00174427   0.00175881    -0.00227304  -0.00155033
 -0.00174427   0.00175881     0.00739040  -0.00086237    -0.00227304  -0.00155033
 -0.00039013  -0.00108503    -0.00039013  -0.00108503     0.00784730  -0.00716280
    3    6
 -0.01049446  -0.00723194    -0.01212540  -0.01733062     0.01212540   0.01733062
 -0.01212540  -0.01733062    -0.01049446  -0.00723194     0.01212540   0.01733062
  0.01212540   0.01733062     0.01212540   0.01733062    -0.01049446  -0.00723194
    3    7
  0.00927932  -0.00183607     0.00211460   0.00371418    -0.00211460  -0.00371418
  0.00211460   0.00371418     0.00927932  -0.00183607    -0.00211460  -0.00371418
 -0.00211460  -0.00371418    -0.00211460  -0.00371418     0.00927932  -0.00183607
    3    8
 -0.01122982   0.00676604     0.01517470   0.00141745    -0.01517470  -0.00141745
  0.01364476  -0.00442340    -0.01122081   0.00245156     0.01126097  -0.00070870
 -0.01364476   0.00442340     0.01126097  -0.00070870    -0.01122081   0.00245156
    3    9
  0.00784730  -0.00716280     0.00039013   0.00108503    -0.00039013  -0.00108503
  0.00227304   0.00155033     0.00739040  -0.00086237     0.00174427  -0.00175881
 -0.00227304  -0.00155033     0.00174427  -0.00175881     0.00739040  -0.00086237
    3   10
 -0.01122081   0.00245156     0.01364476  -0.00442340     0.01126097  -0.00070870
  0.01517470   0.00141745    -0.01122982   0.00676604    -0.01517470  -0.00141745
  0.01126097  -0.00070870    -0.01364476   0.00442340    -0.01122081   0.00245156
    3   11
  0.00739040  -0.00086237     0.00227304   0.00155033     0.00174427  -0.00175881
  0.00039013   0.00108503     0.00784730  -0.00716280    -0.00039013  -0.00108503
  0.00174427  -0.00175881    -0.00227304  -0.00155033     0.00739040  -0.00086237
    4    1
  0.00596069  -0.01059082     0.01261434   0.00411984     0.00757327   0.01659921
  0.01261434   0.00411984     0.00596069  -0.01059082     0.00757327   0.01659921
  0.00416782   0.01503117     0.00416782   0.01503117    -0.01642874   0.02611705
    4    2
  0.00739040  -0.00086237    -0.00174427   0.00175881    -0.00039013  -0.00108503
 -0.00174427   0.00175881     0.00739040  -0.00086237    -0.00039013  -0.00108503
 -0.00227304  -0.00155033    -0.00227304  -0.00155033     0.00784730  -0.00716280
    4    3
 -0.01122081  -0.00245156    -0.01126097  -0.00070870    -0.01517470   0.00141745
 -0.01126097  -0.00070870    -0.01122081  -0.00245156    -0.01517470   0.00141745
 -0.01364476  -0.00442340    -0.01364476  -0.00442340    -0.01122982  -0.00676604
    4    4
  0.06018714  -0.00000000     0.00064042  -0.00000000    -0.00245229  -0.00087104
  0.00064042  -0.00000000     0.06018714  -0.00000000    -0.00245229  -0.00087104
 -0.00245229   0.00087104    -0.00245229   0.00087104     0.06490368  -0.00000000
    4    5
 -0.01461123  -0.00005960    -0.00550619  -0.00158029    -0.00244288   0.00541573
 -0.00550619  -0.00158029    -0.01461123  -0.00005960    -0.00244288   0.00541573
 -0.00244288   0.00541573    -0.00244288   0.00541573    -0.02239593  -0.00001645
    4    6
 -0.01287798  -0.00082561     0.01152789  -0.00146479    -0.00448228  -0.00204747
  0.01152789  -0.00146479    -0.01287798  -0.00082561    -0.00448228  -0.00204747
  0.00596201   0.00129626     0.00596201   0.00129626     0.02232155   0.00377885
    4    7
  0.01187959  -0.00059233    -0.00487706  -0.00161117     0.01020956   0.00308401
 -0.00487706  -0.00161117     0.01187959  -0.00059233     0.01020956   0.00308401
 -0.01353909   0.00123240    -0.01353909   0.00123240    -0.04882139   0.00573148
    4    8
 -0.00825927  -0.00045571    -0.00070282  -0.00260502     0.01447349   0.00000000
  0.00410693  -0.00318747     0.01508778   0.00000000     0.00070282  -0.00260502
  0.01412833  -0.00000000    -0.00410693  -0.00318747    -0.00825927   0.00045571
    4    9
  0.00992239   0.00121203     0.01159208  -0.00370798    -0.00636540   0.00837608
 -0.00833794  -0.00296748    -0.04433839  -0.00095647    -0.01159208   0.00370798
 -0.01307272   0.00665419     0.00833794   0.00296748     0.00992239   0.00121203
    4   10
  0.01508778   0.00000000     0.00410693  -0.00318747     0.00070282  -0.00260502
 -0.00070282  -0.00260502    -0.00825927  -0.00045571     0.01447349   0.00000000
 -0.00410693  -0.00318747     0.01412833   0.00000000    -0.00825927   0.00045571
    4   11
 -0.04433839  -0.00095647    -0.00833794  -0.00296748    -0.01159208   0.00370798
  0.01159208  -0.00370798     0.00992239   0.00121203    -0.00636540   0.00837608
  0.00833794   0.00296748    -0.01307272   0.00665419     0.00992239   0.00121203
    5    1
 -0.00619157   0.01045752     0.00987505   0.00886442     0.01816197  -0.00174096
  0.00987505   0.00886442    -0.00619157   0.01045752     0.01816197  -0.00174096
  0.01510128  -0.00390615     0.01510128  -0.00390615     0.01440366  -0.02728623
    5    2
 -0.01122081   0.00245156    -0.01126097   0.00070870    -0.01517470  -0.00141745
 -0.01126097   0.00070870    -0.01122081   0.00245156    -0.01517470  -0.00141745
 -0.01364476   0.00442340    -0.01364476   0.00442340    -0.01122982   0.00676604
    5    3
  0.00739040   0.00086237    -0.00174427  -0.00175881    -0.00039013   0.00108503
 -0.00174427  -0.00175881     0.00739040   0.00086237    -0.00039013   0.00108503
 -0.00227304   0.00155033    -0.00227304   0.00155033     0.00784730   0.00716280
    5    4
 -0.01461123   0.00005960    -0.00550619   0.00158029    -0.00244288  -0.00541573
 -0.00550619   0.00158029    -0.01461123   0.00005960    -0.00244288  -0.00541573
 -0.00244288  -0.00541573    -0.00244288  -0.00541573    -0.02239593   0.00001645
    5    5
  0.06018714   0.00000000     0.00064042   0.00000000    -0.00245229   0.00087104
  0.00064042   0.00000000     0.06018714   0.00000000    -0.00245229   0.00087104
 -0.00245229  -0.00087104    -0.00245229  -0.00087104     0.06490368   0.00000000
    5    6
  0.01187959   0.00059233    -0.00487706   0.00161117     0.01020956  -0.00308401
 -0.00487706   0.00161117     0.01187959   0.00059233     0.01020956  -0.00308401
 -0.01353909  -0.00123240    -0.01353909  -0.00123240    -0.04882139  -0.00573148
    5    7
 -0.01287798   0.00082561     0.01152789   0.00146479    -0.00448228   0.00204747
  0.01152789   0.00146479    -0.01287798   0.00082561    -0.00448228   0.00204747
  0.00596201  -0.00129626     0.00596201  -0.00129626     0.02232155  -0.00377885
    5    8
  0.00992239  -0.00121203     0.01159208   0.00370798    -0.00636540  -0.00837608
 -0.00833794   0.00296748    -0.04433839   0.00095647    -0.01159208  -0.00370798
 -0.01307272  -0.00665419     0.00833794  -0.00296748     0.00992239  -0.00121203
    5    9
 -0.00825927   0.00045571    -0.00070282   0.00260502     0.01447349  -0.00000000
  0.00410693   0.00318747     0.01508778  -0.00000000     0.00070282   0.00260502
  0.01412833  -0.00000000    -0.00410693   0.00318747    -0.00825927  -0.00045571
    5   10
 -0.04433839   0.00095647    -0.00833794   0.00296748    -0.01159208  -0.00370798
  0.01159208   0.00370798     0.00992239  -0.00121203    -0.00636540  -0.00837608
  0.00833794  -0.00296748    -0.01307272  -0.00665419     0.00992239  -0.00121203
    5   11
  0.01508778   0.00000000     0.00410693   0.00318747     0.00070282   0.00260502
 -0.00070282   0.00260502    -0.00825927   0.00045571     0.01447349  -0.00000000
 -0.00410693   0.00318747     0.01412833  -0.00000000    -0.00825927  -0.00045571
    6    1
 -0.02009553   0.01341308     0.01142553  -0.00931862    -0.01142553   0.00931862
  0.01142553  -0.00931862    -0.02009553   0.01341308    -0.01142553   0.00931862
 -0.01142553   0.00931862    -0.01142553   0.00931862    -0.02009553   0.01341308
    6    2
  0.00927932  -0.00183607     0.00211460   0.00371418    -0.00211460  -0.00371418
  0.00211460   0.00371418     0.00927932  -0.00183607    -0.00211460  -0.00371418
 -0.00211460  -0.00371418    -0.00211460  -0.00371418     0.00927932  -0.00183607
    6    3
 -0.01049446   0.00723194    -0.01212540   0.01733062     0.01212540  -0.01733062
 -0.01212540   0.01733062    -0.01049446   0.00723194     0.01212540  -0.01733062
  0.01212540  -0.01733062     0.01212540  -0.01733062    -0.01049446   0.00723194
    6    4
 -0.01287798   0.00082561     0.01152789   0.00146479     0.00596201  -0.00129626
  0.01152789   0.00146479    -0.01287798   0.00082561     0.00596201  -0.00129626
 -0.00448228   0.00204747    -0.00448228   0.00204747     0.02232155  -0.00377885
    6    5
  0.01187959  -0.00059233    -0.00487706  -0.00161117    -0.01353909   0.00123240
 -0.00487706  -0.00161117     0.01187959  -0.00059233    -0.01353909   0.00123240
  0.01020956   0.00308401     0.01020956   0.00308401    -0.04882139   0.00573148
    6    6
  0.07653719   0.00000000    -0.00219630  -0.00000000     0.00219630   0.00000000
 -0.00219630  -0.00000000     0.07653719   0.00000000     0.00219630   0.00000000
  0.00219630   0.00000000     0.00219630   0.00000000     0.07653719   0.00000000
    6    7
 -0.02067879   0.01356442    -0.00686332  -0.00116130     0.00686332   0.00116130
 -0.00686332  -0.00116130    -0.02067879   0.01356442     0.00686332   0.00116130
  0.00686332   0.00116130     0.00686332   0.00116130    -0.02067879   0.01356442
    6    8
  0.02232155  -0.00377885     0.00448228  -0.00204747    -0.00448228   0.00204747
 -0.00596201   0.00129626    -0.01287798   0.00082561    -0.01152789  -0.00146479
  0.00596201  -0.00129626    -0.01152789  -0.00146479    -0.01287798   0.00082561
    6    9
 -0.04882139   0.00573148    -0.01020956  -0.00308401     0.01020956   0.00308401
  0.01353909  -0.00123240     0.01187959  -0.00059233     0.00487706   0.00161117
 -0.01353909   0.00123240     0.00487706   0.00161117     0.01187959  -0.00059233
    6   10
 -0.01287798   0.00082561    -0.00596201   0.00129626    -0.01152789  -0.00146479
  0.00448228  -0.00204747     0.02232155  -0.00377885    -0.00448228   0.00204747
 -0.01152789  -0.00146479     0.00596201  -0.00129626    -0.01287798   0.00082561
    6   11
  0.01187959  -0.00059233     0.01353909  -0.00123240     0.00487706   0.00161117
 -0.01020956  -0.00308401    -0.04882139   0.00573148     0.01020956   0.00308401
  0.00487706   0.00161117    -0.01353909   0.00123240     0.01187959  -0.00059233
    7    1
  0.00156830  -0.02410978    -0.00235740   0.01455411     0.00235740  -0.01455411
 -0.00235740   0.01455411     0.00156830  -0.02410978     0.00235740  -0.01455411
  0.00235740  -0.01455411     0.00235740  -0.01455411     0.00156830  -0.02410978
    7    2
 -0.01049446  -0.00723194    -0.01212540  -0.01733062     0.01212540   0.01733062
 -0.01212540  -0.01733062    -0.01049446  -0.00723194     0.01212540   0.01733062
  0.01212540   0.01733062     0.01212540   0.01733062    -0.01049446  -0.00723194
    7    3
  0.00927932   0.00183607     0.00211460  -0.00371418    -0.00211460   0.00371418
  0.00211460  -0.00371418     0.00927932   0.00183607    -0.00211460   0.00371418
 -0.00211460   0.00371418    -0.00211460   0.00371418     0.00927932   0.00183607
    7    4
  0.01187959   0.00059233    -0.00487706   0.00161117    -0.01353909  -0.00123240
 -0.00487706   0.00161117     0.01187959   0.00059233    -0.01353909  -0.00123240
  0.01020956  -0.00308401     0.01020956  -0.00308401    -0.04882139  -0.00573148
    7    5
 -0.01287798  -0.00082561     0.01152789  -0.00146479     0.00596201   0.00129626
  0.01152789  -0.00146479    -0.01287798  -0.00082561     0.00596201   0.00129626
 -0.00448228  -0.00204747    -0.00448228  -0.00204747     0.02232155   0.00377885
    7    6
 -0.02067879  -0.01356442    -0.00686332   0.00116130     0.00686332  -0.00116130
 -0.00686332   0.00116130    -0.02067879  -0.01356442     0.00686332  -0.00116130
  0.00686332  -0.00116130     0.00686332  -0.00116130    -0.02067879  -0.01356442
    7    7
  0.07653719  -0.00000000    -0.00219630   0.00000000     0.00219630  -0.00000000
 -0.00219630   0.00000000     0.07653719  -0.00000000     0.00219630  -0.00000000
  0.00219630  -0.00000000     0.00219630  -0.00000000     0.07653719  -0.00000000
    7    8
 -0.04882139  -0.00573148    -0.01020956   0.00308401     0.01020956  -0.00308401
  0.01353909   0.00123240     0.01187959   0.00059233     0.00487706  -0.00161117
 -0.01353909  -0.00123240     0.00487706  -0.00161117     0.01187959   0.00059233
    7    9
  0.02232155   0.00377885     0.00448228   0.00204747    -0.00448228  -0.00204747
 -0.00596201  -0.00129626    -0.01287798  -0.00082561    -0.01152789   0.00146479
  0.00596201   0.00129626    -0.01152789   0.00146479    -0.01287798  -0.00082561
    7   10
  0.01187959   0.00059233     0.01353909   0.00123240     0.00487706  -0.00161117
 -0.01020956   0.00308401    -0.04882139  -0.00573148     0.01020956  -0.00308401
  0.00487706  -0.00161117    -0.01353909  -0.00123240     0.01187959   0.00059233
    7   11
 -0.01287798  -0.00082561    -0.00596201  -0.00129626    -0.01152789   0.00146479
  0.00448228   0.00204747     0.02232155   0.00377885    -0.00448228  -0.00204747
 -0.01152789   0.00146479     0.00596201   0.00129626    -0.01287798  -0.00082561
    8    1
 -0.01642874   0.02611705    -0.00416782  -0.01503117     0.00416782   0.01503117
 -0.00757327  -0.01659921     0.00596069  -0.01059082    -0.01261434  -0.00411984
  0.00757327   0.01659921    -0.01261434  -0.00411984     0.00596069  -0.01059082
    8    2
  0.00784730  -0.00716280     0.00227304   0.00155033    -0.00227304  -0.00155033
  0.00039013   0.00108503     0.00739040  -0.00086237     0.00174427  -0.00175881
 -0.00039013  -0.00108503     0.00174427  -0.00175881     0.00739040  -0.00086237
    8    3
 -0.01122982  -0.00676604     0.01364476   0.00442340    -0.01364476  -0.00442340
  0.01517470  -0.00141745    -0.01122081  -0.00245156     0.01126097   0.00070870
 -0.01517470   0.00141745     0.01126097   0.00070870    -0.01122081  -0.00245156
    8    4
 -0.00825927   0.00045571     0.00410693   0.00318747     0.01412833   0.00000000
 -0.00070282   0.00260502     0.01508778   0.00000000    -0.00410693   0.00318747
  0.01447349  -0.00000000     0.00070282   0.00260502    -0.00825927  -0.00045571
    8    5
  0.00992239   0.00121203    -0.00833794  -0.00296748    -0.01307272   0.00665419
  0.01159208  -0.00370798    -0.04433839  -0.00095647     0.00833794   0.00296748
 -0.00636540   0.00837608    -0.01159208   0.00370798     0.00992239   0.00121203
    8    6
  0.02232155   0.00377885    -0.00596201  -0.00129626     0.00596201   0.00129626
  0.00448228   0.00204747    -0.01287798  -0.00082561    -0.01152789   0.00146479
 -0.00448228  -0.00204747    -0.01152789   0.00146479    -0.01287798  -0.00082561
    8    7
 -0.04882139   0.00573148     0.01353909  -0.00123240    -0.01353909   0.00123240
 -0.01020956  -0.00308401     0.01187959  -0.00059233     0.00487706   0.00161117
  0.01020956   0.00308401     0.00487706   0.00161117     0.01187959  -0.00059233
    8    8
  0.06490368  -0.00000000     0.00245229  -0.00087104    -0.00245229   0.00087104
  0.00245229   0.00087104     0.06018714  -0.00000000    -0.00064042   0.00000000
 -0.00245229  -0.00087104    -0.00064042   0.00000000     0.06018714  -0.00000000
    8    9
 -0.02239593  -0.00001645     0.00244288  -0.00541573    -0.00244288   0.00541573
  0.00244288  -0.00541573    -0.01461123  -0.00005960     0.00550619   0.00158029
 -0.00244288   0.00541573     0.00550619   0.00158029    -0.01461123  -0.00005960
    8   10
 -0.00825927   0.00045571    -0.01412833  -0.00000000    -0.00410693  -0.00318747
 -0.01447349  -0.00000000    -0.00825927  -0.00045571     0.00070282   0.00260502
  0.00070282  -0.00260502    -0.00410693   0.00318747     0.01508778   0.00000000
    8   11
  0.00992239   0.00121203     0.01307272  -0.00665419     0.00833794   0.00296748
  0.00636540  -0.00837608     0.00992239   0.00121203    -0.01159208   0.00370798
 -0.01159208   0.00370798     0.00833794   0.00296748    -0.04433839  -0.00095647
    9    1
  0.01440366  -0.02728623    -0.01510128   0.00390615     0.01510128  -0.00390615
 -0.01816197   0.00174096    -0.00619157   0.01045752    -0.00987505  -0.00886442
  0.01816197  -0.00174096    -0.00987505  -0.00886442    -0.00619157   0.01045752
    9    2
 -0.01122982   0.00676604     0.01364476  -0.00442340    -0.01364476   0.00442340
  0.01517470   0.00141745    -0.01122081   0.00245156     0.01126097  -0.00070870
 -0.01517470  -0.00141745     0.01126097  -0.00070870    -0.01122081   0.00245156
    9    3
  0.00784730   0.00716280     0.00227304  -0.00155033    -0.00227304   0.00155033
  0.00039013  -0.00108503     0.00739040   0.00086237     0.00174427   0.00175881
 -0.00039013   0.00108503     0.00174427   0.00175881     0.00739040   0.00086237
    9    4
  0.00992239  -0.00121203    -0.00833794   0.00296748    -0.01307272  -0.00665419
  0.01159208   0.00370798    -0.04433839   0.00095647     0.00833794  -0.00296748
 -0.00636540  -0.00837608    -0.01159208  -0.00370798     0.00992239  -0.00121203
    9    5
 -0.00825927  -0.00045571     0.00410693  -0.00318747     0.01412833  -0.00000000
 -0.00070282  -0.00260502     0.01508778  -0.00000000    -0.00410693  -0.00318747
  0.01447349   0.00000000     0.00070282  -0.00260502    -0.00825927   0.00045571
    9    6
 -0.04882139  -0.00573148     0.01353909   0.00123240    -0.01353909  -0.00123240
 -0.01020956   0.00308401     0.01187959   0.00059233     0.00487706  -0.00161117
  0.01020956  -0.00308401     0.00487706  -0.00161117     0.01187959   0.00059233
    9    7
  0.02232155  -0.00377885    -0.00596201   0.00129626     0.00596201  -0.00129626
  0.00448228  -0.00204747    -0.01287798   0.00082561    -0.01152789  -0.00146479
 -0.00448228   0.00204747    -0.01152789  -0.00146479    -0.01287798   0.00082561
    9    8
 -0.02239593   0.00001645     0.00244288   0.00541573    -0.00244288  -0.00541573
  0.00244288   0.00541573    -0.01461123   0.00005960     0.00550619  -0.00158029
 -0.00244288  -0.00541573     0.00550619  -0.00158029    -0.01461123   0.00005960
    9    9
  0.06490368   0.00000000     0.00245229   0.00087104    -0.00245229  -0.00087104
  0.00245229  -0.00087104     0.06018714   0.00000000    -0.00064042  -0.00000000
 -0.00245229   0.00087104    -0.00064042  -0.00000000     0.06018714   0.00000000
    9   10
  0.00992239  -0.00121203     0.01307272   0.00665419     0.00833794  -0.00296748
  0.00636540   0.00837608     0.00992239  -0.00121203    -0.01159208  -0.00370798
 -0.01159208  -0.00370798     0.00833794  -0.00296748    -0.04433839   0.00095647
    9   11
 -0.00825927  -0.00045571    -0.01412833   0.00000000    -0.00410693   0.00318747
 -0.01447349   0.00000000    -0.00825927   0.00045571     0.00070282  -0.00260502
  0.00070282   0.00260502    -0.00410693  -0.00318747     0.01508778  -0.00000000
   10    1
  0.00596069  -0.01059082    -0.00757327  -0.01659921    -0.01261434  -0.00411984
 -0.00416782  -0.01503117    -0.01642874   0.02611705     0.00416782   0.01503117
 -0.01261434  -0.00411984     0.00757327   0.01659921     0.00596069  -0.01059082
   10    2
  0.00739040  -0.00086237     0.00039013   0.00108503     0.00174427  -0.00175881
  0.00227304   0.00155033     0.00784730  -0.00716280    -0.00227304  -0.00155033
  0.00174427  -0.00175881    -0.00039013  -0.00108503     0.00739040  -0.00086237
   10    3
 -0.01122081  -0.00245156     0.01517470  -0.00141745     0.01126097   0.00070870
  0.01364476   0.00442340    -0.01122982  -0.00676604    -0.01364476  -0.00442340
  0.01126097   0.00070870    -0.01517470   0.00141745    -0.01122081  -0.00245156
   10    4
  0.01508778   0.00000000    -0.00070282   0.00260502    -0.00410693   0.00318747
  0.00410693   0.00318747    -0.00825927   0.00045571     0.01412833   0.00000000
  0.00070282   0.00260502     0.01447349   0.00000000    -0.00825927  -0.00045571
   10    5
 -0.04433839  -0.00095647     0.01159208  -0.00370798     0.00833794   0.00296748
 -0.00833794  -0.00296748     0.00992239   0.00121203    -0.01307272   0.00665419
 -0.01159208   0.00370798    -0.00636540   0.00837608     0.00992239   0.00121203
   10    6
 -0.01287798  -0.00082561     0.00448228   0.00204747    -0.01152789   0.00146479
 -0.00596201  -0.00129626     0.02232155   0.00377885     0.00596201   0.00129626
 -0.01152789   0.00146479    -0.00448228  -0.00204747    -0.01287798  -0.00082561
   10    7
  0.01187959  -0.00059233    -0.01020956  -0.00308401     0.00487706   0.00161117
  0.01353909  -0.00123240    -0.04882139   0.00573148    -0.01353909   0.00123240
  0.00487706   0.00161117     0.01020956   0.00308401     0.01187959  -0.00059233
   10    8
 -0.00825927  -0.00045571    -0.01447349  -0.00000000     0.00070282   0.00260502
 -0.01412833  -0.00000000    -0.00825927   0.00045571    -0.00410693  -0.00318747
 -0.00410693   0.00318747     0.00070282  -0.00260502     0.01508778   0.00000000
   10    9
  0.00992239   0.00121203     0.00636540  -0.00837608    -0.01159208   0.00370798
  0.01307272  -0.00665419     0.00992239   0.00121203     0.00833794   0.00296748
  0.00833794   0.00296748    -0.01159208   0.00370798    -0.04433839  -0.00095647
   10   10
  0.06018714  -0.00000000     0.00245229   0.00087104    -0.00064042   0.00000000
  0.00245229  -0.00087104     0.06490368  -0.00000000    -0.00245229   0.00087104
 -0.00064042   0.00000000    -0.00245229  -0.00087104     0.06018714  -0.00000000
   10   11
 -0.01461123  -0.00005960     0.00244288  -0.00541573     0.00550619   0.00158029
  0.00244288  -0.00541573    -0.02239593  -0.00001645    -0.00244288   0.00541573
  0.00550619   0.00158029    -0.00244288   0.00541573    -0.01461123  -0.00005960
   11    1
 -0.00619157   0.01045752    -0.01816197   0.00174096    -0.00987505  -0.00886442
 -0.01510128   0.00390615     0.01440366  -0.02728623     0.01510128  -0.00390615
 -0.00987505  -0.00886442     0.01816197  -0.00174096    -0.00619157   0.01045752
   11    2
 -0.01122081   0.00245156     0.01517470   0.00141745     0.01126097  -0.00070870
  0.01364476  -0.00442340    -0.01122982   0.00676604    -0.01364476   0.00442340
  0.01126097  -0.00070870    -0.01517470  -0.00141745    -0.01122081   0.00245156
   11    3
  0.00739040   0.00086237     0.00039013  -0.00108503     0.00174427   0.00175881
  0.00227304  -0.00155033     0.00784730   0.00716280    -0.00227304   0.00155033
  0.00174427   0.00175881    -0.00039013   0.00108503     0.00739040   0.00086237
   11    4
 -0.04433839   0.00095647     0.01159208   0.00370798     0.00833794  -0.00296748
 -0.00833794   0.00296748     0.00992239  -0.00121203    -0.01307272  -0.00665419
 -0.01159208  -0.00370798    -0.00636540  -0.00837608     0.00992239  -0.00121203
   11    5
  0.01508778   0.00000000    -0.00070282  -0.00260502    -0.00410693  -0.00318747
  0.00410693  -0.00318747    -0.00825927  -0.00045571     0.01412833   0.00000000
  0.00070282  -0.00260502     0.01447349   0.00000000    -0.00825927   0.00045571
   11    6
  0.01187959   0.00059233    -0.01020956   0.00308401     0.00487706  -0.00161117
  0.01353909   0.00123240    -0.04882139  -0.00573148    -0.01353909  -0.00123240
  0.00487706  -0.00161117     0.01020956  -0.00308401     0.01187959   0.00059233
   11    7
 -0.01287798   0.00082561     0.00448228  -0.00204747    -0.01152789  -0.00146479
 -0.00596201   0.00129626     0.02232155  -0.00377885     0.00596201  -0.00129626
 -0.01152789  -0.00146479    -0.00448228   0.00204747    -0.01287798   0.00082561
   11    8
  0.00992239  -0.00121203     0.00636540   0.00837608    -0.01159208  -0.00370798
  0.01307272   0.00665419     0.00992239  -0.00121203     0.00833794  -0.00296748
  0.00833794  -0.00296748    -0.01159208  -0.00370798    -0.04433839   0.00095647
   11    9
 -0.00825927   0.00045571    -0.01447349   0.00000000     0.00070282  -0.00260502
 -0.01412833   0.00000000    -0.00825927  -0.00045571    -0.00410693   0.00318747
 -0.00410693  -0.00318747     0.00070282   0.00260502     0.01508778  -0.00000000
   11   10
 -0.01461123   0.00005960     0.00244288   0.00541573     0.00550619  -0.00158029
  0.00244288   0.00541573    -0.02239593   0.00001645    -0.00244288  -0.00541573
  0.00550619  -0.00158029    -0.00244288  -0.00541573    -0.01461123   0.00005960
   11   11
  0.06018714   0.00000000     0.00245229  -0.00087104    -0.00064042  -0.00000000
  0.00245229   0.00087104     0.06490368   0.00000000    -0.00245229  -0.00087104
 -0.00064042  -0.00000000    -0.00245229   0.00087104     0.06018714   0.00000000

     Dynamical  Matrix in cartesian axes

     q = (    0.117851130  -0.117851130  -0.117851130 ) 

    1    1
  0.14446334   0.00000000    -0.02031612   0.00000000    -0.02031612   0.00000000
 -0.02031612   0.00000000     0.14446334   0.00000000     0.02031612   0.00000000
 -0.02031612   0.00000000     0.02031612   0.00000000     0.14446334   0.00000000
    1    2
 -0.02292754  -0.00928522    -0.01587854   0.00494469    -0.01587854   0.00494469
 -0.01587854   0.00494469    -0.02292754  -0.00928522     0.01587854  -0.00494469
 -0.01587854   0.00494469     0.01587854  -0.00494469    -0.02292754  -0.00928522
    1    3
 -0.01950501  -0.01521322    -0.00365704  -0.01622356    -0.00365704  -0.01622356
 -0.00365704  -0.01622356    -0.01950501  -0.01521322     0.00365704   0.01622356
 -0.00365704  -0.01622356     0.00365704   0.01622356    -0.01950501  -0.01521322
    1    4
 -0.01642874   0.02611705     0.00757327   0.01659921     0.00757327   0.01659921
  0.00416782   0.01503117     0.00596069  -0.01059082     0.01261434   0.00411984
  0.00416782   0.01503117     0.01261434   0.00411984     0.00596069  -0.01059082
    1    5
  0.01440366  -0.02728623     0.01816197  -0.00174096     0.01816197  -0.00174096
  0.01510128  -0.00390615    -0.00619157   0.01045752     0.00987505   0.00886442
  0.01510128  -0.00390615     0.00987505   0.00886442    -0.00619157   0.01045752
    1    6
  0.00596069  -0.01059082     0.00416782   0.01503117    -0.01261434  -0.00411984
  0.00757327   0.01659921    -0.01642874   0.02611705    -0.00757327  -0.01659921
 -0.01261434  -0.00411984    -0.00416782  -0.01503117     0.00596069  -0.01059082
    1    7
 -0.00619157   0.01045752     0.01510128  -0.00390615    -0.00987505  -0.00886442
  0.01816197  -0.00174096     0.01440366  -0.02728623    -0.01816197   0.00174096
 -0.00987505  -0.00886442    -0.01510128   0.00390615    -0.00619157   0.01045752
    1    8
  0.00596069  -0.01059082    -0.01261434  -0.00411984     0.00416782   0.01503117
 -0.01261434  -0.00411984     0.00596069  -0.01059082    -0.00416782  -0.01503117
  0.00757327   0.01659921    -0.00757327  -0.01659921    -0.01642874   0.02611705
    1    9
 -0.00619157   0.01045752    -0.00987505  -0.00886442     0.01510128  -0.00390615
 -0.00987505  -0.00886442    -0.00619157   0.01045752    -0.01510128   0.00390615
  0.01816197  -0.00174096    -0.01816197   0.00174096     0.01440366  -0.02728623
    1   10
 -0.02009553   0.01341308    -0.01142553   0.00931862    -0.01142553   0.00931862
 -0.01142553   0.00931862    -0.02009553   0.01341308     0.01142553  -0.00931862
 -0.01142553   0.00931862     0.01142553  -0.00931862    -0.02009553   0.01341308
    1   11
  0.00156830  -0.02410978     0.00235740  -0.01455411     0.00235740  -0.01455411
  0.00235740  -0.01455411     0.00156830  -0.02410978    -0.00235740   0.01455411
  0.00235740  -0.01455411    -0.00235740   0.01455411     0.00156830  -0.02410978
    2    1
 -0.02292754   0.00928522    -0.01587854  -0.00494469    -0.01587854  -0.00494469
 -0.01587854  -0.00494469    -0.02292754   0.00928522     0.01587854   0.00494469
 -0.01587854  -0.00494469     0.01587854   0.00494469    -0.02292754   0.00928522
    2    2
  0.05691698   0.00000000    -0.00750090   0.00000000    -0.00750090   0.00000000
 -0.00750090   0.00000000     0.05691698   0.00000000     0.00750090  -0.00000000
 -0.00750090   0.00000000     0.00750090  -0.00000000     0.05691698   0.00000000
    2    3
 -0.00393640  -0.00499939     0.00125810   0.00293374     0.00125810   0.00293374
  0.00125810   0.00293374    -0.00393640  -0.00499939    -0.00125810  -0.00293374
  0.00125810   0.00293374    -0.00125810  -0.00293374    -0.00393640  -0.00499939
    2    4
  0.00784730  -0.00716280    -0.00039013  -0.00108503    -0.00039013  -0.00108503
 -0.00227304  -0.00155033     0.00739040  -0.00086237    -0.00174427   0.00175881
 -0.00227304  -0.00155033    -0.00174427   0.00175881     0.00739040  -0.00086237
    2    5
 -0.01122982   0.00676604    -0.01517470  -0.00141745    -0.01517470  -0.00141745
 -0.01364476   0.00442340    -0.01122081   0.00245156    -0.01126097   0.00070870
 -0.01364476   0.00442340    -0.01126097   0.00070870    -0.01122081   0.00245156
    2    6
  0.00739040  -0.00086237    -0.00227304  -0.00155033     0.00174427  -0.00175881
 -0.00039013  -0.00108503     0.00784730  -0.00716280     0.00039013   0.00108503
  0.00174427  -0.00175881     0.00227304   0.00155033     0.00739040  -0.00086237
    2    7
 -0.01122081   0.00245156    -0.01364476   0.00442340     0.01126097  -0.00070870
 -0.01517470  -0.00141745    -0.01122982   0.00676604     0.01517470   0.00141745
  0.01126097  -0.00070870     0.01364476  -0.00442340    -0.01122081   0.00245156
    2    8
  0.00739040  -0.00086237     0.00174427  -0.00175881    -0.00227304  -0.00155033
  0.00174427  -0.00175881     0.00739040  -0.00086237     0.00227304   0.00155033
 -0.00039013  -0.00108503     0.00039013   0.00108503     0.00784730  -0.00716280
    2    9
 -0.01122081   0.00245156     0.01126097  -0.00070870    -0.01364476   0.00442340
  0.01126097  -0.00070870    -0.01122081   0.00245156     0.01364476  -0.00442340
 -0.01517470  -0.00141745     0.01517470   0.00141745    -0.01122982   0.00676604
    2   10
  0.00927932  -0.00183607    -0.00211460  -0.00371418    -0.00211460  -0.00371418
 -0.00211460  -0.00371418     0.00927932  -0.00183607     0.00211460   0.00371418
 -0.00211460  -0.00371418     0.00211460   0.00371418     0.00927932  -0.00183607
    2   11
 -0.01049446  -0.00723194     0.01212540   0.01733062     0.01212540   0.01733062
  0.01212540   0.01733062    -0.01049446  -0.00723194    -0.01212540  -0.01733062
  0.01212540   0.01733062    -0.01212540  -0.01733062    -0.01049446  -0.00723194
    3    1
 -0.01950501   0.01521322    -0.00365704   0.01622356    -0.00365704   0.01622356
 -0.00365704   0.01622356    -0.01950501   0.01521322     0.00365704  -0.01622356
 -0.00365704   0.01622356     0.00365704  -0.01622356    -0.01950501   0.01521322
    3    2
 -0.00393640   0.00499939     0.00125810  -0.00293374     0.00125810  -0.00293374
  0.00125810  -0.00293374    -0.00393640   0.00499939    -0.00125810   0.00293374
  0.00125810  -0.00293374    -0.00125810   0.00293374    -0.00393640   0.00499939
    3    3
  0.05691698  -0.00000000    -0.00750090  -0.00000000    -0.00750090  -0.00000000
 -0.00750090  -0.00000000     0.05691698  -0.00000000     0.00750090   0.00000000
 -0.00750090  -0.00000000     0.00750090   0.00000000     0.05691698  -0.00000000
    3    4
 -0.01122982  -0.00676604    -0.01517470   0.00141745    -0.01517470   0.00141745
 -0.01364476  -0.00442340    -0.01122081  -0.00245156    -0.01126097  -0.00070870
 -0.01364476  -0.00442340    -0.01126097  -0.00070870    -0.01122081  -0.00245156
    3    5
  0.00784730   0.00716280    -0.00039013   0.00108503    -0.00039013   0.00108503
 -0.00227304   0.00155033     0.00739040   0.00086237    -0.00174427  -0.00175881
 -0.00227304   0.00155033    -0.00174427  -0.00175881     0.00739040   0.00086237
    3    6
 -0.01122081  -0.00245156    -0.01364476  -0.00442340     0.01126097   0.00070870
 -0.01517470   0.00141745    -0.01122982  -0.00676604     0.01517470  -0.00141745
  0.01126097   0.00070870     0.01364476   0.00442340    -0.01122081  -0.00245156
    3    7
  0.00739040   0.00086237    -0.00227304   0.00155033     0.00174427   0.00175881
 -0.00039013   0.00108503     0.00784730   0.00716280     0.00039013  -0.00108503
  0.00174427   0.00175881     0.00227304  -0.00155033     0.00739040   0.00086237
    3    8
 -0.01122081  -0.00245156     0.01126097   0.00070870    -0.01364476  -0.00442340
  0.01126097   0.00070870    -0.01122081  -0.00245156     0.01364476   0.00442340
 -0.01517470   0.00141745     0.01517470  -0.00141745    -0.01122982  -0.00676604
    3    9
  0.00739040   0.00086237     0.00174427   0.00175881    -0.00227304   0.00155033
  0.00174427   0.00175881     0.00739040   0.00086237     0.00227304  -0.00155033
 -0.00039013   0.00108503     0.00039013  -0.00108503     0.00784730   0.00716280
    3   10
 -0.01049446   0.00723194     0.01212540  -0.01733062     0.01212540  -0.01733062
  0.01212540  -0.01733062    -0.01049446   0.00723194    -0.01212540   0.01733062
  0.01212540  -0.01733062    -0.01212540   0.01733062    -0.01049446   0.00723194
    3   11
  0.00927932   0.00183607    -0.00211460   0.00371418    -0.00211460   0.00371418
 -0.00211460   0.00371418     0.00927932   0.00183607     0.00211460  -0.00371418
 -0.00211460   0.00371418     0.00211460  -0.00371418     0.00927932   0.00183607
    4    1
 -0.01642874  -0.02611705     0.00416782  -0.01503117     0.00416782  -0.01503117
