  2.500000000000000E-002   1.50249443578751        5.66640365351632     
           8

     Dynamical  Matrix in cartesian axes

     q = (    0.117851130   0.117851130  -0.117851130 ) 

    1    1
  0.14196127   0.00000000     0.02040365   0.00000000    -0.02040365   0.00000000
  0.02040365   0.00000000     0.14196127   0.00000000    -0.02040365   0.00000000
 -0.02040365   0.00000000    -0.02040365   0.00000000     0.14196127   0.00000000
    1    2
 -0.02180356   0.00868875     0.01558503   0.00470116    -0.01558503  -0.00470116
  0.01558503   0.00470116    -0.02180356   0.00868875    -0.01558503  -0.00470116
 -0.01558503  -0.00470116    -0.01558503  -0.00470116    -0.02180356   0.00868875
    1    3
 -0.01842646   0.01453806     0.00372119  -0.01584761    -0.00372119   0.01584761
  0.00372119  -0.01584761    -0.01842646   0.01453806    -0.00372119   0.01584761
 -0.00372119   0.01584761    -0.00372119   0.01584761    -0.01842646   0.01453806
    1    4
  0.00629738   0.01087075     0.01240609  -0.00389405     0.00350985  -0.01477319
  0.01240609  -0.00389405     0.00629738   0.01087075     0.00350985  -0.01477319
  0.00726256  -0.01642820     0.00726256  -0.01642820    -0.01713337  -0.02621815
    1    5
 -0.00626566  -0.01088906     0.00957539  -0.00879696     0.01454888   0.00434697
  0.00957539  -0.00879696    -0.00626566  -0.01088906     0.01454888   0.00434697
  0.01785852   0.00192455     0.01785852   0.00192455     0.01413891   0.02794701
    1    6
 -0.02020267  -0.01495764     0.01126199   0.00914950    -0.01126199  -0.00914950
  0.01126199   0.00914950    -0.02020267  -0.01495764    -0.01126199  -0.00914950
 -0.01126199  -0.00914950    -0.01126199  -0.00914950    -0.02020267  -0.01495764
    1    7
  0.00285236   0.02497484    -0.00229270  -0.01432792     0.00229270   0.01432792
 -0.00229270  -0.01432792     0.00285236   0.02497484     0.00229270   0.01432792
  0.00229270   0.01432792     0.00229270   0.01432792     0.00285236   0.02497484
    1    8
 -0.01713337  -0.02621815    -0.00726256   0.01642820     0.00726256  -0.01642820
 -0.00350985   0.01477319     0.00629738   0.01087075    -0.01240609   0.00389405
  0.00350985  -0.01477319    -0.01240609   0.00389405     0.00629738   0.01087075
    1    9
  0.01413891   0.02794701    -0.01785852  -0.00192455     0.01785852   0.00192455
 -0.01454888  -0.00434697    -0.00626566  -0.01088906    -0.00957539   0.00879696
  0.01454888   0.00434697    -0.00957539   0.00879696    -0.00626566  -0.01088906
    1   10
  0.00629738   0.01087075    -0.00350985   0.01477319    -0.01240609   0.00389405
 -0.00726256   0.01642820    -0.01713337  -0.02621815     0.00726256  -0.01642820
 -0.01240609   0.00389405     0.00350985  -0.01477319     0.00629738   0.01087075
    1   11
 -0.00626566  -0.01088906    -0.01454888  -0.00434697    -0.00957539   0.00879696
 -0.01785852  -0.00192455     0.01413891   0.02794701     0.01785852   0.00192455
 -0.00957539   0.00879696     0.01454888   0.00434697    -0.00626566  -0.01088906
    2    1
 -0.02180356  -0.00868875     0.01558503  -0.00470116    -0.01558503   0.00470116
  0.01558503  -0.00470116    -0.02180356  -0.00868875    -0.01558503   0.00470116
 -0.01558503   0.00470116    -0.01558503   0.00470116    -0.02180356  -0.00868875
    2    2
  0.05502118  -0.00000000     0.00804660  -0.00000000    -0.00804660   0.00000000
  0.00804660  -0.00000000     0.05502118  -0.00000000    -0.00804660   0.00000000
 -0.00804660   0.00000000    -0.00804660   0.00000000     0.05502118  -0.00000000
    2    3
 -0.00319761   0.00502079    -0.00067352   0.00295181     0.00067352  -0.00295181
 -0.00067352   0.00295181    -0.00319761   0.00502079     0.00067352  -0.00295181
  0.00067352  -0.00295181     0.00067352  -0.00295181    -0.00319761   0.00502079
    2    4
  0.00757551   0.00056340    -0.00183254  -0.00184028    -0.00233840   0.00144898
 -0.00183254  -0.00184028     0.00757551   0.00056340    -0.00233840   0.00144898
 -0.00036693   0.00096490    -0.00036693   0.00096490     0.00848342   0.00738545
    2    5
 -0.01119725  -0.00210447    -0.01081093  -0.00092129    -0.01306195  -0.00408648
 -0.01081093  -0.00092129    -0.01119725  -0.00210447    -0.01306195  -0.00408648
 -0.01475254   0.00143384    -0.01475254   0.00143384    -0.01027129  -0.00702359
    2    6
  0.00864655   0.00192499     0.00226859  -0.00399201    -0.00226859   0.00399201
  0.00226859  -0.00399201     0.00864655   0.00192499    -0.00226859   0.00399201
 -0.00226859   0.00399201    -0.00226859   0.00399201     0.00864655   0.00192499
    2    7
 -0.01087270   0.00676444    -0.01214076   0.01723637     0.01214076  -0.01723637
 -0.01214076   0.01723637    -0.01087270   0.00676444     0.01214076  -0.01723637
  0.01214076  -0.01723637     0.01214076  -0.01723637    -0.01087270   0.00676444
    2    8
  0.00848342   0.00738545     0.00036693  -0.00096490    -0.00036693   0.00096490
  0.00233840  -0.00144898     0.00757551   0.00056340     0.00183254   0.00184028
 -0.00233840   0.00144898     0.00183254   0.00184028     0.00757551   0.00056340
    2    9
 -0.01027129  -0.00702359     0.01475254  -0.00143384    -0.01475254   0.00143384
  0.01306195   0.00408648    -0.01119725  -0.00210447     0.01081093   0.00092129
 -0.01306195  -0.00408648     0.01081093   0.00092129    -0.01119725  -0.00210447
    2   10
  0.00757551   0.00056340     0.00233840  -0.00144898     0.00183254   0.00184028
  0.00036693  -0.00096490     0.00848342   0.00738545    -0.00036693   0.00096490
  0.00183254   0.00184028    -0.00233840   0.00144898     0.00757551   0.00056340
    2   11
 -0.01119725  -0.00210447     0.01306195   0.00408648     0.01081093   0.00092129
  0.01475254  -0.00143384    -0.01027129  -0.00702359    -0.01475254   0.00143384
  0.01081093   0.00092129    -0.01306195  -0.00408648    -0.01119725  -0.00210447
    3    1
 -0.01842646  -0.01453806     0.00372119   0.01584761    -0.00372119  -0.01584761
  0.00372119   0.01584761    -0.01842646  -0.01453806    -0.00372119  -0.01584761
 -0.00372119  -0.01584761    -0.00372119  -0.01584761    -0.01842646  -0.01453806
    3    2
 -0.00319761  -0.00502079    -0.00067352  -0.00295181     0.00067352   0.00295181
 -0.00067352  -0.00295181    -0.00319761  -0.00502079     0.00067352   0.00295181
  0.00067352   0.00295181     0.00067352   0.00295181    -0.00319761  -0.00502079
    3    3
  0.05502118   0.00000000     0.00804660   0.00000000    -0.00804660  -0.00000000
  0.00804660   0.00000000     0.05502118   0.00000000    -0.00804660  -0.00000000
 -0.00804660  -0.00000000    -0.00804660  -0.00000000     0.05502118   0.00000000
    3    4
 -0.01119725   0.00210447    -0.01081093   0.00092129    -0.01306195   0.00408648
 -0.01081093   0.00092129    -0.01119725   0.00210447    -0.01306195   0.00408648
 -0.01475254  -0.00143384    -0.01475254  -0.00143384    -0.01027129   0.00702359
    3    5
  0.00757551  -0.00056340    -0.00183254   0.00184028    -0.00233840  -0.00144898
 -0.00183254   0.00184028     0.00757551  -0.00056340    -0.00233840  -0.00144898
 -0.00036693  -0.00096490    -0.00036693  -0.00096490     0.00848342  -0.00738545
    3    6
 -0.01087270  -0.00676444    -0.01214076  -0.01723637     0.01214076   0.01723637
 -0.01214076  -0.01723637    -0.01087270  -0.00676444     0.01214076   0.01723637
  0.01214076   0.01723637     0.01214076   0.01723637    -0.01087270  -0.00676444
    3    7
  0.00864655  -0.00192499     0.00226859   0.00399201    -0.00226859  -0.00399201
  0.00226859   0.00399201     0.00864655  -0.00192499    -0.00226859  -0.00399201
 -0.00226859  -0.00399201    -0.00226859  -0.00399201     0.00864655  -0.00192499
    3    8
 -0.01027129   0.00702359     0.01475254   0.00143384    -0.01475254  -0.00143384
  0.01306195  -0.00408648    -0.01119725   0.00210447     0.01081093  -0.00092129
 -0.01306195   0.00408648     0.01081093  -0.00092129    -0.01119725   0.00210447
    3    9
  0.00848342  -0.00738545     0.00036693   0.00096490    -0.00036693  -0.00096490
  0.00233840   0.00144898     0.00757551  -0.00056340     0.00183254  -0.00184028
 -0.00233840  -0.00144898     0.00183254  -0.00184028     0.00757551  -0.00056340
    3   10
 -0.01119725   0.00210447     0.01306195  -0.00408648     0.01081093  -0.00092129
  0.01475254   0.00143384    -0.01027129   0.00702359    -0.01475254  -0.00143384
  0.01081093  -0.00092129    -0.01306195   0.00408648    -0.01119725   0.00210447
    3   11
  0.00757551  -0.00056340     0.00233840   0.00144898     0.00183254  -0.00184028
  0.00036693   0.00096490     0.00848342  -0.00738545    -0.00036693  -0.00096490
  0.00183254  -0.00184028    -0.00233840  -0.00144898     0.00757551  -0.00056340
    4    1
  0.00629738  -0.01087075     0.01240609   0.00389405     0.00726256   0.01642820
  0.01240609   0.00389405     0.00629738  -0.01087075     0.00726256   0.01642820
  0.00350985   0.01477319     0.00350985   0.01477319    -0.01713337   0.02621815
    4    2
  0.00757551  -0.00056340    -0.00183254   0.00184028    -0.00036693  -0.00096490
 -0.00183254   0.00184028     0.00757551  -0.00056340    -0.00036693  -0.00096490
 -0.00233840  -0.00144898    -0.00233840  -0.00144898     0.00848342  -0.00738545
    4    3
 -0.01119725  -0.00210447    -0.01081093  -0.00092129    -0.01475254   0.00143384
 -0.01081093  -0.00092129    -0.01119725  -0.00210447    -0.01475254   0.00143384
 -0.01306195  -0.00408648    -0.01306195  -0.00408648    -0.01027129  -0.00702359
    4    4
  0.05992505  -0.00000000     0.00077900  -0.00000000    -0.00278781  -0.00098216
  0.00077900  -0.00000000     0.05992505  -0.00000000    -0.00278781  -0.00098216
 -0.00278781   0.00098216    -0.00278781   0.00098216     0.06570231  -0.00000000
    4    5
 -0.01446605  -0.00019297    -0.00640003  -0.00213423    -0.00258764   0.00548218
 -0.00640003  -0.00213423    -0.01446605  -0.00019297    -0.00258764   0.00548218
 -0.00258764   0.00548218    -0.00258764   0.00548218    -0.02437245  -0.00110167
    4    6
 -0.01299845  -0.00088277     0.01195050  -0.00179286    -0.00464575  -0.00203250
  0.01195050  -0.00179286    -0.01299845  -0.00088277    -0.00464575  -0.00203250
  0.00700042   0.00127508     0.00700042   0.00127508     0.02409426   0.00537810
    4    7
  0.01183327  -0.00052933    -0.00485722  -0.00169125     0.01051183   0.00358529
 -0.00485722  -0.00169125     0.01183327  -0.00052933     0.01051183   0.00358529
 -0.01397417   0.00178318    -0.01397417   0.00178318    -0.05021658   0.00648253
    4    8
 -0.00814598  -0.00084099    -0.00007837  -0.00214222     0.01446351   0.00000000
  0.00406001  -0.00321894     0.01496774   0.00000000     0.00007837  -0.00214222
  0.01427930   0.00000000    -0.00406001  -0.00321894    -0.00814598   0.00084099
    4    9
  0.00979678   0.00091110     0.01136679  -0.00359589    -0.00589887   0.00828871
 -0.00845603  -0.00289918    -0.04433815  -0.00114204    -0.01136679   0.00359589
 -0.01426674   0.00701761     0.00845603   0.00289918     0.00979678   0.00091110
    4   10
  0.01496774   0.00000000     0.00406001  -0.00321894     0.00007837  -0.00214222
 -0.00007837  -0.00214222    -0.00814598  -0.00084099     0.01446351   0.00000000
 -0.00406001  -0.00321894     0.01427930   0.00000000    -0.00814598   0.00084099
    4   11
 -0.04433815  -0.00114204    -0.00845603  -0.00289918    -0.01136679   0.00359589
  0.01136679  -0.00359589     0.00979678   0.00091110    -0.00589887   0.00828871
  0.00845603   0.00289918    -0.01426674   0.00701761     0.00979678   0.00091110
    5    1
 -0.00626566   0.01088906     0.00957539   0.00879696     0.01785852  -0.00192455
  0.00957539   0.00879696    -0.00626566   0.01088906     0.01785852  -0.00192455
  0.01454888  -0.00434697     0.01454888  -0.00434697     0.01413891  -0.02794701
    5    2
 -0.01119725   0.00210447    -0.01081093   0.00092129    -0.01475254  -0.00143384
 -0.01081093   0.00092129    -0.01119725   0.00210447    -0.01475254  -0.00143384
 -0.01306195   0.00408648    -0.01306195   0.00408648    -0.01027129   0.00702359
    5    3
  0.00757551   0.00056340    -0.00183254  -0.00184028    -0.00036693   0.00096490
 -0.00183254  -0.00184028     0.00757551   0.00056340    -0.00036693   0.00096490
 -0.00233840   0.00144898    -0.00233840   0.00144898     0.00848342   0.00738545
    5    4
 -0.01446605   0.00019297    -0.00640003   0.00213423    -0.00258764  -0.00548218
 -0.00640003   0.00213423    -0.01446605   0.00019297    -0.00258764  -0.00548218
 -0.00258764  -0.00548218    -0.00258764  -0.00548218    -0.02437245   0.00110167
    5    5
  0.05992505   0.00000000     0.00077900   0.00000000    -0.00278781   0.00098216
  0.00077900   0.00000000     0.05992505   0.00000000    -0.00278781   0.00098216
 -0.00278781  -0.00098216    -0.00278781  -0.00098216     0.06570231   0.00000000
    5    6
  0.01183327   0.00052933    -0.00485722   0.00169125     0.01051183  -0.00358529
 -0.00485722   0.00169125     0.01183327   0.00052933     0.01051183  -0.00358529
 -0.01397417  -0.00178318    -0.01397417  -0.00178318    -0.05021658  -0.00648253
    5    7
 -0.01299845   0.00088277     0.01195050   0.00179286    -0.00464575   0.00203250
  0.01195050   0.00179286    -0.01299845   0.00088277    -0.00464575   0.00203250
  0.00700042  -0.00127508     0.00700042  -0.00127508     0.02409426  -0.00537810
    5    8
  0.00979678  -0.00091110     0.01136679   0.00359589    -0.00589887  -0.00828871
 -0.00845603   0.00289918    -0.04433815   0.00114204    -0.01136679  -0.00359589
 -0.01426674  -0.00701761     0.00845603  -0.00289918     0.00979678  -0.00091110
    5    9
 -0.00814598   0.00084099    -0.00007837   0.00214222     0.01446351  -0.00000000
  0.00406001   0.00321894     0.01496774  -0.00000000     0.00007837   0.00214222
  0.01427930  -0.00000000    -0.00406001   0.00321894    -0.00814598  -0.00084099
    5   10
 -0.04433815   0.00114204    -0.00845603   0.00289918    -0.01136679  -0.00359589
  0.01136679   0.00359589     0.00979678  -0.00091110    -0.00589887  -0.00828871
  0.00845603  -0.00289918    -0.01426674  -0.00701761     0.00979678  -0.00091110
    5   11
  0.01496774  -0.00000000     0.00406001   0.00321894     0.00007837   0.00214222
 -0.00007837   0.00214222    -0.00814598   0.00084099     0.01446351  -0.00000000
 -0.00406001   0.00321894     0.01427930  -0.00000000    -0.00814598  -0.00084099
    6    1
 -0.02020267   0.01495764     0.01126199  -0.00914950    -0.01126199   0.00914950
  0.01126199  -0.00914950    -0.02020267   0.01495764    -0.01126199   0.00914950
 -0.01126199   0.00914950    -0.01126199   0.00914950    -0.02020267   0.01495764
    6    2
  0.00864655  -0.00192499     0.00226859   0.00399201    -0.00226859  -0.00399201
  0.00226859   0.00399201     0.00864655  -0.00192499    -0.00226859  -0.00399201
 -0.00226859  -0.00399201    -0.00226859  -0.00399201     0.00864655  -0.00192499
    6    3
 -0.01087270   0.00676444    -0.01214076   0.01723637     0.01214076  -0.01723637
 -0.01214076   0.01723637    -0.01087270   0.00676444     0.01214076  -0.01723637
  0.01214076  -0.01723637     0.01214076  -0.01723637    -0.01087270   0.00676444
    6    4
 -0.01299845   0.00088277     0.01195050   0.00179286     0.00700042  -0.00127508
  0.01195050   0.00179286    -0.01299845   0.00088277     0.00700042  -0.00127508
 -0.00464575   0.00203250    -0.00464575   0.00203250     0.02409426  -0.00537810
    6    5
  0.01183327  -0.00052933    -0.00485722  -0.00169125    -0.01397417   0.00178318
 -0.00485722  -0.00169125     0.01183327  -0.00052933    -0.01397417   0.00178318
  0.01051183   0.00358529     0.01051183   0.00358529    -0.05021658   0.00648253
    6    6
  0.07903967   0.00000000    -0.00306388  -0.00000000     0.00306388   0.00000000
 -0.00306388  -0.00000000     0.07903967   0.00000000     0.00306388   0.00000000
  0.00306388   0.00000000     0.00306388   0.00000000     0.07903967  -0.00000000
    6    7
 -0.02182511   0.01523620    -0.00649977  -0.00166240     0.00649977   0.00166240
 -0.00649977  -0.00166240    -0.02182511   0.01523620     0.00649977   0.00166240
  0.00649977   0.00166240     0.00649977   0.00166240    -0.02182511   0.01523620
    6    8
  0.02409426  -0.00537810     0.00464575  -0.00203250    -0.00464575   0.00203250
 -0.00700042   0.00127508    -0.01299845   0.00088277    -0.01195050  -0.00179286
  0.00700042  -0.00127508    -0.01195050  -0.00179286    -0.01299845   0.00088277
    6    9
 -0.05021658   0.00648253    -0.01051183  -0.00358529     0.01051183   0.00358529
  0.01397417  -0.00178318     0.01183327  -0.00052933     0.00485722   0.00169125
 -0.01397417   0.00178318     0.00485722   0.00169125     0.01183327  -0.00052933
    6   10
 -0.01299845   0.00088277    -0.00700042   0.00127508    -0.01195050  -0.00179286
  0.00464575  -0.00203250     0.02409426  -0.00537810    -0.00464575   0.00203250
 -0.01195050  -0.00179286     0.00700042  -0.00127508    -0.01299845   0.00088277
    6   11
  0.01183327  -0.00052933     0.01397417  -0.00178318     0.00485722   0.00169125
 -0.01051183  -0.00358529    -0.05021658   0.00648253     0.01051183   0.00358529
  0.00485722   0.00169125    -0.01397417   0.00178318     0.01183327  -0.00052933
    7    1
  0.00285236  -0.02497484    -0.00229270   0.01432792     0.00229270  -0.01432792
 -0.00229270   0.01432792     0.00285236  -0.02497484     0.00229270  -0.01432792
  0.00229270  -0.01432792     0.00229270  -0.01432792     0.00285236  -0.02497484
    7    2
 -0.01087270  -0.00676444    -0.01214076  -0.01723637     0.01214076   0.01723637
 -0.01214076  -0.01723637    -0.01087270  -0.00676444     0.01214076   0.01723637
  0.01214076   0.01723637     0.01214076   0.01723637    -0.01087270  -0.00676444
    7    3
  0.00864655   0.00192499     0.00226859  -0.00399201    -0.00226859   0.00399201
  0.00226859  -0.00399201     0.00864655   0.00192499    -0.00226859   0.00399201
 -0.00226859   0.00399201    -0.00226859   0.00399201     0.00864655   0.00192499
    7    4
  0.01183327   0.00052933    -0.00485722   0.00169125    -0.01397417  -0.00178318
 -0.00485722   0.00169125     0.01183327   0.00052933    -0.01397417  -0.00178318
  0.01051183  -0.00358529     0.01051183  -0.00358529    -0.05021658  -0.00648253
    7    5
 -0.01299845  -0.00088277     0.01195050  -0.00179286     0.00700042   0.00127508
  0.01195050  -0.00179286    -0.01299845  -0.00088277     0.00700042   0.00127508
 -0.00464575  -0.00203250    -0.00464575  -0.00203250     0.02409426   0.00537810
    7    6
 -0.02182511  -0.01523620    -0.00649977   0.00166240     0.00649977  -0.00166240
 -0.00649977   0.00166240    -0.02182511  -0.01523620     0.00649977  -0.00166240
  0.00649977  -0.00166240     0.00649977  -0.00166240    -0.02182511  -0.01523620
    7    7
  0.07903967  -0.00000000    -0.00306388   0.00000000     0.00306388  -0.00000000
 -0.00306388   0.00000000     0.07903967  -0.00000000     0.00306388  -0.00000000
  0.00306388  -0.00000000     0.00306388  -0.00000000     0.07903967   0.00000000
    7    8
 -0.05021658  -0.00648253    -0.01051183   0.00358529     0.01051183  -0.00358529
  0.01397417   0.00178318     0.01183327   0.00052933     0.00485722  -0.00169125
 -0.01397417  -0.00178318     0.00485722  -0.00169125     0.01183327   0.00052933
    7    9
  0.02409426   0.00537810     0.00464575   0.00203250    -0.00464575  -0.00203250
 -0.00700042  -0.00127508    -0.01299845  -0.00088277    -0.01195050   0.00179286
  0.00700042   0.00127508    -0.01195050   0.00179286    -0.01299845  -0.00088277
    7   10
  0.01183327   0.00052933     0.01397417   0.00178318     0.00485722  -0.00169125
 -0.01051183   0.00358529    -0.05021658  -0.00648253     0.01051183  -0.00358529
  0.00485722  -0.00169125    -0.01397417  -0.00178318     0.01183327   0.00052933
    7   11
 -0.01299845  -0.00088277    -0.00700042  -0.00127508    -0.01195050   0.00179286
  0.00464575   0.00203250     0.02409426   0.00537810    -0.00464575  -0.00203250
 -0.01195050   0.00179286     0.00700042   0.00127508    -0.01299845  -0.00088277
    8    1
 -0.01713337   0.02621815    -0.00350985  -0.01477319     0.00350985   0.01477319
 -0.00726256  -0.01642820     0.00629738  -0.01087075    -0.01240609  -0.00389405
  0.00726256   0.01642820    -0.01240609  -0.00389405     0.00629738  -0.01087075
    8    2
  0.00848342  -0.00738545     0.00233840   0.00144898    -0.00233840  -0.00144898
  0.00036693   0.00096490     0.00757551  -0.00056340     0.00183254  -0.00184028
 -0.00036693  -0.00096490     0.00183254  -0.00184028     0.00757551  -0.00056340
    8    3
 -0.01027129  -0.00702359     0.01306195   0.00408648    -0.01306195  -0.00408648
  0.01475254  -0.00143384    -0.01119725  -0.00210447     0.01081093   0.00092129
 -0.01475254   0.00143384     0.01081093   0.00092129    -0.01119725  -0.00210447
    8    4
 -0.00814598   0.00084099     0.00406001   0.00321894     0.01427930   0.00000000
 -0.00007837   0.00214222     0.01496774   0.00000000    -0.00406001   0.00321894
  0.01446351  -0.00000000     0.00007837   0.00214222    -0.00814598  -0.00084099
    8    5
  0.00979678   0.00091110    -0.00845603  -0.00289918    -0.01426674   0.00701761
  0.01136679  -0.00359589    -0.04433815  -0.00114204     0.00845603   0.00289918
 -0.00589887   0.00828871    -0.01136679   0.00359589     0.00979678   0.00091110
    8    6
  0.02409426   0.00537810    -0.00700042  -0.00127508     0.00700042   0.00127508
  0.00464575   0.00203250    -0.01299845  -0.00088277    -0.01195050   0.00179286
 -0.00464575  -0.00203250    -0.01195050   0.00179286    -0.01299845  -0.00088277
    8    7
 -0.05021658   0.00648253     0.01397417  -0.00178318    -0.01397417   0.00178318
 -0.01051183  -0.00358529     0.01183327  -0.00052933     0.00485722   0.00169125
  0.01051183   0.00358529     0.00485722   0.00169125     0.01183327  -0.00052933
    8    8
  0.06570231  -0.00000000     0.00278781  -0.00098216    -0.00278781   0.00098216
  0.00278781   0.00098216     0.05992505   0.00000000    -0.00077900  -0.00000000
 -0.00278781  -0.00098216    -0.00077900  -0.00000000     0.05992505   0.00000000
    8    9
 -0.02437245  -0.00110167     0.00258764  -0.00548218    -0.00258764   0.00548218
  0.00258764  -0.00548218    -0.01446605  -0.00019297     0.00640003   0.00213423
 -0.00258764   0.00548218     0.00640003   0.00213423    -0.01446605  -0.00019297
    8   10
 -0.00814598   0.00084099    -0.01427930  -0.00000000    -0.00406001  -0.00321894
 -0.01446351  -0.00000000    -0.00814598  -0.00084099     0.00007837   0.00214222
  0.00007837  -0.00214222    -0.00406001   0.00321894     0.01496774   0.00000000
    8   11
  0.00979678   0.00091110     0.01426674  -0.00701761     0.00845603   0.00289918
  0.00589887  -0.00828871     0.00979678   0.00091110    -0.01136679   0.00359589
 -0.01136679   0.00359589     0.00845603   0.00289918    -0.04433815  -0.00114204
    9    1
  0.01413891  -0.02794701    -0.01454888   0.00434697     0.01454888  -0.00434697
 -0.01785852   0.00192455    -0.00626566   0.01088906    -0.00957539  -0.00879696
  0.01785852  -0.00192455    -0.00957539  -0.00879696    -0.00626566   0.01088906
    9    2
 -0.01027129   0.00702359     0.01306195  -0.00408648    -0.01306195   0.00408648
  0.01475254   0.00143384    -0.01119725   0.00210447     0.01081093  -0.00092129
 -0.01475254  -0.00143384     0.01081093  -0.00092129    -0.01119725   0.00210447
    9    3
  0.00848342   0.00738545     0.00233840  -0.00144898    -0.00233840   0.00144898
  0.00036693  -0.00096490     0.00757551   0.00056340     0.00183254   0.00184028
 -0.00036693   0.00096490     0.00183254   0.00184028     0.00757551   0.00056340
    9    4
  0.00979678  -0.00091110    -0.00845603   0.00289918    -0.01426674  -0.00701761
  0.01136679   0.00359589    -0.04433815   0.00114204     0.00845603  -0.00289918
 -0.00589887  -0.00828871    -0.01136679  -0.00359589     0.00979678  -0.00091110
    9    5
 -0.00814598  -0.00084099     0.00406001  -0.00321894     0.01427930  -0.00000000
 -0.00007837  -0.00214222     0.01496774   0.00000000    -0.00406001  -0.00321894
  0.01446351   0.00000000     0.00007837  -0.00214222    -0.00814598   0.00084099
    9    6
 -0.05021658  -0.00648253     0.01397417   0.00178318    -0.01397417  -0.00178318
 -0.01051183   0.00358529     0.01183327   0.00052933     0.00485722  -0.00169125
  0.01051183  -0.00358529     0.00485722  -0.00169125     0.01183327   0.00052933
    9    7
  0.02409426  -0.00537810    -0.00700042   0.00127508     0.00700042  -0.00127508
  0.00464575  -0.00203250    -0.01299845   0.00088277    -0.01195050  -0.00179286
 -0.00464575   0.00203250    -0.01195050  -0.00179286    -0.01299845   0.00088277
    9    8
 -0.02437245   0.00110167     0.00258764   0.00548218    -0.00258764  -0.00548218
  0.00258764   0.00548218    -0.01446605   0.00019297     0.00640003  -0.00213423
 -0.00258764  -0.00548218     0.00640003  -0.00213423    -0.01446605   0.00019297
    9    9
  0.06570231   0.00000000     0.00278781   0.00098216    -0.00278781  -0.00098216
  0.00278781  -0.00098216     0.05992505  -0.00000000    -0.00077900   0.00000000
 -0.00278781   0.00098216    -0.00077900   0.00000000     0.05992505  -0.00000000
    9   10
  0.00979678  -0.00091110     0.01426674   0.00701761     0.00845603  -0.00289918
  0.00589887   0.00828871     0.00979678  -0.00091110    -0.01136679  -0.00359589
 -0.01136679  -0.00359589     0.00845603  -0.00289918    -0.04433815   0.00114204
    9   11
 -0.00814598  -0.00084099    -0.01427930   0.00000000    -0.00406001   0.00321894
 -0.01446351  -0.00000000    -0.00814598   0.00084099     0.00007837  -0.00214222
  0.00007837   0.00214222    -0.00406001  -0.00321894     0.01496774  -0.00000000
   10    1
  0.00629738  -0.01087075    -0.00726256  -0.01642820    -0.01240609  -0.00389405
 -0.00350985  -0.01477319    -0.01713337   0.02621815     0.00350985   0.01477319
 -0.01240609  -0.00389405     0.00726256   0.01642820     0.00629738  -0.01087075
   10    2
  0.00757551  -0.00056340     0.00036693   0.00096490     0.00183254  -0.00184028
  0.00233840   0.00144898     0.00848342  -0.00738545    -0.00233840  -0.00144898
  0.00183254  -0.00184028    -0.00036693  -0.00096490     0.00757551  -0.00056340
   10    3
 -0.01119725  -0.00210447     0.01475254  -0.00143384     0.01081093   0.00092129
  0.01306195   0.00408648    -0.01027129  -0.00702359    -0.01306195  -0.00408648
  0.01081093   0.00092129    -0.01475254   0.00143384    -0.01119725  -0.00210447
   10    4
  0.01496774   0.00000000    -0.00007837   0.00214222    -0.00406001   0.00321894
  0.00406001   0.00321894    -0.00814598   0.00084099     0.01427930   0.00000000
  0.00007837   0.00214222     0.01446351  -0.00000000    -0.00814598  -0.00084099
   10    5
 -0.04433815  -0.00114204     0.01136679  -0.00359589     0.00845603   0.00289918
 -0.00845603  -0.00289918     0.00979678   0.00091110    -0.01426674   0.00701761
 -0.01136679   0.00359589    -0.00589887   0.00828871     0.00979678   0.00091110
   10    6
 -0.01299845  -0.00088277     0.00464575   0.00203250    -0.01195050   0.00179286
 -0.00700042  -0.00127508     0.02409426   0.00537810     0.00700042   0.00127508
 -0.01195050   0.00179286    -0.00464575  -0.00203250    -0.01299845  -0.00088277
   10    7
  0.01183327  -0.00052933    -0.01051183  -0.00358529     0.00485722   0.00169125
  0.01397417  -0.00178318    -0.05021658   0.00648253    -0.01397417   0.00178318
  0.00485722   0.00169125     0.01051183   0.00358529     0.01183327  -0.00052933
   10    8
 -0.00814598  -0.00084099    -0.01446351  -0.00000000     0.00007837   0.00214222
 -0.01427930  -0.00000000    -0.00814598   0.00084099    -0.00406001  -0.00321894
 -0.00406001   0.00321894     0.00007837  -0.00214222     0.01496774   0.00000000
   10    9
  0.00979678   0.00091110     0.00589887  -0.00828871    -0.01136679   0.00359589
  0.01426674  -0.00701761     0.00979678   0.00091110     0.00845603   0.00289918
  0.00845603   0.00289918    -0.01136679   0.00359589    -0.04433815  -0.00114204
   10   10
  0.05992505  -0.00000000     0.00278781   0.00098216    -0.00077900   0.00000000
  0.00278781  -0.00098216     0.06570231  -0.00000000    -0.00278781   0.00098216
 -0.00077900   0.00000000    -0.00278781  -0.00098216     0.05992505  -0.00000000
   10   11
 -0.01446605  -0.00019297     0.00258764  -0.00548218     0.00640003   0.00213423
  0.00258764  -0.00548218    -0.02437245  -0.00110167    -0.00258764   0.00548218
  0.00640003   0.00213423    -0.00258764   0.00548218    -0.01446605  -0.00019297
   11    1
 -0.00626566   0.01088906    -0.01785852   0.00192455    -0.00957539  -0.00879696
 -0.01454888   0.00434697     0.01413891  -0.02794701     0.01454888  -0.00434697
 -0.00957539  -0.00879696     0.01785852  -0.00192455    -0.00626566   0.01088906
   11    2
 -0.01119725   0.00210447     0.01475254   0.00143384     0.01081093  -0.00092129
  0.01306195  -0.00408648    -0.01027129   0.00702359    -0.01306195   0.00408648
  0.01081093  -0.00092129    -0.01475254  -0.00143384    -0.01119725   0.00210447
   11    3
  0.00757551   0.00056340     0.00036693  -0.00096490     0.00183254   0.00184028
  0.00233840  -0.00144898     0.00848342   0.00738545    -0.00233840   0.00144898
  0.00183254   0.00184028    -0.00036693   0.00096490     0.00757551   0.00056340
   11    4
 -0.04433815   0.00114204     0.01136679   0.00359589     0.00845603  -0.00289918
 -0.00845603   0.00289918     0.00979678  -0.00091110    -0.01426674  -0.00701761
 -0.01136679  -0.00359589    -0.00589887  -0.00828871     0.00979678  -0.00091110
   11    5
  0.01496774  -0.00000000    -0.00007837  -0.00214222    -0.00406001  -0.00321894
  0.00406001  -0.00321894    -0.00814598  -0.00084099     0.01427930  -0.00000000
  0.00007837  -0.00214222     0.01446351   0.00000000    -0.00814598   0.00084099
   11    6
  0.01183327   0.00052933    -0.01051183   0.00358529     0.00485722  -0.00169125
  0.01397417   0.00178318    -0.05021658  -0.00648253    -0.01397417  -0.00178318
  0.00485722  -0.00169125     0.01051183  -0.00358529     0.01183327   0.00052933
   11    7
 -0.01299845   0.00088277     0.00464575  -0.00203250    -0.01195050  -0.00179286
 -0.00700042   0.00127508     0.02409426  -0.00537810     0.00700042  -0.00127508
 -0.01195050  -0.00179286    -0.00464575   0.00203250    -0.01299845   0.00088277
   11    8
  0.00979678  -0.00091110     0.00589887   0.00828871    -0.01136679  -0.00359589
  0.01426674   0.00701761     0.00979678  -0.00091110     0.00845603  -0.00289918
  0.00845603  -0.00289918    -0.01136679  -0.00359589    -0.04433815   0.00114204
   11    9
 -0.00814598   0.00084099    -0.01446351   0.00000000     0.00007837  -0.00214222
 -0.01427930   0.00000000    -0.00814598  -0.00084099    -0.00406001   0.00321894
 -0.00406001  -0.00321894     0.00007837   0.00214222     0.01496774  -0.00000000
   11   10
 -0.01446605   0.00019297     0.00258764   0.00548218     0.00640003  -0.00213423
  0.00258764   0.00548218    -0.02437245   0.00110167    -0.00258764  -0.00548218
  0.00640003  -0.00213423    -0.00258764  -0.00548218    -0.01446605   0.00019297
   11   11
  0.05992505   0.00000000     0.00278781  -0.00098216    -0.00077900  -0.00000000
  0.00278781   0.00098216     0.06570231   0.00000000    -0.00278781  -0.00098216
 -0.00077900  -0.00000000    -0.00278781   0.00098216     0.05992505   0.00000000

     Dynamical  Matrix in cartesian axes

     q = (    0.117851130  -0.117851130  -0.117851130 ) 

    1    1
  0.14196127   0.00000000    -0.02040365   0.00000000    -0.02040365   0.00000000
 -0.02040365   0.00000000     0.14196127   0.00000000     0.02040365   0.00000000
 -0.02040365   0.00000000     0.02040365   0.00000000     0.14196127   0.00000000
    1    2
 -0.02180356  -0.00868875    -0.01558503   0.00470116    -0.01558503   0.00470116
 -0.01558503   0.00470116    -0.02180356  -0.00868875     0.01558503  -0.00470116
 -0.01558503   0.00470116     0.01558503  -0.00470116    -0.02180356  -0.00868875
    1    3
 -0.01842646  -0.01453806    -0.00372119  -0.01584761    -0.00372119  -0.01584761
 -0.00372119  -0.01584761    -0.01842646  -0.01453806     0.00372119   0.01584761
 -0.00372119  -0.01584761     0.00372119   0.01584761    -0.01842646  -0.01453806
    1    4
 -0.01713337   0.02621815     0.00726256   0.01642820     0.00726256   0.01642820
  0.00350985   0.01477319     0.00629738  -0.01087075     0.01240609   0.00389405
  0.00350985   0.01477319     0.01240609   0.00389405     0.00629738  -0.01087075
    1    5
  0.01413891  -0.02794701     0.01785852  -0.00192455     0.01785852  -0.00192455
  0.01454888  -0.00434697    -0.00626566   0.01088906     0.00957539   0.00879696
  0.01454888  -0.00434697     0.00957539   0.00879696    -0.00626566   0.01088906
    1    6
  0.00629738  -0.01087075     0.00350985   0.01477319    -0.01240609  -0.00389405
  0.00726256   0.01642820    -0.01713337   0.02621815    -0.00726256  -0.01642820
 -0.01240609  -0.00389405    -0.00350985  -0.01477319     0.00629738  -0.01087075
    1    7
 -0.00626566   0.01088906     0.01454888  -0.00434697    -0.00957539  -0.00879696
  0.01785852  -0.00192455     0.01413891  -0.02794701    -0.01785852   0.00192455
 -0.00957539  -0.00879696    -0.01454888   0.00434697    -0.00626566   0.01088906
    1    8
  0.00629738  -0.01087075    -0.01240609  -0.00389405     0.00350985   0.01477319
 -0.01240609  -0.00389405     0.00629738  -0.01087075    -0.00350985  -0.01477319
  0.00726256   0.01642820    -0.00726256  -0.01642820    -0.01713337   0.02621815
    1    9
 -0.00626566   0.01088906    -0.00957539  -0.00879696     0.01454888  -0.00434697
 -0.00957539  -0.00879696    -0.00626566   0.01088906    -0.01454888   0.00434697
  0.01785852  -0.00192455    -0.01785852   0.00192455     0.01413891  -0.02794701
    1   10
 -0.02020267   0.01495764    -0.01126199   0.00914950    -0.01126199   0.00914950
 -0.01126199   0.00914950    -0.02020267   0.01495764     0.01126199  -0.00914950
 -0.01126199   0.00914950     0.01126199  -0.00914950    -0.02020267   0.01495764
    1   11
  0.00285236  -0.02497484     0.00229270  -0.01432792     0.00229270  -0.01432792
  0.00229270  -0.01432792     0.00285236  -0.02497484    -0.00229270   0.01432792
  0.00229270  -0.01432792    -0.00229270   0.01432792     0.00285236  -0.02497484
    2    1
 -0.02180356   0.00868875    -0.01558503  -0.00470116    -0.01558503  -0.00470116
 -0.01558503  -0.00470116    -0.02180356   0.00868875     0.01558503   0.00470116
 -0.01558503  -0.00470116     0.01558503   0.00470116    -0.02180356   0.00868875
    2    2
  0.05502118   0.00000000    -0.00804660  -0.00000000    -0.00804660  -0.00000000
 -0.00804660  -0.00000000     0.05502118   0.00000000     0.00804660   0.00000000
 -0.00804660  -0.00000000     0.00804660   0.00000000     0.05502118   0.00000000
    2    3
 -0.00319761  -0.00502079     0.00067352   0.00295181     0.00067352   0.00295181
  0.00067352   0.00295181    -0.00319761  -0.00502079    -0.00067352  -0.00295181
  0.00067352   0.00295181    -0.00067352  -0.00295181    -0.00319761  -0.00502079
    2    4
  0.00848342  -0.00738545    -0.00036693  -0.00096490    -0.00036693  -0.00096490
 -0.00233840  -0.00144898     0.00757551  -0.00056340    -0.00183254   0.00184028
 -0.00233840  -0.00144898    -0.00183254   0.00184028     0.00757551  -0.00056340
    2    5
 -0.01027129   0.00702359    -0.01475254  -0.00143384    -0.01475254  -0.00143384
 -0.01306195   0.00408648    -0.01119725   0.00210447    -0.01081093   0.00092129
 -0.01306195   0.00408648    -0.01081093   0.00092129    -0.01119725   0.00210447
    2    6
  0.00757551  -0.00056340    -0.00233840  -0.00144898     0.00183254  -0.00184028
 -0.00036693  -0.00096490     0.00848342  -0.00738545     0.00036693   0.00096490
  0.00183254  -0.00184028     0.00233840   0.00144898     0.00757551  -0.00056340
    2    7
 -0.01119725   0.00210447    -0.01306195   0.00408648     0.01081093  -0.00092129
 -0.01475254  -0.00143384    -0.01027129   0.00702359     0.01475254   0.00143384
  0.01081093  -0.00092129     0.01306195  -0.00408648    -0.01119725   0.00210447
    2    8
  0.00757551  -0.00056340     0.00183254  -0.00184028    -0.00233840  -0.00144898
  0.00183254  -0.00184028     0.00757551  -0.00056340     0.00233840   0.00144898
 -0.00036693  -0.00096490     0.00036693   0.00096490     0.00848342  -0.00738545
    2    9
 -0.01119725   0.00210447     0.01081093  -0.00092129    -0.01306195   0.00408648
  0.01081093  -0.00092129    -0.01119725   0.00210447     0.01306195  -0.00408648
 -0.01475254  -0.00143384     0.01475254   0.00143384    -0.01027129   0.00702359
    2   10
  0.00864655  -0.00192499    -0.00226859  -0.00399201    -0.00226859  -0.00399201
 -0.00226859  -0.00399201     0.00864655  -0.00192499     0.00226859   0.00399201
 -0.00226859  -0.00399201     0.00226859   0.00399201     0.00864655  -0.00192499
    2   11
 -0.01087270  -0.00676444     0.01214076   0.01723637     0.01214076   0.01723637
  0.01214076   0.01723637    -0.01087270  -0.00676444    -0.01214076  -0.01723637
  0.01214076   0.01723637    -0.01214076  -0.01723637    -0.01087270  -0.00676444
    3    1
 -0.01842646   0.01453806    -0.00372119   0.01584761    -0.00372119   0.01584761
 -0.00372119   0.01584761    -0.01842646   0.01453806     0.00372119  -0.01584761
 -0.00372119   0.01584761     0.00372119  -0.01584761    -0.01842646   0.01453806
    3    2
 -0.00319761   0.00502079     0.00067352  -0.00295181     0.00067352  -0.00295181
  0.00067352  -0.00295181    -0.00319761   0.00502079    -0.00067352   0.00295181
  0.00067352  -0.00295181    -0.00067352   0.00295181    -0.00319761   0.00502079
    3    3
  0.05502118  -0.00000000    -0.00804660   0.00000000    -0.00804660   0.00000000
 -0.00804660   0.00000000     0.05502118  -0.00000000     0.00804660  -0.00000000
 -0.00804660   0.00000000     0.00804660  -0.00000000     0.05502118  -0.00000000
    3    4
 -0.01027129  -0.00702359    -0.01475254   0.00143384    -0.01475254   0.00143384
 -0.01306195  -0.00408648    -0.01119725  -0.00210447    -0.01081093  -0.00092129
 -0.01306195  -0.00408648    -0.01081093  -0.00092129    -0.01119725  -0.00210447
    3    5
  0.00848342   0.00738545    -0.00036693   0.00096490    -0.00036693   0.00096490
 -0.00233840   0.00144898     0.00757551   0.00056340    -0.00183254  -0.00184028
 -0.00233840   0.00144898    -0.00183254  -0.00184028     0.00757551   0.00056340
    3    6
 -0.01119725  -0.00210447    -0.01306195  -0.00408648     0.01081093   0.00092129
 -0.01475254   0.00143384    -0.01027129  -0.00702359     0.01475254  -0.00143384
  0.01081093   0.00092129     0.01306195   0.00408648    -0.01119725  -0.00210447
    3    7
  0.00757551   0.00056340    -0.00233840   0.00144898     0.00183254   0.00184028
 -0.00036693   0.00096490     0.00848342   0.00738545     0.00036693  -0.00096490
  0.00183254   0.00184028     0.00233840  -0.00144898     0.00757551   0.00056340
    3    8
 -0.01119725  -0.00210447     0.01081093   0.00092129    -0.01306195  -0.00408648
  0.01081093   0.00092129    -0.01119725  -0.00210447     0.01306195   0.00408648
 -0.01475254   0.00143384     0.01475254  -0.00143384    -0.01027129  -0.00702359
    3    9
  0.00757551   0.00056340     0.00183254   0.00184028    -0.00233840   0.00144898
  0.00183254   0.00184028     0.00757551   0.00056340     0.00233840  -0.00144898
 -0.00036693   0.00096490     0.00036693  -0.00096490     0.00848342   0.00738545
    3   10
 -0.01087270   0.00676444     0.01214076  -0.01723637     0.01214076  -0.01723637
  0.01214076  -0.01723637    -0.01087270   0.00676444    -0.01214076   0.01723637
  0.01214076  -0.01723637    -0.01214076   0.01723637    -0.01087270   0.00676444
    3   11
  0.00864655   0.00192499    -0.00226859   0.00399201    -0.00226859   0.00399201
 -0.00226859   0.00399201     0.00864655   0.00192499     0.00226859  -0.00399201
 -0.00226859   0.00399201     0.00226859  -0.00399201     0.00864655   0.00192499
    4    1
 -0.01713337  -0.02621815     0.00350985  -0.01477319     0.00350985  -0.01477319
