  4.500000000000000E-002   1.50316355304967        5.45022541909342     
           8

     Dynamical  Matrix in cartesian axes

     q = (    0.117851130   0.117851130  -0.117851130 ) 

    1    1
  0.14528195   0.00000000     0.02043833   0.00000000    -0.02043833   0.00000000
  0.02043833   0.00000000     0.14528195   0.00000000    -0.02043833   0.00000000
 -0.02043833   0.00000000    -0.02043833   0.00000000     0.14528195   0.00000000
    1    2
 -0.02359643   0.00970680     0.01576280   0.00556152    -0.01576280  -0.00556152
  0.01576280   0.00556152    -0.02359643   0.00970680    -0.01576280  -0.00556152
 -0.01576280  -0.00556152    -0.01576280  -0.00556152    -0.02359643   0.00970680
    1    3
 -0.02020455   0.01558171     0.00306498  -0.01643175    -0.00306498   0.01643175
  0.00306498  -0.01643175    -0.02020455   0.01558171    -0.00306498   0.01643175
 -0.00306498   0.01643175    -0.00306498   0.01643175    -0.02020455   0.01558171
    1    4
  0.00541311   0.01034690     0.01280271  -0.00445958     0.00475051  -0.01484458
  0.01280271  -0.00445958     0.00541311   0.01034690     0.00475051  -0.01484458
  0.00769826  -0.01659945     0.00769826  -0.01659945    -0.01550262  -0.02478258
    1    5
 -0.00625413  -0.00986134     0.01026347  -0.00885768     0.01523104   0.00330823
  0.01026347  -0.00885768    -0.00625413  -0.00986134     0.01523104   0.00330823
  0.01822467   0.00163283     0.01822467   0.00163283     0.01371103   0.02581696
    1    6
 -0.01861060  -0.01084251     0.01127942   0.00961597    -0.01127942  -0.00961597
  0.01127942   0.00961597    -0.01861060  -0.01084251    -0.01127942  -0.00961597
 -0.01127942  -0.00961597    -0.01127942  -0.00961597    -0.01861060  -0.01084251
    1    7
  0.00008459   0.02153850    -0.00268797  -0.01457625     0.00268797   0.01457625
 -0.00268797  -0.01457625     0.00008459   0.02153850     0.00268797   0.01457625
  0.00268797   0.01457625     0.00268797   0.01457625     0.00008459   0.02153850
    1    8
 -0.01550262  -0.02478258    -0.00769826   0.01659945     0.00769826  -0.01659945
 -0.00475051   0.01484458     0.00541311   0.01034690    -0.01280271   0.00445958
  0.00475051  -0.01484458    -0.01280271   0.00445958     0.00541311   0.01034690
    1    9
  0.01371103   0.02581696    -0.01822467  -0.00163283     0.01822467   0.00163283
 -0.01523104  -0.00330823    -0.00625413  -0.00986134    -0.01026347   0.00885768
  0.01523104   0.00330823    -0.01026347   0.00885768    -0.00625413  -0.00986134
    1   10
  0.00541311   0.01034690    -0.00475051   0.01484458    -0.01280271   0.00445958
 -0.00769826   0.01659945    -0.01550262  -0.02478258     0.00769826  -0.01659945
 -0.01280271   0.00445958     0.00475051  -0.01484458     0.00541311   0.01034690
    1   11
 -0.00625413  -0.00986134    -0.01523104  -0.00330823    -0.01026347   0.00885768
 -0.01822467  -0.00163283     0.01371103   0.02581696     0.01822467   0.00163283
 -0.01026347   0.00885768     0.01523104   0.00330823    -0.00625413  -0.00986134
    2    1
 -0.02359643  -0.00970680     0.01576280  -0.00556152    -0.01576280   0.00556152
  0.01576280  -0.00556152    -0.02359643  -0.00970680    -0.01576280   0.00556152
 -0.01576280   0.00556152    -0.01576280   0.00556152    -0.02359643  -0.00970680
    2    2
  0.05960011  -0.00000000     0.00628302  -0.00000000    -0.00628302   0.00000000
  0.00628302  -0.00000000     0.05960011  -0.00000000    -0.00628302   0.00000000
 -0.00628302   0.00000000    -0.00628302   0.00000000     0.05960011  -0.00000000
    2    3
 -0.00598731   0.00515037    -0.00088795   0.00243336     0.00088795  -0.00243336
 -0.00088795   0.00243336    -0.00598731   0.00515037     0.00088795  -0.00243336
  0.00088795  -0.00243336     0.00088795  -0.00243336    -0.00598731   0.00515037
    2    4
  0.00726731   0.00104996    -0.00122692  -0.00151328    -0.00169354   0.00157654
 -0.00122692  -0.00151328     0.00726731   0.00104996    -0.00169354   0.00157654
  0.00015065   0.00103949     0.00015065   0.00103949     0.00738612   0.00644239
    2    5
 -0.01145232  -0.00278704    -0.01192445  -0.00007897    -0.01464989  -0.00466324
 -0.01192445  -0.00007897    -0.01145232  -0.00278704    -0.01464989  -0.00466324
 -0.01584708   0.00128142    -0.01584708   0.00128142    -0.01248359  -0.00611308
    2    6
  0.00943291   0.00141789     0.00130514  -0.00334834    -0.00130514   0.00334834
  0.00130514  -0.00334834     0.00943291   0.00141789    -0.00130514   0.00334834
 -0.00130514   0.00334834    -0.00130514   0.00334834     0.00943291   0.00141789
    2    7
 -0.00988484   0.00798231    -0.01141267   0.01697394     0.01141267  -0.01697394
 -0.01141267   0.01697394    -0.00988484   0.00798231     0.01141267  -0.01697394
  0.01141267  -0.01697394     0.01141267  -0.01697394    -0.00988484   0.00798231
    2    8
  0.00738612   0.00644239    -0.00015065  -0.00103949     0.00015065   0.00103949
  0.00169354  -0.00157654     0.00726731   0.00104996     0.00122692   0.00151328
 -0.00169354   0.00157654     0.00122692   0.00151328     0.00726731   0.00104996
    2    9
 -0.01248359  -0.00611308     0.01584708  -0.00128142    -0.01584708   0.00128142
  0.01464989   0.00466324    -0.01145232  -0.00278704     0.01192445   0.00007897
 -0.01464989  -0.00466324     0.01192445   0.00007897    -0.01145232  -0.00278704
    2   10
  0.00726731   0.00104996     0.00169354  -0.00157654     0.00122692   0.00151328
 -0.00015065  -0.00103949     0.00738612   0.00644239     0.00015065   0.00103949
  0.00122692   0.00151328    -0.00169354   0.00157654     0.00726731   0.00104996
    2   11
 -0.01145232  -0.00278704     0.01464989   0.00466324     0.01192445   0.00007897
  0.01584708  -0.00128142    -0.01248359  -0.00611308    -0.01584708   0.00128142
  0.01192445   0.00007897    -0.01464989  -0.00466324    -0.01145232  -0.00278704
    3    1
 -0.02020455  -0.01558171     0.00306498   0.01643175    -0.00306498  -0.01643175
  0.00306498   0.01643175    -0.02020455  -0.01558171    -0.00306498  -0.01643175
 -0.00306498  -0.01643175    -0.00306498  -0.01643175    -0.02020455  -0.01558171
    3    2
 -0.00598731  -0.00515037    -0.00088795  -0.00243336     0.00088795   0.00243336
 -0.00088795  -0.00243336    -0.00598731  -0.00515037     0.00088795   0.00243336
  0.00088795   0.00243336     0.00088795   0.00243336    -0.00598731  -0.00515037
    3    3
  0.05960011   0.00000000     0.00628302   0.00000000    -0.00628302  -0.00000000
  0.00628302   0.00000000     0.05960011   0.00000000    -0.00628302  -0.00000000
 -0.00628302  -0.00000000    -0.00628302  -0.00000000     0.05960011   0.00000000
    3    4
 -0.01145232   0.00278704    -0.01192445   0.00007897    -0.01464989   0.00466324
 -0.01192445   0.00007897    -0.01145232   0.00278704    -0.01464989   0.00466324
 -0.01584708  -0.00128142    -0.01584708  -0.00128142    -0.01248359   0.00611308
    3    5
  0.00726731  -0.00104996    -0.00122692   0.00151328    -0.00169354  -0.00157654
 -0.00122692   0.00151328     0.00726731  -0.00104996    -0.00169354  -0.00157654
  0.00015065  -0.00103949     0.00015065  -0.00103949     0.00738612  -0.00644239
    3    6
 -0.00988484  -0.00798231    -0.01141267  -0.01697394     0.01141267   0.01697394
 -0.01141267  -0.01697394    -0.00988484  -0.00798231     0.01141267   0.01697394
  0.01141267   0.01697394     0.01141267   0.01697394    -0.00988484  -0.00798231
    3    7
  0.00943291  -0.00141789     0.00130514   0.00334834    -0.00130514  -0.00334834
  0.00130514   0.00334834     0.00943291  -0.00141789    -0.00130514  -0.00334834
 -0.00130514  -0.00334834    -0.00130514  -0.00334834     0.00943291  -0.00141789
    3    8
 -0.01248359   0.00611308     0.01584708   0.00128142    -0.01584708  -0.00128142
  0.01464989  -0.00466324    -0.01145232   0.00278704     0.01192445  -0.00007897
 -0.01464989   0.00466324     0.01192445  -0.00007897    -0.01145232   0.00278704
    3    9
  0.00738612  -0.00644239    -0.00015065   0.00103949     0.00015065  -0.00103949
  0.00169354   0.00157654     0.00726731  -0.00104996     0.00122692  -0.00151328
 -0.00169354  -0.00157654     0.00122692  -0.00151328     0.00726731  -0.00104996
    3   10
 -0.01145232   0.00278704     0.01464989  -0.00466324     0.01192445  -0.00007897
  0.01584708   0.00128142    -0.01248359   0.00611308    -0.01584708  -0.00128142
  0.01192445  -0.00007897    -0.01464989   0.00466324    -0.01145232   0.00278704
    3   11
  0.00726731  -0.00104996     0.00169354   0.00157654     0.00122692  -0.00151328
 -0.00015065   0.00103949     0.00738612  -0.00644239     0.00015065  -0.00103949
  0.00122692  -0.00151328    -0.00169354  -0.00157654     0.00726731  -0.00104996
    4    1
  0.00541311  -0.01034690     0.01280271   0.00445958     0.00769826   0.01659945
  0.01280271   0.00445958     0.00541311  -0.01034690     0.00769826   0.01659945
  0.00475051   0.01484458     0.00475051   0.01484458    -0.01550262   0.02478258
    4    2
  0.00726731  -0.00104996    -0.00122692   0.00151328     0.00015065  -0.00103949
 -0.00122692   0.00151328     0.00726731  -0.00104996     0.00015065  -0.00103949
 -0.00169354  -0.00157654    -0.00169354  -0.00157654     0.00738612  -0.00644239
    4    3
 -0.01145232  -0.00278704    -0.01192445  -0.00007897    -0.01584708   0.00128142
 -0.01192445  -0.00007897    -0.01145232  -0.00278704    -0.01584708   0.00128142
 -0.01464989  -0.00466324    -0.01464989  -0.00466324    -0.01248359  -0.00611308
    4    4
  0.06006764  -0.00000000     0.00060100  -0.00000000    -0.00181505  -0.00071940
  0.00060100  -0.00000000     0.06006764  -0.00000000    -0.00181505  -0.00071940
 -0.00181505   0.00071940    -0.00181505   0.00071940     0.06246412  -0.00000000
    4    5
 -0.01553971   0.00007934    -0.00383481  -0.00103888    -0.00226638   0.00514250
 -0.00383481  -0.00103888    -0.01553971   0.00007934    -0.00226638   0.00514250
 -0.00226638   0.00514250    -0.00226638   0.00514250    -0.01903995   0.00125549
    4    6
 -0.01265035  -0.00077338     0.01093373  -0.00103458    -0.00424447  -0.00189999
  0.01093373  -0.00103458    -0.01265035  -0.00077338    -0.00424447  -0.00189999
  0.00442362   0.00148991     0.00442362   0.00148991     0.01910953   0.00132948
    4    7
  0.01216098  -0.00082855    -0.00483847  -0.00132751     0.00952214   0.00223811
 -0.00483847  -0.00132751     0.01216098  -0.00082855     0.00952214   0.00223811
 -0.01243769   0.00024270    -0.01243769   0.00024270    -0.04541849   0.00422444
    4    8
 -0.00846513   0.00059743    -0.00214542  -0.00325565     0.01434360   0.00000000
  0.00417684  -0.00321678     0.01557443   0.00000000     0.00214542  -0.00325565
  0.01361496   0.00000000    -0.00417684  -0.00321678    -0.00846513  -0.00059743
    4    9
  0.01015512   0.00187677     0.01171563  -0.00385945    -0.00740436   0.00816904
 -0.00825876  -0.00286491    -0.04370609  -0.00079733    -0.01171563   0.00385945
 -0.01085756   0.00569664     0.00825876   0.00286491     0.01015512   0.00187677
    4   10
  0.01557443  -0.00000000     0.00417684  -0.00321678     0.00214542  -0.00325565
 -0.00214542  -0.00325565    -0.00846513   0.00059743     0.01434360  -0.00000000
 -0.00417684  -0.00321678     0.01361496  -0.00000000    -0.00846513  -0.00059743
    4   11
 -0.04370609  -0.00079733    -0.00825876  -0.00286491    -0.01171563   0.00385945
  0.01171563  -0.00385945     0.01015512   0.00187677    -0.00740436   0.00816904
  0.00825876   0.00286491    -0.01085756   0.00569664     0.01015512   0.00187677
    5    1
 -0.00625413   0.00986134     0.01026347   0.00885768     0.01822467  -0.00163283
  0.01026347   0.00885768    -0.00625413   0.00986134     0.01822467  -0.00163283
  0.01523104  -0.00330823     0.01523104  -0.00330823     0.01371103  -0.02581696
    5    2
 -0.01145232   0.00278704    -0.01192445   0.00007897    -0.01584708  -0.00128142
 -0.01192445   0.00007897    -0.01145232   0.00278704    -0.01584708  -0.00128142
 -0.01464989   0.00466324    -0.01464989   0.00466324    -0.01248359   0.00611308
    5    3
  0.00726731   0.00104996    -0.00122692  -0.00151328     0.00015065   0.00103949
 -0.00122692  -0.00151328     0.00726731   0.00104996     0.00015065   0.00103949
 -0.00169354   0.00157654    -0.00169354   0.00157654     0.00738612   0.00644239
    5    4
 -0.01553971  -0.00007934    -0.00383481   0.00103888    -0.00226638  -0.00514250
 -0.00383481   0.00103888    -0.01553971  -0.00007934    -0.00226638  -0.00514250
 -0.00226638  -0.00514250    -0.00226638  -0.00514250    -0.01903995  -0.00125549
    5    5
  0.06006764   0.00000000     0.00060100   0.00000000    -0.00181505   0.00071940
  0.00060100   0.00000000     0.06006764   0.00000000    -0.00181505   0.00071940
 -0.00181505  -0.00071940    -0.00181505  -0.00071940     0.06246412   0.00000000
    5    6
  0.01216098   0.00082855    -0.00483847   0.00132751     0.00952214  -0.00223811
 -0.00483847   0.00132751     0.01216098   0.00082855     0.00952214  -0.00223811
 -0.01243769  -0.00024270    -0.01243769  -0.00024270    -0.04541849  -0.00422444
    5    7
 -0.01265035   0.00077338     0.01093373   0.00103458    -0.00424447   0.00189999
  0.01093373   0.00103458    -0.01265035   0.00077338    -0.00424447   0.00189999
  0.00442362  -0.00148991     0.00442362  -0.00148991     0.01910953  -0.00132948
    5    8
  0.01015512  -0.00187677     0.01171563   0.00385945    -0.00740436  -0.00816904
 -0.00825876   0.00286491    -0.04370609   0.00079733    -0.01171563  -0.00385945
 -0.01085756  -0.00569664     0.00825876  -0.00286491     0.01015512  -0.00187677
    5    9
 -0.00846513  -0.00059743    -0.00214542   0.00325565     0.01434360  -0.00000000
  0.00417684   0.00321678     0.01557443  -0.00000000     0.00214542   0.00325565
  0.01361496  -0.00000000    -0.00417684   0.00321678    -0.00846513   0.00059743
    5   10
 -0.04370609   0.00079733    -0.00825876   0.00286491    -0.01171563  -0.00385945
  0.01171563   0.00385945     0.01015512  -0.00187677    -0.00740436  -0.00816904
  0.00825876  -0.00286491    -0.01085756  -0.00569664     0.01015512  -0.00187677
    5   11
  0.01557443  -0.00000000     0.00417684   0.00321678     0.00214542   0.00325565
 -0.00214542   0.00325565    -0.00846513  -0.00059743     0.01434360   0.00000000
 -0.00417684   0.00321678     0.01361496   0.00000000    -0.00846513   0.00059743
    6    1
 -0.01861060   0.01084251     0.01127942  -0.00961597    -0.01127942   0.00961597
  0.01127942  -0.00961597    -0.01861060   0.01084251    -0.01127942   0.00961597
 -0.01127942   0.00961597    -0.01127942   0.00961597    -0.01861060   0.01084251
    6    2
  0.00943291  -0.00141789     0.00130514   0.00334834    -0.00130514  -0.00334834
  0.00130514   0.00334834     0.00943291  -0.00141789    -0.00130514  -0.00334834
 -0.00130514  -0.00334834    -0.00130514  -0.00334834     0.00943291  -0.00141789
    6    3
 -0.00988484   0.00798231    -0.01141267   0.01697394     0.01141267  -0.01697394
 -0.01141267   0.01697394    -0.00988484   0.00798231     0.01141267  -0.01697394
  0.01141267  -0.01697394     0.01141267  -0.01697394    -0.00988484   0.00798231
    6    4
 -0.01265035   0.00077338     0.01093373   0.00103458     0.00442362  -0.00148991
  0.01093373   0.00103458    -0.01265035   0.00077338     0.00442362  -0.00148991
 -0.00424447   0.00189999    -0.00424447   0.00189999     0.01910953  -0.00132948
    6    5
  0.01216098  -0.00082855    -0.00483847  -0.00132751    -0.01243769   0.00024270
 -0.00483847  -0.00132751     0.01216098  -0.00082855    -0.01243769   0.00024270
  0.00952214   0.00223811     0.00952214   0.00223811    -0.04541849   0.00422444
    6    6
  0.07017427  -0.00000000    -0.00079943  -0.00000000     0.00079943   0.00000000
 -0.00079943  -0.00000000     0.07017427  -0.00000000     0.00079943   0.00000000
  0.00079943   0.00000000     0.00079943   0.00000000     0.07017427  -0.00000000
    6    7
 -0.01860548   0.01008601    -0.00672363  -0.00079225     0.00672363   0.00079225
 -0.00672363  -0.00079225    -0.01860548   0.01008601     0.00672363   0.00079225
  0.00672363   0.00079225     0.00672363   0.00079225    -0.01860548   0.01008601
    6    8
  0.01910953  -0.00132948     0.00424447  -0.00189999    -0.00424447   0.00189999
 -0.00442362   0.00148991    -0.01265035   0.00077338    -0.01093373  -0.00103458
  0.00442362  -0.00148991    -0.01093373  -0.00103458    -0.01265035   0.00077338
    6    9
 -0.04541849   0.00422444    -0.00952214  -0.00223811     0.00952214   0.00223811
  0.01243769  -0.00024270     0.01216098  -0.00082855     0.00483847   0.00132751
 -0.01243769   0.00024270     0.00483847   0.00132751     0.01216098  -0.00082855
    6   10
 -0.01265035   0.00077338    -0.00442362   0.00148991    -0.01093373  -0.00103458
  0.00424447  -0.00189999     0.01910953  -0.00132948    -0.00424447   0.00189999
 -0.01093373  -0.00103458     0.00442362  -0.00148991    -0.01265035   0.00077338
    6   11
  0.01216098  -0.00082855     0.01243769  -0.00024270     0.00483847   0.00132751
 -0.00952214  -0.00223811    -0.04541849   0.00422444     0.00952214   0.00223811
  0.00483847   0.00132751    -0.01243769   0.00024270     0.01216098  -0.00082855
    7    1
  0.00008459  -0.02153850    -0.00268797   0.01457625     0.00268797  -0.01457625
 -0.00268797   0.01457625     0.00008459  -0.02153850     0.00268797  -0.01457625
  0.00268797  -0.01457625     0.00268797  -0.01457625     0.00008459  -0.02153850
    7    2
 -0.00988484  -0.00798231    -0.01141267  -0.01697394     0.01141267   0.01697394
 -0.01141267  -0.01697394    -0.00988484  -0.00798231     0.01141267   0.01697394
  0.01141267   0.01697394     0.01141267   0.01697394    -0.00988484  -0.00798231
    7    3
  0.00943291   0.00141789     0.00130514  -0.00334834    -0.00130514   0.00334834
  0.00130514  -0.00334834     0.00943291   0.00141789    -0.00130514   0.00334834
 -0.00130514   0.00334834    -0.00130514   0.00334834     0.00943291   0.00141789
    7    4
  0.01216098   0.00082855    -0.00483847   0.00132751    -0.01243769  -0.00024270
 -0.00483847   0.00132751     0.01216098   0.00082855    -0.01243769  -0.00024270
  0.00952214  -0.00223811     0.00952214  -0.00223811    -0.04541849  -0.00422444
    7    5
 -0.01265035  -0.00077338     0.01093373  -0.00103458     0.00442362   0.00148991
  0.01093373  -0.00103458    -0.01265035  -0.00077338     0.00442362   0.00148991
 -0.00424447  -0.00189999    -0.00424447  -0.00189999     0.01910953   0.00132948
    7    6
 -0.01860548  -0.01008601    -0.00672363   0.00079225     0.00672363  -0.00079225
 -0.00672363   0.00079225    -0.01860548  -0.01008601     0.00672363  -0.00079225
  0.00672363  -0.00079225     0.00672363  -0.00079225    -0.01860548  -0.01008601
    7    7
  0.07017427   0.00000000    -0.00079943   0.00000000     0.00079943  -0.00000000
 -0.00079943   0.00000000     0.07017427   0.00000000     0.00079943  -0.00000000
  0.00079943  -0.00000000     0.00079943  -0.00000000     0.07017427   0.00000000
    7    8
 -0.04541849  -0.00422444    -0.00952214   0.00223811     0.00952214  -0.00223811
  0.01243769   0.00024270     0.01216098   0.00082855     0.00483847  -0.00132751
 -0.01243769  -0.00024270     0.00483847  -0.00132751     0.01216098   0.00082855
    7    9
  0.01910953   0.00132948     0.00424447   0.00189999    -0.00424447  -0.00189999
 -0.00442362  -0.00148991    -0.01265035  -0.00077338    -0.01093373   0.00103458
  0.00442362   0.00148991    -0.01093373   0.00103458    -0.01265035  -0.00077338
    7   10
  0.01216098   0.00082855     0.01243769   0.00024270     0.00483847  -0.00132751
 -0.00952214   0.00223811    -0.04541849  -0.00422444     0.00952214  -0.00223811
  0.00483847  -0.00132751    -0.01243769  -0.00024270     0.01216098   0.00082855
    7   11
 -0.01265035  -0.00077338    -0.00442362  -0.00148991    -0.01093373   0.00103458
  0.00424447   0.00189999     0.01910953   0.00132948    -0.00424447  -0.00189999
 -0.01093373   0.00103458     0.00442362   0.00148991    -0.01265035  -0.00077338
    8    1
 -0.01550262   0.02478258    -0.00475051  -0.01484458     0.00475051   0.01484458
 -0.00769826  -0.01659945     0.00541311  -0.01034690    -0.01280271  -0.00445958
  0.00769826   0.01659945    -0.01280271  -0.00445958     0.00541311  -0.01034690
    8    2
  0.00738612  -0.00644239     0.00169354   0.00157654    -0.00169354  -0.00157654
 -0.00015065   0.00103949     0.00726731  -0.00104996     0.00122692  -0.00151328
  0.00015065  -0.00103949     0.00122692  -0.00151328     0.00726731  -0.00104996
    8    3
 -0.01248359  -0.00611308     0.01464989   0.00466324    -0.01464989  -0.00466324
  0.01584708  -0.00128142    -0.01145232  -0.00278704     0.01192445   0.00007897
 -0.01584708   0.00128142     0.01192445   0.00007897    -0.01145232  -0.00278704
    8    4
 -0.00846513  -0.00059743     0.00417684   0.00321678     0.01361496  -0.00000000
 -0.00214542   0.00325565     0.01557443   0.00000000    -0.00417684   0.00321678
  0.01434360   0.00000000     0.00214542   0.00325565    -0.00846513   0.00059743
    8    5
  0.01015512   0.00187677    -0.00825876  -0.00286491    -0.01085756   0.00569664
  0.01171563  -0.00385945    -0.04370609  -0.00079733     0.00825876   0.00286491
 -0.00740436   0.00816904    -0.01171563   0.00385945     0.01015512   0.00187677
    8    6
  0.01910953   0.00132948    -0.00442362  -0.00148991     0.00442362   0.00148991
  0.00424447   0.00189999    -0.01265035  -0.00077338    -0.01093373   0.00103458
 -0.00424447  -0.00189999    -0.01093373   0.00103458    -0.01265035  -0.00077338
    8    7
 -0.04541849   0.00422444     0.01243769  -0.00024270    -0.01243769   0.00024270
 -0.00952214  -0.00223811     0.01216098  -0.00082855     0.00483847   0.00132751
  0.00952214   0.00223811     0.00483847   0.00132751     0.01216098  -0.00082855
    8    8
  0.06246412  -0.00000000     0.00181505  -0.00071940    -0.00181505   0.00071940
  0.00181505   0.00071940     0.06006764  -0.00000000    -0.00060100   0.00000000
 -0.00181505  -0.00071940    -0.00060100   0.00000000     0.06006764  -0.00000000
    8    9
 -0.01903995   0.00125549     0.00226638  -0.00514250    -0.00226638   0.00514250
  0.00226638  -0.00514250    -0.01553971   0.00007934     0.00383481   0.00103888
 -0.00226638   0.00514250     0.00383481   0.00103888    -0.01553971   0.00007934
    8   10
 -0.00846513  -0.00059743    -0.01361496   0.00000000    -0.00417684  -0.00321678
 -0.01434360  -0.00000000    -0.00846513   0.00059743     0.00214542   0.00325565
  0.00214542  -0.00325565    -0.00417684   0.00321678     0.01557443   0.00000000
    8   11
  0.01015512   0.00187677     0.01085756  -0.00569664     0.00825876   0.00286491
  0.00740436  -0.00816904     0.01015512   0.00187677    -0.01171563   0.00385945
 -0.01171563   0.00385945     0.00825876   0.00286491    -0.04370609  -0.00079733
    9    1
  0.01371103  -0.02581696    -0.01523104   0.00330823     0.01523104  -0.00330823
 -0.01822467   0.00163283    -0.00625413   0.00986134    -0.01026347  -0.00885768
  0.01822467  -0.00163283    -0.01026347  -0.00885768    -0.00625413   0.00986134
    9    2
 -0.01248359   0.00611308     0.01464989  -0.00466324    -0.01464989   0.00466324
  0.01584708   0.00128142    -0.01145232   0.00278704     0.01192445  -0.00007897
 -0.01584708  -0.00128142     0.01192445  -0.00007897    -0.01145232   0.00278704
    9    3
  0.00738612   0.00644239     0.00169354  -0.00157654    -0.00169354   0.00157654
 -0.00015065  -0.00103949     0.00726731   0.00104996     0.00122692   0.00151328
  0.00015065   0.00103949     0.00122692   0.00151328     0.00726731   0.00104996
    9    4
  0.01015512  -0.00187677    -0.00825876   0.00286491    -0.01085756  -0.00569664
  0.01171563   0.00385945    -0.04370609   0.00079733     0.00825876  -0.00286491
 -0.00740436  -0.00816904    -0.01171563  -0.00385945     0.01015512  -0.00187677
    9    5
 -0.00846513   0.00059743     0.00417684  -0.00321678     0.01361496   0.00000000
 -0.00214542  -0.00325565     0.01557443   0.00000000    -0.00417684  -0.00321678
  0.01434360  -0.00000000     0.00214542  -0.00325565    -0.00846513  -0.00059743
    9    6
 -0.04541849  -0.00422444     0.01243769   0.00024270    -0.01243769  -0.00024270
 -0.00952214   0.00223811     0.01216098   0.00082855     0.00483847  -0.00132751
  0.00952214  -0.00223811     0.00483847  -0.00132751     0.01216098   0.00082855
    9    7
  0.01910953  -0.00132948    -0.00442362   0.00148991     0.00442362  -0.00148991
  0.00424447  -0.00189999    -0.01265035   0.00077338    -0.01093373  -0.00103458
 -0.00424447   0.00189999    -0.01093373  -0.00103458    -0.01265035   0.00077338
    9    8
 -0.01903995  -0.00125549     0.00226638   0.00514250    -0.00226638  -0.00514250
  0.00226638   0.00514250    -0.01553971  -0.00007934     0.00383481  -0.00103888
 -0.00226638  -0.00514250     0.00383481  -0.00103888    -0.01553971  -0.00007934
    9    9
  0.06246412   0.00000000     0.00181505   0.00071940    -0.00181505  -0.00071940
  0.00181505  -0.00071940     0.06006764   0.00000000    -0.00060100  -0.00000000
 -0.00181505   0.00071940    -0.00060100  -0.00000000     0.06006764   0.00000000
    9   10
  0.01015512  -0.00187677     0.01085756   0.00569664     0.00825876  -0.00286491
  0.00740436   0.00816904     0.01015512  -0.00187677    -0.01171563  -0.00385945
 -0.01171563  -0.00385945     0.00825876  -0.00286491    -0.04370609   0.00079733
    9   11
 -0.00846513   0.00059743    -0.01361496  -0.00000000    -0.00417684   0.00321678
 -0.01434360   0.00000000    -0.00846513  -0.00059743     0.00214542  -0.00325565
  0.00214542   0.00325565    -0.00417684  -0.00321678     0.01557443   0.00000000
   10    1
  0.00541311  -0.01034690    -0.00769826  -0.01659945    -0.01280271  -0.00445958
 -0.00475051  -0.01484458    -0.01550262   0.02478258     0.00475051   0.01484458
 -0.01280271  -0.00445958     0.00769826   0.01659945     0.00541311  -0.01034690
   10    2
  0.00726731  -0.00104996    -0.00015065   0.00103949     0.00122692  -0.00151328
  0.00169354   0.00157654     0.00738612  -0.00644239    -0.00169354  -0.00157654
  0.00122692  -0.00151328     0.00015065  -0.00103949     0.00726731  -0.00104996
   10    3
 -0.01145232  -0.00278704     0.01584708  -0.00128142     0.01192445   0.00007897
  0.01464989   0.00466324    -0.01248359  -0.00611308    -0.01464989  -0.00466324
  0.01192445   0.00007897    -0.01584708   0.00128142    -0.01145232  -0.00278704
   10    4
  0.01557443   0.00000000    -0.00214542   0.00325565    -0.00417684   0.00321678
  0.00417684   0.00321678    -0.00846513  -0.00059743     0.01361496  -0.00000000
  0.00214542   0.00325565     0.01434360   0.00000000    -0.00846513   0.00059743
   10    5
 -0.04370609  -0.00079733     0.01171563  -0.00385945     0.00825876   0.00286491
 -0.00825876  -0.00286491     0.01015512   0.00187677    -0.01085756   0.00569664
 -0.01171563   0.00385945    -0.00740436   0.00816904     0.01015512   0.00187677
   10    6
 -0.01265035  -0.00077338     0.00424447   0.00189999    -0.01093373   0.00103458
 -0.00442362  -0.00148991     0.01910953   0.00132948     0.00442362   0.00148991
 -0.01093373   0.00103458    -0.00424447  -0.00189999    -0.01265035  -0.00077338
   10    7
  0.01216098  -0.00082855    -0.00952214  -0.00223811     0.00483847   0.00132751
  0.01243769  -0.00024270    -0.04541849   0.00422444    -0.01243769   0.00024270
  0.00483847   0.00132751     0.00952214   0.00223811     0.01216098  -0.00082855
   10    8
 -0.00846513   0.00059743    -0.01434360  -0.00000000     0.00214542   0.00325565
 -0.01361496  -0.00000000    -0.00846513  -0.00059743    -0.00417684  -0.00321678
 -0.00417684   0.00321678     0.00214542  -0.00325565     0.01557443   0.00000000
   10    9
  0.01015512   0.00187677     0.00740436  -0.00816904    -0.01171563   0.00385945
  0.01085756  -0.00569664     0.01015512   0.00187677     0.00825876   0.00286491
  0.00825876   0.00286491    -0.01171563   0.00385945    -0.04370609  -0.00079733
   10   10
  0.06006764  -0.00000000     0.00181505   0.00071940    -0.00060100   0.00000000
  0.00181505  -0.00071940     0.06246412  -0.00000000    -0.00181505   0.00071940
 -0.00060100   0.00000000    -0.00181505  -0.00071940     0.06006764  -0.00000000
   10   11
 -0.01553971   0.00007934     0.00226638  -0.00514250     0.00383481   0.00103888
  0.00226638  -0.00514250    -0.01903995   0.00125549    -0.00226638   0.00514250
  0.00383481   0.00103888    -0.00226638   0.00514250    -0.01553971   0.00007934
   11    1
 -0.00625413   0.00986134    -0.01822467   0.00163283    -0.01026347  -0.00885768
 -0.01523104   0.00330823     0.01371103  -0.02581696     0.01523104  -0.00330823
 -0.01026347  -0.00885768     0.01822467  -0.00163283    -0.00625413   0.00986134
   11    2
 -0.01145232   0.00278704     0.01584708   0.00128142     0.01192445  -0.00007897
  0.01464989  -0.00466324    -0.01248359   0.00611308    -0.01464989   0.00466324
  0.01192445  -0.00007897    -0.01584708  -0.00128142    -0.01145232   0.00278704
   11    3
  0.00726731   0.00104996    -0.00015065  -0.00103949     0.00122692   0.00151328
  0.00169354  -0.00157654     0.00738612   0.00644239    -0.00169354   0.00157654
  0.00122692   0.00151328     0.00015065   0.00103949     0.00726731   0.00104996
   11    4
 -0.04370609   0.00079733     0.01171563   0.00385945     0.00825876  -0.00286491
 -0.00825876   0.00286491     0.01015512  -0.00187677    -0.01085756  -0.00569664
 -0.01171563  -0.00385945    -0.00740436  -0.00816904     0.01015512  -0.00187677
   11    5
  0.01557443  -0.00000000    -0.00214542  -0.00325565    -0.00417684  -0.00321678
  0.00417684  -0.00321678    -0.00846513   0.00059743     0.01361496   0.00000000
  0.00214542  -0.00325565     0.01434360  -0.00000000    -0.00846513  -0.00059743
   11    6
  0.01216098   0.00082855    -0.00952214   0.00223811     0.00483847  -0.00132751
  0.01243769   0.00024270    -0.04541849  -0.00422444    -0.01243769  -0.00024270
  0.00483847  -0.00132751     0.00952214  -0.00223811     0.01216098   0.00082855
   11    7
 -0.01265035   0.00077338     0.00424447  -0.00189999    -0.01093373  -0.00103458
 -0.00442362   0.00148991     0.01910953  -0.00132948     0.00442362  -0.00148991
 -0.01093373  -0.00103458    -0.00424447   0.00189999    -0.01265035   0.00077338
   11    8
  0.01015512  -0.00187677     0.00740436   0.00816904    -0.01171563  -0.00385945
  0.01085756   0.00569664     0.01015512  -0.00187677     0.00825876  -0.00286491
  0.00825876  -0.00286491    -0.01171563  -0.00385945    -0.04370609   0.00079733
   11    9
 -0.00846513  -0.00059743    -0.01434360   0.00000000     0.00214542  -0.00325565
 -0.01361496   0.00000000    -0.00846513   0.00059743    -0.00417684   0.00321678
 -0.00417684  -0.00321678     0.00214542   0.00325565     0.01557443  -0.00000000
   11   10
 -0.01553971  -0.00007934     0.00226638   0.00514250     0.00383481  -0.00103888
  0.00226638   0.00514250    -0.01903995  -0.00125549    -0.00226638  -0.00514250
  0.00383481  -0.00103888    -0.00226638  -0.00514250    -0.01553971  -0.00007934
   11   11
  0.06006764   0.00000000     0.00181505  -0.00071940    -0.00060100  -0.00000000
  0.00181505   0.00071940     0.06246412   0.00000000    -0.00181505  -0.00071940
 -0.00060100  -0.00000000    -0.00181505   0.00071940     0.06006764   0.00000000

     Dynamical  Matrix in cartesian axes

     q = (    0.117851130  -0.117851130  -0.117851130 ) 

    1    1
  0.14528195   0.00000000    -0.02043833   0.00000000    -0.02043833   0.00000000
 -0.02043833   0.00000000     0.14528195   0.00000000     0.02043833   0.00000000
 -0.02043833   0.00000000     0.02043833   0.00000000     0.14528195   0.00000000
    1    2
 -0.02359643  -0.00970680    -0.01576280   0.00556152    -0.01576280   0.00556152
 -0.01576280   0.00556152    -0.02359643  -0.00970680     0.01576280  -0.00556152
 -0.01576280   0.00556152     0.01576280  -0.00556152    -0.02359643  -0.00970680
    1    3
 -0.02020455  -0.01558171    -0.00306498  -0.01643175    -0.00306498  -0.01643175
 -0.00306498  -0.01643175    -0.02020455  -0.01558171     0.00306498   0.01643175
 -0.00306498  -0.01643175     0.00306498   0.01643175    -0.02020455  -0.01558171
    1    4
 -0.01550262   0.02478258     0.00769826   0.01659945     0.00769826   0.01659945
  0.00475051   0.01484458     0.00541311  -0.01034690     0.01280271   0.00445958
  0.00475051   0.01484458     0.01280271   0.00445958     0.00541311  -0.01034690
    1    5
  0.01371103  -0.02581696     0.01822467  -0.00163283     0.01822467  -0.00163283
  0.01523104  -0.00330823    -0.00625413   0.00986134     0.01026347   0.00885768
  0.01523104  -0.00330823     0.01026347   0.00885768    -0.00625413   0.00986134
    1    6
  0.00541311  -0.01034690     0.00475051   0.01484458    -0.01280271  -0.00445958
  0.00769826   0.01659945    -0.01550262   0.02478258    -0.00769826  -0.01659945
 -0.01280271  -0.00445958    -0.00475051  -0.01484458     0.00541311  -0.01034690
    1    7
 -0.00625413   0.00986134     0.01523104  -0.00330823    -0.01026347  -0.00885768
  0.01822467  -0.00163283     0.01371103  -0.02581696    -0.01822467   0.00163283
 -0.01026347  -0.00885768    -0.01523104   0.00330823    -0.00625413   0.00986134
    1    8
  0.00541311  -0.01034690    -0.01280271  -0.00445958     0.00475051   0.01484458
 -0.01280271  -0.00445958     0.00541311  -0.01034690    -0.00475051  -0.01484458
  0.00769826   0.01659945    -0.00769826  -0.01659945    -0.01550262   0.02478258
    1    9
 -0.00625413   0.00986134    -0.01026347  -0.00885768     0.01523104  -0.00330823
 -0.01026347  -0.00885768    -0.00625413   0.00986134    -0.01523104   0.00330823
  0.01822467  -0.00163283    -0.01822467   0.00163283     0.01371103  -0.02581696
    1   10
 -0.01861060   0.01084251    -0.01127942   0.00961597    -0.01127942   0.00961597
 -0.01127942   0.00961597    -0.01861060   0.01084251     0.01127942  -0.00961597
 -0.01127942   0.00961597     0.01127942  -0.00961597    -0.01861060   0.01084251
    1   11
  0.00008459  -0.02153850     0.00268797  -0.01457625     0.00268797  -0.01457625
  0.00268797  -0.01457625     0.00008459  -0.02153850    -0.00268797   0.01457625
  0.00268797  -0.01457625    -0.00268797   0.01457625     0.00008459  -0.02153850
    2    1
 -0.02359643   0.00970680    -0.01576280  -0.00556152    -0.01576280  -0.00556152
 -0.01576280  -0.00556152    -0.02359643   0.00970680     0.01576280   0.00556152
 -0.01576280  -0.00556152     0.01576280   0.00556152    -0.02359643   0.00970680
    2    2
  0.05960011   0.00000000    -0.00628302  -0.00000000    -0.00628302  -0.00000000
 -0.00628302  -0.00000000     0.05960011   0.00000000     0.00628302   0.00000000
 -0.00628302  -0.00000000     0.00628302   0.00000000     0.05960011   0.00000000
    2    3
 -0.00598731  -0.00515037     0.00088795   0.00243336     0.00088795   0.00243336
  0.00088795   0.00243336    -0.00598731  -0.00515037    -0.00088795  -0.00243336
  0.00088795   0.00243336    -0.00088795  -0.00243336    -0.00598731  -0.00515037
    2    4
  0.00738612  -0.00644239     0.00015065  -0.00103949     0.00015065  -0.00103949
 -0.00169354  -0.00157654     0.00726731  -0.00104996    -0.00122692   0.00151328
 -0.00169354  -0.00157654    -0.00122692   0.00151328     0.00726731  -0.00104996
    2    5
 -0.01248359   0.00611308    -0.01584708  -0.00128142    -0.01584708  -0.00128142
 -0.01464989   0.00466324    -0.01145232   0.00278704    -0.01192445   0.00007897
 -0.01464989   0.00466324    -0.01192445   0.00007897    -0.01145232   0.00278704
    2    6
  0.00726731  -0.00104996    -0.00169354  -0.00157654     0.00122692  -0.00151328
  0.00015065  -0.00103949     0.00738612  -0.00644239    -0.00015065   0.00103949
  0.00122692  -0.00151328     0.00169354   0.00157654     0.00726731  -0.00104996
    2    7
 -0.01145232   0.00278704    -0.01464989   0.00466324     0.01192445  -0.00007897
 -0.01584708  -0.00128142    -0.01248359   0.00611308     0.01584708   0.00128142
  0.01192445  -0.00007897     0.01464989  -0.00466324    -0.01145232   0.00278704
    2    8
  0.00726731  -0.00104996     0.00122692  -0.00151328    -0.00169354  -0.00157654
  0.00122692  -0.00151328     0.00726731  -0.00104996     0.00169354   0.00157654
  0.00015065  -0.00103949    -0.00015065   0.00103949     0.00738612  -0.00644239
    2    9
 -0.01145232   0.00278704     0.01192445  -0.00007897    -0.01464989   0.00466324
  0.01192445  -0.00007897    -0.01145232   0.00278704     0.01464989  -0.00466324
 -0.01584708  -0.00128142     0.01584708   0.00128142    -0.01248359   0.00611308
    2   10
  0.00943291  -0.00141789    -0.00130514  -0.00334834    -0.00130514  -0.00334834
 -0.00130514  -0.00334834     0.00943291  -0.00141789     0.00130514   0.00334834
 -0.00130514  -0.00334834     0.00130514   0.00334834     0.00943291  -0.00141789
    2   11
 -0.00988484  -0.00798231     0.01141267   0.01697394     0.01141267   0.01697394
  0.01141267   0.01697394    -0.00988484  -0.00798231    -0.01141267  -0.01697394
  0.01141267   0.01697394    -0.01141267  -0.01697394    -0.00988484  -0.00798231
    3    1
 -0.02020455   0.01558171    -0.00306498   0.01643175    -0.00306498   0.01643175
 -0.00306498   0.01643175    -0.02020455   0.01558171     0.00306498  -0.01643175
 -0.00306498   0.01643175     0.00306498  -0.01643175    -0.02020455   0.01558171
    3    2
 -0.00598731   0.00515037     0.00088795  -0.00243336     0.00088795  -0.00243336
  0.00088795  -0.00243336    -0.00598731   0.00515037    -0.00088795   0.00243336
  0.00088795  -0.00243336    -0.00088795   0.00243336    -0.00598731   0.00515037
    3    3
  0.05960011  -0.00000000    -0.00628302   0.00000000    -0.00628302   0.00000000
 -0.00628302   0.00000000     0.05960011  -0.00000000     0.00628302  -0.00000000
 -0.00628302   0.00000000     0.00628302  -0.00000000     0.05960011  -0.00000000
    3    4
 -0.01248359  -0.00611308    -0.01584708   0.00128142    -0.01584708   0.00128142
 -0.01464989  -0.00466324    -0.01145232  -0.00278704    -0.01192445  -0.00007897
 -0.01464989  -0.00466324    -0.01192445  -0.00007897    -0.01145232  -0.00278704
    3    5
  0.00738612   0.00644239     0.00015065   0.00103949     0.00015065   0.00103949
 -0.00169354   0.00157654     0.00726731   0.00104996    -0.00122692  -0.00151328
 -0.00169354   0.00157654    -0.00122692  -0.00151328     0.00726731   0.00104996
    3    6
 -0.01145232  -0.00278704    -0.01464989  -0.00466324     0.01192445   0.00007897
 -0.01584708   0.00128142    -0.01248359  -0.00611308     0.01584708  -0.00128142
  0.01192445   0.00007897     0.01464989   0.00466324    -0.01145232  -0.00278704
    3    7
  0.00726731   0.00104996    -0.00169354   0.00157654     0.00122692   0.00151328
  0.00015065   0.00103949     0.00738612   0.00644239    -0.00015065  -0.00103949
  0.00122692   0.00151328     0.00169354  -0.00157654     0.00726731   0.00104996
    3    8
 -0.01145232  -0.00278704     0.01192445   0.00007897    -0.01464989  -0.00466324
  0.01192445   0.00007897    -0.01145232  -0.00278704     0.01464989   0.00466324
 -0.01584708   0.00128142     0.01584708  -0.00128142    -0.01248359  -0.00611308
    3    9
  0.00726731   0.00104996     0.00122692   0.00151328    -0.00169354   0.00157654
  0.00122692   0.00151328     0.00726731   0.00104996     0.00169354  -0.00157654
  0.00015065   0.00103949    -0.00015065  -0.00103949     0.00738612   0.00644239
    3   10
 -0.00988484   0.00798231     0.01141267  -0.01697394     0.01141267  -0.01697394
  0.01141267  -0.01697394    -0.00988484   0.00798231    -0.01141267   0.01697394
  0.01141267  -0.01697394    -0.01141267   0.01697394    -0.00988484   0.00798231
    3   11
  0.00943291   0.00141789    -0.00130514   0.00334834    -0.00130514   0.00334834
 -0.00130514   0.00334834     0.00943291   0.00141789     0.00130514  -0.00334834
 -0.00130514   0.00334834     0.00130514  -0.00334834     0.00943291   0.00141789
    4    1
 -0.01550262  -0.02478258     0.00475051  -0.01484458     0.00475051  -0.01484458
