  4.500000000000000E-002   1.50316355304967        5.45022541909342     
           6

     Dynamical  Matrix in cartesian axes

     q = (    0.471404521   0.000000000   0.000000000 ) 

    1    1
  0.24166236   0.00000000    -0.00000000   0.00000000     0.00000000   0.00000000
 -0.00000000   0.00000000     0.09748058   0.00000000    -0.00000000   0.00000000
  0.00000000   0.00000000    -0.00000000   0.00000000     0.09748058   0.00000000
    1    2
  0.00761607  -0.01319143    -0.00000000  -0.00000000     0.00000000  -0.00000000
 -0.00000000   0.00000000    -0.01497582   0.02593889    -0.01872399  -0.01081030
  0.00000000  -0.00000000    -0.01872399  -0.01081030    -0.01497582   0.02593889
    1    3
 -0.01523215  -0.00000000     0.00000000  -0.00000000     0.00000000  -0.00000000
 -0.00000000  -0.00000000     0.02995165   0.00000000     0.00000000  -0.02162060
 -0.00000000  -0.00000000     0.00000000  -0.02162060     0.02995165   0.00000000
    1    4
  0.03796230  -0.02952901    -0.01453543   0.00793329    -0.01453543   0.00793329
 -0.01291833   0.00334463    -0.00409501   0.00816388    -0.01770758   0.00345237
 -0.01291833   0.00334463    -0.01770758   0.00345237    -0.00409501   0.00816388
    1    5
 -0.04455402   0.01811181     0.01413815  -0.00862141     0.01413815  -0.00862141
  0.00935570  -0.00951528     0.00911764   0.00053556     0.01184363  -0.01360903
  0.00935570  -0.00951528     0.01184363  -0.01360903     0.00911764   0.00053556
    1    6
 -0.04455402   0.01811181     0.01413815  -0.00862141    -0.01413815   0.00862141
  0.00935570  -0.00951528     0.00911764   0.00053556    -0.01184363   0.01360903
 -0.00935570   0.00951528    -0.01184363   0.01360903     0.00911764   0.00053556
    1    7
  0.03796230  -0.02952901    -0.01453543   0.00793329     0.01453543  -0.00793329
 -0.01291833   0.00334463    -0.00409501   0.00816388     0.01770758  -0.00345237
  0.01291833  -0.00334463     0.01770758  -0.00345237    -0.00409501   0.00816388
    1    8
 -0.04455402   0.01811181    -0.01413815   0.00862141     0.01413815  -0.00862141
 -0.00935570   0.00951528     0.00911764   0.00053556    -0.01184363   0.01360903
  0.00935570  -0.00951528    -0.01184363   0.01360903     0.00911764   0.00053556
    1    9
  0.03796230  -0.02952901     0.01453543  -0.00793329    -0.01453543   0.00793329
  0.01291833  -0.00334463    -0.00409501   0.00816388     0.01770758  -0.00345237
 -0.01291833   0.00334463     0.01770758  -0.00345237    -0.00409501   0.00816388
    1   10
  0.03796230  -0.02952901     0.01453543  -0.00793329     0.01453543  -0.00793329
  0.01291833  -0.00334463    -0.00409501   0.00816388    -0.01770758   0.00345237
  0.01291833  -0.00334463    -0.01770758   0.00345237    -0.00409501   0.00816388
    1   11
 -0.04455402   0.01811181    -0.01413815   0.00862141    -0.01413815   0.00862141
 -0.00935570   0.00951528     0.00911764   0.00053556     0.01184363  -0.01360903
 -0.00935570   0.00951528     0.01184363  -0.01360903     0.00911764   0.00053556
    2    1
  0.00761607   0.01319143    -0.00000000  -0.00000000    -0.00000000  -0.00000000
 -0.00000000   0.00000000    -0.01497582  -0.02593889    -0.01872399   0.01081030
 -0.00000000  -0.00000000    -0.01872399   0.01081030    -0.01497582  -0.02593889
    2    2
  0.09786317   0.00000000     0.00000000  -0.00000000    -0.00000000  -0.00000000
  0.00000000  -0.00000000     0.07220090   0.00000000     0.00000000   0.00000000
  0.00000000  -0.00000000     0.00000000   0.00000000     0.07220090  -0.00000000
    2    3
 -0.00656728  -0.01137486    -0.00000000   0.00000000     0.00000000   0.00000000
  0.00000000   0.00000000    -0.00076136  -0.00131872    -0.01449218   0.00836706
 -0.00000000   0.00000000    -0.01449218   0.00836706    -0.00076136  -0.00131872
    2    4
 -0.00546586  -0.01645086     0.00968357   0.00293037     0.00968357   0.00293037
  0.00680135   0.00162832     0.00903842  -0.00806129     0.01209279   0.00550701
  0.00680135   0.00162832     0.01209279   0.00550701     0.00903842  -0.00806129
    2    5
 -0.00342590   0.01429485    -0.02245833  -0.00187857    -0.02245833  -0.00187857
 -0.02024594   0.00367222    -0.01902291   0.00517456    -0.02153134   0.00226485
 -0.02024594   0.00367222    -0.02153134   0.00226485    -0.01902291   0.00517456
    2    6
  0.01697979  -0.00349185    -0.00737956  -0.00692104     0.00737956   0.00692104
 -0.00481084  -0.00507598     0.00246207  -0.01185815     0.01081560   0.00771916
  0.00481084   0.00507598     0.01081560   0.00771916     0.00246207  -0.01185815
    2    7
 -0.01066675   0.01011435     0.01285606   0.01851019    -0.01285606  -0.01851019
  0.00694273   0.01936961     0.00503016   0.01906160    -0.00880426  -0.01977911
 -0.00694273  -0.01936961    -0.00880426  -0.01977911     0.00503016   0.01906160
    2    8
  0.01697979  -0.00349185     0.00737956   0.00692104    -0.00737956  -0.00692104
  0.00481084   0.00507598     0.00246207  -0.01185815     0.01081560   0.00771916
 -0.00481084  -0.00507598     0.01081560   0.00771916     0.00246207  -0.01185815
    2    9
 -0.01066675   0.01011435    -0.01285606  -0.01851019     0.01285606   0.01851019
 -0.00694273  -0.01936961     0.00503016   0.01906160    -0.00880426  -0.01977911
  0.00694273   0.01936961    -0.00880426  -0.01977911     0.00503016   0.01906160
    2   10
 -0.00546586  -0.01645086    -0.00968357  -0.00293037    -0.00968357  -0.00293037
 -0.00680135  -0.00162832     0.00903842  -0.00806129     0.01209279   0.00550701
 -0.00680135  -0.00162832     0.01209279   0.00550701     0.00903842  -0.00806129
    2   11
 -0.00342590   0.01429485     0.02245833   0.00187857     0.02245833   0.00187857
  0.02024594  -0.00367222    -0.01902291   0.00517456    -0.02153134   0.00226485
  0.02024594  -0.00367222    -0.02153134   0.00226485    -0.01902291   0.00517456
    3    1
 -0.01523215   0.00000000     0.00000000  -0.00000000     0.00000000   0.00000000
  0.00000000  -0.00000000     0.02995165  -0.00000000     0.00000000   0.02162060
  0.00000000  -0.00000000     0.00000000   0.02162060     0.02995165  -0.00000000
    3    2
 -0.00656728   0.01137486    -0.00000000  -0.00000000     0.00000000   0.00000000
  0.00000000  -0.00000000    -0.00076136   0.00131872    -0.01449218  -0.00836706
 -0.00000000  -0.00000000    -0.01449218  -0.00836706    -0.00076136   0.00131872
    3    3
  0.09786317  -0.00000000     0.00000000   0.00000000    -0.00000000   0.00000000
  0.00000000   0.00000000     0.07220090  -0.00000000     0.00000000  -0.00000000
  0.00000000   0.00000000     0.00000000  -0.00000000     0.07220090   0.00000000
    3    4
 -0.00342590  -0.01429485    -0.02245833   0.00187857    -0.02245833   0.00187857
 -0.02024594  -0.00367222    -0.01902291  -0.00517456    -0.02153134  -0.00226485
 -0.02024594  -0.00367222    -0.02153134  -0.00226485    -0.01902291  -0.00517456
    3    5
 -0.00546586   0.01645086     0.00968357  -0.00293037     0.00968357  -0.00293037
  0.00680135  -0.00162832     0.00903842   0.00806129     0.01209279  -0.00550701
  0.00680135  -0.00162832     0.01209279  -0.00550701     0.00903842   0.00806129
    3    6
 -0.01066675  -0.01011435     0.01285606  -0.01851019    -0.01285606   0.01851019
  0.00694273  -0.01936961     0.00503016  -0.01906160    -0.00880426   0.01977911
 -0.00694273   0.01936961    -0.00880426   0.01977911     0.00503016  -0.01906160
    3    7
  0.01697979   0.00349185    -0.00737956   0.00692104     0.00737956  -0.00692104
 -0.00481084   0.00507598     0.00246207   0.01185815     0.01081560  -0.00771916
  0.00481084  -0.00507598     0.01081560  -0.00771916     0.00246207   0.01185815
    3    8
 -0.01066675  -0.01011435    -0.01285606   0.01851019     0.01285606  -0.01851019
 -0.00694273   0.01936961     0.00503016  -0.01906160    -0.00880426   0.01977911
  0.00694273  -0.01936961    -0.00880426   0.01977911     0.00503016  -0.01906160
    3    9
  0.01697979   0.00349185     0.00737956  -0.00692104    -0.00737956   0.00692104
  0.00481084  -0.00507598     0.00246207   0.01185815     0.01081560  -0.00771916
 -0.00481084   0.00507598     0.01081560  -0.00771916     0.00246207   0.01185815
    3   10
 -0.00342590  -0.01429485     0.02245833  -0.00187857     0.02245833  -0.00187857
  0.02024594   0.00367222    -0.01902291  -0.00517456    -0.02153134  -0.00226485
  0.02024594   0.00367222    -0.02153134  -0.00226485    -0.01902291  -0.00517456
    3   11
 -0.00546586   0.01645086    -0.00968357   0.00293037    -0.00968357   0.00293037
 -0.00680135   0.00162832     0.00903842   0.00806129     0.01209279  -0.00550701
 -0.00680135   0.00162832     0.01209279  -0.00550701     0.00903842   0.00806129
    4    1
  0.03796230   0.02952901    -0.01291833  -0.00334463    -0.01291833  -0.00334463
 -0.01453543  -0.00793329    -0.00409501  -0.00816388    -0.01770758  -0.00345237
 -0.01453543  -0.00793329    -0.01770758  -0.00345237    -0.00409501  -0.00816388
    4    2
 -0.00546586   0.01645086     0.00680135  -0.00162832     0.00680135  -0.00162832
  0.00968357  -0.00293037     0.00903842   0.00806129     0.01209279  -0.00550701
  0.00968357  -0.00293037     0.01209279  -0.00550701     0.00903842   0.00806129
    4    3
 -0.00342590   0.01429485    -0.02024594   0.00367222    -0.02024594   0.00367222
 -0.02245833  -0.00187857    -0.01902291   0.00517456    -0.02153134   0.00226485
 -0.02245833  -0.00187857    -0.02153134   0.00226485    -0.01902291   0.00517456
    4    4
  0.08750799   0.00000000    -0.00254219  -0.00070157    -0.00254219  -0.00070157
 -0.00254219   0.00070157     0.06791224  -0.00000000     0.00508933   0.00000000
 -0.00254219   0.00070157     0.00508933   0.00000000     0.06791224  -0.00000000
    4    5
 -0.03105194   0.01092519    -0.00348929  -0.00265508    -0.00348929  -0.00265508
 -0.00348929  -0.00265508    -0.02342776  -0.00139199    -0.01402304   0.00424658
 -0.00348929  -0.00265508    -0.01402304   0.00424658    -0.02342776  -0.00139199
    4    6
 -0.01601370   0.01230593     0.02125480  -0.00337928    -0.01087839   0.00383827
  0.02125480  -0.00337928    -0.01256179   0.00405361    -0.00213800  -0.00163861
  0.01087839  -0.00383827     0.00213800   0.00163861     0.01699590   0.00209542
    4    7
  0.02244899   0.00000000    -0.02002921  -0.00097444     0.01899679   0.00006423
 -0.02002921   0.00097444     0.00779829   0.00000000     0.00722386   0.00219725
 -0.01899679   0.00006423    -0.00722386   0.00219725    -0.04368937  -0.00000000
    4    8
 -0.01601370   0.01230593    -0.01087839   0.00383827     0.02125480  -0.00337928
  0.01087839  -0.00383827     0.01699590   0.00209542     0.00213800   0.00163861
  0.02125480  -0.00337928    -0.00213800  -0.00163861    -0.01256179   0.00405361
    4    9
  0.02244899   0.00000000     0.01899679   0.00006423    -0.02002921  -0.00097444
 -0.01899679   0.00006423    -0.04368937  -0.00000000    -0.00722386   0.00219725
 -0.02002921   0.00097444     0.00722386   0.00219725     0.00779829   0.00000000
    4   10
  0.02839531  -0.00000000     0.01792178   0.00005448     0.01792178   0.00005448
 -0.01792178   0.00005448    -0.00826333   0.00000000     0.01421819  -0.00000000
 -0.01792178   0.00005448     0.01421819  -0.00000000    -0.00826333   0.00000000
    4   11
 -0.05057763   0.00412044    -0.02013691   0.00634392    -0.02013691   0.00634392
  0.02013691  -0.00634392     0.01308297  -0.00218567    -0.01242940   0.00097491
  0.02013691  -0.00634392    -0.01242940   0.00097491     0.01308297  -0.00218567
    5    1
 -0.04455402  -0.01811181     0.00935570   0.00951528     0.00935570   0.00951528
  0.01413815   0.00862141     0.00911764  -0.00053556     0.01184363   0.01360903
  0.01413815   0.00862141     0.01184363   0.01360903     0.00911764  -0.00053556
    5    2
 -0.00342590  -0.01429485    -0.02024594  -0.00367222    -0.02024594  -0.00367222
 -0.02245833   0.00187857    -0.01902291  -0.00517456    -0.02153134  -0.00226485
 -0.02245833   0.00187857    -0.02153134  -0.00226485    -0.01902291  -0.00517456
    5    3
 -0.00546586  -0.01645086     0.00680135   0.00162832     0.00680135   0.00162832
  0.00968357   0.00293037     0.00903842  -0.00806129     0.01209279   0.00550701
  0.00968357   0.00293037     0.01209279   0.00550701     0.00903842  -0.00806129
    5    4
 -0.03105194  -0.01092519    -0.00348929   0.00265508    -0.00348929   0.00265508
 -0.00348929   0.00265508    -0.02342776   0.00139199    -0.01402304  -0.00424658
 -0.00348929   0.00265508    -0.01402304  -0.00424658    -0.02342776   0.00139199
    5    5
  0.08750799  -0.00000000    -0.00254219   0.00070157    -0.00254219   0.00070157
 -0.00254219  -0.00070157     0.06791224   0.00000000     0.00508933  -0.00000000
 -0.00254219  -0.00070157     0.00508933  -0.00000000     0.06791224   0.00000000
    5    6
  0.02244899  -0.00000000    -0.02002921   0.00097444     0.01899679  -0.00006423
 -0.02002921  -0.00097444     0.00779829  -0.00000000     0.00722386  -0.00219725
 -0.01899679  -0.00006423    -0.00722386  -0.00219725    -0.04368937   0.00000000
    5    7
 -0.01601370  -0.01230593     0.02125480   0.00337928    -0.01087839  -0.00383827
  0.02125480   0.00337928    -0.01256179  -0.00405361    -0.00213800   0.00163861
  0.01087839   0.00383827     0.00213800  -0.00163861     0.01699590  -0.00209542
    5    8
  0.02244899  -0.00000000     0.01899679  -0.00006423    -0.02002921   0.00097444
 -0.01899679  -0.00006423    -0.04368937   0.00000000    -0.00722386  -0.00219725
 -0.02002921  -0.00097444     0.00722386  -0.00219725     0.00779829  -0.00000000
    5    9
 -0.01601370  -0.01230593    -0.01087839  -0.00383827     0.02125480   0.00337928
  0.01087839   0.00383827     0.01699590  -0.00209542     0.00213800  -0.00163861
  0.02125480   0.00337928    -0.00213800   0.00163861    -0.01256179  -0.00405361
    5   10
 -0.05057763  -0.00412044    -0.02013691  -0.00634392    -0.02013691  -0.00634392
  0.02013691   0.00634392     0.01308297   0.00218567    -0.01242940  -0.00097491
  0.02013691   0.00634392    -0.01242940  -0.00097491     0.01308297   0.00218567
    5   11
  0.02839531   0.00000000     0.01792178  -0.00005448     0.01792178  -0.00005448
 -0.01792178  -0.00005448    -0.00826333  -0.00000000     0.01421819   0.00000000
 -0.01792178  -0.00005448     0.01421819   0.00000000    -0.00826333  -0.00000000
    6    1
 -0.04455402  -0.01811181     0.00935570   0.00951528    -0.00935570  -0.00951528
  0.01413815   0.00862141     0.00911764  -0.00053556    -0.01184363  -0.01360903
 -0.01413815  -0.00862141    -0.01184363  -0.01360903     0.00911764  -0.00053556
    6    2
  0.01697979   0.00349185    -0.00481084   0.00507598     0.00481084  -0.00507598
 -0.00737956   0.00692104     0.00246207   0.01185815     0.01081560  -0.00771916
  0.00737956  -0.00692104     0.01081560  -0.00771916     0.00246207   0.01185815
    6    3
 -0.01066675   0.01011435     0.00694273   0.01936961    -0.00694273  -0.01936961
  0.01285606   0.01851019     0.00503016   0.01906160    -0.00880426  -0.01977911
 -0.01285606  -0.01851019    -0.00880426  -0.01977911     0.00503016   0.01906160
    6    4
 -0.01601370  -0.01230593     0.02125480   0.00337928     0.01087839   0.00383827
  0.02125480   0.00337928    -0.01256179  -0.00405361     0.00213800  -0.00163861
 -0.01087839  -0.00383827    -0.00213800   0.00163861     0.01699590  -0.00209542
    6    5
  0.02244899   0.00000000    -0.02002921   0.00097444    -0.01899679   0.00006423
 -0.02002921  -0.00097444     0.00779829   0.00000000    -0.00722386   0.00219725
  0.01899679   0.00006423     0.00722386   0.00219725    -0.04368937  -0.00000000
    6    6
  0.08750799  -0.00000000    -0.00254219   0.00070157     0.00254219  -0.00070157
 -0.00254219  -0.00070157     0.06791224   0.00000000    -0.00508933   0.00000000
  0.00254219   0.00070157    -0.00508933   0.00000000     0.06791224   0.00000000
    6    7
 -0.03105194  -0.01092519    -0.00348929   0.00265508     0.00348929  -0.00265508
 -0.00348929   0.00265508    -0.02342776   0.00139199     0.01402304   0.00424658
  0.00348929  -0.00265508     0.01402304   0.00424658    -0.02342776   0.00139199
    6    8
  0.02839531   0.00000000     0.01792178  -0.00005448    -0.01792178   0.00005448
 -0.01792178  -0.00005448    -0.00826333  -0.00000000    -0.01421819  -0.00000000
  0.01792178   0.00005448    -0.01421819  -0.00000000    -0.00826333  -0.00000000
    6    9
 -0.05057763  -0.00412044    -0.02013691  -0.00634392     0.02013691   0.00634392
  0.02013691   0.00634392     0.01308297   0.00218567     0.01242940   0.00097491
 -0.02013691  -0.00634392     0.01242940   0.00097491     0.01308297   0.00218567
    6   10
 -0.01601370  -0.01230593    -0.01087839  -0.00383827    -0.02125480  -0.00337928
  0.01087839   0.00383827     0.01699590  -0.00209542    -0.00213800   0.00163861
 -0.02125480  -0.00337928     0.00213800  -0.00163861    -0.01256179  -0.00405361
    6   11
  0.02244899   0.00000000     0.01899679  -0.00006423     0.02002921  -0.00097444
 -0.01899679  -0.00006423    -0.04368937  -0.00000000     0.00722386   0.00219725
  0.02002921   0.00097444    -0.00722386   0.00219725     0.00779829   0.00000000
    7    1
  0.03796230   0.02952901    -0.01291833  -0.00334463     0.01291833   0.00334463
 -0.01453543  -0.00793329    -0.00409501  -0.00816388     0.01770758   0.00345237
  0.01453543   0.00793329     0.01770758   0.00345237    -0.00409501  -0.00816388
    7    2
 -0.01066675  -0.01011435     0.00694273  -0.01936961    -0.00694273   0.01936961
  0.01285606  -0.01851019     0.00503016  -0.01906160    -0.00880426   0.01977911
 -0.01285606   0.01851019    -0.00880426   0.01977911     0.00503016  -0.01906160
    7    3
  0.01697979  -0.00349185    -0.00481084  -0.00507598     0.00481084   0.00507598
 -0.00737956  -0.00692104     0.00246207  -0.01185815     0.01081560   0.00771916
  0.00737956   0.00692104     0.01081560   0.00771916     0.00246207  -0.01185815
    7    4
  0.02244899  -0.00000000    -0.02002921  -0.00097444    -0.01899679  -0.00006423
 -0.02002921   0.00097444     0.00779829  -0.00000000    -0.00722386  -0.00219725
  0.01899679  -0.00006423     0.00722386  -0.00219725    -0.04368937   0.00000000
    7    5
 -0.01601370   0.01230593     0.02125480  -0.00337928     0.01087839  -0.00383827
  0.02125480  -0.00337928    -0.01256179   0.00405361     0.00213800   0.00163861
 -0.01087839   0.00383827    -0.00213800  -0.00163861     0.01699590   0.00209542
    7    6
 -0.03105194   0.01092519    -0.00348929  -0.00265508     0.00348929   0.00265508
 -0.00348929  -0.00265508    -0.02342776  -0.00139199     0.01402304  -0.00424658
  0.00348929   0.00265508     0.01402304  -0.00424658    -0.02342776  -0.00139199
    7    7
  0.08750799   0.00000000    -0.00254219  -0.00070157     0.00254219   0.00070157
 -0.00254219   0.00070157     0.06791224  -0.00000000    -0.00508933  -0.00000000
  0.00254219  -0.00070157    -0.00508933  -0.00000000     0.06791224  -0.00000000
    7    8
 -0.05057763   0.00412044    -0.02013691   0.00634392     0.02013691  -0.00634392
  0.02013691  -0.00634392     0.01308297  -0.00218567     0.01242940  -0.00097491
 -0.02013691   0.00634392     0.01242940  -0.00097491     0.01308297  -0.00218567
    7    9
  0.02839531  -0.00000000     0.01792178   0.00005448    -0.01792178  -0.00005448
 -0.01792178   0.00005448    -0.00826333   0.00000000    -0.01421819   0.00000000
  0.01792178  -0.00005448    -0.01421819   0.00000000    -0.00826333   0.00000000
    7   10
  0.02244899  -0.00000000     0.01899679   0.00006423     0.02002921   0.00097444
 -0.01899679   0.00006423    -0.04368937   0.00000000     0.00722386  -0.00219725
  0.02002921  -0.00097444    -0.00722386  -0.00219725     0.00779829  -0.00000000
    7   11
 -0.01601370   0.01230593    -0.01087839   0.00383827    -0.02125480   0.00337928
  0.01087839  -0.00383827     0.01699590   0.00209542    -0.00213800  -0.00163861
 -0.02125480   0.00337928     0.00213800   0.00163861    -0.01256179   0.00405361
    8    1
 -0.04455402  -0.01811181    -0.00935570  -0.00951528     0.00935570   0.00951528
 -0.01413815  -0.00862141     0.00911764  -0.00053556    -0.01184363  -0.01360903
  0.01413815   0.00862141    -0.01184363  -0.01360903     0.00911764  -0.00053556
    8    2
  0.01697979   0.00349185     0.00481084  -0.00507598    -0.00481084   0.00507598
  0.00737956  -0.00692104     0.00246207   0.01185815     0.01081560  -0.00771916
 -0.00737956   0.00692104     0.01081560  -0.00771916     0.00246207   0.01185815
    8    3
 -0.01066675   0.01011435    -0.00694273  -0.01936961     0.00694273   0.01936961
 -0.01285606  -0.01851019     0.00503016   0.01906160    -0.00880426  -0.01977911
  0.01285606   0.01851019    -0.00880426  -0.01977911     0.00503016   0.01906160
    8    4
 -0.01601370  -0.01230593     0.01087839   0.00383827     0.02125480   0.00337928
 -0.01087839  -0.00383827     0.01699590  -0.00209542    -0.00213800   0.00163861
  0.02125480   0.00337928     0.00213800  -0.00163861    -0.01256179  -0.00405361
    8    5
  0.02244899   0.00000000    -0.01899679   0.00006423    -0.02002921   0.00097444
  0.01899679   0.00006423    -0.04368937  -0.00000000     0.00722386   0.00219725
 -0.02002921  -0.00097444    -0.00722386   0.00219725     0.00779829   0.00000000
    8    6
  0.02839531   0.00000000    -0.01792178   0.00005448     0.01792178  -0.00005448
  0.01792178   0.00005448    -0.00826333  -0.00000000    -0.01421819  -0.00000000
 -0.01792178  -0.00005448    -0.01421819  -0.00000000    -0.00826333  -0.00000000
    8    7
 -0.05057763  -0.00412044     0.02013691   0.00634392    -0.02013691  -0.00634392
 -0.02013691  -0.00634392     0.01308297   0.00218567     0.01242940   0.00097491
  0.02013691   0.00634392     0.01242940   0.00097491     0.01308297   0.00218567
    8    8
  0.08750799  -0.00000000     0.00254219  -0.00070157    -0.00254219   0.00070157
  0.00254219   0.00070157     0.06791224   0.00000000    -0.00508933   0.00000000
 -0.00254219  -0.00070157    -0.00508933   0.00000000     0.06791224   0.00000000
    8    9
 -0.03105194  -0.01092519     0.00348929  -0.00265508    -0.00348929   0.00265508
  0.00348929  -0.00265508    -0.02342776   0.00139199     0.01402304   0.00424658
 -0.00348929   0.00265508     0.01402304   0.00424658    -0.02342776   0.00139199
    8   10
 -0.01601370  -0.01230593    -0.02125480  -0.00337928    -0.01087839  -0.00383827
 -0.02125480  -0.00337928    -0.01256179  -0.00405361     0.00213800  -0.00163861
  0.01087839   0.00383827    -0.00213800   0.00163861     0.01699590  -0.00209542
    8   11
  0.02244899   0.00000000     0.02002921  -0.00097444     0.01899679  -0.00006423
  0.02002921   0.00097444     0.00779829   0.00000000    -0.00722386   0.00219725
 -0.01899679  -0.00006423     0.00722386   0.00219725    -0.04368937  -0.00000000
    9    1
  0.03796230   0.02952901     0.01291833   0.00334463    -0.01291833  -0.00334463
  0.01453543   0.00793329    -0.00409501  -0.00816388     0.01770758   0.00345237
 -0.01453543  -0.00793329     0.01770758   0.00345237    -0.00409501  -0.00816388
    9    2
 -0.01066675  -0.01011435    -0.00694273   0.01936961     0.00694273  -0.01936961
 -0.01285606   0.01851019     0.00503016  -0.01906160    -0.00880426   0.01977911
  0.01285606  -0.01851019    -0.00880426   0.01977911     0.00503016  -0.01906160
    9    3
  0.01697979  -0.00349185     0.00481084   0.00507598    -0.00481084  -0.00507598
  0.00737956   0.00692104     0.00246207  -0.01185815     0.01081560   0.00771916
 -0.00737956  -0.00692104     0.01081560   0.00771916     0.00246207  -0.01185815
    9    4
  0.02244899  -0.00000000    -0.01899679  -0.00006423    -0.02002921  -0.00097444
  0.01899679  -0.00006423    -0.04368937   0.00000000     0.00722386  -0.00219725
 -0.02002921   0.00097444    -0.00722386  -0.00219725     0.00779829  -0.00000000
    9    5
 -0.01601370   0.01230593     0.01087839  -0.00383827     0.02125480  -0.00337928
 -0.01087839   0.00383827     0.01699590   0.00209542    -0.00213800  -0.00163861
  0.02125480  -0.00337928     0.00213800   0.00163861    -0.01256179   0.00405361
    9    6
 -0.05057763   0.00412044     0.02013691  -0.00634392    -0.02013691   0.00634392
 -0.02013691   0.00634392     0.01308297  -0.00218567     0.01242940  -0.00097491
  0.02013691  -0.00634392     0.01242940  -0.00097491     0.01308297  -0.00218567
    9    7
  0.02839531  -0.00000000    -0.01792178  -0.00005448     0.01792178   0.00005448
  0.01792178  -0.00005448    -0.00826333   0.00000000    -0.01421819   0.00000000
 -0.01792178   0.00005448    -0.01421819   0.00000000    -0.00826333   0.00000000
    9    8
 -0.03105194   0.01092519     0.00348929   0.00265508    -0.00348929  -0.00265508
  0.00348929   0.00265508    -0.02342776  -0.00139199     0.01402304  -0.00424658
 -0.00348929  -0.00265508     0.01402304  -0.00424658    -0.02342776  -0.00139199
    9    9
  0.08750799   0.00000000     0.00254219   0.00070157    -0.00254219  -0.00070157
  0.00254219  -0.00070157     0.06791224  -0.00000000    -0.00508933  -0.00000000
 -0.00254219   0.00070157    -0.00508933  -0.00000000     0.06791224  -0.00000000
    9   10
  0.02244899  -0.00000000     0.02002921   0.00097444     0.01899679   0.00006423
  0.02002921  -0.00097444     0.00779829  -0.00000000    -0.00722386  -0.00219725
 -0.01899679   0.00006423     0.00722386  -0.00219725    -0.04368937   0.00000000
    9   11
 -0.01601370   0.01230593    -0.02125480   0.00337928    -0.01087839   0.00383827
 -0.02125480   0.00337928    -0.01256179   0.00405361     0.00213800   0.00163861
  0.01087839  -0.00383827    -0.00213800  -0.00163861     0.01699590   0.00209542
   10    1
  0.03796230   0.02952901     0.01291833   0.00334463     0.01291833   0.00334463
  0.01453543   0.00793329    -0.00409501  -0.00816388    -0.01770758  -0.00345237
  0.01453543   0.00793329    -0.01770758  -0.00345237    -0.00409501  -0.00816388
   10    2
 -0.00546586   0.01645086    -0.00680135   0.00162832    -0.00680135   0.00162832
 -0.00968357   0.00293037     0.00903842   0.00806129     0.01209279  -0.00550701
 -0.00968357   0.00293037     0.01209279  -0.00550701     0.00903842   0.00806129
   10    3
 -0.00342590   0.01429485     0.02024594  -0.00367222     0.02024594  -0.00367222
  0.02245833   0.00187857    -0.01902291   0.00517456    -0.02153134   0.00226485
  0.02245833   0.00187857    -0.02153134   0.00226485    -0.01902291   0.00517456
   10    4
  0.02839531  -0.00000000    -0.01792178  -0.00005448    -0.01792178  -0.00005448
  0.01792178  -0.00005448    -0.00826333   0.00000000     0.01421819  -0.00000000
  0.01792178  -0.00005448     0.01421819  -0.00000000    -0.00826333   0.00000000
   10    5
 -0.05057763   0.00412044     0.02013691  -0.00634392     0.02013691  -0.00634392
 -0.02013691   0.00634392     0.01308297  -0.00218567    -0.01242940   0.00097491
 -0.02013691   0.00634392    -0.01242940   0.00097491     0.01308297  -0.00218567
   10    6
 -0.01601370   0.01230593     0.01087839  -0.00383827    -0.02125480   0.00337928
 -0.01087839   0.00383827     0.01699590   0.00209542     0.00213800   0.00163861
 -0.02125480   0.00337928    -0.00213800  -0.00163861    -0.01256179   0.00405361
   10    7
  0.02244899   0.00000000    -0.01899679  -0.00006423     0.02002921   0.00097444
  0.01899679  -0.00006423    -0.04368937  -0.00000000    -0.00722386   0.00219725
  0.02002921  -0.00097444     0.00722386   0.00219725     0.00779829   0.00000000
   10    8
 -0.01601370   0.01230593    -0.02125480   0.00337928     0.01087839  -0.00383827
 -0.02125480   0.00337928    -0.01256179   0.00405361    -0.00213800  -0.00163861
 -0.01087839   0.00383827     0.00213800   0.00163861     0.01699590   0.00209542
   10    9
  0.02244899   0.00000000     0.02002921   0.00097444    -0.01899679  -0.00006423
  0.02002921  -0.00097444     0.00779829   0.00000000     0.00722386   0.00219725
  0.01899679  -0.00006423    -0.00722386   0.00219725    -0.04368937  -0.00000000
   10   10
  0.08750799   0.00000000     0.00254219   0.00070157     0.00254219   0.00070157
  0.00254219  -0.00070157     0.06791224  -0.00000000     0.00508933   0.00000000
  0.00254219  -0.00070157     0.00508933   0.00000000     0.06791224  -0.00000000
   10   11
 -0.03105194   0.01092519     0.00348929   0.00265508     0.00348929   0.00265508
  0.00348929   0.00265508    -0.02342776  -0.00139199    -0.01402304   0.00424658
  0.00348929   0.00265508    -0.01402304   0.00424658    -0.02342776  -0.00139199
   11    1
 -0.04455402  -0.01811181    -0.00935570  -0.00951528    -0.00935570  -0.00951528
 -0.01413815  -0.00862141     0.00911764  -0.00053556     0.01184363   0.01360903
 -0.01413815  -0.00862141     0.01184363   0.01360903     0.00911764  -0.00053556
   11    2
 -0.00342590  -0.01429485     0.02024594   0.00367222     0.02024594   0.00367222
  0.02245833  -0.00187857    -0.01902291  -0.00517456    -0.02153134  -0.00226485
  0.02245833  -0.00187857    -0.02153134  -0.00226485    -0.01902291  -0.00517456
   11    3
 -0.00546586  -0.01645086    -0.00680135  -0.00162832    -0.00680135  -0.00162832
 -0.00968357  -0.00293037     0.00903842  -0.00806129     0.01209279   0.00550701
 -0.00968357  -0.00293037     0.01209279   0.00550701     0.00903842  -0.00806129
   11    4
 -0.05057763  -0.00412044     0.02013691   0.00634392     0.02013691   0.00634392
 -0.02013691  -0.00634392     0.01308297   0.00218567    -0.01242940  -0.00097491
 -0.02013691  -0.00634392    -0.01242940  -0.00097491     0.01308297   0.00218567
   11    5
  0.02839531   0.00000000    -0.01792178   0.00005448    -0.01792178   0.00005448
  0.01792178   0.00005448    -0.00826333  -0.00000000     0.01421819   0.00000000
  0.01792178   0.00005448     0.01421819   0.00000000    -0.00826333  -0.00000000
   11    6
  0.02244899  -0.00000000    -0.01899679   0.00006423     0.02002921  -0.00097444
  0.01899679   0.00006423    -0.04368937   0.00000000    -0.00722386  -0.00219725
  0.02002921   0.00097444     0.00722386  -0.00219725     0.00779829  -0.00000000
   11    7
 -0.01601370  -0.01230593     0.01087839   0.00383827    -0.02125480  -0.00337928
 -0.01087839  -0.00383827     0.01699590  -0.00209542     0.00213800  -0.00163861
 -0.02125480  -0.00337928    -0.00213800   0.00163861    -0.01256179  -0.00405361
   11    8
  0.02244899  -0.00000000     0.02002921  -0.00097444    -0.01899679   0.00006423
  0.02002921   0.00097444     0.00779829  -0.00000000     0.00722386  -0.00219725
  0.01899679   0.00006423    -0.00722386  -0.00219725    -0.04368937   0.00000000
   11    9
 -0.01601370  -0.01230593    -0.02125480  -0.00337928     0.01087839   0.00383827
 -0.02125480  -0.00337928    -0.01256179  -0.00405361    -0.00213800   0.00163861
 -0.01087839  -0.00383827     0.00213800  -0.00163861     0.01699590  -0.00209542
   11   10
 -0.03105194  -0.01092519     0.00348929  -0.00265508     0.00348929  -0.00265508
  0.00348929  -0.00265508    -0.02342776   0.00139199    -0.01402304  -0.00424658
  0.00348929  -0.00265508    -0.01402304  -0.00424658    -0.02342776   0.00139199
   11   11
  0.08750799  -0.00000000     0.00254219  -0.00070157     0.00254219  -0.00070157
  0.00254219   0.00070157     0.06791224   0.00000000     0.00508933  -0.00000000
  0.00254219   0.00070157     0.00508933  -0.00000000     0.06791224   0.00000000

     Dynamical  Matrix in cartesian axes

     q = (   -0.471404521   0.000000000   0.000000000 ) 

    1    1
  0.24166236   0.00000000     0.00000000   0.00000000    -0.00000000   0.00000000
 -0.00000000   0.00000000     0.09748058   0.00000000    -0.00000000   0.00000000
 -0.00000000   0.00000000    -0.00000000   0.00000000     0.09748058   0.00000000
    1    2
  0.00761607   0.01319143     0.00000000   0.00000000     0.00000000   0.00000000
 -0.00000000   0.00000000    -0.01497582  -0.02593889    -0.01872399   0.01081030
  0.00000000  -0.00000000    -0.01872399   0.01081030    -0.01497582  -0.02593889
    1    3
 -0.01523215   0.00000000     0.00000000   0.00000000     0.00000000  -0.00000000
  0.00000000  -0.00000000     0.02995165  -0.00000000     0.00000000   0.02162060
  0.00000000   0.00000000     0.00000000   0.02162060     0.02995165  -0.00000000
    1    4
  0.03796230   0.02952901    -0.01453543  -0.00793329    -0.01453543  -0.00793329
 -0.01291833  -0.00334463    -0.00409501  -0.00816388    -0.01770758  -0.00345237
 -0.01291833  -0.00334463    -0.01770758  -0.00345237    -0.00409501  -0.00816388
    1    5
 -0.04455402  -0.01811181     0.01413815   0.00862141     0.01413815   0.00862141
  0.00935570   0.00951528     0.00911764  -0.00053556     0.01184363   0.01360903
  0.00935570   0.00951528     0.01184363   0.01360903     0.00911764  -0.00053556
    1    6
 -0.04455402  -0.01811181     0.01413815   0.00862141    -0.01413815  -0.00862141
  0.00935570   0.00951528     0.00911764  -0.00053556    -0.01184363  -0.01360903
 -0.00935570  -0.00951528    -0.01184363  -0.01360903     0.00911764  -0.00053556
    1    7
  0.03796230   0.02952901    -0.01453543  -0.00793329     0.01453543   0.00793329
 -0.01291833  -0.00334463    -0.00409501  -0.00816388     0.01770758   0.00345237
  0.01291833   0.00334463     0.01770758   0.00345237    -0.00409501  -0.00816388
    1    8
 -0.04455402  -0.01811181    -0.01413815  -0.00862141     0.01413815   0.00862141
 -0.00935570  -0.00951528     0.00911764  -0.00053556    -0.01184363  -0.01360903
  0.00935570   0.00951528    -0.01184363  -0.01360903     0.00911764  -0.00053556
    1    9
  0.03796230   0.02952901     0.01453543   0.00793329    -0.01453543  -0.00793329
  0.01291833   0.00334463    -0.00409501  -0.00816388     0.01770758   0.00345237
 -0.01291833  -0.00334463     0.01770758   0.00345237    -0.00409501  -0.00816388
    1   10
  0.03796230   0.02952901     0.01453543   0.00793329     0.01453543   0.00793329
  0.01291833   0.00334463    -0.00409501  -0.00816388    -0.01770758  -0.00345237
  0.01291833   0.00334463    -0.01770758  -0.00345237    -0.00409501  -0.00816388
    1   11
 -0.04455402  -0.01811181    -0.01413815  -0.00862141    -0.01413815  -0.00862141
 -0.00935570  -0.00951528     0.00911764  -0.00053556     0.01184363   0.01360903
 -0.00935570  -0.00951528     0.01184363   0.01360903     0.00911764  -0.00053556
    2    1
  0.00761607  -0.01319143    -0.00000000   0.00000000    -0.00000000  -0.00000000
 -0.00000000  -0.00000000    -0.01497582   0.02593889    -0.01872399  -0.01081030
 -0.00000000  -0.00000000    -0.01872399  -0.01081030    -0.01497582   0.02593889
    2    2
  0.09786317  -0.00000000     0.00000000   0.00000000    -0.00000000   0.00000000
  0.00000000   0.00000000     0.07220090  -0.00000000     0.00000000  -0.00000000
  0.00000000  -0.00000000     0.00000000  -0.00000000     0.07220090   0.00000000
    2    3
 -0.00656728   0.01137486    -0.00000000  -0.00000000     0.00000000  -0.00000000
  0.00000000  -0.00000000    -0.00076136   0.00131872    -0.01449218  -0.00836706
 -0.00000000   0.00000000    -0.01449218  -0.00836706    -0.00076136   0.00131872
    2    4
 -0.00546586   0.01645086     0.00968357  -0.00293037     0.00968357  -0.00293037
  0.00680135  -0.00162832     0.00903842   0.00806129     0.01209279  -0.00550701
  0.00680135  -0.00162832     0.01209279  -0.00550701     0.00903842   0.00806129
    2    5
 -0.00342590  -0.01429485    -0.02245833   0.00187857    -0.02245833   0.00187857
 -0.02024594  -0.00367222    -0.01902291  -0.00517456    -0.02153134  -0.00226485
 -0.02024594  -0.00367222    -0.02153134  -0.00226485    -0.01902291  -0.00517456
    2    6
  0.01697979   0.00349185    -0.00737956   0.00692104     0.00737956  -0.00692104
 -0.00481084   0.00507598     0.00246207   0.01185815     0.01081560  -0.00771916
  0.00481084  -0.00507598     0.01081560  -0.00771916     0.00246207   0.01185815
    2    7
 -0.01066675  -0.01011435     0.01285606  -0.01851019    -0.01285606   0.01851019
  0.00694273  -0.01936961     0.00503016  -0.01906160    -0.00880426   0.01977911
 -0.00694273   0.01936961    -0.00880426   0.01977911     0.00503016  -0.01906160
    2    8
  0.01697979   0.00349185     0.00737956  -0.00692104    -0.00737956   0.00692104
  0.00481084  -0.00507598     0.00246207   0.01185815     0.01081560  -0.00771916
 -0.00481084   0.00507598     0.01081560  -0.00771916     0.00246207   0.01185815
    2    9
 -0.01066675  -0.01011435    -0.01285606   0.01851019     0.01285606  -0.01851019
 -0.00694273   0.01936961     0.00503016  -0.01906160    -0.00880426   0.01977911
  0.00694273  -0.01936961    -0.00880426   0.01977911     0.00503016  -0.01906160
    2   10
 -0.00546586   0.01645086    -0.00968357   0.00293037    -0.00968357   0.00293037
 -0.00680135   0.00162832     0.00903842   0.00806129     0.01209279  -0.00550701
 -0.00680135   0.00162832     0.01209279  -0.00550701     0.00903842   0.00806129
    2   11
 -0.00342590  -0.01429485     0.02245833  -0.00187857     0.02245833  -0.00187857
  0.02024594   0.00367222    -0.01902291  -0.00517456    -0.02153134  -0.00226485
  0.02024594   0.00367222    -0.02153134  -0.00226485    -0.01902291  -0.00517456
    3    1
 -0.01523215  -0.00000000    -0.00000000   0.00000000     0.00000000   0.00000000
 -0.00000000  -0.00000000     0.02995165   0.00000000     0.00000000  -0.02162060
  0.00000000   0.00000000     0.00000000  -0.02162060     0.02995165   0.00000000
    3    2
 -0.00656728  -0.01137486    -0.00000000   0.00000000     0.00000000   0.00000000
  0.00000000   0.00000000    -0.00076136  -0.00131872    -0.01449218   0.00836706
 -0.00000000  -0.00000000    -0.01449218   0.00836706    -0.00076136  -0.00131872
    3    3
  0.09786317   0.00000000     0.00000000  -0.00000000    -0.00000000  -0.00000000
  0.00000000  -0.00000000     0.07220090   0.00000000     0.00000000   0.00000000
  0.00000000   0.00000000     0.00000000   0.00000000     0.07220090  -0.00000000
    3    4
 -0.00342590   0.01429485    -0.02245833  -0.00187857    -0.02245833  -0.00187857
 -0.02024594   0.00367222    -0.01902291   0.00517456    -0.02153134   0.00226485
 -0.02024594   0.00367222    -0.02153134   0.00226485    -0.01902291   0.00517456
    3    5
 -0.00546586  -0.01645086     0.00968357   0.00293037     0.00968357   0.00293037
  0.00680135   0.00162832     0.00903842  -0.00806129     0.01209279   0.00550701
  0.00680135   0.00162832     0.01209279   0.00550701     0.00903842  -0.00806129
    3    6
 -0.01066675   0.01011435     0.01285606   0.01851019    -0.01285606  -0.01851019
  0.00694273   0.01936961     0.00503016   0.01906160    -0.00880426  -0.01977911
 -0.00694273  -0.01936961    -0.00880426  -0.01977911     0.00503016   0.01906160
    3    7
  0.01697979  -0.00349185    -0.00737956  -0.00692104     0.00737956   0.00692104
 -0.00481084  -0.00507598     0.00246207  -0.01185815     0.01081560   0.00771916
  0.00481084   0.00507598     0.01081560   0.00771916     0.00246207  -0.01185815
    3    8
 -0.01066675   0.01011435    -0.01285606  -0.01851019     0.01285606   0.01851019
 -0.00694273  -0.01936961     0.00503016   0.01906160    -0.00880426  -0.01977911
  0.00694273   0.01936961    -0.00880426  -0.01977911     0.00503016   0.01906160
    3    9
  0.01697979  -0.00349185     0.00737956   0.00692104    -0.00737956  -0.00692104
  0.00481084   0.00507598     0.00246207  -0.01185815     0.01081560   0.00771916
 -0.00481084  -0.00507598     0.01081560   0.00771916     0.00246207  -0.01185815
    3   10
 -0.00342590   0.01429485     0.02245833   0.00187857     0.02245833   0.00187857
  0.02024594  -0.00367222    -0.01902291   0.00517456    -0.02153134   0.00226485
  0.02024594  -0.00367222    -0.02153134   0.00226485    -0.01902291   0.00517456
    3   11
 -0.00546586  -0.01645086    -0.00968357  -0.00293037    -0.00968357  -0.00293037
 -0.00680135  -0.00162832     0.00903842  -0.00806129     0.01209279   0.00550701
 -0.00680135  -0.00162832     0.01209279   0.00550701     0.00903842  -0.00806129
    4    1
  0.03796230  -0.02952901    -0.01291833   0.00334463    -0.01291833   0.00334463
