  4.000000000000000E-002   1.50292904177357        5.49803354683322     
           6

     Dynamical  Matrix in cartesian axes

     q = (    0.471404521   0.000000000   0.000000000 ) 

    1    1
  0.25047221   0.00000000    -0.00000000   0.00000000     0.00000000   0.00000000
  0.00000000   0.00000000     0.09825191   0.00000000     0.00000000   0.00000000
  0.00000000   0.00000000     0.00000000   0.00000000     0.09825191   0.00000000
    1    2
  0.00840242  -0.01455342     0.00000000  -0.00000000     0.00000000  -0.00000000
  0.00000000  -0.00000000    -0.01499567   0.02597326    -0.01908631  -0.01101949
  0.00000000  -0.00000000    -0.01908631  -0.01101949    -0.01499567   0.02597326
    1    3
 -0.01680485  -0.00000000     0.00000000  -0.00000000     0.00000000  -0.00000000
  0.00000000   0.00000000     0.02999133   0.00000000     0.00000000  -0.02203897
  0.00000000   0.00000000     0.00000000  -0.02203897     0.02999133   0.00000000
    1    4
  0.03968341  -0.03077052    -0.01528745   0.00814385    -0.01528745   0.00814385
 -0.01296576   0.00340092    -0.00405944   0.00824348    -0.01801030   0.00343075
 -0.01296576   0.00340092    -0.01801030   0.00343075    -0.00405944   0.00824348
    1    5
 -0.04648975   0.01898158     0.01469651  -0.00916740     0.01469651  -0.00916740
  0.00942816  -0.00952822     0.00916879   0.00060616     0.01197626  -0.01388200
  0.00942816  -0.00952822     0.01197626  -0.01388200     0.00916879   0.00060616
    1    6
 -0.04648975   0.01898158     0.01469651  -0.00916740    -0.01469651   0.00916740
  0.00942816  -0.00952822     0.00916879   0.00060616    -0.01197626   0.01388200
 -0.00942816   0.00952822    -0.01197626   0.01388200     0.00916879   0.00060616
    1    7
  0.03968341  -0.03077052    -0.01528745   0.00814385     0.01528745  -0.00814385
 -0.01296576   0.00340092    -0.00405944   0.00824348     0.01801030  -0.00343075
  0.01296576  -0.00340092     0.01801030  -0.00343075    -0.00405944   0.00824348
    1    8
 -0.04648975   0.01898158    -0.01469651   0.00916740     0.01469651  -0.00916740
 -0.00942816   0.00952822     0.00916879   0.00060616    -0.01197626   0.01388200
  0.00942816  -0.00952822    -0.01197626   0.01388200     0.00916879   0.00060616
    1    9
  0.03968341  -0.03077052     0.01528745  -0.00814385    -0.01528745   0.00814385
  0.01296576  -0.00340092    -0.00405944   0.00824348     0.01801030  -0.00343075
 -0.01296576   0.00340092     0.01801030  -0.00343075    -0.00405944   0.00824348
    1   10
  0.03968341  -0.03077052     0.01528745  -0.00814385     0.01528745  -0.00814385
  0.01296576  -0.00340092    -0.00405944   0.00824348    -0.01801030   0.00343075
  0.01296576  -0.00340092    -0.01801030   0.00343075    -0.00405944   0.00824348
    1   11
 -0.04648975   0.01898158    -0.01469651   0.00916740    -0.01469651   0.00916740
 -0.00942816   0.00952822     0.00916879   0.00060616     0.01197626  -0.01388200
 -0.00942816   0.00952822     0.01197626  -0.01388200     0.00916879   0.00060616
    2    1
  0.00840242   0.01455342     0.00000000   0.00000000     0.00000000   0.00000000
  0.00000000   0.00000000    -0.01499567  -0.02597326    -0.01908631   0.01101949
  0.00000000   0.00000000    -0.01908631   0.01101949    -0.01499567  -0.02597326
    2    2
  0.09984511  -0.00000000    -0.00000000   0.00000000     0.00000000   0.00000000
  0.00000000   0.00000000     0.07296457  -0.00000000     0.00000000   0.00000000
  0.00000000  -0.00000000     0.00000000   0.00000000     0.07296457  -0.00000000
    2    3
 -0.00720247  -0.01247504    -0.00000000   0.00000000     0.00000000   0.00000000
 -0.00000000   0.00000000    -0.00064096  -0.00111017    -0.01515998   0.00875262
  0.00000000   0.00000000    -0.01515998   0.00875262    -0.00064096  -0.00111017
    2    4
 -0.00556756  -0.01661577     0.01003398   0.00303842     0.01003398   0.00303842
  0.00699089   0.00163836     0.00933108  -0.00814497     0.01239048   0.00546822
  0.00699089   0.00163836     0.01239048   0.00546822     0.00933108  -0.00814497
    2    5
 -0.00321272   0.01438438    -0.02287769  -0.00199496    -0.02287769  -0.00199496
 -0.02048309   0.00380193    -0.01917048   0.00546471    -0.02185893   0.00216637
 -0.02048309   0.00380193    -0.02185893   0.00216637    -0.01917048   0.00546471
    2    6
  0.01717345  -0.00348624    -0.00764834  -0.00717047     0.00764834   0.00717047
 -0.00491431  -0.00523511     0.00238821  -0.01215343     0.01093086   0.00799637
  0.00491431   0.00523511     0.01093086   0.00799637     0.00238821  -0.01215343
    2    7
 -0.01085088   0.00997448     0.01316653   0.01881518    -0.01316653  -0.01881518
  0.00694897   0.01963984     0.00485267   0.01933448    -0.00905333  -0.02001357
 -0.00694897  -0.01963984    -0.00905333  -0.02001357     0.00485267   0.01933448
    2    8
  0.01717345  -0.00348624     0.00764834   0.00717047    -0.00764834  -0.00717047
  0.00491431   0.00523511     0.00238821  -0.01215343     0.01093086   0.00799637
 -0.00491431  -0.00523511     0.01093086   0.00799637     0.00238821  -0.01215343
    2    9
 -0.01085088   0.00997448    -0.01316653  -0.01881518     0.01316653   0.01881518
 -0.00694897  -0.01963984     0.00485267   0.01933448    -0.00905333  -0.02001357
  0.00694897   0.01963984    -0.00905333  -0.02001357     0.00485267   0.01933448
    2   10
 -0.00556756  -0.01661577    -0.01003398  -0.00303842    -0.01003398  -0.00303842
 -0.00699089  -0.00163836     0.00933108  -0.00814497     0.01239048   0.00546822
 -0.00699089  -0.00163836     0.01239048   0.00546822     0.00933108  -0.00814497
    2   11
 -0.00321272   0.01438438     0.02287769   0.00199496     0.02287769   0.00199496
  0.02048309  -0.00380193    -0.01917048   0.00546471    -0.02185893   0.00216637
  0.02048309  -0.00380193    -0.02185893   0.00216637    -0.01917048   0.00546471
    3    1
 -0.01680485   0.00000000     0.00000000  -0.00000000     0.00000000   0.00000000
  0.00000000  -0.00000000     0.02999133  -0.00000000     0.00000000   0.02203897
  0.00000000  -0.00000000     0.00000000   0.02203897     0.02999133  -0.00000000
    3    2
 -0.00720247   0.01247504    -0.00000000   0.00000000     0.00000000   0.00000000
 -0.00000000   0.00000000    -0.00064096   0.00111017    -0.01515998  -0.00875262
  0.00000000   0.00000000    -0.01515998  -0.00875262    -0.00064096   0.00111017
    3    3
  0.09984511   0.00000000    -0.00000000  -0.00000000     0.00000000  -0.00000000
  0.00000000  -0.00000000     0.07296457   0.00000000     0.00000000  -0.00000000
  0.00000000   0.00000000     0.00000000  -0.00000000     0.07296457   0.00000000
    3    4
 -0.00321272  -0.01438438    -0.02287769   0.00199496    -0.02287769   0.00199496
 -0.02048309  -0.00380193    -0.01917048  -0.00546471    -0.02185893  -0.00216637
 -0.02048309  -0.00380193    -0.02185893  -0.00216637    -0.01917048  -0.00546471
    3    5
 -0.00556756   0.01661577     0.01003398  -0.00303842     0.01003398  -0.00303842
  0.00699089  -0.00163836     0.00933108   0.00814497     0.01239048  -0.00546822
  0.00699089  -0.00163836     0.01239048  -0.00546822     0.00933108   0.00814497
    3    6
 -0.01085088  -0.00997448     0.01316653  -0.01881518    -0.01316653   0.01881518
  0.00694897  -0.01963984     0.00485267  -0.01933448    -0.00905333   0.02001357
 -0.00694897   0.01963984    -0.00905333   0.02001357     0.00485267  -0.01933448
    3    7
  0.01717345   0.00348624    -0.00764834   0.00717047     0.00764834  -0.00717047
 -0.00491431   0.00523511     0.00238821   0.01215343     0.01093086  -0.00799637
  0.00491431  -0.00523511     0.01093086  -0.00799637     0.00238821   0.01215343
    3    8
 -0.01085088  -0.00997448    -0.01316653   0.01881518     0.01316653  -0.01881518
 -0.00694897   0.01963984     0.00485267  -0.01933448    -0.00905333   0.02001357
  0.00694897  -0.01963984    -0.00905333   0.02001357     0.00485267  -0.01933448
    3    9
  0.01717345   0.00348624     0.00764834  -0.00717047    -0.00764834   0.00717047
  0.00491431  -0.00523511     0.00238821   0.01215343     0.01093086  -0.00799637
 -0.00491431   0.00523511     0.01093086  -0.00799637     0.00238821   0.01215343
    3   10
 -0.00321272  -0.01438438     0.02287769  -0.00199496     0.02287769  -0.00199496
  0.02048309   0.00380193    -0.01917048  -0.00546471    -0.02185893  -0.00216637
  0.02048309   0.00380193    -0.02185893  -0.00216637    -0.01917048  -0.00546471
    3   11
 -0.00556756   0.01661577    -0.01003398   0.00303842    -0.01003398   0.00303842
 -0.00699089   0.00163836     0.00933108   0.00814497     0.01239048  -0.00546822
 -0.00699089   0.00163836     0.01239048  -0.00546822     0.00933108   0.00814497
    4    1
  0.03968341   0.03077052    -0.01296576  -0.00340092    -0.01296576  -0.00340092
 -0.01528745  -0.00814385    -0.00405944  -0.00824348    -0.01801030  -0.00343075
 -0.01528745  -0.00814385    -0.01801030  -0.00343075    -0.00405944  -0.00824348
    4    2
 -0.00556756   0.01661577     0.00699089  -0.00163836     0.00699089  -0.00163836
  0.01003398  -0.00303842     0.00933108   0.00814497     0.01239048  -0.00546822
  0.01003398  -0.00303842     0.01239048  -0.00546822     0.00933108   0.00814497
    4    3
 -0.00321272   0.01438438    -0.02048309   0.00380193    -0.02048309   0.00380193
 -0.02287769  -0.00199496    -0.01917048   0.00546471    -0.02185893   0.00216637
 -0.02287769  -0.00199496    -0.02185893   0.00216637    -0.01917048   0.00546471
    4    4
  0.09035279  -0.00000000    -0.00311243  -0.00069892    -0.00311243  -0.00069892
 -0.00311243   0.00069892     0.06958659  -0.00000000     0.00490081   0.00000000
 -0.00311243   0.00069892     0.00490081   0.00000000     0.06958659  -0.00000000
    4    5
 -0.03291854   0.01181383    -0.00319724  -0.00285250    -0.00319724  -0.00285250
 -0.00319724  -0.00285250    -0.02438519  -0.00103539    -0.01435304   0.00441350
 -0.00319724  -0.00285250    -0.01435304   0.00441350    -0.02438519  -0.00103539
    4    6
 -0.01690833   0.01285996     0.02230930  -0.00375382    -0.01153994   0.00424610
  0.02230930  -0.00375382    -0.01318635   0.00432573    -0.00231199  -0.00171946
  0.01153994  -0.00424610     0.00231199   0.00171946     0.01794042   0.00180153
    4    7
  0.02382399   0.00000000    -0.02101773  -0.00093088     0.01996617   0.00018526
 -0.02101773   0.00093088     0.00858522   0.00000000     0.00756020   0.00228948
 -0.01996617   0.00018526    -0.00756020   0.00228948    -0.04491286  -0.00000000
    4    8
 -0.01690833   0.01285996    -0.01153994   0.00424610     0.02230930  -0.00375382
  0.01153994  -0.00424610     0.01794042   0.00180153     0.00231199   0.00171946
  0.02230930  -0.00375382    -0.00231199  -0.00171946    -0.01318635   0.00432573
    4    9
  0.02382399   0.00000000     0.01996617   0.00018526    -0.02101773  -0.00093088
 -0.01996617   0.00018526    -0.04491286  -0.00000000    -0.00756020   0.00228948
 -0.02101773   0.00093088     0.00756020   0.00228948     0.00858522   0.00000000
    4   10
  0.03040530  -0.00000000     0.01877796  -0.00003314     0.01877796  -0.00003314
 -0.01877796  -0.00003314    -0.00911164   0.00000000     0.01454153  -0.00000000
 -0.01877796  -0.00003314     0.01454153  -0.00000000    -0.00911164   0.00000000
    4   11
 -0.05271210   0.00479666    -0.02101386   0.00670323    -0.02101386   0.00670323
  0.02101386  -0.00670323     0.01386333  -0.00244322    -0.01268220   0.00093979
  0.02101386  -0.00670323    -0.01268220   0.00093979     0.01386333  -0.00244322
    5    1
 -0.04648975  -0.01898158     0.00942816   0.00952822     0.00942816   0.00952822
  0.01469651   0.00916740     0.00916879  -0.00060616     0.01197626   0.01388200
  0.01469651   0.00916740     0.01197626   0.01388200     0.00916879  -0.00060616
    5    2
 -0.00321272  -0.01438438    -0.02048309  -0.00380193    -0.02048309  -0.00380193
 -0.02287769   0.00199496    -0.01917048  -0.00546471    -0.02185893  -0.00216637
 -0.02287769   0.00199496    -0.02185893  -0.00216637    -0.01917048  -0.00546471
    5    3
 -0.00556756  -0.01661577     0.00699089   0.00163836     0.00699089   0.00163836
  0.01003398   0.00303842     0.00933108  -0.00814497     0.01239048   0.00546822
  0.01003398   0.00303842     0.01239048   0.00546822     0.00933108  -0.00814497
    5    4
 -0.03291854  -0.01181383    -0.00319724   0.00285250    -0.00319724   0.00285250
 -0.00319724   0.00285250    -0.02438519   0.00103539    -0.01435304  -0.00441350
 -0.00319724   0.00285250    -0.01435304  -0.00441350    -0.02438519   0.00103539
    5    5
  0.09035279   0.00000000    -0.00311243   0.00069892    -0.00311243   0.00069892
 -0.00311243  -0.00069892     0.06958659   0.00000000     0.00490081  -0.00000000
 -0.00311243  -0.00069892     0.00490081  -0.00000000     0.06958659   0.00000000
    5    6
  0.02382399  -0.00000000    -0.02101773   0.00093088     0.01996617  -0.00018526
 -0.02101773  -0.00093088     0.00858522  -0.00000000     0.00756020  -0.00228948
 -0.01996617  -0.00018526    -0.00756020  -0.00228948    -0.04491286   0.00000000
    5    7
 -0.01690833  -0.01285996     0.02230930   0.00375382    -0.01153994  -0.00424610
  0.02230930   0.00375382    -0.01318635  -0.00432573    -0.00231199   0.00171946
  0.01153994   0.00424610     0.00231199  -0.00171946     0.01794042  -0.00180153
    5    8
  0.02382399  -0.00000000     0.01996617  -0.00018526    -0.02101773   0.00093088
 -0.01996617  -0.00018526    -0.04491286   0.00000000    -0.00756020  -0.00228948
 -0.02101773  -0.00093088     0.00756020  -0.00228948     0.00858522  -0.00000000
    5    9
 -0.01690833  -0.01285996    -0.01153994  -0.00424610     0.02230930   0.00375382
  0.01153994   0.00424610     0.01794042  -0.00180153     0.00231199  -0.00171946
  0.02230930   0.00375382    -0.00231199   0.00171946    -0.01318635  -0.00432573
    5   10
 -0.05271210  -0.00479666    -0.02101386  -0.00670323    -0.02101386  -0.00670323
  0.02101386   0.00670323     0.01386333   0.00244322    -0.01268220  -0.00093979
  0.02101386   0.00670323    -0.01268220  -0.00093979     0.01386333   0.00244322
    5   11
  0.03040530   0.00000000     0.01877796   0.00003314     0.01877796   0.00003314
 -0.01877796   0.00003314    -0.00911164  -0.00000000     0.01454153   0.00000000
 -0.01877796   0.00003314     0.01454153   0.00000000    -0.00911164  -0.00000000
    6    1
 -0.04648975  -0.01898158     0.00942816   0.00952822    -0.00942816  -0.00952822
  0.01469651   0.00916740     0.00916879  -0.00060616    -0.01197626  -0.01388200
 -0.01469651  -0.00916740    -0.01197626  -0.01388200     0.00916879  -0.00060616
    6    2
  0.01717345   0.00348624    -0.00491431   0.00523511     0.00491431  -0.00523511
 -0.00764834   0.00717047     0.00238821   0.01215343     0.01093086  -0.00799637
  0.00764834  -0.00717047     0.01093086  -0.00799637     0.00238821   0.01215343
    6    3
 -0.01085088   0.00997448     0.00694897   0.01963984    -0.00694897  -0.01963984
  0.01316653   0.01881518     0.00485267   0.01933448    -0.00905333  -0.02001357
 -0.01316653  -0.01881518    -0.00905333  -0.02001357     0.00485267   0.01933448
    6    4
 -0.01690833  -0.01285996     0.02230930   0.00375382     0.01153994   0.00424610
  0.02230930   0.00375382    -0.01318635  -0.00432573     0.00231199  -0.00171946
 -0.01153994  -0.00424610    -0.00231199   0.00171946     0.01794042  -0.00180153
    6    5
  0.02382399   0.00000000    -0.02101773   0.00093088    -0.01996617   0.00018526
 -0.02101773  -0.00093088     0.00858522   0.00000000    -0.00756020   0.00228948
  0.01996617   0.00018526     0.00756020   0.00228948    -0.04491286  -0.00000000
    6    6
  0.09035279  -0.00000000    -0.00311243   0.00069892     0.00311243  -0.00069892
 -0.00311243  -0.00069892     0.06958659   0.00000000    -0.00490081   0.00000000
  0.00311243   0.00069892    -0.00490081   0.00000000     0.06958659   0.00000000
    6    7
 -0.03291854  -0.01181383    -0.00319724   0.00285250     0.00319724  -0.00285250
 -0.00319724   0.00285250    -0.02438519   0.00103539     0.01435304   0.00441350
  0.00319724  -0.00285250     0.01435304   0.00441350    -0.02438519   0.00103539
    6    8
  0.03040530   0.00000000     0.01877796   0.00003314    -0.01877796  -0.00003314
 -0.01877796   0.00003314    -0.00911164  -0.00000000    -0.01454153  -0.00000000
  0.01877796  -0.00003314    -0.01454153  -0.00000000    -0.00911164  -0.00000000
    6    9
 -0.05271210  -0.00479666    -0.02101386  -0.00670323     0.02101386   0.00670323
  0.02101386   0.00670323     0.01386333   0.00244322     0.01268220   0.00093979
 -0.02101386  -0.00670323     0.01268220   0.00093979     0.01386333   0.00244322
    6   10
 -0.01690833  -0.01285996    -0.01153994  -0.00424610    -0.02230930  -0.00375382
  0.01153994   0.00424610     0.01794042  -0.00180153    -0.00231199   0.00171946
 -0.02230930  -0.00375382     0.00231199  -0.00171946    -0.01318635  -0.00432573
    6   11
  0.02382399   0.00000000     0.01996617  -0.00018526     0.02101773  -0.00093088
 -0.01996617  -0.00018526    -0.04491286  -0.00000000     0.00756020   0.00228948
  0.02101773   0.00093088    -0.00756020   0.00228948     0.00858522   0.00000000
    7    1
  0.03968341   0.03077052    -0.01296576  -0.00340092     0.01296576   0.00340092
 -0.01528745  -0.00814385    -0.00405944  -0.00824348     0.01801030   0.00343075
  0.01528745   0.00814385     0.01801030   0.00343075    -0.00405944  -0.00824348
    7    2
 -0.01085088  -0.00997448     0.00694897  -0.01963984    -0.00694897   0.01963984
  0.01316653  -0.01881518     0.00485267  -0.01933448    -0.00905333   0.02001357
 -0.01316653   0.01881518    -0.00905333   0.02001357     0.00485267  -0.01933448
    7    3
  0.01717345  -0.00348624    -0.00491431  -0.00523511     0.00491431   0.00523511
 -0.00764834  -0.00717047     0.00238821  -0.01215343     0.01093086   0.00799637
  0.00764834   0.00717047     0.01093086   0.00799637     0.00238821  -0.01215343
    7    4
  0.02382399  -0.00000000    -0.02101773  -0.00093088    -0.01996617  -0.00018526
 -0.02101773   0.00093088     0.00858522  -0.00000000    -0.00756020  -0.00228948
  0.01996617  -0.00018526     0.00756020  -0.00228948    -0.04491286   0.00000000
    7    5
 -0.01690833   0.01285996     0.02230930  -0.00375382     0.01153994  -0.00424610
  0.02230930  -0.00375382    -0.01318635   0.00432573     0.00231199   0.00171946
 -0.01153994   0.00424610    -0.00231199  -0.00171946     0.01794042   0.00180153
    7    6
 -0.03291854   0.01181383    -0.00319724  -0.00285250     0.00319724   0.00285250
 -0.00319724  -0.00285250    -0.02438519  -0.00103539     0.01435304  -0.00441350
  0.00319724   0.00285250     0.01435304  -0.00441350    -0.02438519  -0.00103539
    7    7
  0.09035279   0.00000000    -0.00311243  -0.00069892     0.00311243   0.00069892
 -0.00311243   0.00069892     0.06958659  -0.00000000    -0.00490081  -0.00000000
  0.00311243  -0.00069892    -0.00490081  -0.00000000     0.06958659  -0.00000000
    7    8
 -0.05271210   0.00479666    -0.02101386   0.00670323     0.02101386  -0.00670323
  0.02101386  -0.00670323     0.01386333  -0.00244322     0.01268220  -0.00093979
 -0.02101386   0.00670323     0.01268220  -0.00093979     0.01386333  -0.00244322
    7    9
  0.03040530  -0.00000000     0.01877796  -0.00003314    -0.01877796   0.00003314
 -0.01877796  -0.00003314    -0.00911164   0.00000000    -0.01454153   0.00000000
  0.01877796   0.00003314    -0.01454153   0.00000000    -0.00911164   0.00000000
    7   10
  0.02382399  -0.00000000     0.01996617   0.00018526     0.02101773   0.00093088
 -0.01996617   0.00018526    -0.04491286   0.00000000     0.00756020  -0.00228948
  0.02101773  -0.00093088    -0.00756020  -0.00228948     0.00858522  -0.00000000
    7   11
 -0.01690833   0.01285996    -0.01153994   0.00424610    -0.02230930   0.00375382
  0.01153994  -0.00424610     0.01794042   0.00180153    -0.00231199  -0.00171946
 -0.02230930   0.00375382     0.00231199   0.00171946    -0.01318635   0.00432573
    8    1
 -0.04648975  -0.01898158    -0.00942816  -0.00952822     0.00942816   0.00952822
 -0.01469651  -0.00916740     0.00916879  -0.00060616    -0.01197626  -0.01388200
  0.01469651   0.00916740    -0.01197626  -0.01388200     0.00916879  -0.00060616
    8    2
  0.01717345   0.00348624     0.00491431  -0.00523511    -0.00491431   0.00523511
  0.00764834  -0.00717047     0.00238821   0.01215343     0.01093086  -0.00799637
 -0.00764834   0.00717047     0.01093086  -0.00799637     0.00238821   0.01215343
    8    3
 -0.01085088   0.00997448    -0.00694897  -0.01963984     0.00694897   0.01963984
 -0.01316653  -0.01881518     0.00485267   0.01933448    -0.00905333  -0.02001357
  0.01316653   0.01881518    -0.00905333  -0.02001357     0.00485267   0.01933448
    8    4
 -0.01690833  -0.01285996     0.01153994   0.00424610     0.02230930   0.00375382
 -0.01153994  -0.00424610     0.01794042  -0.00180153    -0.00231199   0.00171946
  0.02230930   0.00375382     0.00231199  -0.00171946    -0.01318635  -0.00432573
    8    5
  0.02382399   0.00000000    -0.01996617   0.00018526    -0.02101773   0.00093088
  0.01996617   0.00018526    -0.04491286  -0.00000000     0.00756020   0.00228948
 -0.02101773  -0.00093088    -0.00756020   0.00228948     0.00858522   0.00000000
    8    6
  0.03040530   0.00000000    -0.01877796  -0.00003314     0.01877796   0.00003314
  0.01877796  -0.00003314    -0.00911164  -0.00000000    -0.01454153  -0.00000000
 -0.01877796   0.00003314    -0.01454153  -0.00000000    -0.00911164  -0.00000000
    8    7
 -0.05271210  -0.00479666     0.02101386   0.00670323    -0.02101386  -0.00670323
 -0.02101386  -0.00670323     0.01386333   0.00244322     0.01268220   0.00093979
  0.02101386   0.00670323     0.01268220   0.00093979     0.01386333   0.00244322
    8    8
  0.09035279  -0.00000000     0.00311243  -0.00069892    -0.00311243   0.00069892
  0.00311243   0.00069892     0.06958659   0.00000000    -0.00490081   0.00000000
 -0.00311243  -0.00069892    -0.00490081   0.00000000     0.06958659   0.00000000
    8    9
 -0.03291854  -0.01181383     0.00319724  -0.00285250    -0.00319724   0.00285250
  0.00319724  -0.00285250    -0.02438519   0.00103539     0.01435304   0.00441350
 -0.00319724   0.00285250     0.01435304   0.00441350    -0.02438519   0.00103539
    8   10
 -0.01690833  -0.01285996    -0.02230930  -0.00375382    -0.01153994  -0.00424610
 -0.02230930  -0.00375382    -0.01318635  -0.00432573     0.00231199  -0.00171946
  0.01153994   0.00424610    -0.00231199   0.00171946     0.01794042  -0.00180153
    8   11
  0.02382399   0.00000000     0.02101773  -0.00093088     0.01996617  -0.00018526
  0.02101773   0.00093088     0.00858522   0.00000000    -0.00756020   0.00228948
 -0.01996617  -0.00018526     0.00756020   0.00228948    -0.04491286  -0.00000000
    9    1
  0.03968341   0.03077052     0.01296576   0.00340092    -0.01296576  -0.00340092
  0.01528745   0.00814385    -0.00405944  -0.00824348     0.01801030   0.00343075
 -0.01528745  -0.00814385     0.01801030   0.00343075    -0.00405944  -0.00824348
    9    2
 -0.01085088  -0.00997448    -0.00694897   0.01963984     0.00694897  -0.01963984
 -0.01316653   0.01881518     0.00485267  -0.01933448    -0.00905333   0.02001357
  0.01316653  -0.01881518    -0.00905333   0.02001357     0.00485267  -0.01933448
    9    3
  0.01717345  -0.00348624     0.00491431   0.00523511    -0.00491431  -0.00523511
  0.00764834   0.00717047     0.00238821  -0.01215343     0.01093086   0.00799637
 -0.00764834  -0.00717047     0.01093086   0.00799637     0.00238821  -0.01215343
    9    4
  0.02382399  -0.00000000    -0.01996617  -0.00018526    -0.02101773  -0.00093088
  0.01996617  -0.00018526    -0.04491286   0.00000000     0.00756020  -0.00228948
 -0.02101773   0.00093088    -0.00756020  -0.00228948     0.00858522  -0.00000000
    9    5
 -0.01690833   0.01285996     0.01153994  -0.00424610     0.02230930  -0.00375382
 -0.01153994   0.00424610     0.01794042   0.00180153    -0.00231199  -0.00171946
  0.02230930  -0.00375382     0.00231199   0.00171946    -0.01318635   0.00432573
    9    6
 -0.05271210   0.00479666     0.02101386  -0.00670323    -0.02101386   0.00670323
 -0.02101386   0.00670323     0.01386333  -0.00244322     0.01268220  -0.00093979
  0.02101386  -0.00670323     0.01268220  -0.00093979     0.01386333  -0.00244322
    9    7
  0.03040530  -0.00000000    -0.01877796   0.00003314     0.01877796  -0.00003314
  0.01877796   0.00003314    -0.00911164   0.00000000    -0.01454153   0.00000000
 -0.01877796  -0.00003314    -0.01454153   0.00000000    -0.00911164   0.00000000
    9    8
 -0.03291854   0.01181383     0.00319724   0.00285250    -0.00319724  -0.00285250
  0.00319724   0.00285250    -0.02438519  -0.00103539     0.01435304  -0.00441350
 -0.00319724  -0.00285250     0.01435304  -0.00441350    -0.02438519  -0.00103539
    9    9
  0.09035279   0.00000000     0.00311243   0.00069892    -0.00311243  -0.00069892
  0.00311243  -0.00069892     0.06958659  -0.00000000    -0.00490081  -0.00000000
 -0.00311243   0.00069892    -0.00490081  -0.00000000     0.06958659  -0.00000000
    9   10
  0.02382399  -0.00000000     0.02101773   0.00093088     0.01996617   0.00018526
  0.02101773  -0.00093088     0.00858522  -0.00000000    -0.00756020  -0.00228948
 -0.01996617   0.00018526     0.00756020  -0.00228948    -0.04491286   0.00000000
    9   11
 -0.01690833   0.01285996    -0.02230930   0.00375382    -0.01153994   0.00424610
 -0.02230930   0.00375382    -0.01318635   0.00432573     0.00231199   0.00171946
  0.01153994  -0.00424610    -0.00231199  -0.00171946     0.01794042   0.00180153
   10    1
  0.03968341   0.03077052     0.01296576   0.00340092     0.01296576   0.00340092
  0.01528745   0.00814385    -0.00405944  -0.00824348    -0.01801030  -0.00343075
  0.01528745   0.00814385    -0.01801030  -0.00343075    -0.00405944  -0.00824348
   10    2
 -0.00556756   0.01661577    -0.00699089   0.00163836    -0.00699089   0.00163836
 -0.01003398   0.00303842     0.00933108   0.00814497     0.01239048  -0.00546822
 -0.01003398   0.00303842     0.01239048  -0.00546822     0.00933108   0.00814497
   10    3
 -0.00321272   0.01438438     0.02048309  -0.00380193     0.02048309  -0.00380193
  0.02287769   0.00199496    -0.01917048   0.00546471    -0.02185893   0.00216637
  0.02287769   0.00199496    -0.02185893   0.00216637    -0.01917048   0.00546471
   10    4
  0.03040530  -0.00000000    -0.01877796   0.00003314    -0.01877796   0.00003314
  0.01877796   0.00003314    -0.00911164   0.00000000     0.01454153  -0.00000000
  0.01877796   0.00003314     0.01454153  -0.00000000    -0.00911164   0.00000000
   10    5
 -0.05271210   0.00479666     0.02101386  -0.00670323     0.02101386  -0.00670323
 -0.02101386   0.00670323     0.01386333  -0.00244322    -0.01268220   0.00093979
 -0.02101386   0.00670323    -0.01268220   0.00093979     0.01386333  -0.00244322
   10    6
 -0.01690833   0.01285996     0.01153994  -0.00424610    -0.02230930   0.00375382
 -0.01153994   0.00424610     0.01794042   0.00180153     0.00231199   0.00171946
 -0.02230930   0.00375382    -0.00231199  -0.00171946    -0.01318635   0.00432573
   10    7
  0.02382399   0.00000000    -0.01996617  -0.00018526     0.02101773   0.00093088
  0.01996617  -0.00018526    -0.04491286  -0.00000000    -0.00756020   0.00228948
  0.02101773  -0.00093088     0.00756020   0.00228948     0.00858522   0.00000000
   10    8
 -0.01690833   0.01285996    -0.02230930   0.00375382     0.01153994  -0.00424610
 -0.02230930   0.00375382    -0.01318635   0.00432573    -0.00231199  -0.00171946
 -0.01153994   0.00424610     0.00231199   0.00171946     0.01794042   0.00180153
   10    9
  0.02382399   0.00000000     0.02101773   0.00093088    -0.01996617  -0.00018526
  0.02101773  -0.00093088     0.00858522   0.00000000     0.00756020   0.00228948
  0.01996617  -0.00018526    -0.00756020   0.00228948    -0.04491286  -0.00000000
   10   10
  0.09035279   0.00000000     0.00311243   0.00069892     0.00311243   0.00069892
  0.00311243  -0.00069892     0.06958659  -0.00000000     0.00490081   0.00000000
  0.00311243  -0.00069892     0.00490081   0.00000000     0.06958659  -0.00000000
   10   11
 -0.03291854   0.01181383     0.00319724   0.00285250     0.00319724   0.00285250
  0.00319724   0.00285250    -0.02438519  -0.00103539    -0.01435304   0.00441350
  0.00319724   0.00285250    -0.01435304   0.00441350    -0.02438519  -0.00103539
   11    1
 -0.04648975  -0.01898158    -0.00942816  -0.00952822    -0.00942816  -0.00952822
 -0.01469651  -0.00916740     0.00916879  -0.00060616     0.01197626   0.01388200
 -0.01469651  -0.00916740     0.01197626   0.01388200     0.00916879  -0.00060616
   11    2
 -0.00321272  -0.01438438     0.02048309   0.00380193     0.02048309   0.00380193
  0.02287769  -0.00199496    -0.01917048  -0.00546471    -0.02185893  -0.00216637
  0.02287769  -0.00199496    -0.02185893  -0.00216637    -0.01917048  -0.00546471
   11    3
 -0.00556756  -0.01661577    -0.00699089  -0.00163836    -0.00699089  -0.00163836
 -0.01003398  -0.00303842     0.00933108  -0.00814497     0.01239048   0.00546822
 -0.01003398  -0.00303842     0.01239048   0.00546822     0.00933108  -0.00814497
   11    4
 -0.05271210  -0.00479666     0.02101386   0.00670323     0.02101386   0.00670323
 -0.02101386  -0.00670323     0.01386333   0.00244322    -0.01268220  -0.00093979
 -0.02101386  -0.00670323    -0.01268220  -0.00093979     0.01386333   0.00244322
   11    5
  0.03040530   0.00000000    -0.01877796  -0.00003314    -0.01877796  -0.00003314
  0.01877796  -0.00003314    -0.00911164  -0.00000000     0.01454153   0.00000000
  0.01877796  -0.00003314     0.01454153   0.00000000    -0.00911164  -0.00000000
   11    6
  0.02382399  -0.00000000    -0.01996617   0.00018526     0.02101773  -0.00093088
  0.01996617   0.00018526    -0.04491286   0.00000000    -0.00756020  -0.00228948
  0.02101773   0.00093088     0.00756020  -0.00228948     0.00858522  -0.00000000
   11    7
 -0.01690833  -0.01285996     0.01153994   0.00424610    -0.02230930  -0.00375382
 -0.01153994  -0.00424610     0.01794042  -0.00180153     0.00231199  -0.00171946
 -0.02230930  -0.00375382    -0.00231199   0.00171946    -0.01318635  -0.00432573
   11    8
  0.02382399  -0.00000000     0.02101773  -0.00093088    -0.01996617   0.00018526
  0.02101773   0.00093088     0.00858522  -0.00000000     0.00756020  -0.00228948
  0.01996617   0.00018526    -0.00756020  -0.00228948    -0.04491286   0.00000000
   11    9
 -0.01690833  -0.01285996    -0.02230930  -0.00375382     0.01153994   0.00424610
 -0.02230930  -0.00375382    -0.01318635  -0.00432573    -0.00231199   0.00171946
 -0.01153994  -0.00424610     0.00231199  -0.00171946     0.01794042  -0.00180153
   11   10
 -0.03291854  -0.01181383     0.00319724  -0.00285250     0.00319724  -0.00285250
  0.00319724  -0.00285250    -0.02438519   0.00103539    -0.01435304  -0.00441350
  0.00319724  -0.00285250    -0.01435304  -0.00441350    -0.02438519   0.00103539
   11   11
  0.09035279  -0.00000000     0.00311243  -0.00069892     0.00311243  -0.00069892
  0.00311243   0.00069892     0.06958659   0.00000000     0.00490081  -0.00000000
  0.00311243   0.00069892     0.00490081  -0.00000000     0.06958659   0.00000000

     Dynamical  Matrix in cartesian axes

     q = (   -0.471404521   0.000000000   0.000000000 ) 

    1    1
  0.25047221   0.00000000    -0.00000000   0.00000000     0.00000000   0.00000000
 -0.00000000   0.00000000     0.09825191   0.00000000     0.00000000   0.00000000
  0.00000000   0.00000000     0.00000000   0.00000000     0.09825191   0.00000000
    1    2
  0.00840242   0.01455342    -0.00000000  -0.00000000     0.00000000  -0.00000000
  0.00000000   0.00000000    -0.01499567  -0.02597326    -0.01908631   0.01101949
 -0.00000000   0.00000000    -0.01908631   0.01101949    -0.01499567  -0.02597326
    1    3
 -0.01680485  -0.00000000     0.00000000  -0.00000000     0.00000000   0.00000000
 -0.00000000  -0.00000000     0.02999133  -0.00000000     0.00000000   0.02203897
  0.00000000   0.00000000     0.00000000   0.02203897     0.02999133  -0.00000000
    1    4
  0.03968341   0.03077052    -0.01528745  -0.00814385    -0.01528745  -0.00814385
 -0.01296576  -0.00340092    -0.00405944  -0.00824348    -0.01801030  -0.00343075
 -0.01296576  -0.00340092    -0.01801030  -0.00343075    -0.00405944  -0.00824348
    1    5
 -0.04648975  -0.01898158     0.01469651   0.00916740     0.01469651   0.00916740
  0.00942816   0.00952822     0.00916879  -0.00060616     0.01197626   0.01388200
  0.00942816   0.00952822     0.01197626   0.01388200     0.00916879  -0.00060616
    1    6
 -0.04648975  -0.01898158     0.01469651   0.00916740    -0.01469651  -0.00916740
  0.00942816   0.00952822     0.00916879  -0.00060616    -0.01197626  -0.01388200
 -0.00942816  -0.00952822    -0.01197626  -0.01388200     0.00916879  -0.00060616
    1    7
  0.03968341   0.03077052    -0.01528745  -0.00814385     0.01528745   0.00814385
 -0.01296576  -0.00340092    -0.00405944  -0.00824348     0.01801030   0.00343075
  0.01296576   0.00340092     0.01801030   0.00343075    -0.00405944  -0.00824348
    1    8
 -0.04648975  -0.01898158    -0.01469651  -0.00916740     0.01469651   0.00916740
 -0.00942816  -0.00952822     0.00916879  -0.00060616    -0.01197626  -0.01388200
  0.00942816   0.00952822    -0.01197626  -0.01388200     0.00916879  -0.00060616
    1    9
  0.03968341   0.03077052     0.01528745   0.00814385    -0.01528745  -0.00814385
  0.01296576   0.00340092    -0.00405944  -0.00824348     0.01801030   0.00343075
 -0.01296576  -0.00340092     0.01801030   0.00343075    -0.00405944  -0.00824348
    1   10
  0.03968341   0.03077052     0.01528745   0.00814385     0.01528745   0.00814385
  0.01296576   0.00340092    -0.00405944  -0.00824348    -0.01801030  -0.00343075
  0.01296576   0.00340092    -0.01801030  -0.00343075    -0.00405944  -0.00824348
    1   11
 -0.04648975  -0.01898158    -0.01469651  -0.00916740    -0.01469651  -0.00916740
 -0.00942816  -0.00952822     0.00916879  -0.00060616     0.01197626   0.01388200
 -0.00942816  -0.00952822     0.01197626   0.01388200     0.00916879  -0.00060616
    2    1
  0.00840242  -0.01455342     0.00000000   0.00000000    -0.00000000  -0.00000000
 -0.00000000  -0.00000000    -0.01499567   0.02597326    -0.01908631  -0.01101949
 -0.00000000  -0.00000000    -0.01908631  -0.01101949    -0.01499567   0.02597326
    2    2
  0.09984511   0.00000000     0.00000000  -0.00000000    -0.00000000  -0.00000000
  0.00000000  -0.00000000     0.07296457   0.00000000     0.00000000  -0.00000000
 -0.00000000  -0.00000000     0.00000000  -0.00000000     0.07296457  -0.00000000
    2    3
 -0.00720247   0.01247504    -0.00000000   0.00000000     0.00000000  -0.00000000
  0.00000000   0.00000000    -0.00064096   0.00111017    -0.01515998  -0.00875262
  0.00000000  -0.00000000    -0.01515998  -0.00875262    -0.00064096   0.00111017
    2    4
 -0.00556756   0.01661577     0.01003398  -0.00303842     0.01003398  -0.00303842
  0.00699089  -0.00163836     0.00933108   0.00814497     0.01239048  -0.00546822
  0.00699089  -0.00163836     0.01239048  -0.00546822     0.00933108   0.00814497
    2    5
 -0.00321272  -0.01438438    -0.02287769   0.00199496    -0.02287769   0.00199496
 -0.02048309  -0.00380193    -0.01917048  -0.00546471    -0.02185893  -0.00216637
 -0.02048309  -0.00380193    -0.02185893  -0.00216637    -0.01917048  -0.00546471
    2    6
  0.01717345   0.00348624    -0.00764834   0.00717047     0.00764834  -0.00717047
 -0.00491431   0.00523511     0.00238821   0.01215343     0.01093086  -0.00799637
  0.00491431  -0.00523511     0.01093086  -0.00799637     0.00238821   0.01215343
    2    7
 -0.01085088  -0.00997448     0.01316653  -0.01881518    -0.01316653   0.01881518
  0.00694897  -0.01963984     0.00485267  -0.01933448    -0.00905333   0.02001357
 -0.00694897   0.01963984    -0.00905333   0.02001357     0.00485267  -0.01933448
    2    8
  0.01717345   0.00348624     0.00764834  -0.00717047    -0.00764834   0.00717047
  0.00491431  -0.00523511     0.00238821   0.01215343     0.01093086  -0.00799637
 -0.00491431   0.00523511     0.01093086  -0.00799637     0.00238821   0.01215343
    2    9
 -0.01085088  -0.00997448    -0.01316653   0.01881518     0.01316653  -0.01881518
 -0.00694897   0.01963984     0.00485267  -0.01933448    -0.00905333   0.02001357
  0.00694897  -0.01963984    -0.00905333   0.02001357     0.00485267  -0.01933448
    2   10
 -0.00556756   0.01661577    -0.01003398   0.00303842    -0.01003398   0.00303842
 -0.00699089   0.00163836     0.00933108   0.00814497     0.01239048  -0.00546822
 -0.00699089   0.00163836     0.01239048  -0.00546822     0.00933108   0.00814497
    2   11
 -0.00321272  -0.01438438     0.02287769  -0.00199496     0.02287769  -0.00199496
  0.02048309   0.00380193    -0.01917048  -0.00546471    -0.02185893  -0.00216637
  0.02048309   0.00380193    -0.02185893  -0.00216637    -0.01917048  -0.00546471
    3    1
 -0.01680485  -0.00000000    -0.00000000   0.00000000     0.00000000  -0.00000000
  0.00000000   0.00000000     0.02999133  -0.00000000     0.00000000  -0.02203897
  0.00000000   0.00000000     0.00000000  -0.02203897     0.02999133   0.00000000
    3    2
 -0.00720247  -0.01247504    -0.00000000  -0.00000000     0.00000000   0.00000000
  0.00000000  -0.00000000    -0.00064096  -0.00111017    -0.01515998   0.00875262
  0.00000000   0.00000000    -0.01515998   0.00875262    -0.00064096  -0.00111017
    3    3
  0.09984511  -0.00000000     0.00000000   0.00000000    -0.00000000   0.00000000
  0.00000000   0.00000000     0.07296457  -0.00000000     0.00000000   0.00000000
 -0.00000000   0.00000000     0.00000000   0.00000000     0.07296457   0.00000000
    3    4
 -0.00321272   0.01438438    -0.02287769  -0.00199496    -0.02287769  -0.00199496
 -0.02048309   0.00380193    -0.01917048   0.00546471    -0.02185893   0.00216637
 -0.02048309   0.00380193    -0.02185893   0.00216637    -0.01917048   0.00546471
    3    5
 -0.00556756  -0.01661577     0.01003398   0.00303842     0.01003398   0.00303842
  0.00699089   0.00163836     0.00933108  -0.00814497     0.01239048   0.00546822
  0.00699089   0.00163836     0.01239048   0.00546822     0.00933108  -0.00814497
    3    6
 -0.01085088   0.00997448     0.01316653   0.01881518    -0.01316653  -0.01881518
  0.00694897   0.01963984     0.00485267   0.01933448    -0.00905333  -0.02001357
 -0.00694897  -0.01963984    -0.00905333  -0.02001357     0.00485267   0.01933448
    3    7
  0.01717345  -0.00348624    -0.00764834  -0.00717047     0.00764834   0.00717047
 -0.00491431  -0.00523511     0.00238821  -0.01215343     0.01093086   0.00799637
  0.00491431   0.00523511     0.01093086   0.00799637     0.00238821  -0.01215343
    3    8
 -0.01085088   0.00997448    -0.01316653  -0.01881518     0.01316653   0.01881518
 -0.00694897  -0.01963984     0.00485267   0.01933448    -0.00905333  -0.02001357
  0.00694897   0.01963984    -0.00905333  -0.02001357     0.00485267   0.01933448
    3    9
  0.01717345  -0.00348624     0.00764834   0.00717047    -0.00764834  -0.00717047
  0.00491431   0.00523511     0.00238821  -0.01215343     0.01093086   0.00799637
 -0.00491431  -0.00523511     0.01093086   0.00799637     0.00238821  -0.01215343
    3   10
 -0.00321272   0.01438438     0.02287769   0.00199496     0.02287769   0.00199496
  0.02048309  -0.00380193    -0.01917048   0.00546471    -0.02185893   0.00216637
  0.02048309  -0.00380193    -0.02185893   0.00216637    -0.01917048   0.00546471
    3   11
 -0.00556756  -0.01661577    -0.01003398  -0.00303842    -0.01003398  -0.00303842
 -0.00699089  -0.00163836     0.00933108  -0.00814497     0.01239048   0.00546822
 -0.00699089  -0.00163836     0.01239048   0.00546822     0.00933108  -0.00814497
    4    1
  0.03968341  -0.03077052    -0.01296576   0.00340092    -0.01296576   0.00340092
