  1.500000000000000E-002   1.50252848524039        5.64359138813530     
           8

     Dynamical  Matrix in cartesian axes

     q = (    0.235702260   0.235702260  -0.235702260 ) 

    1    1
  0.25204335   0.00000000     0.08595301   0.00000000    -0.08595301   0.00000000
  0.08595301   0.00000000     0.25204335   0.00000000    -0.08595301   0.00000000
 -0.08595301   0.00000000    -0.08595301   0.00000000     0.25204335   0.00000000
    1    2
  0.00053815   0.03358895     0.03265412   0.00159270    -0.03265412  -0.00159270
  0.03265412   0.00159270     0.00053815   0.03358895    -0.03265412  -0.00159270
 -0.03265412  -0.00159270    -0.03265412  -0.00159270     0.00053815   0.03358895
    1    3
 -0.02935796   0.01632842    -0.01770638  -0.02748295     0.01770638   0.02748295
 -0.01770638  -0.02748295    -0.02935796   0.01632842     0.01770638   0.02748295
  0.01770638   0.02748295     0.01770638   0.02748295    -0.02935796   0.01632842
    1    4
  0.04262408   0.02443533     0.01286785  -0.01056670    -0.00968346  -0.00908630
  0.01286785  -0.01056670     0.04262408   0.02443533    -0.00968346  -0.00908630
  0.00208114  -0.02425157     0.00208114  -0.02425157    -0.03253221  -0.01732119
    1    5
 -0.04247366  -0.02469587     0.00271711  -0.01642723     0.01271070   0.00384297
  0.00271711  -0.01642723    -0.04247366  -0.02469587     0.01271070   0.00384297
  0.01996191  -0.01392811     0.01996191  -0.01392811     0.03126670   0.01951313
    1    6
 -0.03375450  -0.00932818     0.00859920   0.01246099    -0.00859920  -0.01246099
  0.00859920   0.01246099    -0.03375450  -0.00932818    -0.00859920  -0.01246099
 -0.00859920  -0.01246099    -0.00859920  -0.01246099    -0.03375450  -0.00932818
    1    7
  0.02495569   0.02456816    -0.01509113  -0.00121664     0.01509113   0.00121664
 -0.01509113  -0.00121664     0.02495569   0.02456816     0.01509113   0.00121664
  0.01509113   0.00121664     0.01509113   0.00121664     0.02495569   0.02456816
    1    8
 -0.03253221  -0.01732119    -0.00208114   0.02425157     0.00208114  -0.02425157
  0.00968346   0.00908630     0.04262408   0.02443533    -0.01286785   0.01056670
 -0.00968346  -0.00908630    -0.01286785   0.01056670     0.04262408   0.02443533
    1    9
  0.03126670   0.01951313    -0.01996191   0.01392811     0.01996191  -0.01392811
 -0.01271070  -0.00384297    -0.04247366  -0.02469587    -0.00271711   0.01642723
  0.01271070   0.00384297    -0.00271711   0.01642723    -0.04247366  -0.02469587
    1   10
  0.04262408   0.02443533     0.00968346   0.00908630    -0.01286785   0.01056670
 -0.00208114   0.02425157    -0.03253221  -0.01732119     0.00208114  -0.02425157
 -0.01286785   0.01056670    -0.00968346  -0.00908630     0.04262408   0.02443533
    1   11
 -0.04247366  -0.02469587    -0.01271070  -0.00384297    -0.00271711   0.01642723
 -0.01996191   0.01392811     0.03126670   0.01951313     0.01996191  -0.01392811
 -0.00271711   0.01642723     0.01271070   0.00384297    -0.04247366  -0.02469587
    2    1
  0.00053815  -0.03358895     0.03265412  -0.00159270    -0.03265412   0.00159270
  0.03265412  -0.00159270     0.00053815  -0.03358895    -0.03265412   0.00159270
 -0.03265412   0.00159270    -0.03265412   0.00159270     0.00053815  -0.03358895
    2    2
  0.07744732  -0.00000000     0.00128465  -0.00000000    -0.00128465   0.00000000
  0.00128465  -0.00000000     0.07744732  -0.00000000    -0.00128465   0.00000000
 -0.00128465   0.00000000    -0.00128465   0.00000000     0.07744732  -0.00000000
    2    3
 -0.00580645   0.00032723    -0.00035812   0.00476713     0.00035812  -0.00476713
 -0.00035812   0.00476713    -0.00580645   0.00032723     0.00035812  -0.00476713
  0.00035812  -0.00476713     0.00035812  -0.00476713    -0.00580645   0.00032723
    2    4
  0.01770189  -0.00703996    -0.00032926   0.00048621     0.00463837   0.01022627
 -0.00032926   0.00048621     0.01770189  -0.00703996     0.00463837   0.01022627
 -0.00125247   0.00242029    -0.00125247   0.00242029     0.01183557   0.01437240
    2    5
 -0.02189709   0.00861290    -0.01418654  -0.00192477    -0.01715104  -0.00514851
 -0.01418654  -0.00192477    -0.02189709   0.00861290    -0.01715104  -0.00514851
 -0.02418622   0.00299819    -0.02418622   0.00299819    -0.02321925  -0.00331779
    2    6
  0.00678711  -0.00105611     0.00402325  -0.00750169    -0.00402325   0.00750169
  0.00402325  -0.00750169     0.00678711  -0.00105611    -0.00402325   0.00750169
 -0.00402325   0.00750169    -0.00402325   0.00750169     0.00678711  -0.00105611
    2    7
  0.00450851   0.00979403     0.00980122   0.02873072    -0.00980122  -0.02873072
  0.00980122   0.02873072     0.00450851   0.00979403    -0.00980122  -0.02873072
 -0.00980122  -0.02873072    -0.00980122  -0.02873072     0.00450851   0.00979403
    2    8
  0.01183557   0.01437240     0.00125247  -0.00242029    -0.00125247   0.00242029
 -0.00463837  -0.01022627     0.01770189  -0.00703996     0.00032926  -0.00048621
  0.00463837   0.01022627     0.00032926  -0.00048621     0.01770189  -0.00703996
    2    9
 -0.02321925  -0.00331779     0.02418622  -0.00299819    -0.02418622   0.00299819
  0.01715104   0.00514851    -0.02189709   0.00861290     0.01418654   0.00192477
 -0.01715104  -0.00514851     0.01418654   0.00192477    -0.02189709   0.00861290
    2   10
  0.01770189  -0.00703996    -0.00463837  -0.01022627     0.00032926  -0.00048621
  0.00125247  -0.00242029     0.01183557   0.01437240    -0.00125247   0.00242029
  0.00032926  -0.00048621     0.00463837   0.01022627     0.01770189  -0.00703996
    2   11
 -0.02189709   0.00861290     0.01715104   0.00514851     0.01418654   0.00192477
  0.02418622  -0.00299819    -0.02321925  -0.00331779    -0.02418622   0.00299819
  0.01418654   0.00192477    -0.01715104  -0.00514851    -0.02189709   0.00861290
    3    1
 -0.02935796  -0.01632842    -0.01770638   0.02748295     0.01770638  -0.02748295
 -0.01770638   0.02748295    -0.02935796  -0.01632842     0.01770638  -0.02748295
  0.01770638  -0.02748295     0.01770638  -0.02748295    -0.02935796  -0.01632842
    3    2
 -0.00580645  -0.00032723    -0.00035812  -0.00476713     0.00035812   0.00476713
 -0.00035812  -0.00476713    -0.00580645  -0.00032723     0.00035812   0.00476713
  0.00035812   0.00476713     0.00035812   0.00476713    -0.00580645  -0.00032723
    3    3
  0.07744732   0.00000000     0.00128465   0.00000000    -0.00128465  -0.00000000
  0.00128465   0.00000000     0.07744732   0.00000000    -0.00128465  -0.00000000
 -0.00128465  -0.00000000    -0.00128465  -0.00000000     0.07744732   0.00000000
    3    4
 -0.02189709  -0.00861290    -0.01418654   0.00192477    -0.01715104   0.00514851
 -0.01418654   0.00192477    -0.02189709  -0.00861290    -0.01715104   0.00514851
 -0.02418622  -0.00299819    -0.02418622  -0.00299819    -0.02321925   0.00331779
    3    5
  0.01770189   0.00703996    -0.00032926  -0.00048621     0.00463837  -0.01022627
 -0.00032926  -0.00048621     0.01770189   0.00703996     0.00463837  -0.01022627
 -0.00125247  -0.00242029    -0.00125247  -0.00242029     0.01183557  -0.01437240
    3    6
  0.00450851  -0.00979403     0.00980122  -0.02873072    -0.00980122   0.02873072
  0.00980122  -0.02873072     0.00450851  -0.00979403    -0.00980122   0.02873072
 -0.00980122   0.02873072    -0.00980122   0.02873072     0.00450851  -0.00979403
    3    7
  0.00678711   0.00105611     0.00402325   0.00750169    -0.00402325  -0.00750169
  0.00402325   0.00750169     0.00678711   0.00105611    -0.00402325  -0.00750169
 -0.00402325  -0.00750169    -0.00402325  -0.00750169     0.00678711   0.00105611
    3    8
 -0.02321925   0.00331779     0.02418622   0.00299819    -0.02418622  -0.00299819
  0.01715104  -0.00514851    -0.02189709  -0.00861290     0.01418654  -0.00192477
 -0.01715104   0.00514851     0.01418654  -0.00192477    -0.02189709  -0.00861290
    3    9
  0.01183557  -0.01437240     0.00125247   0.00242029    -0.00125247  -0.00242029
 -0.00463837   0.01022627     0.01770189   0.00703996     0.00032926   0.00048621
  0.00463837  -0.01022627     0.00032926   0.00048621     0.01770189   0.00703996
    3   10
 -0.02189709  -0.00861290     0.01715104  -0.00514851     0.01418654  -0.00192477
  0.02418622   0.00299819    -0.02321925   0.00331779    -0.02418622  -0.00299819
  0.01418654  -0.00192477    -0.01715104   0.00514851    -0.02189709  -0.00861290
    3   11
  0.01770189   0.00703996    -0.00463837   0.01022627     0.00032926   0.00048621
  0.00125247   0.00242029     0.01183557  -0.01437240    -0.00125247  -0.00242029
  0.00032926   0.00048621     0.00463837  -0.01022627     0.01770189   0.00703996
    4    1
  0.04262408  -0.02443533     0.01286785   0.01056670     0.00208114   0.02425157
  0.01286785   0.01056670     0.04262408  -0.02443533     0.00208114   0.02425157
 -0.00968346   0.00908630    -0.00968346   0.00908630    -0.03253221   0.01732119
    4    2
  0.01770189   0.00703996    -0.00032926  -0.00048621    -0.00125247  -0.00242029
 -0.00032926  -0.00048621     0.01770189   0.00703996    -0.00125247  -0.00242029
  0.00463837  -0.01022627     0.00463837  -0.01022627     0.01183557  -0.01437240
    4    3
 -0.02189709   0.00861290    -0.01418654  -0.00192477    -0.02418622   0.00299819
 -0.01418654  -0.00192477    -0.02189709   0.00861290    -0.02418622   0.00299819
 -0.01715104  -0.00514851    -0.01715104  -0.00514851    -0.02321925  -0.00331779
    4    4
  0.08714634  -0.00000000     0.00448190  -0.00000000    -0.00734980   0.00403232
  0.00448190  -0.00000000     0.08714634  -0.00000000    -0.00734980   0.00403232
 -0.00734980  -0.00403232    -0.00734980  -0.00403232     0.07004564  -0.00000000
    4    5
 -0.01687719  -0.00168721    -0.01019223  -0.00529629    -0.00863713   0.01339201
 -0.01019223  -0.00529629    -0.01687719  -0.00168721    -0.00863713   0.01339201
 -0.00863713   0.01339201    -0.00863713   0.01339201    -0.01272978   0.01328041
    4    6
 -0.01064727   0.00511474     0.02214832  -0.00312075    -0.01176620  -0.01004394
  0.02214832  -0.00312075    -0.01064727   0.00511474    -0.01176620  -0.01004394
 -0.00290595  -0.00655834    -0.00290595  -0.00655834     0.01427455   0.00541734
    4    7
  0.00522436   0.00656804    -0.00778341   0.00241403     0.02193730   0.00052261
 -0.00778341   0.00241403     0.00522436   0.00656804     0.02193730   0.00052261
 -0.00877149   0.00484143    -0.00877149   0.00484143    -0.04011841  -0.00314285
    4    8
  0.00223878  -0.00532950    -0.00247564   0.00445850     0.02099058   0.00000000
  0.00610363  -0.00608159     0.01832824   0.00000000     0.00247564   0.00445850
  0.01534670   0.00000000    -0.00610363  -0.00608159     0.00223878   0.00532950
    4    9
  0.00798002  -0.00179321     0.01372796  -0.00251656    -0.01556334   0.00224675
 -0.00943505  -0.00375430    -0.05947386  -0.00536287    -0.01372796   0.00251656
 -0.01638006   0.01274543     0.00943505   0.00375430     0.00798002  -0.00179321
    4   10
  0.01832824   0.00000000     0.00610363  -0.00608159     0.00247564   0.00445850
 -0.00247564   0.00445850     0.00223878  -0.00532950     0.02099058  -0.00000000
 -0.00610363  -0.00608159     0.01534670   0.00000000     0.00223878   0.00532950
    4   11
 -0.05947386  -0.00536287    -0.00943505  -0.00375430    -0.01372796   0.00251656
  0.01372796  -0.00251656     0.00798002  -0.00179321    -0.01556334   0.00224675
  0.00943505   0.00375430    -0.01638006   0.01274543     0.00798002  -0.00179321
    5    1
 -0.04247366   0.02469587     0.00271711   0.01642723     0.01996191   0.01392811
  0.00271711   0.01642723    -0.04247366   0.02469587     0.01996191   0.01392811
  0.01271070  -0.00384297     0.01271070  -0.00384297     0.03126670  -0.01951313
    5    2
 -0.02189709  -0.00861290    -0.01418654   0.00192477    -0.02418622  -0.00299819
 -0.01418654   0.00192477    -0.02189709  -0.00861290    -0.02418622  -0.00299819
 -0.01715104   0.00514851    -0.01715104   0.00514851    -0.02321925   0.00331779
    5    3
  0.01770189  -0.00703996    -0.00032926   0.00048621    -0.00125247   0.00242029
 -0.00032926   0.00048621     0.01770189  -0.00703996    -0.00125247   0.00242029
  0.00463837   0.01022627     0.00463837   0.01022627     0.01183557   0.01437240
    5    4
 -0.01687719   0.00168721    -0.01019223   0.00529629    -0.00863713  -0.01339201
 -0.01019223   0.00529629    -0.01687719   0.00168721    -0.00863713  -0.01339201
 -0.00863713  -0.01339201    -0.00863713  -0.01339201    -0.01272978  -0.01328041
    5    5
  0.08714634   0.00000000     0.00448190   0.00000000    -0.00734980  -0.00403232
  0.00448190   0.00000000     0.08714634   0.00000000    -0.00734980  -0.00403232
 -0.00734980   0.00403232    -0.00734980   0.00403232     0.07004564   0.00000000
    5    6
  0.00522436  -0.00656804    -0.00778341  -0.00241403     0.02193730  -0.00052261
 -0.00778341  -0.00241403     0.00522436  -0.00656804     0.02193730  -0.00052261
 -0.00877149  -0.00484143    -0.00877149  -0.00484143    -0.04011841   0.00314285
    5    7
 -0.01064727  -0.00511474     0.02214832   0.00312075    -0.01176620   0.01004394
  0.02214832   0.00312075    -0.01064727  -0.00511474    -0.01176620   0.01004394
 -0.00290595   0.00655834    -0.00290595   0.00655834     0.01427455  -0.00541734
    5    8
  0.00798002   0.00179321     0.01372796   0.00251656    -0.01556334  -0.00224675
 -0.00943505   0.00375430    -0.05947386   0.00536287    -0.01372796  -0.00251656
 -0.01638006  -0.01274543     0.00943505  -0.00375430     0.00798002   0.00179321
    5    9
  0.00223878   0.00532950    -0.00247564  -0.00445850     0.02099058  -0.00000000
  0.00610363   0.00608159     0.01832824  -0.00000000     0.00247564  -0.00445850
  0.01534670  -0.00000000    -0.00610363   0.00608159     0.00223878  -0.00532950
    5   10
 -0.05947386   0.00536287    -0.00943505   0.00375430    -0.01372796  -0.00251656
  0.01372796   0.00251656     0.00798002   0.00179321    -0.01556334  -0.00224675
  0.00943505  -0.00375430    -0.01638006  -0.01274543     0.00798002   0.00179321
    5   11
  0.01832824  -0.00000000     0.00610363   0.00608159     0.00247564  -0.00445850
 -0.00247564  -0.00445850     0.00223878   0.00532950     0.02099058  -0.00000000
 -0.00610363   0.00608159     0.01534670  -0.00000000     0.00223878  -0.00532950
    6    1
 -0.03375450   0.00932818     0.00859920  -0.01246099    -0.00859920   0.01246099
  0.00859920  -0.01246099    -0.03375450   0.00932818    -0.00859920   0.01246099
 -0.00859920   0.01246099    -0.00859920   0.01246099    -0.03375450   0.00932818
    6    2
  0.00678711   0.00105611     0.00402325   0.00750169    -0.00402325  -0.00750169
  0.00402325   0.00750169     0.00678711   0.00105611    -0.00402325  -0.00750169
 -0.00402325  -0.00750169    -0.00402325  -0.00750169     0.00678711   0.00105611
    6    3
  0.00450851   0.00979403     0.00980122   0.02873072    -0.00980122  -0.02873072
  0.00980122   0.02873072     0.00450851   0.00979403    -0.00980122  -0.02873072
 -0.00980122  -0.02873072    -0.00980122  -0.02873072     0.00450851   0.00979403
    6    4
 -0.01064727  -0.00511474     0.02214832   0.00312075    -0.00290595   0.00655834
  0.02214832   0.00312075    -0.01064727  -0.00511474    -0.00290595   0.00655834
 -0.01176620   0.01004394    -0.01176620   0.01004394     0.01427455  -0.00541734
    6    5
  0.00522436   0.00656804    -0.00778341   0.00241403    -0.00877149   0.00484143
 -0.00778341   0.00241403     0.00522436   0.00656804    -0.00877149   0.00484143
  0.02193730   0.00052261     0.02193730   0.00052261    -0.04011841  -0.00314285
    6    6
  0.09040098   0.00000000     0.01333325  -0.00000000    -0.01333325   0.00000000
  0.01333325  -0.00000000     0.09040098   0.00000000    -0.01333325   0.00000000
 -0.01333325   0.00000000    -0.01333325   0.00000000     0.09040098   0.00000000
    6    7
 -0.01175319   0.01628134    -0.02430078   0.01144402     0.02430078  -0.01144402
 -0.02430078   0.01144402    -0.01175319   0.01628134     0.02430078  -0.01144402
  0.02430078  -0.01144402     0.02430078  -0.01144402    -0.01175319   0.01628134
    6    8
  0.01427455  -0.00541734     0.01176620  -0.01004394    -0.01176620   0.01004394
  0.00290595  -0.00655834    -0.01064727  -0.00511474    -0.02214832  -0.00312075
 -0.00290595   0.00655834    -0.02214832  -0.00312075    -0.01064727  -0.00511474
    6    9
 -0.04011841  -0.00314285    -0.02193730  -0.00052261     0.02193730   0.00052261
  0.00877149  -0.00484143     0.00522436   0.00656804     0.00778341  -0.00241403
 -0.00877149   0.00484143     0.00778341  -0.00241403     0.00522436   0.00656804
    6   10
 -0.01064727  -0.00511474     0.00290595  -0.00655834    -0.02214832  -0.00312075
  0.01176620  -0.01004394     0.01427455  -0.00541734    -0.01176620   0.01004394
 -0.02214832  -0.00312075    -0.00290595   0.00655834    -0.01064727  -0.00511474
    6   11
  0.00522436   0.00656804     0.00877149  -0.00484143     0.00778341  -0.00241403
 -0.02193730  -0.00052261    -0.04011841  -0.00314285     0.02193730   0.00052261
  0.00778341  -0.00241403    -0.00877149   0.00484143     0.00522436   0.00656804
    7    1
  0.02495569  -0.02456816    -0.01509113   0.00121664     0.01509113  -0.00121664
 -0.01509113   0.00121664     0.02495569  -0.02456816     0.01509113  -0.00121664
  0.01509113  -0.00121664     0.01509113  -0.00121664     0.02495569  -0.02456816
    7    2
  0.00450851  -0.00979403     0.00980122  -0.02873072    -0.00980122   0.02873072
  0.00980122  -0.02873072     0.00450851  -0.00979403    -0.00980122   0.02873072
 -0.00980122   0.02873072    -0.00980122   0.02873072     0.00450851  -0.00979403
    7    3
  0.00678711  -0.00105611     0.00402325  -0.00750169    -0.00402325   0.00750169
  0.00402325  -0.00750169     0.00678711  -0.00105611    -0.00402325   0.00750169
 -0.00402325   0.00750169    -0.00402325   0.00750169     0.00678711  -0.00105611
    7    4
  0.00522436  -0.00656804    -0.00778341  -0.00241403    -0.00877149  -0.00484143
 -0.00778341  -0.00241403     0.00522436  -0.00656804    -0.00877149  -0.00484143
  0.02193730  -0.00052261     0.02193730  -0.00052261    -0.04011841   0.00314285
    7    5
 -0.01064727   0.00511474     0.02214832  -0.00312075    -0.00290595  -0.00655834
  0.02214832  -0.00312075    -0.01064727   0.00511474    -0.00290595  -0.00655834
 -0.01176620  -0.01004394    -0.01176620  -0.01004394     0.01427455   0.00541734
    7    6
 -0.01175319  -0.01628134    -0.02430078  -0.01144402     0.02430078   0.01144402
 -0.02430078  -0.01144402    -0.01175319  -0.01628134     0.02430078   0.01144402
  0.02430078   0.01144402     0.02430078   0.01144402    -0.01175319  -0.01628134
    7    7
  0.09040098  -0.00000000     0.01333325   0.00000000    -0.01333325  -0.00000000
  0.01333325   0.00000000     0.09040098  -0.00000000    -0.01333325  -0.00000000
 -0.01333325  -0.00000000    -0.01333325  -0.00000000     0.09040098  -0.00000000
    7    8
 -0.04011841   0.00314285    -0.02193730   0.00052261     0.02193730  -0.00052261
  0.00877149   0.00484143     0.00522436  -0.00656804     0.00778341   0.00241403
 -0.00877149  -0.00484143     0.00778341   0.00241403     0.00522436  -0.00656804
    7    9
  0.01427455   0.00541734     0.01176620   0.01004394    -0.01176620  -0.01004394
  0.00290595   0.00655834    -0.01064727   0.00511474    -0.02214832   0.00312075
 -0.00290595  -0.00655834    -0.02214832   0.00312075    -0.01064727   0.00511474
    7   10
  0.00522436  -0.00656804     0.00877149   0.00484143     0.00778341   0.00241403
 -0.02193730   0.00052261    -0.04011841   0.00314285     0.02193730  -0.00052261
  0.00778341   0.00241403    -0.00877149  -0.00484143     0.00522436  -0.00656804
    7   11
 -0.01064727   0.00511474     0.00290595   0.00655834    -0.02214832   0.00312075
  0.01176620   0.01004394     0.01427455   0.00541734    -0.01176620  -0.01004394
 -0.02214832   0.00312075    -0.00290595  -0.00655834    -0.01064727   0.00511474
    8    1
 -0.03253221   0.01732119     0.00968346  -0.00908630    -0.00968346   0.00908630
 -0.00208114  -0.02425157     0.04262408  -0.02443533    -0.01286785  -0.01056670
  0.00208114   0.02425157    -0.01286785  -0.01056670     0.04262408  -0.02443533
    8    2
  0.01183557  -0.01437240    -0.00463837   0.01022627     0.00463837  -0.01022627
  0.00125247   0.00242029     0.01770189   0.00703996     0.00032926   0.00048621
 -0.00125247  -0.00242029     0.00032926   0.00048621     0.01770189   0.00703996
    8    3
 -0.02321925  -0.00331779     0.01715104   0.00514851    -0.01715104  -0.00514851
  0.02418622  -0.00299819    -0.02189709   0.00861290     0.01418654   0.00192477
 -0.02418622   0.00299819     0.01418654   0.00192477    -0.02189709   0.00861290
    8    4
  0.00223878   0.00532950     0.00610363   0.00608159     0.01534670   0.00000000
 -0.00247564  -0.00445850     0.01832824   0.00000000    -0.00610363   0.00608159
  0.02099058  -0.00000000     0.00247564  -0.00445850     0.00223878  -0.00532950
    8    5
  0.00798002  -0.00179321    -0.00943505  -0.00375430    -0.01638006   0.01274543
  0.01372796  -0.00251656    -0.05947386  -0.00536287     0.00943505   0.00375430
 -0.01556334   0.00224675    -0.01372796   0.00251656     0.00798002  -0.00179321
    8    6
  0.01427455   0.00541734     0.00290595   0.00655834    -0.00290595  -0.00655834
  0.01176620   0.01004394    -0.01064727   0.00511474    -0.02214832   0.00312075
 -0.01176620  -0.01004394    -0.02214832   0.00312075    -0.01064727   0.00511474
    8    7
 -0.04011841  -0.00314285     0.00877149  -0.00484143    -0.00877149   0.00484143
 -0.02193730  -0.00052261     0.00522436   0.00656804     0.00778341  -0.00241403
  0.02193730   0.00052261     0.00778341  -0.00241403     0.00522436   0.00656804
    8    8
  0.07004564   0.00000000     0.00734980   0.00403232    -0.00734980  -0.00403232
  0.00734980  -0.00403232     0.08714634   0.00000000    -0.00448190  -0.00000000
 -0.00734980   0.00403232    -0.00448190   0.00000000     0.08714634   0.00000000
    8    9
 -0.01272978   0.01328041     0.00863713  -0.01339201    -0.00863713   0.01339201
  0.00863713  -0.01339201    -0.01687719  -0.00168721     0.01019223   0.00529629
 -0.00863713   0.01339201     0.01019223   0.00529629    -0.01687719  -0.00168721
    8   10
  0.00223878   0.00532950    -0.01534670  -0.00000000    -0.00610363  -0.00608159
 -0.02099058  -0.00000000     0.00223878  -0.00532950     0.00247564  -0.00445850
  0.00247564   0.00445850    -0.00610363   0.00608159     0.01832824  -0.00000000
    8   11
  0.00798002  -0.00179321     0.01638006  -0.01274543     0.00943505   0.00375430
  0.01556334  -0.00224675     0.00798002  -0.00179321    -0.01372796   0.00251656
 -0.01372796   0.00251656     0.00943505   0.00375430    -0.05947386  -0.00536287
    9    1
  0.03126670  -0.01951313    -0.01271070   0.00384297     0.01271070  -0.00384297
 -0.01996191  -0.01392811    -0.04247366   0.02469587    -0.00271711  -0.01642723
  0.01996191   0.01392811    -0.00271711  -0.01642723    -0.04247366   0.02469587
    9    2
 -0.02321925   0.00331779     0.01715104  -0.00514851    -0.01715104   0.00514851
  0.02418622   0.00299819    -0.02189709  -0.00861290     0.01418654  -0.00192477
 -0.02418622  -0.00299819     0.01418654  -0.00192477    -0.02189709  -0.00861290
    9    3
  0.01183557   0.01437240    -0.00463837  -0.01022627     0.00463837   0.01022627
  0.00125247  -0.00242029     0.01770189  -0.00703996     0.00032926  -0.00048621
 -0.00125247   0.00242029     0.00032926  -0.00048621     0.01770189  -0.00703996
    9    4
  0.00798002   0.00179321    -0.00943505   0.00375430    -0.01638006  -0.01274543
  0.01372796   0.00251656    -0.05947386   0.00536287     0.00943505  -0.00375430
 -0.01556334  -0.00224675    -0.01372796  -0.00251656     0.00798002   0.00179321
    9    5
  0.00223878  -0.00532950     0.00610363  -0.00608159     0.01534670   0.00000000
 -0.00247564   0.00445850     0.01832824   0.00000000    -0.00610363  -0.00608159
  0.02099058   0.00000000     0.00247564   0.00445850     0.00223878   0.00532950
    9    6
 -0.04011841   0.00314285     0.00877149   0.00484143    -0.00877149  -0.00484143
 -0.02193730   0.00052261     0.00522436  -0.00656804     0.00778341   0.00241403
  0.02193730  -0.00052261     0.00778341   0.00241403     0.00522436  -0.00656804
    9    7
  0.01427455  -0.00541734     0.00290595  -0.00655834    -0.00290595   0.00655834
  0.01176620  -0.01004394    -0.01064727  -0.00511474    -0.02214832  -0.00312075
 -0.01176620   0.01004394    -0.02214832  -0.00312075    -0.01064727  -0.00511474
    9    8
 -0.01272978  -0.01328041     0.00863713   0.01339201    -0.00863713  -0.01339201
  0.00863713   0.01339201    -0.01687719   0.00168721     0.01019223  -0.00529629
 -0.00863713  -0.01339201     0.01019223  -0.00529629    -0.01687719   0.00168721
    9    9
  0.07004564  -0.00000000     0.00734980  -0.00403232    -0.00734980   0.00403232
  0.00734980   0.00403232     0.08714634  -0.00000000    -0.00448190   0.00000000
 -0.00734980  -0.00403232    -0.00448190  -0.00000000     0.08714634  -0.00000000
    9   10
  0.00798002   0.00179321     0.01638006   0.01274543     0.00943505  -0.00375430
  0.01556334   0.00224675     0.00798002   0.00179321    -0.01372796  -0.00251656
 -0.01372796  -0.00251656     0.00943505  -0.00375430    -0.05947386   0.00536287
    9   11
  0.00223878  -0.00532950    -0.01534670  -0.00000000    -0.00610363   0.00608159
 -0.02099058  -0.00000000     0.00223878   0.00532950     0.00247564   0.00445850
  0.00247564  -0.00445850    -0.00610363  -0.00608159     0.01832824  -0.00000000
   10    1
  0.04262408  -0.02443533    -0.00208114  -0.02425157    -0.01286785  -0.01056670
  0.00968346  -0.00908630    -0.03253221   0.01732119    -0.00968346   0.00908630
 -0.01286785  -0.01056670     0.00208114   0.02425157     0.04262408  -0.02443533
   10    2
  0.01770189   0.00703996     0.00125247   0.00242029     0.00032926   0.00048621
 -0.00463837   0.01022627     0.01183557  -0.01437240     0.00463837  -0.01022627
  0.00032926   0.00048621    -0.00125247  -0.00242029     0.01770189   0.00703996
   10    3
 -0.02189709   0.00861290     0.02418622  -0.00299819     0.01418654   0.00192477
  0.01715104   0.00514851    -0.02321925  -0.00331779    -0.01715104  -0.00514851
  0.01418654   0.00192477    -0.02418622   0.00299819    -0.02189709   0.00861290
   10    4
  0.01832824  -0.00000000    -0.00247564  -0.00445850    -0.00610363   0.00608159
  0.00610363   0.00608159     0.00223878   0.00532950     0.01534670   0.00000000
  0.00247564  -0.00445850     0.02099058  -0.00000000     0.00223878  -0.00532950
   10    5
 -0.05947386  -0.00536287     0.01372796  -0.00251656     0.00943505   0.00375430
 -0.00943505  -0.00375430     0.00798002  -0.00179321    -0.01638006   0.01274543
 -0.01372796   0.00251656    -0.01556334   0.00224675     0.00798002  -0.00179321
   10    6
 -0.01064727   0.00511474     0.01176620   0.01004394    -0.02214832   0.00312075
  0.00290595   0.00655834     0.01427455   0.00541734    -0.00290595  -0.00655834
 -0.02214832   0.00312075    -0.01176620  -0.01004394    -0.01064727   0.00511474
   10    7
  0.00522436   0.00656804    -0.02193730  -0.00052261     0.00778341  -0.00241403
  0.00877149  -0.00484143    -0.04011841  -0.00314285    -0.00877149   0.00484143
  0.00778341  -0.00241403     0.02193730   0.00052261     0.00522436   0.00656804
   10    8
  0.00223878  -0.00532950    -0.02099058  -0.00000000     0.00247564  -0.00445850
 -0.01534670  -0.00000000     0.00223878   0.00532950    -0.00610363  -0.00608159
 -0.00610363   0.00608159     0.00247564   0.00445850     0.01832824  -0.00000000
   10    9
  0.00798002  -0.00179321     0.01556334  -0.00224675    -0.01372796   0.00251656
  0.01638006  -0.01274543     0.00798002  -0.00179321     0.00943505   0.00375430
  0.00943505   0.00375430    -0.01372796   0.00251656    -0.05947386  -0.00536287
   10   10
  0.08714634   0.00000000     0.00734980  -0.00403232    -0.00448190   0.00000000
  0.00734980   0.00403232     0.07004564   0.00000000    -0.00734980  -0.00403232
 -0.00448190   0.00000000    -0.00734980   0.00403232     0.08714634   0.00000000
   10   11
 -0.01687719  -0.00168721     0.00863713  -0.01339201     0.01019223   0.00529629
  0.00863713  -0.01339201    -0.01272978   0.01328041    -0.00863713   0.01339201
  0.01019223   0.00529629    -0.00863713   0.01339201    -0.01687719  -0.00168721
   11    1
 -0.04247366   0.02469587    -0.01996191  -0.01392811    -0.00271711  -0.01642723
 -0.01271070   0.00384297     0.03126670  -0.01951313     0.01271070  -0.00384297
 -0.00271711  -0.01642723     0.01996191   0.01392811    -0.04247366   0.02469587
   11    2
 -0.02189709  -0.00861290     0.02418622   0.00299819     0.01418654  -0.00192477
  0.01715104  -0.00514851    -0.02321925   0.00331779    -0.01715104   0.00514851
  0.01418654  -0.00192477    -0.02418622  -0.00299819    -0.02189709  -0.00861290
   11    3
  0.01770189  -0.00703996     0.00125247  -0.00242029     0.00032926  -0.00048621
 -0.00463837  -0.01022627     0.01183557   0.01437240     0.00463837   0.01022627
  0.00032926  -0.00048621    -0.00125247   0.00242029     0.01770189  -0.00703996
   11    4
 -0.05947386   0.00536287     0.01372796   0.00251656     0.00943505  -0.00375430
 -0.00943505   0.00375430     0.00798002   0.00179321    -0.01638006  -0.01274543
 -0.01372796  -0.00251656    -0.01556334  -0.00224675     0.00798002   0.00179321
   11    5
  0.01832824   0.00000000    -0.00247564   0.00445850    -0.00610363  -0.00608159
  0.00610363  -0.00608159     0.00223878  -0.00532950     0.01534670  -0.00000000
  0.00247564   0.00445850     0.02099058   0.00000000     0.00223878   0.00532950
   11    6
  0.00522436  -0.00656804    -0.02193730   0.00052261     0.00778341   0.00241403
  0.00877149   0.00484143    -0.04011841   0.00314285    -0.00877149  -0.00484143
  0.00778341   0.00241403     0.02193730  -0.00052261     0.00522436  -0.00656804
   11    7
 -0.01064727  -0.00511474     0.01176620  -0.01004394    -0.02214832  -0.00312075
  0.00290595  -0.00655834     0.01427455  -0.00541734    -0.00290595   0.00655834
 -0.02214832  -0.00312075    -0.01176620   0.01004394    -0.01064727  -0.00511474
   11    8
  0.00798002   0.00179321     0.01556334   0.00224675    -0.01372796  -0.00251656
  0.01638006   0.01274543     0.00798002   0.00179321     0.00943505  -0.00375430
  0.00943505  -0.00375430    -0.01372796  -0.00251656    -0.05947386   0.00536287
   11    9
  0.00223878   0.00532950    -0.02099058  -0.00000000     0.00247564   0.00445850
 -0.01534670   0.00000000     0.00223878  -0.00532950    -0.00610363   0.00608159
 -0.00610363  -0.00608159     0.00247564  -0.00445850     0.01832824  -0.00000000
   11   10
 -0.01687719   0.00168721     0.00863713   0.01339201     0.01019223  -0.00529629
  0.00863713   0.01339201    -0.01272978  -0.01328041    -0.00863713  -0.01339201
  0.01019223  -0.00529629    -0.00863713  -0.01339201    -0.01687719   0.00168721
   11   11
  0.08714634  -0.00000000     0.00734980   0.00403232    -0.00448190  -0.00000000
  0.00734980  -0.00403232     0.07004564  -0.00000000    -0.00734980   0.00403232
 -0.00448190  -0.00000000    -0.00734980  -0.00403232     0.08714634  -0.00000000

     Dynamical  Matrix in cartesian axes

     q = (    0.235702260  -0.235702260  -0.235702260 ) 

    1    1
  0.25204335   0.00000000    -0.08595301   0.00000000    -0.08595301   0.00000000
 -0.08595301   0.00000000     0.25204335   0.00000000     0.08595301   0.00000000
 -0.08595301   0.00000000     0.08595301   0.00000000     0.25204335   0.00000000
    1    2
  0.00053815  -0.03358895    -0.03265412   0.00159270    -0.03265412   0.00159270
 -0.03265412   0.00159270     0.00053815  -0.03358895     0.03265412  -0.00159270
 -0.03265412   0.00159270     0.03265412  -0.00159270     0.00053815  -0.03358895
    1    3
 -0.02935796  -0.01632842     0.01770638  -0.02748295     0.01770638  -0.02748295
  0.01770638  -0.02748295    -0.02935796  -0.01632842    -0.01770638   0.02748295
  0.01770638  -0.02748295    -0.01770638   0.02748295    -0.02935796  -0.01632842
    1    4
 -0.03253221   0.01732119     0.00208114   0.02425157     0.00208114   0.02425157
 -0.00968346   0.00908630     0.04262408  -0.02443533     0.01286785   0.01056670
 -0.00968346   0.00908630     0.01286785   0.01056670     0.04262408  -0.02443533
    1    5
  0.03126670  -0.01951313     0.01996191   0.01392811     0.01996191   0.01392811
  0.01271070  -0.00384297    -0.04247366   0.02469587     0.00271711   0.01642723
  0.01271070  -0.00384297     0.00271711   0.01642723    -0.04247366   0.02469587
    1    6
  0.04262408  -0.02443533    -0.00968346   0.00908630    -0.01286785  -0.01056670
  0.00208114   0.02425157    -0.03253221   0.01732119    -0.00208114  -0.02425157
 -0.01286785  -0.01056670     0.00968346  -0.00908630     0.04262408  -0.02443533
    1    7
 -0.04247366   0.02469587     0.01271070  -0.00384297    -0.00271711  -0.01642723
  0.01996191   0.01392811     0.03126670  -0.01951313    -0.01996191  -0.01392811
 -0.00271711  -0.01642723    -0.01271070   0.00384297    -0.04247366   0.02469587
    1    8
  0.04262408  -0.02443533    -0.01286785  -0.01056670    -0.00968346   0.00908630
 -0.01286785  -0.01056670     0.04262408  -0.02443533     0.00968346  -0.00908630
  0.00208114   0.02425157    -0.00208114  -0.02425157    -0.03253221   0.01732119
    1    9
 -0.04247366   0.02469587    -0.00271711  -0.01642723     0.01271070  -0.00384297
 -0.00271711  -0.01642723    -0.04247366   0.02469587    -0.01271070   0.00384297
  0.01996191   0.01392811    -0.01996191  -0.01392811     0.03126670  -0.01951313
    1   10
 -0.03375450   0.00932818    -0.00859920   0.01246099    -0.00859920   0.01246099
 -0.00859920   0.01246099    -0.03375450   0.00932818     0.00859920  -0.01246099
 -0.00859920   0.01246099     0.00859920  -0.01246099    -0.03375450   0.00932818
    1   11
  0.02495569  -0.02456816     0.01509113  -0.00121664     0.01509113  -0.00121664
  0.01509113  -0.00121664     0.02495569  -0.02456816    -0.01509113   0.00121664
  0.01509113  -0.00121664    -0.01509113   0.00121664     0.02495569  -0.02456816
    2    1
  0.00053815   0.03358895    -0.03265412  -0.00159270    -0.03265412  -0.00159270
 -0.03265412  -0.00159270     0.00053815   0.03358895     0.03265412   0.00159270
 -0.03265412  -0.00159270     0.03265412   0.00159270     0.00053815   0.03358895
    2    2
  0.07744732   0.00000000    -0.00128465  -0.00000000    -0.00128465  -0.00000000
 -0.00128465  -0.00000000     0.07744732   0.00000000     0.00128465   0.00000000
 -0.00128465  -0.00000000     0.00128465   0.00000000     0.07744732   0.00000000
    2    3
 -0.00580645  -0.00032723     0.00035812   0.00476713     0.00035812   0.00476713
  0.00035812   0.00476713    -0.00580645  -0.00032723    -0.00035812  -0.00476713
  0.00035812   0.00476713    -0.00035812  -0.00476713    -0.00580645  -0.00032723
    2    4
  0.01183557  -0.01437240    -0.00125247  -0.00242029    -0.00125247  -0.00242029
  0.00463837  -0.01022627     0.01770189   0.00703996    -0.00032926  -0.00048621
  0.00463837  -0.01022627    -0.00032926  -0.00048621     0.01770189   0.00703996
    2    5
 -0.02321925   0.00331779    -0.02418622  -0.00299819    -0.02418622  -0.00299819
 -0.01715104   0.00514851    -0.02189709  -0.00861290    -0.01418654   0.00192477
 -0.01715104   0.00514851    -0.01418654   0.00192477    -0.02189709  -0.00861290
    2    6
  0.01770189   0.00703996     0.00463837  -0.01022627     0.00032926   0.00048621
 -0.00125247  -0.00242029     0.01183557  -0.01437240     0.00125247   0.00242029
  0.00032926   0.00048621    -0.00463837   0.01022627     0.01770189   0.00703996
    2    7
 -0.02189709  -0.00861290    -0.01715104   0.00514851     0.01418654  -0.00192477
 -0.02418622  -0.00299819    -0.02321925   0.00331779     0.02418622   0.00299819
  0.01418654  -0.00192477     0.01715104  -0.00514851    -0.02189709  -0.00861290
    2    8
  0.01770189   0.00703996     0.00032926   0.00048621     0.00463837  -0.01022627
  0.00032926   0.00048621     0.01770189   0.00703996    -0.00463837   0.01022627
 -0.00125247  -0.00242029     0.00125247   0.00242029     0.01183557  -0.01437240
    2    9
 -0.02189709  -0.00861290     0.01418654  -0.00192477    -0.01715104   0.00514851
  0.01418654  -0.00192477    -0.02189709  -0.00861290     0.01715104  -0.00514851
 -0.02418622  -0.00299819     0.02418622   0.00299819    -0.02321925   0.00331779
    2   10
  0.00678711   0.00105611    -0.00402325  -0.00750169    -0.00402325  -0.00750169
 -0.00402325  -0.00750169     0.00678711   0.00105611     0.00402325   0.00750169
 -0.00402325  -0.00750169     0.00402325   0.00750169     0.00678711   0.00105611
    2   11
  0.00450851  -0.00979403    -0.00980122   0.02873072    -0.00980122   0.02873072
 -0.00980122   0.02873072     0.00450851  -0.00979403     0.00980122  -0.02873072
 -0.00980122   0.02873072     0.00980122  -0.02873072     0.00450851  -0.00979403
    3    1
 -0.02935796   0.01632842     0.01770638   0.02748295     0.01770638   0.02748295
  0.01770638   0.02748295    -0.02935796   0.01632842    -0.01770638  -0.02748295
  0.01770638   0.02748295    -0.01770638  -0.02748295    -0.02935796   0.01632842
    3    2
 -0.00580645   0.00032723     0.00035812  -0.00476713     0.00035812  -0.00476713
  0.00035812  -0.00476713    -0.00580645   0.00032723    -0.00035812   0.00476713
  0.00035812  -0.00476713    -0.00035812   0.00476713    -0.00580645   0.00032723
    3    3
  0.07744732  -0.00000000    -0.00128465   0.00000000    -0.00128465   0.00000000
 -0.00128465   0.00000000     0.07744732  -0.00000000     0.00128465  -0.00000000
 -0.00128465   0.00000000     0.00128465  -0.00000000     0.07744732  -0.00000000
    3    4
 -0.02321925  -0.00331779    -0.02418622   0.00299819    -0.02418622   0.00299819
 -0.01715104  -0.00514851    -0.02189709   0.00861290    -0.01418654  -0.00192477
 -0.01715104  -0.00514851    -0.01418654  -0.00192477    -0.02189709   0.00861290
    3    5
  0.01183557   0.01437240    -0.00125247   0.00242029    -0.00125247   0.00242029
  0.00463837   0.01022627     0.01770189  -0.00703996    -0.00032926   0.00048621
  0.00463837   0.01022627    -0.00032926   0.00048621     0.01770189  -0.00703996
    3    6
 -0.02189709   0.00861290    -0.01715104  -0.00514851     0.01418654   0.00192477
 -0.02418622   0.00299819    -0.02321925  -0.00331779     0.02418622  -0.00299819
  0.01418654   0.00192477     0.01715104   0.00514851    -0.02189709   0.00861290
    3    7
  0.01770189  -0.00703996     0.00463837   0.01022627     0.00032926  -0.00048621
 -0.00125247   0.00242029     0.01183557   0.01437240     0.00125247  -0.00242029
  0.00032926  -0.00048621    -0.00463837  -0.01022627     0.01770189  -0.00703996
    3    8
 -0.02189709   0.00861290     0.01418654   0.00192477    -0.01715104  -0.00514851
  0.01418654   0.00192477    -0.02189709   0.00861290     0.01715104   0.00514851
 -0.02418622   0.00299819     0.02418622  -0.00299819    -0.02321925  -0.00331779
    3    9
  0.01770189  -0.00703996     0.00032926  -0.00048621     0.00463837   0.01022627
  0.00032926  -0.00048621     0.01770189  -0.00703996    -0.00463837  -0.01022627
 -0.00125247   0.00242029     0.00125247  -0.00242029     0.01183557   0.01437240
    3   10
  0.00450851   0.00979403    -0.00980122  -0.02873072    -0.00980122  -0.02873072
 -0.00980122  -0.02873072     0.00450851   0.00979403     0.00980122   0.02873072
 -0.00980122  -0.02873072     0.00980122   0.02873072     0.00450851   0.00979403
    3   11
  0.00678711  -0.00105611    -0.00402325   0.00750169    -0.00402325   0.00750169
 -0.00402325   0.00750169     0.00678711  -0.00105611     0.00402325  -0.00750169
 -0.00402325   0.00750169     0.00402325  -0.00750169     0.00678711  -0.00105611
    4    1
 -0.03253221  -0.01732119    -0.00968346  -0.00908630    -0.00968346  -0.00908630
