  4.500000000000000E-002   1.50316355304967        5.45022541909342     
           3

     Dynamical  Matrix in cartesian axes

     q = (   -0.707106781   0.000000000   0.000000000 ) 

    1    1
  0.19851622   0.00000000    -0.00000000   0.00000000     0.00000000   0.00000000
 -0.00000000   0.00000000     0.15698643   0.00000000     0.00000000   0.00000000
 -0.00000000   0.00000000     0.00000000   0.00000000     0.15698643   0.00000000
    1    2
 -0.00000000  -0.00000000    -0.00000000   0.00000000     0.00000000   0.00000000
  0.00000000  -0.00000000     0.00000000  -0.00000000    -0.01967827   0.00000000
  0.00000000   0.00000000    -0.01967827   0.00000000    -0.00000000  -0.00000000
    1    3
  0.00000000   0.00000000    -0.00000000   0.00000000    -0.00000000   0.00000000
 -0.00000000   0.00000000     0.00000000   0.00000000    -0.01967827   0.00000000
 -0.00000000   0.00000000    -0.01967827   0.00000000     0.00000000   0.00000000
    1    4
 -0.02072699  -0.00000000     0.01043860   0.00000000     0.01043860   0.00000000
  0.00218771   0.00000000     0.01148122   0.00000000     0.00528314   0.00000000
  0.00218771   0.00000000     0.00528314   0.00000000     0.01148122   0.00000000
    1    5
 -0.02072699   0.00000000     0.01043860  -0.00000000     0.01043860  -0.00000000
  0.00218771  -0.00000000     0.01148122  -0.00000000     0.00528314  -0.00000000
  0.00218771  -0.00000000     0.00528314  -0.00000000     0.01148122  -0.00000000
    1    6
 -0.02072699  -0.00000000     0.01043860   0.00000000    -0.01043860  -0.00000000
  0.00218771   0.00000000     0.01148122   0.00000000    -0.00528314  -0.00000000
 -0.00218771  -0.00000000    -0.00528314  -0.00000000     0.01148122   0.00000000
    1    7
 -0.02072699   0.00000000     0.01043860  -0.00000000    -0.01043860   0.00000000
  0.00218771  -0.00000000     0.01148122  -0.00000000    -0.00528314   0.00000000
 -0.00218771   0.00000000    -0.00528314   0.00000000     0.01148122  -0.00000000
    1    8
 -0.02072699  -0.00000000    -0.01043860  -0.00000000     0.01043860   0.00000000
 -0.00218771  -0.00000000     0.01148122   0.00000000    -0.00528314  -0.00000000
  0.00218771   0.00000000    -0.00528314  -0.00000000     0.01148122   0.00000000
    1    9
 -0.02072699   0.00000000    -0.01043860   0.00000000     0.01043860  -0.00000000
 -0.00218771   0.00000000     0.01148122  -0.00000000    -0.00528314   0.00000000
  0.00218771  -0.00000000    -0.00528314   0.00000000     0.01148122  -0.00000000
    1   10
 -0.02072699  -0.00000000    -0.01043860  -0.00000000    -0.01043860  -0.00000000
 -0.00218771  -0.00000000     0.01148122   0.00000000     0.00528314   0.00000000
 -0.00218771  -0.00000000     0.00528314   0.00000000     0.01148122   0.00000000
    1   11
 -0.02072699   0.00000000    -0.01043860   0.00000000    -0.01043860   0.00000000
 -0.00218771   0.00000000     0.01148122  -0.00000000     0.00528314  -0.00000000
 -0.00218771   0.00000000     0.00528314  -0.00000000     0.01148122  -0.00000000
    2    1
 -0.00000000   0.00000000     0.00000000   0.00000000     0.00000000  -0.00000000
 -0.00000000  -0.00000000    -0.00000000   0.00000000    -0.01967827  -0.00000000
  0.00000000   0.00000000    -0.01967827  -0.00000000    -0.00000000   0.00000000
    2    2
  0.09261315   0.00000000    -0.00000000   0.00000000    -0.00000000   0.00000000
 -0.00000000   0.00000000     0.05961007   0.00000000     0.00000000   0.00000000
 -0.00000000   0.00000000     0.00000000   0.00000000     0.05961007   0.00000000
    2    3
 -0.06725325   0.00000000     0.00000000   0.00000000    -0.00000000   0.00000000
  0.00000000   0.00000000    -0.01088298   0.00000000     0.00000000   0.00000000
  0.00000000  -0.00000000     0.00000000   0.00000000    -0.01088298   0.00000000
    2    4
 -0.02271199  -0.00000000     0.02349191   0.00000000     0.02349191   0.00000000
  0.00125439   0.00000000    -0.00342258  -0.00000000     0.01091930   0.00000000
  0.00125439   0.00000000     0.01091930   0.00000000    -0.00342258  -0.00000000
    2    5
  0.02265749  -0.00000000    -0.02821935   0.00000000    -0.02821935   0.00000000
 -0.01943240   0.00000000    -0.01665517   0.00000000    -0.01698527   0.00000000
 -0.01943240   0.00000000    -0.01698527   0.00000000    -0.01665517   0.00000000
    2    6
  0.02271199   0.00000000    -0.02349191  -0.00000000     0.02349191   0.00000000
 -0.00125439  -0.00000000     0.00342258   0.00000000     0.01091930   0.00000000
  0.00125439   0.00000000     0.01091930   0.00000000     0.00342258   0.00000000
    2    7
 -0.02265749   0.00000000     0.02821935  -0.00000000    -0.02821935   0.00000000
  0.01943240  -0.00000000     0.01665517  -0.00000000    -0.01698527   0.00000000
 -0.01943240   0.00000000    -0.01698527   0.00000000     0.01665517  -0.00000000
    2    8
  0.02271199   0.00000000     0.02349191   0.00000000    -0.02349191  -0.00000000
  0.00125439   0.00000000     0.00342258   0.00000000     0.01091930   0.00000000
 -0.00125439  -0.00000000     0.01091930   0.00000000     0.00342258   0.00000000
    2    9
 -0.02265749   0.00000000    -0.02821935   0.00000000     0.02821935  -0.00000000
 -0.01943240   0.00000000     0.01665517  -0.00000000    -0.01698527   0.00000000
  0.01943240  -0.00000000    -0.01698527   0.00000000     0.01665517  -0.00000000
    2   10
 -0.02271199  -0.00000000    -0.02349191  -0.00000000    -0.02349191  -0.00000000
 -0.00125439  -0.00000000    -0.00342258  -0.00000000     0.01091930   0.00000000
 -0.00125439  -0.00000000     0.01091930   0.00000000    -0.00342258  -0.00000000
    2   11
  0.02265749  -0.00000000     0.02821935  -0.00000000     0.02821935  -0.00000000
  0.01943240  -0.00000000    -0.01665517   0.00000000    -0.01698527   0.00000000
  0.01943240  -0.00000000    -0.01698527   0.00000000    -0.01665517   0.00000000
    3    1
  0.00000000  -0.00000000     0.00000000  -0.00000000     0.00000000  -0.00000000
  0.00000000   0.00000000    -0.00000000  -0.00000000    -0.01967827  -0.00000000
 -0.00000000  -0.00000000    -0.01967827  -0.00000000    -0.00000000  -0.00000000
    3    2
 -0.06725325  -0.00000000     0.00000000  -0.00000000    -0.00000000   0.00000000
  0.00000000  -0.00000000    -0.01088298  -0.00000000     0.00000000  -0.00000000
 -0.00000000   0.00000000     0.00000000  -0.00000000    -0.01088298  -0.00000000
    3    3
  0.09261315   0.00000000     0.00000000   0.00000000     0.00000000   0.00000000
  0.00000000   0.00000000     0.05961007   0.00000000    -0.00000000   0.00000000
 -0.00000000   0.00000000    -0.00000000   0.00000000     0.05961007   0.00000000
    3    4
  0.02265749   0.00000000    -0.02821935  -0.00000000    -0.02821935  -0.00000000
 -0.01943240  -0.00000000    -0.01665517  -0.00000000    -0.01698527  -0.00000000
 -0.01943240  -0.00000000    -0.01698527  -0.00000000    -0.01665517  -0.00000000
    3    5
 -0.02271199   0.00000000     0.02349191  -0.00000000     0.02349191  -0.00000000
  0.00125439  -0.00000000    -0.00342258   0.00000000     0.01091930  -0.00000000
  0.00125439  -0.00000000     0.01091930  -0.00000000    -0.00342258   0.00000000
    3    6
 -0.02265749  -0.00000000     0.02821935   0.00000000    -0.02821935  -0.00000000
  0.01943240   0.00000000     0.01665517   0.00000000    -0.01698527  -0.00000000
 -0.01943240  -0.00000000    -0.01698527  -0.00000000     0.01665517   0.00000000
    3    7
  0.02271199  -0.00000000    -0.02349191   0.00000000     0.02349191  -0.00000000
 -0.00125439   0.00000000     0.00342258  -0.00000000     0.01091930  -0.00000000
  0.00125439  -0.00000000     0.01091930  -0.00000000     0.00342258  -0.00000000
    3    8
 -0.02265749  -0.00000000    -0.02821935  -0.00000000     0.02821935   0.00000000
 -0.01943240  -0.00000000     0.01665517   0.00000000    -0.01698527  -0.00000000
  0.01943240   0.00000000    -0.01698527  -0.00000000     0.01665517   0.00000000
    3    9
  0.02271199  -0.00000000     0.02349191  -0.00000000    -0.02349191   0.00000000
  0.00125439  -0.00000000     0.00342258  -0.00000000     0.01091930  -0.00000000
 -0.00125439   0.00000000     0.01091930  -0.00000000     0.00342258  -0.00000000
    3   10
  0.02265749   0.00000000     0.02821935   0.00000000     0.02821935   0.00000000
  0.01943240   0.00000000    -0.01665517  -0.00000000    -0.01698527  -0.00000000
  0.01943240   0.00000000    -0.01698527  -0.00000000    -0.01665517  -0.00000000
    3   11
 -0.02271199   0.00000000    -0.02349191   0.00000000    -0.02349191   0.00000000
 -0.00125439   0.00000000    -0.00342258   0.00000000     0.01091930  -0.00000000
 -0.00125439   0.00000000     0.01091930  -0.00000000    -0.00342258   0.00000000
    4    1
 -0.02072699   0.00000000     0.00218771  -0.00000000     0.00218771  -0.00000000
  0.01043860  -0.00000000     0.01148122  -0.00000000     0.00528314  -0.00000000
  0.01043860  -0.00000000     0.00528314  -0.00000000     0.01148122  -0.00000000
    4    2
 -0.02271199   0.00000000     0.00125439  -0.00000000     0.00125439  -0.00000000
  0.02349191  -0.00000000    -0.00342258   0.00000000     0.01091930  -0.00000000
  0.02349191  -0.00000000     0.01091930  -0.00000000    -0.00342258   0.00000000
    4    3
  0.02265749  -0.00000000    -0.01943240   0.00000000    -0.01943240   0.00000000
 -0.02821935   0.00000000    -0.01665517   0.00000000    -0.01698527   0.00000000
 -0.02821935   0.00000000    -0.01698527   0.00000000    -0.01665517   0.00000000
    4    4
  0.06925986   0.00000000    -0.00707949   0.00000000    -0.00707949   0.00000000
 -0.00707949   0.00000000     0.06783298   0.00000000     0.01726443   0.00000000
 -0.00707949   0.00000000     0.01726443   0.00000000     0.06783298   0.00000000
    4    5
 -0.01528709   0.00000000     0.00856809  -0.00000000     0.00856809  -0.00000000
  0.00856809  -0.00000000    -0.02355757   0.00000000    -0.02345991   0.00000000
  0.00856809  -0.00000000    -0.02345991   0.00000000    -0.02355757   0.00000000
    4    6
 -0.00951138  -0.00000000     0.01599550   0.00000000    -0.01368375  -0.00000000
  0.01599550   0.00000000    -0.00038570  -0.00000000     0.00021607   0.00000000
  0.01368375   0.00000000    -0.00021607  -0.00000000     0.00880477   0.00000000
    4    7
  0.01597059  -0.00000000    -0.01699227   0.00000000     0.01261447  -0.00000000
 -0.01699227   0.00000000    -0.00015897   0.00000000     0.00583273  -0.00000000
 -0.01261447   0.00000000    -0.00583273   0.00000000    -0.03676571   0.00000000
    4    8
 -0.00951138  -0.00000000    -0.01368375  -0.00000000     0.01599550   0.00000000
  0.01368375   0.00000000     0.00880477   0.00000000    -0.00021607  -0.00000000
  0.01599550   0.00000000     0.00021607   0.00000000    -0.00038570  -0.00000000
    4    9
  0.01597059  -0.00000000     0.01261447  -0.00000000    -0.01699227   0.00000000
 -0.01261447   0.00000000    -0.03676571   0.00000000    -0.00583273   0.00000000
 -0.01699227   0.00000000     0.00583273  -0.00000000    -0.00015897   0.00000000
    4   10
  0.01421970   0.00000000     0.01795795   0.00000000     0.01795795   0.00000000
 -0.01795795   0.00000000    -0.01205863   0.00000000     0.00814596   0.00000000
 -0.01795795   0.00000000     0.00814596   0.00000000    -0.01205863   0.00000000
    4   11
 -0.04275013   0.00000000    -0.01615608   0.00000000    -0.01615608   0.00000000
  0.01615608  -0.00000000     0.01246383  -0.00000000     0.00657767  -0.00000000
  0.01615608  -0.00000000     0.00657767  -0.00000000     0.01246383  -0.00000000
    5    1
 -0.02072699  -0.00000000     0.00218771   0.00000000     0.00218771   0.00000000
  0.01043860   0.00000000     0.01148122   0.00000000     0.00528314   0.00000000
  0.01043860   0.00000000     0.00528314   0.00000000     0.01148122   0.00000000
    5    2
  0.02265749   0.00000000    -0.01943240  -0.00000000    -0.01943240  -0.00000000
 -0.02821935  -0.00000000    -0.01665517  -0.00000000    -0.01698527  -0.00000000
 -0.02821935  -0.00000000    -0.01698527  -0.00000000    -0.01665517  -0.00000000
    5    3
 -0.02271199  -0.00000000     0.00125439   0.00000000     0.00125439   0.00000000
  0.02349191   0.00000000    -0.00342258  -0.00000000     0.01091930   0.00000000
  0.02349191   0.00000000     0.01091930   0.00000000    -0.00342258  -0.00000000
    5    4
 -0.01528709  -0.00000000     0.00856809   0.00000000     0.00856809   0.00000000
  0.00856809   0.00000000    -0.02355757  -0.00000000    -0.02345991  -0.00000000
  0.00856809   0.00000000    -0.02345991  -0.00000000    -0.02355757  -0.00000000
    5    5
  0.06925986   0.00000000    -0.00707949   0.00000000    -0.00707949   0.00000000
 -0.00707949   0.00000000     0.06783298   0.00000000     0.01726443   0.00000000
 -0.00707949   0.00000000     0.01726443   0.00000000     0.06783298   0.00000000
    5    6
  0.01597059   0.00000000    -0.01699227  -0.00000000     0.01261447   0.00000000
 -0.01699227  -0.00000000    -0.00015897  -0.00000000     0.00583273   0.00000000
 -0.01261447  -0.00000000    -0.00583273  -0.00000000    -0.03676571  -0.00000000
    5    7
 -0.00951138   0.00000000     0.01599550  -0.00000000    -0.01368375   0.00000000
  0.01599550  -0.00000000    -0.00038570   0.00000000     0.00021607  -0.00000000
  0.01368375  -0.00000000    -0.00021607   0.00000000     0.00880477  -0.00000000
    5    8
  0.01597059   0.00000000     0.01261447   0.00000000    -0.01699227  -0.00000000
 -0.01261447  -0.00000000    -0.03676571  -0.00000000    -0.00583273  -0.00000000
 -0.01699227  -0.00000000     0.00583273   0.00000000    -0.00015897  -0.00000000
    5    9
 -0.00951138   0.00000000    -0.01368375   0.00000000     0.01599550  -0.00000000
  0.01368375  -0.00000000     0.00880477  -0.00000000    -0.00021607   0.00000000
  0.01599550  -0.00000000     0.00021607  -0.00000000    -0.00038570   0.00000000
    5   10
 -0.04275013  -0.00000000    -0.01615608  -0.00000000    -0.01615608  -0.00000000
  0.01615608   0.00000000     0.01246383   0.00000000     0.00657767   0.00000000
  0.01615608   0.00000000     0.00657767   0.00000000     0.01246383   0.00000000
    5   11
  0.01421970   0.00000000     0.01795795   0.00000000     0.01795795   0.00000000
 -0.01795795   0.00000000    -0.01205863   0.00000000     0.00814596   0.00000000
 -0.01795795   0.00000000     0.00814596   0.00000000    -0.01205863   0.00000000
    6    1
 -0.02072699   0.00000000     0.00218771  -0.00000000    -0.00218771   0.00000000
  0.01043860  -0.00000000     0.01148122  -0.00000000    -0.00528314   0.00000000
 -0.01043860   0.00000000    -0.00528314   0.00000000     0.01148122  -0.00000000
    6    2
  0.02271199  -0.00000000    -0.00125439   0.00000000     0.00125439  -0.00000000
 -0.02349191   0.00000000     0.00342258  -0.00000000     0.01091930  -0.00000000
  0.02349191  -0.00000000     0.01091930  -0.00000000     0.00342258  -0.00000000
    6    3
 -0.02265749   0.00000000     0.01943240  -0.00000000    -0.01943240   0.00000000
  0.02821935  -0.00000000     0.01665517  -0.00000000    -0.01698527   0.00000000
 -0.02821935   0.00000000    -0.01698527   0.00000000     0.01665517  -0.00000000
    6    4
 -0.00951138   0.00000000     0.01599550  -0.00000000     0.01368375  -0.00000000
  0.01599550  -0.00000000    -0.00038570   0.00000000    -0.00021607   0.00000000
 -0.01368375   0.00000000     0.00021607  -0.00000000     0.00880477  -0.00000000
    6    5
  0.01597059  -0.00000000    -0.01699227   0.00000000    -0.01261447   0.00000000
 -0.01699227   0.00000000    -0.00015897   0.00000000    -0.00583273   0.00000000
  0.01261447  -0.00000000     0.00583273  -0.00000000    -0.03676571   0.00000000
    6    6
  0.06925986   0.00000000    -0.00707949   0.00000000     0.00707949   0.00000000
 -0.00707949   0.00000000     0.06783298   0.00000000    -0.01726443   0.00000000
  0.00707949   0.00000000    -0.01726443   0.00000000     0.06783298   0.00000000
    6    7
 -0.01528709   0.00000000     0.00856809  -0.00000000    -0.00856809   0.00000000
  0.00856809  -0.00000000    -0.02355757   0.00000000     0.02345991  -0.00000000
 -0.00856809   0.00000000     0.02345991  -0.00000000    -0.02355757   0.00000000
    6    8
  0.01421970  -0.00000000     0.01795795   0.00000000    -0.01795795  -0.00000000
 -0.01795795   0.00000000    -0.01205863   0.00000000    -0.00814596  -0.00000000
  0.01795795  -0.00000000    -0.00814596  -0.00000000    -0.01205863  -0.00000000
    6    9
 -0.04275013   0.00000000    -0.01615608   0.00000000     0.01615608  -0.00000000
  0.01615608  -0.00000000     0.01246383  -0.00000000    -0.00657767   0.00000000
 -0.01615608   0.00000000    -0.00657767   0.00000000     0.01246383  -0.00000000
    6   10
 -0.00951138   0.00000000    -0.01368375   0.00000000    -0.01599550   0.00000000
  0.01368375  -0.00000000     0.00880477  -0.00000000     0.00021607  -0.00000000
 -0.01599550   0.00000000    -0.00021607   0.00000000    -0.00038570   0.00000000
    6   11
  0.01597059  -0.00000000     0.01261447  -0.00000000     0.01699227  -0.00000000
 -0.01261447   0.00000000    -0.03676571   0.00000000     0.00583273  -0.00000000
  0.01699227  -0.00000000    -0.00583273   0.00000000    -0.00015897   0.00000000
    7    1
 -0.02072699  -0.00000000     0.00218771   0.00000000    -0.00218771  -0.00000000
  0.01043860   0.00000000     0.01148122   0.00000000    -0.00528314  -0.00000000
 -0.01043860  -0.00000000    -0.00528314  -0.00000000     0.01148122   0.00000000
    7    2
 -0.02265749  -0.00000000     0.01943240   0.00000000    -0.01943240  -0.00000000
  0.02821935   0.00000000     0.01665517   0.00000000    -0.01698527  -0.00000000
 -0.02821935  -0.00000000    -0.01698527  -0.00000000     0.01665517   0.00000000
    7    3
  0.02271199   0.00000000    -0.00125439  -0.00000000     0.00125439   0.00000000
 -0.02349191  -0.00000000     0.00342258   0.00000000     0.01091930   0.00000000
  0.02349191   0.00000000     0.01091930   0.00000000     0.00342258   0.00000000
    7    4
  0.01597059   0.00000000    -0.01699227  -0.00000000    -0.01261447  -0.00000000
 -0.01699227  -0.00000000    -0.00015897  -0.00000000    -0.00583273  -0.00000000
  0.01261447   0.00000000     0.00583273   0.00000000    -0.03676571  -0.00000000
    7    5
 -0.00951138  -0.00000000     0.01599550   0.00000000     0.01368375   0.00000000
  0.01599550   0.00000000    -0.00038570  -0.00000000    -0.00021607  -0.00000000
 -0.01368375  -0.00000000     0.00021607   0.00000000     0.00880477   0.00000000
    7    6
 -0.01528709  -0.00000000     0.00856809   0.00000000    -0.00856809  -0.00000000
  0.00856809   0.00000000    -0.02355757  -0.00000000     0.02345991   0.00000000
 -0.00856809  -0.00000000     0.02345991   0.00000000    -0.02355757  -0.00000000
    7    7
  0.06925986   0.00000000    -0.00707949   0.00000000     0.00707949   0.00000000
 -0.00707949   0.00000000     0.06783298   0.00000000    -0.01726443   0.00000000
  0.00707949   0.00000000    -0.01726443   0.00000000     0.06783298   0.00000000
    7    8
 -0.04275013  -0.00000000    -0.01615608  -0.00000000     0.01615608   0.00000000
  0.01615608   0.00000000     0.01246383   0.00000000    -0.00657767  -0.00000000
 -0.01615608  -0.00000000    -0.00657767  -0.00000000     0.01246383   0.00000000
    7    9
  0.01421970   0.00000000     0.01795795  -0.00000000    -0.01795795   0.00000000
 -0.01795795  -0.00000000    -0.01205863  -0.00000000    -0.00814596   0.00000000
  0.01795795   0.00000000    -0.00814596   0.00000000    -0.01205863   0.00000000
    7   10
  0.01597059   0.00000000     0.01261447   0.00000000     0.01699227   0.00000000
 -0.01261447  -0.00000000    -0.03676571  -0.00000000     0.00583273   0.00000000
  0.01699227   0.00000000    -0.00583273  -0.00000000    -0.00015897  -0.00000000
    7   11
 -0.00951138  -0.00000000    -0.01368375  -0.00000000    -0.01599550  -0.00000000
  0.01368375   0.00000000     0.00880477   0.00000000     0.00021607   0.00000000
 -0.01599550  -0.00000000    -0.00021607  -0.00000000    -0.00038570  -0.00000000
    8    1
 -0.02072699   0.00000000    -0.00218771   0.00000000     0.00218771  -0.00000000
 -0.01043860   0.00000000     0.01148122  -0.00000000    -0.00528314   0.00000000
  0.01043860  -0.00000000    -0.00528314   0.00000000     0.01148122  -0.00000000
    8    2
  0.02271199  -0.00000000     0.00125439  -0.00000000    -0.00125439   0.00000000
  0.02349191  -0.00000000     0.00342258  -0.00000000     0.01091930  -0.00000000
 -0.02349191   0.00000000     0.01091930  -0.00000000     0.00342258  -0.00000000
    8    3
 -0.02265749   0.00000000    -0.01943240   0.00000000     0.01943240  -0.00000000
 -0.02821935   0.00000000     0.01665517  -0.00000000    -0.01698527   0.00000000
  0.02821935  -0.00000000    -0.01698527   0.00000000     0.01665517  -0.00000000
    8    4
 -0.00951138   0.00000000     0.01368375  -0.00000000     0.01599550  -0.00000000
 -0.01368375   0.00000000     0.00880477  -0.00000000     0.00021607  -0.00000000
  0.01599550  -0.00000000    -0.00021607   0.00000000    -0.00038570   0.00000000
    8    5
  0.01597059  -0.00000000    -0.01261447   0.00000000    -0.01699227   0.00000000
  0.01261447  -0.00000000    -0.03676571   0.00000000     0.00583273  -0.00000000
 -0.01699227   0.00000000    -0.00583273   0.00000000    -0.00015897   0.00000000
    8    6
  0.01421970  -0.00000000    -0.01795795  -0.00000000     0.01795795   0.00000000
  0.01795795  -0.00000000    -0.01205863   0.00000000    -0.00814596  -0.00000000
 -0.01795795   0.00000000    -0.00814596  -0.00000000    -0.01205863  -0.00000000
    8    7
 -0.04275013   0.00000000     0.01615608  -0.00000000    -0.01615608   0.00000000
 -0.01615608   0.00000000     0.01246383  -0.00000000    -0.00657767   0.00000000
  0.01615608  -0.00000000    -0.00657767   0.00000000     0.01246383  -0.00000000
    8    8
  0.06925986   0.00000000     0.00707949   0.00000000    -0.00707949   0.00000000
  0.00707949   0.00000000     0.06783298   0.00000000    -0.01726443   0.00000000
 -0.00707949   0.00000000    -0.01726443   0.00000000     0.06783298   0.00000000
    8    9
 -0.01528709   0.00000000    -0.00856809   0.00000000     0.00856809  -0.00000000
 -0.00856809   0.00000000    -0.02355757   0.00000000     0.02345991  -0.00000000
  0.00856809  -0.00000000     0.02345991  -0.00000000    -0.02355757   0.00000000
    8   10
 -0.00951138   0.00000000    -0.01599550   0.00000000    -0.01368375   0.00000000
 -0.01599550   0.00000000    -0.00038570   0.00000000    -0.00021607   0.00000000
  0.01368375  -0.00000000     0.00021607  -0.00000000     0.00880477  -0.00000000
    8   11
  0.01597059  -0.00000000     0.01699227  -0.00000000     0.01261447  -0.00000000
  0.01699227  -0.00000000    -0.00015897   0.00000000    -0.00583273   0.00000000
 -0.01261447   0.00000000     0.00583273  -0.00000000    -0.03676571   0.00000000
    9    1
 -0.02072699  -0.00000000    -0.00218771  -0.00000000     0.00218771   0.00000000
 -0.01043860  -0.00000000     0.01148122   0.00000000    -0.00528314  -0.00000000
  0.01043860   0.00000000    -0.00528314  -0.00000000     0.01148122   0.00000000
    9    2
 -0.02265749  -0.00000000    -0.01943240  -0.00000000     0.01943240   0.00000000
 -0.02821935  -0.00000000     0.01665517   0.00000000    -0.01698527  -0.00000000
  0.02821935   0.00000000    -0.01698527  -0.00000000     0.01665517   0.00000000
    9    3
  0.02271199   0.00000000     0.00125439   0.00000000    -0.00125439  -0.00000000
  0.02349191   0.00000000     0.00342258   0.00000000     0.01091930   0.00000000
 -0.02349191  -0.00000000     0.01091930   0.00000000     0.00342258   0.00000000
    9    4
  0.01597059   0.00000000    -0.01261447  -0.00000000    -0.01699227  -0.00000000
  0.01261447   0.00000000    -0.03676571  -0.00000000     0.00583273   0.00000000
 -0.01699227  -0.00000000    -0.00583273  -0.00000000    -0.00015897  -0.00000000
    9    5
 -0.00951138  -0.00000000     0.01368375   0.00000000     0.01599550   0.00000000
 -0.01368375  -0.00000000     0.00880477   0.00000000     0.00021607   0.00000000
  0.01599550   0.00000000    -0.00021607  -0.00000000    -0.00038570  -0.00000000
    9    6
 -0.04275013  -0.00000000     0.01615608   0.00000000    -0.01615608  -0.00000000
 -0.01615608  -0.00000000     0.01246383   0.00000000    -0.00657767  -0.00000000
  0.01615608   0.00000000    -0.00657767  -0.00000000     0.01246383   0.00000000
    9    7
  0.01421970   0.00000000    -0.01795795   0.00000000     0.01795795  -0.00000000
  0.01795795   0.00000000    -0.01205863   0.00000000    -0.00814596   0.00000000
 -0.01795795  -0.00000000    -0.00814596   0.00000000    -0.01205863  -0.00000000
    9    8
 -0.01528709  -0.00000000    -0.00856809  -0.00000000     0.00856809   0.00000000
 -0.00856809  -0.00000000    -0.02355757  -0.00000000     0.02345991   0.00000000
  0.00856809   0.00000000     0.02345991   0.00000000    -0.02355757  -0.00000000
    9    9
  0.06925986   0.00000000     0.00707949   0.00000000    -0.00707949   0.00000000
  0.00707949   0.00000000     0.06783298   0.00000000    -0.01726443   0.00000000
 -0.00707949   0.00000000    -0.01726443   0.00000000     0.06783298   0.00000000
    9   10
  0.01597059   0.00000000     0.01699227   0.00000000     0.01261447   0.00000000
  0.01699227   0.00000000    -0.00015897  -0.00000000    -0.00583273  -0.00000000
 -0.01261447  -0.00000000     0.00583273   0.00000000    -0.03676571  -0.00000000
    9   11
 -0.00951138  -0.00000000    -0.01599550  -0.00000000    -0.01368375  -0.00000000
 -0.01599550  -0.00000000    -0.00038570  -0.00000000    -0.00021607  -0.00000000
  0.01368375   0.00000000     0.00021607   0.00000000     0.00880477   0.00000000
   10    1
 -0.02072699   0.00000000    -0.00218771   0.00000000    -0.00218771   0.00000000
 -0.01043860   0.00000000     0.01148122  -0.00000000     0.00528314  -0.00000000
 -0.01043860   0.00000000     0.00528314  -0.00000000     0.01148122  -0.00000000
   10    2
 -0.02271199   0.00000000    -0.00125439   0.00000000    -0.00125439   0.00000000
 -0.02349191   0.00000000    -0.00342258   0.00000000     0.01091930  -0.00000000
 -0.02349191   0.00000000     0.01091930  -0.00000000    -0.00342258   0.00000000
   10    3
  0.02265749  -0.00000000     0.01943240  -0.00000000     0.01943240  -0.00000000
  0.02821935  -0.00000000    -0.01665517   0.00000000    -0.01698527   0.00000000
  0.02821935  -0.00000000    -0.01698527   0.00000000    -0.01665517   0.00000000
   10    4
  0.01421970   0.00000000    -0.01795795   0.00000000    -0.01795795   0.00000000
  0.01795795   0.00000000    -0.01205863   0.00000000     0.00814596   0.00000000
  0.01795795   0.00000000     0.00814596   0.00000000    -0.01205863   0.00000000
   10    5
 -0.04275013   0.00000000     0.01615608  -0.00000000     0.01615608  -0.00000000
 -0.01615608   0.00000000     0.01246383  -0.00000000     0.00657767  -0.00000000
 -0.01615608   0.00000000     0.00657767  -0.00000000     0.01246383  -0.00000000
   10    6
 -0.00951138  -0.00000000     0.01368375   0.00000000    -0.01599550  -0.00000000
 -0.01368375  -0.00000000     0.00880477   0.00000000    -0.00021607  -0.00000000
 -0.01599550  -0.00000000     0.00021607   0.00000000    -0.00038570  -0.00000000
   10    7
  0.01597059  -0.00000000    -0.01261447   0.00000000     0.01699227  -0.00000000
  0.01261447  -0.00000000    -0.03676571   0.00000000    -0.00583273   0.00000000
  0.01699227  -0.00000000     0.00583273  -0.00000000    -0.00015897   0.00000000
   10    8
 -0.00951138  -0.00000000    -0.01599550  -0.00000000     0.01368375   0.00000000
 -0.01599550  -0.00000000    -0.00038570  -0.00000000     0.00021607   0.00000000
 -0.01368375  -0.00000000    -0.00021607  -0.00000000     0.00880477   0.00000000
   10    9
  0.01597059  -0.00000000     0.01699227  -0.00000000    -0.01261447   0.00000000
  0.01699227  -0.00000000    -0.00015897   0.00000000     0.00583273  -0.00000000
  0.01261447  -0.00000000    -0.00583273   0.00000000    -0.03676571   0.00000000
   10   10
  0.06925986   0.00000000     0.00707949   0.00000000     0.00707949   0.00000000
  0.00707949   0.00000000     0.06783298   0.00000000     0.01726443   0.00000000
  0.00707949   0.00000000     0.01726443   0.00000000     0.06783298   0.00000000
   10   11
 -0.01528709   0.00000000    -0.00856809   0.00000000    -0.00856809   0.00000000
 -0.00856809   0.00000000    -0.02355757   0.00000000    -0.02345991   0.00000000
 -0.00856809   0.00000000    -0.02345991   0.00000000    -0.02355757   0.00000000
   11    1
 -0.02072699  -0.00000000    -0.00218771  -0.00000000    -0.00218771  -0.00000000
 -0.01043860  -0.00000000     0.01148122   0.00000000     0.00528314   0.00000000
 -0.01043860  -0.00000000     0.00528314   0.00000000     0.01148122   0.00000000
   11    2
  0.02265749   0.00000000     0.01943240   0.00000000     0.01943240   0.00000000
  0.02821935   0.00000000    -0.01665517  -0.00000000    -0.01698527  -0.00000000
  0.02821935   0.00000000    -0.01698527  -0.00000000    -0.01665517  -0.00000000
   11    3
 -0.02271199  -0.00000000    -0.00125439  -0.00000000    -0.00125439  -0.00000000
 -0.02349191  -0.00000000    -0.00342258  -0.00000000     0.01091930   0.00000000
 -0.02349191  -0.00000000     0.01091930   0.00000000    -0.00342258  -0.00000000
   11    4
 -0.04275013  -0.00000000     0.01615608   0.00000000     0.01615608   0.00000000
 -0.01615608  -0.00000000     0.01246383   0.00000000     0.00657767   0.00000000
 -0.01615608  -0.00000000     0.00657767   0.00000000     0.01246383   0.00000000
   11    5
  0.01421970   0.00000000    -0.01795795   0.00000000    -0.01795795   0.00000000
  0.01795795   0.00000000    -0.01205863   0.00000000     0.00814596   0.00000000
  0.01795795   0.00000000     0.00814596   0.00000000    -0.01205863   0.00000000
   11    6
  0.01597059   0.00000000    -0.01261447  -0.00000000     0.01699227   0.00000000
  0.01261447   0.00000000    -0.03676571  -0.00000000    -0.00583273  -0.00000000
  0.01699227   0.00000000     0.00583273   0.00000000    -0.00015897  -0.00000000
   11    7
 -0.00951138   0.00000000     0.01368375  -0.00000000    -0.01599550   0.00000000
 -0.01368375   0.00000000     0.00880477  -0.00000000    -0.00021607   0.00000000
 -0.01599550   0.00000000     0.00021607  -0.00000000    -0.00038570   0.00000000
   11    8
  0.01597059   0.00000000     0.01699227   0.00000000    -0.01261447  -0.00000000
  0.01699227   0.00000000    -0.00015897  -0.00000000     0.00583273   0.00000000
  0.01261447   0.00000000    -0.00583273  -0.00000000    -0.03676571  -0.00000000
   11    9
 -0.00951138   0.00000000    -0.01599550   0.00000000     0.01368375  -0.00000000
 -0.01599550   0.00000000    -0.00038570   0.00000000     0.00021607  -0.00000000
 -0.01368375   0.00000000    -0.00021607   0.00000000     0.00880477  -0.00000000
   11   10
 -0.01528709  -0.00000000    -0.00856809  -0.00000000    -0.00856809  -0.00000000
 -0.00856809  -0.00000000    -0.02355757  -0.00000000    -0.02345991  -0.00000000
 -0.00856809  -0.00000000    -0.02345991  -0.00000000    -0.02355757  -0.00000000
   11   11
  0.06925986   0.00000000     0.00707949   0.00000000     0.00707949   0.00000000
  0.00707949   0.00000000     0.06783298   0.00000000     0.01726443   0.00000000
  0.00707949   0.00000000     0.01726443   0.00000000     0.06783298   0.00000000

     Dynamical  Matrix in cartesian axes

     q = (    0.000000000   0.000000000  -0.707106781 ) 

    1    1
  0.15698643   0.00000000     0.00000000   0.00000000    -0.00000000   0.00000000
  0.00000000   0.00000000     0.15698643   0.00000000    -0.00000000   0.00000000
 -0.00000000   0.00000000    -0.00000000   0.00000000     0.19851622   0.00000000
    1    2
  0.00000000  -0.00000000    -0.01967827   0.00000000    -0.00000000   0.00000000
 -0.01967827   0.00000000     0.00000000  -0.00000000    -0.00000000   0.00000000
 -0.00000000   0.00000000    -0.00000000   0.00000000     0.00000000  -0.00000000
    1    3
  0.00000000   0.00000000    -0.01967827   0.00000000     0.00000000   0.00000000
 -0.01967827   0.00000000     0.00000000   0.00000000     0.00000000   0.00000000
  0.00000000  -0.00000000    -0.00000000   0.00000000    -0.00000000   0.00000000
    1    4
  0.01148122   0.00000000     0.00528314   0.00000000     0.00218771   0.00000000
  0.00528314   0.00000000     0.01148122   0.00000000     0.00218771   0.00000000
  0.01043860   0.00000000     0.01043860   0.00000000    -0.02072699  -0.00000000
    1    5
  0.01148122  -0.00000000     0.00528314  -0.00000000     0.00218771  -0.00000000
  0.00528314  -0.00000000     0.01148122  -0.00000000     0.00218771  -0.00000000
  0.01043860  -0.00000000     0.01043860  -0.00000000    -0.02072699   0.00000000
    1    6
  0.01148122   0.00000000     0.00528314   0.00000000    -0.00218771  -0.00000000
  0.00528314   0.00000000     0.01148122   0.00000000    -0.00218771  -0.00000000
 -0.01043860  -0.00000000    -0.01043860  -0.00000000    -0.02072699  -0.00000000
    1    7
  0.01148122  -0.00000000     0.00528314  -0.00000000    -0.00218771   0.00000000
  0.00528314  -0.00000000     0.01148122  -0.00000000    -0.00218771   0.00000000
 -0.01043860   0.00000000    -0.01043860   0.00000000    -0.02072699   0.00000000
    1    8
  0.01148122   0.00000000    -0.00528314  -0.00000000     0.00218771   0.00000000
 -0.00528314  -0.00000000     0.01148122   0.00000000    -0.00218771  -0.00000000
  0.01043860   0.00000000    -0.01043860  -0.00000000    -0.02072699  -0.00000000
    1    9
  0.01148122  -0.00000000    -0.00528314   0.00000000     0.00218771  -0.00000000
 -0.00528314   0.00000000     0.01148122  -0.00000000    -0.00218771   0.00000000
  0.01043860  -0.00000000    -0.01043860   0.00000000    -0.02072699   0.00000000
    1   10
  0.01148122   0.00000000    -0.00528314  -0.00000000    -0.00218771  -0.00000000
 -0.00528314  -0.00000000     0.01148122   0.00000000     0.00218771   0.00000000
 -0.01043860  -0.00000000     0.01043860   0.00000000    -0.02072699  -0.00000000
    1   11
  0.01148122  -0.00000000    -0.00528314   0.00000000    -0.00218771   0.00000000
 -0.00528314   0.00000000     0.01148122  -0.00000000     0.00218771  -0.00000000
 -0.01043860   0.00000000     0.01043860  -0.00000000    -0.02072699   0.00000000
    2    1
  0.00000000   0.00000000    -0.01967827  -0.00000000     0.00000000   0.00000000
 -0.01967827  -0.00000000     0.00000000   0.00000000     0.00000000   0.00000000
  0.00000000   0.00000000     0.00000000  -0.00000000     0.00000000   0.00000000
    2    2
  0.05961007   0.00000000     0.00000000   0.00000000     0.00000000   0.00000000
  0.00000000   0.00000000     0.05961007   0.00000000    -0.00000000   0.00000000
  0.00000000   0.00000000    -0.00000000   0.00000000     0.09261315   0.00000000
    2    3
 -0.01088298   0.00000000     0.00000000   0.00000000     0.00000000   0.00000000
  0.00000000   0.00000000    -0.01088298   0.00000000    -0.00000000  -0.00000000
 -0.00000000  -0.00000000     0.00000000  -0.00000000    -0.06725325   0.00000000
    2    4
 -0.00342258  -0.00000000     0.01091930   0.00000000     0.00125439   0.00000000
  0.01091930   0.00000000    -0.00342258  -0.00000000     0.00125439   0.00000000
  0.02349191   0.00000000     0.02349191   0.00000000    -0.02271199  -0.00000000
    2    5
 -0.01665517   0.00000000    -0.01698527   0.00000000    -0.01943240   0.00000000
 -0.01698527   0.00000000    -0.01665517   0.00000000    -0.01943240   0.00000000
 -0.02821935   0.00000000    -0.02821935   0.00000000     0.02265749  -0.00000000
    2    6
 -0.00342258  -0.00000000     0.01091930   0.00000000    -0.00125439  -0.00000000
  0.01091930   0.00000000    -0.00342258  -0.00000000    -0.00125439  -0.00000000
 -0.02349191  -0.00000000    -0.02349191  -0.00000000    -0.02271199  -0.00000000
    2    7
 -0.01665517   0.00000000    -0.01698527   0.00000000     0.01943240  -0.00000000
 -0.01698527   0.00000000    -0.01665517   0.00000000     0.01943240  -0.00000000
  0.02821935  -0.00000000     0.02821935  -0.00000000     0.02265749  -0.00000000
    2    8
  0.00342258   0.00000000     0.01091930   0.00000000    -0.00125439  -0.00000000
  0.01091930   0.00000000     0.00342258   0.00000000     0.00125439   0.00000000
 -0.02349191  -0.00000000     0.02349191   0.00000000     0.02271199   0.00000000
    2    9
  0.01665517  -0.00000000    -0.01698527   0.00000000     0.01943240  -0.00000000
 -0.01698527   0.00000000     0.01665517  -0.00000000    -0.01943240   0.00000000
  0.02821935  -0.00000000    -0.02821935   0.00000000    -0.02265749   0.00000000
    2   10
  0.00342258   0.00000000     0.01091930   0.00000000     0.00125439   0.00000000
  0.01091930   0.00000000     0.00342258   0.00000000    -0.00125439  -0.00000000
  0.02349191   0.00000000    -0.02349191  -0.00000000     0.02271199   0.00000000
    2   11
  0.01665517  -0.00000000    -0.01698527   0.00000000    -0.01943240   0.00000000
 -0.01698527   0.00000000     0.01665517  -0.00000000     0.01943240  -0.00000000
 -0.02821935   0.00000000     0.02821935  -0.00000000    -0.02265749   0.00000000
    3    1
  0.00000000  -0.00000000    -0.01967827  -0.00000000     0.00000000  -0.00000000
 -0.01967827  -0.00000000    -0.00000000  -0.00000000     0.00000000  -0.00000000
  0.00000000  -0.00000000     0.00000000  -0.00000000    -0.00000000  -0.00000000
    3    2
 -0.01088298  -0.00000000     0.00000000  -0.00000000    -0.00000000  -0.00000000
  0.00000000  -0.00000000    -0.01088298  -0.00000000     0.00000000   0.00000000
  0.00000000   0.00000000    -0.00000000   0.00000000    -0.06725325  -0.00000000
    3    3
  0.05961007   0.00000000     0.00000000   0.00000000    -0.00000000   0.00000000
  0.00000000   0.00000000     0.05961007   0.00000000     0.00000000   0.00000000
 -0.00000000   0.00000000     0.00000000   0.00000000     0.09261315   0.00000000
    3    4
 -0.01665517  -0.00000000    -0.01698527  -0.00000000    -0.01943240  -0.00000000
 -0.01698527  -0.00000000    -0.01665517  -0.00000000    -0.01943240  -0.00000000
 -0.02821935  -0.00000000    -0.02821935  -0.00000000     0.02265749   0.00000000
    3    5
 -0.00342258   0.00000000     0.01091930  -0.00000000     0.00125439  -0.00000000
  0.01091930  -0.00000000    -0.00342258   0.00000000     0.00125439  -0.00000000
  0.02349191  -0.00000000     0.02349191  -0.00000000    -0.02271199   0.00000000
    3    6
 -0.01665517  -0.00000000    -0.01698527  -0.00000000     0.01943240   0.00000000
 -0.01698527  -0.00000000    -0.01665517  -0.00000000     0.01943240   0.00000000
  0.02821935   0.00000000     0.02821935   0.00000000     0.02265749   0.00000000
    3    7
 -0.00342258   0.00000000     0.01091930  -0.00000000    -0.00125439   0.00000000
  0.01091930  -0.00000000    -0.00342258   0.00000000    -0.00125439   0.00000000
 -0.02349191   0.00000000    -0.02349191   0.00000000    -0.02271199   0.00000000
    3    8
  0.01665517   0.00000000    -0.01698527  -0.00000000     0.01943240   0.00000000
 -0.01698527  -0.00000000     0.01665517   0.00000000    -0.01943240  -0.00000000
  0.02821935   0.00000000    -0.02821935  -0.00000000    -0.02265749  -0.00000000
    3    9
  0.00342258  -0.00000000     0.01091930  -0.00000000    -0.00125439   0.00000000
  0.01091930  -0.00000000     0.00342258  -0.00000000     0.00125439  -0.00000000
 -0.02349191   0.00000000     0.02349191  -0.00000000     0.02271199  -0.00000000
    3   10
  0.01665517   0.00000000    -0.01698527  -0.00000000    -0.01943240  -0.00000000
 -0.01698527  -0.00000000     0.01665517   0.00000000     0.01943240   0.00000000
 -0.02821935  -0.00000000     0.02821935   0.00000000    -0.02265749  -0.00000000
    3   11
  0.00342258  -0.00000000     0.01091930  -0.00000000     0.00125439  -0.00000000
  0.01091930  -0.00000000     0.00342258  -0.00000000    -0.00125439   0.00000000
  0.02349191  -0.00000000    -0.02349191   0.00000000     0.02271199  -0.00000000
    4    1
  0.01148122  -0.00000000     0.00528314  -0.00000000     0.01043860  -0.00000000
