  3.500000000000000E-002   1.50273456926983        5.55224362354358     
           6

     Dynamical  Matrix in cartesian axes

     q = (    0.235702260   0.000000000   0.000000000 ) 

    1    1
  0.24095873   0.00000000    -0.00000000   0.00000000    -0.00000000   0.00000000
  0.00000000   0.00000000     0.11889688   0.00000000     0.00000000   0.00000000
  0.00000000   0.00000000     0.00000000   0.00000000     0.11889688   0.00000000
    1    2
  0.01960957  -0.01132159    -0.00000000   0.00000000    -0.00000000   0.00000000
  0.00000000  -0.00000000    -0.03459491   0.01997338    -0.00336315  -0.00582515
 -0.00000000   0.00000000    -0.00336315  -0.00582515    -0.03459491   0.01997338
    1    3
  0.00000000  -0.02264318    -0.00000000   0.00000000     0.00000000   0.00000000
  0.00000000   0.00000000    -0.00000000   0.03994677     0.00672630   0.00000000
 -0.00000000   0.00000000     0.00672630  -0.00000000    -0.00000000   0.03994677
    1    4
  0.04720448   0.04418599    -0.01260168  -0.01224650    -0.01260168  -0.01224650
  0.00186617  -0.01961084    -0.00725787  -0.00275364    -0.00837472  -0.01964958
  0.00186617  -0.01961084    -0.00837472  -0.01964958    -0.00725787  -0.00275364
    1    5
 -0.06186843  -0.01878729     0.01690662   0.00479013     0.01690662   0.00479013
  0.01605040  -0.01142157     0.00601366   0.00490868     0.02120439  -0.00257207
  0.01605040  -0.01142157     0.02120439  -0.00257207     0.00601366   0.00490868
    1    6
 -0.06186843  -0.01878729     0.01690662   0.00479013    -0.01690662  -0.00479013
  0.01605040  -0.01142157     0.00601366   0.00490868    -0.02120439   0.00257207
 -0.01605040   0.01142157    -0.02120439   0.00257207     0.00601366   0.00490868
    1    7
  0.04720448   0.04418599    -0.01260168  -0.01224650     0.01260168   0.01224650
  0.00186617  -0.01961084    -0.00725787  -0.00275364     0.00837472   0.01964958
 -0.00186617   0.01961084     0.00837472   0.01964958    -0.00725787  -0.00275364
    1    8
 -0.06186843  -0.01878729    -0.01690662  -0.00479013     0.01690662   0.00479013
 -0.01605040   0.01142157     0.00601366   0.00490868    -0.02120439   0.00257207
  0.01605040  -0.01142157    -0.02120439   0.00257207     0.00601366   0.00490868
    1    9
  0.04720448   0.04418599     0.01260168   0.01224650    -0.01260168  -0.01224650
 -0.00186617   0.01961084    -0.00725787  -0.00275364     0.00837472   0.01964958
  0.00186617  -0.01961084     0.00837472   0.01964958    -0.00725787  -0.00275364
    1   10
  0.04720448   0.04418599     0.01260168   0.01224650     0.01260168   0.01224650
 -0.00186617   0.01961084    -0.00725787  -0.00275364    -0.00837472  -0.01964958
 -0.00186617   0.01961084    -0.00837472  -0.01964958    -0.00725787  -0.00275364
    1   11
 -0.06186843  -0.01878729    -0.01690662  -0.00479013    -0.01690662  -0.00479013
 -0.01605040   0.01142157     0.00601366   0.00490868     0.02120439  -0.00257207
 -0.01605040   0.01142157     0.02120439  -0.00257207     0.00601366   0.00490868
    2    1
  0.01960957   0.01132159     0.00000000  -0.00000000    -0.00000000   0.00000000
  0.00000000  -0.00000000    -0.03459491  -0.01997338    -0.00336315   0.00582515
 -0.00000000  -0.00000000    -0.00336315   0.00582515    -0.03459491  -0.01997338
    2    2
  0.09688633   0.00000000     0.00000000   0.00000000     0.00000000   0.00000000
  0.00000000  -0.00000000     0.05624640  -0.00000000     0.00000000  -0.00000000
 -0.00000000  -0.00000000     0.00000000  -0.00000000     0.05624640  -0.00000000
    2    3
  0.00040252  -0.00069719    -0.00000000  -0.00000000    -0.00000000  -0.00000000
 -0.00000000  -0.00000000    -0.00181615   0.00314566    -0.00503097  -0.00290463
 -0.00000000   0.00000000    -0.00503097  -0.00290463    -0.00181615   0.00314566
    2    4
  0.00166304  -0.00960145     0.00110010   0.00424925     0.00110010   0.00424925
 -0.00237056   0.00194299     0.00764769   0.00131234     0.00342296   0.00612120
 -0.00237056   0.00194299     0.00342296   0.00612120     0.00764769   0.00131234
    2    5
 -0.01327358   0.00346982    -0.02188216  -0.00521497    -0.02188216  -0.00521497
 -0.01572501   0.00102310    -0.01204618   0.00112176    -0.01756073  -0.00079386
 -0.01572501   0.00102310    -0.01756073  -0.00079386    -0.01204618   0.00112176
    2    6
  0.00914662   0.00336049    -0.00312991  -0.00307734     0.00312991   0.00307734
 -0.00286796   0.00108147     0.00268732  -0.00727927     0.00358963   0.00602497
  0.00286796  -0.00108147     0.00358963   0.00602497     0.00268732  -0.00727927
    2    7
 -0.00964174   0.00976035    -0.00642478   0.02155799     0.00642478  -0.02155799
 -0.00874854   0.01310671    -0.00699456   0.00987142     0.00809286  -0.01560497
  0.00874854  -0.01310671     0.00809286  -0.01560497    -0.00699456   0.00987142
    2    8
  0.00914662   0.00336049     0.00312991   0.00307734    -0.00312991  -0.00307734
  0.00286796  -0.00108147     0.00268732  -0.00727927     0.00358963   0.00602497
 -0.00286796   0.00108147     0.00358963   0.00602497     0.00268732  -0.00727927
    2    9
 -0.00964174   0.00976035     0.00642478  -0.02155799    -0.00642478   0.02155799
  0.00874854  -0.01310671    -0.00699456   0.00987142     0.00809286  -0.01560497
 -0.00874854   0.01310671     0.00809286  -0.01560497    -0.00699456   0.00987142
    2   10
  0.00166304  -0.00960145    -0.00110010  -0.00424925    -0.00110010  -0.00424925
  0.00237056  -0.00194299     0.00764769   0.00131234     0.00342296   0.00612120
  0.00237056  -0.00194299     0.00342296   0.00612120     0.00764769   0.00131234
    2   11
 -0.01327358   0.00346982     0.02188216   0.00521497     0.02188216   0.00521497
  0.01572501  -0.00102310    -0.01204618   0.00112176    -0.01756073  -0.00079386
  0.01572501  -0.00102310    -0.01756073  -0.00079386    -0.01204618   0.00112176
    3    1
  0.00000000   0.02264318     0.00000000  -0.00000000     0.00000000   0.00000000
  0.00000000   0.00000000    -0.00000000  -0.03994677     0.00672630   0.00000000
 -0.00000000   0.00000000     0.00672630  -0.00000000    -0.00000000  -0.03994677
    3    2
  0.00040252   0.00069719    -0.00000000   0.00000000    -0.00000000   0.00000000
 -0.00000000   0.00000000    -0.00181615  -0.00314566    -0.00503097   0.00290463
 -0.00000000   0.00000000    -0.00503097   0.00290463    -0.00181615  -0.00314566
    3    3
  0.09688633  -0.00000000     0.00000000  -0.00000000     0.00000000  -0.00000000
  0.00000000   0.00000000     0.05624640   0.00000000     0.00000000   0.00000000
 -0.00000000   0.00000000     0.00000000   0.00000000     0.05624640   0.00000000
    3    4
 -0.01327358  -0.00346982    -0.02188216   0.00521497    -0.02188216   0.00521497
 -0.01572501  -0.00102310    -0.01204618  -0.00112176    -0.01756073   0.00079386
 -0.01572501  -0.00102310    -0.01756073   0.00079386    -0.01204618  -0.00112176
    3    5
  0.00166304   0.00960145     0.00110010  -0.00424925     0.00110010  -0.00424925
 -0.00237056  -0.00194299     0.00764769  -0.00131234     0.00342296  -0.00612120
 -0.00237056  -0.00194299     0.00342296  -0.00612120     0.00764769  -0.00131234
    3    6
 -0.00964174  -0.00976035    -0.00642478  -0.02155799     0.00642478   0.02155799
 -0.00874854  -0.01310671    -0.00699456  -0.00987142     0.00809286   0.01560497
  0.00874854   0.01310671     0.00809286   0.01560497    -0.00699456  -0.00987142
    3    7
  0.00914662  -0.00336049    -0.00312991   0.00307734     0.00312991  -0.00307734
 -0.00286796  -0.00108147     0.00268732   0.00727927     0.00358963  -0.00602497
  0.00286796   0.00108147     0.00358963  -0.00602497     0.00268732   0.00727927
    3    8
 -0.00964174  -0.00976035     0.00642478   0.02155799    -0.00642478  -0.02155799
  0.00874854   0.01310671    -0.00699456  -0.00987142     0.00809286   0.01560497
 -0.00874854  -0.01310671     0.00809286   0.01560497    -0.00699456  -0.00987142
    3    9
  0.00914662  -0.00336049     0.00312991  -0.00307734    -0.00312991   0.00307734
  0.00286796   0.00108147     0.00268732   0.00727927     0.00358963  -0.00602497
 -0.00286796  -0.00108147     0.00358963  -0.00602497     0.00268732   0.00727927
    3   10
 -0.01327358  -0.00346982     0.02188216  -0.00521497     0.02188216  -0.00521497
  0.01572501   0.00102310    -0.01204618  -0.00112176    -0.01756073   0.00079386
  0.01572501   0.00102310    -0.01756073   0.00079386    -0.01204618  -0.00112176
    3   11
  0.00166304   0.00960145    -0.00110010   0.00424925    -0.00110010   0.00424925
  0.00237056   0.00194299     0.00764769  -0.00131234     0.00342296  -0.00612120
  0.00237056   0.00194299     0.00342296  -0.00612120     0.00764769  -0.00131234
    4    1
  0.04720448  -0.04418599     0.00186617   0.01961084     0.00186617   0.01961084
 -0.01260168   0.01224650    -0.00725787   0.00275364    -0.00837472   0.01964958
 -0.01260168   0.01224650    -0.00837472   0.01964958    -0.00725787   0.00275364
    4    2
  0.00166304   0.00960145    -0.00237056  -0.00194299    -0.00237056  -0.00194299
  0.00110010  -0.00424925     0.00764769  -0.00131234     0.00342296  -0.00612120
  0.00110010  -0.00424925     0.00342296  -0.00612120     0.00764769  -0.00131234
    4    3
 -0.01327358   0.00346982    -0.01572501   0.00102310    -0.01572501   0.00102310
 -0.02188216  -0.00521497    -0.01204618   0.00112176    -0.01756073  -0.00079386
 -0.02188216  -0.00521497    -0.01756073  -0.00079386    -0.01204618   0.00112176
    4    4
  0.09314638  -0.00000000    -0.00886712   0.00032195    -0.00886712   0.00032195
 -0.00886712  -0.00032195     0.07199341  -0.00000000     0.00137604  -0.00000000
 -0.00886712  -0.00032195     0.00137604  -0.00000000     0.07199341  -0.00000000
    4    5
 -0.03436688   0.00466894     0.00413083   0.00123972     0.00413083   0.00123972
  0.00413083   0.00123972    -0.01989595   0.00348135    -0.00834053   0.00741330
  0.00413083   0.00123972    -0.00834053   0.00741330    -0.01989595   0.00348135
    4    6
 -0.02801248   0.01386694     0.01944519  -0.00230257    -0.00984426   0.00034411
  0.01944519  -0.00230257    -0.01940313   0.00109540    -0.00136645  -0.00133723
  0.00984426  -0.00034411     0.00136645   0.00133723     0.01925739  -0.00386050
    4    7
  0.02742634   0.00000000    -0.01369451   0.00024225     0.01832963  -0.00070842
 -0.01369451  -0.00024225     0.01770087   0.00000000     0.00969637   0.00242568
 -0.01832963  -0.00070842    -0.00969637   0.00242568    -0.05016071  -0.00000000
    4    8
 -0.02801248   0.01386694    -0.00984426   0.00034411     0.01944519  -0.00230257
  0.00984426  -0.00034411     0.01925739  -0.00386050     0.00136645   0.00133723
  0.01944519  -0.00230257    -0.00136645  -0.00133723    -0.01940313   0.00109540
    4    9
  0.02742634   0.00000000     0.01832963  -0.00070842    -0.01369451   0.00024225
 -0.01832963  -0.00070842    -0.05016071  -0.00000000    -0.00969637   0.00242568
 -0.01369451  -0.00024225     0.00969637   0.00242568     0.01770087   0.00000000
    4   10
  0.03916123   0.00000000     0.01213525  -0.00235176     0.01213525  -0.00235176
 -0.01213525  -0.00235176    -0.01758261   0.00000000     0.01460854   0.00000000
 -0.01213525  -0.00235176     0.01460854   0.00000000    -0.01758261   0.00000000
    4   11
 -0.07103543   0.00031068    -0.01910499   0.00446157    -0.01910499   0.00446157
  0.01910499  -0.00446157     0.01671483   0.00300938    -0.00708241   0.00647834
  0.01910499  -0.00446157    -0.00708241   0.00647834     0.01671483   0.00300938
    5    1
 -0.06186843   0.01878729     0.01605040   0.01142157     0.01605040   0.01142157
  0.01690662  -0.00479013     0.00601366  -0.00490868     0.02120439   0.00257207
  0.01690662  -0.00479013     0.02120439   0.00257207     0.00601366  -0.00490868
    5    2
 -0.01327358  -0.00346982    -0.01572501  -0.00102310    -0.01572501  -0.00102310
 -0.02188216   0.00521497    -0.01204618  -0.00112176    -0.01756073   0.00079386
 -0.02188216   0.00521497    -0.01756073   0.00079386    -0.01204618  -0.00112176
    5    3
  0.00166304  -0.00960145    -0.00237056   0.00194299    -0.00237056   0.00194299
  0.00110010   0.00424925     0.00764769   0.00131234     0.00342296   0.00612120
  0.00110010   0.00424925     0.00342296   0.00612120     0.00764769   0.00131234
    5    4
 -0.03436688  -0.00466894     0.00413083  -0.00123972     0.00413083  -0.00123972
  0.00413083  -0.00123972    -0.01989595  -0.00348135    -0.00834053  -0.00741330
  0.00413083  -0.00123972    -0.00834053  -0.00741330    -0.01989595  -0.00348135
    5    5
  0.09314638   0.00000000    -0.00886712  -0.00032195    -0.00886712  -0.00032195
 -0.00886712   0.00032195     0.07199341   0.00000000     0.00137604   0.00000000
 -0.00886712   0.00032195     0.00137604   0.00000000     0.07199341   0.00000000
    5    6
  0.02742634  -0.00000000    -0.01369451  -0.00024225     0.01832963   0.00070842
 -0.01369451   0.00024225     0.01770087  -0.00000000     0.00969637  -0.00242568
 -0.01832963   0.00070842    -0.00969637  -0.00242568    -0.05016071   0.00000000
    5    7
 -0.02801248  -0.01386694     0.01944519   0.00230257    -0.00984426  -0.00034411
  0.01944519   0.00230257    -0.01940313  -0.00109540    -0.00136645   0.00133723
  0.00984426   0.00034411     0.00136645  -0.00133723     0.01925739   0.00386050
    5    8
  0.02742634  -0.00000000     0.01832963   0.00070842    -0.01369451  -0.00024225
 -0.01832963   0.00070842    -0.05016071   0.00000000    -0.00969637  -0.00242568
 -0.01369451   0.00024225     0.00969637  -0.00242568     0.01770087  -0.00000000
    5    9
 -0.02801248  -0.01386694    -0.00984426  -0.00034411     0.01944519   0.00230257
  0.00984426   0.00034411     0.01925739   0.00386050     0.00136645  -0.00133723
  0.01944519   0.00230257    -0.00136645   0.00133723    -0.01940313  -0.00109540
    5   10
 -0.07103543  -0.00031068    -0.01910499  -0.00446157    -0.01910499  -0.00446157
  0.01910499   0.00446157     0.01671483  -0.00300938    -0.00708241  -0.00647834
  0.01910499   0.00446157    -0.00708241  -0.00647834     0.01671483  -0.00300938
    5   11
  0.03916123  -0.00000000     0.01213525   0.00235176     0.01213525   0.00235176
 -0.01213525   0.00235176    -0.01758261  -0.00000000     0.01460854  -0.00000000
 -0.01213525   0.00235176     0.01460854  -0.00000000    -0.01758261  -0.00000000
    6    1
 -0.06186843   0.01878729     0.01605040   0.01142157    -0.01605040  -0.01142157
  0.01690662  -0.00479013     0.00601366  -0.00490868    -0.02120439  -0.00257207
 -0.01690662   0.00479013    -0.02120439  -0.00257207     0.00601366  -0.00490868
    6    2
  0.00914662  -0.00336049    -0.00286796  -0.00108147     0.00286796   0.00108147
 -0.00312991   0.00307734     0.00268732   0.00727927     0.00358963  -0.00602497
  0.00312991  -0.00307734     0.00358963  -0.00602497     0.00268732   0.00727927
    6    3
 -0.00964174   0.00976035    -0.00874854   0.01310671     0.00874854  -0.01310671
 -0.00642478   0.02155799    -0.00699456   0.00987142     0.00809286  -0.01560497
  0.00642478  -0.02155799     0.00809286  -0.01560497    -0.00699456   0.00987142
    6    4
 -0.02801248  -0.01386694     0.01944519   0.00230257     0.00984426   0.00034411
  0.01944519   0.00230257    -0.01940313  -0.00109540     0.00136645  -0.00133723
 -0.00984426  -0.00034411    -0.00136645   0.00133723     0.01925739   0.00386050
    6    5
  0.02742634   0.00000000    -0.01369451  -0.00024225    -0.01832963  -0.00070842
 -0.01369451   0.00024225     0.01770087   0.00000000    -0.00969637   0.00242568
  0.01832963  -0.00070842     0.00969637   0.00242568    -0.05016071  -0.00000000
    6    6
  0.09314638  -0.00000000    -0.00886712  -0.00032195     0.00886712   0.00032195
 -0.00886712   0.00032195     0.07199341   0.00000000    -0.00137604  -0.00000000
  0.00886712  -0.00032195    -0.00137604  -0.00000000     0.07199341   0.00000000
    6    7
 -0.03436688  -0.00466894     0.00413083  -0.00123972    -0.00413083   0.00123972
  0.00413083  -0.00123972    -0.01989595  -0.00348135     0.00834053   0.00741330
 -0.00413083   0.00123972     0.00834053   0.00741330    -0.01989595  -0.00348135
    6    8
  0.03916123  -0.00000000     0.01213525   0.00235176    -0.01213525  -0.00235176
 -0.01213525   0.00235176    -0.01758261  -0.00000000    -0.01460854   0.00000000
  0.01213525  -0.00235176    -0.01460854   0.00000000    -0.01758261   0.00000000
    6    9
 -0.07103543  -0.00031068    -0.01910499  -0.00446157     0.01910499   0.00446157
  0.01910499   0.00446157     0.01671483  -0.00300938     0.00708241   0.00647834
 -0.01910499  -0.00446157     0.00708241   0.00647834     0.01671483  -0.00300938
    6   10
 -0.02801248  -0.01386694    -0.00984426  -0.00034411    -0.01944519  -0.00230257
  0.00984426   0.00034411     0.01925739   0.00386050    -0.00136645   0.00133723
 -0.01944519  -0.00230257     0.00136645  -0.00133723    -0.01940313  -0.00109540
    6   11
  0.02742634   0.00000000     0.01832963   0.00070842     0.01369451   0.00024225
 -0.01832963   0.00070842    -0.05016071  -0.00000000     0.00969637   0.00242568
  0.01369451  -0.00024225    -0.00969637   0.00242568     0.01770087   0.00000000
    7    1
  0.04720448  -0.04418599     0.00186617   0.01961084    -0.00186617  -0.01961084
 -0.01260168   0.01224650    -0.00725787   0.00275364     0.00837472  -0.01964958
  0.01260168  -0.01224650     0.00837472  -0.01964958    -0.00725787   0.00275364
    7    2
 -0.00964174  -0.00976035    -0.00874854  -0.01310671     0.00874854   0.01310671
 -0.00642478  -0.02155799    -0.00699456  -0.00987142     0.00809286   0.01560497
  0.00642478   0.02155799     0.00809286   0.01560497    -0.00699456  -0.00987142
    7    3
  0.00914662   0.00336049    -0.00286796   0.00108147     0.00286796  -0.00108147
 -0.00312991  -0.00307734     0.00268732  -0.00727927     0.00358963   0.00602497
  0.00312991   0.00307734     0.00358963   0.00602497     0.00268732  -0.00727927
    7    4
  0.02742634  -0.00000000    -0.01369451   0.00024225    -0.01832963   0.00070842
 -0.01369451  -0.00024225     0.01770087  -0.00000000    -0.00969637  -0.00242568
  0.01832963   0.00070842     0.00969637  -0.00242568    -0.05016071   0.00000000
    7    5
 -0.02801248   0.01386694     0.01944519  -0.00230257     0.00984426  -0.00034411
  0.01944519  -0.00230257    -0.01940313   0.00109540     0.00136645   0.00133723
 -0.00984426   0.00034411    -0.00136645  -0.00133723     0.01925739  -0.00386050
    7    6
 -0.03436688   0.00466894     0.00413083   0.00123972    -0.00413083  -0.00123972
  0.00413083   0.00123972    -0.01989595   0.00348135     0.00834053  -0.00741330
 -0.00413083  -0.00123972     0.00834053  -0.00741330    -0.01989595   0.00348135
    7    7
  0.09314638   0.00000000    -0.00886712   0.00032195     0.00886712  -0.00032195
 -0.00886712  -0.00032195     0.07199341  -0.00000000    -0.00137604   0.00000000
  0.00886712   0.00032195    -0.00137604   0.00000000     0.07199341  -0.00000000
    7    8
 -0.07103543   0.00031068    -0.01910499   0.00446157     0.01910499  -0.00446157
  0.01910499  -0.00446157     0.01671483   0.00300938     0.00708241  -0.00647834
 -0.01910499   0.00446157     0.00708241  -0.00647834     0.01671483   0.00300938
    7    9
  0.03916123   0.00000000     0.01213525  -0.00235176    -0.01213525   0.00235176
 -0.01213525  -0.00235176    -0.01758261   0.00000000    -0.01460854  -0.00000000
  0.01213525   0.00235176    -0.01460854  -0.00000000    -0.01758261   0.00000000
    7   10
  0.02742634  -0.00000000     0.01832963  -0.00070842     0.01369451  -0.00024225
 -0.01832963  -0.00070842    -0.05016071   0.00000000     0.00969637  -0.00242568
  0.01369451   0.00024225    -0.00969637  -0.00242568     0.01770087  -0.00000000
    7   11
 -0.02801248   0.01386694    -0.00984426   0.00034411    -0.01944519   0.00230257
  0.00984426  -0.00034411     0.01925739  -0.00386050    -0.00136645  -0.00133723
 -0.01944519   0.00230257     0.00136645   0.00133723    -0.01940313   0.00109540
    8    1
 -0.06186843   0.01878729    -0.01605040  -0.01142157     0.01605040   0.01142157
 -0.01690662   0.00479013     0.00601366  -0.00490868    -0.02120439  -0.00257207
  0.01690662  -0.00479013    -0.02120439  -0.00257207     0.00601366  -0.00490868
    8    2
  0.00914662  -0.00336049     0.00286796   0.00108147    -0.00286796  -0.00108147
  0.00312991  -0.00307734     0.00268732   0.00727927     0.00358963  -0.00602497
 -0.00312991   0.00307734     0.00358963  -0.00602497     0.00268732   0.00727927
    8    3
 -0.00964174   0.00976035     0.00874854  -0.01310671    -0.00874854   0.01310671
  0.00642478  -0.02155799    -0.00699456   0.00987142     0.00809286  -0.01560497
 -0.00642478   0.02155799     0.00809286  -0.01560497    -0.00699456   0.00987142
    8    4
 -0.02801248  -0.01386694     0.00984426   0.00034411     0.01944519   0.00230257
 -0.00984426  -0.00034411     0.01925739   0.00386050    -0.00136645   0.00133723
  0.01944519   0.00230257     0.00136645  -0.00133723    -0.01940313  -0.00109540
    8    5
  0.02742634   0.00000000    -0.01832963  -0.00070842    -0.01369451  -0.00024225
  0.01832963  -0.00070842    -0.05016071  -0.00000000     0.00969637   0.00242568
 -0.01369451   0.00024225    -0.00969637   0.00242568     0.01770087   0.00000000
    8    6
  0.03916123  -0.00000000    -0.01213525  -0.00235176     0.01213525   0.00235176
  0.01213525  -0.00235176    -0.01758261  -0.00000000    -0.01460854   0.00000000
 -0.01213525   0.00235176    -0.01460854   0.00000000    -0.01758261   0.00000000
    8    7
 -0.07103543  -0.00031068     0.01910499   0.00446157    -0.01910499  -0.00446157
 -0.01910499  -0.00446157     0.01671483  -0.00300938     0.00708241   0.00647834
  0.01910499   0.00446157     0.00708241   0.00647834     0.01671483  -0.00300938
    8    8
  0.09314638  -0.00000000     0.00886712   0.00032195    -0.00886712  -0.00032195
  0.00886712  -0.00032195     0.07199341   0.00000000    -0.00137604  -0.00000000
 -0.00886712   0.00032195    -0.00137604  -0.00000000     0.07199341   0.00000000
    8    9
 -0.03436688  -0.00466894    -0.00413083   0.00123972     0.00413083  -0.00123972
 -0.00413083   0.00123972    -0.01989595  -0.00348135     0.00834053   0.00741330
  0.00413083  -0.00123972     0.00834053   0.00741330    -0.01989595  -0.00348135
    8   10
 -0.02801248  -0.01386694    -0.01944519  -0.00230257    -0.00984426  -0.00034411
 -0.01944519  -0.00230257    -0.01940313  -0.00109540     0.00136645  -0.00133723
  0.00984426   0.00034411    -0.00136645   0.00133723     0.01925739   0.00386050
    8   11
  0.02742634   0.00000000     0.01369451   0.00024225     0.01832963   0.00070842
  0.01369451  -0.00024225     0.01770087   0.00000000    -0.00969637   0.00242568
 -0.01832963   0.00070842     0.00969637   0.00242568    -0.05016071  -0.00000000
    9    1
  0.04720448  -0.04418599    -0.00186617  -0.01961084     0.00186617   0.01961084
  0.01260168  -0.01224650    -0.00725787   0.00275364     0.00837472  -0.01964958
 -0.01260168   0.01224650     0.00837472  -0.01964958    -0.00725787   0.00275364
    9    2
 -0.00964174  -0.00976035     0.00874854   0.01310671    -0.00874854  -0.01310671
  0.00642478   0.02155799    -0.00699456  -0.00987142     0.00809286   0.01560497
 -0.00642478  -0.02155799     0.00809286   0.01560497    -0.00699456  -0.00987142
    9    3
  0.00914662   0.00336049     0.00286796  -0.00108147    -0.00286796   0.00108147
  0.00312991   0.00307734     0.00268732  -0.00727927     0.00358963   0.00602497
 -0.00312991  -0.00307734     0.00358963   0.00602497     0.00268732  -0.00727927
    9    4
  0.02742634  -0.00000000    -0.01832963   0.00070842    -0.01369451   0.00024225
  0.01832963   0.00070842    -0.05016071   0.00000000     0.00969637  -0.00242568
 -0.01369451  -0.00024225    -0.00969637  -0.00242568     0.01770087  -0.00000000
    9    5
 -0.02801248   0.01386694     0.00984426  -0.00034411     0.01944519  -0.00230257
 -0.00984426   0.00034411     0.01925739  -0.00386050    -0.00136645  -0.00133723
  0.01944519  -0.00230257     0.00136645   0.00133723    -0.01940313   0.00109540
    9    6
 -0.07103543   0.00031068     0.01910499  -0.00446157    -0.01910499   0.00446157
 -0.01910499   0.00446157     0.01671483   0.00300938     0.00708241  -0.00647834
  0.01910499  -0.00446157     0.00708241  -0.00647834     0.01671483   0.00300938
    9    7
  0.03916123   0.00000000    -0.01213525   0.00235176     0.01213525  -0.00235176
  0.01213525   0.00235176    -0.01758261   0.00000000    -0.01460854   0.00000000
 -0.01213525  -0.00235176    -0.01460854  -0.00000000    -0.01758261  -0.00000000
    9    8
 -0.03436688   0.00466894    -0.00413083  -0.00123972     0.00413083   0.00123972
 -0.00413083  -0.00123972    -0.01989595   0.00348135     0.00834053  -0.00741330
  0.00413083   0.00123972     0.00834053  -0.00741330    -0.01989595   0.00348135
    9    9
  0.09314638   0.00000000     0.00886712  -0.00032195    -0.00886712   0.00032195
  0.00886712   0.00032195     0.07199341  -0.00000000    -0.00137604   0.00000000
 -0.00886712  -0.00032195    -0.00137604   0.00000000     0.07199341  -0.00000000
    9   10
  0.02742634  -0.00000000     0.01369451  -0.00024225     0.01832963  -0.00070842
  0.01369451   0.00024225     0.01770087  -0.00000000    -0.00969637  -0.00242568
 -0.01832963  -0.00070842     0.00969637  -0.00242568    -0.05016071   0.00000000
    9   11
 -0.02801248   0.01386694    -0.01944519   0.00230257    -0.00984426   0.00034411
 -0.01944519   0.00230257    -0.01940313   0.00109540     0.00136645   0.00133723
  0.00984426  -0.00034411    -0.00136645  -0.00133723     0.01925739  -0.00386050
   10    1
  0.04720448  -0.04418599    -0.00186617  -0.01961084    -0.00186617  -0.01961084
  0.01260168  -0.01224650    -0.00725787   0.00275364    -0.00837472   0.01964958
  0.01260168  -0.01224650    -0.00837472   0.01964958    -0.00725787   0.00275364
   10    2
  0.00166304   0.00960145     0.00237056   0.00194299     0.00237056   0.00194299
 -0.00110010   0.00424925     0.00764769  -0.00131234     0.00342296  -0.00612120
 -0.00110010   0.00424925     0.00342296  -0.00612120     0.00764769  -0.00131234
   10    3
 -0.01327358   0.00346982     0.01572501  -0.00102310     0.01572501  -0.00102310
  0.02188216   0.00521497    -0.01204618   0.00112176    -0.01756073  -0.00079386
  0.02188216   0.00521497    -0.01756073  -0.00079386    -0.01204618   0.00112176
   10    4
  0.03916123   0.00000000    -0.01213525   0.00235176    -0.01213525   0.00235176
  0.01213525   0.00235176    -0.01758261   0.00000000     0.01460854   0.00000000
  0.01213525   0.00235176     0.01460854   0.00000000    -0.01758261   0.00000000
   10    5
 -0.07103543   0.00031068     0.01910499  -0.00446157     0.01910499  -0.00446157
 -0.01910499   0.00446157     0.01671483   0.00300938    -0.00708241   0.00647834
 -0.01910499   0.00446157    -0.00708241   0.00647834     0.01671483   0.00300938
   10    6
 -0.02801248   0.01386694     0.00984426  -0.00034411    -0.01944519   0.00230257
 -0.00984426   0.00034411     0.01925739  -0.00386050     0.00136645   0.00133723
 -0.01944519   0.00230257    -0.00136645  -0.00133723    -0.01940313   0.00109540
   10    7
  0.02742634   0.00000000    -0.01832963   0.00070842     0.01369451  -0.00024225
  0.01832963   0.00070842    -0.05016071  -0.00000000    -0.00969637   0.00242568
  0.01369451   0.00024225     0.00969637   0.00242568     0.01770087   0.00000000
   10    8
 -0.02801248   0.01386694    -0.01944519   0.00230257     0.00984426  -0.00034411
 -0.01944519   0.00230257    -0.01940313   0.00109540    -0.00136645  -0.00133723
 -0.00984426   0.00034411     0.00136645   0.00133723     0.01925739  -0.00386050
   10    9
  0.02742634   0.00000000     0.01369451  -0.00024225    -0.01832963   0.00070842
  0.01369451   0.00024225     0.01770087   0.00000000     0.00969637   0.00242568
  0.01832963   0.00070842    -0.00969637   0.00242568    -0.05016071  -0.00000000
   10   10
  0.09314638   0.00000000     0.00886712  -0.00032195     0.00886712  -0.00032195
  0.00886712   0.00032195     0.07199341  -0.00000000     0.00137604  -0.00000000
  0.00886712   0.00032195     0.00137604  -0.00000000     0.07199341  -0.00000000
   10   11
 -0.03436688   0.00466894    -0.00413083  -0.00123972    -0.00413083  -0.00123972
 -0.00413083  -0.00123972    -0.01989595   0.00348135    -0.00834053   0.00741330
 -0.00413083  -0.00123972    -0.00834053   0.00741330    -0.01989595   0.00348135
   11    1
 -0.06186843   0.01878729    -0.01605040  -0.01142157    -0.01605040  -0.01142157
 -0.01690662   0.00479013     0.00601366  -0.00490868     0.02120439   0.00257207
 -0.01690662   0.00479013     0.02120439   0.00257207     0.00601366  -0.00490868
   11    2
 -0.01327358  -0.00346982     0.01572501   0.00102310     0.01572501   0.00102310
  0.02188216  -0.00521497    -0.01204618  -0.00112176    -0.01756073   0.00079386
  0.02188216  -0.00521497    -0.01756073   0.00079386    -0.01204618  -0.00112176
   11    3
  0.00166304  -0.00960145     0.00237056  -0.00194299     0.00237056  -0.00194299
 -0.00110010  -0.00424925     0.00764769   0.00131234     0.00342296   0.00612120
 -0.00110010  -0.00424925     0.00342296   0.00612120     0.00764769   0.00131234
   11    4
 -0.07103543  -0.00031068     0.01910499   0.00446157     0.01910499   0.00446157
 -0.01910499  -0.00446157     0.01671483  -0.00300938    -0.00708241  -0.00647834
 -0.01910499  -0.00446157    -0.00708241  -0.00647834     0.01671483  -0.00300938
   11    5
  0.03916123  -0.00000000    -0.01213525  -0.00235176    -0.01213525  -0.00235176
  0.01213525  -0.00235176    -0.01758261  -0.00000000     0.01460854  -0.00000000
  0.01213525  -0.00235176     0.01460854  -0.00000000    -0.01758261  -0.00000000
   11    6
  0.02742634  -0.00000000    -0.01832963  -0.00070842     0.01369451   0.00024225
  0.01832963  -0.00070842    -0.05016071   0.00000000    -0.00969637  -0.00242568
  0.01369451  -0.00024225     0.00969637  -0.00242568     0.01770087  -0.00000000
   11    7
 -0.02801248  -0.01386694     0.00984426   0.00034411    -0.01944519  -0.00230257
 -0.00984426  -0.00034411     0.01925739   0.00386050     0.00136645  -0.00133723
 -0.01944519  -0.00230257    -0.00136645   0.00133723    -0.01940313  -0.00109540
   11    8
  0.02742634  -0.00000000     0.01369451   0.00024225    -0.01832963  -0.00070842
  0.01369451  -0.00024225     0.01770087  -0.00000000     0.00969637  -0.00242568
  0.01832963  -0.00070842    -0.00969637  -0.00242568    -0.05016071   0.00000000
   11    9
 -0.02801248  -0.01386694    -0.01944519  -0.00230257     0.00984426   0.00034411
 -0.01944519  -0.00230257    -0.01940313  -0.00109540    -0.00136645   0.00133723
 -0.00984426  -0.00034411     0.00136645  -0.00133723     0.01925739   0.00386050
   11   10
 -0.03436688  -0.00466894    -0.00413083   0.00123972    -0.00413083   0.00123972
 -0.00413083   0.00123972    -0.01989595  -0.00348135    -0.00834053  -0.00741330
 -0.00413083   0.00123972    -0.00834053  -0.00741330    -0.01989595  -0.00348135
   11   11
  0.09314638  -0.00000000     0.00886712   0.00032195     0.00886712   0.00032195
  0.00886712  -0.00032195     0.07199341   0.00000000     0.00137604   0.00000000
  0.00886712  -0.00032195     0.00137604   0.00000000     0.07199341   0.00000000

     Dynamical  Matrix in cartesian axes

     q = (   -0.235702260   0.000000000   0.000000000 ) 

    1    1
  0.24095873   0.00000000    -0.00000000   0.00000000     0.00000000   0.00000000
 -0.00000000   0.00000000     0.11889688   0.00000000     0.00000000   0.00000000
  0.00000000   0.00000000     0.00000000   0.00000000     0.11889688   0.00000000
    1    2
  0.01960957   0.01132159    -0.00000000  -0.00000000     0.00000000  -0.00000000
  0.00000000  -0.00000000    -0.03459491  -0.01997338    -0.00336315   0.00582515
  0.00000000  -0.00000000    -0.00336315   0.00582515    -0.03459491  -0.01997338
    1    3
 -0.00000000   0.02264318     0.00000000   0.00000000     0.00000000   0.00000000
  0.00000000  -0.00000000    -0.00000000  -0.03994677     0.00672630  -0.00000000
  0.00000000   0.00000000     0.00672630  -0.00000000    -0.00000000  -0.03994677
    1    4
  0.04720448  -0.04418599    -0.01260168   0.01224650    -0.01260168   0.01224650
  0.00186617   0.01961084    -0.00725787   0.00275364    -0.00837472   0.01964958
  0.00186617   0.01961084    -0.00837472   0.01964958    -0.00725787   0.00275364
    1    5
 -0.06186843   0.01878729     0.01690662  -0.00479013     0.01690662  -0.00479013
  0.01605040   0.01142157     0.00601366  -0.00490868     0.02120439   0.00257207
  0.01605040   0.01142157     0.02120439   0.00257207     0.00601366  -0.00490868
    1    6
 -0.06186843   0.01878729     0.01690662  -0.00479013    -0.01690662   0.00479013
  0.01605040   0.01142157     0.00601366  -0.00490868    -0.02120439  -0.00257207
 -0.01605040  -0.01142157    -0.02120439  -0.00257207     0.00601366  -0.00490868
    1    7
  0.04720448  -0.04418599    -0.01260168   0.01224650     0.01260168  -0.01224650
  0.00186617   0.01961084    -0.00725787   0.00275364     0.00837472  -0.01964958
 -0.00186617  -0.01961084     0.00837472  -0.01964958    -0.00725787   0.00275364
    1    8
 -0.06186843   0.01878729    -0.01690662   0.00479013     0.01690662  -0.00479013
 -0.01605040  -0.01142157     0.00601366  -0.00490868    -0.02120439  -0.00257207
  0.01605040   0.01142157    -0.02120439  -0.00257207     0.00601366  -0.00490868
    1    9
  0.04720448  -0.04418599     0.01260168  -0.01224650    -0.01260168   0.01224650
 -0.00186617  -0.01961084    -0.00725787   0.00275364     0.00837472  -0.01964958
  0.00186617   0.01961084     0.00837472  -0.01964958    -0.00725787   0.00275364
    1   10
  0.04720448  -0.04418599     0.01260168  -0.01224650     0.01260168  -0.01224650
 -0.00186617  -0.01961084    -0.00725787   0.00275364    -0.00837472   0.01964958
 -0.00186617  -0.01961084    -0.00837472   0.01964958    -0.00725787   0.00275364
    1   11
 -0.06186843   0.01878729    -0.01690662   0.00479013    -0.01690662   0.00479013
 -0.01605040  -0.01142157     0.00601366  -0.00490868     0.02120439   0.00257207
 -0.01605040  -0.01142157     0.02120439   0.00257207     0.00601366  -0.00490868
    2    1
  0.01960957  -0.01132159    -0.00000000   0.00000000     0.00000000   0.00000000
 -0.00000000   0.00000000    -0.03459491   0.01997338    -0.00336315  -0.00582515
  0.00000000   0.00000000    -0.00336315  -0.00582515    -0.03459491   0.01997338
    2    2
  0.09688633   0.00000000     0.00000000  -0.00000000     0.00000000   0.00000000
 -0.00000000  -0.00000000     0.05624640   0.00000000     0.00000000   0.00000000
 -0.00000000  -0.00000000     0.00000000   0.00000000     0.05624640   0.00000000
    2    3
  0.00040252   0.00069719    -0.00000000   0.00000000     0.00000000   0.00000000
 -0.00000000   0.00000000    -0.00181615  -0.00314566    -0.00503097   0.00290463
  0.00000000   0.00000000    -0.00503097   0.00290463    -0.00181615  -0.00314566
    2    4
  0.00166304   0.00960145     0.00110010  -0.00424925     0.00110010  -0.00424925
 -0.00237056  -0.00194299     0.00764769  -0.00131234     0.00342296  -0.00612120
 -0.00237056  -0.00194299     0.00342296  -0.00612120     0.00764769  -0.00131234
    2    5
 -0.01327358  -0.00346982    -0.02188216   0.00521497    -0.02188216   0.00521497
 -0.01572501  -0.00102310    -0.01204618  -0.00112176    -0.01756073   0.00079386
 -0.01572501  -0.00102310    -0.01756073   0.00079386    -0.01204618  -0.00112176
    2    6
  0.00914662  -0.00336049    -0.00312991   0.00307734     0.00312991  -0.00307734
 -0.00286796  -0.00108147     0.00268732   0.00727927     0.00358963  -0.00602497
  0.00286796   0.00108147     0.00358963  -0.00602497     0.00268732   0.00727927
    2    7
 -0.00964174  -0.00976035    -0.00642478  -0.02155799     0.00642478   0.02155799
 -0.00874854  -0.01310671    -0.00699456  -0.00987142     0.00809286   0.01560497
  0.00874854   0.01310671     0.00809286   0.01560497    -0.00699456  -0.00987142
    2    8
  0.00914662  -0.00336049     0.00312991  -0.00307734    -0.00312991   0.00307734
  0.00286796   0.00108147     0.00268732   0.00727927     0.00358963  -0.00602497
 -0.00286796  -0.00108147     0.00358963  -0.00602497     0.00268732   0.00727927
    2    9
 -0.00964174  -0.00976035     0.00642478   0.02155799    -0.00642478  -0.02155799
  0.00874854   0.01310671    -0.00699456  -0.00987142     0.00809286   0.01560497
 -0.00874854  -0.01310671     0.00809286   0.01560497    -0.00699456  -0.00987142
    2   10
  0.00166304   0.00960145    -0.00110010   0.00424925    -0.00110010   0.00424925
  0.00237056   0.00194299     0.00764769  -0.00131234     0.00342296  -0.00612120
  0.00237056   0.00194299     0.00342296  -0.00612120     0.00764769  -0.00131234
    2   11
 -0.01327358  -0.00346982     0.02188216  -0.00521497     0.02188216  -0.00521497
  0.01572501   0.00102310    -0.01204618  -0.00112176    -0.01756073   0.00079386
  0.01572501   0.00102310    -0.01756073   0.00079386    -0.01204618  -0.00112176
    3    1
  0.00000000  -0.02264318    -0.00000000  -0.00000000    -0.00000000   0.00000000
  0.00000000   0.00000000    -0.00000000   0.03994677     0.00672630  -0.00000000
 -0.00000000  -0.00000000     0.00672630   0.00000000    -0.00000000   0.03994677
    3    2
  0.00040252  -0.00069719    -0.00000000  -0.00000000     0.00000000  -0.00000000
 -0.00000000  -0.00000000    -0.00181615   0.00314566    -0.00503097  -0.00290463
  0.00000000  -0.00000000    -0.00503097  -0.00290463    -0.00181615   0.00314566
    3    3
  0.09688633  -0.00000000     0.00000000   0.00000000     0.00000000  -0.00000000
 -0.00000000   0.00000000     0.05624640  -0.00000000     0.00000000  -0.00000000
 -0.00000000   0.00000000     0.00000000  -0.00000000     0.05624640  -0.00000000
    3    4
 -0.01327358   0.00346982    -0.02188216  -0.00521497    -0.02188216  -0.00521497
 -0.01572501   0.00102310    -0.01204618   0.00112176    -0.01756073  -0.00079386
 -0.01572501   0.00102310    -0.01756073  -0.00079386    -0.01204618   0.00112176
    3    5
  0.00166304  -0.00960145     0.00110010   0.00424925     0.00110010   0.00424925
 -0.00237056   0.00194299     0.00764769   0.00131234     0.00342296   0.00612120
 -0.00237056   0.00194299     0.00342296   0.00612120     0.00764769   0.00131234
    3    6
 -0.00964174   0.00976035    -0.00642478   0.02155799     0.00642478  -0.02155799
 -0.00874854   0.01310671    -0.00699456   0.00987142     0.00809286  -0.01560497
  0.00874854  -0.01310671     0.00809286  -0.01560497    -0.00699456   0.00987142
    3    7
  0.00914662   0.00336049    -0.00312991  -0.00307734     0.00312991   0.00307734
 -0.00286796   0.00108147     0.00268732  -0.00727927     0.00358963   0.00602497
  0.00286796  -0.00108147     0.00358963   0.00602497     0.00268732  -0.00727927
    3    8
 -0.00964174   0.00976035     0.00642478  -0.02155799    -0.00642478   0.02155799
  0.00874854  -0.01310671    -0.00699456   0.00987142     0.00809286  -0.01560497
 -0.00874854   0.01310671     0.00809286  -0.01560497    -0.00699456   0.00987142
    3    9
  0.00914662   0.00336049     0.00312991   0.00307734    -0.00312991  -0.00307734
  0.00286796  -0.00108147     0.00268732  -0.00727927     0.00358963   0.00602497
 -0.00286796   0.00108147     0.00358963   0.00602497     0.00268732  -0.00727927
    3   10
 -0.01327358   0.00346982     0.02188216   0.00521497     0.02188216   0.00521497
  0.01572501  -0.00102310    -0.01204618   0.00112176    -0.01756073  -0.00079386
  0.01572501  -0.00102310    -0.01756073  -0.00079386    -0.01204618   0.00112176
    3   11
  0.00166304  -0.00960145    -0.00110010  -0.00424925    -0.00110010  -0.00424925
  0.00237056  -0.00194299     0.00764769   0.00131234     0.00342296   0.00612120
  0.00237056  -0.00194299     0.00342296   0.00612120     0.00764769   0.00131234
    4    1
  0.04720448   0.04418599     0.00186617  -0.01961084     0.00186617  -0.01961084
