  5.000000000000000E-003   1.50271645758374        5.70684869152418     
           3

     Dynamical  Matrix in cartesian axes

     q = (   -0.707106781   0.000000000   0.000000000 ) 

    1    1
  0.31295608   0.00000000    -0.00000000   0.00000000    -0.00000000   0.00000000
 -0.00000000   0.00000000     0.24690828   0.00000000     0.00000000   0.00000000
  0.00000000   0.00000000     0.00000000   0.00000000     0.24690828   0.00000000
    1    2
 -0.00000000  -0.00000000    -0.00000000  -0.00000000     0.00000000   0.00000000
 -0.00000000  -0.00000000     0.00000000  -0.00000000    -0.00034204   0.00000000
  0.00000000   0.00000000    -0.00034204   0.00000000     0.00000000  -0.00000000
    1    3
 -0.00000000   0.00000000     0.00000000   0.00000000    -0.00000000   0.00000000
  0.00000000  -0.00000000     0.00000000   0.00000000    -0.00034204   0.00000000
 -0.00000000   0.00000000    -0.00034204   0.00000000     0.00000000   0.00000000
    1    4
 -0.03466535  -0.00000000     0.01844564   0.00000000     0.01844564   0.00000000
  0.00216578   0.00000000     0.01403378   0.00000000    -0.00955080  -0.00000000
  0.00216578   0.00000000    -0.00955080  -0.00000000     0.01403378   0.00000000
    1    5
 -0.03466535   0.00000000     0.01844564  -0.00000000     0.01844564  -0.00000000
  0.00216578  -0.00000000     0.01403378  -0.00000000    -0.00955080   0.00000000
  0.00216578  -0.00000000    -0.00955080   0.00000000     0.01403378  -0.00000000
    1    6
 -0.03466535  -0.00000000     0.01844564   0.00000000    -0.01844564  -0.00000000
  0.00216578   0.00000000     0.01403378   0.00000000     0.00955080   0.00000000
 -0.00216578  -0.00000000     0.00955080   0.00000000     0.01403378   0.00000000
    1    7
 -0.03466535   0.00000000     0.01844564  -0.00000000    -0.01844564   0.00000000
  0.00216578  -0.00000000     0.01403378  -0.00000000     0.00955080  -0.00000000
 -0.00216578   0.00000000     0.00955080  -0.00000000     0.01403378  -0.00000000
    1    8
 -0.03466535  -0.00000000    -0.01844564  -0.00000000     0.01844564   0.00000000
 -0.00216578  -0.00000000     0.01403378   0.00000000     0.00955080   0.00000000
  0.00216578   0.00000000     0.00955080   0.00000000     0.01403378   0.00000000
    1    9
 -0.03466535   0.00000000    -0.01844564   0.00000000     0.01844564  -0.00000000
 -0.00216578   0.00000000     0.01403378  -0.00000000     0.00955080  -0.00000000
  0.00216578  -0.00000000     0.00955080  -0.00000000     0.01403378  -0.00000000
    1   10
 -0.03466535  -0.00000000    -0.01844564  -0.00000000    -0.01844564  -0.00000000
 -0.00216578  -0.00000000     0.01403378   0.00000000    -0.00955080  -0.00000000
 -0.00216578  -0.00000000    -0.00955080  -0.00000000     0.01403378   0.00000000
    1   11
 -0.03466535   0.00000000    -0.01844564   0.00000000    -0.01844564   0.00000000
 -0.00216578   0.00000000     0.01403378  -0.00000000    -0.00955080   0.00000000
 -0.00216578   0.00000000    -0.00955080   0.00000000     0.01403378  -0.00000000
    2    1
 -0.00000000   0.00000000     0.00000000   0.00000000    -0.00000000  -0.00000000
  0.00000000  -0.00000000    -0.00000000   0.00000000    -0.00034204  -0.00000000
  0.00000000   0.00000000    -0.00034204  -0.00000000    -0.00000000   0.00000000
    2    2
  0.27549634   0.00000000     0.00000000   0.00000000     0.00000000   0.00000000
  0.00000000   0.00000000     0.02729105   0.00000000     0.00000000   0.00000000
  0.00000000   0.00000000    -0.00000000   0.00000000     0.02729105   0.00000000
    2    3
 -0.26524222   0.00000000     0.00000000   0.00000000     0.00000000  -0.00000000
  0.00000000  -0.00000000    -0.02166505   0.00000000     0.00000000  -0.00000000
  0.00000000   0.00000000     0.00000000  -0.00000000    -0.02166505   0.00000000
    2    4
 -0.10365155  -0.00000000     0.10871853   0.00000000     0.10871853   0.00000000
  0.00490031   0.00000000     0.00844402   0.00000000     0.02130854   0.00000000
  0.00490031   0.00000000     0.02130854   0.00000000     0.00844402   0.00000000
    2    5
  0.10670820  -0.00000000    -0.11086024   0.00000000    -0.11086024   0.00000000
 -0.00706500   0.00000000    -0.00690699   0.00000000    -0.02288015   0.00000000
 -0.00706500   0.00000000    -0.02288015   0.00000000    -0.00690699   0.00000000
    2    6
  0.10365155   0.00000000    -0.10871853  -0.00000000     0.10871853   0.00000000
 -0.00490031  -0.00000000    -0.00844402  -0.00000000     0.02130854   0.00000000
  0.00490031   0.00000000     0.02130854   0.00000000    -0.00844402  -0.00000000
    2    7
 -0.10670820   0.00000000     0.11086024  -0.00000000    -0.11086024   0.00000000
  0.00706500  -0.00000000     0.00690699  -0.00000000    -0.02288015   0.00000000
 -0.00706500   0.00000000    -0.02288015   0.00000000     0.00690699  -0.00000000
    2    8
  0.10365155   0.00000000     0.10871853   0.00000000    -0.10871853  -0.00000000
  0.00490031   0.00000000    -0.00844402  -0.00000000     0.02130854   0.00000000
 -0.00490031  -0.00000000     0.02130854   0.00000000    -0.00844402  -0.00000000
    2    9
 -0.10670820   0.00000000    -0.11086024   0.00000000     0.11086024  -0.00000000
 -0.00706500   0.00000000     0.00690699  -0.00000000    -0.02288015   0.00000000
  0.00706500  -0.00000000    -0.02288015   0.00000000     0.00690699  -0.00000000
    2   10
 -0.10365155  -0.00000000    -0.10871853  -0.00000000    -0.10871853  -0.00000000
 -0.00490031  -0.00000000     0.00844402   0.00000000     0.02130854   0.00000000
 -0.00490031  -0.00000000     0.02130854   0.00000000     0.00844402   0.00000000
    2   11
  0.10670820  -0.00000000     0.11086024  -0.00000000     0.11086024  -0.00000000
  0.00706500  -0.00000000    -0.00690699   0.00000000    -0.02288015   0.00000000
  0.00706500  -0.00000000    -0.02288015   0.00000000    -0.00690699   0.00000000
    3    1
 -0.00000000  -0.00000000     0.00000000   0.00000000     0.00000000   0.00000000
 -0.00000000   0.00000000     0.00000000  -0.00000000    -0.00034204  -0.00000000
  0.00000000   0.00000000    -0.00034204  -0.00000000     0.00000000  -0.00000000
    3    2
 -0.26524222  -0.00000000    -0.00000000   0.00000000     0.00000000   0.00000000
  0.00000000  -0.00000000    -0.02166505  -0.00000000     0.00000000   0.00000000
 -0.00000000   0.00000000     0.00000000   0.00000000    -0.02166505  -0.00000000
    3    3
  0.27549634   0.00000000     0.00000000   0.00000000    -0.00000000   0.00000000
 -0.00000000   0.00000000     0.02729105   0.00000000    -0.00000000   0.00000000
 -0.00000000   0.00000000    -0.00000000   0.00000000     0.02729105   0.00000000
    3    4
  0.10670820   0.00000000    -0.11086024  -0.00000000    -0.11086024  -0.00000000
 -0.00706500  -0.00000000    -0.00690699  -0.00000000    -0.02288015  -0.00000000
 -0.00706500  -0.00000000    -0.02288015  -0.00000000    -0.00690699  -0.00000000
    3    5
 -0.10365155   0.00000000     0.10871853  -0.00000000     0.10871853  -0.00000000
  0.00490031  -0.00000000     0.00844402  -0.00000000     0.02130854  -0.00000000
  0.00490031  -0.00000000     0.02130854  -0.00000000     0.00844402  -0.00000000
    3    6
 -0.10670820  -0.00000000     0.11086024   0.00000000    -0.11086024  -0.00000000
  0.00706500   0.00000000     0.00690699   0.00000000    -0.02288015  -0.00000000
 -0.00706500  -0.00000000    -0.02288015  -0.00000000     0.00690699   0.00000000
    3    7
  0.10365155  -0.00000000    -0.10871853   0.00000000     0.10871853  -0.00000000
 -0.00490031   0.00000000    -0.00844402   0.00000000     0.02130854  -0.00000000
  0.00490031  -0.00000000     0.02130854  -0.00000000    -0.00844402   0.00000000
    3    8
 -0.10670820  -0.00000000    -0.11086024  -0.00000000     0.11086024   0.00000000
 -0.00706500  -0.00000000     0.00690699   0.00000000    -0.02288015  -0.00000000
  0.00706500   0.00000000    -0.02288015  -0.00000000     0.00690699   0.00000000
    3    9
  0.10365155  -0.00000000     0.10871853  -0.00000000    -0.10871853   0.00000000
  0.00490031  -0.00000000    -0.00844402   0.00000000     0.02130854  -0.00000000
 -0.00490031   0.00000000     0.02130854  -0.00000000    -0.00844402   0.00000000
    3   10
  0.10670820   0.00000000     0.11086024   0.00000000     0.11086024   0.00000000
  0.00706500   0.00000000    -0.00690699  -0.00000000    -0.02288015  -0.00000000
  0.00706500   0.00000000    -0.02288015  -0.00000000    -0.00690699  -0.00000000
    3   11
 -0.10365155   0.00000000    -0.10871853   0.00000000    -0.10871853   0.00000000
 -0.00490031   0.00000000     0.00844402  -0.00000000     0.02130854  -0.00000000
 -0.00490031   0.00000000     0.02130854  -0.00000000     0.00844402  -0.00000000
    4    1
 -0.03466535   0.00000000     0.00216578  -0.00000000     0.00216578  -0.00000000
  0.01844564  -0.00000000     0.01403378  -0.00000000    -0.00955080   0.00000000
  0.01844564  -0.00000000    -0.00955080   0.00000000     0.01403378  -0.00000000
    4    2
 -0.10365155   0.00000000     0.00490031  -0.00000000     0.00490031  -0.00000000
  0.10871853  -0.00000000     0.00844402  -0.00000000     0.02130854  -0.00000000
  0.10871853  -0.00000000     0.02130854  -0.00000000     0.00844402  -0.00000000
    4    3
  0.10670820  -0.00000000    -0.00706500   0.00000000    -0.00706500   0.00000000
 -0.11086024   0.00000000    -0.00690699   0.00000000    -0.02288015   0.00000000
 -0.11086024   0.00000000    -0.02288015   0.00000000    -0.00690699   0.00000000
    4    4
  0.15226657   0.00000000    -0.07193970   0.00000000    -0.07193970   0.00000000
 -0.07193970   0.00000000     0.14826772   0.00000000     0.08024758   0.00000000
 -0.07193970   0.00000000     0.08024758   0.00000000     0.14826772   0.00000000
    4    5
 -0.12675822   0.00000000     0.05773806  -0.00000000     0.05773806  -0.00000000
  0.05773806  -0.00000000    -0.10186053   0.00000000    -0.09961567   0.00000000
  0.05773806  -0.00000000    -0.09961567   0.00000000    -0.10186053   0.00000000
    4    6
 -0.07810858  -0.00000000     0.07355526   0.00000000    -0.06525162  -0.00000000
  0.07355526   0.00000000    -0.01262530  -0.00000000     0.01961026   0.00000000
  0.06525162   0.00000000    -0.01961026  -0.00000000     0.06144164   0.00000000
    4    7
  0.08590348  -0.00000000    -0.07934133   0.00000000     0.07245184  -0.00000000
 -0.07934133   0.00000000     0.02421544  -0.00000000    -0.02386928   0.00000000
 -0.07245184   0.00000000     0.02386928  -0.00000000    -0.07254153   0.00000000
    4    8
 -0.07810858  -0.00000000    -0.06525162  -0.00000000     0.07355526   0.00000000
  0.06525162   0.00000000     0.06144164   0.00000000    -0.01961026  -0.00000000
  0.07355526   0.00000000     0.01961026   0.00000000    -0.01262530  -0.00000000
    4    9
  0.08590348  -0.00000000     0.07245184  -0.00000000    -0.07934133   0.00000000
 -0.07245184   0.00000000    -0.07254153   0.00000000     0.02386928  -0.00000000
 -0.07934133   0.00000000    -0.02386928   0.00000000     0.02421544  -0.00000000
    4   10
  0.13292068   0.00000000     0.08112323   0.00000000     0.08112323   0.00000000
 -0.08112323   0.00000000    -0.07725876   0.00000000    -0.04752719   0.00000000
 -0.08112323   0.00000000    -0.04752719   0.00000000    -0.07725876   0.00000000
    4   11
 -0.13317652   0.00000000    -0.07895367   0.00000000    -0.07895367   0.00000000
  0.07895367  -0.00000000     0.05179407  -0.00000000     0.06496267  -0.00000000
  0.07895367  -0.00000000     0.06496267  -0.00000000     0.05179407  -0.00000000
    5    1
 -0.03466535  -0.00000000     0.00216578   0.00000000     0.00216578   0.00000000
  0.01844564   0.00000000     0.01403378   0.00000000    -0.00955080  -0.00000000
  0.01844564   0.00000000    -0.00955080  -0.00000000     0.01403378   0.00000000
    5    2
  0.10670820   0.00000000    -0.00706500  -0.00000000    -0.00706500  -0.00000000
 -0.11086024  -0.00000000    -0.00690699  -0.00000000    -0.02288015  -0.00000000
 -0.11086024  -0.00000000    -0.02288015  -0.00000000    -0.00690699  -0.00000000
    5    3
 -0.10365155  -0.00000000     0.00490031   0.00000000     0.00490031   0.00000000
  0.10871853   0.00000000     0.00844402   0.00000000     0.02130854   0.00000000
  0.10871853   0.00000000     0.02130854   0.00000000     0.00844402   0.00000000
    5    4
 -0.12675822  -0.00000000     0.05773806   0.00000000     0.05773806   0.00000000
  0.05773806   0.00000000    -0.10186053  -0.00000000    -0.09961567  -0.00000000
  0.05773806   0.00000000    -0.09961567  -0.00000000    -0.10186053  -0.00000000
    5    5
  0.15226657   0.00000000    -0.07193970   0.00000000    -0.07193970   0.00000000
 -0.07193970   0.00000000     0.14826772   0.00000000     0.08024758   0.00000000
 -0.07193970   0.00000000     0.08024758   0.00000000     0.14826772   0.00000000
    5    6
  0.08590348   0.00000000    -0.07934133  -0.00000000     0.07245184   0.00000000
 -0.07934133  -0.00000000     0.02421544   0.00000000    -0.02386928  -0.00000000
 -0.07245184  -0.00000000     0.02386928   0.00000000    -0.07254153  -0.00000000
    5    7
 -0.07810858   0.00000000     0.07355526  -0.00000000    -0.06525162   0.00000000
  0.07355526  -0.00000000    -0.01262530   0.00000000     0.01961026  -0.00000000
  0.06525162  -0.00000000    -0.01961026   0.00000000     0.06144164  -0.00000000
    5    8
  0.08590348   0.00000000     0.07245184   0.00000000    -0.07934133  -0.00000000
 -0.07245184  -0.00000000    -0.07254153  -0.00000000     0.02386928   0.00000000
 -0.07934133  -0.00000000    -0.02386928  -0.00000000     0.02421544   0.00000000
    5    9
 -0.07810858   0.00000000    -0.06525162   0.00000000     0.07355526  -0.00000000
  0.06525162  -0.00000000     0.06144164  -0.00000000    -0.01961026   0.00000000
  0.07355526  -0.00000000     0.01961026  -0.00000000    -0.01262530   0.00000000
    5   10
 -0.13317652  -0.00000000    -0.07895367  -0.00000000    -0.07895367  -0.00000000
  0.07895367   0.00000000     0.05179407   0.00000000     0.06496267   0.00000000
  0.07895367   0.00000000     0.06496267   0.00000000     0.05179407   0.00000000
    5   11
  0.13292068   0.00000000     0.08112323   0.00000000     0.08112323   0.00000000
 -0.08112323   0.00000000    -0.07725876   0.00000000    -0.04752719   0.00000000
 -0.08112323   0.00000000    -0.04752719   0.00000000    -0.07725876   0.00000000
    6    1
 -0.03466535   0.00000000     0.00216578  -0.00000000    -0.00216578   0.00000000
  0.01844564  -0.00000000     0.01403378  -0.00000000     0.00955080  -0.00000000
 -0.01844564   0.00000000     0.00955080  -0.00000000     0.01403378  -0.00000000
    6    2
  0.10365155  -0.00000000    -0.00490031   0.00000000     0.00490031  -0.00000000
 -0.10871853   0.00000000    -0.00844402   0.00000000     0.02130854  -0.00000000
  0.10871853  -0.00000000     0.02130854  -0.00000000    -0.00844402   0.00000000
    6    3
 -0.10670820   0.00000000     0.00706500  -0.00000000    -0.00706500   0.00000000
  0.11086024  -0.00000000     0.00690699  -0.00000000    -0.02288015   0.00000000
 -0.11086024   0.00000000    -0.02288015   0.00000000     0.00690699  -0.00000000
    6    4
 -0.07810858   0.00000000     0.07355526  -0.00000000     0.06525162  -0.00000000
  0.07355526  -0.00000000    -0.01262530   0.00000000    -0.01961026   0.00000000
 -0.06525162   0.00000000     0.01961026  -0.00000000     0.06144164  -0.00000000
    6    5
  0.08590348  -0.00000000    -0.07934133   0.00000000    -0.07245184   0.00000000
 -0.07934133   0.00000000     0.02421544  -0.00000000     0.02386928  -0.00000000
  0.07245184  -0.00000000    -0.02386928   0.00000000    -0.07254153   0.00000000
    6    6
  0.15226657   0.00000000    -0.07193970   0.00000000     0.07193970   0.00000000
 -0.07193970   0.00000000     0.14826772   0.00000000    -0.08024758   0.00000000
  0.07193970   0.00000000    -0.08024758   0.00000000     0.14826772   0.00000000
    6    7
 -0.12675822   0.00000000     0.05773806  -0.00000000    -0.05773806   0.00000000
  0.05773806  -0.00000000    -0.10186053   0.00000000     0.09961567  -0.00000000
 -0.05773806   0.00000000     0.09961567  -0.00000000    -0.10186053   0.00000000
    6    8
  0.13292068   0.00000000     0.08112323  -0.00000000    -0.08112323   0.00000000
 -0.08112323  -0.00000000    -0.07725876   0.00000000     0.04752719   0.00000000
  0.08112323   0.00000000     0.04752719   0.00000000    -0.07725876   0.00000000
    6    9
 -0.13317652   0.00000000    -0.07895367   0.00000000     0.07895367  -0.00000000
  0.07895367  -0.00000000     0.05179407  -0.00000000    -0.06496267   0.00000000
 -0.07895367   0.00000000    -0.06496267   0.00000000     0.05179407  -0.00000000
    6   10
 -0.07810858   0.00000000    -0.06525162   0.00000000    -0.07355526   0.00000000
  0.06525162  -0.00000000     0.06144164  -0.00000000     0.01961026  -0.00000000
 -0.07355526   0.00000000    -0.01961026   0.00000000    -0.01262530   0.00000000
    6   11
  0.08590348  -0.00000000     0.07245184  -0.00000000     0.07934133  -0.00000000
 -0.07245184   0.00000000    -0.07254153   0.00000000    -0.02386928   0.00000000
  0.07934133  -0.00000000     0.02386928  -0.00000000     0.02421544  -0.00000000
    7    1
 -0.03466535  -0.00000000     0.00216578   0.00000000    -0.00216578  -0.00000000
  0.01844564   0.00000000     0.01403378   0.00000000     0.00955080   0.00000000
 -0.01844564  -0.00000000     0.00955080   0.00000000     0.01403378   0.00000000
    7    2
 -0.10670820  -0.00000000     0.00706500   0.00000000    -0.00706500  -0.00000000
  0.11086024   0.00000000     0.00690699   0.00000000    -0.02288015  -0.00000000
 -0.11086024  -0.00000000    -0.02288015  -0.00000000     0.00690699   0.00000000
    7    3
  0.10365155   0.00000000    -0.00490031  -0.00000000     0.00490031   0.00000000
 -0.10871853  -0.00000000    -0.00844402  -0.00000000     0.02130854   0.00000000
  0.10871853   0.00000000     0.02130854   0.00000000    -0.00844402  -0.00000000
    7    4
  0.08590348   0.00000000    -0.07934133  -0.00000000    -0.07245184  -0.00000000
 -0.07934133  -0.00000000     0.02421544   0.00000000     0.02386928   0.00000000
  0.07245184   0.00000000    -0.02386928  -0.00000000    -0.07254153  -0.00000000
    7    5
 -0.07810858  -0.00000000     0.07355526   0.00000000     0.06525162   0.00000000
  0.07355526   0.00000000    -0.01262530  -0.00000000    -0.01961026  -0.00000000
 -0.06525162  -0.00000000     0.01961026   0.00000000     0.06144164   0.00000000
    7    6
 -0.12675822  -0.00000000     0.05773806   0.00000000    -0.05773806  -0.00000000
  0.05773806   0.00000000    -0.10186053  -0.00000000     0.09961567   0.00000000
 -0.05773806  -0.00000000     0.09961567   0.00000000    -0.10186053  -0.00000000
    7    7
  0.15226657   0.00000000    -0.07193970   0.00000000     0.07193970   0.00000000
 -0.07193970   0.00000000     0.14826772   0.00000000    -0.08024758   0.00000000
  0.07193970   0.00000000    -0.08024758   0.00000000     0.14826772   0.00000000
    7    8
 -0.13317652  -0.00000000    -0.07895367  -0.00000000     0.07895367   0.00000000
  0.07895367   0.00000000     0.05179407   0.00000000    -0.06496267  -0.00000000
 -0.07895367  -0.00000000    -0.06496267  -0.00000000     0.05179407   0.00000000
    7    9
  0.13292068  -0.00000000     0.08112323   0.00000000    -0.08112323  -0.00000000
 -0.08112323   0.00000000    -0.07725876  -0.00000000     0.04752719  -0.00000000
  0.08112323  -0.00000000     0.04752719  -0.00000000    -0.07725876  -0.00000000
    7   10
  0.08590348   0.00000000     0.07245184   0.00000000     0.07934133   0.00000000
 -0.07245184  -0.00000000    -0.07254153  -0.00000000    -0.02386928  -0.00000000
  0.07934133   0.00000000     0.02386928   0.00000000     0.02421544   0.00000000
    7   11
 -0.07810858  -0.00000000    -0.06525162  -0.00000000    -0.07355526  -0.00000000
  0.06525162   0.00000000     0.06144164   0.00000000     0.01961026   0.00000000
 -0.07355526  -0.00000000    -0.01961026  -0.00000000    -0.01262530  -0.00000000
    8    1
 -0.03466535   0.00000000    -0.00216578   0.00000000     0.00216578  -0.00000000
 -0.01844564   0.00000000     0.01403378  -0.00000000     0.00955080  -0.00000000
  0.01844564  -0.00000000     0.00955080  -0.00000000     0.01403378  -0.00000000
    8    2
  0.10365155  -0.00000000     0.00490031  -0.00000000    -0.00490031   0.00000000
  0.10871853  -0.00000000    -0.00844402   0.00000000     0.02130854  -0.00000000
 -0.10871853   0.00000000     0.02130854  -0.00000000    -0.00844402   0.00000000
    8    3
 -0.10670820   0.00000000    -0.00706500   0.00000000     0.00706500  -0.00000000
 -0.11086024   0.00000000     0.00690699  -0.00000000    -0.02288015   0.00000000
  0.11086024  -0.00000000    -0.02288015   0.00000000     0.00690699  -0.00000000
    8    4
 -0.07810858   0.00000000     0.06525162  -0.00000000     0.07355526  -0.00000000
 -0.06525162   0.00000000     0.06144164  -0.00000000     0.01961026  -0.00000000
  0.07355526  -0.00000000    -0.01961026   0.00000000    -0.01262530   0.00000000
    8    5
  0.08590348  -0.00000000    -0.07245184   0.00000000    -0.07934133   0.00000000
  0.07245184  -0.00000000    -0.07254153   0.00000000    -0.02386928   0.00000000
 -0.07934133   0.00000000     0.02386928  -0.00000000     0.02421544  -0.00000000
    8    6
  0.13292068   0.00000000    -0.08112323   0.00000000     0.08112323  -0.00000000
  0.08112323   0.00000000    -0.07725876   0.00000000     0.04752719   0.00000000
 -0.08112323  -0.00000000     0.04752719   0.00000000    -0.07725876   0.00000000
    8    7
 -0.13317652   0.00000000     0.07895367  -0.00000000    -0.07895367   0.00000000
 -0.07895367   0.00000000     0.05179407  -0.00000000    -0.06496267   0.00000000
  0.07895367  -0.00000000    -0.06496267   0.00000000     0.05179407  -0.00000000
    8    8
  0.15226657   0.00000000     0.07193970   0.00000000    -0.07193970   0.00000000
  0.07193970   0.00000000     0.14826772   0.00000000    -0.08024758   0.00000000
 -0.07193970   0.00000000    -0.08024758   0.00000000     0.14826772   0.00000000
    8    9
 -0.12675822   0.00000000    -0.05773806   0.00000000     0.05773806  -0.00000000
 -0.05773806   0.00000000    -0.10186053   0.00000000     0.09961567  -0.00000000
  0.05773806  -0.00000000     0.09961567  -0.00000000    -0.10186053   0.00000000
    8   10
 -0.07810858   0.00000000    -0.07355526   0.00000000    -0.06525162   0.00000000
 -0.07355526   0.00000000    -0.01262530   0.00000000    -0.01961026   0.00000000
  0.06525162  -0.00000000     0.01961026  -0.00000000     0.06144164  -0.00000000
    8   11
  0.08590348  -0.00000000     0.07934133  -0.00000000     0.07245184  -0.00000000
  0.07934133  -0.00000000     0.02421544  -0.00000000     0.02386928  -0.00000000
 -0.07245184   0.00000000    -0.02386928   0.00000000    -0.07254153   0.00000000
    9    1
 -0.03466535  -0.00000000    -0.00216578  -0.00000000     0.00216578   0.00000000
 -0.01844564  -0.00000000     0.01403378   0.00000000     0.00955080   0.00000000
  0.01844564   0.00000000     0.00955080   0.00000000     0.01403378   0.00000000
    9    2
 -0.10670820  -0.00000000    -0.00706500  -0.00000000     0.00706500   0.00000000
 -0.11086024  -0.00000000     0.00690699   0.00000000    -0.02288015  -0.00000000
  0.11086024   0.00000000    -0.02288015  -0.00000000     0.00690699   0.00000000
    9    3
  0.10365155   0.00000000     0.00490031   0.00000000    -0.00490031  -0.00000000
  0.10871853   0.00000000    -0.00844402  -0.00000000     0.02130854   0.00000000
 -0.10871853  -0.00000000     0.02130854   0.00000000    -0.00844402  -0.00000000
    9    4
  0.08590348   0.00000000    -0.07245184  -0.00000000    -0.07934133  -0.00000000
  0.07245184   0.00000000    -0.07254153  -0.00000000    -0.02386928  -0.00000000
 -0.07934133  -0.00000000     0.02386928   0.00000000     0.02421544   0.00000000
    9    5
 -0.07810858  -0.00000000     0.06525162   0.00000000     0.07355526   0.00000000
 -0.06525162  -0.00000000     0.06144164   0.00000000     0.01961026   0.00000000
  0.07355526   0.00000000    -0.01961026  -0.00000000    -0.01262530  -0.00000000
    9    6
 -0.13317652  -0.00000000     0.07895367   0.00000000    -0.07895367  -0.00000000
 -0.07895367  -0.00000000     0.05179407   0.00000000    -0.06496267  -0.00000000
  0.07895367   0.00000000    -0.06496267  -0.00000000     0.05179407   0.00000000
    9    7
  0.13292068  -0.00000000    -0.08112323  -0.00000000     0.08112323   0.00000000
  0.08112323  -0.00000000    -0.07725876  -0.00000000     0.04752719  -0.00000000
 -0.08112323   0.00000000     0.04752719  -0.00000000    -0.07725876  -0.00000000
    9    8
 -0.12675822  -0.00000000    -0.05773806  -0.00000000     0.05773806   0.00000000
 -0.05773806  -0.00000000    -0.10186053  -0.00000000     0.09961567   0.00000000
  0.05773806   0.00000000     0.09961567   0.00000000    -0.10186053  -0.00000000
    9    9
  0.15226657   0.00000000     0.07193970   0.00000000    -0.07193970   0.00000000
  0.07193970   0.00000000     0.14826772   0.00000000    -0.08024758   0.00000000
 -0.07193970   0.00000000    -0.08024758   0.00000000     0.14826772   0.00000000
    9   10
  0.08590348   0.00000000     0.07934133   0.00000000     0.07245184   0.00000000
  0.07934133   0.00000000     0.02421544   0.00000000     0.02386928   0.00000000
 -0.07245184  -0.00000000    -0.02386928  -0.00000000    -0.07254153  -0.00000000
    9   11
 -0.07810858  -0.00000000    -0.07355526  -0.00000000    -0.06525162  -0.00000000
 -0.07355526  -0.00000000    -0.01262530  -0.00000000    -0.01961026  -0.00000000
  0.06525162   0.00000000     0.01961026   0.00000000     0.06144164   0.00000000
   10    1
 -0.03466535   0.00000000    -0.00216578   0.00000000    -0.00216578   0.00000000
 -0.01844564   0.00000000     0.01403378  -0.00000000    -0.00955080   0.00000000
 -0.01844564   0.00000000    -0.00955080   0.00000000     0.01403378  -0.00000000
   10    2
 -0.10365155   0.00000000    -0.00490031   0.00000000    -0.00490031   0.00000000
 -0.10871853   0.00000000     0.00844402  -0.00000000     0.02130854  -0.00000000
 -0.10871853   0.00000000     0.02130854  -0.00000000     0.00844402  -0.00000000
   10    3
  0.10670820  -0.00000000     0.00706500  -0.00000000     0.00706500  -0.00000000
  0.11086024  -0.00000000    -0.00690699   0.00000000    -0.02288015   0.00000000
  0.11086024  -0.00000000    -0.02288015   0.00000000    -0.00690699   0.00000000
   10    4
  0.13292068   0.00000000    -0.08112323   0.00000000    -0.08112323   0.00000000
  0.08112323   0.00000000    -0.07725876   0.00000000    -0.04752719   0.00000000
  0.08112323   0.00000000    -0.04752719   0.00000000    -0.07725876   0.00000000
   10    5
 -0.13317652   0.00000000     0.07895367  -0.00000000     0.07895367  -0.00000000
 -0.07895367   0.00000000     0.05179407  -0.00000000     0.06496267  -0.00000000
 -0.07895367   0.00000000     0.06496267  -0.00000000     0.05179407  -0.00000000
   10    6
 -0.07810858  -0.00000000     0.06525162   0.00000000    -0.07355526  -0.00000000
 -0.06525162  -0.00000000     0.06144164   0.00000000    -0.01961026  -0.00000000
 -0.07355526  -0.00000000     0.01961026   0.00000000    -0.01262530  -0.00000000
   10    7
  0.08590348  -0.00000000    -0.07245184   0.00000000     0.07934133  -0.00000000
  0.07245184  -0.00000000    -0.07254153   0.00000000     0.02386928  -0.00000000
  0.07934133  -0.00000000    -0.02386928   0.00000000     0.02421544  -0.00000000
   10    8
 -0.07810858  -0.00000000    -0.07355526  -0.00000000     0.06525162   0.00000000
 -0.07355526  -0.00000000    -0.01262530  -0.00000000     0.01961026   0.00000000
 -0.06525162  -0.00000000    -0.01961026  -0.00000000     0.06144164   0.00000000
   10    9
  0.08590348  -0.00000000     0.07934133  -0.00000000    -0.07245184   0.00000000
  0.07934133  -0.00000000     0.02421544  -0.00000000    -0.02386928   0.00000000
  0.07245184  -0.00000000     0.02386928  -0.00000000    -0.07254153   0.00000000
   10   10
  0.15226657   0.00000000     0.07193970   0.00000000     0.07193970   0.00000000
  0.07193970   0.00000000     0.14826772   0.00000000     0.08024758   0.00000000
  0.07193970   0.00000000     0.08024758   0.00000000     0.14826772   0.00000000
   10   11
 -0.12675822   0.00000000    -0.05773806   0.00000000    -0.05773806   0.00000000
 -0.05773806   0.00000000    -0.10186053   0.00000000    -0.09961567   0.00000000
 -0.05773806   0.00000000    -0.09961567   0.00000000    -0.10186053   0.00000000
   11    1
 -0.03466535  -0.00000000    -0.00216578  -0.00000000    -0.00216578  -0.00000000
 -0.01844564  -0.00000000     0.01403378   0.00000000    -0.00955080  -0.00000000
 -0.01844564  -0.00000000    -0.00955080  -0.00000000     0.01403378   0.00000000
   11    2
  0.10670820   0.00000000     0.00706500   0.00000000     0.00706500   0.00000000
  0.11086024   0.00000000    -0.00690699  -0.00000000    -0.02288015  -0.00000000
  0.11086024   0.00000000    -0.02288015  -0.00000000    -0.00690699  -0.00000000
   11    3
 -0.10365155  -0.00000000    -0.00490031  -0.00000000    -0.00490031  -0.00000000
 -0.10871853  -0.00000000     0.00844402   0.00000000     0.02130854   0.00000000
 -0.10871853  -0.00000000     0.02130854   0.00000000     0.00844402   0.00000000
   11    4
 -0.13317652  -0.00000000     0.07895367   0.00000000     0.07895367   0.00000000
 -0.07895367  -0.00000000     0.05179407   0.00000000     0.06496267   0.00000000
 -0.07895367  -0.00000000     0.06496267   0.00000000     0.05179407   0.00000000
   11    5
  0.13292068   0.00000000    -0.08112323   0.00000000    -0.08112323   0.00000000
  0.08112323   0.00000000    -0.07725876   0.00000000    -0.04752719   0.00000000
  0.08112323   0.00000000    -0.04752719   0.00000000    -0.07725876   0.00000000
   11    6
  0.08590348   0.00000000    -0.07245184  -0.00000000     0.07934133   0.00000000
  0.07245184   0.00000000    -0.07254153  -0.00000000     0.02386928   0.00000000
  0.07934133   0.00000000    -0.02386928  -0.00000000     0.02421544   0.00000000
   11    7
 -0.07810858   0.00000000     0.06525162  -0.00000000    -0.07355526   0.00000000
 -0.06525162   0.00000000     0.06144164  -0.00000000    -0.01961026   0.00000000
 -0.07355526   0.00000000     0.01961026  -0.00000000    -0.01262530   0.00000000
   11    8
  0.08590348   0.00000000     0.07934133   0.00000000    -0.07245184  -0.00000000
  0.07934133   0.00000000     0.02421544   0.00000000    -0.02386928  -0.00000000
  0.07245184   0.00000000     0.02386928   0.00000000    -0.07254153  -0.00000000
   11    9
 -0.07810858   0.00000000    -0.07355526   0.00000000     0.06525162  -0.00000000
 -0.07355526   0.00000000    -0.01262530   0.00000000     0.01961026  -0.00000000
 -0.06525162   0.00000000    -0.01961026   0.00000000     0.06144164  -0.00000000
   11   10
 -0.12675822  -0.00000000    -0.05773806  -0.00000000    -0.05773806  -0.00000000
 -0.05773806  -0.00000000    -0.10186053  -0.00000000    -0.09961567  -0.00000000
 -0.05773806  -0.00000000    -0.09961567  -0.00000000    -0.10186053  -0.00000000
   11   11
  0.15226657   0.00000000     0.07193970   0.00000000     0.07193970   0.00000000
  0.07193970   0.00000000     0.14826772   0.00000000     0.08024758   0.00000000
  0.07193970   0.00000000     0.08024758   0.00000000     0.14826772   0.00000000

     Dynamical  Matrix in cartesian axes

     q = (    0.000000000   0.000000000  -0.707106781 ) 

    1    1
  0.24690828   0.00000000     0.00000000   0.00000000    -0.00000000   0.00000000
  0.00000000   0.00000000     0.24690828   0.00000000     0.00000000   0.00000000
 -0.00000000   0.00000000     0.00000000   0.00000000     0.31295608   0.00000000
    1    2
  0.00000000  -0.00000000    -0.00034204   0.00000000    -0.00000000  -0.00000000
 -0.00034204   0.00000000     0.00000000  -0.00000000     0.00000000   0.00000000
 -0.00000000   0.00000000     0.00000000   0.00000000     0.00000000  -0.00000000
    1    3
 -0.00000000   0.00000000    -0.00034204   0.00000000     0.00000000  -0.00000000
 -0.00034204   0.00000000    -0.00000000   0.00000000    -0.00000000   0.00000000
 -0.00000000  -0.00000000     0.00000000   0.00000000    -0.00000000   0.00000000
    1    4
  0.01403378   0.00000000    -0.00955080  -0.00000000     0.00216578   0.00000000
 -0.00955080  -0.00000000     0.01403378   0.00000000     0.00216578   0.00000000
  0.01844564   0.00000000     0.01844564   0.00000000    -0.03466535  -0.00000000
    1    5
  0.01403378  -0.00000000    -0.00955080   0.00000000     0.00216578  -0.00000000
 -0.00955080   0.00000000     0.01403378  -0.00000000     0.00216578  -0.00000000
  0.01844564  -0.00000000     0.01844564  -0.00000000    -0.03466535   0.00000000
    1    6
  0.01403378   0.00000000    -0.00955080  -0.00000000    -0.00216578  -0.00000000
 -0.00955080  -0.00000000     0.01403378   0.00000000    -0.00216578  -0.00000000
 -0.01844564  -0.00000000    -0.01844564  -0.00000000    -0.03466535  -0.00000000
    1    7
  0.01403378  -0.00000000    -0.00955080   0.00000000    -0.00216578   0.00000000
 -0.00955080   0.00000000     0.01403378  -0.00000000    -0.00216578   0.00000000
 -0.01844564   0.00000000    -0.01844564   0.00000000    -0.03466535   0.00000000
    1    8
  0.01403378   0.00000000     0.00955080   0.00000000     0.00216578   0.00000000
  0.00955080   0.00000000     0.01403378   0.00000000    -0.00216578  -0.00000000
  0.01844564   0.00000000    -0.01844564  -0.00000000    -0.03466535  -0.00000000
    1    9
  0.01403378  -0.00000000     0.00955080  -0.00000000     0.00216578  -0.00000000
  0.00955080  -0.00000000     0.01403378  -0.00000000    -0.00216578   0.00000000
  0.01844564  -0.00000000    -0.01844564   0.00000000    -0.03466535   0.00000000
    1   10
  0.01403378   0.00000000     0.00955080   0.00000000    -0.00216578  -0.00000000
  0.00955080   0.00000000     0.01403378   0.00000000     0.00216578   0.00000000
 -0.01844564  -0.00000000     0.01844564   0.00000000    -0.03466535  -0.00000000
    1   11
  0.01403378  -0.00000000     0.00955080  -0.00000000    -0.00216578   0.00000000
  0.00955080  -0.00000000     0.01403378  -0.00000000     0.00216578  -0.00000000
 -0.01844564   0.00000000     0.01844564  -0.00000000    -0.03466535   0.00000000
    2    1
  0.00000000   0.00000000    -0.00034204  -0.00000000     0.00000000   0.00000000
 -0.00034204  -0.00000000     0.00000000   0.00000000    -0.00000000   0.00000000
  0.00000000   0.00000000     0.00000000   0.00000000    -0.00000000   0.00000000
    2    2
  0.02729105   0.00000000    -0.00000000   0.00000000     0.00000000   0.00000000
 -0.00000000   0.00000000     0.02729105   0.00000000    -0.00000000   0.00000000
  0.00000000   0.00000000     0.00000000   0.00000000     0.27549634   0.00000000
    2    3
 -0.02166505   0.00000000     0.00000000  -0.00000000     0.00000000   0.00000000
  0.00000000  -0.00000000    -0.02166505   0.00000000    -0.00000000  -0.00000000
 -0.00000000  -0.00000000    -0.00000000   0.00000000    -0.26524222   0.00000000
    2    4
  0.00844402   0.00000000     0.02130854   0.00000000     0.00490031   0.00000000
  0.02130854   0.00000000     0.00844402   0.00000000     0.00490031   0.00000000
  0.10871853   0.00000000     0.10871853   0.00000000    -0.10365155  -0.00000000
    2    5
 -0.00690699   0.00000000    -0.02288015   0.00000000    -0.00706500   0.00000000
 -0.02288015   0.00000000    -0.00690699   0.00000000    -0.00706500   0.00000000
 -0.11086024   0.00000000    -0.11086024   0.00000000     0.10670820  -0.00000000
    2    6
  0.00844402   0.00000000     0.02130854   0.00000000    -0.00490031  -0.00000000
  0.02130854   0.00000000     0.00844402   0.00000000    -0.00490031  -0.00000000
 -0.10871853  -0.00000000    -0.10871853  -0.00000000    -0.10365155  -0.00000000
    2    7
 -0.00690699   0.00000000    -0.02288015   0.00000000     0.00706500  -0.00000000
 -0.02288015   0.00000000    -0.00690699   0.00000000     0.00706500  -0.00000000
  0.11086024  -0.00000000     0.11086024  -0.00000000     0.10670820  -0.00000000
    2    8
 -0.00844402  -0.00000000     0.02130854   0.00000000    -0.00490031  -0.00000000
  0.02130854   0.00000000    -0.00844402  -0.00000000     0.00490031   0.00000000
 -0.10871853  -0.00000000     0.10871853   0.00000000     0.10365155   0.00000000
    2    9
  0.00690699  -0.00000000    -0.02288015   0.00000000     0.00706500  -0.00000000
 -0.02288015   0.00000000     0.00690699  -0.00000000    -0.00706500   0.00000000
  0.11086024  -0.00000000    -0.11086024   0.00000000    -0.10670820   0.00000000
    2   10
 -0.00844402  -0.00000000     0.02130854   0.00000000     0.00490031   0.00000000
  0.02130854   0.00000000    -0.00844402  -0.00000000    -0.00490031  -0.00000000
  0.10871853   0.00000000    -0.10871853  -0.00000000     0.10365155   0.00000000
    2   11
  0.00690699  -0.00000000    -0.02288015   0.00000000    -0.00706500   0.00000000
 -0.02288015   0.00000000     0.00690699  -0.00000000     0.00706500  -0.00000000
 -0.11086024   0.00000000     0.11086024  -0.00000000    -0.10670820   0.00000000
    3    1
  0.00000000  -0.00000000    -0.00034204  -0.00000000    -0.00000000   0.00000000
 -0.00034204  -0.00000000     0.00000000  -0.00000000     0.00000000  -0.00000000
  0.00000000   0.00000000     0.00000000  -0.00000000    -0.00000000  -0.00000000
    3    2
 -0.02166505  -0.00000000     0.00000000   0.00000000    -0.00000000   0.00000000
  0.00000000   0.00000000    -0.02166505  -0.00000000     0.00000000  -0.00000000
  0.00000000  -0.00000000    -0.00000000   0.00000000    -0.26524222  -0.00000000
    3    3
  0.02729105   0.00000000    -0.00000000   0.00000000     0.00000000   0.00000000
 -0.00000000   0.00000000     0.02729105   0.00000000    -0.00000000   0.00000000
  0.00000000   0.00000000    -0.00000000   0.00000000     0.27549634   0.00000000
    3    4
 -0.00690699  -0.00000000    -0.02288015  -0.00000000    -0.00706500  -0.00000000
 -0.02288015  -0.00000000    -0.00690699  -0.00000000    -0.00706500  -0.00000000
 -0.11086024  -0.00000000    -0.11086024  -0.00000000     0.10670820   0.00000000
    3    5
  0.00844402  -0.00000000     0.02130854  -0.00000000     0.00490031  -0.00000000
  0.02130854  -0.00000000     0.00844402  -0.00000000     0.00490031  -0.00000000
  0.10871853  -0.00000000     0.10871853  -0.00000000    -0.10365155   0.00000000
    3    6
 -0.00690699  -0.00000000    -0.02288015  -0.00000000     0.00706500   0.00000000
 -0.02288015  -0.00000000    -0.00690699  -0.00000000     0.00706500   0.00000000
  0.11086024   0.00000000     0.11086024   0.00000000     0.10670820   0.00000000
    3    7
  0.00844402  -0.00000000     0.02130854  -0.00000000    -0.00490031   0.00000000
  0.02130854  -0.00000000     0.00844402  -0.00000000    -0.00490031   0.00000000
 -0.10871853   0.00000000    -0.10871853   0.00000000    -0.10365155   0.00000000
    3    8
  0.00690699   0.00000000    -0.02288015  -0.00000000     0.00706500   0.00000000
 -0.02288015  -0.00000000     0.00690699   0.00000000    -0.00706500  -0.00000000
  0.11086024   0.00000000    -0.11086024  -0.00000000    -0.10670820  -0.00000000
    3    9
 -0.00844402   0.00000000     0.02130854  -0.00000000    -0.00490031   0.00000000
  0.02130854  -0.00000000    -0.00844402   0.00000000     0.00490031  -0.00000000
 -0.10871853   0.00000000     0.10871853  -0.00000000     0.10365155  -0.00000000
    3   10
  0.00690699   0.00000000    -0.02288015  -0.00000000    -0.00706500  -0.00000000
 -0.02288015  -0.00000000     0.00690699   0.00000000     0.00706500   0.00000000
 -0.11086024  -0.00000000     0.11086024   0.00000000    -0.10670820  -0.00000000
    3   11
 -0.00844402   0.00000000     0.02130854  -0.00000000     0.00490031  -0.00000000
  0.02130854  -0.00000000    -0.00844402   0.00000000    -0.00490031   0.00000000
  0.10871853  -0.00000000    -0.10871853   0.00000000     0.10365155  -0.00000000
    4    1
  0.01403378  -0.00000000    -0.00955080   0.00000000     0.01844564  -0.00000000
