  2.000000000000000E-002   1.50246893388671        5.69309982747422     
           8

     Dynamical  Matrix in cartesian axes

     q = (    0.117851130   0.117851130  -0.117851130 ) 

    1    1
  0.13501395   0.00000000     0.01992174   0.00000000    -0.01992174   0.00000000
  0.01992174   0.00000000     0.13501395   0.00000000    -0.01992174   0.00000000
 -0.01992174   0.00000000    -0.01992174   0.00000000     0.13501395   0.00000000
    1    2
 -0.01950581   0.00762558     0.01504274   0.00431088    -0.01504274  -0.00431088
  0.01504274   0.00431088    -0.01950581   0.00762558    -0.01504274  -0.00431088
 -0.01504274  -0.00431088    -0.01504274  -0.00431088    -0.01950581   0.00762558
    1    3
 -0.01635685   0.01307974     0.00378804  -0.01518284    -0.00378804   0.01518284
  0.00378804  -0.01518284    -0.01635685   0.01307974    -0.00378804   0.01518284
 -0.00378804   0.01518284    -0.00378804   0.01518284    -0.01635685   0.01307974
    1    4
  0.00679500   0.01120729     0.01194229  -0.00329504     0.00210319  -0.01414028
  0.01194229  -0.00329504     0.00679500   0.01120729     0.00210319  -0.01414028
  0.00660474  -0.01609779     0.00660474  -0.01609779    -0.01786508  -0.02613885
    1    5
 -0.00630830  -0.01148828     0.00882473  -0.00869481     0.01329743   0.00524872
  0.00882473  -0.00869481    -0.00630830  -0.01148828     0.01329743   0.00524872
  0.01724347   0.00232902     0.01724347   0.00232902     0.01370437   0.02854104
    1    6
 -0.01971787  -0.01702456     0.01068243   0.00904494    -0.01068243  -0.00904494
  0.01068243   0.00904494    -0.01971787  -0.01702456    -0.01068243  -0.00904494
 -0.01068243  -0.00904494    -0.01068243  -0.00904494    -0.01971787  -0.01702456
    1    7
  0.00488476   0.02558846    -0.00249193  -0.01377373     0.00249193   0.01377373
 -0.00249193  -0.01377373     0.00488476   0.02558846     0.00249193   0.01377373
  0.00249193   0.01377373     0.00249193   0.01377373     0.00488476   0.02558846
    1    8
 -0.01786508  -0.02613885    -0.00660474   0.01609779     0.00660474  -0.01609779
 -0.00210319   0.01414028     0.00679500   0.01120729    -0.01194229   0.00329504
  0.00210319  -0.01414028    -0.01194229   0.00329504     0.00679500   0.01120729
    1    9
  0.01370437   0.02854104    -0.01724347  -0.00232902     0.01724347   0.00232902
 -0.01329743  -0.00524872    -0.00630830  -0.01148828    -0.00882473   0.00869481
  0.01329743   0.00524872    -0.00882473   0.00869481    -0.00630830  -0.01148828
    1   10
  0.00679500   0.01120729    -0.00210319   0.01414028    -0.01194229   0.00329504
 -0.00660474   0.01609779    -0.01786508  -0.02613885     0.00660474  -0.01609779
 -0.01194229   0.00329504     0.00210319  -0.01414028     0.00679500   0.01120729
    1   11
 -0.00630830  -0.01148828    -0.01329743  -0.00524872    -0.00882473   0.00869481
 -0.01724347  -0.00232902     0.01370437   0.02854104     0.01724347   0.00232902
 -0.00882473   0.00869481     0.01329743   0.00524872    -0.00630830  -0.01148828
    2    1
 -0.01950581  -0.00762558     0.01504274  -0.00431088    -0.01504274   0.00431088
  0.01504274  -0.00431088    -0.01950581  -0.00762558    -0.01504274   0.00431088
 -0.01504274   0.00431088    -0.01504274   0.00431088    -0.01950581  -0.00762558
    2    2
  0.05166868  -0.00000000     0.00874366   0.00000000    -0.00874366  -0.00000000
  0.00874366   0.00000000     0.05166868  -0.00000000    -0.00874366  -0.00000000
 -0.00874366  -0.00000000    -0.00874366  -0.00000000     0.05166868  -0.00000000
    2    3
 -0.00194061   0.00493710     0.00081261   0.00278708    -0.00081261  -0.00278708
  0.00081261   0.00278708    -0.00194061   0.00493710    -0.00081261  -0.00278708
 -0.00081261  -0.00278708    -0.00081261  -0.00278708    -0.00194061   0.00493710
    2    4
  0.00774132   0.00003377    -0.00194158  -0.00189978    -0.00234806   0.00129289
 -0.00194158  -0.00189978     0.00774132   0.00003377    -0.00234806   0.00129289
 -0.00009549   0.00077504    -0.00009549   0.00077504     0.00930429   0.00777010
    2    5
 -0.01114225  -0.00133932    -0.00993244  -0.00094206    -0.01213822  -0.00350610
 -0.00993244  -0.00094206    -0.01114225  -0.00133932    -0.01213822  -0.00350610
 -0.01404210   0.00122006    -0.01404210   0.00122006    -0.00852611  -0.00761855
    2    6
  0.00696132   0.00202922     0.00210445  -0.00454731    -0.00210445   0.00454731
  0.00210445  -0.00454731     0.00696132   0.00202922    -0.00210445   0.00454731
 -0.00210445   0.00454731    -0.00210445   0.00454731     0.00696132   0.00202922
    2    7
 -0.01130906   0.00592693    -0.01189275   0.01687116     0.01189275  -0.01687116
 -0.01189275   0.01687116    -0.01130906   0.00592693     0.01189275  -0.01687116
  0.01189275  -0.01687116     0.01189275  -0.01687116    -0.01130906   0.00592693
    2    8
  0.00930429   0.00777010     0.00009549  -0.00077504    -0.00009549   0.00077504
  0.00234806  -0.00129289     0.00774132   0.00003377     0.00194158   0.00189978
 -0.00234806   0.00129289     0.00194158   0.00189978     0.00774132   0.00003377
    2    9
 -0.00852611  -0.00761855     0.01404210  -0.00122006    -0.01404210   0.00122006
  0.01213822   0.00350610    -0.01114225  -0.00133932     0.00993244   0.00094206
 -0.01213822  -0.00350610     0.00993244   0.00094206    -0.01114225  -0.00133932
    2   10
  0.00774132   0.00003377     0.00234806  -0.00129289     0.00194158   0.00189978
  0.00009549  -0.00077504     0.00930429   0.00777010    -0.00009549   0.00077504
  0.00194158   0.00189978    -0.00234806   0.00129289     0.00774132   0.00003377
    2   11
 -0.01114225  -0.00133932     0.01213822   0.00350610     0.00993244   0.00094206
  0.01404210  -0.00122006    -0.00852611  -0.00761855    -0.01404210   0.00122006
  0.00993244   0.00094206    -0.01213822  -0.00350610    -0.01114225  -0.00133932
    3    1
 -0.01635685  -0.01307974     0.00378804   0.01518284    -0.00378804  -0.01518284
  0.00378804   0.01518284    -0.01635685  -0.01307974    -0.00378804  -0.01518284
 -0.00378804  -0.01518284    -0.00378804  -0.01518284    -0.01635685  -0.01307974
    3    2
 -0.00194061  -0.00493710     0.00081261  -0.00278708    -0.00081261   0.00278708
  0.00081261  -0.00278708    -0.00194061  -0.00493710    -0.00081261   0.00278708
 -0.00081261   0.00278708    -0.00081261   0.00278708    -0.00194061  -0.00493710
    3    3
  0.05166868   0.00000000     0.00874366  -0.00000000    -0.00874366   0.00000000
  0.00874366  -0.00000000     0.05166868   0.00000000    -0.00874366   0.00000000
 -0.00874366   0.00000000    -0.00874366   0.00000000     0.05166868   0.00000000
    3    4
 -0.01114225   0.00133932    -0.00993244   0.00094206    -0.01213822   0.00350610
 -0.00993244   0.00094206    -0.01114225   0.00133932    -0.01213822   0.00350610
 -0.01404210  -0.00122006    -0.01404210  -0.00122006    -0.00852611   0.00761855
    3    5
  0.00774132  -0.00003377    -0.00194158   0.00189978    -0.00234806  -0.00129289
 -0.00194158   0.00189978     0.00774132  -0.00003377    -0.00234806  -0.00129289
 -0.00009549  -0.00077504    -0.00009549  -0.00077504     0.00930429  -0.00777010
    3    6
 -0.01130906  -0.00592693    -0.01189275  -0.01687116     0.01189275   0.01687116
 -0.01189275  -0.01687116    -0.01130906  -0.00592693     0.01189275   0.01687116
  0.01189275   0.01687116     0.01189275   0.01687116    -0.01130906  -0.00592693
    3    7
  0.00696132  -0.00202922     0.00210445   0.00454731    -0.00210445  -0.00454731
  0.00210445   0.00454731     0.00696132  -0.00202922    -0.00210445  -0.00454731
 -0.00210445  -0.00454731    -0.00210445  -0.00454731     0.00696132  -0.00202922
    3    8
 -0.00852611   0.00761855     0.01404210   0.00122006    -0.01404210  -0.00122006
  0.01213822  -0.00350610    -0.01114225   0.00133932     0.00993244  -0.00094206
 -0.01213822   0.00350610     0.00993244  -0.00094206    -0.01114225   0.00133932
    3    9
  0.00930429  -0.00777010     0.00009549   0.00077504    -0.00009549  -0.00077504
  0.00234806   0.00129289     0.00774132  -0.00003377     0.00194158  -0.00189978
 -0.00234806  -0.00129289     0.00194158  -0.00189978     0.00774132  -0.00003377
    3   10
 -0.01114225   0.00133932     0.01213822  -0.00350610     0.00993244  -0.00094206
  0.01404210   0.00122006    -0.00852611   0.00761855    -0.01404210  -0.00122006
  0.00993244  -0.00094206    -0.01213822   0.00350610    -0.01114225   0.00133932
    3   11
  0.00774132  -0.00003377     0.00234806   0.00129289     0.00194158  -0.00189978
  0.00009549   0.00077504     0.00930429  -0.00777010    -0.00009549  -0.00077504
  0.00194158  -0.00189978    -0.00234806  -0.00129289     0.00774132  -0.00003377
    4    1
  0.00679500  -0.01120729     0.01194229   0.00329504     0.00660474   0.01609779
  0.01194229   0.00329504     0.00679500  -0.01120729     0.00660474   0.01609779
  0.00210319   0.01414028     0.00210319   0.01414028    -0.01786508   0.02613885
    4    2
  0.00774132  -0.00003377    -0.00194158   0.00189978    -0.00009549  -0.00077504
 -0.00194158   0.00189978     0.00774132  -0.00003377    -0.00009549  -0.00077504
 -0.00234806  -0.00129289    -0.00234806  -0.00129289     0.00930429  -0.00777010
    4    3
 -0.01114225  -0.00133932    -0.00993244  -0.00094206    -0.01404210   0.00122006
 -0.00993244  -0.00094206    -0.01114225  -0.00133932    -0.01404210   0.00122006
 -0.01213822  -0.00350610    -0.01213822  -0.00350610    -0.00852611  -0.00761855
    4    4
  0.05880551  -0.00000000     0.00127242  -0.00000000    -0.00312611  -0.00135403
  0.00127242  -0.00000000     0.05880551  -0.00000000    -0.00312611  -0.00135403
 -0.00312611   0.00135403    -0.00312611   0.00135403     0.06567231  -0.00000000
    4    5
 -0.01463417  -0.00043325    -0.00751024  -0.00302308    -0.00277742   0.00548193
 -0.00751024  -0.00302308    -0.01463417  -0.00043325    -0.00277742   0.00548193
 -0.00277742   0.00548193    -0.00277742   0.00548193    -0.02689748  -0.00284485
    4    6
 -0.01306871  -0.00132870     0.01237984  -0.00251718    -0.00484595  -0.00184752
  0.01237984  -0.00251718    -0.01306871  -0.00132870    -0.00484595  -0.00184752
  0.00852626   0.00127412     0.00852626   0.00127412     0.02613450   0.00773948
    4    7
  0.01194696  -0.00068421    -0.00454371  -0.00170480     0.01066498   0.00441875
 -0.00454371  -0.00170480     0.01194696  -0.00068421     0.01066498   0.00441875
 -0.01423062   0.00244090    -0.01423062   0.00244090    -0.05129151   0.00752120
    4    8
 -0.00809349  -0.00111002     0.00067096  -0.00141625     0.01427642  -0.00000000
  0.00385142  -0.00332884     0.01504933   0.00000000    -0.00067096  -0.00141625
  0.01419496   0.00000000    -0.00385142  -0.00332884    -0.00809349   0.00111002
    4    9
  0.00964409   0.00072311     0.01075584  -0.00346103    -0.00530316   0.00797644
 -0.00836128  -0.00248769    -0.04380284  -0.00150922    -0.01075584   0.00346103
 -0.01560255   0.00738670     0.00836128   0.00248769     0.00964409   0.00072311
    4   10
  0.01504933  -0.00000000     0.00385142  -0.00332884    -0.00067096  -0.00141625
  0.00067096  -0.00141625    -0.00809349  -0.00111002     0.01427642   0.00000000
 -0.00385142  -0.00332884     0.01419496   0.00000000    -0.00809349   0.00111002
    4   11
 -0.04380284  -0.00150922    -0.00836128  -0.00248769    -0.01075584   0.00346103
  0.01075584  -0.00346103     0.00964409   0.00072311    -0.00530316   0.00797644
  0.00836128   0.00248769    -0.01560255   0.00738670     0.00964409   0.00072311
    5    1
 -0.00630830   0.01148828     0.00882473   0.00869481     0.01724347  -0.00232902
  0.00882473   0.00869481    -0.00630830   0.01148828     0.01724347  -0.00232902
  0.01329743  -0.00524872     0.01329743  -0.00524872     0.01370437  -0.02854104
    5    2
 -0.01114225   0.00133932    -0.00993244   0.00094206    -0.01404210  -0.00122006
 -0.00993244   0.00094206    -0.01114225   0.00133932    -0.01404210  -0.00122006
 -0.01213822   0.00350610    -0.01213822   0.00350610    -0.00852611   0.00761855
    5    3
  0.00774132   0.00003377    -0.00194158  -0.00189978    -0.00009549   0.00077504
 -0.00194158  -0.00189978     0.00774132   0.00003377    -0.00009549   0.00077504
 -0.00234806   0.00129289    -0.00234806   0.00129289     0.00930429   0.00777010
    5    4
 -0.01463417   0.00043325    -0.00751024   0.00302308    -0.00277742  -0.00548193
 -0.00751024   0.00302308    -0.01463417   0.00043325    -0.00277742  -0.00548193
 -0.00277742  -0.00548193    -0.00277742  -0.00548193    -0.02689748   0.00284485
    5    5
  0.05880551   0.00000000     0.00127242   0.00000000    -0.00312611   0.00135403
  0.00127242   0.00000000     0.05880551   0.00000000    -0.00312611   0.00135403
 -0.00312611  -0.00135403    -0.00312611  -0.00135403     0.06567231   0.00000000
    5    6
  0.01194696   0.00068421    -0.00454371   0.00170480     0.01066498  -0.00441875
 -0.00454371   0.00170480     0.01194696   0.00068421     0.01066498  -0.00441875
 -0.01423062  -0.00244090    -0.01423062  -0.00244090    -0.05129151  -0.00752120
    5    7
 -0.01306871   0.00132870     0.01237984   0.00251718    -0.00484595   0.00184752
  0.01237984   0.00251718    -0.01306871   0.00132870    -0.00484595   0.00184752
  0.00852626  -0.00127412     0.00852626  -0.00127412     0.02613450  -0.00773948
    5    8
  0.00964409  -0.00072311     0.01075584   0.00346103    -0.00530316  -0.00797644
 -0.00836128   0.00248769    -0.04380284   0.00150922    -0.01075584  -0.00346103
 -0.01560255  -0.00738670     0.00836128  -0.00248769     0.00964409  -0.00072311
    5    9
 -0.00809349   0.00111002     0.00067096   0.00141625     0.01427642  -0.00000000
  0.00385142   0.00332884     0.01504933  -0.00000000    -0.00067096   0.00141625
  0.01419496   0.00000000    -0.00385142   0.00332884    -0.00809349  -0.00111002
    5   10
 -0.04380284   0.00150922    -0.00836128   0.00248769    -0.01075584  -0.00346103
  0.01075584   0.00346103     0.00964409  -0.00072311    -0.00530316  -0.00797644
  0.00836128  -0.00248769    -0.01560255  -0.00738670     0.00964409  -0.00072311
    5   11
  0.01504933   0.00000000     0.00385142   0.00332884    -0.00067096   0.00141625
  0.00067096   0.00141625    -0.00809349   0.00111002     0.01427642  -0.00000000
 -0.00385142   0.00332884     0.01419496  -0.00000000    -0.00809349  -0.00111002
    6    1
 -0.01971787   0.01702456     0.01068243  -0.00904494    -0.01068243   0.00904494
  0.01068243  -0.00904494    -0.01971787   0.01702456    -0.01068243   0.00904494
 -0.01068243   0.00904494    -0.01068243   0.00904494    -0.01971787   0.01702456
    6    2
  0.00696132  -0.00202922     0.00210445   0.00454731    -0.00210445  -0.00454731
  0.00210445   0.00454731     0.00696132  -0.00202922    -0.00210445  -0.00454731
 -0.00210445  -0.00454731    -0.00210445  -0.00454731     0.00696132  -0.00202922
    6    3
 -0.01130906   0.00592693    -0.01189275   0.01687116     0.01189275  -0.01687116
 -0.01189275   0.01687116    -0.01130906   0.00592693     0.01189275  -0.01687116
  0.01189275  -0.01687116     0.01189275  -0.01687116    -0.01130906   0.00592693
    6    4
 -0.01306871   0.00132870     0.01237984   0.00251718     0.00852626  -0.00127412
  0.01237984   0.00251718    -0.01306871   0.00132870     0.00852626  -0.00127412
 -0.00484595   0.00184752    -0.00484595   0.00184752     0.02613450  -0.00773948
    6    5
  0.01194696  -0.00068421    -0.00454371  -0.00170480    -0.01423062   0.00244090
 -0.00454371  -0.00170480     0.01194696  -0.00068421    -0.01423062   0.00244090
  0.01066498   0.00441875     0.01066498   0.00441875    -0.05129151   0.00752120
    6    6
  0.08106010   0.00000000    -0.00408750  -0.00000000     0.00408750   0.00000000
 -0.00408750  -0.00000000     0.08106010   0.00000000     0.00408750   0.00000000
  0.00408750   0.00000000     0.00408750   0.00000000     0.08106010   0.00000000
    6    7
 -0.02297628   0.01727442    -0.00550990  -0.00264871     0.00550990   0.00264871
 -0.00550990  -0.00264871    -0.02297628   0.01727442     0.00550990   0.00264871
  0.00550990   0.00264871     0.00550990   0.00264871    -0.02297628   0.01727442
    6    8
  0.02613450  -0.00773948     0.00484595  -0.00184752    -0.00484595   0.00184752
 -0.00852626   0.00127412    -0.01306871   0.00132870    -0.01237984  -0.00251718
  0.00852626  -0.00127412    -0.01237984  -0.00251718    -0.01306871   0.00132870
    6    9
 -0.05129151   0.00752120    -0.01066498  -0.00441875     0.01066498   0.00441875
  0.01423062  -0.00244090     0.01194696  -0.00068421     0.00454371   0.00170480
 -0.01423062   0.00244090     0.00454371   0.00170480     0.01194696  -0.00068421
    6   10
 -0.01306871   0.00132870    -0.00852626   0.00127412    -0.01237984  -0.00251718
  0.00484595  -0.00184752     0.02613450  -0.00773948    -0.00484595   0.00184752
 -0.01237984  -0.00251718     0.00852626  -0.00127412    -0.01306871   0.00132870
    6   11
  0.01194696  -0.00068421     0.01423062  -0.00244090     0.00454371   0.00170480
 -0.01066498  -0.00441875    -0.05129151   0.00752120     0.01066498   0.00441875
  0.00454371   0.00170480    -0.01423062   0.00244090     0.01194696  -0.00068421
    7    1
  0.00488476  -0.02558846    -0.00249193   0.01377373     0.00249193  -0.01377373
 -0.00249193   0.01377373     0.00488476  -0.02558846     0.00249193  -0.01377373
  0.00249193  -0.01377373     0.00249193  -0.01377373     0.00488476  -0.02558846
    7    2
 -0.01130906  -0.00592693    -0.01189275  -0.01687116     0.01189275   0.01687116
 -0.01189275  -0.01687116    -0.01130906  -0.00592693     0.01189275   0.01687116
  0.01189275   0.01687116     0.01189275   0.01687116    -0.01130906  -0.00592693
    7    3
  0.00696132   0.00202922     0.00210445  -0.00454731    -0.00210445   0.00454731
  0.00210445  -0.00454731     0.00696132   0.00202922    -0.00210445   0.00454731
 -0.00210445   0.00454731    -0.00210445   0.00454731     0.00696132   0.00202922
    7    4
  0.01194696   0.00068421    -0.00454371   0.00170480    -0.01423062  -0.00244090
 -0.00454371   0.00170480     0.01194696   0.00068421    -0.01423062  -0.00244090
  0.01066498  -0.00441875     0.01066498  -0.00441875    -0.05129151  -0.00752120
    7    5
 -0.01306871  -0.00132870     0.01237984  -0.00251718     0.00852626   0.00127412
  0.01237984  -0.00251718    -0.01306871  -0.00132870     0.00852626   0.00127412
 -0.00484595  -0.00184752    -0.00484595  -0.00184752     0.02613450   0.00773948
    7    6
 -0.02297628  -0.01727442    -0.00550990   0.00264871     0.00550990  -0.00264871
 -0.00550990   0.00264871    -0.02297628  -0.01727442     0.00550990  -0.00264871
  0.00550990  -0.00264871     0.00550990  -0.00264871    -0.02297628  -0.01727442
    7    7
  0.08106010  -0.00000000    -0.00408750   0.00000000     0.00408750  -0.00000000
 -0.00408750   0.00000000     0.08106010  -0.00000000     0.00408750  -0.00000000
  0.00408750  -0.00000000     0.00408750  -0.00000000     0.08106010  -0.00000000
    7    8
 -0.05129151  -0.00752120    -0.01066498   0.00441875     0.01066498  -0.00441875
  0.01423062   0.00244090     0.01194696   0.00068421     0.00454371  -0.00170480
 -0.01423062  -0.00244090     0.00454371  -0.00170480     0.01194696   0.00068421
    7    9
  0.02613450   0.00773948     0.00484595   0.00184752    -0.00484595  -0.00184752
 -0.00852626  -0.00127412    -0.01306871  -0.00132870    -0.01237984   0.00251718
  0.00852626   0.00127412    -0.01237984   0.00251718    -0.01306871  -0.00132870
    7   10
  0.01194696   0.00068421     0.01423062   0.00244090     0.00454371  -0.00170480
 -0.01066498   0.00441875    -0.05129151  -0.00752120     0.01066498  -0.00441875
  0.00454371  -0.00170480    -0.01423062  -0.00244090     0.01194696   0.00068421
    7   11
 -0.01306871  -0.00132870    -0.00852626  -0.00127412    -0.01237984   0.00251718
  0.00484595   0.00184752     0.02613450   0.00773948    -0.00484595  -0.00184752
 -0.01237984   0.00251718     0.00852626   0.00127412    -0.01306871  -0.00132870
    8    1
 -0.01786508   0.02613885    -0.00210319  -0.01414028     0.00210319   0.01414028
 -0.00660474  -0.01609779     0.00679500  -0.01120729    -0.01194229  -0.00329504
  0.00660474   0.01609779    -0.01194229  -0.00329504     0.00679500  -0.01120729
    8    2
  0.00930429  -0.00777010     0.00234806   0.00129289    -0.00234806  -0.00129289
  0.00009549   0.00077504     0.00774132  -0.00003377     0.00194158  -0.00189978
 -0.00009549  -0.00077504     0.00194158  -0.00189978     0.00774132  -0.00003377
    8    3
 -0.00852611  -0.00761855     0.01213822   0.00350610    -0.01213822  -0.00350610
  0.01404210  -0.00122006    -0.01114225  -0.00133932     0.00993244   0.00094206
 -0.01404210   0.00122006     0.00993244   0.00094206    -0.01114225  -0.00133932
    8    4
 -0.00809349   0.00111002     0.00385142   0.00332884     0.01419496   0.00000000
  0.00067096   0.00141625     0.01504933   0.00000000    -0.00385142   0.00332884
  0.01427642   0.00000000    -0.00067096   0.00141625    -0.00809349  -0.00111002
    8    5
  0.00964409   0.00072311    -0.00836128  -0.00248769    -0.01560255   0.00738670
  0.01075584  -0.00346103    -0.04380284  -0.00150922     0.00836128   0.00248769
 -0.00530316   0.00797644    -0.01075584   0.00346103     0.00964409   0.00072311
    8    6
  0.02613450   0.00773948    -0.00852626  -0.00127412     0.00852626   0.00127412
  0.00484595   0.00184752    -0.01306871  -0.00132870    -0.01237984   0.00251718
 -0.00484595  -0.00184752    -0.01237984   0.00251718    -0.01306871  -0.00132870
    8    7
 -0.05129151   0.00752120     0.01423062  -0.00244090    -0.01423062   0.00244090
 -0.01066498  -0.00441875     0.01194696  -0.00068421     0.00454371   0.00170480
  0.01066498   0.00441875     0.00454371   0.00170480     0.01194696  -0.00068421
    8    8
  0.06567231  -0.00000000     0.00312611  -0.00135403    -0.00312611   0.00135403
  0.00312611   0.00135403     0.05880551  -0.00000000    -0.00127242   0.00000000
 -0.00312611  -0.00135403    -0.00127242   0.00000000     0.05880551  -0.00000000
    8    9
 -0.02689748  -0.00284485     0.00277742  -0.00548193    -0.00277742   0.00548193
  0.00277742  -0.00548193    -0.01463417  -0.00043325     0.00751024   0.00302308
 -0.00277742   0.00548193     0.00751024   0.00302308    -0.01463417  -0.00043325
    8   10
 -0.00809349   0.00111002    -0.01419496   0.00000000    -0.00385142  -0.00332884
 -0.01427642   0.00000000    -0.00809349  -0.00111002    -0.00067096   0.00141625
 -0.00067096  -0.00141625    -0.00385142   0.00332884     0.01504933  -0.00000000
    8   11
  0.00964409   0.00072311     0.01560255  -0.00738670     0.00836128   0.00248769
  0.00530316  -0.00797644     0.00964409   0.00072311    -0.01075584   0.00346103
 -0.01075584   0.00346103     0.00836128   0.00248769    -0.04380284  -0.00150922
    9    1
  0.01370437  -0.02854104    -0.01329743   0.00524872     0.01329743  -0.00524872
 -0.01724347   0.00232902    -0.00630830   0.01148828    -0.00882473  -0.00869481
  0.01724347  -0.00232902    -0.00882473  -0.00869481    -0.00630830   0.01148828
    9    2
 -0.00852611   0.00761855     0.01213822  -0.00350610    -0.01213822   0.00350610
  0.01404210   0.00122006    -0.01114225   0.00133932     0.00993244  -0.00094206
 -0.01404210  -0.00122006     0.00993244  -0.00094206    -0.01114225   0.00133932
    9    3
  0.00930429   0.00777010     0.00234806  -0.00129289    -0.00234806   0.00129289
  0.00009549  -0.00077504     0.00774132   0.00003377     0.00194158   0.00189978
 -0.00009549   0.00077504     0.00194158   0.00189978     0.00774132   0.00003377
    9    4
  0.00964409  -0.00072311    -0.00836128   0.00248769    -0.01560255  -0.00738670
  0.01075584   0.00346103    -0.04380284   0.00150922     0.00836128  -0.00248769
 -0.00530316  -0.00797644    -0.01075584  -0.00346103     0.00964409  -0.00072311
    9    5
 -0.00809349  -0.00111002     0.00385142  -0.00332884     0.01419496  -0.00000000
  0.00067096  -0.00141625     0.01504933   0.00000000    -0.00385142  -0.00332884
  0.01427642   0.00000000    -0.00067096  -0.00141625    -0.00809349   0.00111002
    9    6
 -0.05129151  -0.00752120     0.01423062   0.00244090    -0.01423062  -0.00244090
 -0.01066498   0.00441875     0.01194696   0.00068421     0.00454371  -0.00170480
  0.01066498  -0.00441875     0.00454371  -0.00170480     0.01194696   0.00068421
    9    7
  0.02613450  -0.00773948    -0.00852626   0.00127412     0.00852626  -0.00127412
  0.00484595  -0.00184752    -0.01306871   0.00132870    -0.01237984  -0.00251718
 -0.00484595   0.00184752    -0.01237984  -0.00251718    -0.01306871   0.00132870
    9    8
 -0.02689748   0.00284485     0.00277742   0.00548193    -0.00277742  -0.00548193
  0.00277742   0.00548193    -0.01463417   0.00043325     0.00751024  -0.00302308
 -0.00277742  -0.00548193     0.00751024  -0.00302308    -0.01463417   0.00043325
    9    9
  0.06567231   0.00000000     0.00312611   0.00135403    -0.00312611  -0.00135403
  0.00312611  -0.00135403     0.05880551   0.00000000    -0.00127242  -0.00000000
 -0.00312611   0.00135403    -0.00127242  -0.00000000     0.05880551   0.00000000
    9   10
  0.00964409  -0.00072311     0.01560255   0.00738670     0.00836128  -0.00248769
  0.00530316   0.00797644     0.00964409  -0.00072311    -0.01075584  -0.00346103
 -0.01075584  -0.00346103     0.00836128  -0.00248769    -0.04380284   0.00150922
    9   11
 -0.00809349  -0.00111002    -0.01419496  -0.00000000    -0.00385142   0.00332884
 -0.01427642  -0.00000000    -0.00809349   0.00111002    -0.00067096  -0.00141625
 -0.00067096   0.00141625    -0.00385142  -0.00332884     0.01504933   0.00000000
   10    1
  0.00679500  -0.01120729    -0.00660474  -0.01609779    -0.01194229  -0.00329504
 -0.00210319  -0.01414028    -0.01786508   0.02613885     0.00210319   0.01414028
 -0.01194229  -0.00329504     0.00660474   0.01609779     0.00679500  -0.01120729
   10    2
  0.00774132  -0.00003377     0.00009549   0.00077504     0.00194158  -0.00189978
  0.00234806   0.00129289     0.00930429  -0.00777010    -0.00234806  -0.00129289
  0.00194158  -0.00189978    -0.00009549  -0.00077504     0.00774132  -0.00003377
   10    3
 -0.01114225  -0.00133932     0.01404210  -0.00122006     0.00993244   0.00094206
  0.01213822   0.00350610    -0.00852611  -0.00761855    -0.01213822  -0.00350610
  0.00993244   0.00094206    -0.01404210   0.00122006    -0.01114225  -0.00133932
   10    4
  0.01504933  -0.00000000     0.00067096   0.00141625    -0.00385142   0.00332884
  0.00385142   0.00332884    -0.00809349   0.00111002     0.01419496   0.00000000
 -0.00067096   0.00141625     0.01427642   0.00000000    -0.00809349  -0.00111002
   10    5
 -0.04380284  -0.00150922     0.01075584  -0.00346103     0.00836128   0.00248769
 -0.00836128  -0.00248769     0.00964409   0.00072311    -0.01560255   0.00738670
 -0.01075584   0.00346103    -0.00530316   0.00797644     0.00964409   0.00072311
   10    6
 -0.01306871  -0.00132870     0.00484595   0.00184752    -0.01237984   0.00251718
 -0.00852626  -0.00127412     0.02613450   0.00773948     0.00852626   0.00127412
 -0.01237984   0.00251718    -0.00484595  -0.00184752    -0.01306871  -0.00132870
   10    7
  0.01194696  -0.00068421    -0.01066498  -0.00441875     0.00454371   0.00170480
  0.01423062  -0.00244090    -0.05129151   0.00752120    -0.01423062   0.00244090
  0.00454371   0.00170480     0.01066498   0.00441875     0.01194696  -0.00068421
   10    8
 -0.00809349  -0.00111002    -0.01427642  -0.00000000    -0.00067096   0.00141625
 -0.01419496  -0.00000000    -0.00809349   0.00111002    -0.00385142  -0.00332884
 -0.00385142   0.00332884    -0.00067096  -0.00141625     0.01504933  -0.00000000
   10    9
  0.00964409   0.00072311     0.00530316  -0.00797644    -0.01075584   0.00346103
  0.01560255  -0.00738670     0.00964409   0.00072311     0.00836128   0.00248769
  0.00836128   0.00248769    -0.01075584   0.00346103    -0.04380284  -0.00150922
   10   10
  0.05880551  -0.00000000     0.00312611   0.00135403    -0.00127242   0.00000000
  0.00312611  -0.00135403     0.06567231  -0.00000000    -0.00312611   0.00135403
 -0.00127242   0.00000000    -0.00312611  -0.00135403     0.05880551  -0.00000000
   10   11
 -0.01463417  -0.00043325     0.00277742  -0.00548193     0.00751024   0.00302308
  0.00277742  -0.00548193    -0.02689748  -0.00284485    -0.00277742   0.00548193
  0.00751024   0.00302308    -0.00277742   0.00548193    -0.01463417  -0.00043325
   11    1
 -0.00630830   0.01148828    -0.01724347   0.00232902    -0.00882473  -0.00869481
 -0.01329743   0.00524872     0.01370437  -0.02854104     0.01329743  -0.00524872
 -0.00882473  -0.00869481     0.01724347  -0.00232902    -0.00630830   0.01148828
   11    2
 -0.01114225   0.00133932     0.01404210   0.00122006     0.00993244  -0.00094206
  0.01213822  -0.00350610    -0.00852611   0.00761855    -0.01213822   0.00350610
  0.00993244  -0.00094206    -0.01404210  -0.00122006    -0.01114225   0.00133932
   11    3
  0.00774132   0.00003377     0.00009549  -0.00077504     0.00194158   0.00189978
  0.00234806  -0.00129289     0.00930429   0.00777010    -0.00234806   0.00129289
  0.00194158   0.00189978    -0.00009549   0.00077504     0.00774132   0.00003377
   11    4
 -0.04380284   0.00150922     0.01075584   0.00346103     0.00836128  -0.00248769
 -0.00836128   0.00248769     0.00964409  -0.00072311    -0.01560255  -0.00738670
 -0.01075584  -0.00346103    -0.00530316  -0.00797644     0.00964409  -0.00072311
   11    5
  0.01504933   0.00000000     0.00067096  -0.00141625    -0.00385142  -0.00332884
  0.00385142  -0.00332884    -0.00809349  -0.00111002     0.01419496  -0.00000000
 -0.00067096  -0.00141625     0.01427642   0.00000000    -0.00809349   0.00111002
   11    6
  0.01194696   0.00068421    -0.01066498   0.00441875     0.00454371  -0.00170480
  0.01423062   0.00244090    -0.05129151  -0.00752120    -0.01423062  -0.00244090
  0.00454371  -0.00170480     0.01066498  -0.00441875     0.01194696   0.00068421
   11    7
 -0.01306871   0.00132870     0.00484595  -0.00184752    -0.01237984  -0.00251718
 -0.00852626   0.00127412     0.02613450  -0.00773948     0.00852626  -0.00127412
 -0.01237984  -0.00251718    -0.00484595   0.00184752    -0.01306871   0.00132870
   11    8
  0.00964409  -0.00072311     0.00530316   0.00797644    -0.01075584  -0.00346103
  0.01560255   0.00738670     0.00964409  -0.00072311     0.00836128  -0.00248769
  0.00836128  -0.00248769    -0.01075584  -0.00346103    -0.04380284   0.00150922
   11    9
 -0.00809349   0.00111002    -0.01427642   0.00000000    -0.00067096  -0.00141625
 -0.01419496   0.00000000    -0.00809349  -0.00111002    -0.00385142   0.00332884
 -0.00385142  -0.00332884    -0.00067096   0.00141625     0.01504933  -0.00000000
   11   10
 -0.01463417   0.00043325     0.00277742   0.00548193     0.00751024  -0.00302308
  0.00277742   0.00548193    -0.02689748   0.00284485    -0.00277742  -0.00548193
  0.00751024  -0.00302308    -0.00277742  -0.00548193    -0.01463417   0.00043325
   11   11
  0.05880551   0.00000000     0.00312611  -0.00135403    -0.00127242  -0.00000000
  0.00312611   0.00135403     0.06567231   0.00000000    -0.00312611  -0.00135403
 -0.00127242  -0.00000000    -0.00312611   0.00135403     0.05880551   0.00000000

     Dynamical  Matrix in cartesian axes

     q = (    0.117851130  -0.117851130  -0.117851130 ) 

    1    1
  0.13501395   0.00000000    -0.01992174   0.00000000    -0.01992174   0.00000000
 -0.01992174   0.00000000     0.13501395   0.00000000     0.01992174   0.00000000
 -0.01992174   0.00000000     0.01992174   0.00000000     0.13501395   0.00000000
    1    2
 -0.01950581  -0.00762558    -0.01504274   0.00431088    -0.01504274   0.00431088
 -0.01504274   0.00431088    -0.01950581  -0.00762558     0.01504274  -0.00431088
 -0.01504274   0.00431088     0.01504274  -0.00431088    -0.01950581  -0.00762558
    1    3
 -0.01635685  -0.01307974    -0.00378804  -0.01518284    -0.00378804  -0.01518284
 -0.00378804  -0.01518284    -0.01635685  -0.01307974     0.00378804   0.01518284
 -0.00378804  -0.01518284     0.00378804   0.01518284    -0.01635685  -0.01307974
    1    4
 -0.01786508   0.02613885     0.00660474   0.01609779     0.00660474   0.01609779
  0.00210319   0.01414028     0.00679500  -0.01120729     0.01194229   0.00329504
  0.00210319   0.01414028     0.01194229   0.00329504     0.00679500  -0.01120729
    1    5
  0.01370437  -0.02854104     0.01724347  -0.00232902     0.01724347  -0.00232902
  0.01329743  -0.00524872    -0.00630830   0.01148828     0.00882473   0.00869481
  0.01329743  -0.00524872     0.00882473   0.00869481    -0.00630830   0.01148828
    1    6
  0.00679500  -0.01120729     0.00210319   0.01414028    -0.01194229  -0.00329504
  0.00660474   0.01609779    -0.01786508   0.02613885    -0.00660474  -0.01609779
 -0.01194229  -0.00329504    -0.00210319  -0.01414028     0.00679500  -0.01120729
    1    7
 -0.00630830   0.01148828     0.01329743  -0.00524872    -0.00882473  -0.00869481
  0.01724347  -0.00232902     0.01370437  -0.02854104    -0.01724347   0.00232902
 -0.00882473  -0.00869481    -0.01329743   0.00524872    -0.00630830   0.01148828
    1    8
  0.00679500  -0.01120729    -0.01194229  -0.00329504     0.00210319   0.01414028
 -0.01194229  -0.00329504     0.00679500  -0.01120729    -0.00210319  -0.01414028
  0.00660474   0.01609779    -0.00660474  -0.01609779    -0.01786508   0.02613885
    1    9
 -0.00630830   0.01148828    -0.00882473  -0.00869481     0.01329743  -0.00524872
 -0.00882473  -0.00869481    -0.00630830   0.01148828    -0.01329743   0.00524872
  0.01724347  -0.00232902    -0.01724347   0.00232902     0.01370437  -0.02854104
    1   10
 -0.01971787   0.01702456    -0.01068243   0.00904494    -0.01068243   0.00904494
 -0.01068243   0.00904494    -0.01971787   0.01702456     0.01068243  -0.00904494
 -0.01068243   0.00904494     0.01068243  -0.00904494    -0.01971787   0.01702456
    1   11
  0.00488476  -0.02558846     0.00249193  -0.01377373     0.00249193  -0.01377373
  0.00249193  -0.01377373     0.00488476  -0.02558846    -0.00249193   0.01377373
  0.00249193  -0.01377373    -0.00249193   0.01377373     0.00488476  -0.02558846
    2    1
 -0.01950581   0.00762558    -0.01504274  -0.00431088    -0.01504274  -0.00431088
 -0.01504274  -0.00431088    -0.01950581   0.00762558     0.01504274   0.00431088
 -0.01504274  -0.00431088     0.01504274   0.00431088    -0.01950581   0.00762558
    2    2
  0.05166868   0.00000000    -0.00874366   0.00000000    -0.00874366   0.00000000
 -0.00874366   0.00000000     0.05166868   0.00000000     0.00874366  -0.00000000
 -0.00874366   0.00000000     0.00874366  -0.00000000     0.05166868   0.00000000
    2    3
 -0.00194061  -0.00493710    -0.00081261   0.00278708    -0.00081261   0.00278708
 -0.00081261   0.00278708    -0.00194061  -0.00493710     0.00081261  -0.00278708
 -0.00081261   0.00278708     0.00081261  -0.00278708    -0.00194061  -0.00493710
    2    4
  0.00930429  -0.00777010    -0.00009549  -0.00077504    -0.00009549  -0.00077504
 -0.00234806  -0.00129289     0.00774132  -0.00003377    -0.00194158   0.00189978
 -0.00234806  -0.00129289    -0.00194158   0.00189978     0.00774132  -0.00003377
    2    5
 -0.00852611   0.00761855    -0.01404210  -0.00122006    -0.01404210  -0.00122006
 -0.01213822   0.00350610    -0.01114225   0.00133932    -0.00993244   0.00094206
 -0.01213822   0.00350610    -0.00993244   0.00094206    -0.01114225   0.00133932
    2    6
  0.00774132  -0.00003377    -0.00234806  -0.00129289     0.00194158  -0.00189978
 -0.00009549  -0.00077504     0.00930429  -0.00777010     0.00009549   0.00077504
  0.00194158  -0.00189978     0.00234806   0.00129289     0.00774132  -0.00003377
    2    7
 -0.01114225   0.00133932    -0.01213822   0.00350610     0.00993244  -0.00094206
 -0.01404210  -0.00122006    -0.00852611   0.00761855     0.01404210   0.00122006
  0.00993244  -0.00094206     0.01213822  -0.00350610    -0.01114225   0.00133932
    2    8
  0.00774132  -0.00003377     0.00194158  -0.00189978    -0.00234806  -0.00129289
  0.00194158  -0.00189978     0.00774132  -0.00003377     0.00234806   0.00129289
 -0.00009549  -0.00077504     0.00009549   0.00077504     0.00930429  -0.00777010
    2    9
 -0.01114225   0.00133932     0.00993244  -0.00094206    -0.01213822   0.00350610
  0.00993244  -0.00094206    -0.01114225   0.00133932     0.01213822  -0.00350610
 -0.01404210  -0.00122006     0.01404210   0.00122006    -0.00852611   0.00761855
    2   10
  0.00696132  -0.00202922    -0.00210445  -0.00454731    -0.00210445  -0.00454731
 -0.00210445  -0.00454731     0.00696132  -0.00202922     0.00210445   0.00454731
 -0.00210445  -0.00454731     0.00210445   0.00454731     0.00696132  -0.00202922
    2   11
 -0.01130906  -0.00592693     0.01189275   0.01687116     0.01189275   0.01687116
  0.01189275   0.01687116    -0.01130906  -0.00592693    -0.01189275  -0.01687116
  0.01189275   0.01687116    -0.01189275  -0.01687116    -0.01130906  -0.00592693
    3    1
 -0.01635685   0.01307974    -0.00378804   0.01518284    -0.00378804   0.01518284
 -0.00378804   0.01518284    -0.01635685   0.01307974     0.00378804  -0.01518284
 -0.00378804   0.01518284     0.00378804  -0.01518284    -0.01635685   0.01307974
    3    2
 -0.00194061   0.00493710    -0.00081261  -0.00278708    -0.00081261  -0.00278708
 -0.00081261  -0.00278708    -0.00194061   0.00493710     0.00081261   0.00278708
 -0.00081261  -0.00278708     0.00081261   0.00278708    -0.00194061   0.00493710
    3    3
  0.05166868  -0.00000000    -0.00874366  -0.00000000    -0.00874366  -0.00000000
 -0.00874366  -0.00000000     0.05166868  -0.00000000     0.00874366   0.00000000
 -0.00874366  -0.00000000     0.00874366   0.00000000     0.05166868  -0.00000000
    3    4
 -0.00852611  -0.00761855    -0.01404210   0.00122006    -0.01404210   0.00122006
 -0.01213822  -0.00350610    -0.01114225  -0.00133932    -0.00993244  -0.00094206
 -0.01213822  -0.00350610    -0.00993244  -0.00094206    -0.01114225  -0.00133932
    3    5
  0.00930429   0.00777010    -0.00009549   0.00077504    -0.00009549   0.00077504
 -0.00234806   0.00129289     0.00774132   0.00003377    -0.00194158  -0.00189978
 -0.00234806   0.00129289    -0.00194158  -0.00189978     0.00774132   0.00003377
    3    6
 -0.01114225  -0.00133932    -0.01213822  -0.00350610     0.00993244   0.00094206
 -0.01404210   0.00122006    -0.00852611  -0.00761855     0.01404210  -0.00122006
  0.00993244   0.00094206     0.01213822   0.00350610    -0.01114225  -0.00133932
    3    7
  0.00774132   0.00003377    -0.00234806   0.00129289     0.00194158   0.00189978
 -0.00009549   0.00077504     0.00930429   0.00777010     0.00009549  -0.00077504
  0.00194158   0.00189978     0.00234806  -0.00129289     0.00774132   0.00003377
    3    8
 -0.01114225  -0.00133932     0.00993244   0.00094206    -0.01213822  -0.00350610
  0.00993244   0.00094206    -0.01114225  -0.00133932     0.01213822   0.00350610
 -0.01404210   0.00122006     0.01404210  -0.00122006    -0.00852611  -0.00761855
    3    9
  0.00774132   0.00003377     0.00194158   0.00189978    -0.00234806   0.00129289
  0.00194158   0.00189978     0.00774132   0.00003377     0.00234806  -0.00129289
 -0.00009549   0.00077504     0.00009549  -0.00077504     0.00930429   0.00777010
    3   10
 -0.01130906   0.00592693     0.01189275  -0.01687116     0.01189275  -0.01687116
  0.01189275  -0.01687116    -0.01130906   0.00592693    -0.01189275   0.01687116
  0.01189275  -0.01687116    -0.01189275   0.01687116    -0.01130906   0.00592693
    3   11
  0.00696132   0.00202922    -0.00210445   0.00454731    -0.00210445   0.00454731
 -0.00210445   0.00454731     0.00696132   0.00202922     0.00210445  -0.00454731
 -0.00210445   0.00454731     0.00210445  -0.00454731     0.00696132   0.00202922
    4    1
 -0.01786508  -0.02613885     0.00210319  -0.01414028     0.00210319  -0.01414028
