  4.500000000000000E-002   1.50316355304967        5.45022541909342     
           6

     Dynamical  Matrix in cartesian axes

     q = (    0.235702260   0.000000000   0.000000000 ) 

    1    1
  0.22165545   0.00000000     0.00000000   0.00000000     0.00000000   0.00000000
  0.00000000   0.00000000     0.11965727   0.00000000     0.00000000   0.00000000
 -0.00000000   0.00000000     0.00000000   0.00000000     0.11965727   0.00000000
    1    2
  0.01729776  -0.00998687     0.00000000  -0.00000000     0.00000000   0.00000000
  0.00000000  -0.00000000    -0.03490400   0.02015183    -0.00345077  -0.00597691
  0.00000000   0.00000000    -0.00345077  -0.00597691    -0.03490400   0.02015183
    1    3
  0.00000000  -0.01997373     0.00000000   0.00000000    -0.00000000   0.00000000
 -0.00000000  -0.00000000    -0.00000000   0.04030367     0.00690154   0.00000000
 -0.00000000   0.00000000     0.00690154  -0.00000000    -0.00000000   0.04030367
    1    4
  0.04204594   0.03978894    -0.01119746  -0.01096575    -0.01119746  -0.01096575
  0.00139477  -0.01926131    -0.00716189  -0.00230484    -0.00754169  -0.01979087
  0.00139477  -0.01926131    -0.00754169  -0.01979087    -0.00716189  -0.00230484
    1    5
 -0.05548120  -0.01651838     0.01509535   0.00421441     0.01509535   0.00421441
  0.01598340  -0.01083857     0.00557700   0.00504996     0.02091024  -0.00336414
  0.01598340  -0.01083857     0.02091024  -0.00336414     0.00557700   0.00504996
    1    6
 -0.05548120  -0.01651838     0.01509535   0.00421441    -0.01509535  -0.00421441
  0.01598340  -0.01083857     0.00557700   0.00504996    -0.02091024   0.00336414
 -0.01598340   0.01083857    -0.02091024   0.00336414     0.00557700   0.00504996
    1    7
  0.04204594   0.03978894    -0.01119746  -0.01096575     0.01119746   0.01096575
  0.00139477  -0.01926131    -0.00716189  -0.00230484     0.00754169   0.01979087
 -0.00139477   0.01926131     0.00754169   0.01979087    -0.00716189  -0.00230484
    1    8
 -0.05548120  -0.01651838    -0.01509535  -0.00421441     0.01509535   0.00421441
 -0.01598340   0.01083857     0.00557700   0.00504996    -0.02091024   0.00336414
  0.01598340  -0.01083857    -0.02091024   0.00336414     0.00557700   0.00504996
    1    9
  0.04204594   0.03978894     0.01119746   0.01096575    -0.01119746  -0.01096575
 -0.00139477   0.01926131    -0.00716189  -0.00230484     0.00754169   0.01979087
  0.00139477  -0.01926131     0.00754169   0.01979087    -0.00716189  -0.00230484
    1   10
  0.04204594   0.03978894     0.01119746   0.01096575     0.01119746   0.01096575
 -0.00139477   0.01926131    -0.00716189  -0.00230484    -0.00754169  -0.01979087
 -0.00139477   0.01926131    -0.00754169  -0.01979087    -0.00716189  -0.00230484
    1   11
 -0.05548120  -0.01651838    -0.01509535  -0.00421441    -0.01509535  -0.00421441
 -0.01598340   0.01083857     0.00557700   0.00504996     0.02091024  -0.00336414
 -0.01598340   0.01083857     0.02091024  -0.00336414     0.00557700   0.00504996
    2    1
  0.01729776   0.00998687    -0.00000000  -0.00000000    -0.00000000  -0.00000000
  0.00000000  -0.00000000    -0.03490400  -0.02015183    -0.00345077   0.00597691
  0.00000000  -0.00000000    -0.00345077   0.00597691    -0.03490400  -0.02015183
    2    2
  0.09309597  -0.00000000     0.00000000   0.00000000    -0.00000000   0.00000000
  0.00000000   0.00000000     0.05545362  -0.00000000     0.00000000  -0.00000000
 -0.00000000   0.00000000     0.00000000  -0.00000000     0.05545362  -0.00000000
    2    3
  0.00038760  -0.00067134     0.00000000  -0.00000000     0.00000000   0.00000000
  0.00000000   0.00000000    -0.00150480   0.00260640    -0.00515944  -0.00297880
  0.00000000  -0.00000000    -0.00515944  -0.00297880    -0.00150480   0.00260640
    2    4
  0.00260350  -0.00904110     0.00084796   0.00399360     0.00084796   0.00399360
 -0.00217683   0.00191632     0.00758839   0.00128519     0.00296773   0.00611890
 -0.00217683   0.00191632     0.00296773   0.00611890     0.00758839   0.00128519
    2    5
 -0.01328452   0.00311887    -0.02113912  -0.00451150    -0.02113912  -0.00451150
 -0.01548517   0.00090029    -0.01165180   0.00110045    -0.01728264  -0.00087794
 -0.01548517   0.00090029    -0.01728264  -0.00087794    -0.01165180   0.00110045
    2    6
  0.00913157   0.00226585    -0.00303458  -0.00273116     0.00303458   0.00273116
 -0.00274799   0.00092703     0.00268118  -0.00721433     0.00381526   0.00562958
  0.00274799  -0.00092703     0.00381526   0.00562958     0.00268118  -0.00721433
    2    7
 -0.00934328   0.00994529    -0.00666249   0.02056277     0.00666249  -0.02056277
 -0.00852226   0.01296041    -0.00677892   0.00954054     0.00788100  -0.01540617
  0.00852226  -0.01296041     0.00788100  -0.01540617    -0.00677892   0.00954054
    2    8
  0.00913157   0.00226585     0.00303458   0.00273116    -0.00303458  -0.00273116
  0.00274799  -0.00092703     0.00268118  -0.00721433     0.00381526   0.00562958
 -0.00274799   0.00092703     0.00381526   0.00562958     0.00268118  -0.00721433
    2    9
 -0.00934328   0.00994529     0.00666249  -0.02056277    -0.00666249   0.02056277
  0.00852226  -0.01296041    -0.00677892   0.00954054     0.00788100  -0.01540617
 -0.00852226   0.01296041     0.00788100  -0.01540617    -0.00677892   0.00954054
    2   10
  0.00260350  -0.00904110    -0.00084796  -0.00399360    -0.00084796  -0.00399360
  0.00217683  -0.00191632     0.00758839   0.00128519     0.00296773   0.00611890
  0.00217683  -0.00191632     0.00296773   0.00611890     0.00758839   0.00128519
    2   11
 -0.01328452   0.00311887     0.02113912   0.00451150     0.02113912   0.00451150
  0.01548517  -0.00090029    -0.01165180   0.00110045    -0.01728264  -0.00087794
  0.01548517  -0.00090029    -0.01728264  -0.00087794    -0.01165180   0.00110045
    3    1
  0.00000000   0.01997373    -0.00000000  -0.00000000    -0.00000000   0.00000000
 -0.00000000  -0.00000000    -0.00000000  -0.04030367     0.00690154  -0.00000000
 -0.00000000   0.00000000     0.00690154   0.00000000    -0.00000000  -0.04030367
    3    2
  0.00038760   0.00067134     0.00000000   0.00000000     0.00000000  -0.00000000
  0.00000000  -0.00000000    -0.00150480  -0.00260640    -0.00515944   0.00297880
  0.00000000   0.00000000    -0.00515944   0.00297880    -0.00150480  -0.00260640
    3    3
  0.09309597   0.00000000     0.00000000  -0.00000000    -0.00000000  -0.00000000
  0.00000000  -0.00000000     0.05545362   0.00000000     0.00000000   0.00000000
 -0.00000000  -0.00000000     0.00000000   0.00000000     0.05545362   0.00000000
    3    4
 -0.01328452  -0.00311887    -0.02113912   0.00451150    -0.02113912   0.00451150
 -0.01548517  -0.00090029    -0.01165180  -0.00110045    -0.01728264   0.00087794
 -0.01548517  -0.00090029    -0.01728264   0.00087794    -0.01165180  -0.00110045
    3    5
  0.00260350   0.00904110     0.00084796  -0.00399360     0.00084796  -0.00399360
 -0.00217683  -0.00191632     0.00758839  -0.00128519     0.00296773  -0.00611890
 -0.00217683  -0.00191632     0.00296773  -0.00611890     0.00758839  -0.00128519
    3    6
 -0.00934328  -0.00994529    -0.00666249  -0.02056277     0.00666249   0.02056277
 -0.00852226  -0.01296041    -0.00677892  -0.00954054     0.00788100   0.01540617
  0.00852226   0.01296041     0.00788100   0.01540617    -0.00677892  -0.00954054
    3    7
  0.00913157  -0.00226585    -0.00303458   0.00273116     0.00303458  -0.00273116
 -0.00274799  -0.00092703     0.00268118   0.00721433     0.00381526  -0.00562958
  0.00274799   0.00092703     0.00381526  -0.00562958     0.00268118   0.00721433
    3    8
 -0.00934328  -0.00994529     0.00666249   0.02056277    -0.00666249  -0.02056277
  0.00852226   0.01296041    -0.00677892  -0.00954054     0.00788100   0.01540617
 -0.00852226  -0.01296041     0.00788100   0.01540617    -0.00677892  -0.00954054
    3    9
  0.00913157  -0.00226585     0.00303458  -0.00273116    -0.00303458   0.00273116
  0.00274799   0.00092703     0.00268118   0.00721433     0.00381526  -0.00562958
 -0.00274799  -0.00092703     0.00381526  -0.00562958     0.00268118   0.00721433
    3   10
 -0.01328452  -0.00311887     0.02113912  -0.00451150     0.02113912  -0.00451150
  0.01548517   0.00090029    -0.01165180  -0.00110045    -0.01728264   0.00087794
  0.01548517   0.00090029    -0.01728264   0.00087794    -0.01165180  -0.00110045
    3   11
  0.00260350   0.00904110    -0.00084796   0.00399360    -0.00084796   0.00399360
  0.00217683   0.00191632     0.00758839  -0.00128519     0.00296773  -0.00611890
  0.00217683   0.00191632     0.00296773  -0.00611890     0.00758839  -0.00128519
    4    1
  0.04204594  -0.03978894     0.00139477   0.01926131     0.00139477   0.01926131
 -0.01119746   0.01096575    -0.00716189   0.00230484    -0.00754169   0.01979087
 -0.01119746   0.01096575    -0.00754169   0.01979087    -0.00716189   0.00230484
    4    2
  0.00260350   0.00904110    -0.00217683  -0.00191632    -0.00217683  -0.00191632
  0.00084796  -0.00399360     0.00758839  -0.00128519     0.00296773  -0.00611890
  0.00084796  -0.00399360     0.00296773  -0.00611890     0.00758839  -0.00128519
    4    3
 -0.01328452   0.00311887    -0.01548517   0.00090029    -0.01548517   0.00090029
 -0.02113912  -0.00451150    -0.01165180   0.00110045    -0.01728264  -0.00087794
 -0.02113912  -0.00451150    -0.01728264  -0.00087794    -0.01165180   0.00110045
    4    4
  0.08796527   0.00000000    -0.00773542   0.00065249    -0.00773542   0.00065249
 -0.00773542  -0.00065249     0.06875047  -0.00000000     0.00166999  -0.00000000
 -0.00773542  -0.00065249     0.00166999  -0.00000000     0.06875047  -0.00000000
    4    5
 -0.03144172   0.00372742     0.00308909   0.00146641     0.00308909   0.00146641
  0.00308909   0.00146641    -0.01831104   0.00328241    -0.00813070   0.00703193
  0.00308909   0.00146641    -0.00813070   0.00703193    -0.01831104   0.00328241
    4    6
 -0.02509109   0.01255943     0.01804622  -0.00211033    -0.00880352  -0.00005394
  0.01804622  -0.00211033    -0.01784621   0.00031753    -0.00112254  -0.00130324
  0.00880352   0.00005394     0.00112254   0.00130324     0.01764371  -0.00356016
    4    7
  0.02446992   0.00000000    -0.01256870   0.00014121     0.01697109  -0.00116515
 -0.01256870  -0.00014121     0.01613445   0.00000000     0.00908734   0.00221151
 -0.01697109  -0.00116515    -0.00908734   0.00221151    -0.04783763  -0.00000000
    4    8
 -0.02509109   0.01255943    -0.00880352  -0.00005394     0.01804622  -0.00211033
  0.00880352   0.00005394     0.01764371  -0.00356016     0.00112254   0.00130324
  0.01804622  -0.00211033    -0.00112254  -0.00130324    -0.01784621   0.00031753
    4    9
  0.02446992   0.00000000     0.01697109  -0.00116515    -0.01256870   0.00014121
 -0.01697109  -0.00116515    -0.04783763  -0.00000000    -0.00908734   0.00221151
 -0.01256870  -0.00014121     0.00908734   0.00221151     0.01613445   0.00000000
    4   10
  0.03555799   0.00000000     0.01086393  -0.00230917     0.01086393  -0.00230917
 -0.01086393  -0.00230917    -0.01590762   0.00000000     0.01341707   0.00000000
 -0.01086393  -0.00230917     0.01341707   0.00000000    -0.01590762   0.00000000
    4   11
 -0.06648288  -0.00011383    -0.01753998   0.00390274    -0.01753998   0.00390274
  0.01753998  -0.00390274     0.01561787   0.00350466    -0.00679313   0.00627844
  0.01753998  -0.00390274    -0.00679313   0.00627844     0.01561787   0.00350466
    5    1
 -0.05548120   0.01651838     0.01598340   0.01083857     0.01598340   0.01083857
  0.01509535  -0.00421441     0.00557700  -0.00504996     0.02091024   0.00336414
  0.01509535  -0.00421441     0.02091024   0.00336414     0.00557700  -0.00504996
    5    2
 -0.01328452  -0.00311887    -0.01548517  -0.00090029    -0.01548517  -0.00090029
 -0.02113912   0.00451150    -0.01165180  -0.00110045    -0.01728264   0.00087794
 -0.02113912   0.00451150    -0.01728264   0.00087794    -0.01165180  -0.00110045
    5    3
  0.00260350  -0.00904110    -0.00217683   0.00191632    -0.00217683   0.00191632
  0.00084796   0.00399360     0.00758839   0.00128519     0.00296773   0.00611890
  0.00084796   0.00399360     0.00296773   0.00611890     0.00758839   0.00128519
    5    4
 -0.03144172  -0.00372742     0.00308909  -0.00146641     0.00308909  -0.00146641
  0.00308909  -0.00146641    -0.01831104  -0.00328241    -0.00813070  -0.00703193
  0.00308909  -0.00146641    -0.00813070  -0.00703193    -0.01831104  -0.00328241
    5    5
  0.08796527  -0.00000000    -0.00773542  -0.00065249    -0.00773542  -0.00065249
 -0.00773542   0.00065249     0.06875047   0.00000000     0.00166999   0.00000000
 -0.00773542   0.00065249     0.00166999   0.00000000     0.06875047   0.00000000
    5    6
  0.02446992  -0.00000000    -0.01256870  -0.00014121     0.01697109   0.00116515
 -0.01256870   0.00014121     0.01613445  -0.00000000     0.00908734  -0.00221151
 -0.01697109   0.00116515    -0.00908734  -0.00221151    -0.04783763   0.00000000
    5    7
 -0.02509109  -0.01255943     0.01804622   0.00211033    -0.00880352   0.00005394
  0.01804622   0.00211033    -0.01784621  -0.00031753    -0.00112254   0.00130324
  0.00880352  -0.00005394     0.00112254  -0.00130324     0.01764371   0.00356016
    5    8
  0.02446992  -0.00000000     0.01697109   0.00116515    -0.01256870  -0.00014121
 -0.01697109   0.00116515    -0.04783763   0.00000000    -0.00908734  -0.00221151
 -0.01256870   0.00014121     0.00908734  -0.00221151     0.01613445  -0.00000000
    5    9
 -0.02509109  -0.01255943    -0.00880352   0.00005394     0.01804622   0.00211033
  0.00880352  -0.00005394     0.01764371   0.00356016     0.00112254  -0.00130324
  0.01804622   0.00211033    -0.00112254   0.00130324    -0.01784621  -0.00031753
    5   10
 -0.06648288   0.00011383    -0.01753998  -0.00390274    -0.01753998  -0.00390274
  0.01753998   0.00390274     0.01561787  -0.00350466    -0.00679313  -0.00627844
  0.01753998   0.00390274    -0.00679313  -0.00627844     0.01561787  -0.00350466
    5   11
  0.03555799  -0.00000000     0.01086393   0.00230917     0.01086393   0.00230917
 -0.01086393   0.00230917    -0.01590762  -0.00000000     0.01341707  -0.00000000
 -0.01086393   0.00230917     0.01341707  -0.00000000    -0.01590762  -0.00000000
    6    1
 -0.05548120   0.01651838     0.01598340   0.01083857    -0.01598340  -0.01083857
  0.01509535  -0.00421441     0.00557700  -0.00504996    -0.02091024  -0.00336414
 -0.01509535   0.00421441    -0.02091024  -0.00336414     0.00557700  -0.00504996
    6    2
  0.00913157  -0.00226585    -0.00274799  -0.00092703     0.00274799   0.00092703
 -0.00303458   0.00273116     0.00268118   0.00721433     0.00381526  -0.00562958
  0.00303458  -0.00273116     0.00381526  -0.00562958     0.00268118   0.00721433
    6    3
 -0.00934328   0.00994529    -0.00852226   0.01296041     0.00852226  -0.01296041
 -0.00666249   0.02056277    -0.00677892   0.00954054     0.00788100  -0.01540617
  0.00666249  -0.02056277     0.00788100  -0.01540617    -0.00677892   0.00954054
    6    4
 -0.02509109  -0.01255943     0.01804622   0.00211033     0.00880352  -0.00005394
  0.01804622   0.00211033    -0.01784621  -0.00031753     0.00112254  -0.00130324
 -0.00880352   0.00005394    -0.00112254   0.00130324     0.01764371   0.00356016
    6    5
  0.02446992   0.00000000    -0.01256870  -0.00014121    -0.01697109  -0.00116515
 -0.01256870   0.00014121     0.01613445   0.00000000    -0.00908734   0.00221151
  0.01697109  -0.00116515     0.00908734   0.00221151    -0.04783763  -0.00000000
    6    6
  0.08796527   0.00000000    -0.00773542  -0.00065249     0.00773542   0.00065249
 -0.00773542   0.00065249     0.06875047   0.00000000    -0.00166999  -0.00000000
  0.00773542  -0.00065249    -0.00166999  -0.00000000     0.06875047   0.00000000
    6    7
 -0.03144172  -0.00372742     0.00308909  -0.00146641    -0.00308909   0.00146641
  0.00308909  -0.00146641    -0.01831104  -0.00328241     0.00813070   0.00703193
 -0.00308909   0.00146641     0.00813070   0.00703193    -0.01831104  -0.00328241
    6    8
  0.03555799  -0.00000000     0.01086393   0.00230917    -0.01086393  -0.00230917
 -0.01086393   0.00230917    -0.01590762  -0.00000000    -0.01341707   0.00000000
  0.01086393  -0.00230917    -0.01341707   0.00000000    -0.01590762  -0.00000000
    6    9
 -0.06648288   0.00011383    -0.01753998  -0.00390274     0.01753998   0.00390274
  0.01753998   0.00390274     0.01561787  -0.00350466     0.00679313   0.00627844
 -0.01753998  -0.00390274     0.00679313   0.00627844     0.01561787  -0.00350466
    6   10
 -0.02509109  -0.01255943    -0.00880352   0.00005394    -0.01804622  -0.00211033
  0.00880352  -0.00005394     0.01764371   0.00356016    -0.00112254   0.00130324
 -0.01804622  -0.00211033     0.00112254  -0.00130324    -0.01784621  -0.00031753
    6   11
  0.02446992   0.00000000     0.01697109   0.00116515     0.01256870   0.00014121
 -0.01697109   0.00116515    -0.04783763  -0.00000000     0.00908734   0.00221151
  0.01256870  -0.00014121    -0.00908734   0.00221151     0.01613445   0.00000000
    7    1
  0.04204594  -0.03978894     0.00139477   0.01926131    -0.00139477  -0.01926131
 -0.01119746   0.01096575    -0.00716189   0.00230484     0.00754169  -0.01979087
  0.01119746  -0.01096575     0.00754169  -0.01979087    -0.00716189   0.00230484
    7    2
 -0.00934328  -0.00994529    -0.00852226  -0.01296041     0.00852226   0.01296041
 -0.00666249  -0.02056277    -0.00677892  -0.00954054     0.00788100   0.01540617
  0.00666249   0.02056277     0.00788100   0.01540617    -0.00677892  -0.00954054
    7    3
  0.00913157   0.00226585    -0.00274799   0.00092703     0.00274799  -0.00092703
 -0.00303458  -0.00273116     0.00268118  -0.00721433     0.00381526   0.00562958
  0.00303458   0.00273116     0.00381526   0.00562958     0.00268118  -0.00721433
    7    4
  0.02446992  -0.00000000    -0.01256870   0.00014121    -0.01697109   0.00116515
 -0.01256870  -0.00014121     0.01613445  -0.00000000    -0.00908734  -0.00221151
  0.01697109   0.00116515     0.00908734  -0.00221151    -0.04783763   0.00000000
    7    5
 -0.02509109   0.01255943     0.01804622  -0.00211033     0.00880352   0.00005394
  0.01804622  -0.00211033    -0.01784621   0.00031753     0.00112254   0.00130324
 -0.00880352  -0.00005394    -0.00112254  -0.00130324     0.01764371  -0.00356016
    7    6
 -0.03144172   0.00372742     0.00308909   0.00146641    -0.00308909  -0.00146641
  0.00308909   0.00146641    -0.01831104   0.00328241     0.00813070  -0.00703193
 -0.00308909  -0.00146641     0.00813070  -0.00703193    -0.01831104   0.00328241
    7    7
  0.08796527  -0.00000000    -0.00773542   0.00065249     0.00773542  -0.00065249
 -0.00773542  -0.00065249     0.06875047  -0.00000000    -0.00166999   0.00000000
  0.00773542   0.00065249    -0.00166999   0.00000000     0.06875047  -0.00000000
    7    8
 -0.06648288  -0.00011383    -0.01753998   0.00390274     0.01753998  -0.00390274
  0.01753998  -0.00390274     0.01561787   0.00350466     0.00679313  -0.00627844
 -0.01753998   0.00390274     0.00679313  -0.00627844     0.01561787   0.00350466
    7    9
  0.03555799   0.00000000     0.01086393  -0.00230917    -0.01086393   0.00230917
 -0.01086393  -0.00230917    -0.01590762   0.00000000    -0.01341707  -0.00000000
  0.01086393   0.00230917    -0.01341707  -0.00000000    -0.01590762   0.00000000
    7   10
  0.02446992  -0.00000000     0.01697109  -0.00116515     0.01256870  -0.00014121
 -0.01697109  -0.00116515    -0.04783763   0.00000000     0.00908734  -0.00221151
  0.01256870   0.00014121    -0.00908734  -0.00221151     0.01613445  -0.00000000
    7   11
 -0.02509109   0.01255943    -0.00880352  -0.00005394    -0.01804622   0.00211033
  0.00880352   0.00005394     0.01764371  -0.00356016    -0.00112254  -0.00130324
 -0.01804622   0.00211033     0.00112254   0.00130324    -0.01784621   0.00031753
    8    1
 -0.05548120   0.01651838    -0.01598340  -0.01083857     0.01598340   0.01083857
 -0.01509535   0.00421441     0.00557700  -0.00504996    -0.02091024  -0.00336414
  0.01509535  -0.00421441    -0.02091024  -0.00336414     0.00557700  -0.00504996
    8    2
  0.00913157  -0.00226585     0.00274799   0.00092703    -0.00274799  -0.00092703
  0.00303458  -0.00273116     0.00268118   0.00721433     0.00381526  -0.00562958
 -0.00303458   0.00273116     0.00381526  -0.00562958     0.00268118   0.00721433
    8    3
 -0.00934328   0.00994529     0.00852226  -0.01296041    -0.00852226   0.01296041
  0.00666249  -0.02056277    -0.00677892   0.00954054     0.00788100  -0.01540617
 -0.00666249   0.02056277     0.00788100  -0.01540617    -0.00677892   0.00954054
    8    4
 -0.02509109  -0.01255943     0.00880352  -0.00005394     0.01804622   0.00211033
 -0.00880352   0.00005394     0.01764371   0.00356016    -0.00112254   0.00130324
  0.01804622   0.00211033     0.00112254  -0.00130324    -0.01784621  -0.00031753
    8    5
  0.02446992   0.00000000    -0.01697109  -0.00116515    -0.01256870  -0.00014121
  0.01697109  -0.00116515    -0.04783763  -0.00000000     0.00908734   0.00221151
 -0.01256870   0.00014121    -0.00908734   0.00221151     0.01613445   0.00000000
    8    6
  0.03555799   0.00000000    -0.01086393  -0.00230917     0.01086393   0.00230917
  0.01086393  -0.00230917    -0.01590762  -0.00000000    -0.01341707   0.00000000
 -0.01086393   0.00230917    -0.01341707   0.00000000    -0.01590762  -0.00000000
    8    7
 -0.06648288   0.00011383     0.01753998   0.00390274    -0.01753998  -0.00390274
 -0.01753998  -0.00390274     0.01561787  -0.00350466     0.00679313   0.00627844
  0.01753998   0.00390274     0.00679313   0.00627844     0.01561787  -0.00350466
    8    8
  0.08796527  -0.00000000     0.00773542   0.00065249    -0.00773542  -0.00065249
  0.00773542  -0.00065249     0.06875047   0.00000000    -0.00166999  -0.00000000
 -0.00773542   0.00065249    -0.00166999  -0.00000000     0.06875047   0.00000000
    8    9
 -0.03144172  -0.00372742    -0.00308909   0.00146641     0.00308909  -0.00146641
 -0.00308909   0.00146641    -0.01831104  -0.00328241     0.00813070   0.00703193
  0.00308909  -0.00146641     0.00813070   0.00703193    -0.01831104  -0.00328241
    8   10
 -0.02509109  -0.01255943    -0.01804622  -0.00211033    -0.00880352   0.00005394
 -0.01804622  -0.00211033    -0.01784621  -0.00031753     0.00112254  -0.00130324
  0.00880352  -0.00005394    -0.00112254   0.00130324     0.01764371   0.00356016
    8   11
  0.02446992   0.00000000     0.01256870   0.00014121     0.01697109   0.00116515
  0.01256870  -0.00014121     0.01613445   0.00000000    -0.00908734   0.00221151
 -0.01697109   0.00116515     0.00908734   0.00221151    -0.04783763  -0.00000000
    9    1
  0.04204594  -0.03978894    -0.00139477  -0.01926131     0.00139477   0.01926131
  0.01119746  -0.01096575    -0.00716189   0.00230484     0.00754169  -0.01979087
 -0.01119746   0.01096575     0.00754169  -0.01979087    -0.00716189   0.00230484
    9    2
 -0.00934328  -0.00994529     0.00852226   0.01296041    -0.00852226  -0.01296041
  0.00666249   0.02056277    -0.00677892  -0.00954054     0.00788100   0.01540617
 -0.00666249  -0.02056277     0.00788100   0.01540617    -0.00677892  -0.00954054
    9    3
  0.00913157   0.00226585     0.00274799  -0.00092703    -0.00274799   0.00092703
  0.00303458   0.00273116     0.00268118  -0.00721433     0.00381526   0.00562958
 -0.00303458  -0.00273116     0.00381526   0.00562958     0.00268118  -0.00721433
    9    4
  0.02446992  -0.00000000    -0.01697109   0.00116515    -0.01256870   0.00014121
  0.01697109   0.00116515    -0.04783763   0.00000000     0.00908734  -0.00221151
 -0.01256870  -0.00014121    -0.00908734  -0.00221151     0.01613445  -0.00000000
    9    5
 -0.02509109   0.01255943     0.00880352   0.00005394     0.01804622  -0.00211033
 -0.00880352  -0.00005394     0.01764371  -0.00356016    -0.00112254  -0.00130324
  0.01804622  -0.00211033     0.00112254   0.00130324    -0.01784621   0.00031753
    9    6
 -0.06648288  -0.00011383     0.01753998  -0.00390274    -0.01753998   0.00390274
 -0.01753998   0.00390274     0.01561787   0.00350466     0.00679313  -0.00627844
  0.01753998  -0.00390274     0.00679313  -0.00627844     0.01561787   0.00350466
    9    7
  0.03555799  -0.00000000    -0.01086393   0.00230917     0.01086393  -0.00230917
  0.01086393   0.00230917    -0.01590762   0.00000000    -0.01341707  -0.00000000
 -0.01086393  -0.00230917    -0.01341707  -0.00000000    -0.01590762   0.00000000
    9    8
 -0.03144172   0.00372742    -0.00308909  -0.00146641     0.00308909   0.00146641
 -0.00308909  -0.00146641    -0.01831104   0.00328241     0.00813070  -0.00703193
  0.00308909   0.00146641     0.00813070  -0.00703193    -0.01831104   0.00328241
    9    9
  0.08796527   0.00000000     0.00773542  -0.00065249    -0.00773542   0.00065249
  0.00773542   0.00065249     0.06875047  -0.00000000    -0.00166999   0.00000000
 -0.00773542  -0.00065249    -0.00166999   0.00000000     0.06875047  -0.00000000
    9   10
  0.02446992  -0.00000000     0.01256870  -0.00014121     0.01697109  -0.00116515
  0.01256870   0.00014121     0.01613445  -0.00000000    -0.00908734  -0.00221151
 -0.01697109  -0.00116515     0.00908734  -0.00221151    -0.04783763   0.00000000
    9   11
 -0.02509109   0.01255943    -0.01804622   0.00211033    -0.00880352  -0.00005394
 -0.01804622   0.00211033    -0.01784621   0.00031753     0.00112254   0.00130324
  0.00880352   0.00005394    -0.00112254  -0.00130324     0.01764371  -0.00356016
   10    1
  0.04204594  -0.03978894    -0.00139477  -0.01926131    -0.00139477  -0.01926131
  0.01119746  -0.01096575    -0.00716189   0.00230484    -0.00754169   0.01979087
  0.01119746  -0.01096575    -0.00754169   0.01979087    -0.00716189   0.00230484
   10    2
  0.00260350   0.00904110     0.00217683   0.00191632     0.00217683   0.00191632
 -0.00084796   0.00399360     0.00758839  -0.00128519     0.00296773  -0.00611890
 -0.00084796   0.00399360     0.00296773  -0.00611890     0.00758839  -0.00128519
   10    3
 -0.01328452   0.00311887     0.01548517  -0.00090029     0.01548517  -0.00090029
  0.02113912   0.00451150    -0.01165180   0.00110045    -0.01728264  -0.00087794
  0.02113912   0.00451150    -0.01728264  -0.00087794    -0.01165180   0.00110045
   10    4
  0.03555799   0.00000000    -0.01086393   0.00230917    -0.01086393   0.00230917
  0.01086393   0.00230917    -0.01590762   0.00000000     0.01341707   0.00000000
  0.01086393   0.00230917     0.01341707   0.00000000    -0.01590762   0.00000000
   10    5
 -0.06648288  -0.00011383     0.01753998  -0.00390274     0.01753998  -0.00390274
 -0.01753998   0.00390274     0.01561787   0.00350466    -0.00679313   0.00627844
 -0.01753998   0.00390274    -0.00679313   0.00627844     0.01561787   0.00350466
   10    6
 -0.02509109   0.01255943     0.00880352   0.00005394    -0.01804622   0.00211033
 -0.00880352  -0.00005394     0.01764371  -0.00356016     0.00112254   0.00130324
 -0.01804622   0.00211033    -0.00112254  -0.00130324    -0.01784621   0.00031753
   10    7
  0.02446992   0.00000000    -0.01697109   0.00116515     0.01256870  -0.00014121
  0.01697109   0.00116515    -0.04783763  -0.00000000    -0.00908734   0.00221151
  0.01256870   0.00014121     0.00908734   0.00221151     0.01613445   0.00000000
   10    8
 -0.02509109   0.01255943    -0.01804622   0.00211033     0.00880352   0.00005394
 -0.01804622   0.00211033    -0.01784621   0.00031753    -0.00112254  -0.00130324
 -0.00880352  -0.00005394     0.00112254   0.00130324     0.01764371  -0.00356016
   10    9
  0.02446992   0.00000000     0.01256870  -0.00014121    -0.01697109   0.00116515
  0.01256870   0.00014121     0.01613445   0.00000000     0.00908734   0.00221151
  0.01697109   0.00116515    -0.00908734   0.00221151    -0.04783763  -0.00000000
   10   10
  0.08796527  -0.00000000     0.00773542  -0.00065249     0.00773542  -0.00065249
  0.00773542   0.00065249     0.06875047  -0.00000000     0.00166999  -0.00000000
  0.00773542   0.00065249     0.00166999  -0.00000000     0.06875047  -0.00000000
   10   11
 -0.03144172   0.00372742    -0.00308909  -0.00146641    -0.00308909  -0.00146641
 -0.00308909  -0.00146641    -0.01831104   0.00328241    -0.00813070   0.00703193
 -0.00308909  -0.00146641    -0.00813070   0.00703193    -0.01831104   0.00328241
   11    1
 -0.05548120   0.01651838    -0.01598340  -0.01083857    -0.01598340  -0.01083857
 -0.01509535   0.00421441     0.00557700  -0.00504996     0.02091024   0.00336414
 -0.01509535   0.00421441     0.02091024   0.00336414     0.00557700  -0.00504996
   11    2
 -0.01328452  -0.00311887     0.01548517   0.00090029     0.01548517   0.00090029
  0.02113912  -0.00451150    -0.01165180  -0.00110045    -0.01728264   0.00087794
  0.02113912  -0.00451150    -0.01728264   0.00087794    -0.01165180  -0.00110045
   11    3
  0.00260350  -0.00904110     0.00217683  -0.00191632     0.00217683  -0.00191632
 -0.00084796  -0.00399360     0.00758839   0.00128519     0.00296773   0.00611890
 -0.00084796  -0.00399360     0.00296773   0.00611890     0.00758839   0.00128519
   11    4
 -0.06648288   0.00011383     0.01753998   0.00390274     0.01753998   0.00390274
 -0.01753998  -0.00390274     0.01561787  -0.00350466    -0.00679313  -0.00627844
 -0.01753998  -0.00390274    -0.00679313  -0.00627844     0.01561787  -0.00350466
   11    5
  0.03555799  -0.00000000    -0.01086393  -0.00230917    -0.01086393  -0.00230917
  0.01086393  -0.00230917    -0.01590762   0.00000000     0.01341707  -0.00000000
  0.01086393  -0.00230917     0.01341707  -0.00000000    -0.01590762  -0.00000000
   11    6
  0.02446992  -0.00000000    -0.01697109  -0.00116515     0.01256870   0.00014121
  0.01697109  -0.00116515    -0.04783763   0.00000000    -0.00908734  -0.00221151
  0.01256870  -0.00014121     0.00908734  -0.00221151     0.01613445  -0.00000000
   11    7
 -0.02509109  -0.01255943     0.00880352  -0.00005394    -0.01804622  -0.00211033
 -0.00880352   0.00005394     0.01764371   0.00356016     0.00112254  -0.00130324
 -0.01804622  -0.00211033    -0.00112254   0.00130324    -0.01784621  -0.00031753
   11    8
  0.02446992  -0.00000000     0.01256870   0.00014121    -0.01697109  -0.00116515
  0.01256870  -0.00014121     0.01613445  -0.00000000     0.00908734  -0.00221151
  0.01697109  -0.00116515    -0.00908734  -0.00221151    -0.04783763   0.00000000
   11    9
 -0.02509109  -0.01255943    -0.01804622  -0.00211033     0.00880352  -0.00005394
 -0.01804622  -0.00211033    -0.01784621  -0.00031753    -0.00112254   0.00130324
 -0.00880352   0.00005394     0.00112254  -0.00130324     0.01764371   0.00356016
   11   10
 -0.03144172  -0.00372742    -0.00308909   0.00146641    -0.00308909   0.00146641
 -0.00308909   0.00146641    -0.01831104  -0.00328241    -0.00813070  -0.00703193
 -0.00308909   0.00146641    -0.00813070  -0.00703193    -0.01831104  -0.00328241
   11   11
  0.08796527   0.00000000     0.00773542   0.00065249     0.00773542   0.00065249
  0.00773542  -0.00065249     0.06875047   0.00000000     0.00166999   0.00000000
  0.00773542  -0.00065249     0.00166999   0.00000000     0.06875047   0.00000000

     Dynamical  Matrix in cartesian axes

     q = (   -0.235702260   0.000000000   0.000000000 ) 

    1    1
  0.22165545   0.00000000     0.00000000   0.00000000     0.00000000   0.00000000
  0.00000000   0.00000000     0.11965727   0.00000000     0.00000000   0.00000000
 -0.00000000   0.00000000     0.00000000   0.00000000     0.11965727   0.00000000
    1    2
  0.01729776   0.00998687     0.00000000  -0.00000000     0.00000000  -0.00000000
  0.00000000  -0.00000000    -0.03490400  -0.02015183    -0.00345077   0.00597691
  0.00000000  -0.00000000    -0.00345077   0.00597691    -0.03490400  -0.02015183
    1    3
  0.00000000   0.01997373     0.00000000   0.00000000    -0.00000000   0.00000000
 -0.00000000  -0.00000000    -0.00000000  -0.04030367     0.00690154   0.00000000
  0.00000000  -0.00000000     0.00690154   0.00000000    -0.00000000  -0.04030367
    1    4
  0.04204594  -0.03978894    -0.01119746   0.01096575    -0.01119746   0.01096575
  0.00139477   0.01926131    -0.00716189   0.00230484    -0.00754169   0.01979087
  0.00139477   0.01926131    -0.00754169   0.01979087    -0.00716189   0.00230484
    1    5
 -0.05548120   0.01651838     0.01509535  -0.00421441     0.01509535  -0.00421441
  0.01598340   0.01083857     0.00557700  -0.00504996     0.02091024   0.00336414
  0.01598340   0.01083857     0.02091024   0.00336414     0.00557700  -0.00504996
    1    6
 -0.05548120   0.01651838     0.01509535  -0.00421441    -0.01509535   0.00421441
  0.01598340   0.01083857     0.00557700  -0.00504996    -0.02091024  -0.00336414
 -0.01598340  -0.01083857    -0.02091024  -0.00336414     0.00557700  -0.00504996
    1    7
  0.04204594  -0.03978894    -0.01119746   0.01096575     0.01119746  -0.01096575
  0.00139477   0.01926131    -0.00716189   0.00230484     0.00754169  -0.01979087
 -0.00139477  -0.01926131     0.00754169  -0.01979087    -0.00716189   0.00230484
    1    8
 -0.05548120   0.01651838    -0.01509535   0.00421441     0.01509535  -0.00421441
 -0.01598340  -0.01083857     0.00557700  -0.00504996    -0.02091024  -0.00336414
  0.01598340   0.01083857    -0.02091024  -0.00336414     0.00557700  -0.00504996
    1    9
  0.04204594  -0.03978894     0.01119746  -0.01096575    -0.01119746   0.01096575
 -0.00139477  -0.01926131    -0.00716189   0.00230484     0.00754169  -0.01979087
  0.00139477   0.01926131     0.00754169  -0.01979087    -0.00716189   0.00230484
    1   10
  0.04204594  -0.03978894     0.01119746  -0.01096575     0.01119746  -0.01096575
 -0.00139477  -0.01926131    -0.00716189   0.00230484    -0.00754169   0.01979087
 -0.00139477  -0.01926131    -0.00754169   0.01979087    -0.00716189   0.00230484
    1   11
 -0.05548120   0.01651838    -0.01509535   0.00421441    -0.01509535   0.00421441
 -0.01598340  -0.01083857     0.00557700  -0.00504996     0.02091024   0.00336414
 -0.01598340  -0.01083857     0.02091024   0.00336414     0.00557700  -0.00504996
    2    1
  0.01729776  -0.00998687    -0.00000000   0.00000000    -0.00000000   0.00000000
 -0.00000000   0.00000000    -0.03490400   0.02015183    -0.00345077  -0.00597691
 -0.00000000   0.00000000    -0.00345077  -0.00597691    -0.03490400   0.02015183
    2    2
  0.09309597   0.00000000     0.00000000  -0.00000000     0.00000000  -0.00000000
  0.00000000   0.00000000     0.05545362   0.00000000     0.00000000   0.00000000
  0.00000000  -0.00000000     0.00000000   0.00000000     0.05545362   0.00000000
    2    3
  0.00038760   0.00067134    -0.00000000   0.00000000    -0.00000000  -0.00000000
  0.00000000   0.00000000    -0.00150480  -0.00260640    -0.00515944   0.00297880
 -0.00000000  -0.00000000    -0.00515944   0.00297880    -0.00150480  -0.00260640
    2    4
  0.00260350   0.00904110     0.00084796  -0.00399360     0.00084796  -0.00399360
 -0.00217683  -0.00191632     0.00758839  -0.00128519     0.00296773  -0.00611890
 -0.00217683  -0.00191632     0.00296773  -0.00611890     0.00758839  -0.00128519
    2    5
 -0.01328452  -0.00311887    -0.02113912   0.00451150    -0.02113912   0.00451150
 -0.01548517  -0.00090029    -0.01165180  -0.00110045    -0.01728264   0.00087794
 -0.01548517  -0.00090029    -0.01728264   0.00087794    -0.01165180  -0.00110045
    2    6
  0.00913157  -0.00226585    -0.00303458   0.00273116     0.00303458  -0.00273116
 -0.00274799  -0.00092703     0.00268118   0.00721433     0.00381526  -0.00562958
  0.00274799   0.00092703     0.00381526  -0.00562958     0.00268118   0.00721433
    2    7
 -0.00934328  -0.00994529    -0.00666249  -0.02056277     0.00666249   0.02056277
 -0.00852226  -0.01296041    -0.00677892  -0.00954054     0.00788100   0.01540617
  0.00852226   0.01296041     0.00788100   0.01540617    -0.00677892  -0.00954054
    2    8
  0.00913157  -0.00226585     0.00303458  -0.00273116    -0.00303458   0.00273116
  0.00274799   0.00092703     0.00268118   0.00721433     0.00381526  -0.00562958
 -0.00274799  -0.00092703     0.00381526  -0.00562958     0.00268118   0.00721433
    2    9
 -0.00934328  -0.00994529     0.00666249   0.02056277    -0.00666249  -0.02056277
  0.00852226   0.01296041    -0.00677892  -0.00954054     0.00788100   0.01540617
 -0.00852226  -0.01296041     0.00788100   0.01540617    -0.00677892  -0.00954054
    2   10
  0.00260350   0.00904110    -0.00084796   0.00399360    -0.00084796   0.00399360
  0.00217683   0.00191632     0.00758839  -0.00128519     0.00296773  -0.00611890
  0.00217683   0.00191632     0.00296773  -0.00611890     0.00758839  -0.00128519
    2   11
 -0.01328452  -0.00311887     0.02113912  -0.00451150     0.02113912  -0.00451150
  0.01548517   0.00090029    -0.01165180  -0.00110045    -0.01728264   0.00087794
  0.01548517   0.00090029    -0.01728264   0.00087794    -0.01165180  -0.00110045
    3    1
 -0.00000000  -0.01997373     0.00000000   0.00000000     0.00000000   0.00000000
  0.00000000   0.00000000    -0.00000000   0.04030367     0.00690154  -0.00000000
  0.00000000  -0.00000000     0.00690154   0.00000000    -0.00000000   0.04030367
    3    2
  0.00038760  -0.00067134    -0.00000000   0.00000000    -0.00000000   0.00000000
  0.00000000   0.00000000    -0.00150480   0.00260640    -0.00515944  -0.00297880
 -0.00000000   0.00000000    -0.00515944  -0.00297880    -0.00150480   0.00260640
    3    3
  0.09309597  -0.00000000     0.00000000   0.00000000     0.00000000   0.00000000
  0.00000000  -0.00000000     0.05545362  -0.00000000     0.00000000  -0.00000000
  0.00000000   0.00000000     0.00000000  -0.00000000     0.05545362  -0.00000000
    3    4
 -0.01328452   0.00311887    -0.02113912  -0.00451150    -0.02113912  -0.00451150
 -0.01548517   0.00090029    -0.01165180   0.00110045    -0.01728264  -0.00087794
 -0.01548517   0.00090029    -0.01728264  -0.00087794    -0.01165180   0.00110045
    3    5
  0.00260350  -0.00904110     0.00084796   0.00399360     0.00084796   0.00399360
 -0.00217683   0.00191632     0.00758839   0.00128519     0.00296773   0.00611890
 -0.00217683   0.00191632     0.00296773   0.00611890     0.00758839   0.00128519
    3    6
 -0.00934328   0.00994529    -0.00666249   0.02056277     0.00666249  -0.02056277
 -0.00852226   0.01296041    -0.00677892   0.00954054     0.00788100  -0.01540617
  0.00852226  -0.01296041     0.00788100  -0.01540617    -0.00677892   0.00954054
    3    7
  0.00913157   0.00226585    -0.00303458  -0.00273116     0.00303458   0.00273116
 -0.00274799   0.00092703     0.00268118  -0.00721433     0.00381526   0.00562958
  0.00274799  -0.00092703     0.00381526   0.00562958     0.00268118  -0.00721433
    3    8
 -0.00934328   0.00994529     0.00666249  -0.02056277    -0.00666249   0.02056277
  0.00852226  -0.01296041    -0.00677892   0.00954054     0.00788100  -0.01540617
 -0.00852226   0.01296041     0.00788100  -0.01540617    -0.00677892   0.00954054
    3    9
  0.00913157   0.00226585     0.00303458   0.00273116    -0.00303458  -0.00273116
  0.00274799  -0.00092703     0.00268118  -0.00721433     0.00381526   0.00562958
 -0.00274799   0.00092703     0.00381526   0.00562958     0.00268118  -0.00721433
    3   10
 -0.01328452   0.00311887     0.02113912   0.00451150     0.02113912   0.00451150
  0.01548517  -0.00090029    -0.01165180   0.00110045    -0.01728264  -0.00087794
  0.01548517  -0.00090029    -0.01728264  -0.00087794    -0.01165180   0.00110045
    3   11
  0.00260350  -0.00904110    -0.00084796  -0.00399360    -0.00084796  -0.00399360
  0.00217683  -0.00191632     0.00758839   0.00128519     0.00296773   0.00611890
  0.00217683  -0.00191632     0.00296773   0.00611890     0.00758839   0.00128519
    4    1
  0.04204594   0.03978894     0.00139477  -0.01926131     0.00139477  -0.01926131
