  3.500000000000000E-002   1.50273456926983        5.55224362354358     
           8

     Dynamical  Matrix in cartesian axes

     q = (    0.235702260   0.235702260  -0.235702260 ) 

    1    1
  0.21422516   0.00000000     0.06518889   0.00000000    -0.06518889   0.00000000
  0.06518889   0.00000000     0.21422516   0.00000000    -0.06518889   0.00000000
 -0.06518889   0.00000000    -0.06518889   0.00000000     0.21422516   0.00000000
    1    2
  0.00056944   0.02272341     0.02638975   0.00066001    -0.02638975  -0.00066001
  0.02638975   0.00066001     0.00056944   0.02272341    -0.02638975  -0.00066001
 -0.02638975  -0.00066001    -0.02638975  -0.00066001     0.00056944   0.02272341
    1    3
 -0.01996377   0.01086855    -0.01376646  -0.02252419     0.01376646   0.02252419
 -0.01376646  -0.02252419    -0.01996377   0.01086855     0.01376646   0.02252419
  0.01376646   0.02252419     0.01376646   0.02252419    -0.01996377   0.01086855
    1    4
  0.03547832   0.02105184     0.00979480  -0.00978443    -0.00754189  -0.00800574
  0.00979480  -0.00978443     0.03547832   0.02105184    -0.00754189  -0.00800574
  0.00154610  -0.01864002     0.00154610  -0.01864002    -0.02957212  -0.01219931
    1    5
 -0.03597059  -0.02019920     0.00357617  -0.01337476     0.01070412   0.00252859
  0.00357617  -0.01337476    -0.03597059  -0.02019920     0.01070412   0.00252859
  0.01536968  -0.01065897     0.01536968  -0.01065897     0.02535097   0.01951056
    1    6
 -0.03117149  -0.01069028     0.00761741   0.00806336    -0.00761741  -0.00806336
  0.00761741   0.00806336    -0.03117149  -0.01069028    -0.00761741  -0.00806336
 -0.00761741  -0.00806336    -0.00761741  -0.00806336    -0.03117149  -0.01069028
    1    7
  0.02484380   0.02165016    -0.01079178  -0.00256520     0.01079178   0.00256520
 -0.01079178  -0.00256520     0.02484380   0.02165016     0.01079178   0.00256520
  0.01079178   0.00256520     0.01079178   0.00256520     0.02484380   0.02165016
    1    8
 -0.02957212  -0.01219931    -0.00154610   0.01864002     0.00154610  -0.01864002
  0.00754189   0.00800574     0.03547832   0.02105184    -0.00979480   0.00978443
 -0.00754189  -0.00800574    -0.00979480   0.00978443     0.03547832   0.02105184
    1    9
  0.02535097   0.01951056    -0.01536968   0.01065897     0.01536968  -0.01065897
 -0.01070412  -0.00252859    -0.03597059  -0.02019920    -0.00357617   0.01337476
  0.01070412   0.00252859    -0.00357617   0.01337476    -0.03597059  -0.02019920
    1   10
  0.03547832   0.02105184     0.00754189   0.00800574    -0.00979480   0.00978443
 -0.00154610   0.01864002    -0.02957212  -0.01219931     0.00154610  -0.01864002
 -0.00979480   0.00978443    -0.00754189  -0.00800574     0.03547832   0.02105184
    1   11
 -0.03597059  -0.02019920    -0.01070412  -0.00252859    -0.00357617   0.01337476
 -0.01536968   0.01065897     0.02535097   0.01951056     0.01536968  -0.01065897
 -0.00357617   0.01337476     0.01070412   0.00252859    -0.03597059  -0.02019920
    2    1
  0.00056944  -0.02272341     0.02638975  -0.00066001    -0.02638975   0.00066001
  0.02638975  -0.00066001     0.00056944  -0.02272341    -0.02638975   0.00066001
 -0.02638975   0.00066001    -0.02638975   0.00066001     0.00056944  -0.02272341
    2    2
  0.06833274  -0.00000000     0.00084301   0.00000000    -0.00084301  -0.00000000
  0.00084301   0.00000000     0.06833274  -0.00000000    -0.00084301  -0.00000000
 -0.00084301  -0.00000000    -0.00084301  -0.00000000     0.06833274  -0.00000000
    2    3
 -0.00371005   0.00199751    -0.00084538   0.00112042     0.00084538  -0.00112042
 -0.00084538   0.00112042    -0.00371005   0.00199751     0.00084538  -0.00112042
  0.00084538  -0.00112042     0.00084538  -0.00112042    -0.00371005   0.00199751
    2    4
  0.01438297  -0.00383801     0.00011193  -0.00058262     0.00233444   0.00738356
  0.00011193  -0.00058262     0.01438297  -0.00383801     0.00233444   0.00738356
 -0.00196478   0.00037207    -0.00196478   0.00037207     0.00770250   0.00947678
    2    5
 -0.01841055   0.00453597    -0.01287189  -0.00139819    -0.01431080  -0.00379957
 -0.01287189  -0.00139819    -0.01841055   0.00453597    -0.01431080  -0.00379957
 -0.02112836   0.00153400    -0.02112836   0.00153400    -0.02051429  -0.00256474
    2    6
  0.00751289  -0.00185326     0.00210233  -0.00473813    -0.00210233   0.00473813
  0.00210233  -0.00473813     0.00751289  -0.00185326    -0.00210233   0.00473813
 -0.00210233   0.00473813    -0.00210233   0.00473813     0.00751289  -0.00185326
    2    7
  0.00466191   0.00964885     0.00724517   0.02314104    -0.00724517  -0.02314104
  0.00724517   0.02314104     0.00466191   0.00964885    -0.00724517  -0.02314104
 -0.00724517  -0.02314104    -0.00724517  -0.02314104     0.00466191   0.00964885
    2    8
  0.00770250   0.00947678     0.00196478  -0.00037207    -0.00196478   0.00037207
 -0.00233444  -0.00738356     0.01438297  -0.00383801    -0.00011193   0.00058262
  0.00233444   0.00738356    -0.00011193   0.00058262     0.01438297  -0.00383801
    2    9
 -0.02051429  -0.00256474     0.02112836  -0.00153400    -0.02112836   0.00153400
  0.01431080   0.00379957    -0.01841055   0.00453597     0.01287189   0.00139819
 -0.01431080  -0.00379957     0.01287189   0.00139819    -0.01841055   0.00453597
    2   10
  0.01438297  -0.00383801    -0.00233444  -0.00738356    -0.00011193   0.00058262
  0.00196478  -0.00037207     0.00770250   0.00947678    -0.00196478   0.00037207
 -0.00011193   0.00058262     0.00233444   0.00738356     0.01438297  -0.00383801
    2   11
 -0.01841055   0.00453597     0.01431080   0.00379957     0.01287189   0.00139819
  0.02112836  -0.00153400    -0.02051429  -0.00256474    -0.02112836   0.00153400
  0.01287189   0.00139819    -0.01431080  -0.00379957    -0.01841055   0.00453597
    3    1
 -0.01996377  -0.01086855    -0.01376646   0.02252419     0.01376646  -0.02252419
 -0.01376646   0.02252419    -0.01996377  -0.01086855     0.01376646  -0.02252419
  0.01376646  -0.02252419     0.01376646  -0.02252419    -0.01996377  -0.01086855
    3    2
 -0.00371005  -0.00199751    -0.00084538  -0.00112042     0.00084538   0.00112042
 -0.00084538  -0.00112042    -0.00371005  -0.00199751     0.00084538   0.00112042
  0.00084538   0.00112042     0.00084538   0.00112042    -0.00371005  -0.00199751
    3    3
  0.06833274   0.00000000     0.00084301  -0.00000000    -0.00084301   0.00000000
  0.00084301  -0.00000000     0.06833274   0.00000000    -0.00084301   0.00000000
 -0.00084301   0.00000000    -0.00084301   0.00000000     0.06833274   0.00000000
    3    4
 -0.01841055  -0.00453597    -0.01287189   0.00139819    -0.01431080   0.00379957
 -0.01287189   0.00139819    -0.01841055  -0.00453597    -0.01431080   0.00379957
 -0.02112836  -0.00153400    -0.02112836  -0.00153400    -0.02051429   0.00256474
    3    5
  0.01438297   0.00383801     0.00011193   0.00058262     0.00233444  -0.00738356
  0.00011193   0.00058262     0.01438297   0.00383801     0.00233444  -0.00738356
 -0.00196478  -0.00037207    -0.00196478  -0.00037207     0.00770250  -0.00947678
    3    6
  0.00466191  -0.00964885     0.00724517  -0.02314104    -0.00724517   0.02314104
  0.00724517  -0.02314104     0.00466191  -0.00964885    -0.00724517   0.02314104
 -0.00724517   0.02314104    -0.00724517   0.02314104     0.00466191  -0.00964885
    3    7
  0.00751289   0.00185326     0.00210233   0.00473813    -0.00210233  -0.00473813
  0.00210233   0.00473813     0.00751289   0.00185326    -0.00210233  -0.00473813
 -0.00210233  -0.00473813    -0.00210233  -0.00473813     0.00751289   0.00185326
    3    8
 -0.02051429   0.00256474     0.02112836   0.00153400    -0.02112836  -0.00153400
  0.01431080  -0.00379957    -0.01841055  -0.00453597     0.01287189  -0.00139819
 -0.01431080   0.00379957     0.01287189  -0.00139819    -0.01841055  -0.00453597
    3    9
  0.00770250  -0.00947678     0.00196478   0.00037207    -0.00196478  -0.00037207
 -0.00233444   0.00738356     0.01438297   0.00383801    -0.00011193  -0.00058262
  0.00233444  -0.00738356    -0.00011193  -0.00058262     0.01438297   0.00383801
    3   10
 -0.01841055  -0.00453597     0.01431080  -0.00379957     0.01287189  -0.00139819
  0.02112836   0.00153400    -0.02051429   0.00256474    -0.02112836  -0.00153400
  0.01287189  -0.00139819    -0.01431080   0.00379957    -0.01841055  -0.00453597
    3   11
  0.01438297   0.00383801    -0.00233444   0.00738356    -0.00011193  -0.00058262
  0.00196478   0.00037207     0.00770250  -0.00947678    -0.00196478  -0.00037207
 -0.00011193  -0.00058262     0.00233444  -0.00738356     0.01438297   0.00383801
    4    1
  0.03547832  -0.02105184     0.00979480   0.00978443     0.00154610   0.01864002
  0.00979480   0.00978443     0.03547832  -0.02105184     0.00154610   0.01864002
 -0.00754189   0.00800574    -0.00754189   0.00800574    -0.02957212   0.01219931
    4    2
  0.01438297   0.00383801     0.00011193   0.00058262    -0.00196478  -0.00037207
  0.00011193   0.00058262     0.01438297   0.00383801    -0.00196478  -0.00037207
  0.00233444  -0.00738356     0.00233444  -0.00738356     0.00770250  -0.00947678
    4    3
 -0.01841055   0.00453597    -0.01287189  -0.00139819    -0.02112836   0.00153400
 -0.01287189  -0.00139819    -0.01841055   0.00453597    -0.02112836   0.00153400
 -0.01431080  -0.00379957    -0.01431080  -0.00379957    -0.02051429  -0.00256474
    4    4
  0.07342084  -0.00000000     0.00352618  -0.00000000    -0.00413323   0.00354055
  0.00352618   0.00000000     0.07342084   0.00000000    -0.00413323   0.00354055
 -0.00413323  -0.00354055    -0.00413323  -0.00354055     0.05760770   0.00000000
    4    5
 -0.01488750  -0.00143660    -0.00845676  -0.00524497    -0.00517994   0.01140923
 -0.00845676  -0.00524497    -0.01488750  -0.00143660    -0.00517994   0.01140923
 -0.00517994   0.01140923    -0.00517994   0.01140923    -0.01017362   0.00792612
    4    6
 -0.00921482   0.00278864     0.01687966  -0.00185428    -0.01042258  -0.00850578
  0.01687966  -0.00185428    -0.00921482   0.00278864    -0.01042258  -0.00850578
 -0.00144093  -0.00521066    -0.00144093  -0.00521066     0.01055357   0.00544852
    4    7
  0.00533681   0.00329787    -0.00691412   0.00277415     0.01585592  -0.00113611
 -0.00691412   0.00277415     0.00533681   0.00329787     0.01585592  -0.00113611
 -0.00771381   0.00291610    -0.00771381   0.00291610    -0.03337527  -0.00404046
    4    8
  0.00218878  -0.00173427    -0.00221322   0.00380979     0.01776977   0.00000000
  0.00562970  -0.00551336     0.01657985   0.00000000     0.00221322   0.00380979
  0.01244892   0.00000000    -0.00562970  -0.00551336     0.00218878   0.00173427
    4    9
  0.00641346   0.00053187     0.01226759  -0.00220069    -0.01313115   0.00150968
 -0.00658507  -0.00379796    -0.04897640  -0.00254605    -0.01226759   0.00220069
 -0.01260526   0.00876936     0.00658507   0.00379796     0.00641346   0.00053187
    4   10
  0.01657985   0.00000000     0.00562970  -0.00551336     0.00221322   0.00380979
 -0.00221322   0.00380979     0.00218878  -0.00173427     0.01776977   0.00000000
 -0.00562970  -0.00551336     0.01244892   0.00000000     0.00218878   0.00173427
    4   11
 -0.04897640  -0.00254605    -0.00658507  -0.00379796    -0.01226759   0.00220069
  0.01226759  -0.00220069     0.00641346   0.00053187    -0.01313115   0.00150968
  0.00658507   0.00379796    -0.01260526   0.00876936     0.00641346   0.00053187
    5    1
 -0.03597059   0.02019920     0.00357617   0.01337476     0.01536968   0.01065897
  0.00357617   0.01337476    -0.03597059   0.02019920     0.01536968   0.01065897
  0.01070412  -0.00252859     0.01070412  -0.00252859     0.02535097  -0.01951056
    5    2
 -0.01841055  -0.00453597    -0.01287189   0.00139819    -0.02112836  -0.00153400
 -0.01287189   0.00139819    -0.01841055  -0.00453597    -0.02112836  -0.00153400
 -0.01431080   0.00379957    -0.01431080   0.00379957    -0.02051429   0.00256474
    5    3
  0.01438297  -0.00383801     0.00011193  -0.00058262    -0.00196478   0.00037207
  0.00011193  -0.00058262     0.01438297  -0.00383801    -0.00196478   0.00037207
  0.00233444   0.00738356     0.00233444   0.00738356     0.00770250   0.00947678
    5    4
 -0.01488750   0.00143660    -0.00845676   0.00524497    -0.00517994  -0.01140923
 -0.00845676   0.00524497    -0.01488750   0.00143660    -0.00517994  -0.01140923
 -0.00517994  -0.01140923    -0.00517994  -0.01140923    -0.01017362  -0.00792612
    5    5
  0.07342084   0.00000000     0.00352618   0.00000000    -0.00413323  -0.00354055
  0.00352618  -0.00000000     0.07342084  -0.00000000    -0.00413323  -0.00354055
 -0.00413323   0.00354055    -0.00413323   0.00354055     0.05760770  -0.00000000
    5    6
  0.00533681  -0.00329787    -0.00691412  -0.00277415     0.01585592   0.00113611
 -0.00691412  -0.00277415     0.00533681  -0.00329787     0.01585592   0.00113611
 -0.00771381  -0.00291610    -0.00771381  -0.00291610    -0.03337527   0.00404046
    5    7
 -0.00921482  -0.00278864     0.01687966   0.00185428    -0.01042258   0.00850578
  0.01687966   0.00185428    -0.00921482  -0.00278864    -0.01042258   0.00850578
 -0.00144093   0.00521066    -0.00144093   0.00521066     0.01055357  -0.00544852
    5    8
  0.00641346  -0.00053187     0.01226759   0.00220069    -0.01313115  -0.00150968
 -0.00658507   0.00379796    -0.04897640   0.00254605    -0.01226759  -0.00220069
 -0.01260526  -0.00876936     0.00658507  -0.00379796     0.00641346  -0.00053187
    5    9
  0.00218878   0.00173427    -0.00221322  -0.00380979     0.01776977  -0.00000000
  0.00562970   0.00551336     0.01657985  -0.00000000     0.00221322  -0.00380979
  0.01244892  -0.00000000    -0.00562970   0.00551336     0.00218878  -0.00173427
    5   10
 -0.04897640   0.00254605    -0.00658507   0.00379796    -0.01226759  -0.00220069
  0.01226759   0.00220069     0.00641346  -0.00053187    -0.01313115  -0.00150968
  0.00658507  -0.00379796    -0.01260526  -0.00876936     0.00641346  -0.00053187
    5   11
  0.01657985  -0.00000000     0.00562970   0.00551336     0.00221322  -0.00380979
 -0.00221322  -0.00380979     0.00218878   0.00173427     0.01776977  -0.00000000
 -0.00562970   0.00551336     0.01244892  -0.00000000     0.00218878  -0.00173427
    6    1
 -0.03117149   0.01069028     0.00761741  -0.00806336    -0.00761741   0.00806336
  0.00761741  -0.00806336    -0.03117149   0.01069028    -0.00761741   0.00806336
 -0.00761741   0.00806336    -0.00761741   0.00806336    -0.03117149   0.01069028
    6    2
  0.00751289   0.00185326     0.00210233   0.00473813    -0.00210233  -0.00473813
  0.00210233   0.00473813     0.00751289   0.00185326    -0.00210233  -0.00473813
 -0.00210233  -0.00473813    -0.00210233  -0.00473813     0.00751289   0.00185326
    6    3
  0.00466191   0.00964885     0.00724517   0.02314104    -0.00724517  -0.02314104
  0.00724517   0.02314104     0.00466191   0.00964885    -0.00724517  -0.02314104
 -0.00724517  -0.02314104    -0.00724517  -0.02314104     0.00466191   0.00964885
    6    4
 -0.00921482  -0.00278864     0.01687966   0.00185428    -0.00144093   0.00521066
  0.01687966   0.00185428    -0.00921482  -0.00278864    -0.00144093   0.00521066
 -0.01042258   0.00850578    -0.01042258   0.00850578     0.01055357  -0.00544852
    6    5
  0.00533681   0.00329787    -0.00691412   0.00277415    -0.00771381   0.00291610
 -0.00691412   0.00277415     0.00533681   0.00329787    -0.00771381   0.00291610
  0.01585592  -0.00113611     0.01585592  -0.00113611    -0.03337527  -0.00404046
    6    6
  0.07283688   0.00000000     0.00945455  -0.00000000    -0.00945455   0.00000000
  0.00945455  -0.00000000     0.07283688   0.00000000    -0.00945455   0.00000000
 -0.00945455   0.00000000    -0.00945455   0.00000000     0.07283688   0.00000000
    6    7
 -0.00852519   0.01410790    -0.01667178   0.00916942     0.01667178  -0.00916942
 -0.01667178   0.00916942    -0.00852519   0.01410790     0.01667178  -0.00916942
  0.01667178  -0.00916942     0.01667178  -0.00916942    -0.00852519   0.01410790
    6    8
  0.01055357  -0.00544852     0.01042258  -0.00850578    -0.01042258   0.00850578
  0.00144093  -0.00521066    -0.00921482  -0.00278864    -0.01687966  -0.00185428
 -0.00144093   0.00521066    -0.01687966  -0.00185428    -0.00921482  -0.00278864
    6    9
 -0.03337527  -0.00404046    -0.01585592   0.00113611     0.01585592  -0.00113611
  0.00771381  -0.00291610     0.00533681   0.00329787     0.00691412  -0.00277415
 -0.00771381   0.00291610     0.00691412  -0.00277415     0.00533681   0.00329787
    6   10
 -0.00921482  -0.00278864     0.00144093  -0.00521066    -0.01687966  -0.00185428
  0.01042258  -0.00850578     0.01055357  -0.00544852    -0.01042258   0.00850578
 -0.01687966  -0.00185428    -0.00144093   0.00521066    -0.00921482  -0.00278864
    6   11
  0.00533681   0.00329787     0.00771381  -0.00291610     0.00691412  -0.00277415
 -0.01585592   0.00113611    -0.03337527  -0.00404046     0.01585592  -0.00113611
  0.00691412  -0.00277415    -0.00771381   0.00291610     0.00533681   0.00329787
    7    1
  0.02484380  -0.02165016    -0.01079178   0.00256520     0.01079178  -0.00256520
 -0.01079178   0.00256520     0.02484380  -0.02165016     0.01079178  -0.00256520
  0.01079178  -0.00256520     0.01079178  -0.00256520     0.02484380  -0.02165016
    7    2
  0.00466191  -0.00964885     0.00724517  -0.02314104    -0.00724517   0.02314104
  0.00724517  -0.02314104     0.00466191  -0.00964885    -0.00724517   0.02314104
 -0.00724517   0.02314104    -0.00724517   0.02314104     0.00466191  -0.00964885
    7    3
  0.00751289  -0.00185326     0.00210233  -0.00473813    -0.00210233   0.00473813
  0.00210233  -0.00473813     0.00751289  -0.00185326    -0.00210233   0.00473813
 -0.00210233   0.00473813    -0.00210233   0.00473813     0.00751289  -0.00185326
    7    4
  0.00533681  -0.00329787    -0.00691412  -0.00277415    -0.00771381  -0.00291610
 -0.00691412  -0.00277415     0.00533681  -0.00329787    -0.00771381  -0.00291610
  0.01585592   0.00113611     0.01585592   0.00113611    -0.03337527   0.00404046
    7    5
 -0.00921482   0.00278864     0.01687966  -0.00185428    -0.00144093  -0.00521066
  0.01687966  -0.00185428    -0.00921482   0.00278864    -0.00144093  -0.00521066
 -0.01042258  -0.00850578    -0.01042258  -0.00850578     0.01055357   0.00544852
    7    6
 -0.00852519  -0.01410790    -0.01667178  -0.00916942     0.01667178   0.00916942
 -0.01667178  -0.00916942    -0.00852519  -0.01410790     0.01667178   0.00916942
  0.01667178   0.00916942     0.01667178   0.00916942    -0.00852519  -0.01410790
    7    7
  0.07283688  -0.00000000     0.00945455   0.00000000    -0.00945455  -0.00000000
  0.00945455   0.00000000     0.07283688  -0.00000000    -0.00945455  -0.00000000
 -0.00945455  -0.00000000    -0.00945455  -0.00000000     0.07283688  -0.00000000
    7    8
 -0.03337527   0.00404046    -0.01585592  -0.00113611     0.01585592   0.00113611
  0.00771381   0.00291610     0.00533681  -0.00329787     0.00691412   0.00277415
 -0.00771381  -0.00291610     0.00691412   0.00277415     0.00533681  -0.00329787
    7    9
  0.01055357   0.00544852     0.01042258   0.00850578    -0.01042258  -0.00850578
  0.00144093   0.00521066    -0.00921482   0.00278864    -0.01687966   0.00185428
 -0.00144093  -0.00521066    -0.01687966   0.00185428    -0.00921482   0.00278864
    7   10
  0.00533681  -0.00329787     0.00771381   0.00291610     0.00691412   0.00277415
 -0.01585592  -0.00113611    -0.03337527   0.00404046     0.01585592   0.00113611
  0.00691412   0.00277415    -0.00771381  -0.00291610     0.00533681  -0.00329787
    7   11
 -0.00921482   0.00278864     0.00144093   0.00521066    -0.01687966   0.00185428
  0.01042258   0.00850578     0.01055357   0.00544852    -0.01042258  -0.00850578
 -0.01687966   0.00185428    -0.00144093  -0.00521066    -0.00921482   0.00278864
    8    1
 -0.02957212   0.01219931     0.00754189  -0.00800574    -0.00754189   0.00800574
 -0.00154610  -0.01864002     0.03547832  -0.02105184    -0.00979480  -0.00978443
  0.00154610   0.01864002    -0.00979480  -0.00978443     0.03547832  -0.02105184
    8    2
  0.00770250  -0.00947678    -0.00233444   0.00738356     0.00233444  -0.00738356
  0.00196478   0.00037207     0.01438297   0.00383801    -0.00011193  -0.00058262
 -0.00196478  -0.00037207    -0.00011193  -0.00058262     0.01438297   0.00383801
    8    3
 -0.02051429  -0.00256474     0.01431080   0.00379957    -0.01431080  -0.00379957
  0.02112836  -0.00153400    -0.01841055   0.00453597     0.01287189   0.00139819
 -0.02112836   0.00153400     0.01287189   0.00139819    -0.01841055   0.00453597
    8    4
  0.00218878   0.00173427     0.00562970   0.00551336     0.01244892   0.00000000
 -0.00221322  -0.00380979     0.01657985  -0.00000000    -0.00562970   0.00551336
  0.01776977  -0.00000000     0.00221322  -0.00380979     0.00218878  -0.00173427
    8    5
  0.00641346   0.00053187    -0.00658507  -0.00379796    -0.01260526   0.00876936
  0.01226759  -0.00220069    -0.04897640  -0.00254605     0.00658507   0.00379796
 -0.01313115   0.00150968    -0.01226759   0.00220069     0.00641346   0.00053187
    8    6
  0.01055357   0.00544852     0.00144093   0.00521066    -0.00144093  -0.00521066
  0.01042258   0.00850578    -0.00921482   0.00278864    -0.01687966   0.00185428
 -0.01042258  -0.00850578    -0.01687966   0.00185428    -0.00921482   0.00278864
    8    7
 -0.03337527  -0.00404046     0.00771381  -0.00291610    -0.00771381   0.00291610
 -0.01585592   0.00113611     0.00533681   0.00329787     0.00691412  -0.00277415
  0.01585592  -0.00113611     0.00691412  -0.00277415     0.00533681   0.00329787
    8    8
  0.05760770   0.00000000     0.00413323   0.00354055    -0.00413323  -0.00354055
  0.00413323  -0.00354055     0.07342084   0.00000000    -0.00352618   0.00000000
 -0.00413323   0.00354055    -0.00352618   0.00000000     0.07342084   0.00000000
    8    9
 -0.01017362   0.00792612     0.00517994  -0.01140923    -0.00517994   0.01140923
  0.00517994  -0.01140923    -0.01488750  -0.00143660     0.00845676   0.00524497
 -0.00517994   0.01140923     0.00845676   0.00524497    -0.01488750  -0.00143660
    8   10
  0.00218878   0.00173427    -0.01244892  -0.00000000    -0.00562970  -0.00551336
 -0.01776977   0.00000000     0.00218878  -0.00173427     0.00221322  -0.00380979
  0.00221322   0.00380979    -0.00562970   0.00551336     0.01657985   0.00000000
    8   11
  0.00641346   0.00053187     0.01260526  -0.00876936     0.00658507   0.00379796
  0.01313115  -0.00150968     0.00641346   0.00053187    -0.01226759   0.00220069
 -0.01226759   0.00220069     0.00658507   0.00379796    -0.04897640  -0.00254605
    9    1
  0.02535097  -0.01951056    -0.01070412   0.00252859     0.01070412  -0.00252859
 -0.01536968  -0.01065897    -0.03597059   0.02019920    -0.00357617  -0.01337476
  0.01536968   0.01065897    -0.00357617  -0.01337476    -0.03597059   0.02019920
    9    2
 -0.02051429   0.00256474     0.01431080  -0.00379957    -0.01431080   0.00379957
  0.02112836   0.00153400    -0.01841055  -0.00453597     0.01287189  -0.00139819
 -0.02112836  -0.00153400     0.01287189  -0.00139819    -0.01841055  -0.00453597
    9    3
  0.00770250   0.00947678    -0.00233444  -0.00738356     0.00233444   0.00738356
  0.00196478  -0.00037207     0.01438297  -0.00383801    -0.00011193   0.00058262
 -0.00196478   0.00037207    -0.00011193   0.00058262     0.01438297  -0.00383801
    9    4
  0.00641346  -0.00053187    -0.00658507   0.00379796    -0.01260526  -0.00876936
  0.01226759   0.00220069    -0.04897640   0.00254605     0.00658507  -0.00379796
 -0.01313115  -0.00150968    -0.01226759  -0.00220069     0.00641346  -0.00053187
    9    5
  0.00218878  -0.00173427     0.00562970  -0.00551336     0.01244892   0.00000000
 -0.00221322   0.00380979     0.01657985   0.00000000    -0.00562970  -0.00551336
  0.01776977   0.00000000     0.00221322   0.00380979     0.00218878   0.00173427
    9    6
 -0.03337527   0.00404046     0.00771381   0.00291610    -0.00771381  -0.00291610
 -0.01585592  -0.00113611     0.00533681  -0.00329787     0.00691412   0.00277415
  0.01585592   0.00113611     0.00691412   0.00277415     0.00533681  -0.00329787
    9    7
  0.01055357  -0.00544852     0.00144093  -0.00521066    -0.00144093   0.00521066
  0.01042258  -0.00850578    -0.00921482  -0.00278864    -0.01687966  -0.00185428
 -0.01042258   0.00850578    -0.01687966  -0.00185428    -0.00921482  -0.00278864
    9    8
 -0.01017362  -0.00792612     0.00517994   0.01140923    -0.00517994  -0.01140923
  0.00517994   0.01140923    -0.01488750   0.00143660     0.00845676  -0.00524497
 -0.00517994  -0.01140923     0.00845676  -0.00524497    -0.01488750   0.00143660
    9    9
  0.05760770  -0.00000000     0.00413323  -0.00354055    -0.00413323   0.00354055
  0.00413323   0.00354055     0.07342084  -0.00000000    -0.00352618  -0.00000000
 -0.00413323  -0.00354055    -0.00352618  -0.00000000     0.07342084  -0.00000000
    9   10
  0.00641346  -0.00053187     0.01260526   0.00876936     0.00658507  -0.00379796
  0.01313115   0.00150968     0.00641346  -0.00053187    -0.01226759  -0.00220069
 -0.01226759  -0.00220069     0.00658507  -0.00379796    -0.04897640   0.00254605
    9   11
  0.00218878  -0.00173427    -0.01244892   0.00000000    -0.00562970   0.00551336
 -0.01776977  -0.00000000     0.00218878   0.00173427     0.00221322   0.00380979
  0.00221322  -0.00380979    -0.00562970  -0.00551336     0.01657985  -0.00000000
   10    1
  0.03547832  -0.02105184    -0.00154610  -0.01864002    -0.00979480  -0.00978443
  0.00754189  -0.00800574    -0.02957212   0.01219931    -0.00754189   0.00800574
 -0.00979480  -0.00978443     0.00154610   0.01864002     0.03547832  -0.02105184
   10    2
  0.01438297   0.00383801     0.00196478   0.00037207    -0.00011193  -0.00058262
 -0.00233444   0.00738356     0.00770250  -0.00947678     0.00233444  -0.00738356
 -0.00011193  -0.00058262    -0.00196478  -0.00037207     0.01438297   0.00383801
   10    3
 -0.01841055   0.00453597     0.02112836  -0.00153400     0.01287189   0.00139819
  0.01431080   0.00379957    -0.02051429  -0.00256474    -0.01431080  -0.00379957
  0.01287189   0.00139819    -0.02112836   0.00153400    -0.01841055   0.00453597
   10    4
  0.01657985  -0.00000000    -0.00221322  -0.00380979    -0.00562970   0.00551336
  0.00562970   0.00551336     0.00218878   0.00173427     0.01244892  -0.00000000
  0.00221322  -0.00380979     0.01776977  -0.00000000     0.00218878  -0.00173427
   10    5
 -0.04897640  -0.00254605     0.01226759  -0.00220069     0.00658507   0.00379796
 -0.00658507  -0.00379796     0.00641346   0.00053187    -0.01260526   0.00876936
 -0.01226759   0.00220069    -0.01313115   0.00150968     0.00641346   0.00053187
   10    6
 -0.00921482   0.00278864     0.01042258   0.00850578    -0.01687966   0.00185428
  0.00144093   0.00521066     0.01055357   0.00544852    -0.00144093  -0.00521066
 -0.01687966   0.00185428    -0.01042258  -0.00850578    -0.00921482   0.00278864
   10    7
  0.00533681   0.00329787    -0.01585592   0.00113611     0.00691412  -0.00277415
  0.00771381  -0.00291610    -0.03337527  -0.00404046    -0.00771381   0.00291610
  0.00691412  -0.00277415     0.01585592  -0.00113611     0.00533681   0.00329787
   10    8
  0.00218878  -0.00173427    -0.01776977   0.00000000     0.00221322  -0.00380979
 -0.01244892  -0.00000000     0.00218878   0.00173427    -0.00562970  -0.00551336
 -0.00562970   0.00551336     0.00221322   0.00380979     0.01657985   0.00000000
   10    9
  0.00641346   0.00053187     0.01313115  -0.00150968    -0.01226759   0.00220069
  0.01260526  -0.00876936     0.00641346   0.00053187     0.00658507   0.00379796
  0.00658507   0.00379796    -0.01226759   0.00220069    -0.04897640  -0.00254605
   10   10
  0.07342084   0.00000000     0.00413323  -0.00354055    -0.00352618   0.00000000
  0.00413323   0.00354055     0.05760770   0.00000000    -0.00413323  -0.00354055
 -0.00352618   0.00000000    -0.00413323   0.00354055     0.07342084   0.00000000
   10   11
 -0.01488750  -0.00143660     0.00517994  -0.01140923     0.00845676   0.00524497
  0.00517994  -0.01140923    -0.01017362   0.00792612    -0.00517994   0.01140923
  0.00845676   0.00524497    -0.00517994   0.01140923    -0.01488750  -0.00143660
   11    1
 -0.03597059   0.02019920    -0.01536968  -0.01065897    -0.00357617  -0.01337476
 -0.01070412   0.00252859     0.02535097  -0.01951056     0.01070412  -0.00252859
 -0.00357617  -0.01337476     0.01536968   0.01065897    -0.03597059   0.02019920
   11    2
 -0.01841055  -0.00453597     0.02112836   0.00153400     0.01287189  -0.00139819
  0.01431080  -0.00379957    -0.02051429   0.00256474    -0.01431080   0.00379957
  0.01287189  -0.00139819    -0.02112836  -0.00153400    -0.01841055  -0.00453597
   11    3
  0.01438297  -0.00383801     0.00196478  -0.00037207    -0.00011193   0.00058262
 -0.00233444  -0.00738356     0.00770250   0.00947678     0.00233444   0.00738356
 -0.00011193   0.00058262    -0.00196478   0.00037207     0.01438297  -0.00383801
   11    4
 -0.04897640   0.00254605     0.01226759   0.00220069     0.00658507  -0.00379796
 -0.00658507   0.00379796     0.00641346  -0.00053187    -0.01260526  -0.00876936
 -0.01226759  -0.00220069    -0.01313115  -0.00150968     0.00641346  -0.00053187
   11    5
  0.01657985   0.00000000    -0.00221322   0.00380979    -0.00562970  -0.00551336
  0.00562970  -0.00551336     0.00218878  -0.00173427     0.01244892   0.00000000
  0.00221322   0.00380979     0.01776977   0.00000000     0.00218878   0.00173427
   11    6
  0.00533681  -0.00329787    -0.01585592  -0.00113611     0.00691412   0.00277415
  0.00771381   0.00291610    -0.03337527   0.00404046    -0.00771381  -0.00291610
  0.00691412   0.00277415     0.01585592   0.00113611     0.00533681  -0.00329787
   11    7
 -0.00921482  -0.00278864     0.01042258  -0.00850578    -0.01687966  -0.00185428
  0.00144093  -0.00521066     0.01055357  -0.00544852    -0.00144093   0.00521066
 -0.01687966  -0.00185428    -0.01042258   0.00850578    -0.00921482  -0.00278864
   11    8
  0.00641346  -0.00053187     0.01313115   0.00150968    -0.01226759  -0.00220069
  0.01260526   0.00876936     0.00641346  -0.00053187     0.00658507  -0.00379796
  0.00658507  -0.00379796    -0.01226759  -0.00220069    -0.04897640   0.00254605
   11    9
  0.00218878   0.00173427    -0.01776977  -0.00000000     0.00221322   0.00380979
 -0.01244892   0.00000000     0.00218878  -0.00173427    -0.00562970   0.00551336
 -0.00562970  -0.00551336     0.00221322  -0.00380979     0.01657985  -0.00000000
   11   10
 -0.01488750   0.00143660     0.00517994   0.01140923     0.00845676  -0.00524497
  0.00517994   0.01140923    -0.01017362  -0.00792612    -0.00517994  -0.01140923
  0.00845676  -0.00524497    -0.00517994  -0.01140923    -0.01488750   0.00143660
   11   11
  0.07342084  -0.00000000     0.00413323   0.00354055    -0.00352618  -0.00000000
  0.00413323  -0.00354055     0.05760770  -0.00000000    -0.00413323   0.00354055
 -0.00352618  -0.00000000    -0.00413323  -0.00354055     0.07342084  -0.00000000

     Dynamical  Matrix in cartesian axes

     q = (    0.235702260  -0.235702260  -0.235702260 ) 

    1    1
  0.21422516   0.00000000    -0.06518889   0.00000000    -0.06518889   0.00000000
 -0.06518889   0.00000000     0.21422516   0.00000000     0.06518889   0.00000000
 -0.06518889   0.00000000     0.06518889   0.00000000     0.21422516   0.00000000
    1    2
  0.00056944  -0.02272341    -0.02638975   0.00066001    -0.02638975   0.00066001
 -0.02638975   0.00066001     0.00056944  -0.02272341     0.02638975  -0.00066001
 -0.02638975   0.00066001     0.02638975  -0.00066001     0.00056944  -0.02272341
    1    3
 -0.01996377  -0.01086855     0.01376646  -0.02252419     0.01376646  -0.02252419
  0.01376646  -0.02252419    -0.01996377  -0.01086855    -0.01376646   0.02252419
  0.01376646  -0.02252419    -0.01376646   0.02252419    -0.01996377  -0.01086855
    1    4
 -0.02957212   0.01219931     0.00154610   0.01864002     0.00154610   0.01864002
 -0.00754189   0.00800574     0.03547832  -0.02105184     0.00979480   0.00978443
 -0.00754189   0.00800574     0.00979480   0.00978443     0.03547832  -0.02105184
    1    5
  0.02535097  -0.01951056     0.01536968   0.01065897     0.01536968   0.01065897
  0.01070412  -0.00252859    -0.03597059   0.02019920     0.00357617   0.01337476
  0.01070412  -0.00252859     0.00357617   0.01337476    -0.03597059   0.02019920
    1    6
  0.03547832  -0.02105184    -0.00754189   0.00800574    -0.00979480  -0.00978443
  0.00154610   0.01864002    -0.02957212   0.01219931    -0.00154610  -0.01864002
 -0.00979480  -0.00978443     0.00754189  -0.00800574     0.03547832  -0.02105184
    1    7
 -0.03597059   0.02019920     0.01070412  -0.00252859    -0.00357617  -0.01337476
  0.01536968   0.01065897     0.02535097  -0.01951056    -0.01536968  -0.01065897
 -0.00357617  -0.01337476    -0.01070412   0.00252859    -0.03597059   0.02019920
    1    8
  0.03547832  -0.02105184    -0.00979480  -0.00978443    -0.00754189   0.00800574
 -0.00979480  -0.00978443     0.03547832  -0.02105184     0.00754189  -0.00800574
  0.00154610   0.01864002    -0.00154610  -0.01864002    -0.02957212   0.01219931
    1    9
 -0.03597059   0.02019920    -0.00357617  -0.01337476     0.01070412  -0.00252859
 -0.00357617  -0.01337476    -0.03597059   0.02019920    -0.01070412   0.00252859
  0.01536968   0.01065897    -0.01536968  -0.01065897     0.02535097  -0.01951056
    1   10
 -0.03117149   0.01069028    -0.00761741   0.00806336    -0.00761741   0.00806336
 -0.00761741   0.00806336    -0.03117149   0.01069028     0.00761741  -0.00806336
 -0.00761741   0.00806336     0.00761741  -0.00806336    -0.03117149   0.01069028
    1   11
  0.02484380  -0.02165016     0.01079178  -0.00256520     0.01079178  -0.00256520
  0.01079178  -0.00256520     0.02484380  -0.02165016    -0.01079178   0.00256520
  0.01079178  -0.00256520    -0.01079178   0.00256520     0.02484380  -0.02165016
    2    1
  0.00056944   0.02272341    -0.02638975  -0.00066001    -0.02638975  -0.00066001
 -0.02638975  -0.00066001     0.00056944   0.02272341     0.02638975   0.00066001
 -0.02638975  -0.00066001     0.02638975   0.00066001     0.00056944   0.02272341
    2    2
  0.06833274   0.00000000    -0.00084301   0.00000000    -0.00084301   0.00000000
 -0.00084301   0.00000000     0.06833274   0.00000000     0.00084301  -0.00000000
 -0.00084301   0.00000000     0.00084301  -0.00000000     0.06833274   0.00000000
    2    3
 -0.00371005  -0.00199751     0.00084538   0.00112042     0.00084538   0.00112042
  0.00084538   0.00112042    -0.00371005  -0.00199751    -0.00084538  -0.00112042
  0.00084538   0.00112042    -0.00084538  -0.00112042    -0.00371005  -0.00199751
    2    4
  0.00770250  -0.00947678    -0.00196478  -0.00037207    -0.00196478  -0.00037207
  0.00233444  -0.00738356     0.01438297   0.00383801     0.00011193   0.00058262
  0.00233444  -0.00738356     0.00011193   0.00058262     0.01438297   0.00383801
    2    5
 -0.02051429   0.00256474    -0.02112836  -0.00153400    -0.02112836  -0.00153400
 -0.01431080   0.00379957    -0.01841055  -0.00453597    -0.01287189   0.00139819
 -0.01431080   0.00379957    -0.01287189   0.00139819    -0.01841055  -0.00453597
    2    6
  0.01438297   0.00383801     0.00233444  -0.00738356    -0.00011193  -0.00058262
 -0.00196478  -0.00037207     0.00770250  -0.00947678     0.00196478   0.00037207
 -0.00011193  -0.00058262    -0.00233444   0.00738356     0.01438297   0.00383801
    2    7
 -0.01841055  -0.00453597    -0.01431080   0.00379957     0.01287189  -0.00139819
 -0.02112836  -0.00153400    -0.02051429   0.00256474     0.02112836   0.00153400
  0.01287189  -0.00139819     0.01431080  -0.00379957    -0.01841055  -0.00453597
    2    8
  0.01438297   0.00383801    -0.00011193  -0.00058262     0.00233444  -0.00738356
 -0.00011193  -0.00058262     0.01438297   0.00383801    -0.00233444   0.00738356
 -0.00196478  -0.00037207     0.00196478   0.00037207     0.00770250  -0.00947678
    2    9
 -0.01841055  -0.00453597     0.01287189  -0.00139819    -0.01431080   0.00379957
  0.01287189  -0.00139819    -0.01841055  -0.00453597     0.01431080  -0.00379957
 -0.02112836  -0.00153400     0.02112836   0.00153400    -0.02051429   0.00256474
    2   10
  0.00751289   0.00185326    -0.00210233  -0.00473813    -0.00210233  -0.00473813
 -0.00210233  -0.00473813     0.00751289   0.00185326     0.00210233   0.00473813
 -0.00210233  -0.00473813     0.00210233   0.00473813     0.00751289   0.00185326
    2   11
  0.00466191  -0.00964885    -0.00724517   0.02314104    -0.00724517   0.02314104
 -0.00724517   0.02314104     0.00466191  -0.00964885     0.00724517  -0.02314104
 -0.00724517   0.02314104     0.00724517  -0.02314104     0.00466191  -0.00964885
    3    1
 -0.01996377   0.01086855     0.01376646   0.02252419     0.01376646   0.02252419
  0.01376646   0.02252419    -0.01996377   0.01086855    -0.01376646  -0.02252419
  0.01376646   0.02252419    -0.01376646  -0.02252419    -0.01996377   0.01086855
    3    2
 -0.00371005   0.00199751     0.00084538  -0.00112042     0.00084538  -0.00112042
  0.00084538  -0.00112042    -0.00371005   0.00199751    -0.00084538   0.00112042
  0.00084538  -0.00112042    -0.00084538   0.00112042    -0.00371005   0.00199751
    3    3
  0.06833274  -0.00000000    -0.00084301  -0.00000000    -0.00084301  -0.00000000
 -0.00084301  -0.00000000     0.06833274  -0.00000000     0.00084301   0.00000000
 -0.00084301  -0.00000000     0.00084301   0.00000000     0.06833274  -0.00000000
    3    4
 -0.02051429  -0.00256474    -0.02112836   0.00153400    -0.02112836   0.00153400
 -0.01431080  -0.00379957    -0.01841055   0.00453597    -0.01287189  -0.00139819
 -0.01431080  -0.00379957    -0.01287189  -0.00139819    -0.01841055   0.00453597
    3    5
  0.00770250   0.00947678    -0.00196478   0.00037207    -0.00196478   0.00037207
  0.00233444   0.00738356     0.01438297  -0.00383801     0.00011193  -0.00058262
  0.00233444   0.00738356     0.00011193  -0.00058262     0.01438297  -0.00383801
    3    6
 -0.01841055   0.00453597    -0.01431080  -0.00379957     0.01287189   0.00139819
 -0.02112836   0.00153400    -0.02051429  -0.00256474     0.02112836  -0.00153400
  0.01287189   0.00139819     0.01431080   0.00379957    -0.01841055   0.00453597
    3    7
  0.01438297  -0.00383801     0.00233444   0.00738356    -0.00011193   0.00058262
 -0.00196478   0.00037207     0.00770250   0.00947678     0.00196478  -0.00037207
 -0.00011193   0.00058262    -0.00233444  -0.00738356     0.01438297  -0.00383801
    3    8
 -0.01841055   0.00453597     0.01287189   0.00139819    -0.01431080  -0.00379957
  0.01287189   0.00139819    -0.01841055   0.00453597     0.01431080   0.00379957
 -0.02112836   0.00153400     0.02112836  -0.00153400    -0.02051429  -0.00256474
    3    9
  0.01438297  -0.00383801    -0.00011193   0.00058262     0.00233444   0.00738356
 -0.00011193   0.00058262     0.01438297  -0.00383801    -0.00233444  -0.00738356
 -0.00196478   0.00037207     0.00196478  -0.00037207     0.00770250   0.00947678
    3   10
  0.00466191   0.00964885    -0.00724517  -0.02314104    -0.00724517  -0.02314104
 -0.00724517  -0.02314104     0.00466191   0.00964885     0.00724517   0.02314104
 -0.00724517  -0.02314104     0.00724517   0.02314104     0.00466191   0.00964885
    3   11
  0.00751289  -0.00185326    -0.00210233   0.00473813    -0.00210233   0.00473813
 -0.00210233   0.00473813     0.00751289  -0.00185326     0.00210233  -0.00473813
 -0.00210233   0.00473813     0.00210233  -0.00473813     0.00751289  -0.00185326
    4    1
 -0.02957212  -0.01219931    -0.00754189  -0.00800574    -0.00754189  -0.00800574
