  2.500000000000000E-002   1.50249443578751        5.66640365351632     
           4

     Dynamical  Matrix in cartesian axes

     q = (   -0.353553391  -0.353553391   0.353553391 ) 

    1    1
  0.22088699   0.00000000     0.07165561   0.00000000    -0.07165561   0.00000000
  0.07165561   0.00000000     0.22088699   0.00000000    -0.07165561   0.00000000
 -0.07165561   0.00000000    -0.07165561   0.00000000     0.22088699   0.00000000
    1    2
  0.01020405  -0.00000000     0.03632957  -0.00000000    -0.03632957   0.00000000
  0.03632957  -0.00000000     0.01020405  -0.00000000    -0.03632957   0.00000000
 -0.03632957   0.00000000    -0.03632957   0.00000000     0.01020405  -0.00000000
    1    3
 -0.01020405   0.00000000    -0.03632957   0.00000000     0.03632957  -0.00000000
 -0.03632957   0.00000000    -0.01020405   0.00000000     0.03632957  -0.00000000
  0.03632957  -0.00000000     0.03632957  -0.00000000    -0.01020405   0.00000000
    1    4
  0.03542677  -0.00000000     0.00267936  -0.00000000    -0.02106087   0.00000000
  0.00267936  -0.00000000     0.03542677  -0.00000000    -0.02106087   0.00000000
 -0.00851249   0.00000000    -0.00851249   0.00000000    -0.04388566   0.00000000
    1    5
 -0.03542677   0.00000000    -0.00267936   0.00000000     0.02106087  -0.00000000
 -0.00267936   0.00000000    -0.03542677   0.00000000     0.02106087  -0.00000000
  0.00851249  -0.00000000     0.00851249  -0.00000000     0.04388566  -0.00000000
    1    6
 -0.05047687   0.00000000     0.00270420  -0.00000000    -0.00270420   0.00000000
  0.00270420  -0.00000000    -0.05047687   0.00000000    -0.00270420   0.00000000
 -0.00270420   0.00000000    -0.00270420   0.00000000    -0.05047687   0.00000000
    1    7
  0.05047687  -0.00000000    -0.00270420   0.00000000     0.00270420  -0.00000000
 -0.00270420   0.00000000     0.05047687  -0.00000000     0.00270420  -0.00000000
  0.00270420  -0.00000000     0.00270420  -0.00000000     0.05047687  -0.00000000
    1    8
 -0.04388566   0.00000000     0.00851249  -0.00000000    -0.00851249   0.00000000
  0.02106087  -0.00000000     0.03542677  -0.00000000    -0.00267936   0.00000000
 -0.02106087   0.00000000    -0.00267936   0.00000000     0.03542677  -0.00000000
    1    9
  0.04388566  -0.00000000    -0.00851249   0.00000000     0.00851249  -0.00000000
 -0.02106087   0.00000000    -0.03542677   0.00000000     0.00267936  -0.00000000
  0.02106087  -0.00000000     0.00267936  -0.00000000    -0.03542677   0.00000000
    1   10
  0.03542677  -0.00000000     0.02106087  -0.00000000    -0.00267936   0.00000000
  0.00851249  -0.00000000    -0.04388566   0.00000000    -0.00851249   0.00000000
 -0.00267936   0.00000000    -0.02106087   0.00000000     0.03542677  -0.00000000
    1   11
 -0.03542677   0.00000000    -0.02106087   0.00000000     0.00267936  -0.00000000
 -0.00851249   0.00000000     0.04388566  -0.00000000     0.00851249  -0.00000000
  0.00267936  -0.00000000     0.02106087  -0.00000000    -0.03542677   0.00000000
    2    1
  0.01020405   0.00000000     0.03632957   0.00000000    -0.03632957  -0.00000000
  0.03632957   0.00000000     0.01020405   0.00000000    -0.03632957  -0.00000000
 -0.03632957  -0.00000000    -0.03632957  -0.00000000     0.01020405   0.00000000
    2    2
  0.08659904   0.00000000    -0.00913325   0.00000000     0.00913325   0.00000000
 -0.00913325   0.00000000     0.08659904   0.00000000     0.00913325   0.00000000
  0.00913325   0.00000000     0.00913325   0.00000000     0.08659904   0.00000000
    2    3
 -0.01173498   0.00000000     0.00415699   0.00000000    -0.00415699   0.00000000
  0.00415699   0.00000000    -0.01173498   0.00000000    -0.00415699   0.00000000
 -0.00415699   0.00000000    -0.00415699   0.00000000    -0.01173498   0.00000000
    2    4
  0.02156317   0.00000000     0.00352554   0.00000000     0.00229119   0.00000000
  0.00352554   0.00000000     0.02156317   0.00000000     0.00229119   0.00000000
  0.00411976   0.00000000     0.00411976   0.00000000     0.01704673   0.00000000
    2    5
 -0.02545187   0.00000000    -0.01167958   0.00000000    -0.02324072   0.00000000
 -0.01167958   0.00000000    -0.02545187   0.00000000    -0.02324072   0.00000000
 -0.03526107   0.00000000    -0.03526107   0.00000000    -0.02698127   0.00000000
    2    6
  0.00013053   0.00000000    -0.00251256   0.00000000     0.00251256   0.00000000
 -0.00251256   0.00000000     0.00013053   0.00000000     0.00251256   0.00000000
  0.00251256   0.00000000     0.00251256   0.00000000     0.00013053   0.00000000
    2    7
  0.00787580   0.00000000     0.01670889   0.00000000    -0.01670889   0.00000000
  0.01670889   0.00000000     0.00787580   0.00000000    -0.01670889   0.00000000
 -0.01670889   0.00000000    -0.01670889   0.00000000     0.00787580   0.00000000
    2    8
  0.01704673   0.00000000    -0.00411976   0.00000000     0.00411976   0.00000000
 -0.00229119   0.00000000     0.02156317   0.00000000    -0.00352554   0.00000000
  0.00229119   0.00000000    -0.00352554   0.00000000     0.02156317   0.00000000
    2    9
 -0.02698127   0.00000000     0.03526107   0.00000000    -0.03526107   0.00000000
  0.02324072   0.00000000    -0.02545187   0.00000000     0.01167958   0.00000000
 -0.02324072   0.00000000     0.01167958   0.00000000    -0.02545187   0.00000000
    2   10
  0.02156317   0.00000000    -0.00229119   0.00000000    -0.00352554   0.00000000
 -0.00411976   0.00000000     0.01704673   0.00000000     0.00411976   0.00000000
 -0.00352554   0.00000000     0.00229119   0.00000000     0.02156317   0.00000000
    2   11
 -0.02545187   0.00000000     0.02324072   0.00000000     0.01167958   0.00000000
  0.03526107   0.00000000    -0.02698127   0.00000000    -0.03526107   0.00000000
  0.01167958   0.00000000    -0.02324072   0.00000000    -0.02545187   0.00000000
    3    1
 -0.01020405  -0.00000000    -0.03632957  -0.00000000     0.03632957   0.00000000
 -0.03632957  -0.00000000    -0.01020405  -0.00000000     0.03632957   0.00000000
  0.03632957   0.00000000     0.03632957   0.00000000    -0.01020405  -0.00000000
    3    2
 -0.01173498   0.00000000     0.00415699   0.00000000    -0.00415699   0.00000000
  0.00415699   0.00000000    -0.01173498   0.00000000    -0.00415699   0.00000000
 -0.00415699   0.00000000    -0.00415699   0.00000000    -0.01173498   0.00000000
    3    3
  0.08659904   0.00000000    -0.00913325   0.00000000     0.00913325   0.00000000
 -0.00913325   0.00000000     0.08659904   0.00000000     0.00913325   0.00000000
  0.00913325   0.00000000     0.00913325   0.00000000     0.08659904   0.00000000
    3    4
 -0.02545187   0.00000000    -0.01167958   0.00000000    -0.02324072   0.00000000
 -0.01167958   0.00000000    -0.02545187   0.00000000    -0.02324072   0.00000000
 -0.03526107   0.00000000    -0.03526107   0.00000000    -0.02698127   0.00000000
    3    5
  0.02156317   0.00000000     0.00352554   0.00000000     0.00229119   0.00000000
  0.00352554   0.00000000     0.02156317   0.00000000     0.00229119   0.00000000
  0.00411976   0.00000000     0.00411976   0.00000000     0.01704673   0.00000000
    3    6
  0.00787580   0.00000000     0.01670889   0.00000000    -0.01670889   0.00000000
  0.01670889   0.00000000     0.00787580   0.00000000    -0.01670889   0.00000000
 -0.01670889   0.00000000    -0.01670889   0.00000000     0.00787580   0.00000000
    3    7
  0.00013053   0.00000000    -0.00251256   0.00000000     0.00251256   0.00000000
 -0.00251256   0.00000000     0.00013053   0.00000000     0.00251256   0.00000000
  0.00251256   0.00000000     0.00251256   0.00000000     0.00013053   0.00000000
    3    8
 -0.02698127   0.00000000     0.03526107   0.00000000    -0.03526107   0.00000000
  0.02324072   0.00000000    -0.02545187   0.00000000     0.01167958   0.00000000
 -0.02324072   0.00000000     0.01167958   0.00000000    -0.02545187   0.00000000
    3    9
  0.01704673   0.00000000    -0.00411976   0.00000000     0.00411976   0.00000000
 -0.00229119   0.00000000     0.02156317   0.00000000    -0.00352554   0.00000000
  0.00229119   0.00000000    -0.00352554   0.00000000     0.02156317   0.00000000
    3   10
 -0.02545187   0.00000000     0.02324072   0.00000000     0.01167958   0.00000000
  0.03526107   0.00000000    -0.02698127   0.00000000    -0.03526107   0.00000000
  0.01167958   0.00000000    -0.02324072   0.00000000    -0.02545187   0.00000000
    3   11
  0.02156317   0.00000000    -0.00229119   0.00000000    -0.00352554   0.00000000
 -0.00411976   0.00000000     0.01704673   0.00000000     0.00411976   0.00000000
 -0.00352554   0.00000000     0.00229119   0.00000000     0.02156317   0.00000000
    4    1
  0.03542677   0.00000000     0.00267936   0.00000000    -0.00851249  -0.00000000
  0.00267936   0.00000000     0.03542677   0.00000000    -0.00851249  -0.00000000
 -0.02106087  -0.00000000    -0.02106087  -0.00000000    -0.04388566  -0.00000000
    4    2
  0.02156317   0.00000000     0.00352554   0.00000000     0.00411976   0.00000000
  0.00352554   0.00000000     0.02156317   0.00000000     0.00411976   0.00000000
  0.00229119   0.00000000     0.00229119   0.00000000     0.01704673   0.00000000
    4    3
 -0.02545187   0.00000000    -0.01167958   0.00000000    -0.03526107   0.00000000
 -0.01167958   0.00000000    -0.02545187   0.00000000    -0.03526107   0.00000000
 -0.02324072   0.00000000    -0.02324072   0.00000000    -0.02698127   0.00000000
    4    4
  0.08486235   0.00000000     0.00093407   0.00000000    -0.00035924   0.00000000
  0.00093407   0.00000000     0.08486235   0.00000000    -0.00035924   0.00000000
 -0.00035924   0.00000000    -0.00035924   0.00000000     0.06605969   0.00000000
    4    5
 -0.01509241   0.00000000    -0.01784365   0.00000000    -0.00737933   0.00000000
 -0.01784365   0.00000000    -0.01509241   0.00000000    -0.00737933   0.00000000
 -0.00737933   0.00000000    -0.00737933   0.00000000    -0.02517804   0.00000000
    4    6
 -0.01637855   0.00000000     0.01428479   0.00000000    -0.01018075   0.00000000
  0.01428479   0.00000000    -0.01637855   0.00000000    -0.01018075   0.00000000
  0.00639680   0.00000000     0.00639680   0.00000000     0.02364525   0.00000000
    4    7
  0.01555289  -0.00000000    -0.00143348   0.00000000     0.01118899  -0.00000000
 -0.00143348  -0.00000000     0.01555289   0.00000000     0.01118899   0.00000000
 -0.01536868  -0.00000000    -0.01536868   0.00000000    -0.02922719  -0.00000000
    4    8
  0.00545363   0.00000000    -0.00700970   0.00000000     0.03188239   0.00000000
  0.00888361   0.00000000     0.01803952   0.00000000     0.00700970   0.00000000
  0.01855451   0.00000000    -0.00888361   0.00000000     0.00545363   0.00000000
    4    9
  0.00831309   0.00000000     0.02195703   0.00000000    -0.02124669  -0.00000000
 -0.00393662  -0.00000000    -0.04333709  -0.00000000    -0.02195703  -0.00000000
 -0.01896848  -0.00000000     0.00393662   0.00000000     0.00831309   0.00000000
    4   10
  0.01803952   0.00000000     0.00888361   0.00000000     0.00700970   0.00000000
 -0.00700970   0.00000000     0.00545363   0.00000000     0.03188239   0.00000000
 -0.00888361   0.00000000     0.01855451   0.00000000     0.00545363   0.00000000
    4   11
 -0.04333709   0.00000000    -0.00393662   0.00000000    -0.02195703   0.00000000
  0.02195703   0.00000000     0.00831309   0.00000000    -0.02124669   0.00000000
  0.00393662   0.00000000    -0.01896848   0.00000000     0.00831309   0.00000000
    5    1
 -0.03542677  -0.00000000    -0.00267936  -0.00000000     0.00851249   0.00000000
 -0.00267936  -0.00000000    -0.03542677  -0.00000000     0.00851249   0.00000000
  0.02106087   0.00000000     0.02106087   0.00000000     0.04388566   0.00000000
    5    2
 -0.02545187   0.00000000    -0.01167958   0.00000000    -0.03526107   0.00000000
 -0.01167958   0.00000000    -0.02545187   0.00000000    -0.03526107   0.00000000
 -0.02324072   0.00000000    -0.02324072   0.00000000    -0.02698127   0.00000000
    5    3
  0.02156317   0.00000000     0.00352554   0.00000000     0.00411976   0.00000000
  0.00352554   0.00000000     0.02156317   0.00000000     0.00411976   0.00000000
  0.00229119   0.00000000     0.00229119   0.00000000     0.01704673   0.00000000
    5    4
 -0.01509241  -0.00000000    -0.01784365  -0.00000000    -0.00737933  -0.00000000
 -0.01784365  -0.00000000    -0.01509241  -0.00000000    -0.00737933  -0.00000000
 -0.00737933  -0.00000000    -0.00737933  -0.00000000    -0.02517804  -0.00000000
    5    5
  0.08486235   0.00000000     0.00093407   0.00000000    -0.00035924   0.00000000
  0.00093407   0.00000000     0.08486235   0.00000000    -0.00035924   0.00000000
 -0.00035924   0.00000000    -0.00035924   0.00000000     0.06605969   0.00000000
    5    6
  0.01555289   0.00000000    -0.00143348  -0.00000000     0.01118899   0.00000000
 -0.00143348  -0.00000000     0.01555289   0.00000000     0.01118899   0.00000000
 -0.01536868  -0.00000000    -0.01536868  -0.00000000    -0.02922719  -0.00000000
    5    7
 -0.01637855  -0.00000000     0.01428479   0.00000000    -0.01018075  -0.00000000
  0.01428479   0.00000000    -0.01637855  -0.00000000    -0.01018075  -0.00000000
  0.00639680   0.00000000     0.00639680   0.00000000     0.02364525   0.00000000
    5    8
  0.00831309   0.00000000     0.02195703   0.00000000    -0.02124669  -0.00000000
 -0.00393662  -0.00000000    -0.04333709  -0.00000000    -0.02195703  -0.00000000
 -0.01896848  -0.00000000     0.00393662   0.00000000     0.00831309   0.00000000
    5    9
  0.00545363   0.00000000    -0.00700970  -0.00000000     0.03188239   0.00000000
  0.00888361   0.00000000     0.01803952   0.00000000     0.00700970   0.00000000
  0.01855451   0.00000000    -0.00888361  -0.00000000     0.00545363   0.00000000
    5   10
 -0.04333709  -0.00000000    -0.00393662  -0.00000000    -0.02195703  -0.00000000
  0.02195703   0.00000000     0.00831309   0.00000000    -0.02124669  -0.00000000
  0.00393662   0.00000000    -0.01896848  -0.00000000     0.00831309   0.00000000
    5   11
  0.01803952   0.00000000     0.00888361   0.00000000     0.00700970   0.00000000
 -0.00700970  -0.00000000     0.00545363   0.00000000     0.03188239   0.00000000
 -0.00888361  -0.00000000     0.01855451   0.00000000     0.00545363   0.00000000
    6    1
 -0.05047687  -0.00000000     0.00270420   0.00000000    -0.00270420  -0.00000000
  0.00270420   0.00000000    -0.05047687  -0.00000000    -0.00270420  -0.00000000
 -0.00270420  -0.00000000    -0.00270420  -0.00000000    -0.05047687  -0.00000000
    6    2
  0.00013053   0.00000000    -0.00251256   0.00000000     0.00251256   0.00000000
 -0.00251256   0.00000000     0.00013053   0.00000000     0.00251256   0.00000000
  0.00251256   0.00000000     0.00251256   0.00000000     0.00013053   0.00000000
    6    3
  0.00787580   0.00000000     0.01670889   0.00000000    -0.01670889   0.00000000
  0.01670889   0.00000000     0.00787580   0.00000000    -0.01670889   0.00000000
 -0.01670889   0.00000000    -0.01670889   0.00000000     0.00787580   0.00000000
    6    4
 -0.01637855   0.00000000     0.01428479   0.00000000     0.00639680   0.00000000
  0.01428479   0.00000000    -0.01637855   0.00000000     0.00639680   0.00000000
 -0.01018075   0.00000000    -0.01018075   0.00000000     0.02364525   0.00000000
    6    5
  0.01555289  -0.00000000    -0.00143348   0.00000000    -0.01536868   0.00000000
 -0.00143348   0.00000000     0.01555289  -0.00000000    -0.01536868   0.00000000
  0.01118899  -0.00000000     0.01118899  -0.00000000    -0.02922719   0.00000000
    6    6
  0.05805224   0.00000000    -0.00635698   0.00000000     0.00635698   0.00000000
 -0.00635698   0.00000000     0.05805224   0.00000000     0.00635698   0.00000000
  0.00635698   0.00000000     0.00635698   0.00000000     0.05805224   0.00000000
    6    7
 -0.01663271  -0.00000000     0.00002804  -0.00000000    -0.00002804  -0.00000000
  0.00002804  -0.00000000    -0.01663271   0.00000000    -0.00002804   0.00000000
 -0.00002804  -0.00000000    -0.00002804   0.00000000    -0.01663271   0.00000000
    6    8
  0.02364525   0.00000000     0.01018075   0.00000000    -0.01018075   0.00000000
 -0.00639680   0.00000000    -0.01637855   0.00000000    -0.01428479   0.00000000
  0.00639680   0.00000000    -0.01428479   0.00000000    -0.01637855   0.00000000
    6    9
 -0.02922719  -0.00000000    -0.01118899  -0.00000000     0.01118899   0.00000000
  0.01536868   0.00000000     0.01555289   0.00000000     0.00143348   0.00000000
 -0.01536868  -0.00000000     0.00143348   0.00000000     0.01555289   0.00000000
    6   10
 -0.01637855   0.00000000    -0.00639680   0.00000000    -0.01428479   0.00000000
  0.01018075   0.00000000     0.02364525   0.00000000    -0.01018075   0.00000000
 -0.01428479   0.00000000     0.00639680   0.00000000    -0.01637855   0.00000000
    6   11
  0.01555289   0.00000000     0.01536868   0.00000000     0.00143348   0.00000000
 -0.01118899   0.00000000    -0.02922719   0.00000000     0.01118899   0.00000000
  0.00143348   0.00000000    -0.01536868   0.00000000     0.01555289   0.00000000
    7    1
  0.05047687   0.00000000    -0.00270420  -0.00000000     0.00270420   0.00000000
 -0.00270420  -0.00000000     0.05047687   0.00000000     0.00270420   0.00000000
  0.00270420   0.00000000     0.00270420   0.00000000     0.05047687   0.00000000
    7    2
  0.00787580   0.00000000     0.01670889   0.00000000    -0.01670889   0.00000000
  0.01670889   0.00000000     0.00787580   0.00000000    -0.01670889   0.00000000
 -0.01670889   0.00000000    -0.01670889   0.00000000     0.00787580   0.00000000
    7    3
  0.00013053   0.00000000    -0.00251256   0.00000000     0.00251256   0.00000000
 -0.00251256   0.00000000     0.00013053   0.00000000     0.00251256   0.00000000
  0.00251256   0.00000000     0.00251256   0.00000000     0.00013053   0.00000000
    7    4
  0.01555289   0.00000000    -0.00143348   0.00000000    -0.01536868   0.00000000
 -0.00143348  -0.00000000     0.01555289  -0.00000000    -0.01536868  -0.00000000
  0.01118899   0.00000000     0.01118899  -0.00000000    -0.02922719   0.00000000
    7    5
 -0.01637855   0.00000000     0.01428479  -0.00000000     0.00639680  -0.00000000
  0.01428479  -0.00000000    -0.01637855   0.00000000     0.00639680  -0.00000000
 -0.01018075   0.00000000    -0.01018075   0.00000000     0.02364525  -0.00000000
    7    6
 -0.01663271   0.00000000     0.00002804   0.00000000    -0.00002804   0.00000000
  0.00002804   0.00000000    -0.01663271  -0.00000000    -0.00002804  -0.00000000
 -0.00002804   0.00000000    -0.00002804  -0.00000000    -0.01663271  -0.00000000
    7    7
  0.05805224   0.00000000    -0.00635698   0.00000000     0.00635698   0.00000000
 -0.00635698   0.00000000     0.05805224   0.00000000     0.00635698   0.00000000
  0.00635698   0.00000000     0.00635698   0.00000000     0.05805224   0.00000000
    7    8
 -0.02922719   0.00000000    -0.01118899   0.00000000     0.01118899  -0.00000000
  0.01536868   0.00000000     0.01555289  -0.00000000     0.00143348  -0.00000000
 -0.01536868   0.00000000     0.00143348  -0.00000000     0.01555289  -0.00000000
    7    9
  0.02364525   0.00000000     0.01018075   0.00000000    -0.01018075  -0.00000000
 -0.00639680  -0.00000000    -0.01637855  -0.00000000    -0.01428479  -0.00000000
  0.00639680   0.00000000    -0.01428479  -0.00000000    -0.01637855  -0.00000000
    7   10
  0.01555289   0.00000000     0.01536868  -0.00000000     0.00143348   0.00000000
 -0.01118899  -0.00000000    -0.02922719  -0.00000000     0.01118899   0.00000000
  0.00143348   0.00000000    -0.01536868  -0.00000000     0.01555289   0.00000000
    7   11
 -0.01637855  -0.00000000    -0.00639680   0.00000000    -0.01428479  -0.00000000
  0.01018075   0.00000000     0.02364525   0.00000000    -0.01018075   0.00000000
 -0.01428479  -0.00000000     0.00639680   0.00000000    -0.01637855   0.00000000
    8    1
 -0.04388566  -0.00000000     0.02106087   0.00000000    -0.02106087  -0.00000000
  0.00851249   0.00000000     0.03542677   0.00000000    -0.00267936  -0.00000000
 -0.00851249  -0.00000000    -0.00267936  -0.00000000     0.03542677   0.00000000
    8    2
  0.01704673   0.00000000    -0.00229119   0.00000000     0.00229119   0.00000000
 -0.00411976   0.00000000     0.02156317   0.00000000    -0.00352554   0.00000000
  0.00411976   0.00000000    -0.00352554   0.00000000     0.02156317   0.00000000
    8    3
 -0.02698127   0.00000000     0.02324072   0.00000000    -0.02324072   0.00000000
  0.03526107   0.00000000    -0.02545187   0.00000000     0.01167958   0.00000000
 -0.03526107   0.00000000     0.01167958   0.00000000    -0.02545187   0.00000000
    8    4
  0.00545363   0.00000000     0.00888361   0.00000000     0.01855451   0.00000000
 -0.00700970   0.00000000     0.01803952   0.00000000    -0.00888361   0.00000000
  0.03188239   0.00000000     0.00700970   0.00000000     0.00545363   0.00000000
    8    5
  0.00831309  -0.00000000    -0.00393662   0.00000000    -0.01896848   0.00000000
  0.02195703  -0.00000000    -0.04333709   0.00000000     0.00393662  -0.00000000
 -0.02124669   0.00000000    -0.02195703   0.00000000     0.00831309  -0.00000000
    8    6
  0.02364525   0.00000000    -0.00639680   0.00000000     0.00639680   0.00000000
  0.01018075   0.00000000    -0.01637855   0.00000000    -0.01428479   0.00000000
 -0.01018075   0.00000000    -0.01428479   0.00000000    -0.01637855   0.00000000
    8    7
 -0.02922719  -0.00000000     0.01536868  -0.00000000    -0.01536868  -0.00000000
 -0.01118899  -0.00000000     0.01555289   0.00000000     0.00143348   0.00000000
  0.01118899   0.00000000     0.00143348   0.00000000     0.01555289   0.00000000
    8    8
  0.06605969   0.00000000     0.00035924   0.00000000    -0.00035924   0.00000000
  0.00035924   0.00000000     0.08486235   0.00000000    -0.00093407   0.00000000
 -0.00035924   0.00000000    -0.00093407   0.00000000     0.08486235   0.00000000
    8    9
 -0.02517804  -0.00000000     0.00737933   0.00000000    -0.00737933  -0.00000000
  0.00737933   0.00000000    -0.01509241  -0.00000000     0.01784365   0.00000000
 -0.00737933  -0.00000000     0.01784365   0.00000000    -0.01509241  -0.00000000
    8   10
  0.00545363   0.00000000    -0.01855451   0.00000000    -0.00888361   0.00000000
 -0.03188239   0.00000000     0.00545363   0.00000000     0.00700970   0.00000000
  0.00700970   0.00000000    -0.00888361   0.00000000     0.01803952   0.00000000
    8   11
  0.00831309   0.00000000     0.01896848   0.00000000     0.00393662   0.00000000
  0.02124669   0.00000000     0.00831309   0.00000000    -0.02195703   0.00000000
 -0.02195703   0.00000000     0.00393662   0.00000000    -0.04333709   0.00000000
    9    1
  0.04388566   0.00000000    -0.02106087  -0.00000000     0.02106087   0.00000000
 -0.00851249  -0.00000000    -0.03542677  -0.00000000     0.00267936   0.00000000
  0.00851249   0.00000000     0.00267936   0.00000000    -0.03542677  -0.00000000
    9    2
 -0.02698127   0.00000000     0.02324072   0.00000000    -0.02324072   0.00000000
  0.03526107   0.00000000    -0.02545187   0.00000000     0.01167958   0.00000000
 -0.03526107   0.00000000     0.01167958   0.00000000    -0.02545187   0.00000000
    9    3
  0.01704673   0.00000000    -0.00229119   0.00000000     0.00229119   0.00000000
 -0.00411976   0.00000000     0.02156317   0.00000000    -0.00352554   0.00000000
  0.00411976   0.00000000    -0.00352554   0.00000000     0.02156317   0.00000000
    9    4
  0.00831309  -0.00000000    -0.00393662   0.00000000    -0.01896848   0.00000000
  0.02195703  -0.00000000    -0.04333709   0.00000000     0.00393662  -0.00000000
 -0.02124669   0.00000000    -0.02195703   0.00000000     0.00831309  -0.00000000
    9    5
  0.00545363  -0.00000000     0.00888361  -0.00000000     0.01855451  -0.00000000
 -0.00700970   0.00000000     0.01803952  -0.00000000    -0.00888361   0.00000000
  0.03188239  -0.00000000     0.00700970  -0.00000000     0.00545363  -0.00000000
    9    6
 -0.02922719   0.00000000     0.01536868  -0.00000000    -0.01536868   0.00000000
 -0.01118899   0.00000000     0.01555289  -0.00000000     0.00143348  -0.00000000
  0.01118899  -0.00000000     0.00143348  -0.00000000     0.01555289  -0.00000000
    9    7
  0.02364525  -0.00000000    -0.00639680   0.00000000     0.00639680  -0.00000000
  0.01018075  -0.00000000    -0.01637855   0.00000000    -0.01428479   0.00000000
 -0.01018075   0.00000000    -0.01428479   0.00000000    -0.01637855   0.00000000
    9    8
 -0.02517804   0.00000000     0.00737933  -0.00000000    -0.00737933   0.00000000
  0.00737933  -0.00000000    -0.01509241   0.00000000     0.01784365  -0.00000000
 -0.00737933   0.00000000     0.01784365  -0.00000000    -0.01509241   0.00000000
    9    9
  0.06605969   0.00000000     0.00035924   0.00000000    -0.00035924   0.00000000
  0.00035924   0.00000000     0.08486235   0.00000000    -0.00093407   0.00000000
 -0.00035924   0.00000000    -0.00093407   0.00000000     0.08486235   0.00000000
    9   10
  0.00831309  -0.00000000     0.01896848  -0.00000000     0.00393662  -0.00000000
  0.02124669  -0.00000000     0.00831309  -0.00000000    -0.02195703   0.00000000
 -0.02195703   0.00000000     0.00393662  -0.00000000    -0.04333709   0.00000000
    9   11
  0.00545363  -0.00000000    -0.01855451   0.00000000    -0.00888361   0.00000000
 -0.03188239   0.00000000     0.00545363  -0.00000000     0.00700970  -0.00000000
  0.00700970  -0.00000000    -0.00888361   0.00000000     0.01803952  -0.00000000
   10    1
  0.03542677   0.00000000     0.00851249   0.00000000    -0.00267936  -0.00000000
  0.02106087   0.00000000    -0.04388566  -0.00000000    -0.02106087  -0.00000000
 -0.00267936  -0.00000000    -0.00851249  -0.00000000     0.03542677   0.00000000
   10    2
  0.02156317   0.00000000    -0.00411976   0.00000000    -0.00352554   0.00000000
 -0.00229119   0.00000000     0.01704673   0.00000000     0.00229119   0.00000000
 -0.00352554   0.00000000     0.00411976   0.00000000     0.02156317   0.00000000
   10    3
 -0.02545187   0.00000000     0.03526107   0.00000000     0.01167958   0.00000000
  0.02324072   0.00000000    -0.02698127   0.00000000    -0.02324072   0.00000000
  0.01167958   0.00000000    -0.03526107   0.00000000    -0.02545187   0.00000000
   10    4
  0.01803952   0.00000000    -0.00700970   0.00000000    -0.00888361   0.00000000
  0.00888361   0.00000000     0.00545363   0.00000000     0.01855451   0.00000000
  0.00700970   0.00000000     0.03188239   0.00000000     0.00545363   0.00000000
   10    5
 -0.04333709   0.00000000     0.02195703  -0.00000000     0.00393662  -0.00000000
 -0.00393662   0.00000000     0.00831309  -0.00000000    -0.01896848   0.00000000
 -0.02195703   0.00000000    -0.02124669   0.00000000     0.00831309  -0.00000000
   10    6
 -0.01637855   0.00000000     0.01018075   0.00000000    -0.01428479   0.00000000
 -0.00639680   0.00000000     0.02364525   0.00000000     0.00639680   0.00000000
 -0.01428479   0.00000000    -0.01018075   0.00000000    -0.01637855   0.00000000
   10    7
  0.01555289  -0.00000000    -0.01118899   0.00000000     0.00143348  -0.00000000
  0.01536868   0.00000000    -0.02922719   0.00000000    -0.01536868   0.00000000
  0.00143348  -0.00000000     0.01118899  -0.00000000     0.01555289  -0.00000000
   10    8
  0.00545363   0.00000000    -0.03188239   0.00000000     0.00700970   0.00000000
 -0.01855451   0.00000000     0.00545363   0.00000000    -0.00888361   0.00000000
 -0.00888361   0.00000000     0.00700970   0.00000000     0.01803952   0.00000000
   10    9
  0.00831309   0.00000000     0.02124669   0.00000000    -0.02195703  -0.00000000
  0.01896848   0.00000000     0.00831309   0.00000000     0.00393662   0.00000000
  0.00393662   0.00000000    -0.02195703  -0.00000000    -0.04333709  -0.00000000
   10   10
  0.08486235   0.00000000     0.00035924   0.00000000    -0.00093407   0.00000000
  0.00035924   0.00000000     0.06605969   0.00000000    -0.00035924   0.00000000
 -0.00093407   0.00000000    -0.00035924   0.00000000     0.08486235   0.00000000
   10   11
 -0.01509241   0.00000000     0.00737933   0.00000000     0.01784365   0.00000000
  0.00737933   0.00000000    -0.02517804   0.00000000    -0.00737933   0.00000000
  0.01784365   0.00000000    -0.00737933   0.00000000    -0.01509241   0.00000000
   11    1
 -0.03542677  -0.00000000    -0.00851249  -0.00000000     0.00267936   0.00000000
 -0.02106087  -0.00000000     0.04388566   0.00000000     0.02106087   0.00000000
  0.00267936   0.00000000     0.00851249   0.00000000    -0.03542677  -0.00000000
   11    2
 -0.02545187   0.00000000     0.03526107   0.00000000     0.01167958   0.00000000
  0.02324072   0.00000000    -0.02698127   0.00000000    -0.02324072   0.00000000
  0.01167958   0.00000000    -0.03526107   0.00000000    -0.02545187   0.00000000
   11    3
  0.02156317   0.00000000    -0.00411976   0.00000000    -0.00352554   0.00000000
 -0.00229119   0.00000000     0.01704673   0.00000000     0.00229119   0.00000000
 -0.00352554   0.00000000     0.00411976   0.00000000     0.02156317   0.00000000
   11    4
 -0.04333709   0.00000000     0.02195703   0.00000000     0.00393662   0.00000000
 -0.00393662   0.00000000     0.00831309   0.00000000    -0.01896848   0.00000000
 -0.02195703   0.00000000    -0.02124669   0.00000000     0.00831309   0.00000000
   11    5
  0.01803952  -0.00000000    -0.00700970   0.00000000    -0.00888361   0.00000000
  0.00888361  -0.00000000     0.00545363  -0.00000000     0.01855451  -0.00000000
  0.00700970  -0.00000000     0.03188239  -0.00000000     0.00545363  -0.00000000
   11    6
  0.01555289   0.00000000    -0.01118899   0.00000000     0.00143348   0.00000000
  0.01536868   0.00000000    -0.02922719   0.00000000    -0.01536868   0.00000000
  0.00143348   0.00000000     0.01118899   0.00000000     0.01555289   0.00000000
   11    7
 -0.01637855   0.00000000     0.01018075  -0.00000000    -0.01428479   0.00000000
 -0.00639680  -0.00000000     0.02364525  -0.00000000     0.00639680  -0.00000000
 -0.01428479   0.00000000    -0.01018075  -0.00000000    -0.01637855  -0.00000000
   11    8
  0.00831309   0.00000000     0.02124669   0.00000000    -0.02195703   0.00000000
  0.01896848   0.00000000     0.00831309   0.00000000     0.00393662   0.00000000
  0.00393662   0.00000000    -0.02195703   0.00000000    -0.04333709   0.00000000
   11    9
  0.00545363   0.00000000    -0.03188239  -0.00000000     0.00700970   0.00000000
 -0.01855451  -0.00000000     0.00545363   0.00000000    -0.00888361  -0.00000000
 -0.00888361  -0.00000000     0.00700970   0.00000000     0.01803952   0.00000000
   11   10
 -0.01509241   0.00000000     0.00737933   0.00000000     0.01784365   0.00000000
  0.00737933   0.00000000    -0.02517804   0.00000000    -0.00737933   0.00000000
  0.01784365   0.00000000    -0.00737933   0.00000000    -0.01509241   0.00000000
   11   11
  0.08486235   0.00000000     0.00035924   0.00000000    -0.00093407   0.00000000
  0.00035924   0.00000000     0.06605969   0.00000000    -0.00035924   0.00000000
 -0.00093407   0.00000000    -0.00035924   0.00000000     0.08486235   0.00000000

     Dynamical  Matrix in cartesian axes

     q = (   -0.353553391   0.353553391   0.353553391 ) 

    1    1
  0.22088699   0.00000000    -0.07165561   0.00000000    -0.07165561   0.00000000
 -0.07165561   0.00000000     0.22088699   0.00000000     0.07165561   0.00000000
 -0.07165561   0.00000000     0.07165561   0.00000000     0.22088699   0.00000000
    1    2
  0.01020405   0.00000000    -0.03632957  -0.00000000    -0.03632957  -0.00000000
 -0.03632957  -0.00000000     0.01020405   0.00000000     0.03632957   0.00000000
 -0.03632957  -0.00000000     0.03632957   0.00000000     0.01020405   0.00000000
    1    3
 -0.01020405  -0.00000000     0.03632957   0.00000000     0.03632957   0.00000000
  0.03632957   0.00000000    -0.01020405  -0.00000000    -0.03632957  -0.00000000
  0.03632957   0.00000000    -0.03632957  -0.00000000    -0.01020405  -0.00000000
    1    4
 -0.04388566  -0.00000000    -0.00851249  -0.00000000    -0.00851249  -0.00000000
 -0.02106087  -0.00000000     0.03542677   0.00000000     0.00267936   0.00000000
 -0.02106087  -0.00000000     0.00267936   0.00000000     0.03542677   0.00000000
    1    5
  0.04388566   0.00000000     0.00851249   0.00000000     0.00851249   0.00000000
  0.02106087   0.00000000    -0.03542677  -0.00000000    -0.00267936  -0.00000000
  0.02106087   0.00000000    -0.00267936  -0.00000000    -0.03542677  -0.00000000
    1    6
  0.03542677   0.00000000    -0.02106087  -0.00000000    -0.00267936  -0.00000000
 -0.00851249  -0.00000000    -0.04388566  -0.00000000     0.00851249   0.00000000
 -0.00267936  -0.00000000     0.02106087   0.00000000     0.03542677   0.00000000
    1    7
 -0.03542677  -0.00000000     0.02106087   0.00000000     0.00267936   0.00000000
  0.00851249   0.00000000     0.04388566   0.00000000    -0.00851249  -0.00000000
  0.00267936   0.00000000    -0.02106087  -0.00000000    -0.03542677  -0.00000000
    1    8
  0.03542677   0.00000000    -0.00267936  -0.00000000    -0.02106087  -0.00000000
 -0.00267936  -0.00000000     0.03542677   0.00000000     0.02106087   0.00000000
 -0.00851249  -0.00000000     0.00851249   0.00000000    -0.04388566  -0.00000000
    1    9
 -0.03542677  -0.00000000     0.00267936   0.00000000     0.02106087   0.00000000
  0.00267936   0.00000000    -0.03542677  -0.00000000    -0.02106087  -0.00000000
  0.00851249   0.00000000    -0.00851249  -0.00000000     0.04388566   0.00000000
    1   10
 -0.05047687  -0.00000000    -0.00270420  -0.00000000    -0.00270420  -0.00000000
 -0.00270420  -0.00000000    -0.05047687  -0.00000000     0.00270420   0.00000000
 -0.00270420  -0.00000000     0.00270420   0.00000000    -0.05047687  -0.00000000
    1   11
  0.05047687   0.00000000     0.00270420   0.00000000     0.00270420   0.00000000
  0.00270420   0.00000000     0.05047687   0.00000000    -0.00270420  -0.00000000
  0.00270420   0.00000000    -0.00270420  -0.00000000     0.05047687   0.00000000
    2    1
  0.01020405  -0.00000000    -0.03632957   0.00000000    -0.03632957   0.00000000
 -0.03632957   0.00000000     0.01020405  -0.00000000     0.03632957  -0.00000000
 -0.03632957   0.00000000     0.03632957  -0.00000000     0.01020405  -0.00000000
    2    2
  0.08659904   0.00000000     0.00913325   0.00000000     0.00913325   0.00000000
  0.00913325   0.00000000     0.08659904   0.00000000    -0.00913325   0.00000000
  0.00913325   0.00000000    -0.00913325   0.00000000     0.08659904   0.00000000
    2    3
 -0.01173498   0.00000000    -0.00415699   0.00000000    -0.00415699   0.00000000
 -0.00415699   0.00000000    -0.01173498   0.00000000     0.00415699   0.00000000
 -0.00415699   0.00000000     0.00415699   0.00000000    -0.01173498   0.00000000
    2    4
  0.01704673   0.00000000     0.00411976   0.00000000     0.00411976   0.00000000
  0.00229119   0.00000000     0.02156317   0.00000000     0.00352554   0.00000000
  0.00229119   0.00000000     0.00352554   0.00000000     0.02156317   0.00000000
    2    5
 -0.02698127  -0.00000000    -0.03526107  -0.00000000    -0.03526107  -0.00000000
 -0.02324072  -0.00000000    -0.02545187  -0.00000000    -0.01167958  -0.00000000
 -0.02324072  -0.00000000    -0.01167958  -0.00000000    -0.02545187  -0.00000000
    2    6
  0.02156317   0.00000000     0.00229119   0.00000000    -0.00352554   0.00000000
  0.00411976   0.00000000     0.01704673   0.00000000    -0.00411976   0.00000000
 -0.00352554   0.00000000    -0.00229119   0.00000000     0.02156317   0.00000000
    2    7
 -0.02545187   0.00000000    -0.02324072   0.00000000     0.01167958  -0.00000000
 -0.03526107   0.00000000    -0.02698127   0.00000000     0.03526107  -0.00000000
  0.01167958  -0.00000000     0.02324072  -0.00000000    -0.02545187   0.00000000
    2    8
  0.02156317   0.00000000    -0.00352554   0.00000000     0.00229119   0.00000000
 -0.00352554   0.00000000     0.02156317   0.00000000    -0.00229119   0.00000000
  0.00411976   0.00000000    -0.00411976   0.00000000     0.01704673   0.00000000
    2    9
 -0.02545187   0.00000000     0.01167958  -0.00000000    -0.02324072   0.00000000
  0.01167958  -0.00000000    -0.02545187   0.00000000     0.02324072  -0.00000000
 -0.03526107   0.00000000     0.03526107  -0.00000000    -0.02698127   0.00000000
    2   10
  0.00013053   0.00000000     0.00251256   0.00000000     0.00251256   0.00000000
  0.00251256   0.00000000     0.00013053   0.00000000    -0.00251256   0.00000000
  0.00251256   0.00000000    -0.00251256   0.00000000     0.00013053   0.00000000
    2   11
  0.00787580   0.00000000    -0.01670889  -0.00000000    -0.01670889  -0.00000000
 -0.01670889  -0.00000000     0.00787580   0.00000000     0.01670889   0.00000000
 -0.01670889  -0.00000000     0.01670889   0.00000000     0.00787580   0.00000000
    3    1
 -0.01020405   0.00000000     0.03632957  -0.00000000     0.03632957  -0.00000000
  0.03632957  -0.00000000    -0.01020405   0.00000000    -0.03632957   0.00000000
  0.03632957  -0.00000000    -0.03632957   0.00000000    -0.01020405   0.00000000
    3    2
 -0.01173498   0.00000000    -0.00415699   0.00000000    -0.00415699   0.00000000
 -0.00415699   0.00000000    -0.01173498   0.00000000     0.00415699   0.00000000
 -0.00415699   0.00000000     0.00415699   0.00000000    -0.01173498   0.00000000
    3    3
  0.08659904   0.00000000     0.00913325   0.00000000     0.00913325   0.00000000
  0.00913325   0.00000000     0.08659904   0.00000000    -0.00913325   0.00000000
  0.00913325   0.00000000    -0.00913325   0.00000000     0.08659904   0.00000000
    3    4
 -0.02698127   0.00000000    -0.03526107   0.00000000    -0.03526107   0.00000000
 -0.02324072   0.00000000    -0.02545187   0.00000000    -0.01167958   0.00000000
 -0.02324072   0.00000000    -0.01167958   0.00000000    -0.02545187   0.00000000
    3    5
  0.01704673   0.00000000     0.00411976   0.00000000     0.00411976   0.00000000
  0.00229119   0.00000000     0.02156317   0.00000000     0.00352554   0.00000000
  0.00229119   0.00000000     0.00352554   0.00000000     0.02156317   0.00000000
    3    6
 -0.02545187   0.00000000    -0.02324072   0.00000000     0.01167958   0.00000000
 -0.03526107   0.00000000    -0.02698127   0.00000000     0.03526107   0.00000000
  0.01167958   0.00000000     0.02324072   0.00000000    -0.02545187   0.00000000
    3    7
  0.02156317  -0.00000000     0.00229119  -0.00000000    -0.00352554   0.00000000
  0.00411976  -0.00000000     0.01704673  -0.00000000    -0.00411976   0.00000000
 -0.00352554   0.00000000    -0.00229119   0.00000000     0.02156317  -0.00000000
    3    8
 -0.02545187   0.00000000     0.01167958   0.00000000    -0.02324072   0.00000000
  0.01167958   0.00000000    -0.02545187   0.00000000     0.02324072   0.00000000
 -0.03526107   0.00000000     0.03526107   0.00000000    -0.02698127   0.00000000
    3    9
  0.02156317  -0.00000000    -0.00352554   0.00000000     0.00229119  -0.00000000
 -0.00352554   0.00000000     0.02156317  -0.00000000    -0.00229119   0.00000000
  0.00411976  -0.00000000    -0.00411976   0.00000000     0.01704673  -0.00000000
    3   10
  0.00787580   0.00000000    -0.01670889   0.00000000    -0.01670889   0.00000000
 -0.01670889   0.00000000     0.00787580   0.00000000     0.01670889   0.00000000
 -0.01670889   0.00000000     0.01670889   0.00000000     0.00787580   0.00000000
    3   11
  0.00013053   0.00000000     0.00251256   0.00000000     0.00251256   0.00000000
  0.00251256   0.00000000     0.00013053   0.00000000    -0.00251256  -0.00000000
  0.00251256   0.00000000    -0.00251256  -0.00000000     0.00013053   0.00000000
    4    1
 -0.04388566   0.00000000    -0.02106087   0.00000000    -0.02106087   0.00000000
