  2.000000000000000E-002   1.50246893388671        5.69309982747422     
           8

     Dynamical  Matrix in cartesian axes

     q = (    0.235702260   0.235702260  -0.235702260 ) 

    1    1
  0.23923266   0.00000000     0.07723764   0.00000000    -0.07723764   0.00000000
  0.07723764   0.00000000     0.23923266   0.00000000    -0.07723764   0.00000000
 -0.07723764   0.00000000    -0.07723764   0.00000000     0.23923266   0.00000000
    1    2
  0.00023836   0.03104389     0.03033973   0.00055593    -0.03033973  -0.00055593
  0.03033973   0.00055593     0.00023836   0.03104389    -0.03033973  -0.00055593
 -0.03033973  -0.00055593    -0.03033973  -0.00055593     0.00023836   0.03104389
    1    3
 -0.02700398   0.01531552    -0.01565131  -0.02599701     0.01565131   0.02599701
 -0.01565131  -0.02599701    -0.02700398   0.01531552     0.01565131   0.02599701
  0.01565131   0.02599701     0.01565131   0.02599701    -0.02700398   0.01531552
    1    4
  0.04141427   0.02359079     0.01134338  -0.01082617    -0.00896168  -0.00901041
  0.01134338  -0.01082617     0.04141427   0.02359079    -0.00896168  -0.00901041
  0.00285701  -0.02188912     0.00285701  -0.02188912    -0.03135212  -0.01634598
    1    5
 -0.04113736  -0.02407042     0.00370405  -0.01523674     0.01228408   0.00325583
  0.00370405  -0.01523674    -0.04113736  -0.02407042     0.01228408   0.00325583
  0.01752803  -0.01341880     0.01752803  -0.01341880     0.02983209   0.01897874
    1    6
 -0.03323324  -0.00963049     0.00866424   0.01073848    -0.00866424  -0.01073848
  0.00866424   0.01073848    -0.03323324  -0.00963049    -0.00866424  -0.01073848
 -0.00866424  -0.01073848    -0.00866424  -0.01073848    -0.03323324  -0.00963049
    1    7
  0.02495687   0.02396558    -0.01363191  -0.00213421     0.01363191   0.00213421
 -0.01363191  -0.00213421     0.02495687   0.02396558     0.01363191   0.00213421
  0.01363191   0.00213421     0.01363191   0.00213421     0.02495687   0.02396558
    1    8
 -0.03135212  -0.01634598    -0.00285701   0.02188912     0.00285701  -0.02188912
  0.00896168   0.00901041     0.04141427   0.02359079    -0.01134338   0.01082617
 -0.00896168  -0.00901041    -0.01134338   0.01082617     0.04141427   0.02359079
    1    9
  0.02983209   0.01897874    -0.01752803   0.01341880     0.01752803  -0.01341880
 -0.01228408  -0.00325583    -0.04113736  -0.02407042    -0.00370405   0.01523674
  0.01228408   0.00325583    -0.00370405   0.01523674    -0.04113736  -0.02407042
    1   10
  0.04141427   0.02359079     0.00896168   0.00901041    -0.01134338   0.01082617
 -0.00285701   0.02188912    -0.03135212  -0.01634598     0.00285701  -0.02188912
 -0.01134338   0.01082617    -0.00896168  -0.00901041     0.04141427   0.02359079
    1   11
 -0.04113736  -0.02407042    -0.01228408  -0.00325583    -0.00370405   0.01523674
 -0.01752803   0.01341880     0.02983209   0.01897874     0.01752803  -0.01341880
 -0.00370405   0.01523674     0.01228408   0.00325583    -0.04113736  -0.02407042
    2    1
  0.00023836  -0.03104389     0.03033973  -0.00055593    -0.03033973   0.00055593
  0.03033973  -0.00055593     0.00023836  -0.03104389    -0.03033973   0.00055593
 -0.03033973   0.00055593    -0.03033973   0.00055593     0.00023836  -0.03104389
    2    2
  0.07403090  -0.00000000     0.00037626  -0.00000000    -0.00037626   0.00000000
  0.00037626  -0.00000000     0.07403090  -0.00000000    -0.00037626   0.00000000
 -0.00037626   0.00000000    -0.00037626   0.00000000     0.07403090  -0.00000000
    2    3
 -0.00373514   0.00184425    -0.00125411   0.00299476     0.00125411  -0.00299476
 -0.00125411   0.00299476    -0.00373514   0.00184425     0.00125411  -0.00299476
  0.00125411  -0.00299476     0.00125411  -0.00299476    -0.00373514   0.00184425
    2    4
  0.01607570  -0.00669838    -0.00064345  -0.00003433     0.00340061   0.00921324
 -0.00064345  -0.00003433     0.01607570  -0.00669838     0.00340061   0.00921324
 -0.00196673   0.00049424    -0.00196673   0.00049424     0.00952879   0.01303551
    2    5
 -0.02048672   0.00812609    -0.01390472  -0.00224457    -0.01590748  -0.00479303
 -0.01390472  -0.00224457    -0.02048672   0.00812609    -0.01590748  -0.00479303
 -0.02328154   0.00236240    -0.02328154   0.00236240    -0.02229689  -0.00327992
    2    6
  0.00707034  -0.00100547     0.00344676  -0.00620537    -0.00344676   0.00620537
  0.00344676  -0.00620537     0.00707034  -0.00100547    -0.00344676   0.00620537
 -0.00344676   0.00620537    -0.00344676   0.00620537     0.00707034  -0.00100547
    2    7
  0.00461870   0.00854063     0.00852929   0.02638787    -0.00852929  -0.02638787
  0.00852929   0.02638787     0.00461870   0.00854063    -0.00852929  -0.02638787
 -0.00852929  -0.02638787    -0.00852929  -0.02638787     0.00461870   0.00854063
    2    8
  0.00952879   0.01303551     0.00196673  -0.00049424    -0.00196673   0.00049424
 -0.00340061  -0.00921324     0.01607570  -0.00669838     0.00064345   0.00003433
  0.00340061   0.00921324     0.00064345   0.00003433     0.01607570  -0.00669838
    2    9
 -0.02229689  -0.00327992     0.02328154  -0.00236240    -0.02328154   0.00236240
  0.01590748   0.00479303    -0.02048672   0.00812609     0.01390472   0.00224457
 -0.01590748  -0.00479303     0.01390472   0.00224457    -0.02048672   0.00812609
    2   10
  0.01607570  -0.00669838    -0.00340061  -0.00921324     0.00064345   0.00003433
  0.00196673  -0.00049424     0.00952879   0.01303551    -0.00196673   0.00049424
  0.00064345   0.00003433     0.00340061   0.00921324     0.01607570  -0.00669838
    2   11
 -0.02048672   0.00812609     0.01590748   0.00479303     0.01390472   0.00224457
  0.02328154  -0.00236240    -0.02229689  -0.00327992    -0.02328154   0.00236240
  0.01390472   0.00224457    -0.01590748  -0.00479303    -0.02048672   0.00812609
    3    1
 -0.02700398  -0.01531552    -0.01565131   0.02599701     0.01565131  -0.02599701
 -0.01565131   0.02599701    -0.02700398  -0.01531552     0.01565131  -0.02599701
  0.01565131  -0.02599701     0.01565131  -0.02599701    -0.02700398  -0.01531552
    3    2
 -0.00373514  -0.00184425    -0.00125411  -0.00299476     0.00125411   0.00299476
 -0.00125411  -0.00299476    -0.00373514  -0.00184425     0.00125411   0.00299476
  0.00125411   0.00299476     0.00125411   0.00299476    -0.00373514  -0.00184425
    3    3
  0.07403090   0.00000000     0.00037626   0.00000000    -0.00037626  -0.00000000
  0.00037626   0.00000000     0.07403090   0.00000000    -0.00037626  -0.00000000
 -0.00037626  -0.00000000    -0.00037626  -0.00000000     0.07403090   0.00000000
    3    4
 -0.02048672  -0.00812609    -0.01390472   0.00224457    -0.01590748   0.00479303
 -0.01390472   0.00224457    -0.02048672  -0.00812609    -0.01590748   0.00479303
 -0.02328154  -0.00236240    -0.02328154  -0.00236240    -0.02229689   0.00327992
    3    5
  0.01607570   0.00669838    -0.00064345   0.00003433     0.00340061  -0.00921324
 -0.00064345   0.00003433     0.01607570   0.00669838     0.00340061  -0.00921324
 -0.00196673  -0.00049424    -0.00196673  -0.00049424     0.00952879  -0.01303551
    3    6
  0.00461870  -0.00854063     0.00852929  -0.02638787    -0.00852929   0.02638787
  0.00852929  -0.02638787     0.00461870  -0.00854063    -0.00852929   0.02638787
 -0.00852929   0.02638787    -0.00852929   0.02638787     0.00461870  -0.00854063
    3    7
  0.00707034   0.00100547     0.00344676   0.00620537    -0.00344676  -0.00620537
  0.00344676   0.00620537     0.00707034   0.00100547    -0.00344676  -0.00620537
 -0.00344676  -0.00620537    -0.00344676  -0.00620537     0.00707034   0.00100547
    3    8
 -0.02229689   0.00327992     0.02328154   0.00236240    -0.02328154  -0.00236240
  0.01590748  -0.00479303    -0.02048672  -0.00812609     0.01390472  -0.00224457
 -0.01590748   0.00479303     0.01390472  -0.00224457    -0.02048672  -0.00812609
    3    9
  0.00952879  -0.01303551     0.00196673   0.00049424    -0.00196673  -0.00049424
 -0.00340061   0.00921324     0.01607570   0.00669838     0.00064345  -0.00003433
  0.00340061  -0.00921324     0.00064345  -0.00003433     0.01607570   0.00669838
    3   10
 -0.02048672  -0.00812609     0.01590748  -0.00479303     0.01390472  -0.00224457
  0.02328154   0.00236240    -0.02229689   0.00327992    -0.02328154  -0.00236240
  0.01390472  -0.00224457    -0.01590748   0.00479303    -0.02048672  -0.00812609
    3   11
  0.01607570   0.00669838    -0.00340061   0.00921324     0.00064345  -0.00003433
  0.00196673   0.00049424     0.00952879  -0.01303551    -0.00196673  -0.00049424
  0.00064345  -0.00003433     0.00340061  -0.00921324     0.01607570   0.00669838
    4    1
  0.04141427  -0.02359079     0.01134338   0.01082617     0.00285701   0.02188912
  0.01134338   0.01082617     0.04141427  -0.02359079     0.00285701   0.02188912
 -0.00896168   0.00901041    -0.00896168   0.00901041    -0.03135212   0.01634598
    4    2
  0.01607570   0.00669838    -0.00064345   0.00003433    -0.00196673  -0.00049424
 -0.00064345   0.00003433     0.01607570   0.00669838    -0.00196673  -0.00049424
  0.00340061  -0.00921324     0.00340061  -0.00921324     0.00952879  -0.01303551
    4    3
 -0.02048672   0.00812609    -0.01390472  -0.00224457    -0.02328154   0.00236240
 -0.01390472  -0.00224457    -0.02048672   0.00812609    -0.02328154   0.00236240
 -0.01590748  -0.00479303    -0.01590748  -0.00479303    -0.02229689  -0.00327992
    4    4
  0.08195924   0.00000000     0.00370398  -0.00000000    -0.00588713   0.00378017
  0.00370398  -0.00000000     0.08195924   0.00000000    -0.00588713   0.00378017
 -0.00588713  -0.00378017    -0.00588713  -0.00378017     0.06446035  -0.00000000
    4    5
 -0.01659981  -0.00244371    -0.00955653  -0.00702856    -0.00639048   0.01329420
 -0.00955653  -0.00702856    -0.01659981  -0.00244371    -0.00639048   0.01329420
 -0.00639048   0.01329420    -0.00639048   0.01329420    -0.01185397   0.01074478
    4    6
 -0.01009968   0.00365006     0.02031163  -0.00242042    -0.01217272  -0.01040764
  0.02031163  -0.00242042    -0.01009968   0.00365006    -0.01217272  -0.01040764
 -0.00200812  -0.00630639    -0.00200812  -0.00630639     0.01295440   0.00573625
    4    7
  0.00525674   0.00445847    -0.00802641   0.00273611     0.01966637  -0.00007889
 -0.00802641   0.00273611     0.00525674   0.00445847     0.01966637  -0.00007889
 -0.00833297   0.00427559    -0.00833297   0.00427559    -0.03676408  -0.00376375
    4    8
  0.00217066  -0.00375591    -0.00232972   0.00580564     0.02004003   0.00000000
  0.00652276  -0.00607717     0.01824786   0.00000000     0.00232972   0.00580564
  0.01388362   0.00000000    -0.00652276  -0.00607717     0.00217066   0.00375591
    4    9
  0.00771187  -0.00046981     0.01347287  -0.00204071    -0.01462466   0.00029411
 -0.00795657  -0.00392639    -0.05558616  -0.00408858    -0.01347287   0.00204071
 -0.01513286   0.01116359     0.00795657   0.00392639     0.00771187  -0.00046981
    4   10
  0.01824786   0.00000000     0.00652276  -0.00607717     0.00232972   0.00580564
 -0.00232972   0.00580564     0.00217066  -0.00375591     0.02004003   0.00000000
 -0.00652276  -0.00607717     0.01388362   0.00000000     0.00217066   0.00375591
    4   11
 -0.05558616  -0.00408858    -0.00795657  -0.00392639    -0.01347287   0.00204071
  0.01347287  -0.00204071     0.00771187  -0.00046981    -0.01462466   0.00029411
  0.00795657   0.00392639    -0.01513286   0.01116359     0.00771187  -0.00046981
    5    1
 -0.04113736   0.02407042     0.00370405   0.01523674     0.01752803   0.01341880
  0.00370405   0.01523674    -0.04113736   0.02407042     0.01752803   0.01341880
  0.01228408  -0.00325583     0.01228408  -0.00325583     0.02983209  -0.01897874
    5    2
 -0.02048672  -0.00812609    -0.01390472   0.00224457    -0.02328154  -0.00236240
 -0.01390472   0.00224457    -0.02048672  -0.00812609    -0.02328154  -0.00236240
 -0.01590748   0.00479303    -0.01590748   0.00479303    -0.02229689   0.00327992
    5    3
  0.01607570  -0.00669838    -0.00064345  -0.00003433    -0.00196673   0.00049424
 -0.00064345  -0.00003433     0.01607570  -0.00669838    -0.00196673   0.00049424
  0.00340061   0.00921324     0.00340061   0.00921324     0.00952879   0.01303551
    5    4
 -0.01659981   0.00244371    -0.00955653   0.00702856    -0.00639048  -0.01329420
 -0.00955653   0.00702856    -0.01659981   0.00244371    -0.00639048  -0.01329420
 -0.00639048  -0.01329420    -0.00639048  -0.01329420    -0.01185397  -0.01074478
    5    5
  0.08195924  -0.00000000     0.00370398   0.00000000    -0.00588713  -0.00378017
  0.00370398   0.00000000     0.08195924  -0.00000000    -0.00588713  -0.00378017
 -0.00588713   0.00378017    -0.00588713   0.00378017     0.06446035   0.00000000
    5    6
  0.00525674  -0.00445847    -0.00802641  -0.00273611     0.01966637   0.00007889
 -0.00802641  -0.00273611     0.00525674  -0.00445847     0.01966637   0.00007889
 -0.00833297  -0.00427559    -0.00833297  -0.00427559    -0.03676408   0.00376375
    5    7
 -0.01009968  -0.00365006     0.02031163   0.00242042    -0.01217272   0.01040764
  0.02031163   0.00242042    -0.01009968  -0.00365006    -0.01217272   0.01040764
 -0.00200812   0.00630639    -0.00200812   0.00630639     0.01295440  -0.00573625
    5    8
  0.00771187   0.00046981     0.01347287   0.00204071    -0.01462466  -0.00029411
 -0.00795657   0.00392639    -0.05558616   0.00408858    -0.01347287  -0.00204071
 -0.01513286  -0.01116359     0.00795657  -0.00392639     0.00771187   0.00046981
    5    9
  0.00217066   0.00375591    -0.00232972  -0.00580564     0.02004003   0.00000000
  0.00652276   0.00607717     0.01824786   0.00000000     0.00232972  -0.00580564
  0.01388362  -0.00000000    -0.00652276   0.00607717     0.00217066  -0.00375591
    5   10
 -0.05558616   0.00408858    -0.00795657   0.00392639    -0.01347287  -0.00204071
  0.01347287   0.00204071     0.00771187   0.00046981    -0.01462466  -0.00029411
  0.00795657  -0.00392639    -0.01513286  -0.01116359     0.00771187   0.00046981
    5   11
  0.01824786  -0.00000000     0.00652276   0.00607717     0.00232972  -0.00580564
 -0.00232972  -0.00580564     0.00217066   0.00375591     0.02004003  -0.00000000
 -0.00652276   0.00607717     0.01388362  -0.00000000     0.00217066  -0.00375591
    6    1
 -0.03323324   0.00963049     0.00866424  -0.01073848    -0.00866424   0.01073848
  0.00866424  -0.01073848    -0.03323324   0.00963049    -0.00866424   0.01073848
 -0.00866424   0.01073848    -0.00866424   0.01073848    -0.03323324   0.00963049
    6    2
  0.00707034   0.00100547     0.00344676   0.00620537    -0.00344676  -0.00620537
  0.00344676   0.00620537     0.00707034   0.00100547    -0.00344676  -0.00620537
 -0.00344676  -0.00620537    -0.00344676  -0.00620537     0.00707034   0.00100547
    6    3
  0.00461870   0.00854063     0.00852929   0.02638787    -0.00852929  -0.02638787
  0.00852929   0.02638787     0.00461870   0.00854063    -0.00852929  -0.02638787
 -0.00852929  -0.02638787    -0.00852929  -0.02638787     0.00461870   0.00854063
    6    4
 -0.01009968  -0.00365006     0.02031163   0.00242042    -0.00200812   0.00630639
  0.02031163   0.00242042    -0.01009968  -0.00365006    -0.00200812   0.00630639
 -0.01217272   0.01040764    -0.01217272   0.01040764     0.01295440  -0.00573625
    6    5
  0.00525674   0.00445847    -0.00802641   0.00273611    -0.00833297   0.00427559
 -0.00802641   0.00273611     0.00525674   0.00445847    -0.00833297   0.00427559
  0.01966637  -0.00007889     0.01966637  -0.00007889    -0.03676408  -0.00376375
    6    6
  0.08233267   0.00000000     0.01106784  -0.00000000    -0.01106784   0.00000000
  0.01106784  -0.00000000     0.08233267   0.00000000    -0.01106784   0.00000000
 -0.01106784   0.00000000    -0.01106784   0.00000000     0.08233267   0.00000000
    6    7
 -0.01003426   0.01536468    -0.02038550   0.01054882     0.02038550  -0.01054882
 -0.02038550   0.01054882    -0.01003426   0.01536468     0.02038550  -0.01054882
  0.02038550  -0.01054882     0.02038550  -0.01054882    -0.01003426   0.01536468
    6    8
  0.01295440  -0.00573625     0.01217272  -0.01040764    -0.01217272   0.01040764
  0.00200812  -0.00630639    -0.01009968  -0.00365006    -0.02031163  -0.00242042
 -0.00200812   0.00630639    -0.02031163  -0.00242042    -0.01009968  -0.00365006
    6    9
 -0.03676408  -0.00376375    -0.01966637   0.00007889     0.01966637  -0.00007889
  0.00833297  -0.00427559     0.00525674   0.00445847     0.00802641  -0.00273611
 -0.00833297   0.00427559     0.00802641  -0.00273611     0.00525674   0.00445847
    6   10
 -0.01009968  -0.00365006     0.00200812  -0.00630639    -0.02031163  -0.00242042
  0.01217272  -0.01040764     0.01295440  -0.00573625    -0.01217272   0.01040764
 -0.02031163  -0.00242042    -0.00200812   0.00630639    -0.01009968  -0.00365006
    6   11
  0.00525674   0.00445847     0.00833297  -0.00427559     0.00802641  -0.00273611
 -0.01966637   0.00007889    -0.03676408  -0.00376375     0.01966637  -0.00007889
  0.00802641  -0.00273611    -0.00833297   0.00427559     0.00525674   0.00445847
    7    1
  0.02495687  -0.02396558    -0.01363191   0.00213421     0.01363191  -0.00213421
 -0.01363191   0.00213421     0.02495687  -0.02396558     0.01363191  -0.00213421
  0.01363191  -0.00213421     0.01363191  -0.00213421     0.02495687  -0.02396558
    7    2
  0.00461870  -0.00854063     0.00852929  -0.02638787    -0.00852929   0.02638787
  0.00852929  -0.02638787     0.00461870  -0.00854063    -0.00852929   0.02638787
 -0.00852929   0.02638787    -0.00852929   0.02638787     0.00461870  -0.00854063
    7    3
  0.00707034  -0.00100547     0.00344676  -0.00620537    -0.00344676   0.00620537
  0.00344676  -0.00620537     0.00707034  -0.00100547    -0.00344676   0.00620537
 -0.00344676   0.00620537    -0.00344676   0.00620537     0.00707034  -0.00100547
    7    4
  0.00525674  -0.00445847    -0.00802641  -0.00273611    -0.00833297  -0.00427559
 -0.00802641  -0.00273611     0.00525674  -0.00445847    -0.00833297  -0.00427559
  0.01966637   0.00007889     0.01966637   0.00007889    -0.03676408   0.00376375
    7    5
 -0.01009968   0.00365006     0.02031163  -0.00242042    -0.00200812  -0.00630639
  0.02031163  -0.00242042    -0.01009968   0.00365006    -0.00200812  -0.00630639
 -0.01217272  -0.01040764    -0.01217272  -0.01040764     0.01295440   0.00573625
    7    6
 -0.01003426  -0.01536468    -0.02038550  -0.01054882     0.02038550   0.01054882
 -0.02038550  -0.01054882    -0.01003426  -0.01536468     0.02038550   0.01054882
  0.02038550   0.01054882     0.02038550   0.01054882    -0.01003426  -0.01536468
    7    7
  0.08233267  -0.00000000     0.01106784   0.00000000    -0.01106784  -0.00000000
  0.01106784   0.00000000     0.08233267  -0.00000000    -0.01106784  -0.00000000
 -0.01106784  -0.00000000    -0.01106784  -0.00000000     0.08233267  -0.00000000
    7    8
 -0.03676408   0.00376375    -0.01966637  -0.00007889     0.01966637   0.00007889
  0.00833297   0.00427559     0.00525674  -0.00445847     0.00802641   0.00273611
 -0.00833297  -0.00427559     0.00802641   0.00273611     0.00525674  -0.00445847
    7    9
  0.01295440   0.00573625     0.01217272   0.01040764    -0.01217272  -0.01040764
  0.00200812   0.00630639    -0.01009968   0.00365006    -0.02031163   0.00242042
 -0.00200812  -0.00630639    -0.02031163   0.00242042    -0.01009968   0.00365006
    7   10
  0.00525674  -0.00445847     0.00833297   0.00427559     0.00802641   0.00273611
 -0.01966637  -0.00007889    -0.03676408   0.00376375     0.01966637   0.00007889
  0.00802641   0.00273611    -0.00833297  -0.00427559     0.00525674  -0.00445847
    7   11
 -0.01009968   0.00365006     0.00200812   0.00630639    -0.02031163   0.00242042
  0.01217272   0.01040764     0.01295440   0.00573625    -0.01217272  -0.01040764
 -0.02031163   0.00242042    -0.00200812  -0.00630639    -0.01009968   0.00365006
    8    1
 -0.03135212   0.01634598     0.00896168  -0.00901041    -0.00896168   0.00901041
 -0.00285701  -0.02188912     0.04141427  -0.02359079    -0.01134338  -0.01082617
  0.00285701   0.02188912    -0.01134338  -0.01082617     0.04141427  -0.02359079
    8    2
  0.00952879  -0.01303551    -0.00340061   0.00921324     0.00340061  -0.00921324
  0.00196673   0.00049424     0.01607570   0.00669838     0.00064345  -0.00003433
 -0.00196673  -0.00049424     0.00064345  -0.00003433     0.01607570   0.00669838
    8    3
 -0.02229689  -0.00327992     0.01590748   0.00479303    -0.01590748  -0.00479303
  0.02328154  -0.00236240    -0.02048672   0.00812609     0.01390472   0.00224457
 -0.02328154   0.00236240     0.01390472   0.00224457    -0.02048672   0.00812609
    8    4
  0.00217066   0.00375591     0.00652276   0.00607717     0.01388362   0.00000000
 -0.00232972  -0.00580564     0.01824786  -0.00000000    -0.00652276   0.00607717
  0.02004003  -0.00000000     0.00232972  -0.00580564     0.00217066  -0.00375591
    8    5
  0.00771187  -0.00046981    -0.00795657  -0.00392639    -0.01513286   0.01116359
  0.01347287  -0.00204071    -0.05558616  -0.00408858     0.00795657   0.00392639
 -0.01462466   0.00029411    -0.01347287   0.00204071     0.00771187  -0.00046981
    8    6
  0.01295440   0.00573625     0.00200812   0.00630639    -0.00200812  -0.00630639
  0.01217272   0.01040764    -0.01009968   0.00365006    -0.02031163   0.00242042
 -0.01217272  -0.01040764    -0.02031163   0.00242042    -0.01009968   0.00365006
    8    7
 -0.03676408  -0.00376375     0.00833297  -0.00427559    -0.00833297   0.00427559
 -0.01966637   0.00007889     0.00525674   0.00445847     0.00802641  -0.00273611
  0.01966637  -0.00007889     0.00802641  -0.00273611     0.00525674   0.00445847
    8    8
  0.06446035  -0.00000000     0.00588713   0.00378017    -0.00588713  -0.00378017
  0.00588713  -0.00378017     0.08195924   0.00000000    -0.00370398   0.00000000
 -0.00588713   0.00378017    -0.00370398   0.00000000     0.08195924   0.00000000
    8    9
 -0.01185397   0.01074478     0.00639048  -0.01329420    -0.00639048   0.01329420
  0.00639048  -0.01329420    -0.01659981  -0.00244371     0.00955653   0.00702856
 -0.00639048   0.01329420     0.00955653   0.00702856    -0.01659981  -0.00244371
    8   10
  0.00217066   0.00375591    -0.01388362   0.00000000    -0.00652276  -0.00607717
 -0.02004003  -0.00000000     0.00217066  -0.00375591     0.00232972  -0.00580564
  0.00232972   0.00580564    -0.00652276   0.00607717     0.01824786  -0.00000000
    8   11
  0.00771187  -0.00046981     0.01513286  -0.01116359     0.00795657   0.00392639
  0.01462466  -0.00029411     0.00771187  -0.00046981    -0.01347287   0.00204071
 -0.01347287   0.00204071     0.00795657   0.00392639    -0.05558616  -0.00408858
    9    1
  0.02983209  -0.01897874    -0.01228408   0.00325583     0.01228408  -0.00325583
 -0.01752803  -0.01341880    -0.04113736   0.02407042    -0.00370405  -0.01523674
  0.01752803   0.01341880    -0.00370405  -0.01523674    -0.04113736   0.02407042
    9    2
 -0.02229689   0.00327992     0.01590748  -0.00479303    -0.01590748   0.00479303
  0.02328154   0.00236240    -0.02048672  -0.00812609     0.01390472  -0.00224457
 -0.02328154  -0.00236240     0.01390472  -0.00224457    -0.02048672  -0.00812609
    9    3
  0.00952879   0.01303551    -0.00340061  -0.00921324     0.00340061   0.00921324
  0.00196673  -0.00049424     0.01607570  -0.00669838     0.00064345   0.00003433
 -0.00196673   0.00049424     0.00064345   0.00003433     0.01607570  -0.00669838
    9    4
  0.00771187   0.00046981    -0.00795657   0.00392639    -0.01513286  -0.01116359
  0.01347287   0.00204071    -0.05558616   0.00408858     0.00795657  -0.00392639
 -0.01462466  -0.00029411    -0.01347287  -0.00204071     0.00771187   0.00046981
    9    5
  0.00217066  -0.00375591     0.00652276  -0.00607717     0.01388362   0.00000000
 -0.00232972   0.00580564     0.01824786   0.00000000    -0.00652276  -0.00607717
  0.02004003   0.00000000     0.00232972   0.00580564     0.00217066   0.00375591
    9    6
 -0.03676408   0.00376375     0.00833297   0.00427559    -0.00833297  -0.00427559
 -0.01966637  -0.00007889     0.00525674  -0.00445847     0.00802641   0.00273611
  0.01966637   0.00007889     0.00802641   0.00273611     0.00525674  -0.00445847
    9    7
  0.01295440  -0.00573625     0.00200812  -0.00630639    -0.00200812   0.00630639
  0.01217272  -0.01040764    -0.01009968  -0.00365006    -0.02031163  -0.00242042
 -0.01217272   0.01040764    -0.02031163  -0.00242042    -0.01009968  -0.00365006
    9    8
 -0.01185397  -0.01074478     0.00639048   0.01329420    -0.00639048  -0.01329420
  0.00639048   0.01329420    -0.01659981   0.00244371     0.00955653  -0.00702856
 -0.00639048  -0.01329420     0.00955653  -0.00702856    -0.01659981   0.00244371
    9    9
  0.06446035   0.00000000     0.00588713  -0.00378017    -0.00588713   0.00378017
  0.00588713   0.00378017     0.08195924  -0.00000000    -0.00370398  -0.00000000
 -0.00588713  -0.00378017    -0.00370398  -0.00000000     0.08195924  -0.00000000
    9   10
  0.00771187   0.00046981     0.01513286   0.01116359     0.00795657  -0.00392639
  0.01462466   0.00029411     0.00771187   0.00046981    -0.01347287  -0.00204071
 -0.01347287  -0.00204071     0.00795657  -0.00392639    -0.05558616   0.00408858
    9   11
  0.00217066  -0.00375591    -0.01388362  -0.00000000    -0.00652276   0.00607717
 -0.02004003   0.00000000     0.00217066   0.00375591     0.00232972   0.00580564
  0.00232972  -0.00580564    -0.00652276  -0.00607717     0.01824786   0.00000000
   10    1
  0.04141427  -0.02359079    -0.00285701  -0.02188912    -0.01134338  -0.01082617
  0.00896168  -0.00901041    -0.03135212   0.01634598    -0.00896168   0.00901041
 -0.01134338  -0.01082617     0.00285701   0.02188912     0.04141427  -0.02359079
   10    2
  0.01607570   0.00669838     0.00196673   0.00049424     0.00064345  -0.00003433
 -0.00340061   0.00921324     0.00952879  -0.01303551     0.00340061  -0.00921324
  0.00064345  -0.00003433    -0.00196673  -0.00049424     0.01607570   0.00669838
   10    3
 -0.02048672   0.00812609     0.02328154  -0.00236240     0.01390472   0.00224457
  0.01590748   0.00479303    -0.02229689  -0.00327992    -0.01590748  -0.00479303
  0.01390472   0.00224457    -0.02328154   0.00236240    -0.02048672   0.00812609
   10    4
  0.01824786  -0.00000000    -0.00232972  -0.00580564    -0.00652276   0.00607717
  0.00652276   0.00607717     0.00217066   0.00375591     0.01388362   0.00000000
  0.00232972  -0.00580564     0.02004003  -0.00000000     0.00217066  -0.00375591
   10    5
 -0.05558616  -0.00408858     0.01347287  -0.00204071     0.00795657   0.00392639
 -0.00795657  -0.00392639     0.00771187  -0.00046981    -0.01513286   0.01116359
 -0.01347287   0.00204071    -0.01462466   0.00029411     0.00771187  -0.00046981
   10    6
 -0.01009968   0.00365006     0.01217272   0.01040764    -0.02031163   0.00242042
  0.00200812   0.00630639     0.01295440   0.00573625    -0.00200812  -0.00630639
 -0.02031163   0.00242042    -0.01217272  -0.01040764    -0.01009968   0.00365006
   10    7
  0.00525674   0.00445847    -0.01966637   0.00007889     0.00802641  -0.00273611
  0.00833297  -0.00427559    -0.03676408  -0.00376375    -0.00833297   0.00427559
  0.00802641  -0.00273611     0.01966637  -0.00007889     0.00525674   0.00445847
   10    8
  0.00217066  -0.00375591    -0.02004003   0.00000000     0.00232972  -0.00580564
 -0.01388362  -0.00000000     0.00217066   0.00375591    -0.00652276  -0.00607717
 -0.00652276   0.00607717     0.00232972   0.00580564     0.01824786  -0.00000000
   10    9
  0.00771187  -0.00046981     0.01462466  -0.00029411    -0.01347287   0.00204071
  0.01513286  -0.01116359     0.00771187  -0.00046981     0.00795657   0.00392639
  0.00795657   0.00392639    -0.01347287   0.00204071    -0.05558616  -0.00408858
   10   10
  0.08195924   0.00000000     0.00588713  -0.00378017    -0.00370398   0.00000000
  0.00588713   0.00378017     0.06446035  -0.00000000    -0.00588713  -0.00378017
 -0.00370398   0.00000000    -0.00588713   0.00378017     0.08195924   0.00000000
   10   11
 -0.01659981  -0.00244371     0.00639048  -0.01329420     0.00955653   0.00702856
  0.00639048  -0.01329420    -0.01185397   0.01074478    -0.00639048   0.01329420
  0.00955653   0.00702856    -0.00639048   0.01329420    -0.01659981  -0.00244371
   11    1
 -0.04113736   0.02407042    -0.01752803  -0.01341880    -0.00370405  -0.01523674
 -0.01228408   0.00325583     0.02983209  -0.01897874     0.01228408  -0.00325583
 -0.00370405  -0.01523674     0.01752803   0.01341880    -0.04113736   0.02407042
   11    2
 -0.02048672  -0.00812609     0.02328154   0.00236240     0.01390472  -0.00224457
  0.01590748  -0.00479303    -0.02229689   0.00327992    -0.01590748   0.00479303
  0.01390472  -0.00224457    -0.02328154  -0.00236240    -0.02048672  -0.00812609
   11    3
  0.01607570  -0.00669838     0.00196673  -0.00049424     0.00064345   0.00003433
 -0.00340061  -0.00921324     0.00952879   0.01303551     0.00340061   0.00921324
  0.00064345   0.00003433    -0.00196673   0.00049424     0.01607570  -0.00669838
   11    4
 -0.05558616   0.00408858     0.01347287   0.00204071     0.00795657  -0.00392639
 -0.00795657   0.00392639     0.00771187   0.00046981    -0.01513286  -0.01116359
 -0.01347287  -0.00204071    -0.01462466  -0.00029411     0.00771187   0.00046981
   11    5
  0.01824786   0.00000000    -0.00232972   0.00580564    -0.00652276  -0.00607717
  0.00652276  -0.00607717     0.00217066  -0.00375591     0.01388362   0.00000000
  0.00232972   0.00580564     0.02004003   0.00000000     0.00217066   0.00375591
   11    6
  0.00525674  -0.00445847    -0.01966637  -0.00007889     0.00802641   0.00273611
  0.00833297   0.00427559    -0.03676408   0.00376375    -0.00833297  -0.00427559
  0.00802641   0.00273611     0.01966637   0.00007889     0.00525674  -0.00445847
   11    7
 -0.01009968  -0.00365006     0.01217272  -0.01040764    -0.02031163  -0.00242042
  0.00200812  -0.00630639     0.01295440  -0.00573625    -0.00200812   0.00630639
 -0.02031163  -0.00242042    -0.01217272   0.01040764    -0.01009968  -0.00365006
   11    8
  0.00771187   0.00046981     0.01462466   0.00029411    -0.01347287  -0.00204071
  0.01513286   0.01116359     0.00771187   0.00046981     0.00795657  -0.00392639
  0.00795657  -0.00392639    -0.01347287  -0.00204071    -0.05558616   0.00408858
   11    9
  0.00217066   0.00375591    -0.02004003  -0.00000000     0.00232972   0.00580564
 -0.01388362   0.00000000     0.00217066  -0.00375591    -0.00652276   0.00607717
 -0.00652276  -0.00607717     0.00232972  -0.00580564     0.01824786   0.00000000
   11   10
 -0.01659981   0.00244371     0.00639048   0.01329420     0.00955653  -0.00702856
  0.00639048   0.01329420    -0.01185397  -0.01074478    -0.00639048  -0.01329420
  0.00955653  -0.00702856    -0.00639048  -0.01329420    -0.01659981   0.00244371
   11   11
  0.08195924  -0.00000000     0.00588713   0.00378017    -0.00370398  -0.00000000
  0.00588713  -0.00378017     0.06446035   0.00000000    -0.00588713   0.00378017
 -0.00370398  -0.00000000    -0.00588713  -0.00378017     0.08195924  -0.00000000

     Dynamical  Matrix in cartesian axes

     q = (    0.235702260  -0.235702260  -0.235702260 ) 

    1    1
  0.23923266   0.00000000    -0.07723764   0.00000000    -0.07723764   0.00000000
 -0.07723764   0.00000000     0.23923266   0.00000000     0.07723764   0.00000000
 -0.07723764   0.00000000     0.07723764   0.00000000     0.23923266   0.00000000
    1    2
  0.00023836  -0.03104389    -0.03033973   0.00055593    -0.03033973   0.00055593
 -0.03033973   0.00055593     0.00023836  -0.03104389     0.03033973  -0.00055593
 -0.03033973   0.00055593     0.03033973  -0.00055593     0.00023836  -0.03104389
    1    3
 -0.02700398  -0.01531552     0.01565131  -0.02599701     0.01565131  -0.02599701
  0.01565131  -0.02599701    -0.02700398  -0.01531552    -0.01565131   0.02599701
  0.01565131  -0.02599701    -0.01565131   0.02599701    -0.02700398  -0.01531552
    1    4
 -0.03135212   0.01634598     0.00285701   0.02188912     0.00285701   0.02188912
 -0.00896168   0.00901041     0.04141427  -0.02359079     0.01134338   0.01082617
 -0.00896168   0.00901041     0.01134338   0.01082617     0.04141427  -0.02359079
    1    5
  0.02983209  -0.01897874     0.01752803   0.01341880     0.01752803   0.01341880
  0.01228408  -0.00325583    -0.04113736   0.02407042     0.00370405   0.01523674
  0.01228408  -0.00325583     0.00370405   0.01523674    -0.04113736   0.02407042
    1    6
  0.04141427  -0.02359079    -0.00896168   0.00901041    -0.01134338  -0.01082617
  0.00285701   0.02188912    -0.03135212   0.01634598    -0.00285701  -0.02188912
 -0.01134338  -0.01082617     0.00896168  -0.00901041     0.04141427  -0.02359079
    1    7
 -0.04113736   0.02407042     0.01228408  -0.00325583    -0.00370405  -0.01523674
  0.01752803   0.01341880     0.02983209  -0.01897874    -0.01752803  -0.01341880
 -0.00370405  -0.01523674    -0.01228408   0.00325583    -0.04113736   0.02407042
    1    8
  0.04141427  -0.02359079    -0.01134338  -0.01082617    -0.00896168   0.00901041
 -0.01134338  -0.01082617     0.04141427  -0.02359079     0.00896168  -0.00901041
  0.00285701   0.02188912    -0.00285701  -0.02188912    -0.03135212   0.01634598
    1    9
 -0.04113736   0.02407042    -0.00370405  -0.01523674     0.01228408  -0.00325583
 -0.00370405  -0.01523674    -0.04113736   0.02407042    -0.01228408   0.00325583
  0.01752803   0.01341880    -0.01752803  -0.01341880     0.02983209  -0.01897874
    1   10
 -0.03323324   0.00963049    -0.00866424   0.01073848    -0.00866424   0.01073848
 -0.00866424   0.01073848    -0.03323324   0.00963049     0.00866424  -0.01073848
 -0.00866424   0.01073848     0.00866424  -0.01073848    -0.03323324   0.00963049
    1   11
  0.02495687  -0.02396558     0.01363191  -0.00213421     0.01363191  -0.00213421
  0.01363191  -0.00213421     0.02495687  -0.02396558    -0.01363191   0.00213421
  0.01363191  -0.00213421    -0.01363191   0.00213421     0.02495687  -0.02396558
    2    1
  0.00023836   0.03104389    -0.03033973  -0.00055593    -0.03033973  -0.00055593
 -0.03033973  -0.00055593     0.00023836   0.03104389     0.03033973   0.00055593
 -0.03033973  -0.00055593     0.03033973   0.00055593     0.00023836   0.03104389
    2    2
  0.07403090   0.00000000    -0.00037626  -0.00000000    -0.00037626  -0.00000000
 -0.00037626  -0.00000000     0.07403090   0.00000000     0.00037626   0.00000000
 -0.00037626  -0.00000000     0.00037626   0.00000000     0.07403090   0.00000000
    2    3
 -0.00373514  -0.00184425     0.00125411   0.00299476     0.00125411   0.00299476
  0.00125411   0.00299476    -0.00373514  -0.00184425    -0.00125411  -0.00299476
  0.00125411   0.00299476    -0.00125411  -0.00299476    -0.00373514  -0.00184425
    2    4
  0.00952879  -0.01303551    -0.00196673  -0.00049424    -0.00196673  -0.00049424
  0.00340061  -0.00921324     0.01607570   0.00669838    -0.00064345   0.00003433
  0.00340061  -0.00921324    -0.00064345   0.00003433     0.01607570   0.00669838
    2    5
 -0.02229689   0.00327992    -0.02328154  -0.00236240    -0.02328154  -0.00236240
 -0.01590748   0.00479303    -0.02048672  -0.00812609    -0.01390472   0.00224457
 -0.01590748   0.00479303    -0.01390472   0.00224457    -0.02048672  -0.00812609
    2    6
  0.01607570   0.00669838     0.00340061  -0.00921324     0.00064345  -0.00003433
 -0.00196673  -0.00049424     0.00952879  -0.01303551     0.00196673   0.00049424
  0.00064345  -0.00003433    -0.00340061   0.00921324     0.01607570   0.00669838
    2    7
 -0.02048672  -0.00812609    -0.01590748   0.00479303     0.01390472  -0.00224457
 -0.02328154  -0.00236240    -0.02229689   0.00327992     0.02328154   0.00236240
  0.01390472  -0.00224457     0.01590748  -0.00479303    -0.02048672  -0.00812609
    2    8
  0.01607570   0.00669838     0.00064345  -0.00003433     0.00340061  -0.00921324
  0.00064345  -0.00003433     0.01607570   0.00669838    -0.00340061   0.00921324
 -0.00196673  -0.00049424     0.00196673   0.00049424     0.00952879  -0.01303551
    2    9
 -0.02048672  -0.00812609     0.01390472  -0.00224457    -0.01590748   0.00479303
  0.01390472  -0.00224457    -0.02048672  -0.00812609     0.01590748  -0.00479303
 -0.02328154  -0.00236240     0.02328154   0.00236240    -0.02229689   0.00327992
    2   10
  0.00707034   0.00100547    -0.00344676  -0.00620537    -0.00344676  -0.00620537
 -0.00344676  -0.00620537     0.00707034   0.00100547     0.00344676   0.00620537
 -0.00344676  -0.00620537     0.00344676   0.00620537     0.00707034   0.00100547
    2   11
  0.00461870  -0.00854063    -0.00852929   0.02638787    -0.00852929   0.02638787
 -0.00852929   0.02638787     0.00461870  -0.00854063     0.00852929  -0.02638787
 -0.00852929   0.02638787     0.00852929  -0.02638787     0.00461870  -0.00854063
    3    1
 -0.02700398   0.01531552     0.01565131   0.02599701     0.01565131   0.02599701
  0.01565131   0.02599701    -0.02700398   0.01531552    -0.01565131  -0.02599701
  0.01565131   0.02599701    -0.01565131  -0.02599701    -0.02700398   0.01531552
    3    2
 -0.00373514   0.00184425     0.00125411  -0.00299476     0.00125411  -0.00299476
  0.00125411  -0.00299476    -0.00373514   0.00184425    -0.00125411   0.00299476
  0.00125411  -0.00299476    -0.00125411   0.00299476    -0.00373514   0.00184425
    3    3
  0.07403090  -0.00000000    -0.00037626   0.00000000    -0.00037626   0.00000000
 -0.00037626   0.00000000     0.07403090  -0.00000000     0.00037626  -0.00000000
 -0.00037626   0.00000000     0.00037626  -0.00000000     0.07403090  -0.00000000
    3    4
 -0.02229689  -0.00327992    -0.02328154   0.00236240    -0.02328154   0.00236240
 -0.01590748  -0.00479303    -0.02048672   0.00812609    -0.01390472  -0.00224457
 -0.01590748  -0.00479303    -0.01390472  -0.00224457    -0.02048672   0.00812609
    3    5
  0.00952879   0.01303551    -0.00196673   0.00049424    -0.00196673   0.00049424
  0.00340061   0.00921324     0.01607570  -0.00669838    -0.00064345  -0.00003433
  0.00340061   0.00921324    -0.00064345  -0.00003433     0.01607570  -0.00669838
    3    6
 -0.02048672   0.00812609    -0.01590748  -0.00479303     0.01390472   0.00224457
 -0.02328154   0.00236240    -0.02229689  -0.00327992     0.02328154  -0.00236240
  0.01390472   0.00224457     0.01590748   0.00479303    -0.02048672   0.00812609
    3    7
  0.01607570  -0.00669838     0.00340061   0.00921324     0.00064345   0.00003433
 -0.00196673   0.00049424     0.00952879   0.01303551     0.00196673  -0.00049424
  0.00064345   0.00003433    -0.00340061  -0.00921324     0.01607570  -0.00669838
    3    8
 -0.02048672   0.00812609     0.01390472   0.00224457    -0.01590748  -0.00479303
  0.01390472   0.00224457    -0.02048672   0.00812609     0.01590748   0.00479303
 -0.02328154   0.00236240     0.02328154  -0.00236240    -0.02229689  -0.00327992
    3    9
  0.01607570  -0.00669838     0.00064345   0.00003433     0.00340061   0.00921324
  0.00064345   0.00003433     0.01607570  -0.00669838    -0.00340061  -0.00921324
 -0.00196673   0.00049424     0.00196673  -0.00049424     0.00952879   0.01303551
    3   10
  0.00461870   0.00854063    -0.00852929  -0.02638787    -0.00852929  -0.02638787
 -0.00852929  -0.02638787     0.00461870   0.00854063     0.00852929   0.02638787
 -0.00852929  -0.02638787     0.00852929   0.02638787     0.00461870   0.00854063
    3   11
  0.00707034  -0.00100547    -0.00344676   0.00620537    -0.00344676   0.00620537
 -0.00344676   0.00620537     0.00707034  -0.00100547     0.00344676  -0.00620537
 -0.00344676   0.00620537     0.00344676  -0.00620537     0.00707034  -0.00100547
    4    1
 -0.03135212  -0.01634598    -0.00896168  -0.00901041    -0.00896168  -0.00901041
