  4.500000000000000E-002   1.50316355304967        5.45022541909342     
           8

     Dynamical  Matrix in cartesian axes

     q = (    0.235702260   0.235702260  -0.235702260 ) 

    1    1
  0.20967685   0.00000000     0.06290019   0.00000000    -0.06290019   0.00000000
  0.06290019   0.00000000     0.20967685   0.00000000    -0.06290019   0.00000000
 -0.06290019   0.00000000    -0.06290019   0.00000000     0.20967685   0.00000000
    1    2
  0.00032989   0.01973477     0.02599683   0.00107569    -0.02599683  -0.00107569
  0.02599683   0.00107569     0.00032989   0.01973477    -0.02599683  -0.00107569
 -0.02599683  -0.00107569    -0.02599683  -0.00107569     0.00032989   0.01973477
    1    3
 -0.01725575   0.00958169    -0.01393000  -0.02197607     0.01393000   0.02197607
 -0.01393000  -0.02197607    -0.01725575   0.00958169     0.01393000   0.02197607
  0.01393000   0.02197607     0.01393000   0.02197607    -0.01725575   0.00958169
    1    4
  0.03286056   0.02038656     0.00886158  -0.00919611    -0.00697906  -0.00850016
  0.00886158  -0.00919611     0.03286056   0.02038656    -0.00697906  -0.00850016
  0.00088869  -0.01815614     0.00088869  -0.01815614    -0.03028901  -0.01085364
    1    5
 -0.03408556  -0.01826480     0.00353327  -0.01227240     0.01085089   0.00179396
  0.00353327  -0.01227240    -0.03408556  -0.01826480     0.01085089   0.00179396
  0.01527934  -0.00984770     0.01527934  -0.00984770     0.02454403   0.02080423
    1    6
 -0.03146866  -0.01174002     0.00682658   0.00725018    -0.00682658  -0.00725018
  0.00682658   0.00725018    -0.03146866  -0.01174002    -0.00682658  -0.00725018
 -0.00682658  -0.00725018    -0.00682658  -0.00725018    -0.03146866  -0.01174002
    1    7
  0.02590149   0.02138264    -0.00969213  -0.00228690     0.00969213   0.00228690
 -0.00969213  -0.00228690     0.02590149   0.02138264     0.00969213   0.00228690
  0.00969213   0.00228690     0.00969213   0.00228690     0.02590149   0.02138264
    1    8
 -0.03028901  -0.01085364    -0.00088869   0.01815614     0.00088869  -0.01815614
  0.00697906   0.00850016     0.03286056   0.02038656    -0.00886158   0.00919611
 -0.00697906  -0.00850016    -0.00886158   0.00919611     0.03286056   0.02038656
    1    9
  0.02454403   0.02080423    -0.01527934   0.00984770     0.01527934  -0.00984770
 -0.01085089  -0.00179396    -0.03408556  -0.01826480    -0.00353327   0.01227240
  0.01085089   0.00179396    -0.00353327   0.01227240    -0.03408556  -0.01826480
    1   10
  0.03286056   0.02038656     0.00697906   0.00850016    -0.00886158   0.00919611
 -0.00088869   0.01815614    -0.03028901  -0.01085364     0.00088869  -0.01815614
 -0.00886158   0.00919611    -0.00697906  -0.00850016     0.03286056   0.02038656
    1   11
 -0.03408556  -0.01826480    -0.01085089  -0.00179396    -0.00353327   0.01227240
 -0.01527934   0.00984770     0.02454403   0.02080423     0.01527934  -0.00984770
 -0.00353327   0.01227240     0.01085089   0.00179396    -0.03408556  -0.01826480
    2    1
  0.00032989  -0.01973477     0.02599683  -0.00107569    -0.02599683   0.00107569
  0.02599683  -0.00107569     0.00032989  -0.01973477    -0.02599683   0.00107569
 -0.02599683   0.00107569    -0.02599683   0.00107569     0.00032989  -0.01973477
    2    2
  0.06697508  -0.00000000     0.00070291  -0.00000000    -0.00070291   0.00000000
  0.00070291  -0.00000000     0.06697508  -0.00000000    -0.00070291   0.00000000
 -0.00070291   0.00000000    -0.00070291   0.00000000     0.06697508  -0.00000000
    2    3
 -0.00400936   0.00142614    -0.00042141   0.00058862     0.00042141  -0.00058862
 -0.00042141   0.00058862    -0.00400936   0.00142614     0.00042141  -0.00058862
  0.00042141  -0.00058862     0.00042141  -0.00058862    -0.00400936   0.00142614
    2    4
  0.01374115  -0.00238102     0.00057331  -0.00038854     0.00220924   0.00668151
  0.00057331  -0.00038854     0.01374115  -0.00238102     0.00220924   0.00668151
 -0.00174401   0.00068207    -0.00174401   0.00068207     0.00750354   0.00851258
    2    5
 -0.01769718   0.00306389    -0.01267380  -0.00082592    -0.01421677  -0.00357059
 -0.01267380  -0.00082592    -0.01769718   0.00306389    -0.01421677  -0.00357059
 -0.02063726   0.00126366    -0.02063726   0.00126366    -0.02017405  -0.00239374
    2    6
  0.00746981  -0.00204960     0.00119122  -0.00429879    -0.00119122   0.00429879
  0.00119122  -0.00429879     0.00746981  -0.00204960    -0.00119122   0.00429879
 -0.00119122   0.00429879    -0.00119122   0.00429879     0.00746981  -0.00204960
    2    7
  0.00452119   0.00991191     0.00710714   0.02176142    -0.00710714  -0.02176142
  0.00710714   0.02176142     0.00452119   0.00991191    -0.00710714  -0.02176142
 -0.00710714  -0.02176142    -0.00710714  -0.02176142     0.00452119   0.00991191
    2    8
  0.00750354   0.00851258     0.00174401  -0.00068207    -0.00174401   0.00068207
 -0.00220924  -0.00668151     0.01374115  -0.00238102    -0.00057331   0.00038854
  0.00220924   0.00668151    -0.00057331   0.00038854     0.01374115  -0.00238102
    2    9
 -0.02017405  -0.00239374     0.02063726  -0.00126366    -0.02063726   0.00126366
  0.01421677   0.00357059    -0.01769718   0.00306389     0.01267380   0.00082592
 -0.01421677  -0.00357059     0.01267380   0.00082592    -0.01769718   0.00306389
    2   10
  0.01374115  -0.00238102    -0.00220924  -0.00668151    -0.00057331   0.00038854
  0.00174401  -0.00068207     0.00750354   0.00851258    -0.00174401   0.00068207
 -0.00057331   0.00038854     0.00220924   0.00668151     0.01374115  -0.00238102
    2   11
 -0.01769718   0.00306389     0.01421677   0.00357059     0.01267380   0.00082592
  0.02063726  -0.00126366    -0.02017405  -0.00239374    -0.02063726   0.00126366
  0.01267380   0.00082592    -0.01421677  -0.00357059    -0.01769718   0.00306389
    3    1
 -0.01725575  -0.00958169    -0.01393000   0.02197607     0.01393000  -0.02197607
 -0.01393000   0.02197607    -0.01725575  -0.00958169     0.01393000  -0.02197607
  0.01393000  -0.02197607     0.01393000  -0.02197607    -0.01725575  -0.00958169
    3    2
 -0.00400936  -0.00142614    -0.00042141  -0.00058862     0.00042141   0.00058862
 -0.00042141  -0.00058862    -0.00400936  -0.00142614     0.00042141   0.00058862
  0.00042141   0.00058862     0.00042141   0.00058862    -0.00400936  -0.00142614
    3    3
  0.06697508   0.00000000     0.00070291   0.00000000    -0.00070291  -0.00000000
  0.00070291   0.00000000     0.06697508   0.00000000    -0.00070291  -0.00000000
 -0.00070291  -0.00000000    -0.00070291  -0.00000000     0.06697508   0.00000000
    3    4
 -0.01769718  -0.00306389    -0.01267380   0.00082592    -0.01421677   0.00357059
 -0.01267380   0.00082592    -0.01769718  -0.00306389    -0.01421677   0.00357059
 -0.02063726  -0.00126366    -0.02063726  -0.00126366    -0.02017405   0.00239374
    3    5
  0.01374115   0.00238102     0.00057331   0.00038854     0.00220924  -0.00668151
  0.00057331   0.00038854     0.01374115   0.00238102     0.00220924  -0.00668151
 -0.00174401  -0.00068207    -0.00174401  -0.00068207     0.00750354  -0.00851258
    3    6
  0.00452119  -0.00991191     0.00710714  -0.02176142    -0.00710714   0.02176142
  0.00710714  -0.02176142     0.00452119  -0.00991191    -0.00710714   0.02176142
 -0.00710714   0.02176142    -0.00710714   0.02176142     0.00452119  -0.00991191
    3    7
  0.00746981   0.00204960     0.00119122   0.00429879    -0.00119122  -0.00429879
  0.00119122   0.00429879     0.00746981   0.00204960    -0.00119122  -0.00429879
 -0.00119122  -0.00429879    -0.00119122  -0.00429879     0.00746981   0.00204960
    3    8
 -0.02017405   0.00239374     0.02063726   0.00126366    -0.02063726  -0.00126366
  0.01421677  -0.00357059    -0.01769718  -0.00306389     0.01267380  -0.00082592
 -0.01421677   0.00357059     0.01267380  -0.00082592    -0.01769718  -0.00306389
    3    9
  0.00750354  -0.00851258     0.00174401   0.00068207    -0.00174401  -0.00068207
 -0.00220924   0.00668151     0.01374115   0.00238102    -0.00057331  -0.00038854
  0.00220924  -0.00668151    -0.00057331  -0.00038854     0.01374115   0.00238102
    3   10
 -0.01769718  -0.00306389     0.01421677  -0.00357059     0.01267380  -0.00082592
  0.02063726   0.00126366    -0.02017405   0.00239374    -0.02063726  -0.00126366
  0.01267380  -0.00082592    -0.01421677   0.00357059    -0.01769718  -0.00306389
    3   11
  0.01374115   0.00238102    -0.00220924   0.00668151    -0.00057331  -0.00038854
  0.00174401   0.00068207     0.00750354  -0.00851258    -0.00174401  -0.00068207
 -0.00057331  -0.00038854     0.00220924  -0.00668151     0.01374115   0.00238102
    4    1
  0.03286056  -0.02038656     0.00886158   0.00919611     0.00088869   0.01815614
  0.00886158   0.00919611     0.03286056  -0.02038656     0.00088869   0.01815614
 -0.00697906   0.00850016    -0.00697906   0.00850016    -0.03028901   0.01085364
    4    2
  0.01374115   0.00238102     0.00057331   0.00038854    -0.00174401  -0.00068207
  0.00057331   0.00038854     0.01374115   0.00238102    -0.00174401  -0.00068207
  0.00220924  -0.00668151     0.00220924  -0.00668151     0.00750354  -0.00851258
    4    3
 -0.01769718   0.00306389    -0.01267380  -0.00082592    -0.02063726   0.00126366
 -0.01267380  -0.00082592    -0.01769718   0.00306389    -0.02063726   0.00126366
 -0.01421677  -0.00357059    -0.01421677  -0.00357059    -0.02017405  -0.00239374
    4    4
  0.07058598  -0.00000000     0.00348835  -0.00000000    -0.00352746   0.00318809
  0.00348835   0.00000000     0.07058598   0.00000000    -0.00352746   0.00318809
 -0.00352746  -0.00318809    -0.00352746  -0.00318809     0.05627332   0.00000000
    4    5
 -0.01425498  -0.00045802    -0.00780252  -0.00371576    -0.00513695   0.01042828
 -0.00780252  -0.00371576    -0.01425498  -0.00045802    -0.00513695   0.01042828
 -0.00513695   0.01042828    -0.00513695   0.01042828    -0.01005500   0.00740266
    4    6
 -0.00915864   0.00253074     0.01556309  -0.00182613    -0.00927329  -0.00748776
  0.01556309  -0.00182613    -0.00915864   0.00253074    -0.00927329  -0.00748776
 -0.00115334  -0.00458076    -0.00115334  -0.00458076     0.01003036   0.00496875
    4    7
  0.00585543   0.00304388    -0.00622766   0.00271277     0.01429286  -0.00137259
 -0.00622766   0.00271277     0.00585543   0.00304388     0.01429286  -0.00137259
 -0.00784229   0.00239005    -0.00784229   0.00239005    -0.03273082  -0.00400137
    4    8
  0.00188279  -0.00101200    -0.00254927   0.00249735     0.01710949   0.00000000
  0.00529276  -0.00510095     0.01563256   0.00000000     0.00254927   0.00249735
  0.01242343   0.00000000    -0.00529276  -0.00510095     0.00188279   0.00101200
    4    9
  0.00615501   0.00087652     0.01191295  -0.00220903    -0.01273024   0.00235771
 -0.00641045  -0.00338826    -0.04650419  -0.00201691    -0.01191295   0.00220903
 -0.01183393   0.00796188     0.00641045   0.00338826     0.00615501   0.00087652
    4   10
  0.01563256   0.00000000     0.00529276  -0.00510095     0.00254927   0.00249735
 -0.00254927   0.00249735     0.00188279  -0.00101200     0.01710949   0.00000000
 -0.00529276  -0.00510095     0.01242343   0.00000000     0.00188279   0.00101200
    4   11
 -0.04650419  -0.00201691    -0.00641045  -0.00338826    -0.01191295   0.00220903
  0.01191295  -0.00220903     0.00615501   0.00087652    -0.01273024   0.00235771
  0.00641045   0.00338826    -0.01183393   0.00796188     0.00615501   0.00087652
    5    1
 -0.03408556   0.01826480     0.00353327   0.01227240     0.01527934   0.00984770
  0.00353327   0.01227240    -0.03408556   0.01826480     0.01527934   0.00984770
  0.01085089  -0.00179396     0.01085089  -0.00179396     0.02454403  -0.02080423
    5    2
 -0.01769718  -0.00306389    -0.01267380   0.00082592    -0.02063726  -0.00126366
 -0.01267380   0.00082592    -0.01769718  -0.00306389    -0.02063726  -0.00126366
 -0.01421677   0.00357059    -0.01421677   0.00357059    -0.02017405   0.00239374
    5    3
  0.01374115  -0.00238102     0.00057331  -0.00038854    -0.00174401   0.00068207
  0.00057331  -0.00038854     0.01374115  -0.00238102    -0.00174401   0.00068207
  0.00220924   0.00668151     0.00220924   0.00668151     0.00750354   0.00851258
    5    4
 -0.01425498   0.00045802    -0.00780252   0.00371576    -0.00513695  -0.01042828
 -0.00780252   0.00371576    -0.01425498   0.00045802    -0.00513695  -0.01042828
 -0.00513695  -0.01042828    -0.00513695  -0.01042828    -0.01005500  -0.00740266
    5    5
  0.07058598   0.00000000     0.00348835   0.00000000    -0.00352746  -0.00318809
  0.00348835  -0.00000000     0.07058598  -0.00000000    -0.00352746  -0.00318809
 -0.00352746   0.00318809    -0.00352746   0.00318809     0.05627332  -0.00000000
    5    6
  0.00585543  -0.00304388    -0.00622766  -0.00271277     0.01429286   0.00137259
 -0.00622766  -0.00271277     0.00585543  -0.00304388     0.01429286   0.00137259
 -0.00784229  -0.00239005    -0.00784229  -0.00239005    -0.03273082   0.00400137
    5    7
 -0.00915864  -0.00253074     0.01556309   0.00182613    -0.00927329   0.00748776
  0.01556309   0.00182613    -0.00915864  -0.00253074    -0.00927329   0.00748776
 -0.00115334   0.00458076    -0.00115334   0.00458076     0.01003036  -0.00496875
    5    8
  0.00615501  -0.00087652     0.01191295   0.00220903    -0.01273024  -0.00235771
 -0.00641045   0.00338826    -0.04650419   0.00201691    -0.01191295  -0.00220903
 -0.01183393  -0.00796188     0.00641045  -0.00338826     0.00615501  -0.00087652
    5    9
  0.00188279   0.00101200    -0.00254927  -0.00249735     0.01710949  -0.00000000
  0.00529276   0.00510095     0.01563256  -0.00000000     0.00254927  -0.00249735
  0.01242343  -0.00000000    -0.00529276   0.00510095     0.00188279  -0.00101200
    5   10
 -0.04650419   0.00201691    -0.00641045   0.00338826    -0.01191295  -0.00220903
  0.01191295   0.00220903     0.00615501  -0.00087652    -0.01273024  -0.00235771
  0.00641045  -0.00338826    -0.01183393  -0.00796188     0.00615501  -0.00087652
    5   11
  0.01563256  -0.00000000     0.00529276   0.00510095     0.00254927  -0.00249735
 -0.00254927  -0.00249735     0.00188279   0.00101200     0.01710949  -0.00000000
 -0.00529276   0.00510095     0.01242343  -0.00000000     0.00188279  -0.00101200
    6    1
 -0.03146866   0.01174002     0.00682658  -0.00725018    -0.00682658   0.00725018
  0.00682658  -0.00725018    -0.03146866   0.01174002    -0.00682658   0.00725018
 -0.00682658   0.00725018    -0.00682658   0.00725018    -0.03146866   0.01174002
    6    2
  0.00746981   0.00204960     0.00119122   0.00429879    -0.00119122  -0.00429879
  0.00119122   0.00429879     0.00746981   0.00204960    -0.00119122  -0.00429879
 -0.00119122  -0.00429879    -0.00119122  -0.00429879     0.00746981   0.00204960
    6    3
  0.00452119   0.00991191     0.00710714   0.02176142    -0.00710714  -0.02176142
  0.00710714   0.02176142     0.00452119   0.00991191    -0.00710714  -0.02176142
 -0.00710714  -0.02176142    -0.00710714  -0.02176142     0.00452119   0.00991191
    6    4
 -0.00915864  -0.00253074     0.01556309   0.00182613    -0.00115334   0.00458076
  0.01556309   0.00182613    -0.00915864  -0.00253074    -0.00115334   0.00458076
 -0.00927329   0.00748776    -0.00927329   0.00748776     0.01003036  -0.00496875
    6    5
  0.00585543   0.00304388    -0.00622766   0.00271277    -0.00784229   0.00239005
 -0.00622766   0.00271277     0.00585543   0.00304388    -0.00784229   0.00239005
  0.01429286  -0.00137259     0.01429286  -0.00137259    -0.03273082  -0.00400137
    6    6
  0.06957452   0.00000000     0.00851181  -0.00000000    -0.00851181   0.00000000
  0.00851181  -0.00000000     0.06957452   0.00000000    -0.00851181   0.00000000
 -0.00851181   0.00000000    -0.00851181   0.00000000     0.06957452   0.00000000
    6    7
 -0.00829892   0.01318074    -0.01531783   0.00816344     0.01531783  -0.00816344
 -0.01531783   0.00816344    -0.00829892   0.01318074     0.01531783  -0.00816344
  0.01531783  -0.00816344     0.01531783  -0.00816344    -0.00829892   0.01318074
    6    8
  0.01003036  -0.00496875     0.00927329  -0.00748776    -0.00927329   0.00748776
  0.00115334  -0.00458076    -0.00915864  -0.00253074    -0.01556309  -0.00182613
 -0.00115334   0.00458076    -0.01556309  -0.00182613    -0.00915864  -0.00253074
    6    9
 -0.03273082  -0.00400137    -0.01429286   0.00137259     0.01429286  -0.00137259
  0.00784229  -0.00239005     0.00585543   0.00304388     0.00622766  -0.00271277
 -0.00784229   0.00239005     0.00622766  -0.00271277     0.00585543   0.00304388
    6   10
 -0.00915864  -0.00253074     0.00115334  -0.00458076    -0.01556309  -0.00182613
  0.00927329  -0.00748776     0.01003036  -0.00496875    -0.00927329   0.00748776
 -0.01556309  -0.00182613    -0.00115334   0.00458076    -0.00915864  -0.00253074
    6   11
  0.00585543   0.00304388     0.00784229  -0.00239005     0.00622766  -0.00271277
 -0.01429286   0.00137259    -0.03273082  -0.00400137     0.01429286  -0.00137259
  0.00622766  -0.00271277    -0.00784229   0.00239005     0.00585543   0.00304388
    7    1
  0.02590149  -0.02138264    -0.00969213   0.00228690     0.00969213  -0.00228690
 -0.00969213   0.00228690     0.02590149  -0.02138264     0.00969213  -0.00228690
  0.00969213  -0.00228690     0.00969213  -0.00228690     0.02590149  -0.02138264
    7    2
  0.00452119  -0.00991191     0.00710714  -0.02176142    -0.00710714   0.02176142
  0.00710714  -0.02176142     0.00452119  -0.00991191    -0.00710714   0.02176142
 -0.00710714   0.02176142    -0.00710714   0.02176142     0.00452119  -0.00991191
    7    3
  0.00746981  -0.00204960     0.00119122  -0.00429879    -0.00119122   0.00429879
  0.00119122  -0.00429879     0.00746981  -0.00204960    -0.00119122   0.00429879
 -0.00119122   0.00429879    -0.00119122   0.00429879     0.00746981  -0.00204960
    7    4
  0.00585543  -0.00304388    -0.00622766  -0.00271277    -0.00784229  -0.00239005
 -0.00622766  -0.00271277     0.00585543  -0.00304388    -0.00784229  -0.00239005
  0.01429286   0.00137259     0.01429286   0.00137259    -0.03273082   0.00400137
    7    5
 -0.00915864   0.00253074     0.01556309  -0.00182613    -0.00115334  -0.00458076
  0.01556309  -0.00182613    -0.00915864   0.00253074    -0.00115334  -0.00458076
 -0.00927329  -0.00748776    -0.00927329  -0.00748776     0.01003036   0.00496875
    7    6
 -0.00829892  -0.01318074    -0.01531783  -0.00816344     0.01531783   0.00816344
 -0.01531783  -0.00816344    -0.00829892  -0.01318074     0.01531783   0.00816344
  0.01531783   0.00816344     0.01531783   0.00816344    -0.00829892  -0.01318074
    7    7
  0.06957452  -0.00000000     0.00851181   0.00000000    -0.00851181  -0.00000000
  0.00851181   0.00000000     0.06957452  -0.00000000    -0.00851181  -0.00000000
 -0.00851181  -0.00000000    -0.00851181  -0.00000000     0.06957452  -0.00000000
    7    8
 -0.03273082   0.00400137    -0.01429286  -0.00137259     0.01429286   0.00137259
  0.00784229   0.00239005     0.00585543  -0.00304388     0.00622766   0.00271277
 -0.00784229  -0.00239005     0.00622766   0.00271277     0.00585543  -0.00304388
    7    9
  0.01003036   0.00496875     0.00927329   0.00748776    -0.00927329  -0.00748776
  0.00115334   0.00458076    -0.00915864   0.00253074    -0.01556309   0.00182613
 -0.00115334  -0.00458076    -0.01556309   0.00182613    -0.00915864   0.00253074
    7   10
  0.00585543  -0.00304388     0.00784229   0.00239005     0.00622766   0.00271277
 -0.01429286  -0.00137259    -0.03273082   0.00400137     0.01429286   0.00137259
  0.00622766   0.00271277    -0.00784229  -0.00239005     0.00585543  -0.00304388
    7   11
 -0.00915864   0.00253074     0.00115334   0.00458076    -0.01556309   0.00182613
  0.00927329   0.00748776     0.01003036   0.00496875    -0.00927329  -0.00748776
 -0.01556309   0.00182613    -0.00115334  -0.00458076    -0.00915864   0.00253074
    8    1
 -0.03028901   0.01085364     0.00697906  -0.00850016    -0.00697906   0.00850016
 -0.00088869  -0.01815614     0.03286056  -0.02038656    -0.00886158  -0.00919611
  0.00088869   0.01815614    -0.00886158  -0.00919611     0.03286056  -0.02038656
    8    2
  0.00750354  -0.00851258    -0.00220924   0.00668151     0.00220924  -0.00668151
  0.00174401   0.00068207     0.01374115   0.00238102    -0.00057331  -0.00038854
 -0.00174401  -0.00068207    -0.00057331  -0.00038854     0.01374115   0.00238102
    8    3
 -0.02017405  -0.00239374     0.01421677   0.00357059    -0.01421677  -0.00357059
  0.02063726  -0.00126366    -0.01769718   0.00306389     0.01267380   0.00082592
 -0.02063726   0.00126366     0.01267380   0.00082592    -0.01769718   0.00306389
    8    4
  0.00188279   0.00101200     0.00529276   0.00510095     0.01242343   0.00000000
 -0.00254927  -0.00249735     0.01563256   0.00000000    -0.00529276   0.00510095
  0.01710949   0.00000000     0.00254927  -0.00249735     0.00188279  -0.00101200
    8    5
  0.00615501   0.00087652    -0.00641045  -0.00338826    -0.01183393   0.00796188
  0.01191295  -0.00220903    -0.04650419  -0.00201691     0.00641045   0.00338826
 -0.01273024   0.00235771    -0.01191295   0.00220903     0.00615501   0.00087652
    8    6
  0.01003036   0.00496875     0.00115334   0.00458076    -0.00115334  -0.00458076
  0.00927329   0.00748776    -0.00915864   0.00253074    -0.01556309   0.00182613
 -0.00927329  -0.00748776    -0.01556309   0.00182613    -0.00915864   0.00253074
    8    7
 -0.03273082  -0.00400137     0.00784229  -0.00239005    -0.00784229   0.00239005
 -0.01429286   0.00137259     0.00585543   0.00304388     0.00622766  -0.00271277
  0.01429286  -0.00137259     0.00622766  -0.00271277     0.00585543   0.00304388
    8    8
  0.05627332   0.00000000     0.00352746   0.00318809    -0.00352746  -0.00318809
  0.00352746  -0.00318809     0.07058598   0.00000000    -0.00348835  -0.00000000
 -0.00352746   0.00318809    -0.00348835  -0.00000000     0.07058598   0.00000000
    8    9
 -0.01005500   0.00740266     0.00513695  -0.01042828    -0.00513695   0.01042828
  0.00513695  -0.01042828    -0.01425498  -0.00045802     0.00780252   0.00371576
 -0.00513695   0.01042828     0.00780252   0.00371576    -0.01425498  -0.00045802
    8   10
  0.00188279   0.00101200    -0.01242343   0.00000000    -0.00529276  -0.00510095
 -0.01710949  -0.00000000     0.00188279  -0.00101200     0.00254927  -0.00249735
  0.00254927   0.00249735    -0.00529276   0.00510095     0.01563256   0.00000000
    8   11
  0.00615501   0.00087652     0.01183393  -0.00796188     0.00641045   0.00338826
  0.01273024  -0.00235771     0.00615501   0.00087652    -0.01191295   0.00220903
 -0.01191295   0.00220903     0.00641045   0.00338826    -0.04650419  -0.00201691
    9    1
  0.02454403  -0.02080423    -0.01085089   0.00179396     0.01085089  -0.00179396
 -0.01527934  -0.00984770    -0.03408556   0.01826480    -0.00353327  -0.01227240
  0.01527934   0.00984770    -0.00353327  -0.01227240    -0.03408556   0.01826480
    9    2
 -0.02017405   0.00239374     0.01421677  -0.00357059    -0.01421677   0.00357059
  0.02063726   0.00126366    -0.01769718  -0.00306389     0.01267380  -0.00082592
 -0.02063726  -0.00126366     0.01267380  -0.00082592    -0.01769718  -0.00306389
    9    3
  0.00750354   0.00851258    -0.00220924  -0.00668151     0.00220924   0.00668151
  0.00174401  -0.00068207     0.01374115  -0.00238102    -0.00057331   0.00038854
 -0.00174401   0.00068207    -0.00057331   0.00038854     0.01374115  -0.00238102
    9    4
  0.00615501  -0.00087652    -0.00641045   0.00338826    -0.01183393  -0.00796188
  0.01191295   0.00220903    -0.04650419   0.00201691     0.00641045  -0.00338826
 -0.01273024  -0.00235771    -0.01191295  -0.00220903     0.00615501  -0.00087652
    9    5
  0.00188279  -0.00101200     0.00529276  -0.00510095     0.01242343   0.00000000
 -0.00254927   0.00249735     0.01563256   0.00000000    -0.00529276  -0.00510095
  0.01710949   0.00000000     0.00254927   0.00249735     0.00188279   0.00101200
    9    6
 -0.03273082   0.00400137     0.00784229   0.00239005    -0.00784229  -0.00239005
 -0.01429286  -0.00137259     0.00585543  -0.00304388     0.00622766   0.00271277
  0.01429286   0.00137259     0.00622766   0.00271277     0.00585543  -0.00304388
    9    7
  0.01003036  -0.00496875     0.00115334  -0.00458076    -0.00115334   0.00458076
  0.00927329  -0.00748776    -0.00915864  -0.00253074    -0.01556309  -0.00182613
 -0.00927329   0.00748776    -0.01556309  -0.00182613    -0.00915864  -0.00253074
    9    8
 -0.01005500  -0.00740266     0.00513695   0.01042828    -0.00513695  -0.01042828
  0.00513695   0.01042828    -0.01425498   0.00045802     0.00780252  -0.00371576
 -0.00513695  -0.01042828     0.00780252  -0.00371576    -0.01425498   0.00045802
    9    9
  0.05627332  -0.00000000     0.00352746  -0.00318809    -0.00352746   0.00318809
  0.00352746   0.00318809     0.07058598  -0.00000000    -0.00348835   0.00000000
 -0.00352746  -0.00318809    -0.00348835   0.00000000     0.07058598  -0.00000000
    9   10
  0.00615501  -0.00087652     0.01183393   0.00796188     0.00641045  -0.00338826
  0.01273024   0.00235771     0.00615501  -0.00087652    -0.01191295  -0.00220903
 -0.01191295  -0.00220903     0.00641045  -0.00338826    -0.04650419   0.00201691
    9   11
  0.00188279  -0.00101200    -0.01242343   0.00000000    -0.00529276   0.00510095
 -0.01710949   0.00000000     0.00188279   0.00101200     0.00254927   0.00249735
  0.00254927  -0.00249735    -0.00529276  -0.00510095     0.01563256   0.00000000
   10    1
  0.03286056  -0.02038656    -0.00088869  -0.01815614    -0.00886158  -0.00919611
  0.00697906  -0.00850016    -0.03028901   0.01085364    -0.00697906   0.00850016
 -0.00886158  -0.00919611     0.00088869   0.01815614     0.03286056  -0.02038656
   10    2
  0.01374115   0.00238102     0.00174401   0.00068207    -0.00057331  -0.00038854
 -0.00220924   0.00668151     0.00750354  -0.00851258     0.00220924  -0.00668151
 -0.00057331  -0.00038854    -0.00174401  -0.00068207     0.01374115   0.00238102
   10    3
 -0.01769718   0.00306389     0.02063726  -0.00126366     0.01267380   0.00082592
  0.01421677   0.00357059    -0.02017405  -0.00239374    -0.01421677  -0.00357059
  0.01267380   0.00082592    -0.02063726   0.00126366    -0.01769718   0.00306389
   10    4
  0.01563256   0.00000000    -0.00254927  -0.00249735    -0.00529276   0.00510095
  0.00529276   0.00510095     0.00188279   0.00101200     0.01242343   0.00000000
  0.00254927  -0.00249735     0.01710949   0.00000000     0.00188279  -0.00101200
   10    5
 -0.04650419  -0.00201691     0.01191295  -0.00220903     0.00641045   0.00338826
 -0.00641045  -0.00338826     0.00615501   0.00087652    -0.01183393   0.00796188
 -0.01191295   0.00220903    -0.01273024   0.00235771     0.00615501   0.00087652
   10    6
 -0.00915864   0.00253074     0.00927329   0.00748776    -0.01556309   0.00182613
  0.00115334   0.00458076     0.01003036   0.00496875    -0.00115334  -0.00458076
 -0.01556309   0.00182613    -0.00927329  -0.00748776    -0.00915864   0.00253074
   10    7
  0.00585543   0.00304388    -0.01429286   0.00137259     0.00622766  -0.00271277
  0.00784229  -0.00239005    -0.03273082  -0.00400137    -0.00784229   0.00239005
  0.00622766  -0.00271277     0.01429286  -0.00137259     0.00585543   0.00304388
   10    8
  0.00188279  -0.00101200    -0.01710949  -0.00000000     0.00254927  -0.00249735
 -0.01242343  -0.00000000     0.00188279   0.00101200    -0.00529276  -0.00510095
 -0.00529276   0.00510095     0.00254927   0.00249735     0.01563256   0.00000000
   10    9
  0.00615501   0.00087652     0.01273024  -0.00235771    -0.01191295   0.00220903
  0.01183393  -0.00796188     0.00615501   0.00087652     0.00641045   0.00338826
  0.00641045   0.00338826    -0.01191295   0.00220903    -0.04650419  -0.00201691
   10   10
  0.07058598  -0.00000000     0.00352746  -0.00318809    -0.00348835   0.00000000
  0.00352746   0.00318809     0.05627332   0.00000000    -0.00352746  -0.00318809
 -0.00348835   0.00000000    -0.00352746   0.00318809     0.07058598  -0.00000000
   10   11
 -0.01425498  -0.00045802     0.00513695  -0.01042828     0.00780252   0.00371576
  0.00513695  -0.01042828    -0.01005500   0.00740266    -0.00513695   0.01042828
  0.00780252   0.00371576    -0.00513695   0.01042828    -0.01425498  -0.00045802
   11    1
 -0.03408556   0.01826480    -0.01527934  -0.00984770    -0.00353327  -0.01227240
 -0.01085089   0.00179396     0.02454403  -0.02080423     0.01085089  -0.00179396
 -0.00353327  -0.01227240     0.01527934   0.00984770    -0.03408556   0.01826480
   11    2
 -0.01769718  -0.00306389     0.02063726   0.00126366     0.01267380  -0.00082592
  0.01421677  -0.00357059    -0.02017405   0.00239374    -0.01421677   0.00357059
  0.01267380  -0.00082592    -0.02063726  -0.00126366    -0.01769718  -0.00306389
   11    3
  0.01374115  -0.00238102     0.00174401  -0.00068207    -0.00057331   0.00038854
 -0.00220924  -0.00668151     0.00750354   0.00851258     0.00220924   0.00668151
 -0.00057331   0.00038854    -0.00174401   0.00068207     0.01374115  -0.00238102
   11    4
 -0.04650419   0.00201691     0.01191295   0.00220903     0.00641045  -0.00338826
 -0.00641045   0.00338826     0.00615501  -0.00087652    -0.01183393  -0.00796188
 -0.01191295  -0.00220903    -0.01273024  -0.00235771     0.00615501  -0.00087652
   11    5
  0.01563256  -0.00000000    -0.00254927   0.00249735    -0.00529276  -0.00510095
  0.00529276  -0.00510095     0.00188279  -0.00101200     0.01242343   0.00000000
  0.00254927   0.00249735     0.01710949   0.00000000     0.00188279   0.00101200
   11    6
  0.00585543  -0.00304388    -0.01429286  -0.00137259     0.00622766   0.00271277
  0.00784229   0.00239005    -0.03273082   0.00400137    -0.00784229  -0.00239005
  0.00622766   0.00271277     0.01429286   0.00137259     0.00585543  -0.00304388
   11    7
 -0.00915864  -0.00253074     0.00927329  -0.00748776    -0.01556309  -0.00182613
  0.00115334  -0.00458076     0.01003036  -0.00496875    -0.00115334   0.00458076
 -0.01556309  -0.00182613    -0.00927329   0.00748776    -0.00915864  -0.00253074
   11    8
  0.00615501  -0.00087652     0.01273024   0.00235771    -0.01191295  -0.00220903
  0.01183393   0.00796188     0.00615501  -0.00087652     0.00641045  -0.00338826
  0.00641045  -0.00338826    -0.01191295  -0.00220903    -0.04650419   0.00201691
   11    9
  0.00188279   0.00101200    -0.01710949   0.00000000     0.00254927   0.00249735
 -0.01242343  -0.00000000     0.00188279  -0.00101200    -0.00529276   0.00510095
 -0.00529276  -0.00510095     0.00254927  -0.00249735     0.01563256  -0.00000000
   11   10
 -0.01425498   0.00045802     0.00513695   0.01042828     0.00780252  -0.00371576
  0.00513695   0.01042828    -0.01005500  -0.00740266    -0.00513695  -0.01042828
  0.00780252  -0.00371576    -0.00513695  -0.01042828    -0.01425498   0.00045802
   11   11
  0.07058598   0.00000000     0.00352746   0.00318809    -0.00348835  -0.00000000
  0.00352746  -0.00318809     0.05627332  -0.00000000    -0.00352746   0.00318809
 -0.00348835  -0.00000000    -0.00352746  -0.00318809     0.07058598   0.00000000

     Dynamical  Matrix in cartesian axes

     q = (    0.235702260  -0.235702260  -0.235702260 ) 

    1    1
  0.20967685   0.00000000    -0.06290019   0.00000000    -0.06290019   0.00000000
 -0.06290019   0.00000000     0.20967685   0.00000000     0.06290019   0.00000000
 -0.06290019   0.00000000     0.06290019   0.00000000     0.20967685   0.00000000
    1    2
  0.00032989  -0.01973477    -0.02599683   0.00107569    -0.02599683   0.00107569
 -0.02599683   0.00107569     0.00032989  -0.01973477     0.02599683  -0.00107569
 -0.02599683   0.00107569     0.02599683  -0.00107569     0.00032989  -0.01973477
    1    3
 -0.01725575  -0.00958169     0.01393000  -0.02197607     0.01393000  -0.02197607
  0.01393000  -0.02197607    -0.01725575  -0.00958169    -0.01393000   0.02197607
  0.01393000  -0.02197607    -0.01393000   0.02197607    -0.01725575  -0.00958169
    1    4
 -0.03028901   0.01085364     0.00088869   0.01815614     0.00088869   0.01815614
 -0.00697906   0.00850016     0.03286056  -0.02038656     0.00886158   0.00919611
 -0.00697906   0.00850016     0.00886158   0.00919611     0.03286056  -0.02038656
    1    5
  0.02454403  -0.02080423     0.01527934   0.00984770     0.01527934   0.00984770
  0.01085089  -0.00179396    -0.03408556   0.01826480     0.00353327   0.01227240
  0.01085089  -0.00179396     0.00353327   0.01227240    -0.03408556   0.01826480
    1    6
  0.03286056  -0.02038656    -0.00697906   0.00850016    -0.00886158  -0.00919611
  0.00088869   0.01815614    -0.03028901   0.01085364    -0.00088869  -0.01815614
 -0.00886158  -0.00919611     0.00697906  -0.00850016     0.03286056  -0.02038656
    1    7
 -0.03408556   0.01826480     0.01085089  -0.00179396    -0.00353327  -0.01227240
  0.01527934   0.00984770     0.02454403  -0.02080423    -0.01527934  -0.00984770
 -0.00353327  -0.01227240    -0.01085089   0.00179396    -0.03408556   0.01826480
    1    8
  0.03286056  -0.02038656    -0.00886158  -0.00919611    -0.00697906   0.00850016
 -0.00886158  -0.00919611     0.03286056  -0.02038656     0.00697906  -0.00850016
  0.00088869   0.01815614    -0.00088869  -0.01815614    -0.03028901   0.01085364
    1    9
 -0.03408556   0.01826480    -0.00353327  -0.01227240     0.01085089  -0.00179396
 -0.00353327  -0.01227240    -0.03408556   0.01826480    -0.01085089   0.00179396
  0.01527934   0.00984770    -0.01527934  -0.00984770     0.02454403  -0.02080423
    1   10
 -0.03146866   0.01174002    -0.00682658   0.00725018    -0.00682658   0.00725018
 -0.00682658   0.00725018    -0.03146866   0.01174002     0.00682658  -0.00725018
 -0.00682658   0.00725018     0.00682658  -0.00725018    -0.03146866   0.01174002
    1   11
  0.02590149  -0.02138264     0.00969213  -0.00228690     0.00969213  -0.00228690
  0.00969213  -0.00228690     0.02590149  -0.02138264    -0.00969213   0.00228690
  0.00969213  -0.00228690    -0.00969213   0.00228690     0.02590149  -0.02138264
    2    1
  0.00032989   0.01973477    -0.02599683  -0.00107569    -0.02599683  -0.00107569
 -0.02599683  -0.00107569     0.00032989   0.01973477     0.02599683   0.00107569
 -0.02599683  -0.00107569     0.02599683   0.00107569     0.00032989   0.01973477
    2    2
  0.06697508   0.00000000    -0.00070291  -0.00000000    -0.00070291  -0.00000000
 -0.00070291  -0.00000000     0.06697508   0.00000000     0.00070291   0.00000000
 -0.00070291  -0.00000000     0.00070291   0.00000000     0.06697508   0.00000000
    2    3
 -0.00400936  -0.00142614     0.00042141   0.00058862     0.00042141   0.00058862
  0.00042141   0.00058862    -0.00400936  -0.00142614    -0.00042141  -0.00058862
  0.00042141   0.00058862    -0.00042141  -0.00058862    -0.00400936  -0.00142614
    2    4
  0.00750354  -0.00851258    -0.00174401  -0.00068207    -0.00174401  -0.00068207
  0.00220924  -0.00668151     0.01374115   0.00238102     0.00057331   0.00038854
  0.00220924  -0.00668151     0.00057331   0.00038854     0.01374115   0.00238102
    2    5
 -0.02017405   0.00239374    -0.02063726  -0.00126366    -0.02063726  -0.00126366
 -0.01421677   0.00357059    -0.01769718  -0.00306389    -0.01267380   0.00082592
 -0.01421677   0.00357059    -0.01267380   0.00082592    -0.01769718  -0.00306389
    2    6
  0.01374115   0.00238102     0.00220924  -0.00668151    -0.00057331  -0.00038854
 -0.00174401  -0.00068207     0.00750354  -0.00851258     0.00174401   0.00068207
 -0.00057331  -0.00038854    -0.00220924   0.00668151     0.01374115   0.00238102
    2    7
 -0.01769718  -0.00306389    -0.01421677   0.00357059     0.01267380  -0.00082592
 -0.02063726  -0.00126366    -0.02017405   0.00239374     0.02063726   0.00126366
  0.01267380  -0.00082592     0.01421677  -0.00357059    -0.01769718  -0.00306389
    2    8
  0.01374115   0.00238102    -0.00057331  -0.00038854     0.00220924  -0.00668151
 -0.00057331  -0.00038854     0.01374115   0.00238102    -0.00220924   0.00668151
 -0.00174401  -0.00068207     0.00174401   0.00068207     0.00750354  -0.00851258
    2    9
 -0.01769718  -0.00306389     0.01267380  -0.00082592    -0.01421677   0.00357059
  0.01267380  -0.00082592    -0.01769718  -0.00306389     0.01421677  -0.00357059
 -0.02063726  -0.00126366     0.02063726   0.00126366    -0.02017405   0.00239374
    2   10
  0.00746981   0.00204960    -0.00119122  -0.00429879    -0.00119122  -0.00429879
 -0.00119122  -0.00429879     0.00746981   0.00204960     0.00119122   0.00429879
 -0.00119122  -0.00429879     0.00119122   0.00429879     0.00746981   0.00204960
    2   11
  0.00452119  -0.00991191    -0.00710714   0.02176142    -0.00710714   0.02176142
 -0.00710714   0.02176142     0.00452119  -0.00991191     0.00710714  -0.02176142
 -0.00710714   0.02176142     0.00710714  -0.02176142     0.00452119  -0.00991191
    3    1
 -0.01725575   0.00958169     0.01393000   0.02197607     0.01393000   0.02197607
  0.01393000   0.02197607    -0.01725575   0.00958169    -0.01393000  -0.02197607
  0.01393000   0.02197607    -0.01393000  -0.02197607    -0.01725575   0.00958169
    3    2
 -0.00400936   0.00142614     0.00042141  -0.00058862     0.00042141  -0.00058862
  0.00042141  -0.00058862    -0.00400936   0.00142614    -0.00042141   0.00058862
  0.00042141  -0.00058862    -0.00042141   0.00058862    -0.00400936   0.00142614
    3    3
  0.06697508  -0.00000000    -0.00070291   0.00000000    -0.00070291   0.00000000
 -0.00070291   0.00000000     0.06697508  -0.00000000     0.00070291  -0.00000000
 -0.00070291   0.00000000     0.00070291  -0.00000000     0.06697508  -0.00000000
    3    4
 -0.02017405  -0.00239374    -0.02063726   0.00126366    -0.02063726   0.00126366
 -0.01421677  -0.00357059    -0.01769718   0.00306389    -0.01267380  -0.00082592
 -0.01421677  -0.00357059    -0.01267380  -0.00082592    -0.01769718   0.00306389
    3    5
  0.00750354   0.00851258    -0.00174401   0.00068207    -0.00174401   0.00068207
  0.00220924   0.00668151     0.01374115  -0.00238102     0.00057331  -0.00038854
  0.00220924   0.00668151     0.00057331  -0.00038854     0.01374115  -0.00238102
    3    6
 -0.01769718   0.00306389    -0.01421677  -0.00357059     0.01267380   0.00082592
 -0.02063726   0.00126366    -0.02017405  -0.00239374     0.02063726  -0.00126366
  0.01267380   0.00082592     0.01421677   0.00357059    -0.01769718   0.00306389
    3    7
  0.01374115  -0.00238102     0.00220924   0.00668151    -0.00057331   0.00038854
 -0.00174401   0.00068207     0.00750354   0.00851258     0.00174401  -0.00068207
 -0.00057331   0.00038854    -0.00220924  -0.00668151     0.01374115  -0.00238102
    3    8
 -0.01769718   0.00306389     0.01267380   0.00082592    -0.01421677  -0.00357059
  0.01267380   0.00082592    -0.01769718   0.00306389     0.01421677   0.00357059
 -0.02063726   0.00126366     0.02063726  -0.00126366    -0.02017405  -0.00239374
    3    9
  0.01374115  -0.00238102    -0.00057331   0.00038854     0.00220924   0.00668151
 -0.00057331   0.00038854     0.01374115  -0.00238102    -0.00220924  -0.00668151
 -0.00174401   0.00068207     0.00174401  -0.00068207     0.00750354   0.00851258
    3   10
  0.00452119   0.00991191    -0.00710714  -0.02176142    -0.00710714  -0.02176142
 -0.00710714  -0.02176142     0.00452119   0.00991191     0.00710714   0.02176142
 -0.00710714  -0.02176142     0.00710714   0.02176142     0.00452119   0.00991191
    3   11
  0.00746981  -0.00204960    -0.00119122   0.00429879    -0.00119122   0.00429879
 -0.00119122   0.00429879     0.00746981  -0.00204960     0.00119122  -0.00429879
 -0.00119122   0.00429879     0.00119122  -0.00429879     0.00746981  -0.00204960
    4    1
 -0.03028901  -0.01085364    -0.00697906  -0.00850016    -0.00697906  -0.00850016
