  3.000000000000000E-002   1.50258710658322        5.61113919275752     
           6

     Dynamical  Matrix in cartesian axes

     q = (    0.235702260   0.000000000   0.000000000 ) 

    1    1
  0.25258529   0.00000000     0.00000000   0.00000000     0.00000000   0.00000000
  0.00000000   0.00000000     0.11873530   0.00000000     0.00000000   0.00000000
 -0.00000000   0.00000000    -0.00000000   0.00000000     0.11873530   0.00000000
    1    2
  0.02120225  -0.01224113     0.00000000   0.00000000     0.00000000  -0.00000000
 -0.00000000   0.00000000    -0.03482295   0.02010504    -0.00335287  -0.00580734
 -0.00000000  -0.00000000    -0.00335287  -0.00580734    -0.03482295   0.02010504
    1    3
  0.00000000  -0.02448225    -0.00000000   0.00000000    -0.00000000   0.00000000
  0.00000000   0.00000000    -0.00000000   0.04021007     0.00670574  -0.00000000
 -0.00000000   0.00000000     0.00670574  -0.00000000    -0.00000000   0.04021007
    1    4
  0.05044309   0.04696426    -0.01355349  -0.01296767    -0.01355349  -0.01296767
  0.00205768  -0.01981368    -0.00734906  -0.00314170    -0.00890859  -0.01980144
  0.00205768  -0.01981368    -0.00890859  -0.01980144    -0.00734906  -0.00314170
    1    5
 -0.06589379  -0.02020286     0.01800708   0.00525383     0.01800708   0.00525383
  0.01613031  -0.01168884     0.00639532   0.00479363     0.02160285  -0.00218565
  0.01613031  -0.01168884     0.02160285  -0.00218565     0.00639532   0.00479363
    1    6
 -0.06589379  -0.02020286     0.01800708   0.00525383    -0.01800708  -0.00525383
  0.01613031  -0.01168884     0.00639532   0.00479363    -0.02160285   0.00218565
 -0.01613031   0.01168884    -0.02160285   0.00218565     0.00639532   0.00479363
    1    7
  0.05044309   0.04696426    -0.01355349  -0.01296767     0.01355349   0.01296767
  0.00205768  -0.01981368    -0.00734906  -0.00314170     0.00890859   0.01980144
 -0.00205768   0.01981368     0.00890859   0.01980144    -0.00734906  -0.00314170
    1    8
 -0.06589379  -0.02020286    -0.01800708  -0.00525383     0.01800708   0.00525383
 -0.01613031   0.01168884     0.00639532   0.00479363    -0.02160285   0.00218565
  0.01613031  -0.01168884    -0.02160285   0.00218565     0.00639532   0.00479363
    1    9
  0.05044309   0.04696426     0.01355349   0.01296767    -0.01355349  -0.01296767
 -0.00205768   0.01981368    -0.00734906  -0.00314170     0.00890859   0.01980144
  0.00205768  -0.01981368     0.00890859   0.01980144    -0.00734906  -0.00314170
    1   10
  0.05044309   0.04696426     0.01355349   0.01296767     0.01355349   0.01296767
 -0.00205768   0.01981368    -0.00734906  -0.00314170    -0.00890859  -0.01980144
 -0.00205768   0.01981368    -0.00890859  -0.01980144    -0.00734906  -0.00314170
    1   11
 -0.06589379  -0.02020286    -0.01800708  -0.00525383    -0.01800708  -0.00525383
 -0.01613031   0.01168884     0.00639532   0.00479363     0.02160285  -0.00218565
 -0.01613031   0.01168884     0.02160285  -0.00218565     0.00639532   0.00479363
    2    1
  0.02120225   0.01224113    -0.00000000  -0.00000000     0.00000000   0.00000000
 -0.00000000   0.00000000    -0.03482295  -0.02010504    -0.00335287   0.00580734
  0.00000000   0.00000000    -0.00335287   0.00580734    -0.03482295  -0.02010504
    2    2
  0.09823027   0.00000000    -0.00000000  -0.00000000     0.00000000   0.00000000
  0.00000000  -0.00000000     0.05705925   0.00000000    -0.00000000   0.00000000
  0.00000000  -0.00000000    -0.00000000   0.00000000     0.05705925  -0.00000000
    2    3
  0.00047778  -0.00082754    -0.00000000  -0.00000000    -0.00000000   0.00000000
 -0.00000000  -0.00000000    -0.00179631   0.00311130    -0.00497052  -0.00286973
 -0.00000000   0.00000000    -0.00497052  -0.00286973    -0.00179631   0.00311130
    2    4
  0.00101205  -0.00971760     0.00137232   0.00449170     0.00137232   0.00449170
 -0.00254298   0.00206967     0.00764960   0.00144284     0.00367158   0.00633017
 -0.00254298   0.00206967     0.00367158   0.00633017     0.00764960   0.00144284
    2    5
 -0.01323560   0.00384218    -0.02207248  -0.00557420    -0.02207248  -0.00557420
 -0.01596012   0.00109813    -0.01231872   0.00112219    -0.01788032  -0.00083839
 -0.01596012   0.00109813    -0.01788032  -0.00083839    -0.01231872   0.00112219
    2    6
  0.00892171   0.00398234    -0.00320377  -0.00343431     0.00320377   0.00343431
 -0.00306388   0.00116745     0.00257526  -0.00734617     0.00364630   0.00634476
  0.00306388  -0.00116745     0.00364630   0.00634476     0.00257526  -0.00734617
    2    7
 -0.00994523   0.00954128    -0.00620884   0.02190243     0.00620884  -0.02190243
 -0.00893106   0.01327280    -0.00713121   0.01010723     0.00821409  -0.01590400
  0.00893106  -0.01327280     0.00821409  -0.01590400    -0.00713121   0.01010723
    2    8
  0.00892171   0.00398234     0.00320377   0.00343431    -0.00320377  -0.00343431
  0.00306388  -0.00116745     0.00257526  -0.00734617     0.00364630   0.00634476
 -0.00306388   0.00116745     0.00364630   0.00634476     0.00257526  -0.00734617
    2    9
 -0.00994523   0.00954128     0.00620884  -0.02190243    -0.00620884   0.02190243
  0.00893106  -0.01327280    -0.00713121   0.01010723     0.00821409  -0.01590400
 -0.00893106   0.01327280     0.00821409  -0.01590400    -0.00713121   0.01010723
    2   10
  0.00101205  -0.00971760    -0.00137232  -0.00449170    -0.00137232  -0.00449170
  0.00254298  -0.00206967     0.00764960   0.00144284     0.00367158   0.00633017
  0.00254298  -0.00206967     0.00367158   0.00633017     0.00764960   0.00144284
    2   11
 -0.01323560   0.00384218     0.02207248   0.00557420     0.02207248   0.00557420
  0.01596012  -0.00109813    -0.01231872   0.00112219    -0.01788032  -0.00083839
  0.01596012  -0.00109813    -0.01788032  -0.00083839    -0.01231872   0.00112219
    3    1
  0.00000000   0.02448225     0.00000000  -0.00000000    -0.00000000  -0.00000000
 -0.00000000  -0.00000000    -0.00000000  -0.04021007     0.00670574   0.00000000
  0.00000000  -0.00000000     0.00670574   0.00000000    -0.00000000  -0.04021007
    3    2
  0.00047778   0.00082754    -0.00000000   0.00000000    -0.00000000  -0.00000000
 -0.00000000   0.00000000    -0.00179631  -0.00311130    -0.00497052   0.00286973
 -0.00000000  -0.00000000    -0.00497052   0.00286973    -0.00179631  -0.00311130
    3    3
  0.09823027  -0.00000000    -0.00000000   0.00000000     0.00000000  -0.00000000
  0.00000000   0.00000000     0.05705925  -0.00000000    -0.00000000  -0.00000000
  0.00000000   0.00000000    -0.00000000  -0.00000000     0.05705925   0.00000000
    3    4
 -0.01323560  -0.00384218    -0.02207248   0.00557420    -0.02207248   0.00557420
 -0.01596012  -0.00109813    -0.01231872  -0.00112219    -0.01788032   0.00083839
 -0.01596012  -0.00109813    -0.01788032   0.00083839    -0.01231872  -0.00112219
    3    5
  0.00101205   0.00971760     0.00137232  -0.00449170     0.00137232  -0.00449170
 -0.00254298  -0.00206967     0.00764960  -0.00144284     0.00367158  -0.00633017
 -0.00254298  -0.00206967     0.00367158  -0.00633017     0.00764960  -0.00144284
    3    6
 -0.00994523  -0.00954128    -0.00620884  -0.02190243     0.00620884   0.02190243
 -0.00893106  -0.01327280    -0.00713121  -0.01010723     0.00821409   0.01590400
  0.00893106   0.01327280     0.00821409   0.01590400    -0.00713121  -0.01010723
    3    7
  0.00892171  -0.00398234    -0.00320377   0.00343431     0.00320377  -0.00343431
 -0.00306388  -0.00116745     0.00257526   0.00734617     0.00364630  -0.00634476
  0.00306388   0.00116745     0.00364630  -0.00634476     0.00257526   0.00734617
    3    8
 -0.00994523  -0.00954128     0.00620884   0.02190243    -0.00620884  -0.02190243
  0.00893106   0.01327280    -0.00713121  -0.01010723     0.00821409   0.01590400
 -0.00893106  -0.01327280     0.00821409   0.01590400    -0.00713121  -0.01010723
    3    9
  0.00892171  -0.00398234     0.00320377  -0.00343431    -0.00320377   0.00343431
  0.00306388   0.00116745     0.00257526   0.00734617     0.00364630  -0.00634476
 -0.00306388  -0.00116745     0.00364630  -0.00634476     0.00257526   0.00734617
    3   10
 -0.01323560  -0.00384218     0.02207248  -0.00557420     0.02207248  -0.00557420
  0.01596012   0.00109813    -0.01231872  -0.00112219    -0.01788032   0.00083839
  0.01596012   0.00109813    -0.01788032   0.00083839    -0.01231872  -0.00112219
    3   11
  0.00101205   0.00971760    -0.00137232   0.00449170    -0.00137232   0.00449170
  0.00254298   0.00206967     0.00764960  -0.00144284     0.00367158  -0.00633017
  0.00254298   0.00206967     0.00367158  -0.00633017     0.00764960  -0.00144284
    4    1
  0.05044309  -0.04696426     0.00205768   0.01981368     0.00205768   0.01981368
 -0.01355349   0.01296767    -0.00734906   0.00314170    -0.00890859   0.01980144
 -0.01355349   0.01296767    -0.00890859   0.01980144    -0.00734906   0.00314170
    4    2
  0.00101205   0.00971760    -0.00254298  -0.00206967    -0.00254298  -0.00206967
  0.00137232  -0.00449170     0.00764960  -0.00144284     0.00367158  -0.00633017
  0.00137232  -0.00449170     0.00367158  -0.00633017     0.00764960  -0.00144284
    4    3
 -0.01323560   0.00384218    -0.01596012   0.00109813    -0.01596012   0.00109813
 -0.02207248  -0.00557420    -0.01231872   0.00112219    -0.01788032  -0.00083839
 -0.02207248  -0.00557420    -0.01788032  -0.00083839    -0.01231872   0.00112219
    4    4
  0.09586428   0.00000000    -0.00939209   0.00003296    -0.00939209   0.00003296
 -0.00939209  -0.00003296     0.07362683  -0.00000000     0.00122032  -0.00000000
 -0.00939209  -0.00003296     0.00122032  -0.00000000     0.07362683  -0.00000000
    4    5
 -0.03596389   0.00540440     0.00478283   0.00126637     0.00478283   0.00126637
  0.00478283   0.00126637    -0.02086831   0.00373526    -0.00854570   0.00779985
  0.00478283   0.00126637    -0.00854570   0.00779985    -0.02086831   0.00373526
    4    6
 -0.02945984   0.01458116     0.02025805  -0.00248181    -0.01048616   0.00056865
  0.02025805  -0.00248181    -0.02018900   0.00154144    -0.00148525  -0.00136284
  0.01048616  -0.00056865     0.00148525   0.00136284     0.02018291  -0.00406024
    4    7
  0.02898747   0.00000000    -0.01428124   0.00029210     0.01900676  -0.00034387
 -0.01428124  -0.00029210     0.01841868   0.00000000     0.00997686   0.00255876
 -0.01900676  -0.00034387    -0.00997686   0.00255876    -0.05135294  -0.00000000
    4    8
 -0.02945984   0.01458116    -0.01048616   0.00056865     0.02025805  -0.00248181
  0.01048616  -0.00056865     0.02018291  -0.00406024     0.00148525   0.00136284
  0.02025805  -0.00248181    -0.00148525  -0.00136284    -0.02018900   0.00154144
    4    9
  0.02898747   0.00000000     0.01900676  -0.00034387    -0.01428124   0.00029210
 -0.01900676  -0.00034387    -0.05135294  -0.00000000    -0.00997686   0.00255876
 -0.01428124  -0.00029210     0.00997686   0.00255876     0.01841868   0.00000000
    4   10
  0.04105741   0.00000000     0.01295320  -0.00244134     0.01295320  -0.00244134
 -0.01295320  -0.00244134    -0.01824157   0.00000000     0.01539420  -0.00000000
 -0.01295320  -0.00244134     0.01539420   0.00000000    -0.01824157   0.00000000
    4   11
 -0.07344220   0.00053898    -0.01989553   0.00484869    -0.01989553   0.00484869
  0.01989553  -0.00484869     0.01728318   0.00271817    -0.00717874   0.00662601
  0.01989553  -0.00484869    -0.00717874   0.00662601     0.01728318   0.00271817
    5    1
 -0.06589379   0.02020286     0.01613031   0.01168884     0.01613031   0.01168884
  0.01800708  -0.00525383     0.00639532  -0.00479363     0.02160285   0.00218565
  0.01800708  -0.00525383     0.02160285   0.00218565     0.00639532  -0.00479363
    5    2
 -0.01323560  -0.00384218    -0.01596012  -0.00109813    -0.01596012  -0.00109813
 -0.02207248   0.00557420    -0.01231872  -0.00112219    -0.01788032   0.00083839
 -0.02207248   0.00557420    -0.01788032   0.00083839    -0.01231872  -0.00112219
    5    3
  0.00101205  -0.00971760    -0.00254298   0.00206967    -0.00254298   0.00206967
  0.00137232   0.00449170     0.00764960   0.00144284     0.00367158   0.00633017
  0.00137232   0.00449170     0.00367158   0.00633017     0.00764960   0.00144284
    5    4
 -0.03596389  -0.00540440     0.00478283  -0.00126637     0.00478283  -0.00126637
  0.00478283  -0.00126637    -0.02086831  -0.00373526    -0.00854570  -0.00779985
  0.00478283  -0.00126637    -0.00854570  -0.00779985    -0.02086831  -0.00373526
    5    5
  0.09586428  -0.00000000    -0.00939209  -0.00003296    -0.00939209  -0.00003296
 -0.00939209   0.00003296     0.07362683   0.00000000     0.00122032   0.00000000
 -0.00939209   0.00003296     0.00122032   0.00000000     0.07362683   0.00000000
    5    6
  0.02898747  -0.00000000    -0.01428124  -0.00029210     0.01900676   0.00034387
 -0.01428124   0.00029210     0.01841868  -0.00000000     0.00997686  -0.00255876
 -0.01900676   0.00034387    -0.00997686  -0.00255876    -0.05135294   0.00000000
    5    7
 -0.02945984  -0.01458116     0.02025805   0.00248181    -0.01048616  -0.00056865
  0.02025805   0.00248181    -0.02018900  -0.00154144    -0.00148525   0.00136284
  0.01048616   0.00056865     0.00148525  -0.00136284     0.02018291   0.00406024
    5    8
  0.02898747  -0.00000000     0.01900676   0.00034387    -0.01428124  -0.00029210
 -0.01900676   0.00034387    -0.05135294   0.00000000    -0.00997686  -0.00255876
 -0.01428124   0.00029210     0.00997686  -0.00255876     0.01841868  -0.00000000
    5    9
 -0.02945984  -0.01458116    -0.01048616  -0.00056865     0.02025805   0.00248181
  0.01048616   0.00056865     0.02018291   0.00406024     0.00148525  -0.00136284
  0.02025805   0.00248181    -0.00148525   0.00136284    -0.02018900  -0.00154144
    5   10
 -0.07344220  -0.00053898    -0.01989553  -0.00484869    -0.01989553  -0.00484869
  0.01989553   0.00484869     0.01728318  -0.00271817    -0.00717874  -0.00662601
  0.01989553   0.00484869    -0.00717874  -0.00662601     0.01728318  -0.00271817
    5   11
  0.04105741  -0.00000000     0.01295320   0.00244134     0.01295320   0.00244134
 -0.01295320   0.00244134    -0.01824157  -0.00000000     0.01539420   0.00000000
 -0.01295320   0.00244134     0.01539420  -0.00000000    -0.01824157  -0.00000000
    6    1
 -0.06589379   0.02020286     0.01613031   0.01168884    -0.01613031  -0.01168884
  0.01800708  -0.00525383     0.00639532  -0.00479363    -0.02160285  -0.00218565
 -0.01800708   0.00525383    -0.02160285  -0.00218565     0.00639532  -0.00479363
    6    2
  0.00892171  -0.00398234    -0.00306388  -0.00116745     0.00306388   0.00116745
 -0.00320377   0.00343431     0.00257526   0.00734617     0.00364630  -0.00634476
  0.00320377  -0.00343431     0.00364630  -0.00634476     0.00257526   0.00734617
    6    3
 -0.00994523   0.00954128    -0.00893106   0.01327280     0.00893106  -0.01327280
 -0.00620884   0.02190243    -0.00713121   0.01010723     0.00821409  -0.01590400
  0.00620884  -0.02190243     0.00821409  -0.01590400    -0.00713121   0.01010723
    6    4
 -0.02945984  -0.01458116     0.02025805   0.00248181     0.01048616   0.00056865
  0.02025805   0.00248181    -0.02018900  -0.00154144     0.00148525  -0.00136284
 -0.01048616  -0.00056865    -0.00148525   0.00136284     0.02018291   0.00406024
    6    5
  0.02898747   0.00000000    -0.01428124  -0.00029210    -0.01900676  -0.00034387
 -0.01428124   0.00029210     0.01841868   0.00000000    -0.00997686   0.00255876
  0.01900676  -0.00034387     0.00997686   0.00255876    -0.05135294  -0.00000000
    6    6
  0.09586428  -0.00000000    -0.00939209  -0.00003296     0.00939209   0.00003296
 -0.00939209   0.00003296     0.07362683   0.00000000    -0.00122032  -0.00000000
  0.00939209  -0.00003296    -0.00122032  -0.00000000     0.07362683   0.00000000
    6    7
 -0.03596389  -0.00540440     0.00478283  -0.00126637    -0.00478283   0.00126637
  0.00478283  -0.00126637    -0.02086831  -0.00373526     0.00854570   0.00779985
 -0.00478283   0.00126637     0.00854570   0.00779985    -0.02086831  -0.00373526
    6    8
  0.04105741  -0.00000000     0.01295320   0.00244134    -0.01295320  -0.00244134
 -0.01295320   0.00244134    -0.01824157  -0.00000000    -0.01539420   0.00000000
  0.01295320  -0.00244134    -0.01539420   0.00000000    -0.01824157   0.00000000
    6    9
 -0.07344220  -0.00053898    -0.01989553  -0.00484869     0.01989553   0.00484869
  0.01989553   0.00484869     0.01728318  -0.00271817     0.00717874   0.00662601
 -0.01989553  -0.00484869     0.00717874   0.00662601     0.01728318  -0.00271817
    6   10
 -0.02945984  -0.01458116    -0.01048616  -0.00056865    -0.02025805  -0.00248181
  0.01048616   0.00056865     0.02018291   0.00406024    -0.00148525   0.00136284
 -0.02025805  -0.00248181     0.00148525  -0.00136284    -0.02018900  -0.00154144
    6   11
  0.02898747   0.00000000     0.01900676   0.00034387     0.01428124   0.00029210
 -0.01900676   0.00034387    -0.05135294  -0.00000000     0.00997686   0.00255876
  0.01428124  -0.00029210    -0.00997686   0.00255876     0.01841868   0.00000000
    7    1
  0.05044309  -0.04696426     0.00205768   0.01981368    -0.00205768  -0.01981368
 -0.01355349   0.01296767    -0.00734906   0.00314170     0.00890859  -0.01980144
  0.01355349  -0.01296767     0.00890859  -0.01980144    -0.00734906   0.00314170
    7    2
 -0.00994523  -0.00954128    -0.00893106  -0.01327280     0.00893106   0.01327280
 -0.00620884  -0.02190243    -0.00713121  -0.01010723     0.00821409   0.01590400
  0.00620884   0.02190243     0.00821409   0.01590400    -0.00713121  -0.01010723
    7    3
  0.00892171   0.00398234    -0.00306388   0.00116745     0.00306388  -0.00116745
 -0.00320377  -0.00343431     0.00257526  -0.00734617     0.00364630   0.00634476
  0.00320377   0.00343431     0.00364630   0.00634476     0.00257526  -0.00734617
    7    4
  0.02898747  -0.00000000    -0.01428124   0.00029210    -0.01900676   0.00034387
 -0.01428124  -0.00029210     0.01841868  -0.00000000    -0.00997686  -0.00255876
  0.01900676   0.00034387     0.00997686  -0.00255876    -0.05135294   0.00000000
    7    5
 -0.02945984   0.01458116     0.02025805  -0.00248181     0.01048616  -0.00056865
  0.02025805  -0.00248181    -0.02018900   0.00154144     0.00148525   0.00136284
 -0.01048616   0.00056865    -0.00148525  -0.00136284     0.02018291  -0.00406024
    7    6
 -0.03596389   0.00540440     0.00478283   0.00126637    -0.00478283  -0.00126637
  0.00478283   0.00126637    -0.02086831   0.00373526     0.00854570  -0.00779985
 -0.00478283  -0.00126637     0.00854570  -0.00779985    -0.02086831   0.00373526
    7    7
  0.09586428   0.00000000    -0.00939209   0.00003296     0.00939209  -0.00003296
 -0.00939209  -0.00003296     0.07362683  -0.00000000    -0.00122032   0.00000000
  0.00939209   0.00003296    -0.00122032   0.00000000     0.07362683  -0.00000000
    7    8
 -0.07344220   0.00053898    -0.01989553   0.00484869     0.01989553  -0.00484869
  0.01989553  -0.00484869     0.01728318   0.00271817     0.00717874  -0.00662601
 -0.01989553   0.00484869     0.00717874  -0.00662601     0.01728318   0.00271817
    7    9
  0.04105741   0.00000000     0.01295320  -0.00244134    -0.01295320   0.00244134
 -0.01295320  -0.00244134    -0.01824157   0.00000000    -0.01539420  -0.00000000
  0.01295320   0.00244134    -0.01539420  -0.00000000    -0.01824157   0.00000000
    7   10
  0.02898747  -0.00000000     0.01900676  -0.00034387     0.01428124  -0.00029210
 -0.01900676  -0.00034387    -0.05135294   0.00000000     0.00997686  -0.00255876
  0.01428124   0.00029210    -0.00997686  -0.00255876     0.01841868  -0.00000000
    7   11
 -0.02945984   0.01458116    -0.01048616   0.00056865    -0.02025805   0.00248181
  0.01048616  -0.00056865     0.02018291  -0.00406024    -0.00148525  -0.00136284
 -0.02025805   0.00248181     0.00148525   0.00136284    -0.02018900   0.00154144
    8    1
 -0.06589379   0.02020286    -0.01613031  -0.01168884     0.01613031   0.01168884
 -0.01800708   0.00525383     0.00639532  -0.00479363    -0.02160285  -0.00218565
  0.01800708  -0.00525383    -0.02160285  -0.00218565     0.00639532  -0.00479363
    8    2
  0.00892171  -0.00398234     0.00306388   0.00116745    -0.00306388  -0.00116745
  0.00320377  -0.00343431     0.00257526   0.00734617     0.00364630  -0.00634476
 -0.00320377   0.00343431     0.00364630  -0.00634476     0.00257526   0.00734617
    8    3
 -0.00994523   0.00954128     0.00893106  -0.01327280    -0.00893106   0.01327280
  0.00620884  -0.02190243    -0.00713121   0.01010723     0.00821409  -0.01590400
 -0.00620884   0.02190243     0.00821409  -0.01590400    -0.00713121   0.01010723
    8    4
 -0.02945984  -0.01458116     0.01048616   0.00056865     0.02025805   0.00248181
 -0.01048616  -0.00056865     0.02018291   0.00406024    -0.00148525   0.00136284
  0.02025805   0.00248181     0.00148525  -0.00136284    -0.02018900  -0.00154144
    8    5
  0.02898747   0.00000000    -0.01900676  -0.00034387    -0.01428124  -0.00029210
  0.01900676  -0.00034387    -0.05135294  -0.00000000     0.00997686   0.00255876
 -0.01428124   0.00029210    -0.00997686   0.00255876     0.01841868   0.00000000
    8    6
  0.04105741  -0.00000000    -0.01295320  -0.00244134     0.01295320   0.00244134
  0.01295320  -0.00244134    -0.01824157  -0.00000000    -0.01539420   0.00000000
 -0.01295320   0.00244134    -0.01539420   0.00000000    -0.01824157  -0.00000000
    8    7
 -0.07344220  -0.00053898     0.01989553   0.00484869    -0.01989553  -0.00484869
 -0.01989553  -0.00484869     0.01728318  -0.00271817     0.00717874   0.00662601
  0.01989553   0.00484869     0.00717874   0.00662601     0.01728318  -0.00271817
    8    8
  0.09586428  -0.00000000     0.00939209   0.00003296    -0.00939209  -0.00003296
  0.00939209  -0.00003296     0.07362683   0.00000000    -0.00122032  -0.00000000
 -0.00939209   0.00003296    -0.00122032  -0.00000000     0.07362683   0.00000000
    8    9
 -0.03596389  -0.00540440    -0.00478283   0.00126637     0.00478283  -0.00126637
 -0.00478283   0.00126637    -0.02086831  -0.00373526     0.00854570   0.00779985
  0.00478283  -0.00126637     0.00854570   0.00779985    -0.02086831  -0.00373526
    8   10
 -0.02945984  -0.01458116    -0.02025805  -0.00248181    -0.01048616  -0.00056865
 -0.02025805  -0.00248181    -0.02018900  -0.00154144     0.00148525  -0.00136284
  0.01048616   0.00056865    -0.00148525   0.00136284     0.02018291   0.00406024
    8   11
  0.02898747   0.00000000     0.01428124   0.00029210     0.01900676   0.00034387
  0.01428124  -0.00029210     0.01841868   0.00000000    -0.00997686   0.00255876
 -0.01900676   0.00034387     0.00997686   0.00255876    -0.05135294  -0.00000000
    9    1
  0.05044309  -0.04696426    -0.00205768  -0.01981368     0.00205768   0.01981368
  0.01355349  -0.01296767    -0.00734906   0.00314170     0.00890859  -0.01980144
 -0.01355349   0.01296767     0.00890859  -0.01980144    -0.00734906   0.00314170
    9    2
 -0.00994523  -0.00954128     0.00893106   0.01327280    -0.00893106  -0.01327280
  0.00620884   0.02190243    -0.00713121  -0.01010723     0.00821409   0.01590400
 -0.00620884  -0.02190243     0.00821409   0.01590400    -0.00713121  -0.01010723
    9    3
  0.00892171   0.00398234     0.00306388  -0.00116745    -0.00306388   0.00116745
  0.00320377   0.00343431     0.00257526  -0.00734617     0.00364630   0.00634476
 -0.00320377  -0.00343431     0.00364630   0.00634476     0.00257526  -0.00734617
    9    4
  0.02898747  -0.00000000    -0.01900676   0.00034387    -0.01428124   0.00029210
  0.01900676   0.00034387    -0.05135294   0.00000000     0.00997686  -0.00255876
 -0.01428124  -0.00029210    -0.00997686  -0.00255876     0.01841868  -0.00000000
    9    5
 -0.02945984   0.01458116     0.01048616  -0.00056865     0.02025805  -0.00248181
 -0.01048616   0.00056865     0.02018291  -0.00406024    -0.00148525  -0.00136284
  0.02025805  -0.00248181     0.00148525   0.00136284    -0.02018900   0.00154144
    9    6
 -0.07344220   0.00053898     0.01989553  -0.00484869    -0.01989553   0.00484869
 -0.01989553   0.00484869     0.01728318   0.00271817     0.00717874  -0.00662601
  0.01989553  -0.00484869     0.00717874  -0.00662601     0.01728318   0.00271817
    9    7
  0.04105741   0.00000000    -0.01295320   0.00244134     0.01295320  -0.00244134
  0.01295320   0.00244134    -0.01824157   0.00000000    -0.01539420  -0.00000000
 -0.01295320  -0.00244134    -0.01539420  -0.00000000    -0.01824157   0.00000000
    9    8
 -0.03596389   0.00540440    -0.00478283  -0.00126637     0.00478283   0.00126637
 -0.00478283  -0.00126637    -0.02086831   0.00373526     0.00854570  -0.00779985
  0.00478283   0.00126637     0.00854570  -0.00779985    -0.02086831   0.00373526
    9    9
  0.09586428   0.00000000     0.00939209  -0.00003296    -0.00939209   0.00003296
  0.00939209   0.00003296     0.07362683  -0.00000000    -0.00122032   0.00000000
 -0.00939209  -0.00003296    -0.00122032   0.00000000     0.07362683  -0.00000000
    9   10
  0.02898747  -0.00000000     0.01428124  -0.00029210     0.01900676  -0.00034387
  0.01428124   0.00029210     0.01841868  -0.00000000    -0.00997686  -0.00255876
 -0.01900676  -0.00034387     0.00997686  -0.00255876    -0.05135294   0.00000000
    9   11
 -0.02945984   0.01458116    -0.02025805   0.00248181    -0.01048616   0.00056865
 -0.02025805   0.00248181    -0.02018900   0.00154144     0.00148525   0.00136284
  0.01048616  -0.00056865    -0.00148525  -0.00136284     0.02018291  -0.00406024
   10    1
  0.05044309  -0.04696426    -0.00205768  -0.01981368    -0.00205768  -0.01981368
  0.01355349  -0.01296767    -0.00734906   0.00314170    -0.00890859   0.01980144
  0.01355349  -0.01296767    -0.00890859   0.01980144    -0.00734906   0.00314170
   10    2
  0.00101205   0.00971760     0.00254298   0.00206967     0.00254298   0.00206967
 -0.00137232   0.00449170     0.00764960  -0.00144284     0.00367158  -0.00633017
 -0.00137232   0.00449170     0.00367158  -0.00633017     0.00764960  -0.00144284
   10    3
 -0.01323560   0.00384218     0.01596012  -0.00109813     0.01596012  -0.00109813
  0.02207248   0.00557420    -0.01231872   0.00112219    -0.01788032  -0.00083839
  0.02207248   0.00557420    -0.01788032  -0.00083839    -0.01231872   0.00112219
   10    4
  0.04105741   0.00000000    -0.01295320   0.00244134    -0.01295320   0.00244134
  0.01295320   0.00244134    -0.01824157   0.00000000     0.01539420   0.00000000
  0.01295320   0.00244134     0.01539420   0.00000000    -0.01824157  -0.00000000
   10    5
 -0.07344220   0.00053898     0.01989553  -0.00484869     0.01989553  -0.00484869
 -0.01989553   0.00484869     0.01728318   0.00271817    -0.00717874   0.00662601
 -0.01989553   0.00484869    -0.00717874   0.00662601     0.01728318   0.00271817
   10    6
 -0.02945984   0.01458116     0.01048616  -0.00056865    -0.02025805   0.00248181
 -0.01048616   0.00056865     0.02018291  -0.00406024     0.00148525   0.00136284
 -0.02025805   0.00248181    -0.00148525  -0.00136284    -0.02018900   0.00154144
   10    7
  0.02898747   0.00000000    -0.01900676   0.00034387     0.01428124  -0.00029210
  0.01900676   0.00034387    -0.05135294  -0.00000000    -0.00997686   0.00255876
  0.01428124   0.00029210     0.00997686   0.00255876     0.01841868   0.00000000
   10    8
 -0.02945984   0.01458116    -0.02025805   0.00248181     0.01048616  -0.00056865
 -0.02025805   0.00248181    -0.02018900   0.00154144    -0.00148525  -0.00136284
 -0.01048616   0.00056865     0.00148525   0.00136284     0.02018291  -0.00406024
   10    9
  0.02898747   0.00000000     0.01428124  -0.00029210    -0.01900676   0.00034387
  0.01428124   0.00029210     0.01841868   0.00000000     0.00997686   0.00255876
  0.01900676   0.00034387    -0.00997686   0.00255876    -0.05135294  -0.00000000
   10   10
  0.09586428   0.00000000     0.00939209  -0.00003296     0.00939209  -0.00003296
  0.00939209   0.00003296     0.07362683  -0.00000000     0.00122032  -0.00000000
  0.00939209   0.00003296     0.00122032  -0.00000000     0.07362683  -0.00000000
   10   11
 -0.03596389   0.00540440    -0.00478283  -0.00126637    -0.00478283  -0.00126637
 -0.00478283  -0.00126637    -0.02086831   0.00373526    -0.00854570   0.00779985
 -0.00478283  -0.00126637    -0.00854570   0.00779985    -0.02086831   0.00373526
   11    1
 -0.06589379   0.02020286    -0.01613031  -0.01168884    -0.01613031  -0.01168884
 -0.01800708   0.00525383     0.00639532  -0.00479363     0.02160285   0.00218565
 -0.01800708   0.00525383     0.02160285   0.00218565     0.00639532  -0.00479363
   11    2
 -0.01323560  -0.00384218     0.01596012   0.00109813     0.01596012   0.00109813
  0.02207248  -0.00557420    -0.01231872  -0.00112219    -0.01788032   0.00083839
  0.02207248  -0.00557420    -0.01788032   0.00083839    -0.01231872  -0.00112219
   11    3
  0.00101205  -0.00971760     0.00254298  -0.00206967     0.00254298  -0.00206967
 -0.00137232  -0.00449170     0.00764960   0.00144284     0.00367158   0.00633017
 -0.00137232  -0.00449170     0.00367158   0.00633017     0.00764960   0.00144284
   11    4
 -0.07344220  -0.00053898     0.01989553   0.00484869     0.01989553   0.00484869
 -0.01989553  -0.00484869     0.01728318  -0.00271817    -0.00717874  -0.00662601
 -0.01989553  -0.00484869    -0.00717874  -0.00662601     0.01728318  -0.00271817
   11    5
  0.04105741  -0.00000000    -0.01295320  -0.00244134    -0.01295320  -0.00244134
  0.01295320  -0.00244134    -0.01824157  -0.00000000     0.01539420  -0.00000000
  0.01295320  -0.00244134     0.01539420  -0.00000000    -0.01824157   0.00000000
   11    6
  0.02898747  -0.00000000    -0.01900676  -0.00034387     0.01428124   0.00029210
  0.01900676  -0.00034387    -0.05135294   0.00000000    -0.00997686  -0.00255876
  0.01428124  -0.00029210     0.00997686  -0.00255876     0.01841868  -0.00000000
   11    7
 -0.02945984  -0.01458116     0.01048616   0.00056865    -0.02025805  -0.00248181
 -0.01048616  -0.00056865     0.02018291   0.00406024     0.00148525  -0.00136284
 -0.02025805  -0.00248181    -0.00148525   0.00136284    -0.02018900  -0.00154144
   11    8
  0.02898747  -0.00000000     0.01428124   0.00029210    -0.01900676  -0.00034387
  0.01428124  -0.00029210     0.01841868  -0.00000000     0.00997686  -0.00255876
  0.01900676  -0.00034387    -0.00997686  -0.00255876    -0.05135294   0.00000000
   11    9
 -0.02945984  -0.01458116    -0.02025805  -0.00248181     0.01048616   0.00056865
 -0.02025805  -0.00248181    -0.02018900  -0.00154144    -0.00148525   0.00136284
 -0.01048616  -0.00056865     0.00148525  -0.00136284     0.02018291   0.00406024
   11   10
 -0.03596389  -0.00540440    -0.00478283   0.00126637    -0.00478283   0.00126637
 -0.00478283   0.00126637    -0.02086831  -0.00373526    -0.00854570  -0.00779985
 -0.00478283   0.00126637    -0.00854570  -0.00779985    -0.02086831  -0.00373526
   11   11
  0.09586428  -0.00000000     0.00939209   0.00003296     0.00939209   0.00003296
  0.00939209  -0.00003296     0.07362683   0.00000000     0.00122032   0.00000000
  0.00939209  -0.00003296     0.00122032   0.00000000     0.07362683   0.00000000

     Dynamical  Matrix in cartesian axes

     q = (   -0.235702260   0.000000000   0.000000000 ) 

    1    1
  0.25258529   0.00000000     0.00000000   0.00000000     0.00000000   0.00000000
  0.00000000   0.00000000     0.11873530   0.00000000     0.00000000   0.00000000
  0.00000000   0.00000000     0.00000000   0.00000000     0.11873530   0.00000000
    1    2
  0.02120225   0.01224113     0.00000000  -0.00000000     0.00000000  -0.00000000
  0.00000000  -0.00000000    -0.03482295  -0.02010504    -0.00335287   0.00580734
  0.00000000  -0.00000000    -0.00335287   0.00580734    -0.03482295  -0.02010504
    1    3
  0.00000000   0.02448225     0.00000000  -0.00000000    -0.00000000  -0.00000000
 -0.00000000  -0.00000000    -0.00000000  -0.04021007     0.00670574  -0.00000000
  0.00000000  -0.00000000     0.00670574  -0.00000000    -0.00000000  -0.04021007
    1    4
  0.05044309  -0.04696426    -0.01355349   0.01296767    -0.01355349   0.01296767
  0.00205768   0.01981368    -0.00734906   0.00314170    -0.00890859   0.01980144
  0.00205768   0.01981368    -0.00890859   0.01980144    -0.00734906   0.00314170
    1    5
 -0.06589379   0.02020286     0.01800708  -0.00525383     0.01800708  -0.00525383
  0.01613031   0.01168884     0.00639532  -0.00479363     0.02160285   0.00218565
  0.01613031   0.01168884     0.02160285   0.00218565     0.00639532  -0.00479363
    1    6
 -0.06589379   0.02020286     0.01800708  -0.00525383    -0.01800708   0.00525383
  0.01613031   0.01168884     0.00639532  -0.00479363    -0.02160285  -0.00218565
 -0.01613031  -0.01168884    -0.02160285  -0.00218565     0.00639532  -0.00479363
    1    7
  0.05044309  -0.04696426    -0.01355349   0.01296767     0.01355349  -0.01296767
  0.00205768   0.01981368    -0.00734906   0.00314170     0.00890859  -0.01980144
 -0.00205768  -0.01981368     0.00890859  -0.01980144    -0.00734906   0.00314170
    1    8
 -0.06589379   0.02020286    -0.01800708   0.00525383     0.01800708  -0.00525383
 -0.01613031  -0.01168884     0.00639532  -0.00479363    -0.02160285  -0.00218565
  0.01613031   0.01168884    -0.02160285  -0.00218565     0.00639532  -0.00479363
    1    9
  0.05044309  -0.04696426     0.01355349  -0.01296767    -0.01355349   0.01296767
 -0.00205768  -0.01981368    -0.00734906   0.00314170     0.00890859  -0.01980144
  0.00205768   0.01981368     0.00890859  -0.01980144    -0.00734906   0.00314170
    1   10
  0.05044309  -0.04696426     0.01355349  -0.01296767     0.01355349  -0.01296767
 -0.00205768  -0.01981368    -0.00734906   0.00314170    -0.00890859   0.01980144
 -0.00205768  -0.01981368    -0.00890859   0.01980144    -0.00734906   0.00314170
    1   11
 -0.06589379   0.02020286    -0.01800708   0.00525383    -0.01800708   0.00525383
 -0.01613031  -0.01168884     0.00639532  -0.00479363     0.02160285   0.00218565
 -0.01613031  -0.01168884     0.02160285   0.00218565     0.00639532  -0.00479363
    2    1
  0.02120225  -0.01224113     0.00000000   0.00000000     0.00000000   0.00000000
  0.00000000   0.00000000    -0.03482295   0.02010504    -0.00335287  -0.00580734
 -0.00000000   0.00000000    -0.00335287  -0.00580734    -0.03482295   0.02010504
    2    2
  0.09823027  -0.00000000     0.00000000   0.00000000     0.00000000   0.00000000
  0.00000000   0.00000000     0.05705925   0.00000000     0.00000000  -0.00000000
  0.00000000   0.00000000     0.00000000  -0.00000000     0.05705925   0.00000000
    2    3
  0.00047778   0.00082754    -0.00000000   0.00000000    -0.00000000  -0.00000000
 -0.00000000   0.00000000    -0.00179631  -0.00311130    -0.00497052   0.00286973
 -0.00000000   0.00000000    -0.00497052   0.00286973    -0.00179631  -0.00311130
    2    4
  0.00101205   0.00971760     0.00137232  -0.00449170     0.00137232  -0.00449170
 -0.00254298  -0.00206967     0.00764960  -0.00144284     0.00367158  -0.00633017
 -0.00254298  -0.00206967     0.00367158  -0.00633017     0.00764960  -0.00144284
    2    5
 -0.01323560  -0.00384218    -0.02207248   0.00557420    -0.02207248   0.00557420
 -0.01596012  -0.00109813    -0.01231872  -0.00112219    -0.01788032   0.00083839
 -0.01596012  -0.00109813    -0.01788032   0.00083839    -0.01231872  -0.00112219
    2    6
  0.00892171  -0.00398234    -0.00320377   0.00343431     0.00320377  -0.00343431
 -0.00306388  -0.00116745     0.00257526   0.00734617     0.00364630  -0.00634476
  0.00306388   0.00116745     0.00364630  -0.00634476     0.00257526   0.00734617
    2    7
 -0.00994523  -0.00954128    -0.00620884  -0.02190243     0.00620884   0.02190243
 -0.00893106  -0.01327280    -0.00713121  -0.01010723     0.00821409   0.01590400
  0.00893106   0.01327280     0.00821409   0.01590400    -0.00713121  -0.01010723
    2    8
  0.00892171  -0.00398234     0.00320377  -0.00343431    -0.00320377   0.00343431
  0.00306388   0.00116745     0.00257526   0.00734617     0.00364630  -0.00634476
 -0.00306388  -0.00116745     0.00364630  -0.00634476     0.00257526   0.00734617
    2    9
 -0.00994523  -0.00954128     0.00620884   0.02190243    -0.00620884  -0.02190243
  0.00893106   0.01327280    -0.00713121  -0.01010723     0.00821409   0.01590400
 -0.00893106  -0.01327280     0.00821409   0.01590400    -0.00713121  -0.01010723
    2   10
  0.00101205   0.00971760    -0.00137232   0.00449170    -0.00137232   0.00449170
  0.00254298   0.00206967     0.00764960  -0.00144284     0.00367158  -0.00633017
  0.00254298   0.00206967     0.00367158  -0.00633017     0.00764960  -0.00144284
    2   11
 -0.01323560  -0.00384218     0.02207248  -0.00557420     0.02207248  -0.00557420
  0.01596012   0.00109813    -0.01231872  -0.00112219    -0.01788032   0.00083839
  0.01596012   0.00109813    -0.01788032   0.00083839    -0.01231872  -0.00112219
    3    1
  0.00000000  -0.02448225     0.00000000   0.00000000     0.00000000  -0.00000000
  0.00000000  -0.00000000    -0.00000000   0.04021007     0.00670574   0.00000000
 -0.00000000   0.00000000     0.00670574  -0.00000000    -0.00000000   0.04021007
    3    2
  0.00047778  -0.00082754    -0.00000000  -0.00000000    -0.00000000   0.00000000
 -0.00000000  -0.00000000    -0.00179631   0.00311130    -0.00497052  -0.00286973
 -0.00000000  -0.00000000    -0.00497052  -0.00286973    -0.00179631   0.00311130
    3    3
  0.09823027   0.00000000     0.00000000  -0.00000000     0.00000000  -0.00000000
  0.00000000  -0.00000000     0.05705925  -0.00000000     0.00000000   0.00000000
  0.00000000  -0.00000000     0.00000000   0.00000000     0.05705925  -0.00000000
    3    4
 -0.01323560   0.00384218    -0.02207248  -0.00557420    -0.02207248  -0.00557420
 -0.01596012   0.00109813    -0.01231872   0.00112219    -0.01788032  -0.00083839
 -0.01596012   0.00109813    -0.01788032  -0.00083839    -0.01231872   0.00112219
    3    5
  0.00101205  -0.00971760     0.00137232   0.00449170     0.00137232   0.00449170
 -0.00254298   0.00206967     0.00764960   0.00144284     0.00367158   0.00633017
 -0.00254298   0.00206967     0.00367158   0.00633017     0.00764960   0.00144284
    3    6
 -0.00994523   0.00954128    -0.00620884   0.02190243     0.00620884  -0.02190243
 -0.00893106   0.01327280    -0.00713121   0.01010723     0.00821409  -0.01590400
  0.00893106  -0.01327280     0.00821409  -0.01590400    -0.00713121   0.01010723
    3    7
  0.00892171   0.00398234    -0.00320377  -0.00343431     0.00320377   0.00343431
 -0.00306388   0.00116745     0.00257526  -0.00734617     0.00364630   0.00634476
  0.00306388  -0.00116745     0.00364630   0.00634476     0.00257526  -0.00734617
    3    8
 -0.00994523   0.00954128     0.00620884  -0.02190243    -0.00620884   0.02190243
  0.00893106  -0.01327280    -0.00713121   0.01010723     0.00821409  -0.01590400
 -0.00893106   0.01327280     0.00821409  -0.01590400    -0.00713121   0.01010723
    3    9
  0.00892171   0.00398234     0.00320377   0.00343431    -0.00320377  -0.00343431
  0.00306388  -0.00116745     0.00257526  -0.00734617     0.00364630   0.00634476
 -0.00306388   0.00116745     0.00364630   0.00634476     0.00257526  -0.00734617
    3   10
 -0.01323560   0.00384218     0.02207248   0.00557420     0.02207248   0.00557420
  0.01596012  -0.00109813    -0.01231872   0.00112219    -0.01788032  -0.00083839
  0.01596012  -0.00109813    -0.01788032  -0.00083839    -0.01231872   0.00112219
    3   11
  0.00101205  -0.00971760    -0.00137232  -0.00449170    -0.00137232  -0.00449170
  0.00254298  -0.00206967     0.00764960   0.00144284     0.00367158   0.00633017
  0.00254298  -0.00206967     0.00367158   0.00633017     0.00764960   0.00144284
    4    1
  0.05044309   0.04696426     0.00205768  -0.01981368     0.00205768  -0.01981368
