  4.000000000000000E-002   1.50292904177357        5.49803354683322     
           8

     Dynamical  Matrix in cartesian axes

     q = (    0.235702260   0.235702260  -0.235702260 ) 

    1    1
  0.21116211   0.00000000     0.06374261   0.00000000    -0.06374261   0.00000000
  0.06374261   0.00000000     0.21116211   0.00000000    -0.06374261   0.00000000
 -0.06374261   0.00000000    -0.06374261   0.00000000     0.21116211   0.00000000
    1    2
  0.00048502   0.02105470     0.02606561   0.00086529    -0.02606561  -0.00086529
  0.02606561   0.00086529     0.00048502   0.02105470    -0.02606561  -0.00086529
 -0.02606561  -0.00086529    -0.02606561  -0.00086529     0.00048502   0.02105470
    1    3
 -0.01847642   0.01010732    -0.01378217  -0.02214084     0.01378217   0.02214084
 -0.01378217  -0.02214084    -0.01847642   0.01010732     0.01378217   0.02214084
  0.01378217   0.02214084     0.01378217   0.02214084    -0.01847642   0.01010732
    1    4
  0.03404095   0.02064208     0.00931924  -0.00945996    -0.00723082  -0.00818589
  0.00931924  -0.00945996     0.03404095   0.02064208    -0.00723082  -0.00818589
  0.00119688  -0.01830830     0.00119688  -0.01830830    -0.02982663  -0.01141511
    1    5
 -0.03489704  -0.01915929     0.00353295  -0.01280068     0.01070460   0.00216913
  0.00353295  -0.01280068    -0.03489704  -0.01915929     0.01070460   0.00216913
  0.01525701  -0.01019068     0.01525701  -0.01019068     0.02479909   0.02012306
    1    6
 -0.03123368  -0.01119392     0.00719368   0.00759335    -0.00719368  -0.00759335
  0.00719368   0.00759335    -0.03123368  -0.01119392    -0.00719368  -0.00759335
 -0.00719368  -0.00759335    -0.00719368  -0.00759335    -0.03123368  -0.01119392
    1    7
  0.02531106   0.02145220    -0.01017288  -0.00243324     0.01017288   0.00243324
 -0.01017288  -0.00243324     0.02531106   0.02145220     0.01017288   0.00243324
  0.01017288   0.00243324     0.01017288   0.00243324     0.02531106   0.02145220
    1    8
 -0.02982663  -0.01141511    -0.00119688   0.01830830     0.00119688  -0.01830830
  0.00723082   0.00818589     0.03404095   0.02064208    -0.00931924   0.00945996
 -0.00723082  -0.00818589    -0.00931924   0.00945996     0.03404095   0.02064208
    1    9
  0.02479909   0.02012306    -0.01525701   0.01019068     0.01525701  -0.01019068
 -0.01070460  -0.00216913    -0.03489704  -0.01915929    -0.00353295   0.01280068
  0.01070460   0.00216913    -0.00353295   0.01280068    -0.03489704  -0.01915929
    1   10
  0.03404095   0.02064208     0.00723082   0.00818589    -0.00931924   0.00945996
 -0.00119688   0.01830830    -0.02982663  -0.01141511     0.00119688  -0.01830830
 -0.00931924   0.00945996    -0.00723082  -0.00818589     0.03404095   0.02064208
    1   11
 -0.03489704  -0.01915929    -0.01070460  -0.00216913    -0.00353295   0.01280068
 -0.01525701   0.01019068     0.02479909   0.02012306     0.01525701  -0.01019068
 -0.00353295   0.01280068     0.01070460   0.00216913    -0.03489704  -0.01915929
    2    1
  0.00048502  -0.02105470     0.02606561  -0.00086529    -0.02606561   0.00086529
  0.02606561  -0.00086529     0.00048502  -0.02105470    -0.02606561   0.00086529
 -0.02606561   0.00086529    -0.02606561   0.00086529     0.00048502  -0.02105470
    2    2
  0.06746255  -0.00000000     0.00080083  -0.00000000    -0.00080083   0.00000000
  0.00080083  -0.00000000     0.06746255  -0.00000000    -0.00080083   0.00000000
 -0.00080083   0.00000000    -0.00080083   0.00000000     0.06746255  -0.00000000
    2    3
 -0.00383975   0.00168987    -0.00062684   0.00081443     0.00062684  -0.00081443
 -0.00062684   0.00081443    -0.00383975   0.00168987     0.00062684  -0.00081443
  0.00062684  -0.00081443     0.00062684  -0.00081443    -0.00383975   0.00168987
    2    4
  0.01402948  -0.00304311     0.00035717  -0.00050500     0.00224876   0.00700202
  0.00035717  -0.00050500     0.01402948  -0.00304311     0.00224876   0.00700202
 -0.00187766   0.00053932    -0.00187766   0.00053932     0.00755470   0.00890335
    2    5
 -0.01799751   0.00372153    -0.01273564  -0.00109298    -0.01421372  -0.00365524
 -0.01273564  -0.00109298    -0.01799751   0.00372153    -0.01421372  -0.00365524
 -0.02081393   0.00138274    -0.02081393   0.00138274    -0.02027462  -0.00246449
    2    6
  0.00748623  -0.00198218     0.00162307  -0.00449718    -0.00162307   0.00449718
  0.00162307  -0.00449718     0.00748623  -0.00198218    -0.00162307   0.00449718
 -0.00162307   0.00449718    -0.00162307   0.00449718     0.00748623  -0.00198218
    2    7
  0.00459642   0.00981710     0.00714485   0.02238549    -0.00714485  -0.02238549
  0.00714485   0.02238549     0.00459642   0.00981710    -0.00714485  -0.02238549
 -0.00714485  -0.02238549    -0.00714485  -0.02238549     0.00459642   0.00981710
    2    8
  0.00755470   0.00890335     0.00187766  -0.00053932    -0.00187766   0.00053932
 -0.00224876  -0.00700202     0.01402948  -0.00304311    -0.00035717   0.00050500
  0.00224876   0.00700202    -0.00035717   0.00050500     0.01402948  -0.00304311
    2    9
 -0.02027462  -0.00246449     0.02081393  -0.00138274    -0.02081393   0.00138274
  0.01421372   0.00365524    -0.01799751   0.00372153     0.01273564   0.00109298
 -0.01421372  -0.00365524     0.01273564   0.00109298    -0.01799751   0.00372153
    2   10
  0.01402948  -0.00304311    -0.00224876  -0.00700202    -0.00035717   0.00050500
  0.00187766  -0.00053932     0.00755470   0.00890335    -0.00187766   0.00053932
 -0.00035717   0.00050500     0.00224876   0.00700202     0.01402948  -0.00304311
    2   11
 -0.01799751   0.00372153     0.01421372   0.00365524     0.01273564   0.00109298
  0.02081393  -0.00138274    -0.02027462  -0.00246449    -0.02081393   0.00138274
  0.01273564   0.00109298    -0.01421372  -0.00365524    -0.01799751   0.00372153
    3    1
 -0.01847642  -0.01010732    -0.01378217   0.02214084     0.01378217  -0.02214084
 -0.01378217   0.02214084    -0.01847642  -0.01010732     0.01378217  -0.02214084
  0.01378217  -0.02214084     0.01378217  -0.02214084    -0.01847642  -0.01010732
    3    2
 -0.00383975  -0.00168987    -0.00062684  -0.00081443     0.00062684   0.00081443
 -0.00062684  -0.00081443    -0.00383975  -0.00168987     0.00062684   0.00081443
  0.00062684   0.00081443     0.00062684   0.00081443    -0.00383975  -0.00168987
    3    3
  0.06746255   0.00000000     0.00080083   0.00000000    -0.00080083  -0.00000000
  0.00080083   0.00000000     0.06746255   0.00000000    -0.00080083  -0.00000000
 -0.00080083  -0.00000000    -0.00080083  -0.00000000     0.06746255   0.00000000
    3    4
 -0.01799751  -0.00372153    -0.01273564   0.00109298    -0.01421372   0.00365524
 -0.01273564   0.00109298    -0.01799751  -0.00372153    -0.01421372   0.00365524
 -0.02081393  -0.00138274    -0.02081393  -0.00138274    -0.02027462   0.00246449
    3    5
  0.01402948   0.00304311     0.00035717   0.00050500     0.00224876  -0.00700202
  0.00035717   0.00050500     0.01402948   0.00304311     0.00224876  -0.00700202
 -0.00187766  -0.00053932    -0.00187766  -0.00053932     0.00755470  -0.00890335
    3    6
  0.00459642  -0.00981710     0.00714485  -0.02238549    -0.00714485   0.02238549
  0.00714485  -0.02238549     0.00459642  -0.00981710    -0.00714485   0.02238549
 -0.00714485   0.02238549    -0.00714485   0.02238549     0.00459642  -0.00981710
    3    7
  0.00748623   0.00198218     0.00162307   0.00449718    -0.00162307  -0.00449718
  0.00162307   0.00449718     0.00748623   0.00198218    -0.00162307  -0.00449718
 -0.00162307  -0.00449718    -0.00162307  -0.00449718     0.00748623   0.00198218
    3    8
 -0.02027462   0.00246449     0.02081393   0.00138274    -0.02081393  -0.00138274
  0.01421372  -0.00365524    -0.01799751  -0.00372153     0.01273564  -0.00109298
 -0.01421372   0.00365524     0.01273564  -0.00109298    -0.01799751  -0.00372153
    3    9
  0.00755470  -0.00890335     0.00187766   0.00053932    -0.00187766  -0.00053932
 -0.00224876   0.00700202     0.01402948   0.00304311    -0.00035717  -0.00050500
  0.00224876  -0.00700202    -0.00035717  -0.00050500     0.01402948   0.00304311
    3   10
 -0.01799751  -0.00372153     0.01421372  -0.00365524     0.01273564  -0.00109298
  0.02081393   0.00138274    -0.02027462   0.00246449    -0.02081393  -0.00138274
  0.01273564  -0.00109298    -0.01421372   0.00365524    -0.01799751  -0.00372153
    3   11
  0.01402948   0.00304311    -0.00224876   0.00700202    -0.00035717  -0.00050500
  0.00187766   0.00053932     0.00755470  -0.00890335    -0.00187766  -0.00053932
 -0.00035717  -0.00050500     0.00224876  -0.00700202     0.01402948   0.00304311
    4    1
  0.03404095  -0.02064208     0.00931924   0.00945996     0.00119688   0.01830830
  0.00931924   0.00945996     0.03404095  -0.02064208     0.00119688   0.01830830
 -0.00723082   0.00818589    -0.00723082   0.00818589    -0.02982663   0.01141511
    4    2
  0.01402948   0.00304311     0.00035717   0.00050500    -0.00187766  -0.00053932
  0.00035717   0.00050500     0.01402948   0.00304311    -0.00187766  -0.00053932
  0.00224876  -0.00700202     0.00224876  -0.00700202     0.00755470  -0.00890335
    4    3
 -0.01799751   0.00372153    -0.01273564  -0.00109298    -0.02081393   0.00138274
 -0.01273564  -0.00109298    -0.01799751   0.00372153    -0.02081393   0.00138274
 -0.01421372  -0.00365524    -0.01421372  -0.00365524    -0.02027462  -0.00246449
    4    4
  0.07180980  -0.00000000     0.00351216  -0.00000000    -0.00381279   0.00337474
  0.00351216  -0.00000000     0.07180980  -0.00000000    -0.00381279   0.00337474
 -0.00381279  -0.00337474    -0.00381279  -0.00337474     0.05676661   0.00000000
    4    5
 -0.01450947  -0.00093227    -0.00811001  -0.00442784    -0.00513847   0.01088115
 -0.00811001  -0.00442784    -0.01450947  -0.00093227    -0.00513847   0.01088115
 -0.00513847   0.01088115    -0.00513847   0.01088115    -0.01004669   0.00760217
    4    6
 -0.00915755   0.00265888     0.01615917  -0.00183280    -0.00981765  -0.00794762
  0.01615917  -0.00183280    -0.00915755   0.00265888    -0.00981765  -0.00794762
 -0.00130058  -0.00487918    -0.00130058  -0.00487918     0.01022688   0.00521194
    4    7
  0.00558034   0.00317949    -0.00654090   0.00274351     0.01500793  -0.00128478
 -0.00654090   0.00274351     0.00558034   0.00317949     0.01500793  -0.00128478
 -0.00774434   0.00262910    -0.00774434   0.00262910    -0.03297900  -0.00403251
    4    8
  0.00203890  -0.00135620    -0.00236066   0.00309626     0.01737494   0.00000000
  0.00542818  -0.00530143     0.01606523   0.00000000     0.00236066   0.00309626
  0.01239252   0.00000000    -0.00542818  -0.00530143     0.00203890   0.00135620
    4    9
  0.00625564   0.00070628     0.01204337  -0.00222295    -0.01288230   0.00199077
 -0.00646835  -0.00360651    -0.04761741  -0.00224973    -0.01204337   0.00222295
 -0.01216321   0.00832216     0.00646835   0.00360651     0.00625564   0.00070628
    4   10
  0.01606523   0.00000000     0.00542818  -0.00530143     0.00236066   0.00309626
 -0.00236066   0.00309626     0.00203890  -0.00135620     0.01737494   0.00000000
 -0.00542818  -0.00530143     0.01239252   0.00000000     0.00203890   0.00135620
    4   11
 -0.04761741  -0.00224973    -0.00646835  -0.00360651    -0.01204337   0.00222295
  0.01204337  -0.00222295     0.00625564   0.00070628    -0.01288230   0.00199077
  0.00646835   0.00360651    -0.01216321   0.00832216     0.00625564   0.00070628
    5    1
 -0.03489704   0.01915929     0.00353295   0.01280068     0.01525701   0.01019068
  0.00353295   0.01280068    -0.03489704   0.01915929     0.01525701   0.01019068
  0.01070460  -0.00216913     0.01070460  -0.00216913     0.02479909  -0.02012306
    5    2
 -0.01799751  -0.00372153    -0.01273564   0.00109298    -0.02081393  -0.00138274
 -0.01273564   0.00109298    -0.01799751  -0.00372153    -0.02081393  -0.00138274
 -0.01421372   0.00365524    -0.01421372   0.00365524    -0.02027462   0.00246449
    5    3
  0.01402948  -0.00304311     0.00035717  -0.00050500    -0.00187766   0.00053932
  0.00035717  -0.00050500     0.01402948  -0.00304311    -0.00187766   0.00053932
  0.00224876   0.00700202     0.00224876   0.00700202     0.00755470   0.00890335
    5    4
 -0.01450947   0.00093227    -0.00811001   0.00442784    -0.00513847  -0.01088115
 -0.00811001   0.00442784    -0.01450947   0.00093227    -0.00513847  -0.01088115
 -0.00513847  -0.01088115    -0.00513847  -0.01088115    -0.01004669  -0.00760217
    5    5
  0.07180980   0.00000000     0.00351216   0.00000000    -0.00381279  -0.00337474
  0.00351216   0.00000000     0.07180980   0.00000000    -0.00381279  -0.00337474
 -0.00381279   0.00337474    -0.00381279   0.00337474     0.05676661  -0.00000000
    5    6
  0.00558034  -0.00317949    -0.00654090  -0.00274351     0.01500793   0.00128478
 -0.00654090  -0.00274351     0.00558034  -0.00317949     0.01500793   0.00128478
 -0.00774434  -0.00262910    -0.00774434  -0.00262910    -0.03297900   0.00403251
    5    7
 -0.00915755  -0.00265888     0.01615917   0.00183280    -0.00981765   0.00794762
  0.01615917   0.00183280    -0.00915755  -0.00265888    -0.00981765   0.00794762
 -0.00130058   0.00487918    -0.00130058   0.00487918     0.01022688  -0.00521194
    5    8
  0.00625564  -0.00070628     0.01204337   0.00222295    -0.01288230  -0.00199077
 -0.00646835   0.00360651    -0.04761741   0.00224973    -0.01204337  -0.00222295
 -0.01216321  -0.00832216     0.00646835  -0.00360651     0.00625564  -0.00070628
    5    9
  0.00203890   0.00135620    -0.00236066  -0.00309626     0.01737494  -0.00000000
  0.00542818   0.00530143     0.01606523  -0.00000000     0.00236066  -0.00309626
  0.01239252  -0.00000000    -0.00542818   0.00530143     0.00203890  -0.00135620
    5   10
 -0.04761741   0.00224973    -0.00646835   0.00360651    -0.01204337  -0.00222295
  0.01204337   0.00222295     0.00625564  -0.00070628    -0.01288230  -0.00199077
  0.00646835  -0.00360651    -0.01216321  -0.00832216     0.00625564  -0.00070628
    5   11
  0.01606523  -0.00000000     0.00542818   0.00530143     0.00236066  -0.00309626
 -0.00236066  -0.00309626     0.00203890   0.00135620     0.01737494  -0.00000000
 -0.00542818   0.00530143     0.01239252  -0.00000000     0.00203890  -0.00135620
    6    1
 -0.03123368   0.01119392     0.00719368  -0.00759335    -0.00719368   0.00759335
  0.00719368  -0.00759335    -0.03123368   0.01119392    -0.00719368   0.00759335
 -0.00719368   0.00759335    -0.00719368   0.00759335    -0.03123368   0.01119392
    6    2
  0.00748623   0.00198218     0.00162307   0.00449718    -0.00162307  -0.00449718
  0.00162307   0.00449718     0.00748623   0.00198218    -0.00162307  -0.00449718
 -0.00162307  -0.00449718    -0.00162307  -0.00449718     0.00748623   0.00198218
    6    3
  0.00459642   0.00981710     0.00714485   0.02238549    -0.00714485  -0.02238549
  0.00714485   0.02238549     0.00459642   0.00981710    -0.00714485  -0.02238549
 -0.00714485  -0.02238549    -0.00714485  -0.02238549     0.00459642   0.00981710
    6    4
 -0.00915755  -0.00265888     0.01615917   0.00183280    -0.00130058   0.00487918
  0.01615917   0.00183280    -0.00915755  -0.00265888    -0.00130058   0.00487918
 -0.00981765   0.00794762    -0.00981765   0.00794762     0.01022688  -0.00521194
    6    5
  0.00558034   0.00317949    -0.00654090   0.00274351    -0.00774434   0.00262910
 -0.00654090   0.00274351     0.00558034   0.00317949    -0.00774434   0.00262910
  0.01500793  -0.00128478     0.01500793  -0.00128478    -0.03297900  -0.00403251
    6    6
  0.07103497   0.00000000     0.00898390  -0.00000000    -0.00898390   0.00000000
  0.00898390  -0.00000000     0.07103497   0.00000000    -0.00898390   0.00000000
 -0.00898390   0.00000000    -0.00898390   0.00000000     0.07103497   0.00000000
    6    7
 -0.00838365   0.01362950    -0.01596483   0.00865475     0.01596483  -0.00865475
 -0.01596483   0.00865475    -0.00838365   0.01362950     0.01596483  -0.00865475
  0.01596483  -0.00865475     0.01596483  -0.00865475    -0.00838365   0.01362950
    6    8
  0.01022688  -0.00521194     0.00981765  -0.00794762    -0.00981765   0.00794762
  0.00130058  -0.00487918    -0.00915755  -0.00265888    -0.01615917  -0.00183280
 -0.00130058   0.00487918    -0.01615917  -0.00183280    -0.00915755  -0.00265888
    6    9
 -0.03297900  -0.00403251    -0.01500793   0.00128478     0.01500793  -0.00128478
  0.00774434  -0.00262910     0.00558034   0.00317949     0.00654090  -0.00274351
 -0.00774434   0.00262910     0.00654090  -0.00274351     0.00558034   0.00317949
    6   10
 -0.00915755  -0.00265888     0.00130058  -0.00487918    -0.01615917  -0.00183280
  0.00981765  -0.00794762     0.01022688  -0.00521194    -0.00981765   0.00794762
 -0.01615917  -0.00183280    -0.00130058   0.00487918    -0.00915755  -0.00265888
    6   11
  0.00558034   0.00317949     0.00774434  -0.00262910     0.00654090  -0.00274351
 -0.01500793   0.00128478    -0.03297900  -0.00403251     0.01500793  -0.00128478
  0.00654090  -0.00274351    -0.00774434   0.00262910     0.00558034   0.00317949
    7    1
  0.02531106  -0.02145220    -0.01017288   0.00243324     0.01017288  -0.00243324
 -0.01017288   0.00243324     0.02531106  -0.02145220     0.01017288  -0.00243324
  0.01017288  -0.00243324     0.01017288  -0.00243324     0.02531106  -0.02145220
    7    2
  0.00459642  -0.00981710     0.00714485  -0.02238549    -0.00714485   0.02238549
  0.00714485  -0.02238549     0.00459642  -0.00981710    -0.00714485   0.02238549
 -0.00714485   0.02238549    -0.00714485   0.02238549     0.00459642  -0.00981710
    7    3
  0.00748623  -0.00198218     0.00162307  -0.00449718    -0.00162307   0.00449718
  0.00162307  -0.00449718     0.00748623  -0.00198218    -0.00162307   0.00449718
 -0.00162307   0.00449718    -0.00162307   0.00449718     0.00748623  -0.00198218
    7    4
  0.00558034  -0.00317949    -0.00654090  -0.00274351    -0.00774434  -0.00262910
 -0.00654090  -0.00274351     0.00558034  -0.00317949    -0.00774434  -0.00262910
  0.01500793   0.00128478     0.01500793   0.00128478    -0.03297900   0.00403251
    7    5
 -0.00915755   0.00265888     0.01615917  -0.00183280    -0.00130058  -0.00487918
  0.01615917  -0.00183280    -0.00915755   0.00265888    -0.00130058  -0.00487918
 -0.00981765  -0.00794762    -0.00981765  -0.00794762     0.01022688   0.00521194
    7    6
 -0.00838365  -0.01362950    -0.01596483  -0.00865475     0.01596483   0.00865475
 -0.01596483  -0.00865475    -0.00838365  -0.01362950     0.01596483   0.00865475
  0.01596483   0.00865475     0.01596483   0.00865475    -0.00838365  -0.01362950
    7    7
  0.07103497  -0.00000000     0.00898390   0.00000000    -0.00898390  -0.00000000
  0.00898390   0.00000000     0.07103497  -0.00000000    -0.00898390  -0.00000000
 -0.00898390  -0.00000000    -0.00898390  -0.00000000     0.07103497  -0.00000000
    7    8
 -0.03297900   0.00403251    -0.01500793  -0.00128478     0.01500793   0.00128478
  0.00774434   0.00262910     0.00558034  -0.00317949     0.00654090   0.00274351
 -0.00774434  -0.00262910     0.00654090   0.00274351     0.00558034  -0.00317949
    7    9
  0.01022688   0.00521194     0.00981765   0.00794762    -0.00981765  -0.00794762
  0.00130058   0.00487918    -0.00915755   0.00265888    -0.01615917   0.00183280
 -0.00130058  -0.00487918    -0.01615917   0.00183280    -0.00915755   0.00265888
    7   10
  0.00558034  -0.00317949     0.00774434   0.00262910     0.00654090   0.00274351
 -0.01500793  -0.00128478    -0.03297900   0.00403251     0.01500793   0.00128478
  0.00654090   0.00274351    -0.00774434  -0.00262910     0.00558034  -0.00317949
    7   11
 -0.00915755   0.00265888     0.00130058   0.00487918    -0.01615917   0.00183280
  0.00981765   0.00794762     0.01022688   0.00521194    -0.00981765  -0.00794762
 -0.01615917   0.00183280    -0.00130058  -0.00487918    -0.00915755   0.00265888
    8    1
 -0.02982663   0.01141511     0.00723082  -0.00818589    -0.00723082   0.00818589
 -0.00119688  -0.01830830     0.03404095  -0.02064208    -0.00931924  -0.00945996
  0.00119688   0.01830830    -0.00931924  -0.00945996     0.03404095  -0.02064208
    8    2
  0.00755470  -0.00890335    -0.00224876   0.00700202     0.00224876  -0.00700202
  0.00187766   0.00053932     0.01402948   0.00304311    -0.00035717  -0.00050500
 -0.00187766  -0.00053932    -0.00035717  -0.00050500     0.01402948   0.00304311
    8    3
 -0.02027462  -0.00246449     0.01421372   0.00365524    -0.01421372  -0.00365524
  0.02081393  -0.00138274    -0.01799751   0.00372153     0.01273564   0.00109298
 -0.02081393   0.00138274     0.01273564   0.00109298    -0.01799751   0.00372153
    8    4
  0.00203890   0.00135620     0.00542818   0.00530143     0.01239252   0.00000000
 -0.00236066  -0.00309626     0.01606523   0.00000000    -0.00542818   0.00530143
  0.01737494  -0.00000000     0.00236066  -0.00309626     0.00203890  -0.00135620
    8    5
  0.00625564   0.00070628    -0.00646835  -0.00360651    -0.01216321   0.00832216
  0.01204337  -0.00222295    -0.04761741  -0.00224973     0.00646835   0.00360651
 -0.01288230   0.00199077    -0.01204337   0.00222295     0.00625564   0.00070628
    8    6
  0.01022688   0.00521194     0.00130058   0.00487918    -0.00130058  -0.00487918
  0.00981765   0.00794762    -0.00915755   0.00265888    -0.01615917   0.00183280
 -0.00981765  -0.00794762    -0.01615917   0.00183280    -0.00915755   0.00265888
    8    7
 -0.03297900  -0.00403251     0.00774434  -0.00262910    -0.00774434   0.00262910
 -0.01500793   0.00128478     0.00558034   0.00317949     0.00654090  -0.00274351
  0.01500793  -0.00128478     0.00654090  -0.00274351     0.00558034   0.00317949
    8    8
  0.05676661   0.00000000     0.00381279   0.00337474    -0.00381279  -0.00337474
  0.00381279  -0.00337474     0.07180980  -0.00000000    -0.00351216   0.00000000
 -0.00381279   0.00337474    -0.00351216   0.00000000     0.07180980  -0.00000000
    8    9
 -0.01004669   0.00760217     0.00513847  -0.01088115    -0.00513847   0.01088115
  0.00513847  -0.01088115    -0.01450947  -0.00093227     0.00811001   0.00442784
 -0.00513847   0.01088115     0.00811001   0.00442784    -0.01450947  -0.00093227
    8   10
  0.00203890   0.00135620    -0.01239252   0.00000000    -0.00542818  -0.00530143
 -0.01737494  -0.00000000     0.00203890  -0.00135620     0.00236066  -0.00309626
  0.00236066   0.00309626    -0.00542818   0.00530143     0.01606523  -0.00000000
    8   11
  0.00625564   0.00070628     0.01216321  -0.00832216     0.00646835   0.00360651
  0.01288230  -0.00199077     0.00625564   0.00070628    -0.01204337   0.00222295
 -0.01204337   0.00222295     0.00646835   0.00360651    -0.04761741  -0.00224973
    9    1
  0.02479909  -0.02012306    -0.01070460   0.00216913     0.01070460  -0.00216913
 -0.01525701  -0.01019068    -0.03489704   0.01915929    -0.00353295  -0.01280068
  0.01525701   0.01019068    -0.00353295  -0.01280068    -0.03489704   0.01915929
    9    2
 -0.02027462   0.00246449     0.01421372  -0.00365524    -0.01421372   0.00365524
  0.02081393   0.00138274    -0.01799751  -0.00372153     0.01273564  -0.00109298
 -0.02081393  -0.00138274     0.01273564  -0.00109298    -0.01799751  -0.00372153
    9    3
  0.00755470   0.00890335    -0.00224876  -0.00700202     0.00224876   0.00700202
  0.00187766  -0.00053932     0.01402948  -0.00304311    -0.00035717   0.00050500
 -0.00187766   0.00053932    -0.00035717   0.00050500     0.01402948  -0.00304311
    9    4
  0.00625564  -0.00070628    -0.00646835   0.00360651    -0.01216321  -0.00832216
  0.01204337   0.00222295    -0.04761741   0.00224973     0.00646835  -0.00360651
 -0.01288230  -0.00199077    -0.01204337  -0.00222295     0.00625564  -0.00070628
    9    5
  0.00203890  -0.00135620     0.00542818  -0.00530143     0.01239252   0.00000000
 -0.00236066   0.00309626     0.01606523   0.00000000    -0.00542818  -0.00530143
  0.01737494   0.00000000     0.00236066   0.00309626     0.00203890   0.00135620
    9    6
 -0.03297900   0.00403251     0.00774434   0.00262910    -0.00774434  -0.00262910
 -0.01500793  -0.00128478     0.00558034  -0.00317949     0.00654090   0.00274351
  0.01500793   0.00128478     0.00654090   0.00274351     0.00558034  -0.00317949
    9    7
  0.01022688  -0.00521194     0.00130058  -0.00487918    -0.00130058   0.00487918
  0.00981765  -0.00794762    -0.00915755  -0.00265888    -0.01615917  -0.00183280
 -0.00981765   0.00794762    -0.01615917  -0.00183280    -0.00915755  -0.00265888
    9    8
 -0.01004669  -0.00760217     0.00513847   0.01088115    -0.00513847  -0.01088115
  0.00513847   0.01088115    -0.01450947   0.00093227     0.00811001  -0.00442784
 -0.00513847  -0.01088115     0.00811001  -0.00442784    -0.01450947   0.00093227
    9    9
  0.05676661  -0.00000000     0.00381279  -0.00337474    -0.00381279   0.00337474
  0.00381279   0.00337474     0.07180980   0.00000000    -0.00351216  -0.00000000
 -0.00381279  -0.00337474    -0.00351216  -0.00000000     0.07180980   0.00000000
    9   10
  0.00625564  -0.00070628     0.01216321   0.00832216     0.00646835  -0.00360651
  0.01288230   0.00199077     0.00625564  -0.00070628    -0.01204337  -0.00222295
 -0.01204337  -0.00222295     0.00646835  -0.00360651    -0.04761741   0.00224973
    9   11
  0.00203890  -0.00135620    -0.01239252   0.00000000    -0.00542818   0.00530143
 -0.01737494  -0.00000000     0.00203890   0.00135620     0.00236066   0.00309626
  0.00236066  -0.00309626    -0.00542818  -0.00530143     0.01606523   0.00000000
   10    1
  0.03404095  -0.02064208    -0.00119688  -0.01830830    -0.00931924  -0.00945996
  0.00723082  -0.00818589    -0.02982663   0.01141511    -0.00723082   0.00818589
 -0.00931924  -0.00945996     0.00119688   0.01830830     0.03404095  -0.02064208
   10    2
  0.01402948   0.00304311     0.00187766   0.00053932    -0.00035717  -0.00050500
 -0.00224876   0.00700202     0.00755470  -0.00890335     0.00224876  -0.00700202
 -0.00035717  -0.00050500    -0.00187766  -0.00053932     0.01402948   0.00304311
   10    3
 -0.01799751   0.00372153     0.02081393  -0.00138274     0.01273564   0.00109298
  0.01421372   0.00365524    -0.02027462  -0.00246449    -0.01421372  -0.00365524
  0.01273564   0.00109298    -0.02081393   0.00138274    -0.01799751   0.00372153
   10    4
  0.01606523   0.00000000    -0.00236066  -0.00309626    -0.00542818   0.00530143
  0.00542818   0.00530143     0.00203890   0.00135620     0.01239252  -0.00000000
  0.00236066  -0.00309626     0.01737494  -0.00000000     0.00203890  -0.00135620
   10    5
 -0.04761741  -0.00224973     0.01204337  -0.00222295     0.00646835   0.00360651
 -0.00646835  -0.00360651     0.00625564   0.00070628    -0.01216321   0.00832216
 -0.01204337   0.00222295    -0.01288230   0.00199077     0.00625564   0.00070628
   10    6
 -0.00915755   0.00265888     0.00981765   0.00794762    -0.01615917   0.00183280
  0.00130058   0.00487918     0.01022688   0.00521194    -0.00130058  -0.00487918
 -0.01615917   0.00183280    -0.00981765  -0.00794762    -0.00915755   0.00265888
   10    7
  0.00558034   0.00317949    -0.01500793   0.00128478     0.00654090  -0.00274351
  0.00774434  -0.00262910    -0.03297900  -0.00403251    -0.00774434   0.00262910
  0.00654090  -0.00274351     0.01500793  -0.00128478     0.00558034   0.00317949
   10    8
  0.00203890  -0.00135620    -0.01737494   0.00000000     0.00236066  -0.00309626
 -0.01239252  -0.00000000     0.00203890   0.00135620    -0.00542818  -0.00530143
 -0.00542818   0.00530143     0.00236066   0.00309626     0.01606523   0.00000000
   10    9
  0.00625564   0.00070628     0.01288230  -0.00199077    -0.01204337   0.00222295
  0.01216321  -0.00832216     0.00625564   0.00070628     0.00646835   0.00360651
  0.00646835   0.00360651    -0.01204337   0.00222295    -0.04761741  -0.00224973
   10   10
  0.07180980  -0.00000000     0.00381279  -0.00337474    -0.00351216   0.00000000
  0.00381279   0.00337474     0.05676661   0.00000000    -0.00381279  -0.00337474
 -0.00351216   0.00000000    -0.00381279   0.00337474     0.07180980  -0.00000000
   10   11
 -0.01450947  -0.00093227     0.00513847  -0.01088115     0.00811001   0.00442784
  0.00513847  -0.01088115    -0.01004669   0.00760217    -0.00513847   0.01088115
  0.00811001   0.00442784    -0.00513847   0.01088115    -0.01450947  -0.00093227
   11    1
 -0.03489704   0.01915929    -0.01525701  -0.01019068    -0.00353295  -0.01280068
 -0.01070460   0.00216913     0.02479909  -0.02012306     0.01070460  -0.00216913
 -0.00353295  -0.01280068     0.01525701   0.01019068    -0.03489704   0.01915929
   11    2
 -0.01799751  -0.00372153     0.02081393   0.00138274     0.01273564  -0.00109298
  0.01421372  -0.00365524    -0.02027462   0.00246449    -0.01421372   0.00365524
  0.01273564  -0.00109298    -0.02081393  -0.00138274    -0.01799751  -0.00372153
   11    3
  0.01402948  -0.00304311     0.00187766  -0.00053932    -0.00035717   0.00050500
 -0.00224876  -0.00700202     0.00755470   0.00890335     0.00224876   0.00700202
 -0.00035717   0.00050500    -0.00187766   0.00053932     0.01402948  -0.00304311
   11    4
 -0.04761741   0.00224973     0.01204337   0.00222295     0.00646835  -0.00360651
 -0.00646835   0.00360651     0.00625564  -0.00070628    -0.01216321  -0.00832216
 -0.01204337  -0.00222295    -0.01288230  -0.00199077     0.00625564  -0.00070628
   11    5
  0.01606523   0.00000000    -0.00236066   0.00309626    -0.00542818  -0.00530143
  0.00542818  -0.00530143     0.00203890  -0.00135620     0.01239252  -0.00000000
  0.00236066   0.00309626     0.01737494   0.00000000     0.00203890   0.00135620
   11    6
  0.00558034  -0.00317949    -0.01500793  -0.00128478     0.00654090   0.00274351
  0.00774434   0.00262910    -0.03297900   0.00403251    -0.00774434  -0.00262910
  0.00654090   0.00274351     0.01500793   0.00128478     0.00558034  -0.00317949
   11    7
 -0.00915755  -0.00265888     0.00981765  -0.00794762    -0.01615917  -0.00183280
  0.00130058  -0.00487918     0.01022688  -0.00521194    -0.00130058   0.00487918
 -0.01615917  -0.00183280    -0.00981765   0.00794762    -0.00915755  -0.00265888
   11    8
  0.00625564  -0.00070628     0.01288230   0.00199077    -0.01204337  -0.00222295
  0.01216321   0.00832216     0.00625564  -0.00070628     0.00646835  -0.00360651
  0.00646835  -0.00360651    -0.01204337  -0.00222295    -0.04761741   0.00224973
   11    9
  0.00203890   0.00135620    -0.01737494  -0.00000000     0.00236066   0.00309626
 -0.01239252   0.00000000     0.00203890  -0.00135620    -0.00542818   0.00530143
 -0.00542818  -0.00530143     0.00236066  -0.00309626     0.01606523  -0.00000000
   11   10
 -0.01450947   0.00093227     0.00513847   0.01088115     0.00811001  -0.00442784
  0.00513847   0.01088115    -0.01004669  -0.00760217    -0.00513847  -0.01088115
  0.00811001  -0.00442784    -0.00513847  -0.01088115    -0.01450947   0.00093227
   11   11
  0.07180980   0.00000000     0.00381279   0.00337474    -0.00351216  -0.00000000
  0.00381279  -0.00337474     0.05676661  -0.00000000    -0.00381279   0.00337474
 -0.00351216  -0.00000000    -0.00381279  -0.00337474     0.07180980   0.00000000

     Dynamical  Matrix in cartesian axes

     q = (    0.235702260  -0.235702260  -0.235702260 ) 

    1    1
  0.21116211   0.00000000    -0.06374261   0.00000000    -0.06374261   0.00000000
 -0.06374261   0.00000000     0.21116211   0.00000000     0.06374261   0.00000000
 -0.06374261   0.00000000     0.06374261   0.00000000     0.21116211   0.00000000
    1    2
  0.00048502  -0.02105470    -0.02606561   0.00086529    -0.02606561   0.00086529
 -0.02606561   0.00086529     0.00048502  -0.02105470     0.02606561  -0.00086529
 -0.02606561   0.00086529     0.02606561  -0.00086529     0.00048502  -0.02105470
    1    3
 -0.01847642  -0.01010732     0.01378217  -0.02214084     0.01378217  -0.02214084
  0.01378217  -0.02214084    -0.01847642  -0.01010732    -0.01378217   0.02214084
  0.01378217  -0.02214084    -0.01378217   0.02214084    -0.01847642  -0.01010732
    1    4
 -0.02982663   0.01141511     0.00119688   0.01830830     0.00119688   0.01830830
 -0.00723082   0.00818589     0.03404095  -0.02064208     0.00931924   0.00945996
 -0.00723082   0.00818589     0.00931924   0.00945996     0.03404095  -0.02064208
    1    5
  0.02479909  -0.02012306     0.01525701   0.01019068     0.01525701   0.01019068
  0.01070460  -0.00216913    -0.03489704   0.01915929     0.00353295   0.01280068
  0.01070460  -0.00216913     0.00353295   0.01280068    -0.03489704   0.01915929
    1    6
  0.03404095  -0.02064208    -0.00723082   0.00818589    -0.00931924  -0.00945996
  0.00119688   0.01830830    -0.02982663   0.01141511    -0.00119688  -0.01830830
 -0.00931924  -0.00945996     0.00723082  -0.00818589     0.03404095  -0.02064208
    1    7
 -0.03489704   0.01915929     0.01070460  -0.00216913    -0.00353295  -0.01280068
  0.01525701   0.01019068     0.02479909  -0.02012306    -0.01525701  -0.01019068
 -0.00353295  -0.01280068    -0.01070460   0.00216913    -0.03489704   0.01915929
    1    8
  0.03404095  -0.02064208    -0.00931924  -0.00945996    -0.00723082   0.00818589
 -0.00931924  -0.00945996     0.03404095  -0.02064208     0.00723082  -0.00818589
  0.00119688   0.01830830    -0.00119688  -0.01830830    -0.02982663   0.01141511
    1    9
 -0.03489704   0.01915929    -0.00353295  -0.01280068     0.01070460  -0.00216913
 -0.00353295  -0.01280068    -0.03489704   0.01915929    -0.01070460   0.00216913
  0.01525701   0.01019068    -0.01525701  -0.01019068     0.02479909  -0.02012306
    1   10
 -0.03123368   0.01119392    -0.00719368   0.00759335    -0.00719368   0.00759335
 -0.00719368   0.00759335    -0.03123368   0.01119392     0.00719368  -0.00759335
 -0.00719368   0.00759335     0.00719368  -0.00759335    -0.03123368   0.01119392
    1   11
  0.02531106  -0.02145220     0.01017288  -0.00243324     0.01017288  -0.00243324
  0.01017288  -0.00243324     0.02531106  -0.02145220    -0.01017288   0.00243324
  0.01017288  -0.00243324    -0.01017288   0.00243324     0.02531106  -0.02145220
    2    1
  0.00048502   0.02105470    -0.02606561  -0.00086529    -0.02606561  -0.00086529
 -0.02606561  -0.00086529     0.00048502   0.02105470     0.02606561   0.00086529
 -0.02606561  -0.00086529     0.02606561   0.00086529     0.00048502   0.02105470
    2    2
  0.06746255   0.00000000    -0.00080083  -0.00000000    -0.00080083  -0.00000000
 -0.00080083  -0.00000000     0.06746255   0.00000000     0.00080083   0.00000000
 -0.00080083  -0.00000000     0.00080083   0.00000000     0.06746255   0.00000000
    2    3
 -0.00383975  -0.00168987     0.00062684   0.00081443     0.00062684   0.00081443
  0.00062684   0.00081443    -0.00383975  -0.00168987    -0.00062684  -0.00081443
  0.00062684   0.00081443    -0.00062684  -0.00081443    -0.00383975  -0.00168987
    2    4
  0.00755470  -0.00890335    -0.00187766  -0.00053932    -0.00187766  -0.00053932
  0.00224876  -0.00700202     0.01402948   0.00304311     0.00035717   0.00050500
  0.00224876  -0.00700202     0.00035717   0.00050500     0.01402948   0.00304311
    2    5
 -0.02027462   0.00246449    -0.02081393  -0.00138274    -0.02081393  -0.00138274
 -0.01421372   0.00365524    -0.01799751  -0.00372153    -0.01273564   0.00109298
 -0.01421372   0.00365524    -0.01273564   0.00109298    -0.01799751  -0.00372153
    2    6
  0.01402948   0.00304311     0.00224876  -0.00700202    -0.00035717  -0.00050500
 -0.00187766  -0.00053932     0.00755470  -0.00890335     0.00187766   0.00053932
 -0.00035717  -0.00050500    -0.00224876   0.00700202     0.01402948   0.00304311
    2    7
 -0.01799751  -0.00372153    -0.01421372   0.00365524     0.01273564  -0.00109298
 -0.02081393  -0.00138274    -0.02027462   0.00246449     0.02081393   0.00138274
  0.01273564  -0.00109298     0.01421372  -0.00365524    -0.01799751  -0.00372153
    2    8
  0.01402948   0.00304311    -0.00035717  -0.00050500     0.00224876  -0.00700202
 -0.00035717  -0.00050500     0.01402948   0.00304311    -0.00224876   0.00700202
 -0.00187766  -0.00053932     0.00187766   0.00053932     0.00755470  -0.00890335
    2    9
 -0.01799751  -0.00372153     0.01273564  -0.00109298    -0.01421372   0.00365524
  0.01273564  -0.00109298    -0.01799751  -0.00372153     0.01421372  -0.00365524
 -0.02081393  -0.00138274     0.02081393   0.00138274    -0.02027462   0.00246449
    2   10
  0.00748623   0.00198218    -0.00162307  -0.00449718    -0.00162307  -0.00449718
 -0.00162307  -0.00449718     0.00748623   0.00198218     0.00162307   0.00449718
 -0.00162307  -0.00449718     0.00162307   0.00449718     0.00748623   0.00198218
    2   11
  0.00459642  -0.00981710    -0.00714485   0.02238549    -0.00714485   0.02238549
 -0.00714485   0.02238549     0.00459642  -0.00981710     0.00714485  -0.02238549
 -0.00714485   0.02238549     0.00714485  -0.02238549     0.00459642  -0.00981710
    3    1
 -0.01847642   0.01010732     0.01378217   0.02214084     0.01378217   0.02214084
  0.01378217   0.02214084    -0.01847642   0.01010732    -0.01378217  -0.02214084
  0.01378217   0.02214084    -0.01378217  -0.02214084    -0.01847642   0.01010732
    3    2
 -0.00383975   0.00168987     0.00062684  -0.00081443     0.00062684  -0.00081443
  0.00062684  -0.00081443    -0.00383975   0.00168987    -0.00062684   0.00081443
  0.00062684  -0.00081443    -0.00062684   0.00081443    -0.00383975   0.00168987
    3    3
  0.06746255  -0.00000000    -0.00080083   0.00000000    -0.00080083   0.00000000
 -0.00080083   0.00000000     0.06746255  -0.00000000     0.00080083  -0.00000000
 -0.00080083   0.00000000     0.00080083  -0.00000000     0.06746255  -0.00000000
    3    4
 -0.02027462  -0.00246449    -0.02081393   0.00138274    -0.02081393   0.00138274
 -0.01421372  -0.00365524    -0.01799751   0.00372153    -0.01273564  -0.00109298
 -0.01421372  -0.00365524    -0.01273564  -0.00109298    -0.01799751   0.00372153
    3    5
  0.00755470   0.00890335    -0.00187766   0.00053932    -0.00187766   0.00053932
  0.00224876   0.00700202     0.01402948  -0.00304311     0.00035717  -0.00050500
  0.00224876   0.00700202     0.00035717  -0.00050500     0.01402948  -0.00304311
    3    6
 -0.01799751   0.00372153    -0.01421372  -0.00365524     0.01273564   0.00109298
 -0.02081393   0.00138274    -0.02027462  -0.00246449     0.02081393  -0.00138274
  0.01273564   0.00109298     0.01421372   0.00365524    -0.01799751   0.00372153
    3    7
  0.01402948  -0.00304311     0.00224876   0.00700202    -0.00035717   0.00050500
 -0.00187766   0.00053932     0.00755470   0.00890335     0.00187766  -0.00053932
 -0.00035717   0.00050500    -0.00224876  -0.00700202     0.01402948  -0.00304311
    3    8
 -0.01799751   0.00372153     0.01273564   0.00109298    -0.01421372  -0.00365524
  0.01273564   0.00109298    -0.01799751   0.00372153     0.01421372   0.00365524
 -0.02081393   0.00138274     0.02081393  -0.00138274    -0.02027462  -0.00246449
    3    9
  0.01402948  -0.00304311    -0.00035717   0.00050500     0.00224876   0.00700202
 -0.00035717   0.00050500     0.01402948  -0.00304311    -0.00224876  -0.00700202
 -0.00187766   0.00053932     0.00187766  -0.00053932     0.00755470   0.00890335
    3   10
  0.00459642   0.00981710    -0.00714485  -0.02238549    -0.00714485  -0.02238549
 -0.00714485  -0.02238549     0.00459642   0.00981710     0.00714485   0.02238549
 -0.00714485  -0.02238549     0.00714485   0.02238549     0.00459642   0.00981710
    3   11
  0.00748623  -0.00198218    -0.00162307   0.00449718    -0.00162307   0.00449718
 -0.00162307   0.00449718     0.00748623  -0.00198218     0.00162307  -0.00449718
 -0.00162307   0.00449718     0.00162307  -0.00449718     0.00748623  -0.00198218
    4    1
 -0.02982663  -0.01141511    -0.00723082  -0.00818589    -0.00723082  -0.00818589
