  2.000000000000000E-002   1.50246893388671        5.69309982747422     
           6

     Dynamical  Matrix in cartesian axes

     q = (    0.235702260   0.000000000   0.000000000 ) 

    1    1
  0.27333191   0.00000000     0.00000000   0.00000000     0.00000000   0.00000000
 -0.00000000   0.00000000     0.11722532   0.00000000     0.00000000   0.00000000
 -0.00000000   0.00000000     0.00000000   0.00000000     0.11722532   0.00000000
    1    2
  0.02475809  -0.01429409    -0.00000000  -0.00000000     0.00000000   0.00000000
  0.00000000  -0.00000000    -0.03735051   0.02156433    -0.00316861  -0.00548819
 -0.00000000   0.00000000    -0.00316861  -0.00548819    -0.03735051   0.02156433
    1    3
  0.00000000  -0.02858818     0.00000000   0.00000000     0.00000000  -0.00000000
  0.00000000  -0.00000000    -0.00000000   0.04312866     0.00633722   0.00000000
  0.00000000  -0.00000000     0.00633722   0.00000000    -0.00000000   0.04312866
    1    4
  0.05873726   0.05384804    -0.01661668  -0.01413608    -0.01661668  -0.01413608
  0.00212760  -0.02018302    -0.00749846  -0.00467445    -0.00965394  -0.02122043
  0.00212760  -0.02018302    -0.00965394  -0.02122043    -0.00749846  -0.00467445
    1    5
 -0.07600240  -0.02394394     0.02055055   0.00732243     0.02055055   0.00732243
  0.01641521  -0.01193407     0.00779742   0.00415663     0.02320440  -0.00224966
  0.01641521  -0.01193407     0.02320440  -0.00224966     0.00779742   0.00415663
    1    6
 -0.07600240  -0.02394394     0.02055055   0.00732243    -0.02055055  -0.00732243
  0.01641521  -0.01193407     0.00779742   0.00415663    -0.02320440   0.00224966
 -0.01641521   0.01193407    -0.02320440   0.00224966     0.00779742   0.00415663
    1    7
  0.05873726   0.05384804    -0.01661668  -0.01413608     0.01661668   0.01413608
  0.00212760  -0.02018302    -0.00749846  -0.00467445     0.00965394   0.02122043
 -0.00212760   0.02018302     0.00965394   0.02122043    -0.00749846  -0.00467445
    1    8
 -0.07600240  -0.02394394    -0.02055055  -0.00732243     0.02055055   0.00732243
 -0.01641521   0.01193407     0.00779742   0.00415663    -0.02320440   0.00224966
  0.01641521  -0.01193407    -0.02320440   0.00224966     0.00779742   0.00415663
    1    9
  0.05873726   0.05384804     0.01661668   0.01413608    -0.01661668  -0.01413608
 -0.00212760   0.02018302    -0.00749846  -0.00467445     0.00965394   0.02122043
  0.00212760  -0.02018302     0.00965394   0.02122043    -0.00749846  -0.00467445
    1   10
  0.05873726   0.05384804     0.01661668   0.01413608     0.01661668   0.01413608
 -0.00212760   0.02018302    -0.00749846  -0.00467445    -0.00965394  -0.02122043
 -0.00212760   0.02018302    -0.00965394  -0.02122043    -0.00749846  -0.00467445
    1   11
 -0.07600240  -0.02394394    -0.02055055  -0.00732243    -0.02055055  -0.00732243
 -0.01641521   0.01193407     0.00779742   0.00415663     0.02320440  -0.00224966
 -0.01641521   0.01193407     0.02320440  -0.00224966     0.00779742   0.00415663
    2    1
  0.02475809   0.01429409    -0.00000000  -0.00000000     0.00000000   0.00000000
  0.00000000   0.00000000    -0.03735051  -0.02156433    -0.00316861   0.00548819
  0.00000000  -0.00000000    -0.00316861   0.00548819    -0.03735051  -0.02156433
    2    2
  0.09691502   0.00000000    -0.00000000   0.00000000     0.00000000   0.00000000
 -0.00000000  -0.00000000     0.06008135   0.00000000    -0.00000000  -0.00000000
  0.00000000  -0.00000000    -0.00000000  -0.00000000     0.06008135   0.00000000
    2    3
  0.00215873  -0.00373904     0.00000000   0.00000000    -0.00000000  -0.00000000
 -0.00000000   0.00000000    -0.00032766   0.00056753    -0.00409746  -0.00236567
  0.00000000  -0.00000000    -0.00409746  -0.00236567    -0.00032766   0.00056753
    2    4
 -0.00074215  -0.00832478     0.00200945   0.00585644     0.00200945   0.00585644
 -0.00383590   0.00308329     0.00734119   0.00245221     0.00390084   0.00770230
 -0.00383590   0.00308329     0.00390084   0.00770230     0.00734119   0.00245221
    2    5
 -0.01333909   0.00551356    -0.02154787  -0.00572073    -0.02154787  -0.00572073
 -0.01705435   0.00129129    -0.01292907   0.00117095    -0.01901393  -0.00155571
 -0.01705435   0.00129129    -0.01901393  -0.00155571    -0.01292907   0.00117095
    2    6
  0.00683839   0.00480511    -0.00406710  -0.00466846     0.00406710   0.00466846
 -0.00458816   0.00178034     0.00154692  -0.00758376     0.00471997   0.00722938
  0.00458816  -0.00178034     0.00471997   0.00722938     0.00154692  -0.00758376
    2    7
 -0.01144443   0.00879521    -0.00581964   0.02152137     0.00581964  -0.02152137
 -0.00964546   0.01412385    -0.00747861   0.01061143     0.00815968  -0.01724440
  0.00964546  -0.01412385     0.00815968  -0.01724440    -0.00747861   0.01061143
    2    8
  0.00683839   0.00480511     0.00406710   0.00466846    -0.00406710  -0.00466846
  0.00458816  -0.00178034     0.00154692  -0.00758376     0.00471997   0.00722938
 -0.00458816   0.00178034     0.00471997   0.00722938     0.00154692  -0.00758376
    2    9
 -0.01144443   0.00879521     0.00581964  -0.02152137    -0.00581964   0.02152137
  0.00964546  -0.01412385    -0.00747861   0.01061143     0.00815968  -0.01724440
 -0.00964546   0.01412385     0.00815968  -0.01724440    -0.00747861   0.01061143
    2   10
 -0.00074215  -0.00832478    -0.00200945  -0.00585644    -0.00200945  -0.00585644
  0.00383590  -0.00308329     0.00734119   0.00245221     0.00390084   0.00770230
  0.00383590  -0.00308329     0.00390084   0.00770230     0.00734119   0.00245221
    2   11
 -0.01333909   0.00551356     0.02154787   0.00572073     0.02154787   0.00572073
  0.01705435  -0.00129129    -0.01292907   0.00117095    -0.01901393  -0.00155571
  0.01705435  -0.00129129    -0.01901393  -0.00155571    -0.01292907   0.00117095
    3    1
  0.00000000   0.02858818    -0.00000000  -0.00000000     0.00000000   0.00000000
 -0.00000000   0.00000000    -0.00000000  -0.04312866     0.00633722  -0.00000000
 -0.00000000   0.00000000     0.00633722   0.00000000    -0.00000000  -0.04312866
    3    2
  0.00215873   0.00373904     0.00000000  -0.00000000    -0.00000000   0.00000000
 -0.00000000  -0.00000000    -0.00032766  -0.00056753    -0.00409746   0.00236567
  0.00000000   0.00000000    -0.00409746   0.00236567    -0.00032766  -0.00056753
    3    3
  0.09691502  -0.00000000    -0.00000000  -0.00000000     0.00000000  -0.00000000
 -0.00000000   0.00000000     0.06008135  -0.00000000    -0.00000000   0.00000000
  0.00000000   0.00000000    -0.00000000   0.00000000     0.06008135  -0.00000000
    3    4
 -0.01333909  -0.00551356    -0.02154787   0.00572073    -0.02154787   0.00572073
 -0.01705435  -0.00129129    -0.01292907  -0.00117095    -0.01901393   0.00155571
 -0.01705435  -0.00129129    -0.01901393   0.00155571    -0.01292907  -0.00117095
    3    5
 -0.00074215   0.00832478     0.00200945  -0.00585644     0.00200945  -0.00585644
 -0.00383590  -0.00308329     0.00734119  -0.00245221     0.00390084  -0.00770230
 -0.00383590  -0.00308329     0.00390084  -0.00770230     0.00734119  -0.00245221
    3    6
 -0.01144443  -0.00879521    -0.00581964  -0.02152137     0.00581964   0.02152137
 -0.00964546  -0.01412385    -0.00747861  -0.01061143     0.00815968   0.01724440
  0.00964546   0.01412385     0.00815968   0.01724440    -0.00747861  -0.01061143
    3    7
  0.00683839  -0.00480511    -0.00406710   0.00466846     0.00406710  -0.00466846
 -0.00458816  -0.00178034     0.00154692   0.00758376     0.00471997  -0.00722938
  0.00458816   0.00178034     0.00471997  -0.00722938     0.00154692   0.00758376
    3    8
 -0.01144443  -0.00879521     0.00581964   0.02152137    -0.00581964  -0.02152137
  0.00964546   0.01412385    -0.00747861  -0.01061143     0.00815968   0.01724440
 -0.00964546  -0.01412385     0.00815968   0.01724440    -0.00747861  -0.01061143
    3    9
  0.00683839  -0.00480511     0.00406710  -0.00466846    -0.00406710   0.00466846
  0.00458816   0.00178034     0.00154692   0.00758376     0.00471997  -0.00722938
 -0.00458816  -0.00178034     0.00471997  -0.00722938     0.00154692   0.00758376
    3   10
 -0.01333909  -0.00551356     0.02154787  -0.00572073     0.02154787  -0.00572073
  0.01705435   0.00129129    -0.01292907  -0.00117095    -0.01901393   0.00155571
  0.01705435   0.00129129    -0.01901393   0.00155571    -0.01292907  -0.00117095
    3   11
 -0.00074215   0.00832478    -0.00200945   0.00585644    -0.00200945   0.00585644
  0.00383590   0.00308329     0.00734119  -0.00245221     0.00390084  -0.00770230
  0.00383590   0.00308329     0.00390084  -0.00770230     0.00734119  -0.00245221
    4    1
  0.05873726  -0.05384804     0.00212760   0.02018302     0.00212760   0.02018302
 -0.01661668   0.01413608    -0.00749846   0.00467445    -0.00965394   0.02122043
 -0.01661668   0.01413608    -0.00965394   0.02122043    -0.00749846   0.00467445
    4    2
 -0.00074215   0.00832478    -0.00383590  -0.00308329    -0.00383590  -0.00308329
  0.00200945  -0.00585644     0.00734119  -0.00245221     0.00390084  -0.00770230
  0.00200945  -0.00585644     0.00390084  -0.00770230     0.00734119  -0.00245221
    4    3
 -0.01333909   0.00551356    -0.01705435   0.00129129    -0.01705435   0.00129129
 -0.02154787  -0.00572073    -0.01292907   0.00117095    -0.01901393  -0.00155571
 -0.02154787  -0.00572073    -0.01901393  -0.00155571    -0.01292907   0.00117095
    4    4
  0.09964118  -0.00000000    -0.00988017  -0.00119871    -0.00988017  -0.00119871
 -0.00988017   0.00119871     0.07544110  -0.00000000     0.00129390  -0.00000000
 -0.00988017   0.00119871     0.00129390  -0.00000000     0.07544110  -0.00000000
    4    5
 -0.03859157   0.00814751     0.00709004   0.00239876     0.00709004   0.00239876
  0.00709004   0.00239876    -0.02273185   0.00480704    -0.00984191   0.00939604
  0.00709004   0.00239876    -0.00984191   0.00939604    -0.02273185   0.00480704
    4    6
 -0.03110514   0.01563820     0.02237151  -0.00319524    -0.01234788   0.00077978
  0.02237151  -0.00319524    -0.02092399   0.00230748    -0.00138122  -0.00145205
  0.01234788  -0.00077978     0.00138122   0.00145205     0.02186954  -0.00436110
    4    7
  0.03127685   0.00000000    -0.01532655   0.00045799     0.02004971   0.00081625
 -0.01532655  -0.00045799     0.01909141   0.00000000     0.00952655   0.00297453
 -0.02004971   0.00081625    -0.00952655   0.00297453    -0.05300435  -0.00000000
    4    8
 -0.03110514   0.01563820    -0.01234788   0.00077978     0.02237151  -0.00319524
  0.01234788  -0.00077978     0.02186954  -0.00436110     0.00138122   0.00145205
  0.02237151  -0.00319524    -0.00138122  -0.00145205    -0.02092399   0.00230748
    4    9
  0.03127685   0.00000000     0.02004971   0.00081625    -0.01532655   0.00045799
 -0.02004971   0.00081625    -0.05300435  -0.00000000    -0.00952655   0.00297453
 -0.01532655  -0.00045799     0.00952655   0.00297453     0.01909141   0.00000000
    4   10
  0.04407970   0.00000000     0.01539541  -0.00303757     0.01539541  -0.00303757
 -0.01539541  -0.00303757    -0.01820748   0.00000000     0.01656045   0.00000000
 -0.01539541  -0.00303757     0.01656045   0.00000000    -0.01820748   0.00000000
    4   11
 -0.07717652   0.00096981    -0.02092744   0.00595221    -0.02092744   0.00595221
  0.02092744  -0.00595221     0.01799909   0.00210550    -0.00695558   0.00722622
  0.02092744  -0.00595221    -0.00695558   0.00722622     0.01799909   0.00210550
    5    1
 -0.07600240   0.02394394     0.01641521   0.01193407     0.01641521   0.01193407
  0.02055055  -0.00732243     0.00779742  -0.00415663     0.02320440   0.00224966
  0.02055055  -0.00732243     0.02320440   0.00224966     0.00779742  -0.00415663
    5    2
 -0.01333909  -0.00551356    -0.01705435  -0.00129129    -0.01705435  -0.00129129
 -0.02154787   0.00572073    -0.01292907  -0.00117095    -0.01901393   0.00155571
 -0.02154787   0.00572073    -0.01901393   0.00155571    -0.01292907  -0.00117095
    5    3
 -0.00074215  -0.00832478    -0.00383590   0.00308329    -0.00383590   0.00308329
  0.00200945   0.00585644     0.00734119   0.00245221     0.00390084   0.00770230
  0.00200945   0.00585644     0.00390084   0.00770230     0.00734119   0.00245221
    5    4
 -0.03859157  -0.00814751     0.00709004  -0.00239876     0.00709004  -0.00239876
  0.00709004  -0.00239876    -0.02273185  -0.00480704    -0.00984191  -0.00939604
  0.00709004  -0.00239876    -0.00984191  -0.00939604    -0.02273185  -0.00480704
    5    5
  0.09964118   0.00000000    -0.00988017   0.00119871    -0.00988017   0.00119871
 -0.00988017  -0.00119871     0.07544110   0.00000000     0.00129390   0.00000000
 -0.00988017  -0.00119871     0.00129390   0.00000000     0.07544110   0.00000000
    5    6
  0.03127685  -0.00000000    -0.01532655  -0.00045799     0.02004971  -0.00081625
 -0.01532655   0.00045799     0.01909141  -0.00000000     0.00952655  -0.00297453
 -0.02004971  -0.00081625    -0.00952655  -0.00297453    -0.05300435   0.00000000
    5    7
 -0.03110514  -0.01563820     0.02237151   0.00319524    -0.01234788  -0.00077978
  0.02237151   0.00319524    -0.02092399  -0.00230748    -0.00138122   0.00145205
  0.01234788   0.00077978     0.00138122  -0.00145205     0.02186954   0.00436110
    5    8
  0.03127685  -0.00000000     0.02004971  -0.00081625    -0.01532655  -0.00045799
 -0.02004971  -0.00081625    -0.05300435   0.00000000    -0.00952655  -0.00297453
 -0.01532655   0.00045799     0.00952655  -0.00297453     0.01909141  -0.00000000
    5    9
 -0.03110514  -0.01563820    -0.01234788  -0.00077978     0.02237151   0.00319524
  0.01234788   0.00077978     0.02186954   0.00436110     0.00138122  -0.00145205
  0.02237151   0.00319524    -0.00138122   0.00145205    -0.02092399  -0.00230748
    5   10
 -0.07717652  -0.00096981    -0.02092744  -0.00595221    -0.02092744  -0.00595221
  0.02092744   0.00595221     0.01799909  -0.00210550    -0.00695558  -0.00722622
  0.02092744   0.00595221    -0.00695558  -0.00722622     0.01799909  -0.00210550
    5   11
  0.04407970  -0.00000000     0.01539541   0.00303757     0.01539541   0.00303757
 -0.01539541   0.00303757    -0.01820748   0.00000000     0.01656045  -0.00000000
 -0.01539541   0.00303757     0.01656045   0.00000000    -0.01820748  -0.00000000
    6    1
 -0.07600240   0.02394394     0.01641521   0.01193407    -0.01641521  -0.01193407
  0.02055055  -0.00732243     0.00779742  -0.00415663    -0.02320440  -0.00224966
 -0.02055055   0.00732243    -0.02320440  -0.00224966     0.00779742  -0.00415663
    6    2
  0.00683839  -0.00480511    -0.00458816  -0.00178034     0.00458816   0.00178034
 -0.00406710   0.00466846     0.00154692   0.00758376     0.00471997  -0.00722938
  0.00406710  -0.00466846     0.00471997  -0.00722938     0.00154692   0.00758376
    6    3
 -0.01144443   0.00879521    -0.00964546   0.01412385     0.00964546  -0.01412385
 -0.00581964   0.02152137    -0.00747861   0.01061143     0.00815968  -0.01724440
  0.00581964  -0.02152137     0.00815968  -0.01724440    -0.00747861   0.01061143
    6    4
 -0.03110514  -0.01563820     0.02237151   0.00319524     0.01234788   0.00077978
  0.02237151   0.00319524    -0.02092399  -0.00230748     0.00138122  -0.00145205
 -0.01234788  -0.00077978    -0.00138122   0.00145205     0.02186954   0.00436110
    6    5
  0.03127685   0.00000000    -0.01532655  -0.00045799    -0.02004971   0.00081625
 -0.01532655   0.00045799     0.01909141   0.00000000    -0.00952655   0.00297453
  0.02004971   0.00081625     0.00952655   0.00297453    -0.05300435  -0.00000000
    6    6
  0.09964118  -0.00000000    -0.00988017   0.00119871     0.00988017  -0.00119871
 -0.00988017  -0.00119871     0.07544110   0.00000000    -0.00129390  -0.00000000
  0.00988017   0.00119871    -0.00129390  -0.00000000     0.07544110   0.00000000
    6    7
 -0.03859157  -0.00814751     0.00709004  -0.00239876    -0.00709004   0.00239876
  0.00709004  -0.00239876    -0.02273185  -0.00480704     0.00984191   0.00939604
 -0.00709004   0.00239876     0.00984191   0.00939604    -0.02273185  -0.00480704
    6    8
  0.04407970  -0.00000000     0.01539541   0.00303757    -0.01539541  -0.00303757
 -0.01539541   0.00303757    -0.01820748  -0.00000000    -0.01656045   0.00000000
  0.01539541  -0.00303757    -0.01656045   0.00000000    -0.01820748  -0.00000000
    6    9
 -0.07717652  -0.00096981    -0.02092744  -0.00595221     0.02092744   0.00595221
  0.02092744   0.00595221     0.01799909  -0.00210550     0.00695558   0.00722622
 -0.02092744  -0.00595221     0.00695558   0.00722622     0.01799909  -0.00210550
    6   10
 -0.03110514  -0.01563820    -0.01234788  -0.00077978    -0.02237151  -0.00319524
  0.01234788   0.00077978     0.02186954   0.00436110    -0.00138122   0.00145205
 -0.02237151  -0.00319524     0.00138122  -0.00145205    -0.02092399  -0.00230748
    6   11
  0.03127685   0.00000000     0.02004971  -0.00081625     0.01532655   0.00045799
 -0.02004971  -0.00081625    -0.05300435  -0.00000000     0.00952655   0.00297453
  0.01532655  -0.00045799    -0.00952655   0.00297453     0.01909141   0.00000000
    7    1
  0.05873726  -0.05384804     0.00212760   0.02018302    -0.00212760  -0.02018302
 -0.01661668   0.01413608    -0.00749846   0.00467445     0.00965394  -0.02122043
  0.01661668  -0.01413608     0.00965394  -0.02122043    -0.00749846   0.00467445
    7    2
 -0.01144443  -0.00879521    -0.00964546  -0.01412385     0.00964546   0.01412385
 -0.00581964  -0.02152137    -0.00747861  -0.01061143     0.00815968   0.01724440
  0.00581964   0.02152137     0.00815968   0.01724440    -0.00747861  -0.01061143
    7    3
  0.00683839   0.00480511    -0.00458816   0.00178034     0.00458816  -0.00178034
 -0.00406710  -0.00466846     0.00154692  -0.00758376     0.00471997   0.00722938
  0.00406710   0.00466846     0.00471997   0.00722938     0.00154692  -0.00758376
    7    4
  0.03127685  -0.00000000    -0.01532655   0.00045799    -0.02004971  -0.00081625
 -0.01532655  -0.00045799     0.01909141  -0.00000000    -0.00952655  -0.00297453
  0.02004971  -0.00081625     0.00952655  -0.00297453    -0.05300435   0.00000000
    7    5
 -0.03110514   0.01563820     0.02237151  -0.00319524     0.01234788  -0.00077978
  0.02237151  -0.00319524    -0.02092399   0.00230748     0.00138122   0.00145205
 -0.01234788   0.00077978    -0.00138122  -0.00145205     0.02186954  -0.00436110
    7    6
 -0.03859157   0.00814751     0.00709004   0.00239876    -0.00709004  -0.00239876
  0.00709004   0.00239876    -0.02273185   0.00480704     0.00984191  -0.00939604
 -0.00709004  -0.00239876     0.00984191  -0.00939604    -0.02273185   0.00480704
    7    7
  0.09964118   0.00000000    -0.00988017  -0.00119871     0.00988017   0.00119871
 -0.00988017   0.00119871     0.07544110  -0.00000000    -0.00129390   0.00000000
  0.00988017  -0.00119871    -0.00129390   0.00000000     0.07544110  -0.00000000
    7    8
 -0.07717652   0.00096981    -0.02092744   0.00595221     0.02092744  -0.00595221
  0.02092744  -0.00595221     0.01799909   0.00210550     0.00695558  -0.00722622
 -0.02092744   0.00595221     0.00695558  -0.00722622     0.01799909   0.00210550
    7    9
  0.04407970   0.00000000     0.01539541  -0.00303757    -0.01539541   0.00303757
 -0.01539541  -0.00303757    -0.01820748   0.00000000    -0.01656045  -0.00000000
  0.01539541   0.00303757    -0.01656045  -0.00000000    -0.01820748   0.00000000
    7   10
  0.03127685  -0.00000000     0.02004971   0.00081625     0.01532655  -0.00045799
 -0.02004971   0.00081625    -0.05300435   0.00000000     0.00952655  -0.00297453
  0.01532655   0.00045799    -0.00952655  -0.00297453     0.01909141  -0.00000000
    7   11
 -0.03110514   0.01563820    -0.01234788   0.00077978    -0.02237151   0.00319524
  0.01234788  -0.00077978     0.02186954  -0.00436110    -0.00138122  -0.00145205
 -0.02237151   0.00319524     0.00138122   0.00145205    -0.02092399   0.00230748
    8    1
 -0.07600240   0.02394394    -0.01641521  -0.01193407     0.01641521   0.01193407
 -0.02055055   0.00732243     0.00779742  -0.00415663    -0.02320440  -0.00224966
  0.02055055  -0.00732243    -0.02320440  -0.00224966     0.00779742  -0.00415663
    8    2
  0.00683839  -0.00480511     0.00458816   0.00178034    -0.00458816  -0.00178034
  0.00406710  -0.00466846     0.00154692   0.00758376     0.00471997  -0.00722938
 -0.00406710   0.00466846     0.00471997  -0.00722938     0.00154692   0.00758376
    8    3
 -0.01144443   0.00879521     0.00964546  -0.01412385    -0.00964546   0.01412385
  0.00581964  -0.02152137    -0.00747861   0.01061143     0.00815968  -0.01724440
 -0.00581964   0.02152137     0.00815968  -0.01724440    -0.00747861   0.01061143
    8    4
 -0.03110514  -0.01563820     0.01234788   0.00077978     0.02237151   0.00319524
 -0.01234788  -0.00077978     0.02186954   0.00436110    -0.00138122   0.00145205
  0.02237151   0.00319524     0.00138122  -0.00145205    -0.02092399  -0.00230748
    8    5
  0.03127685   0.00000000    -0.02004971   0.00081625    -0.01532655  -0.00045799
  0.02004971   0.00081625    -0.05300435  -0.00000000     0.00952655   0.00297453
 -0.01532655   0.00045799    -0.00952655   0.00297453     0.01909141   0.00000000
    8    6
  0.04407970  -0.00000000    -0.01539541  -0.00303757     0.01539541   0.00303757
  0.01539541  -0.00303757    -0.01820748  -0.00000000    -0.01656045   0.00000000
 -0.01539541   0.00303757    -0.01656045   0.00000000    -0.01820748   0.00000000
    8    7
 -0.07717652  -0.00096981     0.02092744   0.00595221    -0.02092744  -0.00595221
 -0.02092744  -0.00595221     0.01799909  -0.00210550     0.00695558   0.00722622
  0.02092744   0.00595221     0.00695558   0.00722622     0.01799909  -0.00210550
    8    8
  0.09964118   0.00000000     0.00988017  -0.00119871    -0.00988017   0.00119871
  0.00988017   0.00119871     0.07544110   0.00000000    -0.00129390  -0.00000000
 -0.00988017  -0.00119871    -0.00129390  -0.00000000     0.07544110   0.00000000
    8    9
 -0.03859157  -0.00814751    -0.00709004   0.00239876     0.00709004  -0.00239876
 -0.00709004   0.00239876    -0.02273185  -0.00480704     0.00984191   0.00939604
  0.00709004  -0.00239876     0.00984191   0.00939604    -0.02273185  -0.00480704
    8   10
 -0.03110514  -0.01563820    -0.02237151  -0.00319524    -0.01234788  -0.00077978
 -0.02237151  -0.00319524    -0.02092399  -0.00230748     0.00138122  -0.00145205
  0.01234788   0.00077978    -0.00138122   0.00145205     0.02186954   0.00436110
    8   11
  0.03127685   0.00000000     0.01532655   0.00045799     0.02004971  -0.00081625
  0.01532655  -0.00045799     0.01909141   0.00000000    -0.00952655   0.00297453
 -0.02004971  -0.00081625     0.00952655   0.00297453    -0.05300435  -0.00000000
    9    1
  0.05873726  -0.05384804    -0.00212760  -0.02018302     0.00212760   0.02018302
  0.01661668  -0.01413608    -0.00749846   0.00467445     0.00965394  -0.02122043
 -0.01661668   0.01413608     0.00965394  -0.02122043    -0.00749846   0.00467445
    9    2
 -0.01144443  -0.00879521     0.00964546   0.01412385    -0.00964546  -0.01412385
  0.00581964   0.02152137    -0.00747861  -0.01061143     0.00815968   0.01724440
 -0.00581964  -0.02152137     0.00815968   0.01724440    -0.00747861  -0.01061143
    9    3
  0.00683839   0.00480511     0.00458816  -0.00178034    -0.00458816   0.00178034
  0.00406710   0.00466846     0.00154692  -0.00758376     0.00471997   0.00722938
 -0.00406710  -0.00466846     0.00471997   0.00722938     0.00154692  -0.00758376
    9    4
  0.03127685  -0.00000000    -0.02004971  -0.00081625    -0.01532655   0.00045799
  0.02004971  -0.00081625    -0.05300435   0.00000000     0.00952655  -0.00297453
 -0.01532655  -0.00045799    -0.00952655  -0.00297453     0.01909141  -0.00000000
    9    5
 -0.03110514   0.01563820     0.01234788  -0.00077978     0.02237151  -0.00319524
 -0.01234788   0.00077978     0.02186954  -0.00436110    -0.00138122  -0.00145205
  0.02237151  -0.00319524     0.00138122   0.00145205    -0.02092399   0.00230748
    9    6
 -0.07717652   0.00096981     0.02092744  -0.00595221    -0.02092744   0.00595221
 -0.02092744   0.00595221     0.01799909   0.00210550     0.00695558  -0.00722622
  0.02092744  -0.00595221     0.00695558  -0.00722622     0.01799909   0.00210550
    9    7
  0.04407970   0.00000000    -0.01539541   0.00303757     0.01539541  -0.00303757
  0.01539541   0.00303757    -0.01820748   0.00000000    -0.01656045  -0.00000000
 -0.01539541  -0.00303757    -0.01656045  -0.00000000    -0.01820748   0.00000000
    9    8
 -0.03859157   0.00814751    -0.00709004  -0.00239876     0.00709004   0.00239876
 -0.00709004  -0.00239876    -0.02273185   0.00480704     0.00984191  -0.00939604
  0.00709004   0.00239876     0.00984191  -0.00939604    -0.02273185   0.00480704
    9    9
  0.09964118  -0.00000000     0.00988017   0.00119871    -0.00988017  -0.00119871
  0.00988017  -0.00119871     0.07544110  -0.00000000    -0.00129390   0.00000000
 -0.00988017   0.00119871    -0.00129390   0.00000000     0.07544110  -0.00000000
    9   10
  0.03127685  -0.00000000     0.01532655  -0.00045799     0.02004971   0.00081625
  0.01532655   0.00045799     0.01909141  -0.00000000    -0.00952655  -0.00297453
 -0.02004971   0.00081625     0.00952655  -0.00297453    -0.05300435   0.00000000
    9   11
 -0.03110514   0.01563820    -0.02237151   0.00319524    -0.01234788   0.00077978
 -0.02237151   0.00319524    -0.02092399   0.00230748     0.00138122   0.00145205
  0.01234788  -0.00077978    -0.00138122  -0.00145205     0.02186954  -0.00436110
   10    1
  0.05873726  -0.05384804    -0.00212760  -0.02018302    -0.00212760  -0.02018302
  0.01661668  -0.01413608    -0.00749846   0.00467445    -0.00965394   0.02122043
  0.01661668  -0.01413608    -0.00965394   0.02122043    -0.00749846   0.00467445
   10    2
 -0.00074215   0.00832478     0.00383590   0.00308329     0.00383590   0.00308329
 -0.00200945   0.00585644     0.00734119  -0.00245221     0.00390084  -0.00770230
 -0.00200945   0.00585644     0.00390084  -0.00770230     0.00734119  -0.00245221
   10    3
 -0.01333909   0.00551356     0.01705435  -0.00129129     0.01705435  -0.00129129
  0.02154787   0.00572073    -0.01292907   0.00117095    -0.01901393  -0.00155571
  0.02154787   0.00572073    -0.01901393  -0.00155571    -0.01292907   0.00117095
   10    4
  0.04407970   0.00000000    -0.01539541   0.00303757    -0.01539541   0.00303757
  0.01539541   0.00303757    -0.01820748   0.00000000     0.01656045   0.00000000
  0.01539541   0.00303757     0.01656045   0.00000000    -0.01820748   0.00000000
   10    5
 -0.07717652   0.00096981     0.02092744  -0.00595221     0.02092744  -0.00595221
 -0.02092744   0.00595221     0.01799909   0.00210550    -0.00695558   0.00722622
 -0.02092744   0.00595221    -0.00695558   0.00722622     0.01799909   0.00210550
   10    6
 -0.03110514   0.01563820     0.01234788  -0.00077978    -0.02237151   0.00319524
 -0.01234788   0.00077978     0.02186954  -0.00436110     0.00138122   0.00145205
 -0.02237151   0.00319524    -0.00138122  -0.00145205    -0.02092399   0.00230748
   10    7
  0.03127685   0.00000000    -0.02004971  -0.00081625     0.01532655  -0.00045799
  0.02004971  -0.00081625    -0.05300435  -0.00000000    -0.00952655   0.00297453
  0.01532655   0.00045799     0.00952655   0.00297453     0.01909141   0.00000000
   10    8
 -0.03110514   0.01563820    -0.02237151   0.00319524     0.01234788  -0.00077978
 -0.02237151   0.00319524    -0.02092399   0.00230748    -0.00138122  -0.00145205
 -0.01234788   0.00077978     0.00138122   0.00145205     0.02186954  -0.00436110
   10    9
  0.03127685   0.00000000     0.01532655  -0.00045799    -0.02004971  -0.00081625
  0.01532655   0.00045799     0.01909141   0.00000000     0.00952655   0.00297453
  0.02004971  -0.00081625    -0.00952655   0.00297453    -0.05300435  -0.00000000
   10   10
  0.09964118   0.00000000     0.00988017   0.00119871     0.00988017   0.00119871
  0.00988017  -0.00119871     0.07544110  -0.00000000     0.00129390  -0.00000000
  0.00988017  -0.00119871     0.00129390  -0.00000000     0.07544110  -0.00000000
   10   11
 -0.03859157   0.00814751    -0.00709004  -0.00239876    -0.00709004  -0.00239876
 -0.00709004  -0.00239876    -0.02273185   0.00480704    -0.00984191   0.00939604
 -0.00709004  -0.00239876    -0.00984191   0.00939604    -0.02273185   0.00480704
   11    1
 -0.07600240   0.02394394    -0.01641521  -0.01193407    -0.01641521  -0.01193407
 -0.02055055   0.00732243     0.00779742  -0.00415663     0.02320440   0.00224966
 -0.02055055   0.00732243     0.02320440   0.00224966     0.00779742  -0.00415663
   11    2
 -0.01333909  -0.00551356     0.01705435   0.00129129     0.01705435   0.00129129
  0.02154787  -0.00572073    -0.01292907  -0.00117095    -0.01901393   0.00155571
  0.02154787  -0.00572073    -0.01901393   0.00155571    -0.01292907  -0.00117095
   11    3
 -0.00074215  -0.00832478     0.00383590  -0.00308329     0.00383590  -0.00308329
 -0.00200945  -0.00585644     0.00734119   0.00245221     0.00390084   0.00770230
 -0.00200945  -0.00585644     0.00390084   0.00770230     0.00734119   0.00245221
   11    4
 -0.07717652  -0.00096981     0.02092744   0.00595221     0.02092744   0.00595221
 -0.02092744  -0.00595221     0.01799909  -0.00210550    -0.00695558  -0.00722622
 -0.02092744  -0.00595221    -0.00695558  -0.00722622     0.01799909  -0.00210550
   11    5
  0.04407970  -0.00000000    -0.01539541  -0.00303757    -0.01539541  -0.00303757
  0.01539541  -0.00303757    -0.01820748  -0.00000000     0.01656045  -0.00000000
  0.01539541  -0.00303757     0.01656045   0.00000000    -0.01820748   0.00000000
   11    6
  0.03127685  -0.00000000    -0.02004971   0.00081625     0.01532655   0.00045799
  0.02004971   0.00081625    -0.05300435   0.00000000    -0.00952655  -0.00297453
  0.01532655  -0.00045799     0.00952655  -0.00297453     0.01909141  -0.00000000
   11    7
 -0.03110514  -0.01563820     0.01234788   0.00077978    -0.02237151  -0.00319524
 -0.01234788  -0.00077978     0.02186954   0.00436110     0.00138122  -0.00145205
 -0.02237151  -0.00319524    -0.00138122   0.00145205    -0.02092399  -0.00230748
   11    8
  0.03127685  -0.00000000     0.01532655   0.00045799    -0.02004971   0.00081625
  0.01532655  -0.00045799     0.01909141  -0.00000000     0.00952655  -0.00297453
  0.02004971   0.00081625    -0.00952655  -0.00297453    -0.05300435   0.00000000
   11    9
 -0.03110514  -0.01563820    -0.02237151  -0.00319524     0.01234788   0.00077978
 -0.02237151  -0.00319524    -0.02092399  -0.00230748    -0.00138122   0.00145205
 -0.01234788  -0.00077978     0.00138122  -0.00145205     0.02186954   0.00436110
   11   10
 -0.03859157  -0.00814751    -0.00709004   0.00239876    -0.00709004   0.00239876
 -0.00709004   0.00239876    -0.02273185  -0.00480704    -0.00984191  -0.00939604
 -0.00709004   0.00239876    -0.00984191  -0.00939604    -0.02273185  -0.00480704
   11   11
  0.09964118  -0.00000000     0.00988017  -0.00119871     0.00988017  -0.00119871
  0.00988017   0.00119871     0.07544110   0.00000000     0.00129390   0.00000000
  0.00988017   0.00119871     0.00129390   0.00000000     0.07544110   0.00000000

     Dynamical  Matrix in cartesian axes

     q = (   -0.235702260   0.000000000   0.000000000 ) 

    1    1
  0.27333191   0.00000000     0.00000000   0.00000000     0.00000000   0.00000000
 -0.00000000   0.00000000     0.11722532   0.00000000     0.00000000   0.00000000
 -0.00000000   0.00000000     0.00000000   0.00000000     0.11722532   0.00000000
    1    2
  0.02475809   0.01429409     0.00000000  -0.00000000     0.00000000   0.00000000
  0.00000000   0.00000000    -0.03735051  -0.02156433    -0.00316861   0.00548819
  0.00000000  -0.00000000    -0.00316861   0.00548819    -0.03735051  -0.02156433
    1    3
  0.00000000   0.02858818     0.00000000   0.00000000     0.00000000   0.00000000
  0.00000000   0.00000000    -0.00000000  -0.04312866     0.00633722  -0.00000000
 -0.00000000   0.00000000     0.00633722   0.00000000    -0.00000000  -0.04312866
    1    4
  0.05873726  -0.05384804    -0.01661668   0.01413608    -0.01661668   0.01413608
  0.00212760   0.02018302    -0.00749846   0.00467445    -0.00965394   0.02122043
  0.00212760   0.02018302    -0.00965394   0.02122043    -0.00749846   0.00467445
    1    5
 -0.07600240   0.02394394     0.02055055  -0.00732243     0.02055055  -0.00732243
  0.01641521   0.01193407     0.00779742  -0.00415663     0.02320440   0.00224966
  0.01641521   0.01193407     0.02320440   0.00224966     0.00779742  -0.00415663
    1    6
 -0.07600240   0.02394394     0.02055055  -0.00732243    -0.02055055   0.00732243
  0.01641521   0.01193407     0.00779742  -0.00415663    -0.02320440  -0.00224966
 -0.01641521  -0.01193407    -0.02320440  -0.00224966     0.00779742  -0.00415663
    1    7
  0.05873726  -0.05384804    -0.01661668   0.01413608     0.01661668  -0.01413608
  0.00212760   0.02018302    -0.00749846   0.00467445     0.00965394  -0.02122043
 -0.00212760  -0.02018302     0.00965394  -0.02122043    -0.00749846   0.00467445
    1    8
 -0.07600240   0.02394394    -0.02055055   0.00732243     0.02055055  -0.00732243
 -0.01641521  -0.01193407     0.00779742  -0.00415663    -0.02320440  -0.00224966
  0.01641521   0.01193407    -0.02320440  -0.00224966     0.00779742  -0.00415663
    1    9
  0.05873726  -0.05384804     0.01661668  -0.01413608    -0.01661668   0.01413608
 -0.00212760  -0.02018302    -0.00749846   0.00467445     0.00965394  -0.02122043
  0.00212760   0.02018302     0.00965394  -0.02122043    -0.00749846   0.00467445
    1   10
  0.05873726  -0.05384804     0.01661668  -0.01413608     0.01661668  -0.01413608
 -0.00212760  -0.02018302    -0.00749846   0.00467445    -0.00965394   0.02122043
 -0.00212760  -0.02018302    -0.00965394   0.02122043    -0.00749846   0.00467445
    1   11
 -0.07600240   0.02394394    -0.02055055   0.00732243    -0.02055055   0.00732243
 -0.01641521  -0.01193407     0.00779742  -0.00415663     0.02320440   0.00224966
 -0.01641521  -0.01193407     0.02320440   0.00224966     0.00779742  -0.00415663
    2    1
  0.02475809  -0.01429409     0.00000000   0.00000000     0.00000000   0.00000000
  0.00000000   0.00000000    -0.03735051   0.02156433    -0.00316861  -0.00548819
  0.00000000   0.00000000    -0.00316861  -0.00548819    -0.03735051   0.02156433
    2    2
  0.09691502  -0.00000000    -0.00000000  -0.00000000     0.00000000   0.00000000
 -0.00000000   0.00000000     0.06008135   0.00000000     0.00000000   0.00000000
 -0.00000000   0.00000000     0.00000000   0.00000000     0.06008135  -0.00000000
    2    3
  0.00215873   0.00373904     0.00000000  -0.00000000    -0.00000000  -0.00000000
 -0.00000000   0.00000000    -0.00032766  -0.00056753    -0.00409746   0.00236567
 -0.00000000  -0.00000000    -0.00409746   0.00236567    -0.00032766  -0.00056753
    2    4
 -0.00074215   0.00832478     0.00200945  -0.00585644     0.00200945  -0.00585644
 -0.00383590  -0.00308329     0.00734119  -0.00245221     0.00390084  -0.00770230
 -0.00383590  -0.00308329     0.00390084  -0.00770230     0.00734119  -0.00245221
    2    5
 -0.01333909  -0.00551356    -0.02154787   0.00572073    -0.02154787   0.00572073
 -0.01705435  -0.00129129    -0.01292907  -0.00117095    -0.01901393   0.00155571
 -0.01705435  -0.00129129    -0.01901393   0.00155571    -0.01292907  -0.00117095
    2    6
  0.00683839  -0.00480511    -0.00406710   0.00466846     0.00406710  -0.00466846
 -0.00458816  -0.00178034     0.00154692   0.00758376     0.00471997  -0.00722938
  0.00458816   0.00178034     0.00471997  -0.00722938     0.00154692   0.00758376
    2    7
 -0.01144443  -0.00879521    -0.00581964  -0.02152137     0.00581964   0.02152137
 -0.00964546  -0.01412385    -0.00747861  -0.01061143     0.00815968   0.01724440
  0.00964546   0.01412385     0.00815968   0.01724440    -0.00747861  -0.01061143
    2    8
  0.00683839  -0.00480511     0.00406710  -0.00466846    -0.00406710   0.00466846
  0.00458816   0.00178034     0.00154692   0.00758376     0.00471997  -0.00722938
 -0.00458816  -0.00178034     0.00471997  -0.00722938     0.00154692   0.00758376
    2    9
 -0.01144443  -0.00879521     0.00581964   0.02152137    -0.00581964  -0.02152137
  0.00964546   0.01412385    -0.00747861  -0.01061143     0.00815968   0.01724440
 -0.00964546  -0.01412385     0.00815968   0.01724440    -0.00747861  -0.01061143
    2   10
 -0.00074215   0.00832478    -0.00200945   0.00585644    -0.00200945   0.00585644
  0.00383590   0.00308329     0.00734119  -0.00245221     0.00390084  -0.00770230
  0.00383590   0.00308329     0.00390084  -0.00770230     0.00734119  -0.00245221
    2   11
 -0.01333909  -0.00551356     0.02154787  -0.00572073     0.02154787  -0.00572073
  0.01705435   0.00129129    -0.01292907  -0.00117095    -0.01901393   0.00155571
  0.01705435   0.00129129    -0.01901393   0.00155571    -0.01292907  -0.00117095
    3    1
  0.00000000  -0.02858818     0.00000000  -0.00000000     0.00000000  -0.00000000
  0.00000000  -0.00000000    -0.00000000   0.04312866     0.00633722   0.00000000
  0.00000000  -0.00000000     0.00633722  -0.00000000    -0.00000000   0.04312866
    3    2
  0.00215873  -0.00373904     0.00000000   0.00000000    -0.00000000   0.00000000
 -0.00000000  -0.00000000    -0.00032766   0.00056753    -0.00409746  -0.00236567
 -0.00000000   0.00000000    -0.00409746  -0.00236567    -0.00032766   0.00056753
    3    3
  0.09691502   0.00000000    -0.00000000   0.00000000     0.00000000  -0.00000000
 -0.00000000  -0.00000000     0.06008135  -0.00000000     0.00000000  -0.00000000
 -0.00000000  -0.00000000     0.00000000  -0.00000000     0.06008135   0.00000000
    3    4
 -0.01333909   0.00551356    -0.02154787  -0.00572073    -0.02154787  -0.00572073
 -0.01705435   0.00129129    -0.01292907   0.00117095    -0.01901393  -0.00155571
 -0.01705435   0.00129129    -0.01901393  -0.00155571    -0.01292907   0.00117095
    3    5
 -0.00074215  -0.00832478     0.00200945   0.00585644     0.00200945   0.00585644
 -0.00383590   0.00308329     0.00734119   0.00245221     0.00390084   0.00770230
 -0.00383590   0.00308329     0.00390084   0.00770230     0.00734119   0.00245221
    3    6
 -0.01144443   0.00879521    -0.00581964   0.02152137     0.00581964  -0.02152137
 -0.00964546   0.01412385    -0.00747861   0.01061143     0.00815968  -0.01724440
  0.00964546  -0.01412385     0.00815968  -0.01724440    -0.00747861   0.01061143
    3    7
  0.00683839   0.00480511    -0.00406710  -0.00466846     0.00406710   0.00466846
 -0.00458816   0.00178034     0.00154692  -0.00758376     0.00471997   0.00722938
  0.00458816  -0.00178034     0.00471997   0.00722938     0.00154692  -0.00758376
    3    8
 -0.01144443   0.00879521     0.00581964  -0.02152137    -0.00581964   0.02152137
  0.00964546  -0.01412385    -0.00747861   0.01061143     0.00815968  -0.01724440
 -0.00964546   0.01412385     0.00815968  -0.01724440    -0.00747861   0.01061143
    3    9
  0.00683839   0.00480511     0.00406710   0.00466846    -0.00406710  -0.00466846
  0.00458816  -0.00178034     0.00154692  -0.00758376     0.00471997   0.00722938
 -0.00458816   0.00178034     0.00471997   0.00722938     0.00154692  -0.00758376
    3   10
 -0.01333909   0.00551356     0.02154787   0.00572073     0.02154787   0.00572073
  0.01705435  -0.00129129    -0.01292907   0.00117095    -0.01901393  -0.00155571
  0.01705435  -0.00129129    -0.01901393  -0.00155571    -0.01292907   0.00117095
    3   11
 -0.00074215  -0.00832478    -0.00200945  -0.00585644    -0.00200945  -0.00585644
  0.00383590  -0.00308329     0.00734119   0.00245221     0.00390084   0.00770230
  0.00383590  -0.00308329     0.00390084   0.00770230     0.00734119   0.00245221
    4    1
  0.05873726   0.05384804     0.00212760  -0.02018302     0.00212760  -0.02018302
