  2.500000000000000E-002   1.50249443578751        5.66640365351632     
           6

     Dynamical  Matrix in cartesian axes

     q = (    0.471404521   0.000000000   0.000000000 ) 

    1    1
  0.28461027   0.00000000     0.00000000   0.00000000     0.00000000   0.00000000
  0.00000000   0.00000000     0.10528988   0.00000000    -0.00000000   0.00000000
 -0.00000000   0.00000000    -0.00000000   0.00000000     0.10528988   0.00000000
    1    2
  0.01261295  -0.02184627     0.00000000  -0.00000000    -0.00000000   0.00000000
 -0.00000000   0.00000000    -0.01587336   0.02749347    -0.02223461  -0.01283716
  0.00000000  -0.00000000    -0.02223461  -0.01283716    -0.01587336   0.02749347
    1    3
 -0.02522590  -0.00000000    -0.00000000   0.00000000    -0.00000000  -0.00000000
 -0.00000000   0.00000000     0.03174672   0.00000000     0.00000000  -0.02567431
 -0.00000000   0.00000000     0.00000000  -0.02567431     0.03174672   0.00000000
    1    4
  0.04751140  -0.03531205    -0.01808285   0.00910674    -0.01808285   0.00910674
 -0.01384533   0.00438217    -0.00430814   0.00884224    -0.02000203   0.00419183
 -0.01384533   0.00438217    -0.02000203   0.00419183    -0.00430814   0.00884224
    1    5
 -0.05433683   0.02349006     0.01692809  -0.01110683     0.01692809  -0.01110683
  0.01071774  -0.00979932     0.00981168   0.00069016     0.01363124  -0.01522635
  0.01071774  -0.00979932     0.01363124  -0.01522635     0.00981168   0.00069016
    1    6
 -0.05433683   0.02349006     0.01692809  -0.01110683    -0.01692809   0.01110683
  0.01071774  -0.00979932     0.00981168   0.00069016    -0.01363124   0.01522635
 -0.01071774   0.00979932    -0.01363124   0.01522635     0.00981168   0.00069016
    1    7
  0.04751140  -0.03531205    -0.01808285   0.00910674     0.01808285  -0.00910674
 -0.01384533   0.00438217    -0.00430814   0.00884224     0.02000203  -0.00419183
  0.01384533  -0.00438217     0.02000203  -0.00419183    -0.00430814   0.00884224
    1    8
 -0.05433683   0.02349006    -0.01692809   0.01110683     0.01692809  -0.01110683
 -0.01071774   0.00979932     0.00981168   0.00069016    -0.01363124   0.01522635
  0.01071774  -0.00979932    -0.01363124   0.01522635     0.00981168   0.00069016
    1    9
  0.04751140  -0.03531205     0.01808285  -0.00910674    -0.01808285   0.00910674
  0.01384533  -0.00438217    -0.00430814   0.00884224     0.02000203  -0.00419183
 -0.01384533   0.00438217     0.02000203  -0.00419183    -0.00430814   0.00884224
    1   10
  0.04751140  -0.03531205     0.01808285  -0.00910674     0.01808285  -0.00910674
  0.01384533  -0.00438217    -0.00430814   0.00884224    -0.02000203   0.00419183
  0.01384533  -0.00438217    -0.02000203   0.00419183    -0.00430814   0.00884224
    1   11
 -0.05433683   0.02349006    -0.01692809   0.01110683    -0.01692809   0.01110683
 -0.01071774   0.00979932     0.00981168   0.00069016     0.01363124  -0.01522635
 -0.01071774   0.00979932     0.01363124  -0.01522635     0.00981168   0.00069016
    2    1
  0.01261295   0.02184627    -0.00000000  -0.00000000    -0.00000000   0.00000000
 -0.00000000   0.00000000    -0.01587336  -0.02749347    -0.02223461   0.01283716
  0.00000000   0.00000000    -0.02223461   0.01283716    -0.01587336  -0.02749347
    2    2
  0.10711986  -0.00000000    -0.00000000  -0.00000000     0.00000000  -0.00000000
 -0.00000000   0.00000000     0.07744318   0.00000000    -0.00000000   0.00000000
  0.00000000   0.00000000    -0.00000000   0.00000000     0.07744318   0.00000000
    2    3
 -0.00957534  -0.01658498     0.00000000   0.00000000     0.00000000   0.00000000
  0.00000000  -0.00000000     0.00002847   0.00004931    -0.01960628   0.01131969
  0.00000000   0.00000000    -0.01960628   0.01131969     0.00002847   0.00004931
    2    4
 -0.00454450  -0.01647437     0.01096970   0.00311162     0.01096970   0.00311162
  0.00830135   0.00087964     0.01069019  -0.00880081     0.01413031   0.00540251
  0.00830135   0.00087964     0.01413031   0.00540251     0.01069019  -0.00880081
    2    5
 -0.00327264   0.01426391    -0.02389653  -0.00229526    -0.02389653  -0.00229526
 -0.02202181   0.00411827    -0.02012878   0.00660663    -0.02390781   0.00153221
 -0.02202181   0.00411827    -0.02390781   0.00153221    -0.02012878   0.00660663
    2    6
  0.01653947  -0.00430153    -0.00817959  -0.00794424     0.00817959   0.00794424
 -0.00491246  -0.00674936     0.00227663  -0.01365838     0.01174386   0.00953596
  0.00491246   0.00674936     0.01174386   0.00953596     0.00227663  -0.01365838
    2    7
 -0.01071659   0.00996614     0.01393601   0.01954737    -0.01393601  -0.01954737
  0.00744438   0.02113058     0.00434288   0.02073535    -0.01062697  -0.02147088
 -0.00744438  -0.02113058    -0.01062697  -0.02147088     0.00434288   0.02073535
    2    8
  0.01653947  -0.00430153     0.00817959   0.00794424    -0.00817959  -0.00794424
  0.00491246   0.00674936     0.00227663  -0.01365838     0.01174386   0.00953596
 -0.00491246  -0.00674936     0.01174386   0.00953596     0.00227663  -0.01365838
    2    9
 -0.01071659   0.00996614    -0.01393601  -0.01954737     0.01393601   0.01954737
 -0.00744438  -0.02113058     0.00434288   0.02073535    -0.01062697  -0.02147088
  0.00744438   0.02113058    -0.01062697  -0.02147088     0.00434288   0.02073535
    2   10
 -0.00454450  -0.01647437    -0.01096970  -0.00311162    -0.01096970  -0.00311162
 -0.00830135  -0.00087964     0.01069019  -0.00880081     0.01413031   0.00540251
 -0.00830135  -0.00087964     0.01413031   0.00540251     0.01069019  -0.00880081
    2   11
 -0.00327264   0.01426391     0.02389653   0.00229526     0.02389653   0.00229526
  0.02202181  -0.00411827    -0.02012878   0.00660663    -0.02390781   0.00153221
  0.02202181  -0.00411827    -0.02390781   0.00153221    -0.02012878   0.00660663
    3    1
 -0.02522590   0.00000000     0.00000000  -0.00000000     0.00000000  -0.00000000
 -0.00000000  -0.00000000     0.03174672  -0.00000000     0.00000000   0.02567431
  0.00000000  -0.00000000     0.00000000   0.02567431     0.03174672  -0.00000000
    3    2
 -0.00957534   0.01658498     0.00000000   0.00000000     0.00000000   0.00000000
  0.00000000   0.00000000     0.00002847  -0.00004931    -0.01960628  -0.01131969
  0.00000000  -0.00000000    -0.01960628  -0.01131969     0.00002847  -0.00004931
    3    3
  0.10711986   0.00000000    -0.00000000   0.00000000     0.00000000   0.00000000
 -0.00000000  -0.00000000     0.07744318  -0.00000000    -0.00000000  -0.00000000
  0.00000000  -0.00000000    -0.00000000  -0.00000000     0.07744318  -0.00000000
    3    4
 -0.00327264  -0.01426391    -0.02389653   0.00229526    -0.02389653   0.00229526
 -0.02202181  -0.00411827    -0.02012878  -0.00660663    -0.02390781  -0.00153221
 -0.02202181  -0.00411827    -0.02390781  -0.00153221    -0.02012878  -0.00660663
    3    5
 -0.00454450   0.01647437     0.01096970  -0.00311162     0.01096970  -0.00311162
  0.00830135  -0.00087964     0.01069019   0.00880081     0.01413031  -0.00540251
  0.00830135  -0.00087964     0.01413031  -0.00540251     0.01069019   0.00880081
    3    6
 -0.01071659  -0.00996614     0.01393601  -0.01954737    -0.01393601   0.01954737
  0.00744438  -0.02113058     0.00434288  -0.02073535    -0.01062697   0.02147088
 -0.00744438   0.02113058    -0.01062697   0.02147088     0.00434288  -0.02073535
    3    7
  0.01653947   0.00430153    -0.00817959   0.00794424     0.00817959  -0.00794424
 -0.00491246   0.00674936     0.00227663   0.01365838     0.01174386  -0.00953596
  0.00491246  -0.00674936     0.01174386  -0.00953596     0.00227663   0.01365838
    3    8
 -0.01071659  -0.00996614    -0.01393601   0.01954737     0.01393601  -0.01954737
 -0.00744438   0.02113058     0.00434288  -0.02073535    -0.01062697   0.02147088
  0.00744438  -0.02113058    -0.01062697   0.02147088     0.00434288  -0.02073535
    3    9
  0.01653947   0.00430153     0.00817959  -0.00794424    -0.00817959   0.00794424
  0.00491246  -0.00674936     0.00227663   0.01365838     0.01174386  -0.00953596
 -0.00491246   0.00674936     0.01174386  -0.00953596     0.00227663   0.01365838
    3   10
 -0.00327264  -0.01426391     0.02389653  -0.00229526     0.02389653  -0.00229526
  0.02202181   0.00411827    -0.02012878  -0.00660663    -0.02390781  -0.00153221
  0.02202181   0.00411827    -0.02390781  -0.00153221    -0.02012878  -0.00660663
    3   11
 -0.00454450   0.01647437    -0.01096970   0.00311162    -0.01096970   0.00311162
 -0.00830135   0.00087964     0.01069019   0.00880081     0.01413031  -0.00540251
 -0.00830135   0.00087964     0.01413031  -0.00540251     0.01069019   0.00880081
    4    1
  0.04751140   0.03531205    -0.01384533  -0.00438217    -0.01384533  -0.00438217
 -0.01808285  -0.00910674    -0.00430814  -0.00884224    -0.02000203  -0.00419183
 -0.01808285  -0.00910674    -0.02000203  -0.00419183    -0.00430814  -0.00884224
    4    2
 -0.00454450   0.01647437     0.00830135  -0.00087964     0.00830135  -0.00087964
  0.01096970  -0.00311162     0.01069019   0.00880081     0.01413031  -0.00540251
  0.01096970  -0.00311162     0.01413031  -0.00540251     0.01069019   0.00880081
    4    3
 -0.00327264   0.01426391    -0.02202181   0.00411827    -0.02202181   0.00411827
 -0.02389653  -0.00229526    -0.02012878   0.00660663    -0.02390781   0.00153221
 -0.02389653  -0.00229526    -0.02390781   0.00153221    -0.02012878   0.00660663
    4    4
  0.10320645   0.00000000    -0.00494422  -0.00053342    -0.00494422  -0.00053342
 -0.00494422   0.00053342     0.07686002  -0.00000000     0.00433586   0.00000000
 -0.00494422   0.00053342     0.00433586   0.00000000     0.07686002  -0.00000000
    4    5
 -0.04166591   0.01513708    -0.00248628  -0.00387241    -0.00248628  -0.00387241
 -0.00248628  -0.00387241    -0.02836369   0.00014913    -0.01547658   0.00473922
 -0.00248628  -0.00387241    -0.01547658   0.00473922    -0.02836369   0.00014913
    4    6
 -0.02113106   0.01504358     0.02646107  -0.00540322    -0.01383659   0.00583895
  0.02646107  -0.00540322    -0.01522097   0.00500298    -0.00332973  -0.00164289
  0.01383659  -0.00583895     0.00332973   0.00164289     0.02180602   0.00070391
    4    7
  0.02986351   0.00000000    -0.02487589  -0.00060150     0.02344228   0.00041836
 -0.02487589   0.00060150     0.01119014   0.00000000     0.00902984   0.00243182
 -0.02344228   0.00041836    -0.00902984   0.00243182    -0.05037219  -0.00000000
    4    8
 -0.02113106   0.01504358    -0.01383659   0.00583895     0.02646107  -0.00540322
  0.01383659  -0.00583895     0.02180602   0.00070391     0.00332973   0.00164289
  0.02646107  -0.00540322    -0.00332973  -0.00164289    -0.01522097   0.00500298
    4    9
  0.02986351   0.00000000     0.02344228   0.00041836    -0.02487589  -0.00060150
 -0.02344228   0.00041836    -0.05037219  -0.00000000    -0.00902984   0.00243182
 -0.02487589   0.00060150     0.00902984   0.00243182     0.01119014   0.00000000
    4   10
  0.03894565  -0.00000000     0.02244825  -0.00014488     0.02244825  -0.00014488
 -0.02244825  -0.00014488    -0.01196782   0.00000000     0.01620743  -0.00000000
 -0.02244825  -0.00014488     0.01620743  -0.00000000    -0.01196782   0.00000000
    4   11
 -0.06147459   0.00899770    -0.02455268   0.00783147    -0.02455268   0.00783147
  0.02455268  -0.00783147     0.01628290  -0.00313686    -0.01381383   0.00101545
  0.02455268  -0.00783147    -0.01381383   0.00101545     0.01628290  -0.00313686
    5    1
 -0.05433683  -0.02349006     0.01071774   0.00979932     0.01071774   0.00979932
  0.01692809   0.01110683     0.00981168  -0.00069016     0.01363124   0.01522635
  0.01692809   0.01110683     0.01363124   0.01522635     0.00981168  -0.00069016
    5    2
 -0.00327264  -0.01426391    -0.02202181  -0.00411827    -0.02202181  -0.00411827
 -0.02389653   0.00229526    -0.02012878  -0.00660663    -0.02390781  -0.00153221
 -0.02389653   0.00229526    -0.02390781  -0.00153221    -0.02012878  -0.00660663
    5    3
 -0.00454450  -0.01647437     0.00830135   0.00087964     0.00830135   0.00087964
  0.01096970   0.00311162     0.01069019  -0.00880081     0.01413031   0.00540251
  0.01096970   0.00311162     0.01413031   0.00540251     0.01069019  -0.00880081
    5    4
 -0.04166591  -0.01513708    -0.00248628   0.00387241    -0.00248628   0.00387241
 -0.00248628   0.00387241    -0.02836369  -0.00014913    -0.01547658  -0.00473922
 -0.00248628   0.00387241    -0.01547658  -0.00473922    -0.02836369  -0.00014913
    5    5
  0.10320645  -0.00000000    -0.00494422   0.00053342    -0.00494422   0.00053342
 -0.00494422  -0.00053342     0.07686002   0.00000000     0.00433586  -0.00000000
 -0.00494422  -0.00053342     0.00433586  -0.00000000     0.07686002   0.00000000
    5    6
  0.02986351  -0.00000000    -0.02487589   0.00060150     0.02344228  -0.00041836
 -0.02487589  -0.00060150     0.01119014  -0.00000000     0.00902984  -0.00243182
 -0.02344228  -0.00041836    -0.00902984  -0.00243182    -0.05037219   0.00000000
    5    7
 -0.02113106  -0.01504358     0.02646107   0.00540322    -0.01383659  -0.00583895
  0.02646107   0.00540322    -0.01522097  -0.00500298    -0.00332973   0.00164289
  0.01383659   0.00583895     0.00332973  -0.00164289     0.02180602  -0.00070391
    5    8
  0.02986351  -0.00000000     0.02344228  -0.00041836    -0.02487589   0.00060150
 -0.02344228  -0.00041836    -0.05037219   0.00000000    -0.00902984  -0.00243182
 -0.02487589  -0.00060150     0.00902984  -0.00243182     0.01119014  -0.00000000
    5    9
 -0.02113106  -0.01504358    -0.01383659  -0.00583895     0.02646107   0.00540322
  0.01383659   0.00583895     0.02180602  -0.00070391     0.00332973  -0.00164289
  0.02646107   0.00540322    -0.00332973   0.00164289    -0.01522097  -0.00500298
    5   10
 -0.06147459  -0.00899770    -0.02455268  -0.00783147    -0.02455268  -0.00783147
  0.02455268   0.00783147     0.01628290   0.00313686    -0.01381383  -0.00101545
  0.02455268   0.00783147    -0.01381383  -0.00101545     0.01628290   0.00313686
    5   11
  0.03894565   0.00000000     0.02244825   0.00014488     0.02244825   0.00014488
 -0.02244825   0.00014488    -0.01196782  -0.00000000     0.01620743   0.00000000
 -0.02244825   0.00014488     0.01620743   0.00000000    -0.01196782  -0.00000000
    6    1
 -0.05433683  -0.02349006     0.01071774   0.00979932    -0.01071774  -0.00979932
  0.01692809   0.01110683     0.00981168  -0.00069016    -0.01363124  -0.01522635
 -0.01692809  -0.01110683    -0.01363124  -0.01522635     0.00981168  -0.00069016
    6    2
  0.01653947   0.00430153    -0.00491246   0.00674936     0.00491246  -0.00674936
 -0.00817959   0.00794424     0.00227663   0.01365838     0.01174386  -0.00953596
  0.00817959  -0.00794424     0.01174386  -0.00953596     0.00227663   0.01365838
    6    3
 -0.01071659   0.00996614     0.00744438   0.02113058    -0.00744438  -0.02113058
  0.01393601   0.01954737     0.00434288   0.02073535    -0.01062697  -0.02147088
 -0.01393601  -0.01954737    -0.01062697  -0.02147088     0.00434288   0.02073535
    6    4
 -0.02113106  -0.01504358     0.02646107   0.00540322     0.01383659   0.00583895
  0.02646107   0.00540322    -0.01522097  -0.00500298     0.00332973  -0.00164289
 -0.01383659  -0.00583895    -0.00332973   0.00164289     0.02180602  -0.00070391
    6    5
  0.02986351   0.00000000    -0.02487589   0.00060150    -0.02344228   0.00041836
 -0.02487589  -0.00060150     0.01119014   0.00000000    -0.00902984   0.00243182
  0.02344228   0.00041836     0.00902984   0.00243182    -0.05037219  -0.00000000
    6    6
  0.10320645  -0.00000000    -0.00494422   0.00053342     0.00494422  -0.00053342
 -0.00494422  -0.00053342     0.07686002   0.00000000    -0.00433586   0.00000000
  0.00494422   0.00053342    -0.00433586   0.00000000     0.07686002   0.00000000
    6    7
 -0.04166591  -0.01513708    -0.00248628   0.00387241     0.00248628  -0.00387241
 -0.00248628   0.00387241    -0.02836369  -0.00014913     0.01547658   0.00473922
  0.00248628  -0.00387241     0.01547658   0.00473922    -0.02836369  -0.00014913
    6    8
  0.03894565   0.00000000     0.02244825   0.00014488    -0.02244825  -0.00014488
 -0.02244825   0.00014488    -0.01196782  -0.00000000    -0.01620743  -0.00000000
  0.02244825  -0.00014488    -0.01620743  -0.00000000    -0.01196782  -0.00000000
    6    9
 -0.06147459  -0.00899770    -0.02455268  -0.00783147     0.02455268   0.00783147
  0.02455268   0.00783147     0.01628290   0.00313686     0.01381383   0.00101545
 -0.02455268  -0.00783147     0.01381383   0.00101545     0.01628290   0.00313686
    6   10
 -0.02113106  -0.01504358    -0.01383659  -0.00583895    -0.02646107  -0.00540322
  0.01383659   0.00583895     0.02180602  -0.00070391    -0.00332973   0.00164289
 -0.02646107  -0.00540322     0.00332973  -0.00164289    -0.01522097  -0.00500298
    6   11
  0.02986351   0.00000000     0.02344228  -0.00041836     0.02487589  -0.00060150
 -0.02344228  -0.00041836    -0.05037219  -0.00000000     0.00902984   0.00243182
  0.02487589   0.00060150    -0.00902984   0.00243182     0.01119014   0.00000000
    7    1
  0.04751140   0.03531205    -0.01384533  -0.00438217     0.01384533   0.00438217
 -0.01808285  -0.00910674    -0.00430814  -0.00884224     0.02000203   0.00419183
  0.01808285   0.00910674     0.02000203   0.00419183    -0.00430814  -0.00884224
    7    2
 -0.01071659  -0.00996614     0.00744438  -0.02113058    -0.00744438   0.02113058
  0.01393601  -0.01954737     0.00434288  -0.02073535    -0.01062697   0.02147088
 -0.01393601   0.01954737    -0.01062697   0.02147088     0.00434288  -0.02073535
    7    3
  0.01653947  -0.00430153    -0.00491246  -0.00674936     0.00491246   0.00674936
 -0.00817959  -0.00794424     0.00227663  -0.01365838     0.01174386   0.00953596
  0.00817959   0.00794424     0.01174386   0.00953596     0.00227663  -0.01365838
    7    4
  0.02986351  -0.00000000    -0.02487589  -0.00060150    -0.02344228  -0.00041836
 -0.02487589   0.00060150     0.01119014  -0.00000000    -0.00902984  -0.00243182
  0.02344228  -0.00041836     0.00902984  -0.00243182    -0.05037219   0.00000000
    7    5
 -0.02113106   0.01504358     0.02646107  -0.00540322     0.01383659  -0.00583895
  0.02646107  -0.00540322    -0.01522097   0.00500298     0.00332973   0.00164289
 -0.01383659   0.00583895    -0.00332973  -0.00164289     0.02180602   0.00070391
    7    6
 -0.04166591   0.01513708    -0.00248628  -0.00387241     0.00248628   0.00387241
 -0.00248628  -0.00387241    -0.02836369   0.00014913     0.01547658  -0.00473922
  0.00248628   0.00387241     0.01547658  -0.00473922    -0.02836369   0.00014913
    7    7
  0.10320645   0.00000000    -0.00494422  -0.00053342     0.00494422   0.00053342
 -0.00494422   0.00053342     0.07686002  -0.00000000    -0.00433586  -0.00000000
  0.00494422  -0.00053342    -0.00433586  -0.00000000     0.07686002  -0.00000000
    7    8
 -0.06147459   0.00899770    -0.02455268   0.00783147     0.02455268  -0.00783147
  0.02455268  -0.00783147     0.01628290  -0.00313686     0.01381383  -0.00101545
 -0.02455268   0.00783147     0.01381383  -0.00101545     0.01628290  -0.00313686
    7    9
  0.03894565  -0.00000000     0.02244825  -0.00014488    -0.02244825   0.00014488
 -0.02244825  -0.00014488    -0.01196782   0.00000000    -0.01620743   0.00000000
  0.02244825   0.00014488    -0.01620743   0.00000000    -0.01196782   0.00000000
    7   10
  0.02986351  -0.00000000     0.02344228   0.00041836     0.02487589   0.00060150
 -0.02344228   0.00041836    -0.05037219   0.00000000     0.00902984  -0.00243182
  0.02487589  -0.00060150    -0.00902984  -0.00243182     0.01119014  -0.00000000
    7   11
 -0.02113106   0.01504358    -0.01383659   0.00583895    -0.02646107   0.00540322
  0.01383659  -0.00583895     0.02180602   0.00070391    -0.00332973  -0.00164289
 -0.02646107   0.00540322     0.00332973   0.00164289    -0.01522097   0.00500298
    8    1
 -0.05433683  -0.02349006    -0.01071774  -0.00979932     0.01071774   0.00979932
 -0.01692809  -0.01110683     0.00981168  -0.00069016    -0.01363124  -0.01522635
  0.01692809   0.01110683    -0.01363124  -0.01522635     0.00981168  -0.00069016
    8    2
  0.01653947   0.00430153     0.00491246  -0.00674936    -0.00491246   0.00674936
  0.00817959  -0.00794424     0.00227663   0.01365838     0.01174386  -0.00953596
 -0.00817959   0.00794424     0.01174386  -0.00953596     0.00227663   0.01365838
    8    3
 -0.01071659   0.00996614    -0.00744438  -0.02113058     0.00744438   0.02113058
 -0.01393601  -0.01954737     0.00434288   0.02073535    -0.01062697  -0.02147088
  0.01393601   0.01954737    -0.01062697  -0.02147088     0.00434288   0.02073535
    8    4
 -0.02113106  -0.01504358     0.01383659   0.00583895     0.02646107   0.00540322
 -0.01383659  -0.00583895     0.02180602  -0.00070391    -0.00332973   0.00164289
  0.02646107   0.00540322     0.00332973  -0.00164289    -0.01522097  -0.00500298
    8    5
  0.02986351   0.00000000    -0.02344228   0.00041836    -0.02487589   0.00060150
  0.02344228   0.00041836    -0.05037219  -0.00000000     0.00902984   0.00243182
 -0.02487589  -0.00060150    -0.00902984   0.00243182     0.01119014   0.00000000
    8    6
  0.03894565   0.00000000    -0.02244825  -0.00014488     0.02244825   0.00014488
  0.02244825  -0.00014488    -0.01196782  -0.00000000    -0.01620743  -0.00000000
 -0.02244825   0.00014488    -0.01620743  -0.00000000    -0.01196782  -0.00000000
    8    7
 -0.06147459  -0.00899770     0.02455268   0.00783147    -0.02455268  -0.00783147
 -0.02455268  -0.00783147     0.01628290   0.00313686     0.01381383   0.00101545
  0.02455268   0.00783147     0.01381383   0.00101545     0.01628290   0.00313686
    8    8
  0.10320645  -0.00000000     0.00494422  -0.00053342    -0.00494422   0.00053342
  0.00494422   0.00053342     0.07686002   0.00000000    -0.00433586   0.00000000
 -0.00494422  -0.00053342    -0.00433586   0.00000000     0.07686002   0.00000000
    8    9
 -0.04166591  -0.01513708     0.00248628  -0.00387241    -0.00248628   0.00387241
  0.00248628  -0.00387241    -0.02836369  -0.00014913     0.01547658   0.00473922
 -0.00248628   0.00387241     0.01547658   0.00473922    -0.02836369  -0.00014913
    8   10
 -0.02113106  -0.01504358    -0.02646107  -0.00540322    -0.01383659  -0.00583895
 -0.02646107  -0.00540322    -0.01522097  -0.00500298     0.00332973  -0.00164289
  0.01383659   0.00583895    -0.00332973   0.00164289     0.02180602  -0.00070391
    8   11
  0.02986351   0.00000000     0.02487589  -0.00060150     0.02344228  -0.00041836
  0.02487589   0.00060150     0.01119014   0.00000000    -0.00902984   0.00243182
 -0.02344228  -0.00041836     0.00902984   0.00243182    -0.05037219  -0.00000000
    9    1
  0.04751140   0.03531205     0.01384533   0.00438217    -0.01384533  -0.00438217
  0.01808285   0.00910674    -0.00430814  -0.00884224     0.02000203   0.00419183
 -0.01808285  -0.00910674     0.02000203   0.00419183    -0.00430814  -0.00884224
    9    2
 -0.01071659  -0.00996614    -0.00744438   0.02113058     0.00744438  -0.02113058
 -0.01393601   0.01954737     0.00434288  -0.02073535    -0.01062697   0.02147088
  0.01393601  -0.01954737    -0.01062697   0.02147088     0.00434288  -0.02073535
    9    3
  0.01653947  -0.00430153     0.00491246   0.00674936    -0.00491246  -0.00674936
  0.00817959   0.00794424     0.00227663  -0.01365838     0.01174386   0.00953596
 -0.00817959  -0.00794424     0.01174386   0.00953596     0.00227663  -0.01365838
    9    4
  0.02986351  -0.00000000    -0.02344228  -0.00041836    -0.02487589  -0.00060150
  0.02344228  -0.00041836    -0.05037219   0.00000000     0.00902984  -0.00243182
 -0.02487589   0.00060150    -0.00902984  -0.00243182     0.01119014  -0.00000000
    9    5
 -0.02113106   0.01504358     0.01383659  -0.00583895     0.02646107  -0.00540322
 -0.01383659   0.00583895     0.02180602   0.00070391    -0.00332973  -0.00164289
  0.02646107  -0.00540322     0.00332973   0.00164289    -0.01522097   0.00500298
    9    6
 -0.06147459   0.00899770     0.02455268  -0.00783147    -0.02455268   0.00783147
 -0.02455268   0.00783147     0.01628290  -0.00313686     0.01381383  -0.00101545
  0.02455268  -0.00783147     0.01381383  -0.00101545     0.01628290  -0.00313686
    9    7
  0.03894565  -0.00000000    -0.02244825   0.00014488     0.02244825  -0.00014488
  0.02244825   0.00014488    -0.01196782   0.00000000    -0.01620743   0.00000000
 -0.02244825  -0.00014488    -0.01620743   0.00000000    -0.01196782   0.00000000
    9    8
 -0.04166591   0.01513708     0.00248628   0.00387241    -0.00248628  -0.00387241
  0.00248628   0.00387241    -0.02836369   0.00014913     0.01547658  -0.00473922
 -0.00248628  -0.00387241     0.01547658  -0.00473922    -0.02836369   0.00014913
    9    9
  0.10320645   0.00000000     0.00494422   0.00053342    -0.00494422  -0.00053342
  0.00494422  -0.00053342     0.07686002  -0.00000000    -0.00433586  -0.00000000
 -0.00494422   0.00053342    -0.00433586  -0.00000000     0.07686002  -0.00000000
    9   10
  0.02986351  -0.00000000     0.02487589   0.00060150     0.02344228   0.00041836
  0.02487589  -0.00060150     0.01119014  -0.00000000    -0.00902984  -0.00243182
 -0.02344228   0.00041836     0.00902984  -0.00243182    -0.05037219   0.00000000
    9   11
 -0.02113106   0.01504358    -0.02646107   0.00540322    -0.01383659   0.00583895
 -0.02646107   0.00540322    -0.01522097   0.00500298     0.00332973   0.00164289
  0.01383659  -0.00583895    -0.00332973  -0.00164289     0.02180602   0.00070391
   10    1
  0.04751140   0.03531205     0.01384533   0.00438217     0.01384533   0.00438217
  0.01808285   0.00910674    -0.00430814  -0.00884224    -0.02000203  -0.00419183
  0.01808285   0.00910674    -0.02000203  -0.00419183    -0.00430814  -0.00884224
   10    2
 -0.00454450   0.01647437    -0.00830135   0.00087964    -0.00830135   0.00087964
 -0.01096970   0.00311162     0.01069019   0.00880081     0.01413031  -0.00540251
 -0.01096970   0.00311162     0.01413031  -0.00540251     0.01069019   0.00880081
   10    3
 -0.00327264   0.01426391     0.02202181  -0.00411827     0.02202181  -0.00411827
  0.02389653   0.00229526    -0.02012878   0.00660663    -0.02390781   0.00153221
  0.02389653   0.00229526    -0.02390781   0.00153221    -0.02012878   0.00660663
   10    4
  0.03894565  -0.00000000    -0.02244825   0.00014488    -0.02244825   0.00014488
  0.02244825   0.00014488    -0.01196782   0.00000000     0.01620743  -0.00000000
  0.02244825   0.00014488     0.01620743  -0.00000000    -0.01196782   0.00000000
   10    5
 -0.06147459   0.00899770     0.02455268  -0.00783147     0.02455268  -0.00783147
 -0.02455268   0.00783147     0.01628290  -0.00313686    -0.01381383   0.00101545
 -0.02455268   0.00783147    -0.01381383   0.00101545     0.01628290  -0.00313686
   10    6
 -0.02113106   0.01504358     0.01383659  -0.00583895    -0.02646107   0.00540322
 -0.01383659   0.00583895     0.02180602   0.00070391     0.00332973   0.00164289
 -0.02646107   0.00540322    -0.00332973  -0.00164289    -0.01522097   0.00500298
   10    7
  0.02986351   0.00000000    -0.02344228  -0.00041836     0.02487589   0.00060150
  0.02344228  -0.00041836    -0.05037219  -0.00000000    -0.00902984   0.00243182
  0.02487589  -0.00060150     0.00902984   0.00243182     0.01119014   0.00000000
   10    8
 -0.02113106   0.01504358    -0.02646107   0.00540322     0.01383659  -0.00583895
 -0.02646107   0.00540322    -0.01522097   0.00500298    -0.00332973  -0.00164289
 -0.01383659   0.00583895     0.00332973   0.00164289     0.02180602   0.00070391
   10    9
  0.02986351   0.00000000     0.02487589   0.00060150    -0.02344228  -0.00041836
  0.02487589  -0.00060150     0.01119014   0.00000000     0.00902984   0.00243182
  0.02344228  -0.00041836    -0.00902984   0.00243182    -0.05037219  -0.00000000
   10   10
  0.10320645   0.00000000     0.00494422   0.00053342     0.00494422   0.00053342
  0.00494422  -0.00053342     0.07686002  -0.00000000     0.00433586   0.00000000
  0.00494422  -0.00053342     0.00433586   0.00000000     0.07686002  -0.00000000
   10   11
 -0.04166591   0.01513708     0.00248628   0.00387241     0.00248628   0.00387241
  0.00248628   0.00387241    -0.02836369   0.00014913    -0.01547658   0.00473922
  0.00248628   0.00387241    -0.01547658   0.00473922    -0.02836369   0.00014913
   11    1
 -0.05433683  -0.02349006    -0.01071774  -0.00979932    -0.01071774  -0.00979932
 -0.01692809  -0.01110683     0.00981168  -0.00069016     0.01363124   0.01522635
 -0.01692809  -0.01110683     0.01363124   0.01522635     0.00981168  -0.00069016
   11    2
 -0.00327264  -0.01426391     0.02202181   0.00411827     0.02202181   0.00411827
  0.02389653  -0.00229526    -0.02012878  -0.00660663    -0.02390781  -0.00153221
  0.02389653  -0.00229526    -0.02390781  -0.00153221    -0.02012878  -0.00660663
   11    3
 -0.00454450  -0.01647437    -0.00830135  -0.00087964    -0.00830135  -0.00087964
 -0.01096970  -0.00311162     0.01069019  -0.00880081     0.01413031   0.00540251
 -0.01096970  -0.00311162     0.01413031   0.00540251     0.01069019  -0.00880081
   11    4
 -0.06147459  -0.00899770     0.02455268   0.00783147     0.02455268   0.00783147
 -0.02455268  -0.00783147     0.01628290   0.00313686    -0.01381383  -0.00101545
 -0.02455268  -0.00783147    -0.01381383  -0.00101545     0.01628290   0.00313686
   11    5
  0.03894565   0.00000000    -0.02244825  -0.00014488    -0.02244825  -0.00014488
  0.02244825  -0.00014488    -0.01196782  -0.00000000     0.01620743   0.00000000
  0.02244825  -0.00014488     0.01620743   0.00000000    -0.01196782  -0.00000000
   11    6
  0.02986351  -0.00000000    -0.02344228   0.00041836     0.02487589  -0.00060150
  0.02344228   0.00041836    -0.05037219   0.00000000    -0.00902984  -0.00243182
  0.02487589   0.00060150     0.00902984  -0.00243182     0.01119014  -0.00000000
   11    7
 -0.02113106  -0.01504358     0.01383659   0.00583895    -0.02646107  -0.00540322
 -0.01383659  -0.00583895     0.02180602  -0.00070391     0.00332973  -0.00164289
 -0.02646107  -0.00540322    -0.00332973   0.00164289    -0.01522097  -0.00500298
   11    8
  0.02986351  -0.00000000     0.02487589  -0.00060150    -0.02344228   0.00041836
  0.02487589   0.00060150     0.01119014  -0.00000000     0.00902984  -0.00243182
  0.02344228   0.00041836    -0.00902984  -0.00243182    -0.05037219   0.00000000
   11    9
 -0.02113106  -0.01504358    -0.02646107  -0.00540322     0.01383659   0.00583895
 -0.02646107  -0.00540322    -0.01522097  -0.00500298    -0.00332973   0.00164289
 -0.01383659  -0.00583895     0.00332973  -0.00164289     0.02180602  -0.00070391
   11   10
 -0.04166591  -0.01513708     0.00248628  -0.00387241     0.00248628  -0.00387241
  0.00248628  -0.00387241    -0.02836369  -0.00014913    -0.01547658  -0.00473922
  0.00248628  -0.00387241    -0.01547658  -0.00473922    -0.02836369  -0.00014913
   11   11
  0.10320645  -0.00000000     0.00494422  -0.00053342     0.00494422  -0.00053342
  0.00494422   0.00053342     0.07686002   0.00000000     0.00433586  -0.00000000
  0.00494422   0.00053342     0.00433586  -0.00000000     0.07686002   0.00000000

     Dynamical  Matrix in cartesian axes

     q = (   -0.471404521   0.000000000   0.000000000 ) 

    1    1
  0.28461027   0.00000000     0.00000000   0.00000000     0.00000000   0.00000000
  0.00000000   0.00000000     0.10528988   0.00000000     0.00000000   0.00000000
  0.00000000   0.00000000     0.00000000   0.00000000     0.10528988   0.00000000
    1    2
  0.01261295   0.02184627    -0.00000000  -0.00000000    -0.00000000  -0.00000000
 -0.00000000  -0.00000000    -0.01587336  -0.02749347    -0.02223461   0.01283716
  0.00000000   0.00000000    -0.02223461   0.01283716    -0.01587336  -0.02749347
    1    3
 -0.02522590   0.00000000     0.00000000   0.00000000     0.00000000   0.00000000
 -0.00000000  -0.00000000     0.03174672  -0.00000000    -0.00000000   0.02567431
  0.00000000   0.00000000    -0.00000000   0.02567431     0.03174672  -0.00000000
    1    4
  0.04751140   0.03531205    -0.01808285  -0.00910674    -0.01808285  -0.00910674
 -0.01384533  -0.00438217    -0.00430814  -0.00884224    -0.02000203  -0.00419183
 -0.01384533  -0.00438217    -0.02000203  -0.00419183    -0.00430814  -0.00884224
    1    5
 -0.05433683  -0.02349006     0.01692809   0.01110683     0.01692809   0.01110683
  0.01071774   0.00979932     0.00981168  -0.00069016     0.01363124   0.01522635
  0.01071774   0.00979932     0.01363124   0.01522635     0.00981168  -0.00069016
    1    6
 -0.05433683  -0.02349006     0.01692809   0.01110683    -0.01692809  -0.01110683
  0.01071774   0.00979932     0.00981168  -0.00069016    -0.01363124  -0.01522635
 -0.01071774  -0.00979932    -0.01363124  -0.01522635     0.00981168  -0.00069016
    1    7
  0.04751140   0.03531205    -0.01808285  -0.00910674     0.01808285   0.00910674
 -0.01384533  -0.00438217    -0.00430814  -0.00884224     0.02000203   0.00419183
  0.01384533   0.00438217     0.02000203   0.00419183    -0.00430814  -0.00884224
    1    8
 -0.05433683  -0.02349006    -0.01692809  -0.01110683     0.01692809   0.01110683
 -0.01071774  -0.00979932     0.00981168  -0.00069016    -0.01363124  -0.01522635
  0.01071774   0.00979932    -0.01363124  -0.01522635     0.00981168  -0.00069016
    1    9
  0.04751140   0.03531205     0.01808285   0.00910674    -0.01808285  -0.00910674
  0.01384533   0.00438217    -0.00430814  -0.00884224     0.02000203   0.00419183
 -0.01384533  -0.00438217     0.02000203   0.00419183    -0.00430814  -0.00884224
    1   10
  0.04751140   0.03531205     0.01808285   0.00910674     0.01808285   0.00910674
  0.01384533   0.00438217    -0.00430814  -0.00884224    -0.02000203  -0.00419183
  0.01384533   0.00438217    -0.02000203  -0.00419183    -0.00430814  -0.00884224
    1   11
 -0.05433683  -0.02349006    -0.01692809  -0.01110683    -0.01692809  -0.01110683
 -0.01071774  -0.00979932     0.00981168  -0.00069016     0.01363124   0.01522635
 -0.01071774  -0.00979932     0.01363124   0.01522635     0.00981168  -0.00069016
    2    1
  0.01261295  -0.02184627    -0.00000000  -0.00000000     0.00000000   0.00000000
 -0.00000000   0.00000000    -0.01587336   0.02749347    -0.02223461  -0.01283716
 -0.00000000  -0.00000000    -0.02223461  -0.01283716    -0.01587336   0.02749347
    2    2
  0.10711986   0.00000000    -0.00000000  -0.00000000     0.00000000   0.00000000
 -0.00000000   0.00000000     0.07744318  -0.00000000    -0.00000000  -0.00000000
  0.00000000  -0.00000000    -0.00000000  -0.00000000     0.07744318  -0.00000000
    2    3
 -0.00957534   0.01658498    -0.00000000  -0.00000000    -0.00000000  -0.00000000
 -0.00000000   0.00000000     0.00002847  -0.00004931    -0.01960628  -0.01131969
  0.00000000   0.00000000    -0.01960628  -0.01131969     0.00002847  -0.00004931
    2    4
 -0.00454450   0.01647437     0.01096970  -0.00311162     0.01096970  -0.00311162
  0.00830135  -0.00087964     0.01069019   0.00880081     0.01413031  -0.00540251
  0.00830135  -0.00087964     0.01413031  -0.00540251     0.01069019   0.00880081
    2    5
 -0.00327264  -0.01426391    -0.02389653   0.00229526    -0.02389653   0.00229526
 -0.02202181  -0.00411827    -0.02012878  -0.00660663    -0.02390781  -0.00153221
 -0.02202181  -0.00411827    -0.02390781  -0.00153221    -0.02012878  -0.00660663
    2    6
  0.01653947   0.00430153    -0.00817959   0.00794424     0.00817959  -0.00794424
 -0.00491246   0.00674936     0.00227663   0.01365838     0.01174386  -0.00953596
  0.00491246  -0.00674936     0.01174386  -0.00953596     0.00227663   0.01365838
    2    7
 -0.01071659  -0.00996614     0.01393601  -0.01954737    -0.01393601   0.01954737
  0.00744438  -0.02113058     0.00434288  -0.02073535    -0.01062697   0.02147088
 -0.00744438   0.02113058    -0.01062697   0.02147088     0.00434288  -0.02073535
    2    8
  0.01653947   0.00430153     0.00817959  -0.00794424    -0.00817959   0.00794424
  0.00491246  -0.00674936     0.00227663   0.01365838     0.01174386  -0.00953596
 -0.00491246   0.00674936     0.01174386  -0.00953596     0.00227663   0.01365838
    2    9
 -0.01071659  -0.00996614    -0.01393601   0.01954737     0.01393601  -0.01954737
 -0.00744438   0.02113058     0.00434288  -0.02073535    -0.01062697   0.02147088
  0.00744438  -0.02113058    -0.01062697   0.02147088     0.00434288  -0.02073535
    2   10
 -0.00454450   0.01647437    -0.01096970   0.00311162    -0.01096970   0.00311162
 -0.00830135   0.00087964     0.01069019   0.00880081     0.01413031  -0.00540251
 -0.00830135   0.00087964     0.01413031  -0.00540251     0.01069019   0.00880081
    2   11
 -0.00327264  -0.01426391     0.02389653  -0.00229526     0.02389653  -0.00229526
  0.02202181   0.00411827    -0.02012878  -0.00660663    -0.02390781  -0.00153221
  0.02202181   0.00411827    -0.02390781  -0.00153221    -0.02012878  -0.00660663
    3    1
 -0.02522590  -0.00000000     0.00000000  -0.00000000    -0.00000000   0.00000000
 -0.00000000   0.00000000     0.03174672   0.00000000     0.00000000  -0.02567431
  0.00000000   0.00000000     0.00000000  -0.02567431     0.03174672   0.00000000
    3    2
 -0.00957534  -0.01658498    -0.00000000   0.00000000    -0.00000000   0.00000000
 -0.00000000   0.00000000     0.00002847   0.00004931    -0.01960628   0.01131969
  0.00000000   0.00000000    -0.01960628   0.01131969     0.00002847   0.00004931
    3    3
  0.10711986  -0.00000000    -0.00000000   0.00000000     0.00000000  -0.00000000
 -0.00000000  -0.00000000     0.07744318   0.00000000    -0.00000000   0.00000000
  0.00000000   0.00000000    -0.00000000   0.00000000     0.07744318   0.00000000
    3    4
 -0.00327264   0.01426391    -0.02389653  -0.00229526    -0.02389653  -0.00229526
 -0.02202181   0.00411827    -0.02012878   0.00660663    -0.02390781   0.00153221
 -0.02202181   0.00411827    -0.02390781   0.00153221    -0.02012878   0.00660663
    3    5
 -0.00454450  -0.01647437     0.01096970   0.00311162     0.01096970   0.00311162
  0.00830135   0.00087964     0.01069019  -0.00880081     0.01413031   0.00540251
  0.00830135   0.00087964     0.01413031   0.00540251     0.01069019  -0.00880081
    3    6
 -0.01071659   0.00996614     0.01393601   0.01954737    -0.01393601  -0.01954737
  0.00744438   0.02113058     0.00434288   0.02073535    -0.01062697  -0.02147088
 -0.00744438  -0.02113058    -0.01062697  -0.02147088     0.00434288   0.02073535
    3    7
  0.01653947  -0.00430153    -0.00817959  -0.00794424     0.00817959   0.00794424
 -0.00491246  -0.00674936     0.00227663  -0.01365838     0.01174386   0.00953596
  0.00491246   0.00674936     0.01174386   0.00953596     0.00227663  -0.01365838
    3    8
 -0.01071659   0.00996614    -0.01393601  -0.01954737     0.01393601   0.01954737
 -0.00744438  -0.02113058     0.00434288   0.02073535    -0.01062697  -0.02147088
  0.00744438   0.02113058    -0.01062697  -0.02147088     0.00434288   0.02073535
    3    9
  0.01653947  -0.00430153     0.00817959   0.00794424    -0.00817959  -0.00794424
  0.00491246   0.00674936     0.00227663  -0.01365838     0.01174386   0.00953596
 -0.00491246  -0.00674936     0.01174386   0.00953596     0.00227663  -0.01365838
    3   10
 -0.00327264   0.01426391     0.02389653   0.00229526     0.02389653   0.00229526
  0.02202181  -0.00411827    -0.02012878   0.00660663    -0.02390781   0.00153221
  0.02202181  -0.00411827    -0.02390781   0.00153221    -0.02012878   0.00660663
    3   11
 -0.00454450  -0.01647437    -0.01096970  -0.00311162    -0.01096970  -0.00311162
 -0.00830135  -0.00087964     0.01069019  -0.00880081     0.01413031   0.00540251
 -0.00830135  -0.00087964     0.01413031   0.00540251     0.01069019  -0.00880081
    4    1
  0.04751140  -0.03531205    -0.01384533   0.00438217    -0.01384533   0.00438217
