  3.500000000000000E-002   1.50273456926983        5.55224362354358     
           8

     Dynamical  Matrix in cartesian axes

     q = (    0.117851130   0.117851130  -0.117851130 ) 

    1    1
  0.14512385   0.00000000     0.02020865   0.00000000    -0.02020865   0.00000000
  0.02020865   0.00000000     0.14512385   0.00000000    -0.02020865   0.00000000
 -0.02020865   0.00000000    -0.02020865   0.00000000     0.14512385   0.00000000
    1    2
 -0.02340613   0.00958113     0.01598292   0.00515476    -0.01598292  -0.00515476
  0.01598292   0.00515476    -0.02340613   0.00958113    -0.01598292  -0.00515476
 -0.01598292  -0.00515476    -0.01598292  -0.00515476    -0.02340613   0.00958113
    1    3
 -0.02000056   0.01547974     0.00352730  -0.01641899    -0.00352730   0.01641899
  0.00352730  -0.01641899    -0.02000056   0.01547974    -0.00352730   0.01641899
 -0.00352730   0.01641899    -0.00352730   0.01641899    -0.02000056   0.01547974
    1    4
  0.00572254   0.01040958     0.01271180  -0.00422461     0.00448362  -0.01506096
  0.01271180  -0.00422461     0.00572254   0.01040958     0.00448362  -0.01506096
  0.00769024  -0.01666313     0.00769024  -0.01666313    -0.01593049  -0.02582446
    1    5
 -0.00615369  -0.01016066     0.01001452  -0.00889644     0.01528498   0.00364755
  0.01001452  -0.00889644    -0.00615369  -0.01016066     0.01528498   0.00364755
  0.01827582   0.00167162     0.01827582   0.00167162     0.01439939   0.02670844
    1    6
 -0.01971629  -0.01229194     0.01140108   0.00944967    -0.01140108  -0.00944967
  0.01140108   0.00944967    -0.01971629  -0.01229194    -0.01140108  -0.00944967
 -0.01140108  -0.00944967    -0.01140108  -0.00944967    -0.01971629  -0.01229194
    1    7
  0.00078699   0.02322078    -0.00248311  -0.01459846     0.00248311   0.01459846
 -0.00248311  -0.01459846     0.00078699   0.02322078     0.00248311   0.01459846
  0.00248311   0.01459846     0.00248311   0.01459846     0.00078699   0.02322078
    1    8
 -0.01593049  -0.02582446    -0.00769024   0.01666313     0.00769024  -0.01666313
 -0.00448362   0.01506096     0.00572254   0.01040958    -0.01271180   0.00422461
  0.00448362  -0.01506096    -0.01271180   0.00422461     0.00572254   0.01040958
    1    9
  0.01439939   0.02670844    -0.01827582  -0.00167162     0.01827582   0.00167162
 -0.01528498  -0.00364755    -0.00615369  -0.01016066    -0.01001452   0.00889644
  0.01528498   0.00364755    -0.01001452   0.00889644    -0.00615369  -0.01016066
    1   10
  0.00572254   0.01040958    -0.00448362   0.01506096    -0.01271180   0.00422461
 -0.00769024   0.01666313    -0.01593049  -0.02582446     0.00769024  -0.01666313
 -0.01271180   0.00422461     0.00448362  -0.01506096     0.00572254   0.01040958
    1   11
 -0.00615369  -0.01016066    -0.01528498  -0.00364755    -0.01001452   0.00889644
 -0.01827582  -0.00167162     0.01439939   0.02670844     0.01827582   0.00167162
 -0.01001452   0.00889644     0.01528498   0.00364755    -0.00615369  -0.01016066
    2    1
 -0.02340613  -0.00958113     0.01598292  -0.00515476    -0.01598292   0.00515476
  0.01598292  -0.00515476    -0.02340613  -0.00958113    -0.01598292   0.00515476
 -0.01598292   0.00515476    -0.01598292   0.00515476    -0.02340613  -0.00958113
    2    2
  0.05812013  -0.00000000     0.00705625  -0.00000000    -0.00705625   0.00000000
  0.00705625  -0.00000000     0.05812013  -0.00000000    -0.00705625   0.00000000
 -0.00705625   0.00000000    -0.00705625   0.00000000     0.05812013  -0.00000000
    2    3
 -0.00458792   0.00499885    -0.00135009   0.00281310     0.00135009  -0.00281310
 -0.00135009   0.00281310    -0.00458792   0.00499885     0.00135009  -0.00281310
  0.00135009  -0.00281310     0.00135009  -0.00281310    -0.00458792   0.00499885
    2    4
  0.00727743   0.00102528    -0.00160495  -0.00166945    -0.00212259   0.00159447
 -0.00160495  -0.00166945     0.00727743   0.00102528    -0.00212259   0.00159447
 -0.00028007   0.00112315    -0.00028007   0.00112315     0.00749010   0.00695721
    2    5
 -0.01126221  -0.00264739    -0.01153842  -0.00048365    -0.01406550  -0.00460575
 -0.01153842  -0.00048365    -0.01126221  -0.00264739    -0.01406550  -0.00460575
 -0.01545564   0.00136896    -0.01545564   0.00136896    -0.01180846  -0.00657083
    2    6
  0.00946993   0.00171950     0.00184955  -0.00356200    -0.00184955   0.00356200
  0.00184955  -0.00356200     0.00946993   0.00171950    -0.00184955   0.00356200
 -0.00184955   0.00356200    -0.00184955   0.00356200     0.00946993   0.00171950
    2    7
 -0.01021405   0.00754642    -0.01194835   0.01728216     0.01194835  -0.01728216
 -0.01194835   0.01728216    -0.01021405   0.00754642     0.01194835  -0.01728216
  0.01194835  -0.01728216     0.01194835  -0.01728216    -0.01021405   0.00754642
    2    8
  0.00749010   0.00695721     0.00028007  -0.00112315    -0.00028007   0.00112315
  0.00212259  -0.00159447     0.00727743   0.00102528     0.00160495   0.00166945
 -0.00212259   0.00159447     0.00160495   0.00166945     0.00727743   0.00102528
    2    9
 -0.01180846  -0.00657083     0.01545564  -0.00136896    -0.01545564   0.00136896
  0.01406550   0.00460575    -0.01126221  -0.00264739     0.01153842   0.00048365
 -0.01406550  -0.00460575     0.01153842   0.00048365    -0.01126221  -0.00264739
    2   10
  0.00727743   0.00102528     0.00212259  -0.00159447     0.00160495   0.00166945
  0.00028007  -0.00112315     0.00749010   0.00695721    -0.00028007   0.00112315
  0.00160495   0.00166945    -0.00212259   0.00159447     0.00727743   0.00102528
    2   11
 -0.01126221  -0.00264739     0.01406550   0.00460575     0.01153842   0.00048365
  0.01545564  -0.00136896    -0.01180846  -0.00657083    -0.01545564   0.00136896
  0.01153842   0.00048365    -0.01406550  -0.00460575    -0.01126221  -0.00264739
    3    1
 -0.02000056  -0.01547974     0.00352730   0.01641899    -0.00352730  -0.01641899
  0.00352730   0.01641899    -0.02000056  -0.01547974    -0.00352730  -0.01641899
 -0.00352730  -0.01641899    -0.00352730  -0.01641899    -0.02000056  -0.01547974
    3    2
 -0.00458792  -0.00499885    -0.00135009  -0.00281310     0.00135009   0.00281310
 -0.00135009  -0.00281310    -0.00458792  -0.00499885     0.00135009   0.00281310
  0.00135009   0.00281310     0.00135009   0.00281310    -0.00458792  -0.00499885
    3    3
  0.05812013   0.00000000     0.00705625   0.00000000    -0.00705625  -0.00000000
  0.00705625   0.00000000     0.05812013   0.00000000    -0.00705625  -0.00000000
 -0.00705625  -0.00000000    -0.00705625  -0.00000000     0.05812013   0.00000000
    3    4
 -0.01126221   0.00264739    -0.01153842   0.00048365    -0.01406550   0.00460575
 -0.01153842   0.00048365    -0.01126221   0.00264739    -0.01406550   0.00460575
 -0.01545564  -0.00136896    -0.01545564  -0.00136896    -0.01180846   0.00657083
    3    5
  0.00727743  -0.00102528    -0.00160495   0.00166945    -0.00212259  -0.00159447
 -0.00160495   0.00166945     0.00727743  -0.00102528    -0.00212259  -0.00159447
 -0.00028007  -0.00112315    -0.00028007  -0.00112315     0.00749010  -0.00695721
    3    6
 -0.01021405  -0.00754642    -0.01194835  -0.01728216     0.01194835   0.01728216
 -0.01194835  -0.01728216    -0.01021405  -0.00754642     0.01194835   0.01728216
  0.01194835   0.01728216     0.01194835   0.01728216    -0.01021405  -0.00754642
    3    7
  0.00946993  -0.00171950     0.00184955   0.00356200    -0.00184955  -0.00356200
  0.00184955   0.00356200     0.00946993  -0.00171950    -0.00184955  -0.00356200
 -0.00184955  -0.00356200    -0.00184955  -0.00356200     0.00946993  -0.00171950
    3    8
 -0.01180846   0.00657083     0.01545564   0.00136896    -0.01545564  -0.00136896
  0.01406550  -0.00460575    -0.01126221   0.00264739     0.01153842  -0.00048365
 -0.01406550   0.00460575     0.01153842  -0.00048365    -0.01126221   0.00264739
    3    9
  0.00749010  -0.00695721     0.00028007   0.00112315    -0.00028007  -0.00112315
  0.00212259   0.00159447     0.00727743  -0.00102528     0.00160495  -0.00166945
 -0.00212259  -0.00159447     0.00160495  -0.00166945     0.00727743  -0.00102528
    3   10
 -0.01126221   0.00264739     0.01406550  -0.00460575     0.01153842  -0.00048365
  0.01545564   0.00136896    -0.01180846   0.00657083    -0.01545564  -0.00136896
  0.01153842  -0.00048365    -0.01406550   0.00460575    -0.01126221   0.00264739
    3   11
  0.00727743  -0.00102528     0.00212259   0.00159447     0.00160495  -0.00166945
  0.00028007   0.00112315     0.00749010  -0.00695721    -0.00028007  -0.00112315
  0.00160495  -0.00166945    -0.00212259  -0.00159447     0.00727743  -0.00102528
    4    1
  0.00572254  -0.01040958     0.01271180   0.00422461     0.00769024   0.01666313
  0.01271180   0.00422461     0.00572254  -0.01040958     0.00769024   0.01666313
  0.00448362   0.01506096     0.00448362   0.01506096    -0.01593049   0.02582446
    4    2
  0.00727743  -0.00102528    -0.00160495   0.00166945    -0.00028007  -0.00112315
 -0.00160495   0.00166945     0.00727743  -0.00102528    -0.00028007  -0.00112315
 -0.00212259  -0.00159447    -0.00212259  -0.00159447     0.00749010  -0.00695721
    4    3
 -0.01126221  -0.00264739    -0.01153842  -0.00048365    -0.01545564   0.00136896
 -0.01153842  -0.00048365    -0.01126221  -0.00264739    -0.01545564   0.00136896
 -0.01406550  -0.00460575    -0.01406550  -0.00460575    -0.01180846  -0.00657083
    4    4
  0.06016619   0.00000000     0.00061384   0.00000000    -0.00217657  -0.00081890
  0.00061384  -0.00000000     0.06016619  -0.00000000    -0.00217657  -0.00081890
 -0.00217657   0.00081890    -0.00217657   0.00081890     0.06397706  -0.00000000
    4    5
 -0.01488534   0.00001800    -0.00480435  -0.00126327    -0.00234529   0.00533637
 -0.00480435  -0.00126327    -0.01488534   0.00001800    -0.00234529   0.00533637
 -0.00234529   0.00533637    -0.00234529   0.00533637    -0.02093380   0.00065103
    4    6
 -0.01277393  -0.00083435     0.01121111  -0.00127067    -0.00436274  -0.00201593
  0.01121111  -0.00127067    -0.01277393  -0.00083435    -0.00436274  -0.00201593
  0.00526031   0.00134941     0.00526031   0.00134941     0.02094220   0.00266455
    4    7
  0.01196817  -0.00069078    -0.00484319  -0.00150616     0.00991815   0.00273394
 -0.00484319  -0.00150616     0.01196817  -0.00069078     0.00991815   0.00273394
 -0.01311817   0.00081085    -0.01311817   0.00081085    -0.04749320   0.00513480
    4    8
 -0.00835453  -0.00006279    -0.00124308  -0.00290965     0.01443556  -0.00000000
  0.00412770  -0.00319557     0.01525968  -0.00000000     0.00124308  -0.00290965
  0.01394100   0.00000000    -0.00412770  -0.00319557    -0.00835453   0.00006279
    4    9
  0.01001544   0.00149593     0.01167495  -0.00378642    -0.00675955   0.00835959
 -0.00823805  -0.00294912    -0.04414425  -0.00086708    -0.01167495   0.00378642
 -0.01213795   0.00631828     0.00823805   0.00294912     0.01001544   0.00149593
    4   10
  0.01525968   0.00000000     0.00412770  -0.00319557     0.00124308  -0.00290965
 -0.00124308  -0.00290965    -0.00835453  -0.00006279     0.01443556   0.00000000
 -0.00412770  -0.00319557     0.01394100   0.00000000    -0.00835453   0.00006279
    4   11
 -0.04414425  -0.00086708    -0.00823805  -0.00294912    -0.01167495   0.00378642
  0.01167495  -0.00378642     0.01001544   0.00149593    -0.00675955   0.00835959
  0.00823805   0.00294912    -0.01213795   0.00631828     0.01001544   0.00149593
    5    1
 -0.00615369   0.01016066     0.01001452   0.00889644     0.01827582  -0.00167162
  0.01001452   0.00889644    -0.00615369   0.01016066     0.01827582  -0.00167162
  0.01528498  -0.00364755     0.01528498  -0.00364755     0.01439939  -0.02670844
    5    2
 -0.01126221   0.00264739    -0.01153842   0.00048365    -0.01545564  -0.00136896
 -0.01153842   0.00048365    -0.01126221   0.00264739    -0.01545564  -0.00136896
 -0.01406550   0.00460575    -0.01406550   0.00460575    -0.01180846   0.00657083
    5    3
  0.00727743   0.00102528    -0.00160495  -0.00166945    -0.00028007   0.00112315
 -0.00160495  -0.00166945     0.00727743   0.00102528    -0.00028007   0.00112315
 -0.00212259   0.00159447    -0.00212259   0.00159447     0.00749010   0.00695721
    5    4
 -0.01488534  -0.00001800    -0.00480435   0.00126327    -0.00234529  -0.00533637
 -0.00480435   0.00126327    -0.01488534  -0.00001800    -0.00234529  -0.00533637
 -0.00234529  -0.00533637    -0.00234529  -0.00533637    -0.02093380  -0.00065103
    5    5
  0.06016619  -0.00000000     0.00061384  -0.00000000    -0.00217657   0.00081890
  0.00061384   0.00000000     0.06016619   0.00000000    -0.00217657   0.00081890
 -0.00217657  -0.00081890    -0.00217657  -0.00081890     0.06397706   0.00000000
    5    6
  0.01196817   0.00069078    -0.00484319   0.00150616     0.00991815  -0.00273394
 -0.00484319   0.00150616     0.01196817   0.00069078     0.00991815  -0.00273394
 -0.01311817  -0.00081085    -0.01311817  -0.00081085    -0.04749320  -0.00513480
    5    7
 -0.01277393   0.00083435     0.01121111   0.00127067    -0.00436274   0.00201593
  0.01121111   0.00127067    -0.01277393   0.00083435    -0.00436274   0.00201593
  0.00526031  -0.00134941     0.00526031  -0.00134941     0.02094220  -0.00266455
    5    8
  0.01001544  -0.00149593     0.01167495   0.00378642    -0.00675955  -0.00835959
 -0.00823805   0.00294912    -0.04414425   0.00086708    -0.01167495  -0.00378642
 -0.01213795  -0.00631828     0.00823805  -0.00294912     0.01001544  -0.00149593
    5    9
 -0.00835453   0.00006279    -0.00124308   0.00290965     0.01443556  -0.00000000
  0.00412770   0.00319557     0.01525968   0.00000000     0.00124308   0.00290965
  0.01394100  -0.00000000    -0.00412770   0.00319557    -0.00835453  -0.00006279
    5   10
 -0.04414425   0.00086708    -0.00823805   0.00294912    -0.01167495  -0.00378642
  0.01167495   0.00378642     0.01001544  -0.00149593    -0.00675955  -0.00835959
  0.00823805  -0.00294912    -0.01213795  -0.00631828     0.01001544  -0.00149593
    5   11
  0.01525968  -0.00000000     0.00412770   0.00319557     0.00124308   0.00290965
 -0.00124308   0.00290965    -0.00835453   0.00006279     0.01443556  -0.00000000
 -0.00412770   0.00319557     0.01394100  -0.00000000    -0.00835453  -0.00006279
    6    1
 -0.01971629   0.01229194     0.01140108  -0.00944967    -0.01140108   0.00944967
  0.01140108  -0.00944967    -0.01971629   0.01229194    -0.01140108   0.00944967
 -0.01140108   0.00944967    -0.01140108   0.00944967    -0.01971629   0.01229194
    6    2
  0.00946993  -0.00171950     0.00184955   0.00356200    -0.00184955  -0.00356200
  0.00184955   0.00356200     0.00946993  -0.00171950    -0.00184955  -0.00356200
 -0.00184955  -0.00356200    -0.00184955  -0.00356200     0.00946993  -0.00171950
    6    3
 -0.01021405   0.00754642    -0.01194835   0.01728216     0.01194835  -0.01728216
 -0.01194835   0.01728216    -0.01021405   0.00754642     0.01194835  -0.01728216
  0.01194835  -0.01728216     0.01194835  -0.01728216    -0.01021405   0.00754642
    6    4
 -0.01277393   0.00083435     0.01121111   0.00127067     0.00526031  -0.00134941
  0.01121111   0.00127067    -0.01277393   0.00083435     0.00526031  -0.00134941
 -0.00436274   0.00201593    -0.00436274   0.00201593     0.02094220  -0.00266455
    6    5
  0.01196817  -0.00069078    -0.00484319  -0.00150616    -0.01311817   0.00081085
 -0.00484319  -0.00150616     0.01196817  -0.00069078    -0.01311817   0.00081085
  0.00991815   0.00273394     0.00991815   0.00273394    -0.04749320   0.00513480
    6    6
  0.07412209   0.00000000    -0.00155958  -0.00000000     0.00155958   0.00000000
 -0.00155958  -0.00000000     0.07412209   0.00000000     0.00155958   0.00000000
  0.00155958   0.00000000     0.00155958   0.00000000     0.07412209   0.00000000
    6    7
 -0.01976330   0.01217757    -0.00693083  -0.00093192     0.00693083   0.00093192
 -0.00693083  -0.00093192    -0.01976330   0.01217757     0.00693083   0.00093192
  0.00693083   0.00093192     0.00693083   0.00093192    -0.01976330   0.01217757
    6    8
  0.02094220  -0.00266455     0.00436274  -0.00201593    -0.00436274   0.00201593
 -0.00526031   0.00134941    -0.01277393   0.00083435    -0.01121111  -0.00127067
  0.00526031  -0.00134941    -0.01121111  -0.00127067    -0.01277393   0.00083435
    6    9
 -0.04749320   0.00513480    -0.00991815  -0.00273394     0.00991815   0.00273394
  0.01311817  -0.00081085     0.01196817  -0.00069078     0.00484319   0.00150616
 -0.01311817   0.00081085     0.00484319   0.00150616     0.01196817  -0.00069078
    6   10
 -0.01277393   0.00083435    -0.00526031   0.00134941    -0.01121111  -0.00127067
  0.00436274  -0.00201593     0.02094220  -0.00266455    -0.00436274   0.00201593
 -0.01121111  -0.00127067     0.00526031  -0.00134941    -0.01277393   0.00083435
    6   11
  0.01196817  -0.00069078     0.01311817  -0.00081085     0.00484319   0.00150616
 -0.00991815  -0.00273394    -0.04749320   0.00513480     0.00991815   0.00273394
  0.00484319   0.00150616    -0.01311817   0.00081085     0.01196817  -0.00069078
    7    1
  0.00078699  -0.02322078    -0.00248311   0.01459846     0.00248311  -0.01459846
 -0.00248311   0.01459846     0.00078699  -0.02322078     0.00248311  -0.01459846
  0.00248311  -0.01459846     0.00248311  -0.01459846     0.00078699  -0.02322078
    7    2
 -0.01021405  -0.00754642    -0.01194835  -0.01728216     0.01194835   0.01728216
 -0.01194835  -0.01728216    -0.01021405  -0.00754642     0.01194835   0.01728216
  0.01194835   0.01728216     0.01194835   0.01728216    -0.01021405  -0.00754642
    7    3
  0.00946993   0.00171950     0.00184955  -0.00356200    -0.00184955   0.00356200
  0.00184955  -0.00356200     0.00946993   0.00171950    -0.00184955   0.00356200
 -0.00184955   0.00356200    -0.00184955   0.00356200     0.00946993   0.00171950
    7    4
  0.01196817   0.00069078    -0.00484319   0.00150616    -0.01311817  -0.00081085
 -0.00484319   0.00150616     0.01196817   0.00069078    -0.01311817  -0.00081085
  0.00991815  -0.00273394     0.00991815  -0.00273394    -0.04749320  -0.00513480
    7    5
 -0.01277393  -0.00083435     0.01121111  -0.00127067     0.00526031   0.00134941
  0.01121111  -0.00127067    -0.01277393  -0.00083435     0.00526031   0.00134941
 -0.00436274  -0.00201593    -0.00436274  -0.00201593     0.02094220   0.00266455
    7    6
 -0.01976330  -0.01217757    -0.00693083   0.00093192     0.00693083  -0.00093192
 -0.00693083   0.00093192    -0.01976330  -0.01217757     0.00693083  -0.00093192
  0.00693083  -0.00093192     0.00693083  -0.00093192    -0.01976330  -0.01217757
    7    7
  0.07412209  -0.00000000    -0.00155958   0.00000000     0.00155958  -0.00000000
 -0.00155958   0.00000000     0.07412209  -0.00000000     0.00155958  -0.00000000
  0.00155958  -0.00000000     0.00155958  -0.00000000     0.07412209  -0.00000000
    7    8
 -0.04749320  -0.00513480    -0.00991815   0.00273394     0.00991815  -0.00273394
  0.01311817   0.00081085     0.01196817   0.00069078     0.00484319  -0.00150616
 -0.01311817  -0.00081085     0.00484319  -0.00150616     0.01196817   0.00069078
    7    9
  0.02094220   0.00266455     0.00436274   0.00201593    -0.00436274  -0.00201593
 -0.00526031  -0.00134941    -0.01277393  -0.00083435    -0.01121111   0.00127067
  0.00526031   0.00134941    -0.01121111   0.00127067    -0.01277393  -0.00083435
    7   10
  0.01196817   0.00069078     0.01311817   0.00081085     0.00484319  -0.00150616
 -0.00991815   0.00273394    -0.04749320  -0.00513480     0.00991815  -0.00273394
  0.00484319  -0.00150616    -0.01311817  -0.00081085     0.01196817   0.00069078
    7   11
 -0.01277393  -0.00083435    -0.00526031  -0.00134941    -0.01121111   0.00127067
  0.00436274   0.00201593     0.02094220   0.00266455    -0.00436274  -0.00201593
 -0.01121111   0.00127067     0.00526031   0.00134941    -0.01277393  -0.00083435
    8    1
 -0.01593049   0.02582446    -0.00448362  -0.01506096     0.00448362   0.01506096
 -0.00769024  -0.01666313     0.00572254  -0.01040958    -0.01271180  -0.00422461
  0.00769024   0.01666313    -0.01271180  -0.00422461     0.00572254  -0.01040958
    8    2
  0.00749010  -0.00695721     0.00212259   0.00159447    -0.00212259  -0.00159447
  0.00028007   0.00112315     0.00727743  -0.00102528     0.00160495  -0.00166945
 -0.00028007  -0.00112315     0.00160495  -0.00166945     0.00727743  -0.00102528
    8    3
 -0.01180846  -0.00657083     0.01406550   0.00460575    -0.01406550  -0.00460575
  0.01545564  -0.00136896    -0.01126221  -0.00264739     0.01153842   0.00048365
 -0.01545564   0.00136896     0.01153842   0.00048365    -0.01126221  -0.00264739
    8    4
 -0.00835453   0.00006279     0.00412770   0.00319557     0.01394100  -0.00000000
 -0.00124308   0.00290965     0.01525968   0.00000000    -0.00412770   0.00319557
  0.01443556   0.00000000     0.00124308   0.00290965    -0.00835453  -0.00006279
    8    5
  0.01001544   0.00149593    -0.00823805  -0.00294912    -0.01213795   0.00631828
  0.01167495  -0.00378642    -0.04414425  -0.00086708     0.00823805   0.00294912
 -0.00675955   0.00835959    -0.01167495   0.00378642     0.01001544   0.00149593
    8    6
  0.02094220   0.00266455    -0.00526031  -0.00134941     0.00526031   0.00134941
  0.00436274   0.00201593    -0.01277393  -0.00083435    -0.01121111   0.00127067
 -0.00436274  -0.00201593    -0.01121111   0.00127067    -0.01277393  -0.00083435
    8    7
 -0.04749320   0.00513480     0.01311817  -0.00081085    -0.01311817   0.00081085
 -0.00991815  -0.00273394     0.01196817  -0.00069078     0.00484319   0.00150616
  0.00991815   0.00273394     0.00484319   0.00150616     0.01196817  -0.00069078
    8    8
  0.06397706  -0.00000000     0.00217657  -0.00081890    -0.00217657   0.00081890
  0.00217657   0.00081890     0.06016619  -0.00000000    -0.00061384   0.00000000
 -0.00217657  -0.00081890    -0.00061384   0.00000000     0.06016619  -0.00000000
    8    9
 -0.02093380   0.00065103     0.00234529  -0.00533637    -0.00234529   0.00533637
  0.00234529  -0.00533637    -0.01488534   0.00001800     0.00480435   0.00126327
 -0.00234529   0.00533637     0.00480435   0.00126327    -0.01488534   0.00001800
    8   10
 -0.00835453   0.00006279    -0.01394100  -0.00000000    -0.00412770  -0.00319557
 -0.01443556  -0.00000000    -0.00835453  -0.00006279     0.00124308   0.00290965
  0.00124308  -0.00290965    -0.00412770   0.00319557     0.01525968   0.00000000
    8   11
  0.01001544   0.00149593     0.01213795  -0.00631828     0.00823805   0.00294912
  0.00675955  -0.00835959     0.01001544   0.00149593    -0.01167495   0.00378642
 -0.01167495   0.00378642     0.00823805   0.00294912    -0.04414425  -0.00086708
    9    1
  0.01439939  -0.02670844    -0.01528498   0.00364755     0.01528498  -0.00364755
 -0.01827582   0.00167162    -0.00615369   0.01016066    -0.01001452  -0.00889644
  0.01827582  -0.00167162    -0.01001452  -0.00889644    -0.00615369   0.01016066
    9    2
 -0.01180846   0.00657083     0.01406550  -0.00460575    -0.01406550   0.00460575
  0.01545564   0.00136896    -0.01126221   0.00264739     0.01153842  -0.00048365
 -0.01545564  -0.00136896     0.01153842  -0.00048365    -0.01126221   0.00264739
    9    3
  0.00749010   0.00695721     0.00212259  -0.00159447    -0.00212259   0.00159447
  0.00028007  -0.00112315     0.00727743   0.00102528     0.00160495   0.00166945
 -0.00028007   0.00112315     0.00160495   0.00166945     0.00727743   0.00102528
    9    4
  0.01001544  -0.00149593    -0.00823805   0.00294912    -0.01213795  -0.00631828
  0.01167495   0.00378642    -0.04414425   0.00086708     0.00823805  -0.00294912
 -0.00675955  -0.00835959    -0.01167495  -0.00378642     0.01001544  -0.00149593
    9    5
 -0.00835453  -0.00006279     0.00412770  -0.00319557     0.01394100   0.00000000
 -0.00124308  -0.00290965     0.01525968   0.00000000    -0.00412770  -0.00319557
  0.01443556  -0.00000000     0.00124308  -0.00290965    -0.00835453   0.00006279
    9    6
 -0.04749320  -0.00513480     0.01311817   0.00081085    -0.01311817  -0.00081085
 -0.00991815   0.00273394     0.01196817   0.00069078     0.00484319  -0.00150616
  0.00991815  -0.00273394     0.00484319  -0.00150616     0.01196817   0.00069078
    9    7
  0.02094220  -0.00266455    -0.00526031   0.00134941     0.00526031  -0.00134941
  0.00436274  -0.00201593    -0.01277393   0.00083435    -0.01121111  -0.00127067
 -0.00436274   0.00201593    -0.01121111  -0.00127067    -0.01277393   0.00083435
    9    8
 -0.02093380  -0.00065103     0.00234529   0.00533637    -0.00234529  -0.00533637
  0.00234529   0.00533637    -0.01488534  -0.00001800     0.00480435  -0.00126327
 -0.00234529  -0.00533637     0.00480435  -0.00126327    -0.01488534  -0.00001800
    9    9
  0.06397706   0.00000000     0.00217657   0.00081890    -0.00217657  -0.00081890
  0.00217657  -0.00081890     0.06016619   0.00000000    -0.00061384  -0.00000000
 -0.00217657   0.00081890    -0.00061384  -0.00000000     0.06016619   0.00000000
    9   10
  0.01001544  -0.00149593     0.01213795   0.00631828     0.00823805  -0.00294912
  0.00675955   0.00835959     0.01001544  -0.00149593    -0.01167495  -0.00378642
 -0.01167495  -0.00378642     0.00823805  -0.00294912    -0.04414425   0.00086708
    9   11
 -0.00835453  -0.00006279    -0.01394100   0.00000000    -0.00412770   0.00319557
 -0.01443556   0.00000000    -0.00835453   0.00006279     0.00124308  -0.00290965
  0.00124308   0.00290965    -0.00412770  -0.00319557     0.01525968   0.00000000
   10    1
  0.00572254  -0.01040958    -0.00769024  -0.01666313    -0.01271180  -0.00422461
 -0.00448362  -0.01506096    -0.01593049   0.02582446     0.00448362   0.01506096
 -0.01271180  -0.00422461     0.00769024   0.01666313     0.00572254  -0.01040958
   10    2
  0.00727743  -0.00102528     0.00028007   0.00112315     0.00160495  -0.00166945
  0.00212259   0.00159447     0.00749010  -0.00695721    -0.00212259  -0.00159447
  0.00160495  -0.00166945    -0.00028007  -0.00112315     0.00727743  -0.00102528
   10    3
 -0.01126221  -0.00264739     0.01545564  -0.00136896     0.01153842   0.00048365
  0.01406550   0.00460575    -0.01180846  -0.00657083    -0.01406550  -0.00460575
  0.01153842   0.00048365    -0.01545564   0.00136896    -0.01126221  -0.00264739
   10    4
  0.01525968   0.00000000    -0.00124308   0.00290965    -0.00412770   0.00319557
  0.00412770   0.00319557    -0.00835453   0.00006279     0.01394100   0.00000000
  0.00124308   0.00290965     0.01443556   0.00000000    -0.00835453  -0.00006279
   10    5
 -0.04414425  -0.00086708     0.01167495  -0.00378642     0.00823805   0.00294912
 -0.00823805  -0.00294912     0.01001544   0.00149593    -0.01213795   0.00631828
 -0.01167495   0.00378642    -0.00675955   0.00835959     0.01001544   0.00149593
   10    6
 -0.01277393  -0.00083435     0.00436274   0.00201593    -0.01121111   0.00127067
 -0.00526031  -0.00134941     0.02094220   0.00266455     0.00526031   0.00134941
 -0.01121111   0.00127067    -0.00436274  -0.00201593    -0.01277393  -0.00083435
   10    7
  0.01196817  -0.00069078    -0.00991815  -0.00273394     0.00484319   0.00150616
  0.01311817  -0.00081085    -0.04749320   0.00513480    -0.01311817   0.00081085
  0.00484319   0.00150616     0.00991815   0.00273394     0.01196817  -0.00069078
   10    8
 -0.00835453  -0.00006279    -0.01443556  -0.00000000     0.00124308   0.00290965
 -0.01394100  -0.00000000    -0.00835453   0.00006279    -0.00412770  -0.00319557
 -0.00412770   0.00319557     0.00124308  -0.00290965     0.01525968   0.00000000
   10    9
  0.01001544   0.00149593     0.00675955  -0.00835959    -0.01167495   0.00378642
  0.01213795  -0.00631828     0.01001544   0.00149593     0.00823805   0.00294912
  0.00823805   0.00294912    -0.01167495   0.00378642    -0.04414425  -0.00086708
   10   10
  0.06016619  -0.00000000     0.00217657   0.00081890    -0.00061384  -0.00000000
  0.00217657  -0.00081890     0.06397706  -0.00000000    -0.00217657   0.00081890
 -0.00061384  -0.00000000    -0.00217657  -0.00081890     0.06016619  -0.00000000
   10   11
 -0.01488534   0.00001800     0.00234529  -0.00533637     0.00480435   0.00126327
  0.00234529  -0.00533637    -0.02093380   0.00065103    -0.00234529   0.00533637
  0.00480435   0.00126327    -0.00234529   0.00533637    -0.01488534   0.00001800
   11    1
 -0.00615369   0.01016066    -0.01827582   0.00167162    -0.01001452  -0.00889644
 -0.01528498   0.00364755     0.01439939  -0.02670844     0.01528498  -0.00364755
 -0.01001452  -0.00889644     0.01827582  -0.00167162    -0.00615369   0.01016066
   11    2
 -0.01126221   0.00264739     0.01545564   0.00136896     0.01153842  -0.00048365
  0.01406550  -0.00460575    -0.01180846   0.00657083    -0.01406550   0.00460575
  0.01153842  -0.00048365    -0.01545564  -0.00136896    -0.01126221   0.00264739
   11    3
  0.00727743   0.00102528     0.00028007  -0.00112315     0.00160495   0.00166945
  0.00212259  -0.00159447     0.00749010   0.00695721    -0.00212259   0.00159447
  0.00160495   0.00166945    -0.00028007   0.00112315     0.00727743   0.00102528
   11    4
 -0.04414425   0.00086708     0.01167495   0.00378642     0.00823805  -0.00294912
 -0.00823805   0.00294912     0.01001544  -0.00149593    -0.01213795  -0.00631828
 -0.01167495  -0.00378642    -0.00675955  -0.00835959     0.01001544  -0.00149593
   11    5
  0.01525968  -0.00000000    -0.00124308  -0.00290965    -0.00412770  -0.00319557
  0.00412770  -0.00319557    -0.00835453  -0.00006279     0.01394100  -0.00000000
  0.00124308  -0.00290965     0.01443556  -0.00000000    -0.00835453   0.00006279
   11    6
  0.01196817   0.00069078    -0.00991815   0.00273394     0.00484319  -0.00150616
  0.01311817   0.00081085    -0.04749320  -0.00513480    -0.01311817  -0.00081085
  0.00484319  -0.00150616     0.00991815  -0.00273394     0.01196817   0.00069078
   11    7
 -0.01277393   0.00083435     0.00436274  -0.00201593    -0.01121111  -0.00127067
 -0.00526031   0.00134941     0.02094220  -0.00266455     0.00526031  -0.00134941
 -0.01121111  -0.00127067    -0.00436274   0.00201593    -0.01277393   0.00083435
   11    8
  0.01001544  -0.00149593     0.00675955   0.00835959    -0.01167495  -0.00378642
  0.01213795   0.00631828     0.01001544  -0.00149593     0.00823805  -0.00294912
  0.00823805  -0.00294912    -0.01167495  -0.00378642    -0.04414425   0.00086708
   11    9
 -0.00835453   0.00006279    -0.01443556   0.00000000     0.00124308  -0.00290965
 -0.01394100   0.00000000    -0.00835453  -0.00006279    -0.00412770   0.00319557
 -0.00412770  -0.00319557     0.00124308   0.00290965     0.01525968  -0.00000000
   11   10
 -0.01488534  -0.00001800     0.00234529   0.00533637     0.00480435  -0.00126327
  0.00234529   0.00533637    -0.02093380  -0.00065103    -0.00234529  -0.00533637
  0.00480435  -0.00126327    -0.00234529  -0.00533637    -0.01488534  -0.00001800
   11   11
  0.06016619   0.00000000     0.00217657  -0.00081890    -0.00061384   0.00000000
  0.00217657   0.00081890     0.06397706   0.00000000    -0.00217657  -0.00081890
 -0.00061384   0.00000000    -0.00217657   0.00081890     0.06016619   0.00000000

     Dynamical  Matrix in cartesian axes

     q = (    0.117851130  -0.117851130  -0.117851130 ) 

    1    1
  0.14512385   0.00000000    -0.02020865   0.00000000    -0.02020865   0.00000000
 -0.02020865   0.00000000     0.14512385   0.00000000     0.02020865   0.00000000
 -0.02020865   0.00000000     0.02020865   0.00000000     0.14512385   0.00000000
    1    2
 -0.02340613  -0.00958113    -0.01598292   0.00515476    -0.01598292   0.00515476
 -0.01598292   0.00515476    -0.02340613  -0.00958113     0.01598292  -0.00515476
 -0.01598292   0.00515476     0.01598292  -0.00515476    -0.02340613  -0.00958113
    1    3
 -0.02000056  -0.01547974    -0.00352730  -0.01641899    -0.00352730  -0.01641899
 -0.00352730  -0.01641899    -0.02000056  -0.01547974     0.00352730   0.01641899
 -0.00352730  -0.01641899     0.00352730   0.01641899    -0.02000056  -0.01547974
    1    4
 -0.01593049   0.02582446     0.00769024   0.01666313     0.00769024   0.01666313
  0.00448362   0.01506096     0.00572254  -0.01040958     0.01271180   0.00422461
  0.00448362   0.01506096     0.01271180   0.00422461     0.00572254  -0.01040958
    1    5
  0.01439939  -0.02670844     0.01827582  -0.00167162     0.01827582  -0.00167162
  0.01528498  -0.00364755    -0.00615369   0.01016066     0.01001452   0.00889644
  0.01528498  -0.00364755     0.01001452   0.00889644    -0.00615369   0.01016066
    1    6
  0.00572254  -0.01040958     0.00448362   0.01506096    -0.01271180  -0.00422461
  0.00769024   0.01666313    -0.01593049   0.02582446    -0.00769024  -0.01666313
 -0.01271180  -0.00422461    -0.00448362  -0.01506096     0.00572254  -0.01040958
    1    7
 -0.00615369   0.01016066     0.01528498  -0.00364755    -0.01001452  -0.00889644
  0.01827582  -0.00167162     0.01439939  -0.02670844    -0.01827582   0.00167162
 -0.01001452  -0.00889644    -0.01528498   0.00364755    -0.00615369   0.01016066
    1    8
  0.00572254  -0.01040958    -0.01271180  -0.00422461     0.00448362   0.01506096
 -0.01271180  -0.00422461     0.00572254  -0.01040958    -0.00448362  -0.01506096
  0.00769024   0.01666313    -0.00769024  -0.01666313    -0.01593049   0.02582446
    1    9
 -0.00615369   0.01016066    -0.01001452  -0.00889644     0.01528498  -0.00364755
 -0.01001452  -0.00889644    -0.00615369   0.01016066    -0.01528498   0.00364755
  0.01827582  -0.00167162    -0.01827582   0.00167162     0.01439939  -0.02670844
    1   10
 -0.01971629   0.01229194    -0.01140108   0.00944967    -0.01140108   0.00944967
 -0.01140108   0.00944967    -0.01971629   0.01229194     0.01140108  -0.00944967
 -0.01140108   0.00944967     0.01140108  -0.00944967    -0.01971629   0.01229194
    1   11
  0.00078699  -0.02322078     0.00248311  -0.01459846     0.00248311  -0.01459846
  0.00248311  -0.01459846     0.00078699  -0.02322078    -0.00248311   0.01459846
  0.00248311  -0.01459846    -0.00248311   0.01459846     0.00078699  -0.02322078
    2    1
 -0.02340613   0.00958113    -0.01598292  -0.00515476    -0.01598292  -0.00515476
 -0.01598292  -0.00515476    -0.02340613   0.00958113     0.01598292   0.00515476
 -0.01598292  -0.00515476     0.01598292   0.00515476    -0.02340613   0.00958113
    2    2
  0.05812013   0.00000000    -0.00705625  -0.00000000    -0.00705625  -0.00000000
 -0.00705625  -0.00000000     0.05812013   0.00000000     0.00705625   0.00000000
 -0.00705625  -0.00000000     0.00705625   0.00000000     0.05812013   0.00000000
    2    3
 -0.00458792  -0.00499885     0.00135009   0.00281310     0.00135009   0.00281310
  0.00135009   0.00281310    -0.00458792  -0.00499885    -0.00135009  -0.00281310
  0.00135009   0.00281310    -0.00135009  -0.00281310    -0.00458792  -0.00499885
    2    4
  0.00749010  -0.00695721    -0.00028007  -0.00112315    -0.00028007  -0.00112315
 -0.00212259  -0.00159447     0.00727743  -0.00102528    -0.00160495   0.00166945
 -0.00212259  -0.00159447    -0.00160495   0.00166945     0.00727743  -0.00102528
    2    5
 -0.01180846   0.00657083    -0.01545564  -0.00136896    -0.01545564  -0.00136896
 -0.01406550   0.00460575    -0.01126221   0.00264739    -0.01153842   0.00048365
 -0.01406550   0.00460575    -0.01153842   0.00048365    -0.01126221   0.00264739
    2    6
  0.00727743  -0.00102528    -0.00212259  -0.00159447     0.00160495  -0.00166945
 -0.00028007  -0.00112315     0.00749010  -0.00695721     0.00028007   0.00112315
  0.00160495  -0.00166945     0.00212259   0.00159447     0.00727743  -0.00102528
    2    7
 -0.01126221   0.00264739    -0.01406550   0.00460575     0.01153842  -0.00048365
 -0.01545564  -0.00136896    -0.01180846   0.00657083     0.01545564   0.00136896
  0.01153842  -0.00048365     0.01406550  -0.00460575    -0.01126221   0.00264739
    2    8
  0.00727743  -0.00102528     0.00160495  -0.00166945    -0.00212259  -0.00159447
  0.00160495  -0.00166945     0.00727743  -0.00102528     0.00212259   0.00159447
 -0.00028007  -0.00112315     0.00028007   0.00112315     0.00749010  -0.00695721
    2    9
 -0.01126221   0.00264739     0.01153842  -0.00048365    -0.01406550   0.00460575
  0.01153842  -0.00048365    -0.01126221   0.00264739     0.01406550  -0.00460575
 -0.01545564  -0.00136896     0.01545564   0.00136896    -0.01180846   0.00657083
    2   10
  0.00946993  -0.00171950    -0.00184955  -0.00356200    -0.00184955  -0.00356200
 -0.00184955  -0.00356200     0.00946993  -0.00171950     0.00184955   0.00356200
 -0.00184955  -0.00356200     0.00184955   0.00356200     0.00946993  -0.00171950
    2   11
 -0.01021405  -0.00754642     0.01194835   0.01728216     0.01194835   0.01728216
  0.01194835   0.01728216    -0.01021405  -0.00754642    -0.01194835  -0.01728216
  0.01194835   0.01728216    -0.01194835  -0.01728216    -0.01021405  -0.00754642
    3    1
 -0.02000056   0.01547974    -0.00352730   0.01641899    -0.00352730   0.01641899
 -0.00352730   0.01641899    -0.02000056   0.01547974     0.00352730  -0.01641899
 -0.00352730   0.01641899     0.00352730  -0.01641899    -0.02000056   0.01547974
    3    2
 -0.00458792   0.00499885     0.00135009  -0.00281310     0.00135009  -0.00281310
  0.00135009  -0.00281310    -0.00458792   0.00499885    -0.00135009   0.00281310
  0.00135009  -0.00281310    -0.00135009   0.00281310    -0.00458792   0.00499885
    3    3
  0.05812013  -0.00000000    -0.00705625   0.00000000    -0.00705625   0.00000000
 -0.00705625   0.00000000     0.05812013  -0.00000000     0.00705625  -0.00000000
 -0.00705625   0.00000000     0.00705625  -0.00000000     0.05812013  -0.00000000
    3    4
 -0.01180846  -0.00657083    -0.01545564   0.00136896    -0.01545564   0.00136896
 -0.01406550  -0.00460575    -0.01126221  -0.00264739    -0.01153842  -0.00048365
 -0.01406550  -0.00460575    -0.01153842  -0.00048365    -0.01126221  -0.00264739
    3    5
  0.00749010   0.00695721    -0.00028007   0.00112315    -0.00028007   0.00112315
 -0.00212259   0.00159447     0.00727743   0.00102528    -0.00160495  -0.00166945
 -0.00212259   0.00159447    -0.00160495  -0.00166945     0.00727743   0.00102528
    3    6
 -0.01126221  -0.00264739    -0.01406550  -0.00460575     0.01153842   0.00048365
 -0.01545564   0.00136896    -0.01180846  -0.00657083     0.01545564  -0.00136896
  0.01153842   0.00048365     0.01406550   0.00460575    -0.01126221  -0.00264739
    3    7
  0.00727743   0.00102528    -0.00212259   0.00159447     0.00160495   0.00166945
 -0.00028007   0.00112315     0.00749010   0.00695721     0.00028007  -0.00112315
  0.00160495   0.00166945     0.00212259  -0.00159447     0.00727743   0.00102528
    3    8
 -0.01126221  -0.00264739     0.01153842   0.00048365    -0.01406550  -0.00460575
  0.01153842   0.00048365    -0.01126221  -0.00264739     0.01406550   0.00460575
 -0.01545564   0.00136896     0.01545564  -0.00136896    -0.01180846  -0.00657083
    3    9
  0.00727743   0.00102528     0.00160495   0.00166945    -0.00212259   0.00159447
  0.00160495   0.00166945     0.00727743   0.00102528     0.00212259  -0.00159447
 -0.00028007   0.00112315     0.00028007  -0.00112315     0.00749010   0.00695721
    3   10
 -0.01021405   0.00754642     0.01194835  -0.01728216     0.01194835  -0.01728216
  0.01194835  -0.01728216    -0.01021405   0.00754642    -0.01194835   0.01728216
  0.01194835  -0.01728216    -0.01194835   0.01728216    -0.01021405   0.00754642
    3   11
  0.00946993   0.00171950    -0.00184955   0.00356200    -0.00184955   0.00356200
 -0.00184955   0.00356200     0.00946993   0.00171950     0.00184955  -0.00356200
 -0.00184955   0.00356200     0.00184955  -0.00356200     0.00946993   0.00171950
    4    1
 -0.01593049  -0.02582446     0.00448362  -0.01506096     0.00448362  -0.01506096
