  4.500000000000000E-002   1.50316355304967        5.45022541909342     
           4

     Dynamical  Matrix in cartesian axes

     q = (   -0.353553391  -0.353553391   0.353553391 ) 

    1    1
  0.20672688   0.00000000     0.06272215   0.00000000    -0.06272215   0.00000000
  0.06272215   0.00000000     0.20672688   0.00000000    -0.06272215   0.00000000
 -0.06272215   0.00000000    -0.06272215   0.00000000     0.20672688   0.00000000
    1    2
  0.00801570  -0.00000000     0.03061684  -0.00000000    -0.03061684   0.00000000
  0.03061684  -0.00000000     0.00801570  -0.00000000    -0.03061684   0.00000000
 -0.03061684   0.00000000    -0.03061684   0.00000000     0.00801570  -0.00000000
    1    3
 -0.00801570   0.00000000    -0.03061684   0.00000000     0.03061684  -0.00000000
 -0.03061684   0.00000000    -0.00801570   0.00000000     0.03061684  -0.00000000
  0.03061684  -0.00000000     0.03061684  -0.00000000    -0.00801570   0.00000000
    1    4
  0.03582924  -0.00000000     0.00073084  -0.00000000    -0.01823687   0.00000000
  0.00073084  -0.00000000     0.03582924  -0.00000000    -0.01823687   0.00000000
 -0.00674663   0.00000000    -0.00674663   0.00000000    -0.03855716   0.00000000
    1    5
 -0.03582924   0.00000000    -0.00073084   0.00000000     0.01823687  -0.00000000
 -0.00073084   0.00000000    -0.03582924   0.00000000     0.01823687  -0.00000000
  0.00674663  -0.00000000     0.00674663  -0.00000000     0.03855716  -0.00000000
    1    6
 -0.04634063   0.00000000     0.00466595  -0.00000000    -0.00466595   0.00000000
  0.00466595  -0.00000000    -0.04634063   0.00000000    -0.00466595   0.00000000
 -0.00466595   0.00000000    -0.00466595   0.00000000    -0.04634063   0.00000000
    1    7
  0.04634063  -0.00000000    -0.00466595   0.00000000     0.00466595  -0.00000000
 -0.00466595   0.00000000     0.04634063  -0.00000000     0.00466595  -0.00000000
  0.00466595  -0.00000000     0.00466595  -0.00000000     0.04634063  -0.00000000
    1    8
 -0.03855716   0.00000000     0.00674663  -0.00000000    -0.00674663   0.00000000
  0.01823687  -0.00000000     0.03582924  -0.00000000    -0.00073084   0.00000000
 -0.01823687   0.00000000    -0.00073084   0.00000000     0.03582924  -0.00000000
    1    9
  0.03855716  -0.00000000    -0.00674663   0.00000000     0.00674663  -0.00000000
 -0.01823687   0.00000000    -0.03582924   0.00000000     0.00073084  -0.00000000
  0.01823687  -0.00000000     0.00073084  -0.00000000    -0.03582924   0.00000000
    1   10
  0.03582924  -0.00000000     0.01823687  -0.00000000    -0.00073084   0.00000000
  0.00674663  -0.00000000    -0.03855716   0.00000000    -0.00674663   0.00000000
 -0.00073084   0.00000000    -0.01823687   0.00000000     0.03582924  -0.00000000
    1   11
 -0.03582924   0.00000000    -0.01823687   0.00000000     0.00073084  -0.00000000
 -0.00674663   0.00000000     0.03855716  -0.00000000     0.00674663  -0.00000000
  0.00073084  -0.00000000     0.01823687  -0.00000000    -0.03582924   0.00000000
    2    1
  0.00801570   0.00000000     0.03061684   0.00000000    -0.03061684  -0.00000000
  0.03061684   0.00000000     0.00801570   0.00000000    -0.03061684  -0.00000000
 -0.03061684  -0.00000000    -0.03061684  -0.00000000     0.00801570   0.00000000
    2    2
  0.07921552   0.00000000    -0.00636568   0.00000000     0.00636568   0.00000000
 -0.00636568   0.00000000     0.07921552   0.00000000     0.00636568   0.00000000
  0.00636568   0.00000000     0.00636568   0.00000000     0.07921552   0.00000000
    2    3
 -0.00747078   0.00000000     0.00479795   0.00000000    -0.00479795   0.00000000
  0.00479795   0.00000000    -0.00747078   0.00000000    -0.00479795   0.00000000
 -0.00479795   0.00000000    -0.00479795   0.00000000    -0.00747078   0.00000000
    2    4
  0.01726166   0.00000000     0.00214918   0.00000000     0.00202106   0.00000000
  0.00214918   0.00000000     0.01726166   0.00000000     0.00202106   0.00000000
  0.00389682   0.00000000     0.00389682   0.00000000     0.01493905   0.00000000
    2    5
 -0.02234133   0.00000000    -0.01113382   0.00000000    -0.02071331   0.00000000
 -0.01113382   0.00000000    -0.02234133   0.00000000    -0.02071331   0.00000000
 -0.03087160   0.00000000    -0.03087160   0.00000000    -0.02347992   0.00000000
    2    6
  0.00121477   0.00000000    -0.00236085   0.00000000     0.00236085   0.00000000
 -0.00236085   0.00000000     0.00121477   0.00000000     0.00236085   0.00000000
  0.00236085   0.00000000     0.00236085   0.00000000     0.00121477   0.00000000
    2    7
  0.00800075   0.00000000     0.01600111   0.00000000    -0.01600111   0.00000000
  0.01600111   0.00000000     0.00800075   0.00000000    -0.01600111   0.00000000
 -0.01600111   0.00000000    -0.01600111   0.00000000     0.00800075   0.00000000
    2    8
  0.01493905   0.00000000    -0.00389682   0.00000000     0.00389682   0.00000000
 -0.00202106   0.00000000     0.01726166   0.00000000    -0.00214918   0.00000000
  0.00202106   0.00000000    -0.00214918   0.00000000     0.01726166   0.00000000
    2    9
 -0.02347992   0.00000000     0.03087160   0.00000000    -0.03087160   0.00000000
  0.02071331   0.00000000    -0.02234133   0.00000000     0.01113382   0.00000000
 -0.02071331   0.00000000     0.01113382   0.00000000    -0.02234133   0.00000000
    2   10
  0.01726166   0.00000000    -0.00202106   0.00000000    -0.00214918   0.00000000
 -0.00389682   0.00000000     0.01493905   0.00000000     0.00389682   0.00000000
 -0.00214918   0.00000000     0.00202106   0.00000000     0.01726166   0.00000000
    2   11
 -0.02234133   0.00000000     0.02071331   0.00000000     0.01113382   0.00000000
  0.03087160   0.00000000    -0.02347992   0.00000000    -0.03087160   0.00000000
  0.01113382   0.00000000    -0.02071331   0.00000000    -0.02234133   0.00000000
    3    1
 -0.00801570  -0.00000000    -0.03061684  -0.00000000     0.03061684   0.00000000
 -0.03061684  -0.00000000    -0.00801570  -0.00000000     0.03061684   0.00000000
  0.03061684   0.00000000     0.03061684   0.00000000    -0.00801570  -0.00000000
    3    2
 -0.00747078   0.00000000     0.00479795   0.00000000    -0.00479795   0.00000000
  0.00479795   0.00000000    -0.00747078   0.00000000    -0.00479795   0.00000000
 -0.00479795   0.00000000    -0.00479795   0.00000000    -0.00747078   0.00000000
    3    3
  0.07921552   0.00000000    -0.00636568   0.00000000     0.00636568   0.00000000
 -0.00636568   0.00000000     0.07921552   0.00000000     0.00636568   0.00000000
  0.00636568   0.00000000     0.00636568   0.00000000     0.07921552   0.00000000
    3    4
 -0.02234133   0.00000000    -0.01113382   0.00000000    -0.02071331   0.00000000
 -0.01113382   0.00000000    -0.02234133   0.00000000    -0.02071331   0.00000000
 -0.03087160   0.00000000    -0.03087160   0.00000000    -0.02347992   0.00000000
    3    5
  0.01726166   0.00000000     0.00214918   0.00000000     0.00202106   0.00000000
  0.00214918   0.00000000     0.01726166   0.00000000     0.00202106   0.00000000
  0.00389682   0.00000000     0.00389682   0.00000000     0.01493905   0.00000000
    3    6
  0.00800075   0.00000000     0.01600111   0.00000000    -0.01600111   0.00000000
  0.01600111   0.00000000     0.00800075   0.00000000    -0.01600111   0.00000000
 -0.01600111   0.00000000    -0.01600111   0.00000000     0.00800075   0.00000000
    3    7
  0.00121477   0.00000000    -0.00236085   0.00000000     0.00236085   0.00000000
 -0.00236085   0.00000000     0.00121477   0.00000000     0.00236085   0.00000000
  0.00236085   0.00000000     0.00236085   0.00000000     0.00121477   0.00000000
    3    8
 -0.02347992   0.00000000     0.03087160   0.00000000    -0.03087160   0.00000000
  0.02071331   0.00000000    -0.02234133   0.00000000     0.01113382   0.00000000
 -0.02071331   0.00000000     0.01113382   0.00000000    -0.02234133   0.00000000
    3    9
  0.01493905   0.00000000    -0.00389682   0.00000000     0.00389682   0.00000000
 -0.00202106   0.00000000     0.01726166   0.00000000    -0.00214918   0.00000000
  0.00202106   0.00000000    -0.00214918   0.00000000     0.01726166   0.00000000
    3   10
 -0.02234133   0.00000000     0.02071331   0.00000000     0.01113382   0.00000000
  0.03087160   0.00000000    -0.02347992   0.00000000    -0.03087160   0.00000000
  0.01113382   0.00000000    -0.02071331   0.00000000    -0.02234133   0.00000000
    3   11
  0.01726166   0.00000000    -0.00202106   0.00000000    -0.00214918   0.00000000
 -0.00389682   0.00000000     0.01493905   0.00000000     0.00389682   0.00000000
 -0.00214918   0.00000000     0.00202106   0.00000000     0.01726166   0.00000000
    4    1
  0.03582924   0.00000000     0.00073084   0.00000000    -0.00674663  -0.00000000
  0.00073084   0.00000000     0.03582924   0.00000000    -0.00674663  -0.00000000
 -0.01823687  -0.00000000    -0.01823687  -0.00000000    -0.03855716  -0.00000000
    4    2
  0.01726166   0.00000000     0.00214918   0.00000000     0.00389682   0.00000000
  0.00214918   0.00000000     0.01726166   0.00000000     0.00389682   0.00000000
  0.00202106   0.00000000     0.00202106   0.00000000     0.01493905   0.00000000
    4    3
 -0.02234133   0.00000000    -0.01113382   0.00000000    -0.03087160   0.00000000
 -0.01113382   0.00000000    -0.02234133   0.00000000    -0.03087160   0.00000000
 -0.02071331   0.00000000    -0.02071331   0.00000000    -0.02347992   0.00000000
    4    4
  0.07781979   0.00000000     0.00172423   0.00000000    -0.00079813   0.00000000
  0.00172423   0.00000000     0.07781979   0.00000000    -0.00079813   0.00000000
 -0.00079813   0.00000000    -0.00079813   0.00000000     0.05995813   0.00000000
    4    5
 -0.01528562   0.00000000    -0.01371282   0.00000000    -0.00732646   0.00000000
 -0.01371282   0.00000000    -0.01528562   0.00000000    -0.00732646   0.00000000
 -0.00732646   0.00000000    -0.00732646   0.00000000    -0.02040045   0.00000000
    4    6
 -0.01426362   0.00000000     0.01412865   0.00000000    -0.00971249   0.00000000
  0.01412865   0.00000000    -0.01426362   0.00000000    -0.00971249   0.00000000
  0.00503273   0.00000000     0.00503273   0.00000000     0.01957513   0.00000000
    4    7
  0.01250651  -0.00000000    -0.00304517   0.00000000     0.01102149  -0.00000000
 -0.00304517  -0.00000000     0.01250651   0.00000000     0.01102149   0.00000000
 -0.01306553  -0.00000000    -0.01306553   0.00000000    -0.02675032   0.00000000
    4    8
  0.00408335   0.00000000    -0.00687311   0.00000000     0.02732882   0.00000000
  0.00793664   0.00000000     0.01863726   0.00000000     0.00687311   0.00000000
  0.01571353   0.00000000    -0.00793664   0.00000000     0.00408335   0.00000000
    4    9
  0.00631882   0.00000000     0.01873811   0.00000000    -0.01820571  -0.00000000
 -0.00384992  -0.00000000    -0.04024088  -0.00000000    -0.01873811  -0.00000000
 -0.01549196  -0.00000000     0.00384992   0.00000000     0.00631882   0.00000000
    4   10
  0.01863726   0.00000000     0.00793664   0.00000000     0.00687311   0.00000000
 -0.00687311   0.00000000     0.00408335   0.00000000     0.02732882   0.00000000
 -0.00793664   0.00000000     0.01571353   0.00000000     0.00408335   0.00000000
    4   11
 -0.04024088   0.00000000    -0.00384992   0.00000000    -0.01873811   0.00000000
  0.01873811   0.00000000     0.00631882   0.00000000    -0.01820571   0.00000000
  0.00384992   0.00000000    -0.01549196   0.00000000     0.00631882   0.00000000
    5    1
 -0.03582924  -0.00000000    -0.00073084  -0.00000000     0.00674663   0.00000000
 -0.00073084  -0.00000000    -0.03582924  -0.00000000     0.00674663   0.00000000
  0.01823687   0.00000000     0.01823687   0.00000000     0.03855716   0.00000000
    5    2
 -0.02234133   0.00000000    -0.01113382   0.00000000    -0.03087160   0.00000000
 -0.01113382   0.00000000    -0.02234133   0.00000000    -0.03087160   0.00000000
 -0.02071331   0.00000000    -0.02071331   0.00000000    -0.02347992   0.00000000
    5    3
  0.01726166   0.00000000     0.00214918   0.00000000     0.00389682   0.00000000
  0.00214918   0.00000000     0.01726166   0.00000000     0.00389682   0.00000000
  0.00202106   0.00000000     0.00202106   0.00000000     0.01493905   0.00000000
    5    4
 -0.01528562  -0.00000000    -0.01371282  -0.00000000    -0.00732646  -0.00000000
 -0.01371282  -0.00000000    -0.01528562  -0.00000000    -0.00732646  -0.00000000
 -0.00732646  -0.00000000    -0.00732646  -0.00000000    -0.02040045  -0.00000000
    5    5
  0.07781979   0.00000000     0.00172423   0.00000000    -0.00079813   0.00000000
  0.00172423   0.00000000     0.07781979   0.00000000    -0.00079813   0.00000000
 -0.00079813   0.00000000    -0.00079813   0.00000000     0.05995813   0.00000000
    5    6
  0.01250651   0.00000000    -0.00304517  -0.00000000     0.01102149   0.00000000
 -0.00304517  -0.00000000     0.01250651   0.00000000     0.01102149   0.00000000
 -0.01306553  -0.00000000    -0.01306553  -0.00000000    -0.02675032  -0.00000000
    5    7
 -0.01426362  -0.00000000     0.01412865   0.00000000    -0.00971249  -0.00000000
  0.01412865   0.00000000    -0.01426362  -0.00000000    -0.00971249  -0.00000000
  0.00503273   0.00000000     0.00503273   0.00000000     0.01957513   0.00000000
    5    8
  0.00631882   0.00000000     0.01873811   0.00000000    -0.01820571  -0.00000000
 -0.00384992  -0.00000000    -0.04024088  -0.00000000    -0.01873811  -0.00000000
 -0.01549196  -0.00000000     0.00384992   0.00000000     0.00631882   0.00000000
    5    9
  0.00408335   0.00000000    -0.00687311  -0.00000000     0.02732882   0.00000000
  0.00793664   0.00000000     0.01863726   0.00000000     0.00687311   0.00000000
  0.01571353   0.00000000    -0.00793664  -0.00000000     0.00408335   0.00000000
    5   10
 -0.04024088  -0.00000000    -0.00384992  -0.00000000    -0.01873811  -0.00000000
  0.01873811   0.00000000     0.00631882   0.00000000    -0.01820571  -0.00000000
  0.00384992   0.00000000    -0.01549196  -0.00000000     0.00631882   0.00000000
    5   11
  0.01863726   0.00000000     0.00793664   0.00000000     0.00687311   0.00000000
 -0.00687311  -0.00000000     0.00408335   0.00000000     0.02732882   0.00000000
 -0.00793664  -0.00000000     0.01571353   0.00000000     0.00408335   0.00000000
    6    1
 -0.04634063  -0.00000000     0.00466595   0.00000000    -0.00466595  -0.00000000
  0.00466595   0.00000000    -0.04634063  -0.00000000    -0.00466595  -0.00000000
 -0.00466595  -0.00000000    -0.00466595  -0.00000000    -0.04634063  -0.00000000
    6    2
  0.00121477   0.00000000    -0.00236085   0.00000000     0.00236085   0.00000000
 -0.00236085   0.00000000     0.00121477   0.00000000     0.00236085   0.00000000
  0.00236085   0.00000000     0.00236085   0.00000000     0.00121477   0.00000000
    6    3
  0.00800075   0.00000000     0.01600111   0.00000000    -0.01600111   0.00000000
  0.01600111   0.00000000     0.00800075   0.00000000    -0.01600111   0.00000000
 -0.01600111   0.00000000    -0.01600111   0.00000000     0.00800075   0.00000000
    6    4
 -0.01426362   0.00000000     0.01412865   0.00000000     0.00503273   0.00000000
  0.01412865   0.00000000    -0.01426362   0.00000000     0.00503273   0.00000000
 -0.00971249   0.00000000    -0.00971249   0.00000000     0.01957513   0.00000000
    6    5
  0.01250651  -0.00000000    -0.00304517   0.00000000    -0.01306553   0.00000000
 -0.00304517   0.00000000     0.01250651  -0.00000000    -0.01306553   0.00000000
  0.01102149  -0.00000000     0.01102149  -0.00000000    -0.02675032   0.00000000
    6    6
  0.05736174   0.00000000    -0.00414504   0.00000000     0.00414504   0.00000000
 -0.00414504   0.00000000     0.05736174   0.00000000     0.00414504   0.00000000
  0.00414504   0.00000000     0.00414504   0.00000000     0.05736174   0.00000000
    6    7
 -0.01333735  -0.00000000    -0.00301123  -0.00000000     0.00301123  -0.00000000
 -0.00301123  -0.00000000    -0.01333735   0.00000000     0.00301123   0.00000000
  0.00301123  -0.00000000     0.00301123   0.00000000    -0.01333735   0.00000000
    6    8
  0.01957513   0.00000000     0.00971249   0.00000000    -0.00971249   0.00000000
 -0.00503273   0.00000000    -0.01426362   0.00000000    -0.01412865   0.00000000
  0.00503273   0.00000000    -0.01412865   0.00000000    -0.01426362   0.00000000
    6    9
 -0.02675032  -0.00000000    -0.01102149  -0.00000000     0.01102149   0.00000000
  0.01306553   0.00000000     0.01250651   0.00000000     0.00304517   0.00000000
 -0.01306553  -0.00000000     0.00304517   0.00000000     0.01250651   0.00000000
    6   10
 -0.01426362   0.00000000    -0.00503273   0.00000000    -0.01412865   0.00000000
  0.00971249   0.00000000     0.01957513   0.00000000    -0.00971249   0.00000000
 -0.01412865   0.00000000     0.00503273   0.00000000    -0.01426362   0.00000000
    6   11
  0.01250651   0.00000000     0.01306553   0.00000000     0.00304517   0.00000000
 -0.01102149   0.00000000    -0.02675032   0.00000000     0.01102149   0.00000000
  0.00304517   0.00000000    -0.01306553   0.00000000     0.01250651   0.00000000
    7    1
  0.04634063   0.00000000    -0.00466595  -0.00000000     0.00466595   0.00000000
 -0.00466595  -0.00000000     0.04634063   0.00000000     0.00466595   0.00000000
  0.00466595   0.00000000     0.00466595   0.00000000     0.04634063   0.00000000
    7    2
  0.00800075   0.00000000     0.01600111   0.00000000    -0.01600111   0.00000000
  0.01600111   0.00000000     0.00800075   0.00000000    -0.01600111   0.00000000
 -0.01600111   0.00000000    -0.01600111   0.00000000     0.00800075   0.00000000
    7    3
  0.00121477   0.00000000    -0.00236085   0.00000000     0.00236085   0.00000000
 -0.00236085   0.00000000     0.00121477   0.00000000     0.00236085   0.00000000
  0.00236085   0.00000000     0.00236085   0.00000000     0.00121477   0.00000000
    7    4
  0.01250651   0.00000000    -0.00304517   0.00000000    -0.01306553   0.00000000
 -0.00304517  -0.00000000     0.01250651  -0.00000000    -0.01306553  -0.00000000
  0.01102149   0.00000000     0.01102149  -0.00000000    -0.02675032  -0.00000000
    7    5
 -0.01426362   0.00000000     0.01412865  -0.00000000     0.00503273  -0.00000000
  0.01412865  -0.00000000    -0.01426362   0.00000000     0.00503273  -0.00000000
 -0.00971249   0.00000000    -0.00971249   0.00000000     0.01957513  -0.00000000
    7    6
 -0.01333735   0.00000000    -0.00301123   0.00000000     0.00301123   0.00000000
 -0.00301123   0.00000000    -0.01333735  -0.00000000     0.00301123  -0.00000000
  0.00301123   0.00000000     0.00301123  -0.00000000    -0.01333735  -0.00000000
    7    7
  0.05736174   0.00000000    -0.00414504   0.00000000     0.00414504   0.00000000
 -0.00414504   0.00000000     0.05736174   0.00000000     0.00414504   0.00000000
  0.00414504   0.00000000     0.00414504   0.00000000     0.05736174   0.00000000
    7    8
 -0.02675032   0.00000000    -0.01102149   0.00000000     0.01102149   0.00000000
  0.01306553   0.00000000     0.01250651  -0.00000000     0.00304517   0.00000000
 -0.01306553   0.00000000     0.00304517  -0.00000000     0.01250651   0.00000000
    7    9
  0.01957513   0.00000000     0.00971249   0.00000000    -0.00971249  -0.00000000
 -0.00503273  -0.00000000    -0.01426362  -0.00000000    -0.01412865  -0.00000000
  0.00503273   0.00000000    -0.01412865  -0.00000000    -0.01426362  -0.00000000
    7   10
  0.01250651   0.00000000     0.01306553  -0.00000000     0.00304517  -0.00000000
 -0.01102149  -0.00000000    -0.02675032  -0.00000000     0.01102149  -0.00000000
  0.00304517   0.00000000    -0.01306553  -0.00000000     0.01250651  -0.00000000
    7   11
 -0.01426362  -0.00000000    -0.00503273  -0.00000000    -0.01412865  -0.00000000
  0.00971249   0.00000000     0.01957513   0.00000000    -0.00971249   0.00000000
 -0.01412865  -0.00000000     0.00503273   0.00000000    -0.01426362  -0.00000000
    8    1
 -0.03855716  -0.00000000     0.01823687   0.00000000    -0.01823687  -0.00000000
  0.00674663   0.00000000     0.03582924   0.00000000    -0.00073084  -0.00000000
 -0.00674663  -0.00000000    -0.00073084  -0.00000000     0.03582924   0.00000000
    8    2
  0.01493905   0.00000000    -0.00202106   0.00000000     0.00202106   0.00000000
 -0.00389682   0.00000000     0.01726166   0.00000000    -0.00214918   0.00000000
  0.00389682   0.00000000    -0.00214918   0.00000000     0.01726166   0.00000000
    8    3
 -0.02347992   0.00000000     0.02071331   0.00000000    -0.02071331   0.00000000
  0.03087160   0.00000000    -0.02234133   0.00000000     0.01113382   0.00000000
 -0.03087160   0.00000000     0.01113382   0.00000000    -0.02234133   0.00000000
    8    4
  0.00408335   0.00000000     0.00793664   0.00000000     0.01571353   0.00000000
 -0.00687311   0.00000000     0.01863726   0.00000000    -0.00793664   0.00000000
  0.02732882   0.00000000     0.00687311   0.00000000     0.00408335   0.00000000
    8    5
  0.00631882  -0.00000000    -0.00384992   0.00000000    -0.01549196   0.00000000
  0.01873811  -0.00000000    -0.04024088   0.00000000     0.00384992  -0.00000000
 -0.01820571   0.00000000    -0.01873811   0.00000000     0.00631882  -0.00000000
    8    6
  0.01957513   0.00000000    -0.00503273   0.00000000     0.00503273   0.00000000
  0.00971249   0.00000000    -0.01426362   0.00000000    -0.01412865   0.00000000
 -0.00971249   0.00000000    -0.01412865   0.00000000    -0.01426362   0.00000000
    8    7
 -0.02675032  -0.00000000     0.01306553  -0.00000000    -0.01306553  -0.00000000
 -0.01102149  -0.00000000     0.01250651   0.00000000     0.00304517   0.00000000
  0.01102149  -0.00000000     0.00304517  -0.00000000     0.01250651  -0.00000000
    8    8
  0.05995813   0.00000000     0.00079813   0.00000000    -0.00079813   0.00000000
  0.00079813   0.00000000     0.07781979   0.00000000    -0.00172423   0.00000000
 -0.00079813   0.00000000    -0.00172423   0.00000000     0.07781979   0.00000000
    8    9
 -0.02040045  -0.00000000     0.00732646   0.00000000    -0.00732646  -0.00000000
  0.00732646   0.00000000    -0.01528562  -0.00000000     0.01371282   0.00000000
 -0.00732646  -0.00000000     0.01371282   0.00000000    -0.01528562  -0.00000000
    8   10
  0.00408335   0.00000000    -0.01571353   0.00000000    -0.00793664   0.00000000
 -0.02732882   0.00000000     0.00408335   0.00000000     0.00687311   0.00000000
  0.00687311   0.00000000    -0.00793664   0.00000000     0.01863726   0.00000000
    8   11
  0.00631882   0.00000000     0.01549196   0.00000000     0.00384992   0.00000000
  0.01820571   0.00000000     0.00631882   0.00000000    -0.01873811   0.00000000
 -0.01873811   0.00000000     0.00384992   0.00000000    -0.04024088   0.00000000
    9    1
  0.03855716   0.00000000    -0.01823687  -0.00000000     0.01823687   0.00000000
 -0.00674663  -0.00000000    -0.03582924  -0.00000000     0.00073084   0.00000000
  0.00674663   0.00000000     0.00073084   0.00000000    -0.03582924  -0.00000000
    9    2
 -0.02347992   0.00000000     0.02071331   0.00000000    -0.02071331   0.00000000
  0.03087160   0.00000000    -0.02234133   0.00000000     0.01113382   0.00000000
 -0.03087160   0.00000000     0.01113382   0.00000000    -0.02234133   0.00000000
    9    3
  0.01493905   0.00000000    -0.00202106   0.00000000     0.00202106   0.00000000
 -0.00389682   0.00000000     0.01726166   0.00000000    -0.00214918   0.00000000
  0.00389682   0.00000000    -0.00214918   0.00000000     0.01726166   0.00000000
    9    4
  0.00631882  -0.00000000    -0.00384992   0.00000000    -0.01549196   0.00000000
  0.01873811  -0.00000000    -0.04024088   0.00000000     0.00384992  -0.00000000
 -0.01820571   0.00000000    -0.01873811   0.00000000     0.00631882  -0.00000000
    9    5
  0.00408335  -0.00000000     0.00793664  -0.00000000     0.01571353  -0.00000000
 -0.00687311   0.00000000     0.01863726  -0.00000000    -0.00793664   0.00000000
  0.02732882  -0.00000000     0.00687311  -0.00000000     0.00408335  -0.00000000
    9    6
 -0.02675032   0.00000000     0.01306553  -0.00000000    -0.01306553   0.00000000
 -0.01102149   0.00000000     0.01250651  -0.00000000     0.00304517  -0.00000000
  0.01102149  -0.00000000     0.00304517  -0.00000000     0.01250651  -0.00000000
    9    7
  0.01957513  -0.00000000    -0.00503273   0.00000000     0.00503273  -0.00000000
  0.00971249  -0.00000000    -0.01426362   0.00000000    -0.01412865   0.00000000
 -0.00971249   0.00000000    -0.01412865   0.00000000    -0.01426362   0.00000000
    9    8
 -0.02040045   0.00000000     0.00732646  -0.00000000    -0.00732646   0.00000000
  0.00732646  -0.00000000    -0.01528562   0.00000000     0.01371282  -0.00000000
 -0.00732646   0.00000000     0.01371282  -0.00000000    -0.01528562   0.00000000
    9    9
  0.05995813   0.00000000     0.00079813   0.00000000    -0.00079813   0.00000000
  0.00079813   0.00000000     0.07781979   0.00000000    -0.00172423   0.00000000
 -0.00079813   0.00000000    -0.00172423   0.00000000     0.07781979   0.00000000
    9   10
  0.00631882  -0.00000000     0.01549196  -0.00000000     0.00384992  -0.00000000
  0.01820571  -0.00000000     0.00631882  -0.00000000    -0.01873811   0.00000000
 -0.01873811   0.00000000     0.00384992  -0.00000000    -0.04024088   0.00000000
    9   11
  0.00408335  -0.00000000    -0.01571353   0.00000000    -0.00793664   0.00000000
 -0.02732882   0.00000000     0.00408335  -0.00000000     0.00687311  -0.00000000
  0.00687311  -0.00000000    -0.00793664   0.00000000     0.01863726  -0.00000000
   10    1
  0.03582924   0.00000000     0.00674663   0.00000000    -0.00073084  -0.00000000
  0.01823687   0.00000000    -0.03855716  -0.00000000    -0.01823687  -0.00000000
 -0.00073084  -0.00000000    -0.00674663  -0.00000000     0.03582924   0.00000000
   10    2
  0.01726166   0.00000000    -0.00389682   0.00000000    -0.00214918   0.00000000
 -0.00202106   0.00000000     0.01493905   0.00000000     0.00202106   0.00000000
 -0.00214918   0.00000000     0.00389682   0.00000000     0.01726166   0.00000000
   10    3
 -0.02234133   0.00000000     0.03087160   0.00000000     0.01113382   0.00000000
  0.02071331   0.00000000    -0.02347992   0.00000000    -0.02071331   0.00000000
  0.01113382   0.00000000    -0.03087160   0.00000000    -0.02234133   0.00000000
   10    4
  0.01863726   0.00000000    -0.00687311   0.00000000    -0.00793664   0.00000000
  0.00793664   0.00000000     0.00408335   0.00000000     0.01571353   0.00000000
  0.00687311   0.00000000     0.02732882   0.00000000     0.00408335   0.00000000
   10    5
 -0.04024088   0.00000000     0.01873811  -0.00000000     0.00384992  -0.00000000
 -0.00384992   0.00000000     0.00631882  -0.00000000    -0.01549196   0.00000000
 -0.01873811   0.00000000    -0.01820571   0.00000000     0.00631882  -0.00000000
   10    6
 -0.01426362   0.00000000     0.00971249   0.00000000    -0.01412865   0.00000000
 -0.00503273   0.00000000     0.01957513   0.00000000     0.00503273   0.00000000
 -0.01412865   0.00000000    -0.00971249   0.00000000    -0.01426362   0.00000000
   10    7
  0.01250651  -0.00000000    -0.01102149   0.00000000     0.00304517  -0.00000000
  0.01306553   0.00000000    -0.02675032   0.00000000    -0.01306553   0.00000000
  0.00304517   0.00000000     0.01102149   0.00000000     0.01250651   0.00000000
   10    8
  0.00408335   0.00000000    -0.02732882   0.00000000     0.00687311   0.00000000
 -0.01571353   0.00000000     0.00408335   0.00000000    -0.00793664   0.00000000
 -0.00793664   0.00000000     0.00687311   0.00000000     0.01863726   0.00000000
   10    9
  0.00631882   0.00000000     0.01820571   0.00000000    -0.01873811  -0.00000000
  0.01549196   0.00000000     0.00631882   0.00000000     0.00384992   0.00000000
  0.00384992   0.00000000    -0.01873811  -0.00000000    -0.04024088  -0.00000000
   10   10
  0.07781979   0.00000000     0.00079813   0.00000000    -0.00172423   0.00000000
  0.00079813   0.00000000     0.05995813   0.00000000    -0.00079813   0.00000000
 -0.00172423   0.00000000    -0.00079813   0.00000000     0.07781979   0.00000000
   10   11
 -0.01528562   0.00000000     0.00732646   0.00000000     0.01371282   0.00000000
  0.00732646   0.00000000    -0.02040045   0.00000000    -0.00732646   0.00000000
  0.01371282   0.00000000    -0.00732646   0.00000000    -0.01528562   0.00000000
   11    1
 -0.03582924  -0.00000000    -0.00674663  -0.00000000     0.00073084   0.00000000
 -0.01823687  -0.00000000     0.03855716   0.00000000     0.01823687   0.00000000
  0.00073084   0.00000000     0.00674663   0.00000000    -0.03582924  -0.00000000
   11    2
 -0.02234133   0.00000000     0.03087160   0.00000000     0.01113382   0.00000000
  0.02071331   0.00000000    -0.02347992   0.00000000    -0.02071331   0.00000000
  0.01113382   0.00000000    -0.03087160   0.00000000    -0.02234133   0.00000000
   11    3
  0.01726166   0.00000000    -0.00389682   0.00000000    -0.00214918   0.00000000
 -0.00202106   0.00000000     0.01493905   0.00000000     0.00202106   0.00000000
 -0.00214918   0.00000000     0.00389682   0.00000000     0.01726166   0.00000000
   11    4
 -0.04024088   0.00000000     0.01873811   0.00000000     0.00384992   0.00000000
 -0.00384992   0.00000000     0.00631882   0.00000000    -0.01549196   0.00000000
 -0.01873811   0.00000000    -0.01820571   0.00000000     0.00631882   0.00000000
   11    5
  0.01863726  -0.00000000    -0.00687311   0.00000000    -0.00793664   0.00000000
  0.00793664  -0.00000000     0.00408335  -0.00000000     0.01571353  -0.00000000
  0.00687311  -0.00000000     0.02732882  -0.00000000     0.00408335  -0.00000000
   11    6
  0.01250651   0.00000000    -0.01102149   0.00000000     0.00304517   0.00000000
  0.01306553   0.00000000    -0.02675032   0.00000000    -0.01306553   0.00000000
  0.00304517   0.00000000     0.01102149   0.00000000     0.01250651   0.00000000
   11    7
 -0.01426362   0.00000000     0.00971249  -0.00000000    -0.01412865   0.00000000
 -0.00503273   0.00000000     0.01957513  -0.00000000     0.00503273  -0.00000000
 -0.01412865   0.00000000    -0.00971249  -0.00000000    -0.01426362   0.00000000
   11    8
  0.00631882   0.00000000     0.01820571   0.00000000    -0.01873811   0.00000000
  0.01549196   0.00000000     0.00631882   0.00000000     0.00384992   0.00000000
  0.00384992   0.00000000    -0.01873811   0.00000000    -0.04024088   0.00000000
   11    9
  0.00408335   0.00000000    -0.02732882  -0.00000000     0.00687311   0.00000000
 -0.01571353  -0.00000000     0.00408335   0.00000000    -0.00793664  -0.00000000
 -0.00793664  -0.00000000     0.00687311   0.00000000     0.01863726   0.00000000
   11   10
 -0.01528562   0.00000000     0.00732646   0.00000000     0.01371282   0.00000000
  0.00732646   0.00000000    -0.02040045   0.00000000    -0.00732646   0.00000000
  0.01371282   0.00000000    -0.00732646   0.00000000    -0.01528562   0.00000000
   11   11
  0.07781979   0.00000000     0.00079813   0.00000000    -0.00172423   0.00000000
  0.00079813   0.00000000     0.05995813   0.00000000    -0.00079813   0.00000000
 -0.00172423   0.00000000    -0.00079813   0.00000000     0.07781979   0.00000000

     Dynamical  Matrix in cartesian axes

     q = (   -0.353553391   0.353553391   0.353553391 ) 

    1    1
  0.20672688   0.00000000    -0.06272215   0.00000000    -0.06272215   0.00000000
 -0.06272215   0.00000000     0.20672688   0.00000000     0.06272215   0.00000000
 -0.06272215   0.00000000     0.06272215   0.00000000     0.20672688   0.00000000
    1    2
  0.00801570   0.00000000    -0.03061684  -0.00000000    -0.03061684  -0.00000000
 -0.03061684  -0.00000000     0.00801570   0.00000000     0.03061684   0.00000000
 -0.03061684  -0.00000000     0.03061684   0.00000000     0.00801570   0.00000000
    1    3
 -0.00801570  -0.00000000     0.03061684   0.00000000     0.03061684   0.00000000
  0.03061684   0.00000000    -0.00801570  -0.00000000    -0.03061684  -0.00000000
  0.03061684   0.00000000    -0.03061684  -0.00000000    -0.00801570  -0.00000000
    1    4
 -0.03855716  -0.00000000    -0.00674663  -0.00000000    -0.00674663  -0.00000000
 -0.01823687  -0.00000000     0.03582924   0.00000000     0.00073084   0.00000000
 -0.01823687  -0.00000000     0.00073084   0.00000000     0.03582924   0.00000000
    1    5
  0.03855716   0.00000000     0.00674663   0.00000000     0.00674663   0.00000000
  0.01823687   0.00000000    -0.03582924  -0.00000000    -0.00073084  -0.00000000
  0.01823687   0.00000000    -0.00073084  -0.00000000    -0.03582924  -0.00000000
    1    6
  0.03582924   0.00000000    -0.01823687  -0.00000000    -0.00073084  -0.00000000
 -0.00674663  -0.00000000    -0.03855716  -0.00000000     0.00674663   0.00000000
 -0.00073084  -0.00000000     0.01823687   0.00000000     0.03582924   0.00000000
    1    7
 -0.03582924  -0.00000000     0.01823687   0.00000000     0.00073084   0.00000000
  0.00674663   0.00000000     0.03855716   0.00000000    -0.00674663  -0.00000000
  0.00073084   0.00000000    -0.01823687  -0.00000000    -0.03582924  -0.00000000
    1    8
  0.03582924   0.00000000    -0.00073084  -0.00000000    -0.01823687  -0.00000000
 -0.00073084  -0.00000000     0.03582924   0.00000000     0.01823687   0.00000000
 -0.00674663  -0.00000000     0.00674663   0.00000000    -0.03855716  -0.00000000
    1    9
 -0.03582924  -0.00000000     0.00073084   0.00000000     0.01823687   0.00000000
  0.00073084   0.00000000    -0.03582924  -0.00000000    -0.01823687  -0.00000000
  0.00674663   0.00000000    -0.00674663  -0.00000000     0.03855716   0.00000000
    1   10
 -0.04634063  -0.00000000    -0.00466595  -0.00000000    -0.00466595  -0.00000000
 -0.00466595  -0.00000000    -0.04634063  -0.00000000     0.00466595   0.00000000
 -0.00466595  -0.00000000     0.00466595   0.00000000    -0.04634063  -0.00000000
    1   11
  0.04634063   0.00000000     0.00466595   0.00000000     0.00466595   0.00000000
  0.00466595   0.00000000     0.04634063   0.00000000    -0.00466595  -0.00000000
  0.00466595   0.00000000    -0.00466595  -0.00000000     0.04634063   0.00000000
    2    1
  0.00801570  -0.00000000    -0.03061684   0.00000000    -0.03061684   0.00000000
 -0.03061684   0.00000000     0.00801570  -0.00000000     0.03061684  -0.00000000
 -0.03061684   0.00000000     0.03061684  -0.00000000     0.00801570  -0.00000000
    2    2
  0.07921552   0.00000000     0.00636568   0.00000000     0.00636568   0.00000000
  0.00636568   0.00000000     0.07921552   0.00000000    -0.00636568   0.00000000
  0.00636568   0.00000000    -0.00636568   0.00000000     0.07921552   0.00000000
    2    3
 -0.00747078   0.00000000    -0.00479795   0.00000000    -0.00479795   0.00000000
 -0.00479795   0.00000000    -0.00747078   0.00000000     0.00479795   0.00000000
 -0.00479795   0.00000000     0.00479795   0.00000000    -0.00747078   0.00000000
    2    4
  0.01493905   0.00000000     0.00389682   0.00000000     0.00389682   0.00000000
  0.00202106   0.00000000     0.01726166   0.00000000     0.00214918   0.00000000
  0.00202106   0.00000000     0.00214918   0.00000000     0.01726166   0.00000000
    2    5
 -0.02347992  -0.00000000    -0.03087160  -0.00000000    -0.03087160  -0.00000000
 -0.02071331  -0.00000000    -0.02234133  -0.00000000    -0.01113382  -0.00000000
 -0.02071331  -0.00000000    -0.01113382  -0.00000000    -0.02234133  -0.00000000
    2    6
  0.01726166   0.00000000     0.00202106   0.00000000    -0.00214918   0.00000000
  0.00389682   0.00000000     0.01493905   0.00000000    -0.00389682   0.00000000
 -0.00214918   0.00000000    -0.00202106   0.00000000     0.01726166   0.00000000
    2    7
 -0.02234133   0.00000000    -0.02071331   0.00000000     0.01113382  -0.00000000
 -0.03087160   0.00000000    -0.02347992   0.00000000     0.03087160  -0.00000000
  0.01113382  -0.00000000     0.02071331  -0.00000000    -0.02234133   0.00000000
    2    8
  0.01726166   0.00000000    -0.00214918   0.00000000     0.00202106   0.00000000
 -0.00214918   0.00000000     0.01726166   0.00000000    -0.00202106   0.00000000
  0.00389682   0.00000000    -0.00389682   0.00000000     0.01493905   0.00000000
    2    9
 -0.02234133   0.00000000     0.01113382  -0.00000000    -0.02071331   0.00000000
  0.01113382  -0.00000000    -0.02234133   0.00000000     0.02071331  -0.00000000
 -0.03087160   0.00000000     0.03087160  -0.00000000    -0.02347992   0.00000000
    2   10
  0.00121477   0.00000000     0.00236085   0.00000000     0.00236085   0.00000000
  0.00236085   0.00000000     0.00121477   0.00000000    -0.00236085   0.00000000
  0.00236085   0.00000000    -0.00236085   0.00000000     0.00121477   0.00000000
    2   11
  0.00800075   0.00000000    -0.01600111  -0.00000000    -0.01600111  -0.00000000
 -0.01600111  -0.00000000     0.00800075   0.00000000     0.01600111   0.00000000
 -0.01600111  -0.00000000     0.01600111   0.00000000     0.00800075   0.00000000
    3    1
 -0.00801570   0.00000000     0.03061684  -0.00000000     0.03061684  -0.00000000
  0.03061684  -0.00000000    -0.00801570   0.00000000    -0.03061684   0.00000000
  0.03061684  -0.00000000    -0.03061684   0.00000000    -0.00801570   0.00000000
    3    2
 -0.00747078   0.00000000    -0.00479795   0.00000000    -0.00479795   0.00000000
 -0.00479795   0.00000000    -0.00747078   0.00000000     0.00479795   0.00000000
 -0.00479795   0.00000000     0.00479795   0.00000000    -0.00747078   0.00000000
    3    3
  0.07921552   0.00000000     0.00636568   0.00000000     0.00636568   0.00000000
  0.00636568   0.00000000     0.07921552   0.00000000    -0.00636568   0.00000000
  0.00636568   0.00000000    -0.00636568   0.00000000     0.07921552   0.00000000
    3    4
 -0.02347992   0.00000000    -0.03087160   0.00000000    -0.03087160   0.00000000
 -0.02071331   0.00000000    -0.02234133   0.00000000    -0.01113382   0.00000000
 -0.02071331   0.00000000    -0.01113382   0.00000000    -0.02234133   0.00000000
    3    5
  0.01493905   0.00000000     0.00389682   0.00000000     0.00389682   0.00000000
  0.00202106   0.00000000     0.01726166   0.00000000     0.00214918   0.00000000
  0.00202106   0.00000000     0.00214918   0.00000000     0.01726166   0.00000000
    3    6
 -0.02234133   0.00000000    -0.02071331   0.00000000     0.01113382   0.00000000
 -0.03087160   0.00000000    -0.02347992   0.00000000     0.03087160   0.00000000
  0.01113382   0.00000000     0.02071331   0.00000000    -0.02234133   0.00000000
    3    7
  0.01726166  -0.00000000     0.00202106  -0.00000000    -0.00214918   0.00000000
  0.00389682  -0.00000000     0.01493905  -0.00000000    -0.00389682   0.00000000
 -0.00214918   0.00000000    -0.00202106   0.00000000     0.01726166  -0.00000000
    3    8
 -0.02234133   0.00000000     0.01113382   0.00000000    -0.02071331   0.00000000
  0.01113382   0.00000000    -0.02234133   0.00000000     0.02071331   0.00000000
 -0.03087160   0.00000000     0.03087160   0.00000000    -0.02347992   0.00000000
    3    9
  0.01726166  -0.00000000    -0.00214918   0.00000000     0.00202106  -0.00000000
 -0.00214918   0.00000000     0.01726166  -0.00000000    -0.00202106   0.00000000
  0.00389682  -0.00000000    -0.00389682   0.00000000     0.01493905  -0.00000000
    3   10
  0.00800075   0.00000000    -0.01600111   0.00000000    -0.01600111   0.00000000
 -0.01600111   0.00000000     0.00800075   0.00000000     0.01600111   0.00000000
 -0.01600111   0.00000000     0.01600111   0.00000000     0.00800075   0.00000000
    3   11
  0.00121477   0.00000000     0.00236085   0.00000000     0.00236085   0.00000000
  0.00236085   0.00000000     0.00121477   0.00000000    -0.00236085  -0.00000000
  0.00236085   0.00000000    -0.00236085  -0.00000000     0.00121477   0.00000000
    4    1
 -0.03855716   0.00000000    -0.01823687   0.00000000    -0.01823687   0.00000000
