  1.000000000000000E-002   1.50263395063803        5.49317787411326     
           3

     Dynamical  Matrix in cartesian axes

     q = (   -0.707106781   0.000000000   0.000000000 ) 

    1    1
  0.22787038   0.00000000    -0.00000000   0.00000000    -0.00000000   0.00000000
 -0.00000000   0.00000000     0.23121460   0.00000000     0.00000000   0.00000000
 -0.00000000   0.00000000     0.00000000   0.00000000     0.23121460   0.00000000
    1    2
  0.00000000  -0.00000000     0.00000000  -0.00000000    -0.00000000   0.00000000
 -0.00000000  -0.00000000    -0.00000000  -0.00000000    -0.01065122   0.00000000
  0.00000000   0.00000000    -0.01065122   0.00000000     0.00000000  -0.00000000
    1    3
  0.00000000   0.00000000     0.00000000  -0.00000000     0.00000000   0.00000000
  0.00000000   0.00000000    -0.00000000   0.00000000    -0.01065122   0.00000000
 -0.00000000   0.00000000    -0.01065122   0.00000000    -0.00000000   0.00000000
    1    4
 -0.02585721  -0.00000000     0.01197539   0.00000000     0.01197539   0.00000000
  0.00448164   0.00000000     0.01427016   0.00000000    -0.00930221  -0.00000000
  0.00448164   0.00000000    -0.00930221  -0.00000000     0.01427016   0.00000000
    1    5
 -0.02585721   0.00000000     0.01197539  -0.00000000     0.01197539  -0.00000000
  0.00448164  -0.00000000     0.01427016  -0.00000000    -0.00930221   0.00000000
  0.00448164  -0.00000000    -0.00930221   0.00000000     0.01427016  -0.00000000
    1    6
 -0.02585721  -0.00000000     0.01197539   0.00000000    -0.01197539  -0.00000000
  0.00448164   0.00000000     0.01427016   0.00000000     0.00930221   0.00000000
 -0.00448164  -0.00000000     0.00930221   0.00000000     0.01427016   0.00000000
    1    7
 -0.02585721   0.00000000     0.01197539  -0.00000000    -0.01197539   0.00000000
  0.00448164  -0.00000000     0.01427016  -0.00000000     0.00930221  -0.00000000
 -0.00448164   0.00000000     0.00930221  -0.00000000     0.01427016  -0.00000000
    1    8
 -0.02585721  -0.00000000    -0.01197539  -0.00000000     0.01197539   0.00000000
 -0.00448164  -0.00000000     0.01427016   0.00000000     0.00930221   0.00000000
  0.00448164   0.00000000     0.00930221   0.00000000     0.01427016   0.00000000
    1    9
 -0.02585721   0.00000000    -0.01197539   0.00000000     0.01197539  -0.00000000
 -0.00448164   0.00000000     0.01427016  -0.00000000     0.00930221  -0.00000000
  0.00448164  -0.00000000     0.00930221  -0.00000000     0.01427016  -0.00000000
    1   10
 -0.02585721  -0.00000000    -0.01197539  -0.00000000    -0.01197539  -0.00000000
 -0.00448164  -0.00000000     0.01427016   0.00000000    -0.00930221  -0.00000000
 -0.00448164  -0.00000000    -0.00930221  -0.00000000     0.01427016   0.00000000
    1   11
 -0.02585721   0.00000000    -0.01197539   0.00000000    -0.01197539   0.00000000
 -0.00448164   0.00000000     0.01427016  -0.00000000    -0.00930221   0.00000000
 -0.00448164   0.00000000    -0.00930221   0.00000000     0.01427016  -0.00000000
    2    1
 -0.00000000   0.00000000     0.00000000   0.00000000    -0.00000000   0.00000000
  0.00000000   0.00000000    -0.00000000   0.00000000    -0.01065122  -0.00000000
 -0.00000000  -0.00000000    -0.01065122  -0.00000000     0.00000000   0.00000000
    2    2
  0.15835940   0.00000000     0.00000000   0.00000000    -0.00000000   0.00000000
  0.00000000   0.00000000     0.03820396   0.00000000     0.00000000   0.00000000
 -0.00000000   0.00000000     0.00000000   0.00000000     0.03820396   0.00000000
    2    3
 -0.14773319   0.00000000     0.00000000  -0.00000000     0.00000000   0.00000000
 -0.00000000   0.00000000    -0.01671248   0.00000000     0.00000000   0.00000000
  0.00000000  -0.00000000     0.00000000   0.00000000    -0.01671248   0.00000000
    2    4
 -0.05887175  -0.00000000     0.06084957   0.00000000     0.06084957   0.00000000
  0.00207539   0.00000000     0.00548462   0.00000000     0.01568135   0.00000000
  0.00207539   0.00000000     0.01568135   0.00000000     0.00548462   0.00000000
    2    5
  0.06071150  -0.00000000    -0.06301038   0.00000000    -0.06301038   0.00000000
 -0.01195016   0.00000000    -0.00984770   0.00000000    -0.01905479   0.00000000
 -0.01195016   0.00000000    -0.01905479   0.00000000    -0.00984770   0.00000000
    2    6
  0.05887175   0.00000000    -0.06084957  -0.00000000     0.06084957   0.00000000
 -0.00207539  -0.00000000    -0.00548462  -0.00000000     0.01568135   0.00000000
  0.00207539   0.00000000     0.01568135   0.00000000    -0.00548462  -0.00000000
    2    7
 -0.06071150   0.00000000     0.06301038  -0.00000000    -0.06301038   0.00000000
  0.01195016  -0.00000000     0.00984770  -0.00000000    -0.01905479   0.00000000
 -0.01195016   0.00000000    -0.01905479   0.00000000     0.00984770  -0.00000000
    2    8
  0.05887175   0.00000000     0.06084957   0.00000000    -0.06084957  -0.00000000
  0.00207539   0.00000000    -0.00548462  -0.00000000     0.01568135   0.00000000
 -0.00207539  -0.00000000     0.01568135   0.00000000    -0.00548462  -0.00000000
    2    9
 -0.06071150   0.00000000    -0.06301038   0.00000000     0.06301038  -0.00000000
 -0.01195016   0.00000000     0.00984770  -0.00000000    -0.01905479   0.00000000
  0.01195016  -0.00000000    -0.01905479   0.00000000     0.00984770  -0.00000000
    2   10
 -0.05887175  -0.00000000    -0.06084957  -0.00000000    -0.06084957  -0.00000000
 -0.00207539  -0.00000000     0.00548462   0.00000000     0.01568135   0.00000000
 -0.00207539  -0.00000000     0.01568135   0.00000000     0.00548462   0.00000000
    2   11
  0.06071150  -0.00000000     0.06301038  -0.00000000     0.06301038  -0.00000000
  0.01195016  -0.00000000    -0.00984770   0.00000000    -0.01905479   0.00000000
  0.01195016  -0.00000000    -0.01905479   0.00000000    -0.00984770   0.00000000
    3    1
  0.00000000  -0.00000000    -0.00000000   0.00000000    -0.00000000  -0.00000000
  0.00000000   0.00000000    -0.00000000  -0.00000000    -0.01065122  -0.00000000
  0.00000000   0.00000000    -0.01065122  -0.00000000    -0.00000000  -0.00000000
    3    2
 -0.14773319  -0.00000000     0.00000000  -0.00000000     0.00000000   0.00000000
 -0.00000000   0.00000000    -0.01671248  -0.00000000     0.00000000  -0.00000000
  0.00000000  -0.00000000     0.00000000  -0.00000000    -0.01671248  -0.00000000
    3    3
  0.15835940   0.00000000    -0.00000000   0.00000000     0.00000000   0.00000000
 -0.00000000   0.00000000     0.03820396   0.00000000     0.00000000   0.00000000
  0.00000000   0.00000000     0.00000000   0.00000000     0.03820396   0.00000000
    3    4
  0.06071150   0.00000000    -0.06301038  -0.00000000    -0.06301038  -0.00000000
 -0.01195016  -0.00000000    -0.00984770  -0.00000000    -0.01905479  -0.00000000
 -0.01195016  -0.00000000    -0.01905479  -0.00000000    -0.00984770  -0.00000000
    3    5
 -0.05887175   0.00000000     0.06084957  -0.00000000     0.06084957  -0.00000000
  0.00207539  -0.00000000     0.00548462  -0.00000000     0.01568135  -0.00000000
  0.00207539  -0.00000000     0.01568135  -0.00000000     0.00548462  -0.00000000
    3    6
 -0.06071150  -0.00000000     0.06301038   0.00000000    -0.06301038  -0.00000000
  0.01195016   0.00000000     0.00984770   0.00000000    -0.01905479  -0.00000000
 -0.01195016  -0.00000000    -0.01905479  -0.00000000     0.00984770   0.00000000
    3    7
  0.05887175  -0.00000000    -0.06084957   0.00000000     0.06084957  -0.00000000
 -0.00207539   0.00000000    -0.00548462   0.00000000     0.01568135  -0.00000000
  0.00207539  -0.00000000     0.01568135  -0.00000000    -0.00548462   0.00000000
    3    8
 -0.06071150  -0.00000000    -0.06301038  -0.00000000     0.06301038   0.00000000
 -0.01195016  -0.00000000     0.00984770   0.00000000    -0.01905479  -0.00000000
  0.01195016   0.00000000    -0.01905479  -0.00000000     0.00984770   0.00000000
    3    9
  0.05887175  -0.00000000     0.06084957  -0.00000000    -0.06084957   0.00000000
  0.00207539  -0.00000000    -0.00548462   0.00000000     0.01568135  -0.00000000
 -0.00207539   0.00000000     0.01568135  -0.00000000    -0.00548462   0.00000000
    3   10
  0.06071150   0.00000000     0.06301038   0.00000000     0.06301038   0.00000000
  0.01195016   0.00000000    -0.00984770  -0.00000000    -0.01905479  -0.00000000
  0.01195016   0.00000000    -0.01905479  -0.00000000    -0.00984770  -0.00000000
    3   11
 -0.05887175   0.00000000    -0.06084957   0.00000000    -0.06084957   0.00000000
 -0.00207539   0.00000000     0.00548462  -0.00000000     0.01568135  -0.00000000
 -0.00207539   0.00000000     0.01568135  -0.00000000     0.00548462  -0.00000000
    4    1
 -0.02585721   0.00000000     0.00448164  -0.00000000     0.00448164  -0.00000000
  0.01197539  -0.00000000     0.01427016  -0.00000000    -0.00930221   0.00000000
  0.01197539  -0.00000000    -0.00930221   0.00000000     0.01427016  -0.00000000
    4    2
 -0.05887175   0.00000000     0.00207539  -0.00000000     0.00207539  -0.00000000
  0.06084957  -0.00000000     0.00548462  -0.00000000     0.01568135  -0.00000000
  0.06084957  -0.00000000     0.01568135  -0.00000000     0.00548462  -0.00000000
    4    3
  0.06071150  -0.00000000    -0.01195016   0.00000000    -0.01195016   0.00000000
 -0.06301038   0.00000000    -0.00984770   0.00000000    -0.01905479   0.00000000
 -0.06301038   0.00000000    -0.01905479   0.00000000    -0.00984770   0.00000000
    4    4
  0.09928087   0.00000000    -0.03479957   0.00000000    -0.03479957   0.00000000
 -0.03479957   0.00000000     0.10025331   0.00000000     0.04151398   0.00000000
 -0.03479957   0.00000000     0.04151398   0.00000000     0.10025331   0.00000000
    4    5
 -0.06499205   0.00000000     0.02841678  -0.00000000     0.02841678  -0.00000000
  0.02841678  -0.00000000    -0.05956804   0.00000000    -0.06072811   0.00000000
  0.02841678  -0.00000000    -0.06072811   0.00000000    -0.05956804   0.00000000
    4    6
 -0.04022633  -0.00000000     0.04317859   0.00000000    -0.03711757  -0.00000000
  0.04317859   0.00000000    -0.00538993  -0.00000000     0.00994366   0.00000000
  0.03711757   0.00000000    -0.00994366  -0.00000000     0.03268889   0.00000000
    4    7
  0.04521354  -0.00000000    -0.04486519   0.00000000     0.04130477  -0.00000000
 -0.04486519   0.00000000     0.01214530  -0.00000000    -0.00532560   0.00000000
 -0.04130477   0.00000000     0.00532560  -0.00000000    -0.04874562   0.00000000
    4    8
 -0.04022633  -0.00000000    -0.03711757  -0.00000000     0.04317859   0.00000000
  0.03711757   0.00000000     0.03268889   0.00000000    -0.00994366  -0.00000000
  0.04317859   0.00000000     0.00994366   0.00000000    -0.00538993  -0.00000000
    4    9
  0.04521354  -0.00000000     0.04130477  -0.00000000    -0.04486519   0.00000000
 -0.04130477   0.00000000    -0.04874562   0.00000000     0.00532560  -0.00000000
 -0.04486519   0.00000000    -0.00532560   0.00000000     0.01214530  -0.00000000
    4   10
  0.06641172   0.00000000     0.04452926   0.00000000     0.04452926   0.00000000
 -0.04452926   0.00000000    -0.04298817   0.00000000    -0.01657283   0.00000000
 -0.04452926   0.00000000    -0.01657283   0.00000000    -0.04298817   0.00000000
    4   11
 -0.08193973   0.00000000    -0.04297086   0.00000000    -0.04297086   0.00000000
  0.04297086  -0.00000000     0.03021750  -0.00000000     0.03329172  -0.00000000
  0.04297086  -0.00000000     0.03329172  -0.00000000     0.03021750  -0.00000000
    5    1
 -0.02585721  -0.00000000     0.00448164   0.00000000     0.00448164   0.00000000
  0.01197539   0.00000000     0.01427016   0.00000000    -0.00930221  -0.00000000
  0.01197539   0.00000000    -0.00930221  -0.00000000     0.01427016   0.00000000
    5    2
  0.06071150   0.00000000    -0.01195016  -0.00000000    -0.01195016  -0.00000000
 -0.06301038  -0.00000000    -0.00984770  -0.00000000    -0.01905479  -0.00000000
 -0.06301038  -0.00000000    -0.01905479  -0.00000000    -0.00984770  -0.00000000
    5    3
 -0.05887175  -0.00000000     0.00207539   0.00000000     0.00207539   0.00000000
  0.06084957   0.00000000     0.00548462   0.00000000     0.01568135   0.00000000
  0.06084957   0.00000000     0.01568135   0.00000000     0.00548462   0.00000000
    5    4
 -0.06499205  -0.00000000     0.02841678   0.00000000     0.02841678   0.00000000
  0.02841678   0.00000000    -0.05956804  -0.00000000    -0.06072811  -0.00000000
  0.02841678   0.00000000    -0.06072811  -0.00000000    -0.05956804  -0.00000000
    5    5
  0.09928087   0.00000000    -0.03479957   0.00000000    -0.03479957   0.00000000
 -0.03479957   0.00000000     0.10025331   0.00000000     0.04151398   0.00000000
 -0.03479957   0.00000000     0.04151398   0.00000000     0.10025331   0.00000000
    5    6
  0.04521354   0.00000000    -0.04486519  -0.00000000     0.04130477   0.00000000
 -0.04486519  -0.00000000     0.01214530   0.00000000    -0.00532560  -0.00000000
 -0.04130477  -0.00000000     0.00532560   0.00000000    -0.04874562  -0.00000000
    5    7
 -0.04022633   0.00000000     0.04317859  -0.00000000    -0.03711757   0.00000000
  0.04317859  -0.00000000    -0.00538993   0.00000000     0.00994366  -0.00000000
  0.03711757  -0.00000000    -0.00994366   0.00000000     0.03268889  -0.00000000
    5    8
  0.04521354   0.00000000     0.04130477   0.00000000    -0.04486519  -0.00000000
 -0.04130477  -0.00000000    -0.04874562  -0.00000000     0.00532560   0.00000000
 -0.04486519  -0.00000000    -0.00532560  -0.00000000     0.01214530   0.00000000
    5    9
 -0.04022633   0.00000000    -0.03711757   0.00000000     0.04317859  -0.00000000
  0.03711757  -0.00000000     0.03268889  -0.00000000    -0.00994366   0.00000000
  0.04317859  -0.00000000     0.00994366  -0.00000000    -0.00538993   0.00000000
    5   10
 -0.08193973  -0.00000000    -0.04297086  -0.00000000    -0.04297086  -0.00000000
  0.04297086   0.00000000     0.03021750   0.00000000     0.03329172   0.00000000
  0.04297086   0.00000000     0.03329172   0.00000000     0.03021750   0.00000000
    5   11
  0.06641172   0.00000000     0.04452926   0.00000000     0.04452926   0.00000000
 -0.04452926   0.00000000    -0.04298817   0.00000000    -0.01657283   0.00000000
 -0.04452926   0.00000000    -0.01657283   0.00000000    -0.04298817   0.00000000
    6    1
 -0.02585721   0.00000000     0.00448164  -0.00000000    -0.00448164   0.00000000
  0.01197539  -0.00000000     0.01427016  -0.00000000     0.00930221  -0.00000000
 -0.01197539   0.00000000     0.00930221  -0.00000000     0.01427016  -0.00000000
    6    2
  0.05887175  -0.00000000    -0.00207539   0.00000000     0.00207539  -0.00000000
 -0.06084957   0.00000000    -0.00548462   0.00000000     0.01568135  -0.00000000
  0.06084957  -0.00000000     0.01568135  -0.00000000    -0.00548462   0.00000000
    6    3
 -0.06071150   0.00000000     0.01195016  -0.00000000    -0.01195016   0.00000000
  0.06301038  -0.00000000     0.00984770  -0.00000000    -0.01905479   0.00000000
 -0.06301038   0.00000000    -0.01905479   0.00000000     0.00984770  -0.00000000
    6    4
 -0.04022633   0.00000000     0.04317859  -0.00000000     0.03711757  -0.00000000
  0.04317859  -0.00000000    -0.00538993   0.00000000    -0.00994366   0.00000000
 -0.03711757   0.00000000     0.00994366  -0.00000000     0.03268889  -0.00000000
    6    5
  0.04521354  -0.00000000    -0.04486519   0.00000000    -0.04130477   0.00000000
 -0.04486519   0.00000000     0.01214530  -0.00000000     0.00532560  -0.00000000
  0.04130477  -0.00000000    -0.00532560   0.00000000    -0.04874562   0.00000000
    6    6
  0.09928087   0.00000000    -0.03479957   0.00000000     0.03479957   0.00000000
 -0.03479957   0.00000000     0.10025331   0.00000000    -0.04151398   0.00000000
  0.03479957   0.00000000    -0.04151398   0.00000000     0.10025331   0.00000000
    6    7
 -0.06499205   0.00000000     0.02841678  -0.00000000    -0.02841678   0.00000000
  0.02841678  -0.00000000    -0.05956804   0.00000000     0.06072811  -0.00000000
 -0.02841678   0.00000000     0.06072811  -0.00000000    -0.05956804   0.00000000
    6    8
  0.06641172   0.00000000     0.04452926   0.00000000    -0.04452926  -0.00000000
 -0.04452926   0.00000000    -0.04298817   0.00000000     0.01657283   0.00000000
  0.04452926  -0.00000000     0.01657283   0.00000000    -0.04298817   0.00000000
    6    9
 -0.08193973   0.00000000    -0.04297086   0.00000000     0.04297086  -0.00000000
  0.04297086  -0.00000000     0.03021750  -0.00000000    -0.03329172   0.00000000
 -0.04297086   0.00000000    -0.03329172   0.00000000     0.03021750  -0.00000000
    6   10
 -0.04022633   0.00000000    -0.03711757   0.00000000    -0.04317859   0.00000000
  0.03711757  -0.00000000     0.03268889  -0.00000000     0.00994366  -0.00000000
 -0.04317859   0.00000000    -0.00994366   0.00000000    -0.00538993   0.00000000
    6   11
  0.04521354  -0.00000000     0.04130477  -0.00000000     0.04486519  -0.00000000
 -0.04130477   0.00000000    -0.04874562   0.00000000    -0.00532560   0.00000000
  0.04486519  -0.00000000     0.00532560  -0.00000000     0.01214530  -0.00000000
    7    1
 -0.02585721  -0.00000000     0.00448164   0.00000000    -0.00448164  -0.00000000
  0.01197539   0.00000000     0.01427016   0.00000000     0.00930221   0.00000000
 -0.01197539  -0.00000000     0.00930221   0.00000000     0.01427016   0.00000000
    7    2
 -0.06071150  -0.00000000     0.01195016   0.00000000    -0.01195016  -0.00000000
  0.06301038   0.00000000     0.00984770   0.00000000    -0.01905479  -0.00000000
 -0.06301038  -0.00000000    -0.01905479  -0.00000000     0.00984770   0.00000000
    7    3
  0.05887175   0.00000000    -0.00207539  -0.00000000     0.00207539   0.00000000
 -0.06084957  -0.00000000    -0.00548462  -0.00000000     0.01568135   0.00000000
  0.06084957   0.00000000     0.01568135   0.00000000    -0.00548462  -0.00000000
    7    4
  0.04521354   0.00000000    -0.04486519  -0.00000000    -0.04130477  -0.00000000
 -0.04486519  -0.00000000     0.01214530   0.00000000     0.00532560   0.00000000
  0.04130477   0.00000000    -0.00532560  -0.00000000    -0.04874562  -0.00000000
    7    5
 -0.04022633  -0.00000000     0.04317859   0.00000000     0.03711757   0.00000000
  0.04317859   0.00000000    -0.00538993  -0.00000000    -0.00994366  -0.00000000
 -0.03711757  -0.00000000     0.00994366   0.00000000     0.03268889   0.00000000
    7    6
 -0.06499205  -0.00000000     0.02841678   0.00000000    -0.02841678  -0.00000000
  0.02841678   0.00000000    -0.05956804  -0.00000000     0.06072811   0.00000000
 -0.02841678  -0.00000000     0.06072811   0.00000000    -0.05956804  -0.00000000
    7    7
  0.09928087   0.00000000    -0.03479957   0.00000000     0.03479957   0.00000000
 -0.03479957   0.00000000     0.10025331   0.00000000    -0.04151398   0.00000000
  0.03479957   0.00000000    -0.04151398   0.00000000     0.10025331   0.00000000
    7    8
 -0.08193973  -0.00000000    -0.04297086  -0.00000000     0.04297086   0.00000000
  0.04297086   0.00000000     0.03021750   0.00000000    -0.03329172  -0.00000000
 -0.04297086  -0.00000000    -0.03329172  -0.00000000     0.03021750   0.00000000
    7    9
  0.06641172  -0.00000000     0.04452926  -0.00000000    -0.04452926   0.00000000
 -0.04452926  -0.00000000    -0.04298817  -0.00000000     0.01657283  -0.00000000
  0.04452926   0.00000000     0.01657283  -0.00000000    -0.04298817  -0.00000000
    7   10
  0.04521354   0.00000000     0.04130477   0.00000000     0.04486519   0.00000000
 -0.04130477  -0.00000000    -0.04874562  -0.00000000    -0.00532560  -0.00000000
  0.04486519   0.00000000     0.00532560   0.00000000     0.01214530   0.00000000
    7   11
 -0.04022633  -0.00000000    -0.03711757  -0.00000000    -0.04317859  -0.00000000
  0.03711757   0.00000000     0.03268889   0.00000000     0.00994366   0.00000000
 -0.04317859  -0.00000000    -0.00994366  -0.00000000    -0.00538993  -0.00000000
    8    1
 -0.02585721   0.00000000    -0.00448164   0.00000000     0.00448164  -0.00000000
 -0.01197539   0.00000000     0.01427016  -0.00000000     0.00930221  -0.00000000
  0.01197539  -0.00000000     0.00930221  -0.00000000     0.01427016  -0.00000000
    8    2
  0.05887175  -0.00000000     0.00207539  -0.00000000    -0.00207539   0.00000000
  0.06084957  -0.00000000    -0.00548462   0.00000000     0.01568135  -0.00000000
 -0.06084957   0.00000000     0.01568135  -0.00000000    -0.00548462   0.00000000
    8    3
 -0.06071150   0.00000000    -0.01195016   0.00000000     0.01195016  -0.00000000
 -0.06301038   0.00000000     0.00984770  -0.00000000    -0.01905479   0.00000000
  0.06301038  -0.00000000    -0.01905479   0.00000000     0.00984770  -0.00000000
    8    4
 -0.04022633   0.00000000     0.03711757  -0.00000000     0.04317859  -0.00000000
 -0.03711757   0.00000000     0.03268889  -0.00000000     0.00994366  -0.00000000
  0.04317859  -0.00000000    -0.00994366   0.00000000    -0.00538993   0.00000000
    8    5
  0.04521354  -0.00000000    -0.04130477   0.00000000    -0.04486519   0.00000000
  0.04130477  -0.00000000    -0.04874562   0.00000000    -0.00532560   0.00000000
 -0.04486519   0.00000000     0.00532560  -0.00000000     0.01214530  -0.00000000
    8    6
  0.06641172   0.00000000    -0.04452926  -0.00000000     0.04452926   0.00000000
  0.04452926  -0.00000000    -0.04298817   0.00000000     0.01657283   0.00000000
 -0.04452926   0.00000000     0.01657283   0.00000000    -0.04298817   0.00000000
    8    7
 -0.08193973   0.00000000     0.04297086  -0.00000000    -0.04297086   0.00000000
 -0.04297086   0.00000000     0.03021750  -0.00000000    -0.03329172   0.00000000
  0.04297086  -0.00000000    -0.03329172   0.00000000     0.03021750  -0.00000000
    8    8
  0.09928087   0.00000000     0.03479957   0.00000000    -0.03479957   0.00000000
  0.03479957   0.00000000     0.10025331   0.00000000    -0.04151398   0.00000000
 -0.03479957   0.00000000    -0.04151398   0.00000000     0.10025331   0.00000000
    8    9
 -0.06499205   0.00000000    -0.02841678   0.00000000     0.02841678  -0.00000000
 -0.02841678   0.00000000    -0.05956804   0.00000000     0.06072811  -0.00000000
  0.02841678  -0.00000000     0.06072811  -0.00000000    -0.05956804   0.00000000
    8   10
 -0.04022633   0.00000000    -0.04317859   0.00000000    -0.03711757   0.00000000
 -0.04317859   0.00000000    -0.00538993   0.00000000    -0.00994366   0.00000000
  0.03711757  -0.00000000     0.00994366  -0.00000000     0.03268889  -0.00000000
    8   11
  0.04521354  -0.00000000     0.04486519  -0.00000000     0.04130477  -0.00000000
  0.04486519  -0.00000000     0.01214530  -0.00000000     0.00532560  -0.00000000
 -0.04130477   0.00000000    -0.00532560   0.00000000    -0.04874562   0.00000000
    9    1
 -0.02585721  -0.00000000    -0.00448164  -0.00000000     0.00448164   0.00000000
 -0.01197539  -0.00000000     0.01427016   0.00000000     0.00930221   0.00000000
  0.01197539   0.00000000     0.00930221   0.00000000     0.01427016   0.00000000
    9    2
 -0.06071150  -0.00000000    -0.01195016  -0.00000000     0.01195016   0.00000000
 -0.06301038  -0.00000000     0.00984770   0.00000000    -0.01905479  -0.00000000
  0.06301038   0.00000000    -0.01905479  -0.00000000     0.00984770   0.00000000
    9    3
  0.05887175   0.00000000     0.00207539   0.00000000    -0.00207539  -0.00000000
  0.06084957   0.00000000    -0.00548462  -0.00000000     0.01568135   0.00000000
 -0.06084957  -0.00000000     0.01568135   0.00000000    -0.00548462  -0.00000000
    9    4
  0.04521354   0.00000000    -0.04130477  -0.00000000    -0.04486519  -0.00000000
  0.04130477   0.00000000    -0.04874562  -0.00000000    -0.00532560  -0.00000000
 -0.04486519  -0.00000000     0.00532560   0.00000000     0.01214530   0.00000000
    9    5
 -0.04022633  -0.00000000     0.03711757   0.00000000     0.04317859   0.00000000
 -0.03711757  -0.00000000     0.03268889   0.00000000     0.00994366   0.00000000
  0.04317859   0.00000000    -0.00994366  -0.00000000    -0.00538993  -0.00000000
    9    6
 -0.08193973  -0.00000000     0.04297086   0.00000000    -0.04297086  -0.00000000
 -0.04297086  -0.00000000     0.03021750   0.00000000    -0.03329172  -0.00000000
  0.04297086   0.00000000    -0.03329172  -0.00000000     0.03021750   0.00000000
    9    7
  0.06641172  -0.00000000    -0.04452926   0.00000000     0.04452926  -0.00000000
  0.04452926   0.00000000    -0.04298817  -0.00000000     0.01657283  -0.00000000
 -0.04452926  -0.00000000     0.01657283  -0.00000000    -0.04298817  -0.00000000
    9    8
 -0.06499205  -0.00000000    -0.02841678  -0.00000000     0.02841678   0.00000000
 -0.02841678  -0.00000000    -0.05956804  -0.00000000     0.06072811   0.00000000
  0.02841678   0.00000000     0.06072811   0.00000000    -0.05956804  -0.00000000
    9    9
  0.09928087   0.00000000     0.03479957   0.00000000    -0.03479957   0.00000000
  0.03479957   0.00000000     0.10025331   0.00000000    -0.04151398   0.00000000
 -0.03479957   0.00000000    -0.04151398   0.00000000     0.10025331   0.00000000
    9   10
  0.04521354   0.00000000     0.04486519   0.00000000     0.04130477   0.00000000
  0.04486519   0.00000000     0.01214530   0.00000000     0.00532560   0.00000000
 -0.04130477  -0.00000000    -0.00532560  -0.00000000    -0.04874562  -0.00000000
    9   11
 -0.04022633  -0.00000000    -0.04317859  -0.00000000    -0.03711757  -0.00000000
 -0.04317859  -0.00000000    -0.00538993  -0.00000000    -0.00994366  -0.00000000
  0.03711757   0.00000000     0.00994366   0.00000000     0.03268889   0.00000000
   10    1
 -0.02585721   0.00000000    -0.00448164   0.00000000    -0.00448164   0.00000000
 -0.01197539   0.00000000     0.01427016  -0.00000000    -0.00930221   0.00000000
 -0.01197539   0.00000000    -0.00930221   0.00000000     0.01427016  -0.00000000
   10    2
 -0.05887175   0.00000000    -0.00207539   0.00000000    -0.00207539   0.00000000
 -0.06084957   0.00000000     0.00548462  -0.00000000     0.01568135  -0.00000000
 -0.06084957   0.00000000     0.01568135  -0.00000000     0.00548462  -0.00000000
   10    3
  0.06071150  -0.00000000     0.01195016  -0.00000000     0.01195016  -0.00000000
  0.06301038  -0.00000000    -0.00984770   0.00000000    -0.01905479   0.00000000
  0.06301038  -0.00000000    -0.01905479   0.00000000    -0.00984770   0.00000000
   10    4
  0.06641172   0.00000000    -0.04452926   0.00000000    -0.04452926   0.00000000
  0.04452926   0.00000000    -0.04298817   0.00000000    -0.01657283   0.00000000
  0.04452926   0.00000000    -0.01657283   0.00000000    -0.04298817   0.00000000
   10    5
 -0.08193973   0.00000000     0.04297086  -0.00000000     0.04297086  -0.00000000
 -0.04297086   0.00000000     0.03021750  -0.00000000     0.03329172  -0.00000000
 -0.04297086   0.00000000     0.03329172  -0.00000000     0.03021750  -0.00000000
   10    6
 -0.04022633  -0.00000000     0.03711757   0.00000000    -0.04317859  -0.00000000
 -0.03711757  -0.00000000     0.03268889   0.00000000    -0.00994366  -0.00000000
 -0.04317859  -0.00000000     0.00994366   0.00000000    -0.00538993  -0.00000000
   10    7
  0.04521354  -0.00000000    -0.04130477   0.00000000     0.04486519  -0.00000000
  0.04130477  -0.00000000    -0.04874562   0.00000000     0.00532560  -0.00000000
  0.04486519  -0.00000000    -0.00532560   0.00000000     0.01214530  -0.00000000
   10    8
 -0.04022633  -0.00000000    -0.04317859  -0.00000000     0.03711757   0.00000000
 -0.04317859  -0.00000000    -0.00538993  -0.00000000     0.00994366   0.00000000
 -0.03711757  -0.00000000    -0.00994366  -0.00000000     0.03268889   0.00000000
   10    9
  0.04521354  -0.00000000     0.04486519  -0.00000000    -0.04130477   0.00000000
  0.04486519  -0.00000000     0.01214530  -0.00000000    -0.00532560   0.00000000
  0.04130477  -0.00000000     0.00532560  -0.00000000    -0.04874562   0.00000000
   10   10
  0.09928087   0.00000000     0.03479957   0.00000000     0.03479957   0.00000000
  0.03479957   0.00000000     0.10025331   0.00000000     0.04151398   0.00000000
  0.03479957   0.00000000     0.04151398   0.00000000     0.10025331   0.00000000
   10   11
 -0.06499205   0.00000000    -0.02841678   0.00000000    -0.02841678   0.00000000
 -0.02841678   0.00000000    -0.05956804   0.00000000    -0.06072811   0.00000000
 -0.02841678   0.00000000    -0.06072811   0.00000000    -0.05956804   0.00000000
   11    1
 -0.02585721  -0.00000000    -0.00448164  -0.00000000    -0.00448164  -0.00000000
 -0.01197539  -0.00000000     0.01427016   0.00000000    -0.00930221  -0.00000000
 -0.01197539  -0.00000000    -0.00930221  -0.00000000     0.01427016   0.00000000
   11    2
  0.06071150   0.00000000     0.01195016   0.00000000     0.01195016   0.00000000
  0.06301038   0.00000000    -0.00984770  -0.00000000    -0.01905479  -0.00000000
  0.06301038   0.00000000    -0.01905479  -0.00000000    -0.00984770  -0.00000000
   11    3
 -0.05887175  -0.00000000    -0.00207539  -0.00000000    -0.00207539  -0.00000000
 -0.06084957  -0.00000000     0.00548462   0.00000000     0.01568135   0.00000000
 -0.06084957  -0.00000000     0.01568135   0.00000000     0.00548462   0.00000000
   11    4
 -0.08193973  -0.00000000     0.04297086   0.00000000     0.04297086   0.00000000
 -0.04297086  -0.00000000     0.03021750   0.00000000     0.03329172   0.00000000
 -0.04297086  -0.00000000     0.03329172   0.00000000     0.03021750   0.00000000
   11    5
  0.06641172   0.00000000    -0.04452926   0.00000000    -0.04452926   0.00000000
  0.04452926   0.00000000    -0.04298817   0.00000000    -0.01657283   0.00000000
  0.04452926   0.00000000    -0.01657283   0.00000000    -0.04298817   0.00000000
   11    6
  0.04521354   0.00000000    -0.04130477  -0.00000000     0.04486519   0.00000000
  0.04130477   0.00000000    -0.04874562  -0.00000000     0.00532560   0.00000000
  0.04486519   0.00000000    -0.00532560  -0.00000000     0.01214530   0.00000000
   11    7
 -0.04022633   0.00000000     0.03711757  -0.00000000    -0.04317859   0.00000000
 -0.03711757   0.00000000     0.03268889  -0.00000000    -0.00994366   0.00000000
 -0.04317859   0.00000000     0.00994366  -0.00000000    -0.00538993   0.00000000
   11    8
  0.04521354   0.00000000     0.04486519   0.00000000    -0.04130477  -0.00000000
  0.04486519   0.00000000     0.01214530   0.00000000    -0.00532560  -0.00000000
  0.04130477   0.00000000     0.00532560   0.00000000    -0.04874562  -0.00000000
   11    9
 -0.04022633   0.00000000    -0.04317859   0.00000000     0.03711757  -0.00000000
 -0.04317859   0.00000000    -0.00538993   0.00000000     0.00994366  -0.00000000
 -0.03711757   0.00000000    -0.00994366   0.00000000     0.03268889  -0.00000000
   11   10
 -0.06499205  -0.00000000    -0.02841678  -0.00000000    -0.02841678  -0.00000000
 -0.02841678  -0.00000000    -0.05956804  -0.00000000    -0.06072811  -0.00000000
 -0.02841678  -0.00000000    -0.06072811  -0.00000000    -0.05956804  -0.00000000
   11   11
  0.09928087   0.00000000     0.03479957   0.00000000     0.03479957   0.00000000
  0.03479957   0.00000000     0.10025331   0.00000000     0.04151398   0.00000000
  0.03479957   0.00000000     0.04151398   0.00000000     0.10025331   0.00000000

     Dynamical  Matrix in cartesian axes

     q = (    0.000000000   0.000000000  -0.707106781 ) 

    1    1
  0.23121460   0.00000000    -0.00000000   0.00000000    -0.00000000   0.00000000
 -0.00000000   0.00000000     0.23121460   0.00000000     0.00000000   0.00000000
 -0.00000000   0.00000000    -0.00000000   0.00000000     0.22787038   0.00000000
    1    2
 -0.00000000  -0.00000000    -0.01065122   0.00000000    -0.00000000  -0.00000000
 -0.01065122   0.00000000     0.00000000  -0.00000000    -0.00000000  -0.00000000
  0.00000000   0.00000000    -0.00000000   0.00000000     0.00000000  -0.00000000
    1    3
  0.00000000   0.00000000    -0.01065122   0.00000000    -0.00000000  -0.00000000
 -0.01065122   0.00000000     0.00000000   0.00000000    -0.00000000   0.00000000
 -0.00000000  -0.00000000    -0.00000000   0.00000000     0.00000000   0.00000000
    1    4
  0.01427016   0.00000000    -0.00930221  -0.00000000     0.00448164   0.00000000
 -0.00930221  -0.00000000     0.01427016   0.00000000     0.00448164   0.00000000
  0.01197539   0.00000000     0.01197539   0.00000000    -0.02585721  -0.00000000
    1    5
  0.01427016  -0.00000000    -0.00930221   0.00000000     0.00448164  -0.00000000
 -0.00930221   0.00000000     0.01427016  -0.00000000     0.00448164  -0.00000000
  0.01197539  -0.00000000     0.01197539  -0.00000000    -0.02585721   0.00000000
    1    6
  0.01427016   0.00000000    -0.00930221  -0.00000000    -0.00448164  -0.00000000
 -0.00930221  -0.00000000     0.01427016   0.00000000    -0.00448164  -0.00000000
 -0.01197539  -0.00000000    -0.01197539  -0.00000000    -0.02585721  -0.00000000
    1    7
  0.01427016  -0.00000000    -0.00930221   0.00000000    -0.00448164   0.00000000
 -0.00930221   0.00000000     0.01427016  -0.00000000    -0.00448164   0.00000000
 -0.01197539   0.00000000    -0.01197539   0.00000000    -0.02585721   0.00000000
    1    8
  0.01427016   0.00000000     0.00930221   0.00000000     0.00448164   0.00000000
  0.00930221   0.00000000     0.01427016   0.00000000    -0.00448164  -0.00000000
  0.01197539   0.00000000    -0.01197539  -0.00000000    -0.02585721  -0.00000000
    1    9
  0.01427016  -0.00000000     0.00930221  -0.00000000     0.00448164  -0.00000000
  0.00930221  -0.00000000     0.01427016  -0.00000000    -0.00448164   0.00000000
  0.01197539  -0.00000000    -0.01197539   0.00000000    -0.02585721   0.00000000
    1   10
  0.01427016   0.00000000     0.00930221   0.00000000    -0.00448164  -0.00000000
  0.00930221   0.00000000     0.01427016   0.00000000     0.00448164   0.00000000
 -0.01197539  -0.00000000     0.01197539   0.00000000    -0.02585721  -0.00000000
    1   11
  0.01427016  -0.00000000     0.00930221  -0.00000000    -0.00448164   0.00000000
  0.00930221  -0.00000000     0.01427016  -0.00000000     0.00448164  -0.00000000
 -0.01197539   0.00000000     0.01197539  -0.00000000    -0.02585721   0.00000000
    2    1
 -0.00000000   0.00000000    -0.01065122  -0.00000000     0.00000000   0.00000000
 -0.01065122  -0.00000000     0.00000000   0.00000000     0.00000000   0.00000000
  0.00000000   0.00000000     0.00000000  -0.00000000     0.00000000   0.00000000
    2    2
  0.03820396   0.00000000     0.00000000   0.00000000     0.00000000   0.00000000
  0.00000000   0.00000000     0.03820396   0.00000000    -0.00000000   0.00000000
  0.00000000   0.00000000    -0.00000000   0.00000000     0.15835940   0.00000000
    2    3
 -0.01671248   0.00000000    -0.00000000   0.00000000     0.00000000   0.00000000
 -0.00000000   0.00000000    -0.01671248   0.00000000    -0.00000000   0.00000000
  0.00000000  -0.00000000     0.00000000   0.00000000    -0.14773319   0.00000000
    2    4
  0.00548462   0.00000000     0.01568135   0.00000000     0.00207539   0.00000000
  0.01568135   0.00000000     0.00548462   0.00000000     0.00207539   0.00000000
  0.06084957   0.00000000     0.06084957   0.00000000    -0.05887175  -0.00000000
    2    5
 -0.00984770   0.00000000    -0.01905479   0.00000000    -0.01195016   0.00000000
 -0.01905479   0.00000000    -0.00984770   0.00000000    -0.01195016   0.00000000
 -0.06301038   0.00000000    -0.06301038   0.00000000     0.06071150  -0.00000000
    2    6
  0.00548462   0.00000000     0.01568135   0.00000000    -0.00207539  -0.00000000
  0.01568135   0.00000000     0.00548462   0.00000000    -0.00207539  -0.00000000
 -0.06084957  -0.00000000    -0.06084957  -0.00000000    -0.05887175  -0.00000000
    2    7
 -0.00984770   0.00000000    -0.01905479   0.00000000     0.01195016  -0.00000000
 -0.01905479   0.00000000    -0.00984770   0.00000000     0.01195016  -0.00000000
  0.06301038  -0.00000000     0.06301038  -0.00000000     0.06071150  -0.00000000
    2    8
 -0.00548462  -0.00000000     0.01568135   0.00000000    -0.00207539  -0.00000000
  0.01568135   0.00000000    -0.00548462  -0.00000000     0.00207539   0.00000000
 -0.06084957  -0.00000000     0.06084957   0.00000000     0.05887175   0.00000000
    2    9
  0.00984770  -0.00000000    -0.01905479   0.00000000     0.01195016  -0.00000000
 -0.01905479   0.00000000     0.00984770  -0.00000000    -0.01195016   0.00000000
  0.06301038  -0.00000000    -0.06301038   0.00000000    -0.06071150   0.00000000
    2   10
 -0.00548462  -0.00000000     0.01568135   0.00000000     0.00207539   0.00000000
  0.01568135   0.00000000    -0.00548462  -0.00000000    -0.00207539  -0.00000000
  0.06084957   0.00000000    -0.06084957  -0.00000000     0.05887175   0.00000000
    2   11
  0.00984770  -0.00000000    -0.01905479   0.00000000    -0.01195016   0.00000000
 -0.01905479   0.00000000     0.00984770  -0.00000000     0.01195016  -0.00000000
 -0.06301038   0.00000000     0.06301038  -0.00000000    -0.06071150   0.00000000
    3    1
  0.00000000  -0.00000000    -0.01065122  -0.00000000     0.00000000   0.00000000
 -0.01065122  -0.00000000     0.00000000  -0.00000000    -0.00000000   0.00000000
 -0.00000000   0.00000000     0.00000000  -0.00000000    -0.00000000  -0.00000000
    3    2
 -0.01671248  -0.00000000    -0.00000000  -0.00000000    -0.00000000   0.00000000
 -0.00000000  -0.00000000    -0.01671248  -0.00000000     0.00000000  -0.00000000
 -0.00000000   0.00000000     0.00000000   0.00000000    -0.14773319  -0.00000000
    3    3
  0.03820396   0.00000000    -0.00000000   0.00000000     0.00000000   0.00000000
 -0.00000000   0.00000000     0.03820396   0.00000000     0.00000000   0.00000000
  0.00000000   0.00000000     0.00000000   0.00000000     0.15835940   0.00000000
    3    4
 -0.00984770  -0.00000000    -0.01905479  -0.00000000    -0.01195016  -0.00000000
 -0.01905479  -0.00000000    -0.00984770  -0.00000000    -0.01195016  -0.00000000
 -0.06301038  -0.00000000    -0.06301038  -0.00000000     0.06071150   0.00000000
    3    5
  0.00548462  -0.00000000     0.01568135  -0.00000000     0.00207539  -0.00000000
  0.01568135  -0.00000000     0.00548462  -0.00000000     0.00207539  -0.00000000
  0.06084957  -0.00000000     0.06084957  -0.00000000    -0.05887175   0.00000000
    3    6
 -0.00984770  -0.00000000    -0.01905479  -0.00000000     0.01195016   0.00000000
 -0.01905479  -0.00000000    -0.00984770  -0.00000000     0.01195016   0.00000000
  0.06301038   0.00000000     0.06301038   0.00000000     0.06071150   0.00000000
    3    7
  0.00548462  -0.00000000     0.01568135  -0.00000000    -0.00207539   0.00000000
  0.01568135  -0.00000000     0.00548462  -0.00000000    -0.00207539   0.00000000
 -0.06084957   0.00000000    -0.06084957   0.00000000    -0.05887175   0.00000000
    3    8
  0.00984770   0.00000000    -0.01905479  -0.00000000     0.01195016   0.00000000
 -0.01905479  -0.00000000     0.00984770   0.00000000    -0.01195016  -0.00000000
  0.06301038   0.00000000    -0.06301038  -0.00000000    -0.06071150  -0.00000000
    3    9
 -0.00548462   0.00000000     0.01568135  -0.00000000    -0.00207539   0.00000000
  0.01568135  -0.00000000    -0.00548462   0.00000000     0.00207539  -0.00000000
 -0.06084957   0.00000000     0.06084957  -0.00000000     0.05887175  -0.00000000
    3   10
  0.00984770   0.00000000    -0.01905479  -0.00000000    -0.01195016  -0.00000000
 -0.01905479  -0.00000000     0.00984770   0.00000000     0.01195016   0.00000000
 -0.06301038  -0.00000000     0.06301038   0.00000000    -0.06071150  -0.00000000
    3   11
 -0.00548462   0.00000000     0.01568135  -0.00000000     0.00207539  -0.00000000
  0.01568135  -0.00000000    -0.00548462   0.00000000    -0.00207539   0.00000000
  0.06084957  -0.00000000    -0.06084957   0.00000000     0.05887175  -0.00000000
    4    1
  0.01427016  -0.00000000    -0.00930221   0.00000000     0.01197539  -0.00000000
