  2.000000000000000E-002   1.50246893388671        5.69309982747422     
           3

     Dynamical  Matrix in cartesian axes

     q = (   -0.707106781   0.000000000   0.000000000 ) 

    1    1
  0.23295792   0.00000000     0.00000000   0.00000000     0.00000000   0.00000000
  0.00000000   0.00000000     0.19797737   0.00000000     0.00000000   0.00000000
  0.00000000   0.00000000    -0.00000000   0.00000000     0.19797737   0.00000000
    1    2
  0.00000000  -0.00000000     0.00000000   0.00000000     0.00000000   0.00000000
 -0.00000000   0.00000000    -0.00000000  -0.00000000    -0.01464657   0.00000000
 -0.00000000   0.00000000    -0.01464657   0.00000000    -0.00000000  -0.00000000
    1    3
  0.00000000   0.00000000    -0.00000000   0.00000000    -0.00000000   0.00000000
 -0.00000000   0.00000000     0.00000000   0.00000000    -0.01464657   0.00000000
 -0.00000000   0.00000000    -0.01464657   0.00000000     0.00000000   0.00000000
    1    4
 -0.02735257  -0.00000000     0.01103612   0.00000000     0.01103612   0.00000000
  0.00197993   0.00000000     0.01328070   0.00000000    -0.00243431  -0.00000000
  0.00197993   0.00000000    -0.00243431  -0.00000000     0.01328070   0.00000000
    1    5
 -0.02735257   0.00000000     0.01103612  -0.00000000     0.01103612  -0.00000000
  0.00197993  -0.00000000     0.01328070  -0.00000000    -0.00243431   0.00000000
  0.00197993  -0.00000000    -0.00243431   0.00000000     0.01328070  -0.00000000
    1    6
 -0.02735257  -0.00000000     0.01103612   0.00000000    -0.01103612  -0.00000000
  0.00197993   0.00000000     0.01328070   0.00000000     0.00243431   0.00000000
 -0.00197993  -0.00000000     0.00243431   0.00000000     0.01328070   0.00000000
    1    7
 -0.02735257   0.00000000     0.01103612  -0.00000000    -0.01103612   0.00000000
  0.00197993  -0.00000000     0.01328070  -0.00000000     0.00243431  -0.00000000
 -0.00197993   0.00000000     0.00243431  -0.00000000     0.01328070  -0.00000000
    1    8
 -0.02735257  -0.00000000    -0.01103612  -0.00000000     0.01103612   0.00000000
 -0.00197993  -0.00000000     0.01328070   0.00000000     0.00243431   0.00000000
  0.00197993   0.00000000     0.00243431   0.00000000     0.01328070   0.00000000
    1    9
 -0.02735257   0.00000000    -0.01103612   0.00000000     0.01103612  -0.00000000
 -0.00197993   0.00000000     0.01328070  -0.00000000     0.00243431  -0.00000000
  0.00197993  -0.00000000     0.00243431  -0.00000000     0.01328070  -0.00000000
    1   10
 -0.02735257  -0.00000000    -0.01103612  -0.00000000    -0.01103612  -0.00000000
 -0.00197993  -0.00000000     0.01328070   0.00000000    -0.00243431  -0.00000000
 -0.00197993  -0.00000000    -0.00243431  -0.00000000     0.01328070   0.00000000
    1   11
 -0.02735257   0.00000000    -0.01103612   0.00000000    -0.01103612   0.00000000
 -0.00197993   0.00000000     0.01328070  -0.00000000    -0.00243431   0.00000000
 -0.00197993   0.00000000    -0.00243431   0.00000000     0.01328070  -0.00000000
    2    1
  0.00000000   0.00000000     0.00000000  -0.00000000     0.00000000  -0.00000000
  0.00000000  -0.00000000    -0.00000000   0.00000000    -0.01464657  -0.00000000
 -0.00000000   0.00000000    -0.01464657  -0.00000000    -0.00000000   0.00000000
    2    2
  0.12520017   0.00000000    -0.00000000   0.00000000     0.00000000   0.00000000
  0.00000000   0.00000000     0.05405814   0.00000000    -0.00000000   0.00000000
  0.00000000   0.00000000    -0.00000000   0.00000000     0.05405814   0.00000000
    2    3
 -0.10466475   0.00000000     0.00000000   0.00000000    -0.00000000   0.00000000
  0.00000000   0.00000000    -0.01243486   0.00000000    -0.00000000   0.00000000
  0.00000000  -0.00000000    -0.00000000   0.00000000    -0.01243486   0.00000000
    2    4
 -0.04195959  -0.00000000     0.04143364   0.00000000     0.04143364   0.00000000
 -0.00012000   0.00000000    -0.00003918  -0.00000000     0.01334199   0.00000000
 -0.00012000   0.00000000     0.01334199   0.00000000    -0.00003918  -0.00000000
    2    5
  0.04270219  -0.00000000    -0.04537018   0.00000000    -0.04537018   0.00000000
 -0.01823727   0.00000000    -0.01492063   0.00000000    -0.01779443   0.00000000
 -0.01823727   0.00000000    -0.01779443   0.00000000    -0.01492063   0.00000000
    2    6
  0.04195959   0.00000000    -0.04143364  -0.00000000     0.04143364   0.00000000
  0.00012000   0.00000000     0.00003918   0.00000000     0.01334199   0.00000000
 -0.00012000  -0.00000000     0.01334199   0.00000000     0.00003918   0.00000000
    2    7
 -0.04270219   0.00000000     0.04537018  -0.00000000    -0.04537018   0.00000000
  0.01823727  -0.00000000     0.01492063  -0.00000000    -0.01779443   0.00000000
 -0.01823727   0.00000000    -0.01779443   0.00000000     0.01492063  -0.00000000
    2    8
  0.04195959   0.00000000     0.04143364   0.00000000    -0.04143364  -0.00000000
 -0.00012000  -0.00000000     0.00003918   0.00000000     0.01334199   0.00000000
  0.00012000   0.00000000     0.01334199   0.00000000     0.00003918   0.00000000
    2    9
 -0.04270219   0.00000000    -0.04537018   0.00000000     0.04537018  -0.00000000
 -0.01823727   0.00000000     0.01492063  -0.00000000    -0.01779443   0.00000000
  0.01823727  -0.00000000    -0.01779443   0.00000000     0.01492063  -0.00000000
    2   10
 -0.04195959  -0.00000000    -0.04143364  -0.00000000    -0.04143364  -0.00000000
  0.00012000  -0.00000000    -0.00003918  -0.00000000     0.01334199   0.00000000
  0.00012000  -0.00000000     0.01334199   0.00000000    -0.00003918  -0.00000000
    2   11
  0.04270219  -0.00000000     0.04537018  -0.00000000     0.04537018  -0.00000000
  0.01823727  -0.00000000    -0.01492063   0.00000000    -0.01779443   0.00000000
  0.01823727  -0.00000000    -0.01779443   0.00000000    -0.01492063   0.00000000
    3    1
  0.00000000  -0.00000000    -0.00000000  -0.00000000    -0.00000000  -0.00000000
 -0.00000000  -0.00000000     0.00000000  -0.00000000    -0.01464657  -0.00000000
 -0.00000000  -0.00000000    -0.01464657  -0.00000000     0.00000000  -0.00000000
    3    2
 -0.10466475  -0.00000000     0.00000000  -0.00000000    -0.00000000   0.00000000
  0.00000000   0.00000000    -0.01243486  -0.00000000    -0.00000000  -0.00000000
 -0.00000000   0.00000000    -0.00000000  -0.00000000    -0.01243486  -0.00000000
    3    3
  0.12520017   0.00000000    -0.00000000   0.00000000     0.00000000   0.00000000
  0.00000000   0.00000000     0.05405814   0.00000000    -0.00000000   0.00000000
  0.00000000   0.00000000    -0.00000000   0.00000000     0.05405814   0.00000000
    3    4
  0.04270219   0.00000000    -0.04537018  -0.00000000    -0.04537018  -0.00000000
 -0.01823727  -0.00000000    -0.01492063  -0.00000000    -0.01779443  -0.00000000
 -0.01823727  -0.00000000    -0.01779443  -0.00000000    -0.01492063  -0.00000000
    3    5
 -0.04195959   0.00000000     0.04143364  -0.00000000     0.04143364  -0.00000000
 -0.00012000  -0.00000000    -0.00003918   0.00000000     0.01334199  -0.00000000
 -0.00012000  -0.00000000     0.01334199  -0.00000000    -0.00003918   0.00000000
    3    6
 -0.04270219  -0.00000000     0.04537018   0.00000000    -0.04537018  -0.00000000
  0.01823727   0.00000000     0.01492063   0.00000000    -0.01779443  -0.00000000
 -0.01823727  -0.00000000    -0.01779443  -0.00000000     0.01492063   0.00000000
    3    7
  0.04195959  -0.00000000    -0.04143364   0.00000000     0.04143364  -0.00000000
  0.00012000  -0.00000000     0.00003918  -0.00000000     0.01334199  -0.00000000
 -0.00012000   0.00000000     0.01334199  -0.00000000     0.00003918  -0.00000000
    3    8
 -0.04270219  -0.00000000    -0.04537018  -0.00000000     0.04537018   0.00000000
 -0.01823727  -0.00000000     0.01492063   0.00000000    -0.01779443  -0.00000000
  0.01823727   0.00000000    -0.01779443  -0.00000000     0.01492063   0.00000000
    3    9
  0.04195959  -0.00000000     0.04143364  -0.00000000    -0.04143364   0.00000000
 -0.00012000   0.00000000     0.00003918  -0.00000000     0.01334199  -0.00000000
  0.00012000  -0.00000000     0.01334199  -0.00000000     0.00003918  -0.00000000
    3   10
  0.04270219   0.00000000     0.04537018   0.00000000     0.04537018   0.00000000
  0.01823727   0.00000000    -0.01492063  -0.00000000    -0.01779443  -0.00000000
  0.01823727   0.00000000    -0.01779443  -0.00000000    -0.01492063  -0.00000000
    3   11
 -0.04195959   0.00000000    -0.04143364   0.00000000    -0.04143364   0.00000000
  0.00012000   0.00000000    -0.00003918   0.00000000     0.01334199  -0.00000000
  0.00012000   0.00000000     0.01334199  -0.00000000    -0.00003918   0.00000000
    4    1
 -0.02735257   0.00000000     0.00197993  -0.00000000     0.00197993  -0.00000000
  0.01103612  -0.00000000     0.01328070  -0.00000000    -0.00243431   0.00000000
  0.01103612  -0.00000000    -0.00243431   0.00000000     0.01328070  -0.00000000
    4    2
 -0.04195959   0.00000000    -0.00012000  -0.00000000    -0.00012000  -0.00000000
  0.04143364  -0.00000000    -0.00003918   0.00000000     0.01334199  -0.00000000
  0.04143364  -0.00000000     0.01334199  -0.00000000    -0.00003918   0.00000000
    4    3
  0.04270219  -0.00000000    -0.01823727   0.00000000    -0.01823727   0.00000000
 -0.04537018   0.00000000    -0.01492063   0.00000000    -0.01779443   0.00000000
 -0.04537018   0.00000000    -0.01779443   0.00000000    -0.01492063   0.00000000
    4    4
  0.08488032   0.00000000    -0.01976525   0.00000000    -0.01976525   0.00000000
 -0.01976525   0.00000000     0.08616820   0.00000000     0.02728477   0.00000000
 -0.01976525   0.00000000     0.02728477   0.00000000     0.08616820   0.00000000
    4    5
 -0.03142195   0.00000000     0.01830687  -0.00000000     0.01830687  -0.00000000
  0.01830687  -0.00000000    -0.04059218   0.00000000    -0.04270145   0.00000000
  0.01830687  -0.00000000    -0.04270145   0.00000000    -0.04059218   0.00000000
    4    6
 -0.02245868  -0.00000000     0.02643528   0.00000000    -0.02416941  -0.00000000
  0.02643528   0.00000000    -0.00240329  -0.00000000     0.00503894   0.00000000
  0.02416941   0.00000000    -0.00503894  -0.00000000     0.01788161   0.00000000
    4    7
  0.02833683  -0.00000000    -0.02934674   0.00000000     0.02463877  -0.00000000
 -0.02934674   0.00000000     0.00490031  -0.00000000     0.00318236  -0.00000000
 -0.02463877   0.00000000    -0.00318236   0.00000000    -0.04252218   0.00000000
    4    8
 -0.02245868  -0.00000000    -0.02416941  -0.00000000     0.02643528   0.00000000
  0.02416941   0.00000000     0.01788161   0.00000000    -0.00503894  -0.00000000
  0.02643528   0.00000000     0.00503894   0.00000000    -0.00240329  -0.00000000
    4    9
  0.02833683  -0.00000000     0.02463877  -0.00000000    -0.02934674   0.00000000
 -0.02463877   0.00000000    -0.04252218   0.00000000    -0.00318236   0.00000000
 -0.02934674   0.00000000     0.00318236  -0.00000000     0.00490031  -0.00000000
    4   10
  0.03122014   0.00000000     0.03055269   0.00000000     0.03055269   0.00000000
 -0.03055269   0.00000000    -0.02755755   0.00000000    -0.00150739   0.00000000
 -0.03055269   0.00000000    -0.00150739   0.00000000    -0.02755755   0.00000000
    4   11
 -0.06278263   0.00000000    -0.02778665   0.00000000    -0.02778665   0.00000000
  0.02778665  -0.00000000     0.02248848  -0.00000000     0.01952670  -0.00000000
  0.02778665  -0.00000000     0.01952670  -0.00000000     0.02248848  -0.00000000
    5    1
 -0.02735257  -0.00000000     0.00197993   0.00000000     0.00197993   0.00000000
  0.01103612   0.00000000     0.01328070   0.00000000    -0.00243431  -0.00000000
  0.01103612   0.00000000    -0.00243431  -0.00000000     0.01328070   0.00000000
    5    2
  0.04270219   0.00000000    -0.01823727  -0.00000000    -0.01823727  -0.00000000
 -0.04537018  -0.00000000    -0.01492063  -0.00000000    -0.01779443  -0.00000000
 -0.04537018  -0.00000000    -0.01779443  -0.00000000    -0.01492063  -0.00000000
    5    3
 -0.04195959  -0.00000000    -0.00012000   0.00000000    -0.00012000   0.00000000
  0.04143364   0.00000000    -0.00003918  -0.00000000     0.01334199   0.00000000
  0.04143364   0.00000000     0.01334199   0.00000000    -0.00003918  -0.00000000
    5    4
 -0.03142195  -0.00000000     0.01830687   0.00000000     0.01830687   0.00000000
  0.01830687   0.00000000    -0.04059218  -0.00000000    -0.04270145  -0.00000000
  0.01830687   0.00000000    -0.04270145  -0.00000000    -0.04059218  -0.00000000
    5    5
  0.08488032   0.00000000    -0.01976525   0.00000000    -0.01976525   0.00000000
 -0.01976525   0.00000000     0.08616820   0.00000000     0.02728477   0.00000000
 -0.01976525   0.00000000     0.02728477   0.00000000     0.08616820   0.00000000
    5    6
  0.02833683   0.00000000    -0.02934674  -0.00000000     0.02463877   0.00000000
 -0.02934674  -0.00000000     0.00490031   0.00000000     0.00318236   0.00000000
 -0.02463877  -0.00000000    -0.00318236  -0.00000000    -0.04252218  -0.00000000
    5    7
 -0.02245868   0.00000000     0.02643528  -0.00000000    -0.02416941   0.00000000
  0.02643528  -0.00000000    -0.00240329   0.00000000     0.00503894  -0.00000000
  0.02416941  -0.00000000    -0.00503894   0.00000000     0.01788161  -0.00000000
    5    8
  0.02833683   0.00000000     0.02463877   0.00000000    -0.02934674  -0.00000000
 -0.02463877  -0.00000000    -0.04252218  -0.00000000    -0.00318236  -0.00000000
 -0.02934674  -0.00000000     0.00318236   0.00000000     0.00490031   0.00000000
    5    9
 -0.02245868   0.00000000    -0.02416941   0.00000000     0.02643528  -0.00000000
  0.02416941  -0.00000000     0.01788161  -0.00000000    -0.00503894   0.00000000
  0.02643528  -0.00000000     0.00503894  -0.00000000    -0.00240329   0.00000000
    5   10
 -0.06278263  -0.00000000    -0.02778665  -0.00000000    -0.02778665  -0.00000000
  0.02778665   0.00000000     0.02248848   0.00000000     0.01952670   0.00000000
  0.02778665   0.00000000     0.01952670   0.00000000     0.02248848   0.00000000
    5   11
  0.03122014   0.00000000     0.03055269   0.00000000     0.03055269   0.00000000
 -0.03055269   0.00000000    -0.02755755   0.00000000    -0.00150739   0.00000000
 -0.03055269   0.00000000    -0.00150739   0.00000000    -0.02755755   0.00000000
    6    1
 -0.02735257   0.00000000     0.00197993  -0.00000000    -0.00197993   0.00000000
  0.01103612  -0.00000000     0.01328070  -0.00000000     0.00243431  -0.00000000
 -0.01103612   0.00000000     0.00243431  -0.00000000     0.01328070  -0.00000000
    6    2
  0.04195959  -0.00000000     0.00012000  -0.00000000    -0.00012000   0.00000000
 -0.04143364   0.00000000     0.00003918  -0.00000000     0.01334199  -0.00000000
  0.04143364  -0.00000000     0.01334199  -0.00000000     0.00003918  -0.00000000
    6    3
 -0.04270219   0.00000000     0.01823727  -0.00000000    -0.01823727   0.00000000
  0.04537018  -0.00000000     0.01492063  -0.00000000    -0.01779443   0.00000000
 -0.04537018   0.00000000    -0.01779443   0.00000000     0.01492063  -0.00000000
    6    4
 -0.02245868   0.00000000     0.02643528  -0.00000000     0.02416941  -0.00000000
  0.02643528  -0.00000000    -0.00240329   0.00000000    -0.00503894   0.00000000
 -0.02416941   0.00000000     0.00503894  -0.00000000     0.01788161  -0.00000000
    6    5
  0.02833683  -0.00000000    -0.02934674   0.00000000    -0.02463877   0.00000000
 -0.02934674   0.00000000     0.00490031  -0.00000000    -0.00318236   0.00000000
  0.02463877  -0.00000000     0.00318236  -0.00000000    -0.04252218   0.00000000
    6    6
  0.08488032   0.00000000    -0.01976525   0.00000000     0.01976525   0.00000000
 -0.01976525   0.00000000     0.08616820   0.00000000    -0.02728477   0.00000000
  0.01976525   0.00000000    -0.02728477   0.00000000     0.08616820   0.00000000
    6    7
 -0.03142195   0.00000000     0.01830687  -0.00000000    -0.01830687   0.00000000
  0.01830687  -0.00000000    -0.04059218   0.00000000     0.04270145  -0.00000000
 -0.01830687   0.00000000     0.04270145  -0.00000000    -0.04059218   0.00000000
    6    8
  0.03122014   0.00000000     0.03055269   0.00000000    -0.03055269  -0.00000000
 -0.03055269   0.00000000    -0.02755755   0.00000000     0.00150739   0.00000000
  0.03055269  -0.00000000     0.00150739   0.00000000    -0.02755755   0.00000000
    6    9
 -0.06278263   0.00000000    -0.02778665   0.00000000     0.02778665  -0.00000000
  0.02778665  -0.00000000     0.02248848  -0.00000000    -0.01952670   0.00000000
 -0.02778665   0.00000000    -0.01952670   0.00000000     0.02248848  -0.00000000
    6   10
 -0.02245868   0.00000000    -0.02416941   0.00000000    -0.02643528   0.00000000
  0.02416941  -0.00000000     0.01788161  -0.00000000     0.00503894  -0.00000000
 -0.02643528   0.00000000    -0.00503894   0.00000000    -0.00240329   0.00000000
    6   11
  0.02833683  -0.00000000     0.02463877  -0.00000000     0.02934674  -0.00000000
 -0.02463877   0.00000000    -0.04252218   0.00000000     0.00318236  -0.00000000
  0.02934674  -0.00000000    -0.00318236   0.00000000     0.00490031  -0.00000000
    7    1
 -0.02735257  -0.00000000     0.00197993   0.00000000    -0.00197993  -0.00000000
  0.01103612   0.00000000     0.01328070   0.00000000     0.00243431   0.00000000
 -0.01103612  -0.00000000     0.00243431   0.00000000     0.01328070   0.00000000
    7    2
 -0.04270219  -0.00000000     0.01823727   0.00000000    -0.01823727  -0.00000000
  0.04537018   0.00000000     0.01492063   0.00000000    -0.01779443  -0.00000000
 -0.04537018  -0.00000000    -0.01779443  -0.00000000     0.01492063   0.00000000
    7    3
  0.04195959   0.00000000     0.00012000   0.00000000    -0.00012000  -0.00000000
 -0.04143364  -0.00000000     0.00003918   0.00000000     0.01334199   0.00000000
  0.04143364   0.00000000     0.01334199   0.00000000     0.00003918   0.00000000
    7    4
  0.02833683   0.00000000    -0.02934674  -0.00000000    -0.02463877  -0.00000000
 -0.02934674  -0.00000000     0.00490031   0.00000000    -0.00318236  -0.00000000
  0.02463877   0.00000000     0.00318236   0.00000000    -0.04252218  -0.00000000
    7    5
 -0.02245868  -0.00000000     0.02643528   0.00000000     0.02416941   0.00000000
  0.02643528   0.00000000    -0.00240329  -0.00000000    -0.00503894  -0.00000000
 -0.02416941  -0.00000000     0.00503894   0.00000000     0.01788161   0.00000000
    7    6
 -0.03142195  -0.00000000     0.01830687   0.00000000    -0.01830687  -0.00000000
  0.01830687   0.00000000    -0.04059218  -0.00000000     0.04270145   0.00000000
 -0.01830687  -0.00000000     0.04270145   0.00000000    -0.04059218  -0.00000000
    7    7
  0.08488032   0.00000000    -0.01976525   0.00000000     0.01976525   0.00000000
 -0.01976525   0.00000000     0.08616820   0.00000000    -0.02728477   0.00000000
  0.01976525   0.00000000    -0.02728477   0.00000000     0.08616820   0.00000000
    7    8
 -0.06278263  -0.00000000    -0.02778665  -0.00000000     0.02778665   0.00000000
  0.02778665   0.00000000     0.02248848   0.00000000    -0.01952670  -0.00000000
 -0.02778665  -0.00000000    -0.01952670  -0.00000000     0.02248848   0.00000000
    7    9
  0.03122014  -0.00000000     0.03055269  -0.00000000    -0.03055269   0.00000000
 -0.03055269  -0.00000000    -0.02755755  -0.00000000     0.00150739  -0.00000000
  0.03055269   0.00000000     0.00150739  -0.00000000    -0.02755755  -0.00000000
    7   10
  0.02833683   0.00000000     0.02463877   0.00000000     0.02934674   0.00000000
 -0.02463877  -0.00000000    -0.04252218  -0.00000000     0.00318236   0.00000000
  0.02934674   0.00000000    -0.00318236  -0.00000000     0.00490031   0.00000000
    7   11
 -0.02245868  -0.00000000    -0.02416941  -0.00000000    -0.02643528  -0.00000000
  0.02416941   0.00000000     0.01788161   0.00000000     0.00503894   0.00000000
 -0.02643528  -0.00000000    -0.00503894  -0.00000000    -0.00240329  -0.00000000
    8    1
 -0.02735257   0.00000000    -0.00197993   0.00000000     0.00197993  -0.00000000
 -0.01103612   0.00000000     0.01328070  -0.00000000     0.00243431  -0.00000000
  0.01103612  -0.00000000     0.00243431  -0.00000000     0.01328070  -0.00000000
    8    2
  0.04195959  -0.00000000    -0.00012000   0.00000000     0.00012000  -0.00000000
  0.04143364  -0.00000000     0.00003918  -0.00000000     0.01334199  -0.00000000
 -0.04143364   0.00000000     0.01334199  -0.00000000     0.00003918  -0.00000000
    8    3
 -0.04270219   0.00000000    -0.01823727   0.00000000     0.01823727  -0.00000000
 -0.04537018   0.00000000     0.01492063  -0.00000000    -0.01779443   0.00000000
  0.04537018  -0.00000000    -0.01779443   0.00000000     0.01492063  -0.00000000
    8    4
 -0.02245868   0.00000000     0.02416941  -0.00000000     0.02643528  -0.00000000
 -0.02416941   0.00000000     0.01788161  -0.00000000     0.00503894  -0.00000000
  0.02643528  -0.00000000    -0.00503894   0.00000000    -0.00240329   0.00000000
    8    5
  0.02833683  -0.00000000    -0.02463877   0.00000000    -0.02934674   0.00000000
  0.02463877  -0.00000000    -0.04252218   0.00000000     0.00318236  -0.00000000
 -0.02934674   0.00000000    -0.00318236   0.00000000     0.00490031  -0.00000000
    8    6
  0.03122014   0.00000000    -0.03055269  -0.00000000     0.03055269   0.00000000
  0.03055269  -0.00000000    -0.02755755   0.00000000     0.00150739   0.00000000
 -0.03055269   0.00000000     0.00150739   0.00000000    -0.02755755   0.00000000
    8    7
 -0.06278263   0.00000000     0.02778665  -0.00000000    -0.02778665   0.00000000
 -0.02778665   0.00000000     0.02248848  -0.00000000    -0.01952670   0.00000000
  0.02778665  -0.00000000    -0.01952670   0.00000000     0.02248848  -0.00000000
    8    8
  0.08488032   0.00000000     0.01976525   0.00000000    -0.01976525   0.00000000
  0.01976525   0.00000000     0.08616820   0.00000000    -0.02728477   0.00000000
 -0.01976525   0.00000000    -0.02728477   0.00000000     0.08616820   0.00000000
    8    9
 -0.03142195   0.00000000    -0.01830687   0.00000000     0.01830687  -0.00000000
 -0.01830687   0.00000000    -0.04059218   0.00000000     0.04270145  -0.00000000
  0.01830687  -0.00000000     0.04270145  -0.00000000    -0.04059218   0.00000000
    8   10
 -0.02245868   0.00000000    -0.02643528   0.00000000    -0.02416941   0.00000000
 -0.02643528   0.00000000    -0.00240329   0.00000000    -0.00503894   0.00000000
  0.02416941  -0.00000000     0.00503894  -0.00000000     0.01788161  -0.00000000
    8   11
  0.02833683  -0.00000000     0.02934674  -0.00000000     0.02463877  -0.00000000
  0.02934674  -0.00000000     0.00490031  -0.00000000    -0.00318236   0.00000000
 -0.02463877   0.00000000     0.00318236  -0.00000000    -0.04252218   0.00000000
    9    1
 -0.02735257  -0.00000000    -0.00197993  -0.00000000     0.00197993   0.00000000
 -0.01103612  -0.00000000     0.01328070   0.00000000     0.00243431   0.00000000
  0.01103612   0.00000000     0.00243431   0.00000000     0.01328070   0.00000000
    9    2
 -0.04270219  -0.00000000    -0.01823727  -0.00000000     0.01823727   0.00000000
 -0.04537018  -0.00000000     0.01492063   0.00000000    -0.01779443  -0.00000000
  0.04537018   0.00000000    -0.01779443  -0.00000000     0.01492063   0.00000000
    9    3
  0.04195959   0.00000000    -0.00012000  -0.00000000     0.00012000   0.00000000
  0.04143364   0.00000000     0.00003918   0.00000000     0.01334199   0.00000000
 -0.04143364  -0.00000000     0.01334199   0.00000000     0.00003918   0.00000000
    9    4
  0.02833683   0.00000000    -0.02463877  -0.00000000    -0.02934674  -0.00000000
  0.02463877   0.00000000    -0.04252218  -0.00000000     0.00318236   0.00000000
 -0.02934674  -0.00000000    -0.00318236  -0.00000000     0.00490031   0.00000000
    9    5
 -0.02245868  -0.00000000     0.02416941   0.00000000     0.02643528   0.00000000
 -0.02416941  -0.00000000     0.01788161   0.00000000     0.00503894   0.00000000
  0.02643528   0.00000000    -0.00503894  -0.00000000    -0.00240329  -0.00000000
    9    6
 -0.06278263  -0.00000000     0.02778665   0.00000000    -0.02778665  -0.00000000
 -0.02778665  -0.00000000     0.02248848   0.00000000    -0.01952670  -0.00000000
  0.02778665   0.00000000    -0.01952670  -0.00000000     0.02248848   0.00000000
    9    7
  0.03122014  -0.00000000    -0.03055269   0.00000000     0.03055269  -0.00000000
  0.03055269   0.00000000    -0.02755755  -0.00000000     0.00150739  -0.00000000
 -0.03055269  -0.00000000     0.00150739  -0.00000000    -0.02755755  -0.00000000
    9    8
 -0.03142195  -0.00000000    -0.01830687  -0.00000000     0.01830687   0.00000000
 -0.01830687  -0.00000000    -0.04059218  -0.00000000     0.04270145   0.00000000
  0.01830687   0.00000000     0.04270145   0.00000000    -0.04059218  -0.00000000
    9    9
  0.08488032   0.00000000     0.01976525   0.00000000    -0.01976525   0.00000000
  0.01976525   0.00000000     0.08616820   0.00000000    -0.02728477   0.00000000
 -0.01976525   0.00000000    -0.02728477   0.00000000     0.08616820   0.00000000
    9   10
  0.02833683   0.00000000     0.02934674   0.00000000     0.02463877   0.00000000
  0.02934674   0.00000000     0.00490031   0.00000000    -0.00318236  -0.00000000
 -0.02463877  -0.00000000     0.00318236   0.00000000    -0.04252218  -0.00000000
    9   11
 -0.02245868  -0.00000000    -0.02643528  -0.00000000    -0.02416941  -0.00000000
 -0.02643528  -0.00000000    -0.00240329  -0.00000000    -0.00503894  -0.00000000
  0.02416941   0.00000000     0.00503894   0.00000000     0.01788161   0.00000000
   10    1
 -0.02735257   0.00000000    -0.00197993   0.00000000    -0.00197993   0.00000000
 -0.01103612   0.00000000     0.01328070  -0.00000000    -0.00243431   0.00000000
 -0.01103612   0.00000000    -0.00243431   0.00000000     0.01328070  -0.00000000
   10    2
 -0.04195959   0.00000000     0.00012000   0.00000000     0.00012000   0.00000000
 -0.04143364   0.00000000    -0.00003918   0.00000000     0.01334199  -0.00000000
 -0.04143364   0.00000000     0.01334199  -0.00000000    -0.00003918   0.00000000
   10    3
  0.04270219  -0.00000000     0.01823727  -0.00000000     0.01823727  -0.00000000
  0.04537018  -0.00000000    -0.01492063   0.00000000    -0.01779443   0.00000000
  0.04537018  -0.00000000    -0.01779443   0.00000000    -0.01492063   0.00000000
   10    4
  0.03122014   0.00000000    -0.03055269   0.00000000    -0.03055269   0.00000000
  0.03055269   0.00000000    -0.02755755   0.00000000    -0.00150739   0.00000000
  0.03055269   0.00000000    -0.00150739   0.00000000    -0.02755755   0.00000000
   10    5
 -0.06278263   0.00000000     0.02778665  -0.00000000     0.02778665  -0.00000000
 -0.02778665   0.00000000     0.02248848  -0.00000000     0.01952670  -0.00000000
 -0.02778665   0.00000000     0.01952670  -0.00000000     0.02248848  -0.00000000
   10    6
 -0.02245868  -0.00000000     0.02416941   0.00000000    -0.02643528  -0.00000000
 -0.02416941  -0.00000000     0.01788161   0.00000000    -0.00503894  -0.00000000
 -0.02643528  -0.00000000     0.00503894   0.00000000    -0.00240329  -0.00000000
   10    7
  0.02833683  -0.00000000    -0.02463877   0.00000000     0.02934674  -0.00000000
  0.02463877  -0.00000000    -0.04252218   0.00000000    -0.00318236   0.00000000
  0.02934674  -0.00000000     0.00318236  -0.00000000     0.00490031  -0.00000000
   10    8
 -0.02245868  -0.00000000    -0.02643528  -0.00000000     0.02416941   0.00000000
 -0.02643528  -0.00000000    -0.00240329  -0.00000000     0.00503894   0.00000000
 -0.02416941  -0.00000000    -0.00503894  -0.00000000     0.01788161   0.00000000
   10    9
  0.02833683  -0.00000000     0.02934674  -0.00000000    -0.02463877   0.00000000
  0.02934674  -0.00000000     0.00490031  -0.00000000     0.00318236  -0.00000000
  0.02463877  -0.00000000    -0.00318236   0.00000000    -0.04252218   0.00000000
   10   10
  0.08488032   0.00000000     0.01976525   0.00000000     0.01976525   0.00000000
  0.01976525   0.00000000     0.08616820   0.00000000     0.02728477   0.00000000
  0.01976525   0.00000000     0.02728477   0.00000000     0.08616820   0.00000000
   10   11
 -0.03142195   0.00000000    -0.01830687   0.00000000    -0.01830687   0.00000000
 -0.01830687   0.00000000    -0.04059218   0.00000000    -0.04270145   0.00000000
 -0.01830687   0.00000000    -0.04270145   0.00000000    -0.04059218   0.00000000
   11    1
 -0.02735257  -0.00000000    -0.00197993  -0.00000000    -0.00197993  -0.00000000
 -0.01103612  -0.00000000     0.01328070   0.00000000    -0.00243431  -0.00000000
 -0.01103612  -0.00000000    -0.00243431  -0.00000000     0.01328070   0.00000000
   11    2
  0.04270219   0.00000000     0.01823727   0.00000000     0.01823727   0.00000000
  0.04537018   0.00000000    -0.01492063  -0.00000000    -0.01779443  -0.00000000
  0.04537018   0.00000000    -0.01779443  -0.00000000    -0.01492063  -0.00000000
   11    3
 -0.04195959  -0.00000000     0.00012000  -0.00000000     0.00012000  -0.00000000
 -0.04143364  -0.00000000    -0.00003918  -0.00000000     0.01334199   0.00000000
 -0.04143364  -0.00000000     0.01334199   0.00000000    -0.00003918  -0.00000000
   11    4
 -0.06278263  -0.00000000     0.02778665   0.00000000     0.02778665   0.00000000
 -0.02778665  -0.00000000     0.02248848   0.00000000     0.01952670   0.00000000
 -0.02778665  -0.00000000     0.01952670   0.00000000     0.02248848   0.00000000
   11    5
  0.03122014   0.00000000    -0.03055269   0.00000000    -0.03055269   0.00000000
  0.03055269   0.00000000    -0.02755755   0.00000000    -0.00150739   0.00000000
  0.03055269   0.00000000    -0.00150739   0.00000000    -0.02755755   0.00000000
   11    6
  0.02833683   0.00000000    -0.02463877  -0.00000000     0.02934674   0.00000000
  0.02463877   0.00000000    -0.04252218  -0.00000000    -0.00318236  -0.00000000
  0.02934674   0.00000000     0.00318236   0.00000000     0.00490031   0.00000000
   11    7
 -0.02245868   0.00000000     0.02416941  -0.00000000    -0.02643528   0.00000000
 -0.02416941   0.00000000     0.01788161  -0.00000000    -0.00503894   0.00000000
 -0.02643528   0.00000000     0.00503894  -0.00000000    -0.00240329   0.00000000
   11    8
  0.02833683   0.00000000     0.02934674   0.00000000    -0.02463877  -0.00000000
  0.02934674   0.00000000     0.00490031   0.00000000     0.00318236   0.00000000
  0.02463877   0.00000000    -0.00318236  -0.00000000    -0.04252218  -0.00000000
   11    9
 -0.02245868   0.00000000    -0.02643528   0.00000000     0.02416941  -0.00000000
 -0.02643528   0.00000000    -0.00240329   0.00000000     0.00503894  -0.00000000
 -0.02416941   0.00000000    -0.00503894   0.00000000     0.01788161  -0.00000000
   11   10
 -0.03142195  -0.00000000    -0.01830687  -0.00000000    -0.01830687  -0.00000000
 -0.01830687  -0.00000000    -0.04059218  -0.00000000    -0.04270145  -0.00000000
 -0.01830687  -0.00000000    -0.04270145  -0.00000000    -0.04059218  -0.00000000
   11   11
  0.08488032   0.00000000     0.01976525   0.00000000     0.01976525   0.00000000
  0.01976525   0.00000000     0.08616820   0.00000000     0.02728477   0.00000000
  0.01976525   0.00000000     0.02728477   0.00000000     0.08616820   0.00000000

     Dynamical  Matrix in cartesian axes

     q = (    0.000000000   0.000000000  -0.707106781 ) 

    1    1
  0.19797737   0.00000000     0.00000000   0.00000000     0.00000000   0.00000000
  0.00000000   0.00000000     0.19797737   0.00000000     0.00000000   0.00000000
  0.00000000   0.00000000     0.00000000   0.00000000     0.23295792   0.00000000
    1    2
 -0.00000000  -0.00000000    -0.01464657   0.00000000     0.00000000   0.00000000
 -0.01464657   0.00000000    -0.00000000  -0.00000000     0.00000000   0.00000000
  0.00000000   0.00000000    -0.00000000   0.00000000     0.00000000  -0.00000000
    1    3
  0.00000000   0.00000000    -0.01464657   0.00000000    -0.00000000   0.00000000
 -0.01464657   0.00000000     0.00000000   0.00000000    -0.00000000   0.00000000
 -0.00000000   0.00000000    -0.00000000   0.00000000     0.00000000   0.00000000
    1    4
  0.01328070   0.00000000    -0.00243431  -0.00000000     0.00197993   0.00000000
 -0.00243431  -0.00000000     0.01328070   0.00000000     0.00197993   0.00000000
  0.01103612   0.00000000     0.01103612   0.00000000    -0.02735257  -0.00000000
    1    5
  0.01328070  -0.00000000    -0.00243431   0.00000000     0.00197993  -0.00000000
 -0.00243431   0.00000000     0.01328070  -0.00000000     0.00197993  -0.00000000
  0.01103612  -0.00000000     0.01103612  -0.00000000    -0.02735257   0.00000000
    1    6
  0.01328070   0.00000000    -0.00243431  -0.00000000    -0.00197993  -0.00000000
 -0.00243431  -0.00000000     0.01328070   0.00000000    -0.00197993  -0.00000000
 -0.01103612  -0.00000000    -0.01103612  -0.00000000    -0.02735257  -0.00000000
    1    7
  0.01328070  -0.00000000    -0.00243431   0.00000000    -0.00197993   0.00000000
 -0.00243431   0.00000000     0.01328070  -0.00000000    -0.00197993   0.00000000
 -0.01103612   0.00000000    -0.01103612   0.00000000    -0.02735257   0.00000000
    1    8
  0.01328070   0.00000000     0.00243431   0.00000000     0.00197993   0.00000000
  0.00243431   0.00000000     0.01328070   0.00000000    -0.00197993  -0.00000000
  0.01103612   0.00000000    -0.01103612  -0.00000000    -0.02735257  -0.00000000
    1    9
  0.01328070  -0.00000000     0.00243431  -0.00000000     0.00197993  -0.00000000
  0.00243431  -0.00000000     0.01328070  -0.00000000    -0.00197993   0.00000000
  0.01103612  -0.00000000    -0.01103612   0.00000000    -0.02735257   0.00000000
    1   10
  0.01328070   0.00000000     0.00243431   0.00000000    -0.00197993  -0.00000000
  0.00243431   0.00000000     0.01328070   0.00000000     0.00197993   0.00000000
 -0.01103612  -0.00000000     0.01103612   0.00000000    -0.02735257  -0.00000000
    1   11
  0.01328070  -0.00000000     0.00243431  -0.00000000    -0.00197993   0.00000000
  0.00243431  -0.00000000     0.01328070  -0.00000000     0.00197993  -0.00000000
 -0.01103612   0.00000000     0.01103612  -0.00000000    -0.02735257   0.00000000
    2    1
 -0.00000000   0.00000000    -0.01464657  -0.00000000     0.00000000  -0.00000000
 -0.01464657  -0.00000000    -0.00000000   0.00000000     0.00000000  -0.00000000
  0.00000000  -0.00000000     0.00000000  -0.00000000     0.00000000   0.00000000
    2    2
  0.05405814   0.00000000     0.00000000   0.00000000     0.00000000   0.00000000
  0.00000000   0.00000000     0.05405814   0.00000000    -0.00000000   0.00000000
  0.00000000   0.00000000     0.00000000   0.00000000     0.12520017   0.00000000
    2    3
 -0.01243486   0.00000000    -0.00000000   0.00000000     0.00000000   0.00000000
 -0.00000000   0.00000000    -0.01243486   0.00000000    -0.00000000  -0.00000000
 -0.00000000   0.00000000     0.00000000   0.00000000    -0.10466475   0.00000000
    2    4
 -0.00003918  -0.00000000     0.01334199   0.00000000    -0.00012000   0.00000000
  0.01334199   0.00000000    -0.00003918  -0.00000000    -0.00012000   0.00000000
  0.04143364   0.00000000     0.04143364   0.00000000    -0.04195959  -0.00000000
    2    5
 -0.01492063   0.00000000    -0.01779443   0.00000000    -0.01823727   0.00000000
 -0.01779443   0.00000000    -0.01492063   0.00000000    -0.01823727   0.00000000
 -0.04537018   0.00000000    -0.04537018   0.00000000     0.04270219  -0.00000000
    2    6
 -0.00003918  -0.00000000     0.01334199   0.00000000     0.00012000  -0.00000000
  0.01334199   0.00000000    -0.00003918  -0.00000000     0.00012000  -0.00000000
 -0.04143364  -0.00000000    -0.04143364  -0.00000000    -0.04195959  -0.00000000
    2    7
 -0.01492063   0.00000000    -0.01779443   0.00000000     0.01823727  -0.00000000
 -0.01779443   0.00000000    -0.01492063   0.00000000     0.01823727  -0.00000000
  0.04537018  -0.00000000     0.04537018  -0.00000000     0.04270219  -0.00000000
    2    8
  0.00003918   0.00000000     0.01334199   0.00000000     0.00012000   0.00000000
  0.01334199   0.00000000     0.00003918   0.00000000    -0.00012000  -0.00000000
 -0.04143364  -0.00000000     0.04143364   0.00000000     0.04195959   0.00000000
    2    9
  0.01492063  -0.00000000    -0.01779443   0.00000000     0.01823727  -0.00000000
 -0.01779443   0.00000000     0.01492063  -0.00000000    -0.01823727   0.00000000
  0.04537018  -0.00000000    -0.04537018   0.00000000    -0.04270219   0.00000000
    2   10
  0.00003918   0.00000000     0.01334199   0.00000000    -0.00012000  -0.00000000
  0.01334199   0.00000000     0.00003918   0.00000000     0.00012000   0.00000000
  0.04143364   0.00000000    -0.04143364  -0.00000000     0.04195959   0.00000000
    2   11
  0.01492063  -0.00000000    -0.01779443   0.00000000    -0.01823727   0.00000000
 -0.01779443   0.00000000     0.01492063  -0.00000000     0.01823727  -0.00000000
 -0.04537018   0.00000000     0.04537018  -0.00000000    -0.04270219   0.00000000
    3    1
  0.00000000  -0.00000000    -0.01464657  -0.00000000    -0.00000000   0.00000000
 -0.01464657  -0.00000000     0.00000000  -0.00000000    -0.00000000   0.00000000
  0.00000000  -0.00000000    -0.00000000   0.00000000     0.00000000  -0.00000000
    3    2
 -0.01243486  -0.00000000    -0.00000000  -0.00000000    -0.00000000  -0.00000000
 -0.00000000  -0.00000000    -0.01243486  -0.00000000     0.00000000   0.00000000
  0.00000000  -0.00000000    -0.00000000  -0.00000000    -0.10466475  -0.00000000
    3    3
  0.05405814   0.00000000    -0.00000000   0.00000000    -0.00000000   0.00000000
  0.00000000   0.00000000     0.05405814   0.00000000    -0.00000000   0.00000000
  0.00000000   0.00000000     0.00000000   0.00000000     0.12520017   0.00000000
    3    4
 -0.01492063  -0.00000000    -0.01779443  -0.00000000    -0.01823727  -0.00000000
 -0.01779443  -0.00000000    -0.01492063  -0.00000000    -0.01823727  -0.00000000
 -0.04537018  -0.00000000    -0.04537018  -0.00000000     0.04270219   0.00000000
    3    5
 -0.00003918   0.00000000     0.01334199  -0.00000000    -0.00012000  -0.00000000
  0.01334199  -0.00000000    -0.00003918   0.00000000    -0.00012000  -0.00000000
  0.04143364  -0.00000000     0.04143364  -0.00000000    -0.04195959   0.00000000
    3    6
 -0.01492063  -0.00000000    -0.01779443  -0.00000000     0.01823727   0.00000000
 -0.01779443  -0.00000000    -0.01492063  -0.00000000     0.01823727   0.00000000
  0.04537018   0.00000000     0.04537018   0.00000000     0.04270219   0.00000000
    3    7
 -0.00003918   0.00000000     0.01334199  -0.00000000     0.00012000   0.00000000
  0.01334199  -0.00000000    -0.00003918   0.00000000     0.00012000   0.00000000
 -0.04143364   0.00000000    -0.04143364   0.00000000    -0.04195959   0.00000000
    3    8
  0.01492063   0.00000000    -0.01779443  -0.00000000     0.01823727   0.00000000
 -0.01779443  -0.00000000     0.01492063   0.00000000    -0.01823727  -0.00000000
  0.04537018   0.00000000    -0.04537018  -0.00000000    -0.04270219  -0.00000000
    3    9
  0.00003918  -0.00000000     0.01334199  -0.00000000     0.00012000  -0.00000000
  0.01334199  -0.00000000     0.00003918  -0.00000000    -0.00012000   0.00000000
 -0.04143364   0.00000000     0.04143364  -0.00000000     0.04195959  -0.00000000
    3   10
  0.01492063   0.00000000    -0.01779443  -0.00000000    -0.01823727  -0.00000000
 -0.01779443  -0.00000000     0.01492063   0.00000000     0.01823727   0.00000000
 -0.04537018  -0.00000000     0.04537018   0.00000000    -0.04270219  -0.00000000
    3   11
  0.00003918  -0.00000000     0.01334199  -0.00000000    -0.00012000   0.00000000
  0.01334199  -0.00000000     0.00003918  -0.00000000     0.00012000  -0.00000000
  0.04143364  -0.00000000    -0.04143364   0.00000000     0.04195959  -0.00000000
    4    1
  0.01328070  -0.00000000    -0.00243431   0.00000000     0.01103612  -0.00000000
