  3.000000000000000E-002   1.50258710658322        5.61113919275752     
           3

     Dynamical  Matrix in cartesian axes

     q = (   -0.707106781   0.000000000   0.000000000 ) 

    1    1
  0.22769108   0.00000000    -0.00000000   0.00000000     0.00000000   0.00000000
 -0.00000000   0.00000000     0.17531698   0.00000000     0.00000000   0.00000000
  0.00000000   0.00000000     0.00000000   0.00000000     0.17531698   0.00000000
    1    2
  0.00000000  -0.00000000     0.00000000  -0.00000000    -0.00000000  -0.00000000
 -0.00000000  -0.00000000     0.00000000  -0.00000000    -0.01656203   0.00000000
 -0.00000000  -0.00000000    -0.01656203   0.00000000    -0.00000000  -0.00000000
    1    3
  0.00000000   0.00000000    -0.00000000  -0.00000000     0.00000000  -0.00000000
 -0.00000000  -0.00000000     0.00000000   0.00000000    -0.01656203   0.00000000
 -0.00000000  -0.00000000    -0.01656203   0.00000000    -0.00000000   0.00000000
    1    4
 -0.02592311  -0.00000000     0.01087523   0.00000000     0.01087523   0.00000000
  0.00198718   0.00000000     0.01233872   0.00000000     0.00099631   0.00000000
  0.00198718   0.00000000     0.00099631   0.00000000     0.01233872   0.00000000
    1    5
 -0.02592311   0.00000000     0.01087523  -0.00000000     0.01087523  -0.00000000
  0.00198718  -0.00000000     0.01233872  -0.00000000     0.00099631  -0.00000000
  0.00198718  -0.00000000     0.00099631  -0.00000000     0.01233872  -0.00000000
    1    6
 -0.02592311  -0.00000000     0.01087523   0.00000000    -0.01087523  -0.00000000
  0.00198718   0.00000000     0.01233872   0.00000000    -0.00099631  -0.00000000
 -0.00198718  -0.00000000    -0.00099631  -0.00000000     0.01233872   0.00000000
    1    7
 -0.02592311   0.00000000     0.01087523  -0.00000000    -0.01087523   0.00000000
  0.00198718  -0.00000000     0.01233872  -0.00000000    -0.00099631   0.00000000
 -0.00198718   0.00000000    -0.00099631   0.00000000     0.01233872  -0.00000000
    1    8
 -0.02592311  -0.00000000    -0.01087523  -0.00000000     0.01087523   0.00000000
 -0.00198718  -0.00000000     0.01233872   0.00000000    -0.00099631  -0.00000000
  0.00198718   0.00000000    -0.00099631  -0.00000000     0.01233872   0.00000000
    1    9
 -0.02592311   0.00000000    -0.01087523   0.00000000     0.01087523  -0.00000000
 -0.00198718   0.00000000     0.01233872  -0.00000000    -0.00099631   0.00000000
  0.00198718  -0.00000000    -0.00099631   0.00000000     0.01233872  -0.00000000
    1   10
 -0.02592311  -0.00000000    -0.01087523  -0.00000000    -0.01087523  -0.00000000
 -0.00198718  -0.00000000     0.01233872   0.00000000     0.00099631   0.00000000
 -0.00198718  -0.00000000     0.00099631   0.00000000     0.01233872   0.00000000
    1   11
 -0.02592311   0.00000000    -0.01087523   0.00000000    -0.01087523   0.00000000
 -0.00198718   0.00000000     0.01233872  -0.00000000     0.00099631  -0.00000000
 -0.00198718   0.00000000     0.00099631  -0.00000000     0.01233872  -0.00000000
    2    1
  0.00000000   0.00000000    -0.00000000   0.00000000     0.00000000  -0.00000000
  0.00000000  -0.00000000     0.00000000   0.00000000    -0.01656203  -0.00000000
  0.00000000   0.00000000    -0.01656203  -0.00000000    -0.00000000   0.00000000
    2    2
  0.10970167   0.00000000    -0.00000000   0.00000000     0.00000000   0.00000000
 -0.00000000   0.00000000     0.05582680   0.00000000     0.00000000   0.00000000
  0.00000000   0.00000000     0.00000000   0.00000000     0.05582680   0.00000000
    2    3
 -0.08669161   0.00000000    -0.00000000   0.00000000     0.00000000  -0.00000000
  0.00000000   0.00000000    -0.01180798   0.00000000    -0.00000000   0.00000000
 -0.00000000  -0.00000000     0.00000000   0.00000000    -0.01180798   0.00000000
    2    4
 -0.03273297  -0.00000000     0.03249084   0.00000000     0.03249084   0.00000000
  0.00034005   0.00000000    -0.00154077  -0.00000000     0.01198428   0.00000000
  0.00034005   0.00000000     0.01198428   0.00000000    -0.00154077  -0.00000000
    2    5
  0.03303038  -0.00000000    -0.03683573   0.00000000    -0.03683573   0.00000000
 -0.01883720   0.00000000    -0.01516087   0.00000000    -0.01710624   0.00000000
 -0.01883720   0.00000000    -0.01710624   0.00000000    -0.01516087   0.00000000
    2    6
  0.03273297   0.00000000    -0.03249084  -0.00000000     0.03249084   0.00000000
 -0.00034005  -0.00000000     0.00154077   0.00000000     0.01198428   0.00000000
  0.00034005   0.00000000     0.01198428   0.00000000     0.00154077   0.00000000
    2    7
 -0.03303038   0.00000000     0.03683573  -0.00000000    -0.03683573   0.00000000
  0.01883720  -0.00000000     0.01516087  -0.00000000    -0.01710624   0.00000000
 -0.01883720   0.00000000    -0.01710624   0.00000000     0.01516087  -0.00000000
    2    8
  0.03273297   0.00000000     0.03249084   0.00000000    -0.03249084  -0.00000000
  0.00034005   0.00000000     0.00154077   0.00000000     0.01198428   0.00000000
 -0.00034005  -0.00000000     0.01198428   0.00000000     0.00154077   0.00000000
    2    9
 -0.03303038   0.00000000    -0.03683573   0.00000000     0.03683573  -0.00000000
 -0.01883720   0.00000000     0.01516087  -0.00000000    -0.01710624   0.00000000
  0.01883720  -0.00000000    -0.01710624   0.00000000     0.01516087  -0.00000000
    2   10
 -0.03273297  -0.00000000    -0.03249084  -0.00000000    -0.03249084  -0.00000000
 -0.00034005  -0.00000000    -0.00154077  -0.00000000     0.01198428   0.00000000
 -0.00034005  -0.00000000     0.01198428   0.00000000    -0.00154077  -0.00000000
    2   11
  0.03303038  -0.00000000     0.03683573  -0.00000000     0.03683573  -0.00000000
  0.01883720  -0.00000000    -0.01516087   0.00000000    -0.01710624   0.00000000
  0.01883720  -0.00000000    -0.01710624   0.00000000    -0.01516087   0.00000000
    3    1
  0.00000000  -0.00000000    -0.00000000  -0.00000000    -0.00000000  -0.00000000
 -0.00000000  -0.00000000     0.00000000  -0.00000000    -0.01656203  -0.00000000
 -0.00000000  -0.00000000    -0.01656203  -0.00000000     0.00000000  -0.00000000
    3    2
 -0.08669161  -0.00000000     0.00000000   0.00000000    -0.00000000   0.00000000
  0.00000000   0.00000000    -0.01180798  -0.00000000    -0.00000000  -0.00000000
  0.00000000   0.00000000    -0.00000000  -0.00000000    -0.01180798  -0.00000000
    3    3
  0.10970167   0.00000000    -0.00000000   0.00000000    -0.00000000   0.00000000
 -0.00000000   0.00000000     0.05582680   0.00000000     0.00000000   0.00000000
  0.00000000   0.00000000     0.00000000   0.00000000     0.05582680   0.00000000
    3    4
  0.03303038   0.00000000    -0.03683573  -0.00000000    -0.03683573  -0.00000000
 -0.01883720  -0.00000000    -0.01516087  -0.00000000    -0.01710624  -0.00000000
 -0.01883720  -0.00000000    -0.01710624  -0.00000000    -0.01516087  -0.00000000
    3    5
 -0.03273297   0.00000000     0.03249084  -0.00000000     0.03249084  -0.00000000
  0.00034005  -0.00000000    -0.00154077   0.00000000     0.01198428  -0.00000000
  0.00034005  -0.00000000     0.01198428  -0.00000000    -0.00154077   0.00000000
    3    6
 -0.03303038  -0.00000000     0.03683573   0.00000000    -0.03683573  -0.00000000
  0.01883720   0.00000000     0.01516087   0.00000000    -0.01710624  -0.00000000
 -0.01883720  -0.00000000    -0.01710624  -0.00000000     0.01516087   0.00000000
    3    7
  0.03273297  -0.00000000    -0.03249084   0.00000000     0.03249084  -0.00000000
 -0.00034005   0.00000000     0.00154077  -0.00000000     0.01198428  -0.00000000
  0.00034005  -0.00000000     0.01198428  -0.00000000     0.00154077  -0.00000000
    3    8
 -0.03303038  -0.00000000    -0.03683573  -0.00000000     0.03683573   0.00000000
 -0.01883720  -0.00000000     0.01516087   0.00000000    -0.01710624  -0.00000000
  0.01883720   0.00000000    -0.01710624  -0.00000000     0.01516087   0.00000000
    3    9
  0.03273297  -0.00000000     0.03249084  -0.00000000    -0.03249084   0.00000000
  0.00034005  -0.00000000     0.00154077  -0.00000000     0.01198428  -0.00000000
 -0.00034005   0.00000000     0.01198428  -0.00000000     0.00154077  -0.00000000
    3   10
  0.03303038   0.00000000     0.03683573   0.00000000     0.03683573   0.00000000
  0.01883720   0.00000000    -0.01516087  -0.00000000    -0.01710624  -0.00000000
  0.01883720   0.00000000    -0.01710624  -0.00000000    -0.01516087  -0.00000000
    3   11
 -0.03273297   0.00000000    -0.03249084   0.00000000    -0.03249084   0.00000000
 -0.00034005   0.00000000    -0.00154077   0.00000000     0.01198428  -0.00000000
 -0.00034005   0.00000000     0.01198428  -0.00000000    -0.00154077   0.00000000
    4    1
 -0.02592311   0.00000000     0.00198718  -0.00000000     0.00198718  -0.00000000
  0.01087523  -0.00000000     0.01233872  -0.00000000     0.00099631  -0.00000000
  0.01087523  -0.00000000     0.00099631  -0.00000000     0.01233872  -0.00000000
    4    2
 -0.03273297   0.00000000     0.00034005  -0.00000000     0.00034005  -0.00000000
  0.03249084  -0.00000000    -0.00154077   0.00000000     0.01198428  -0.00000000
  0.03249084  -0.00000000     0.01198428  -0.00000000    -0.00154077   0.00000000
    4    3
  0.03303038  -0.00000000    -0.01883720   0.00000000    -0.01883720   0.00000000
 -0.03683573   0.00000000    -0.01516087   0.00000000    -0.01710624   0.00000000
 -0.03683573   0.00000000    -0.01710624   0.00000000    -0.01516087   0.00000000
    4    4
  0.07652130   0.00000000    -0.01335556   0.00000000    -0.01335556   0.00000000
 -0.01335556   0.00000000     0.07654152   0.00000000     0.02177180   0.00000000
 -0.01335556   0.00000000     0.02177180   0.00000000     0.07654152   0.00000000
    4    5
 -0.02162790   0.00000000     0.01345344  -0.00000000     0.01345344  -0.00000000
  0.01345344  -0.00000000    -0.03192214   0.00000000    -0.03320797   0.00000000
  0.01345344  -0.00000000    -0.03320797   0.00000000    -0.03192214   0.00000000
    4    6
 -0.01562282  -0.00000000     0.02079128   0.00000000    -0.01861709  -0.00000000
  0.02079128   0.00000000    -0.00065753  -0.00000000     0.00262337   0.00000000
  0.01861709   0.00000000    -0.00262337  -0.00000000     0.01332630   0.00000000
    4    7
  0.02214159  -0.00000000    -0.02280391   0.00000000     0.01818365  -0.00000000
 -0.02280391   0.00000000     0.00286685  -0.00000000     0.00508791  -0.00000000
 -0.01818365   0.00000000    -0.00508791   0.00000000    -0.03942804   0.00000000
    4    8
 -0.01562282  -0.00000000    -0.01861709  -0.00000000     0.02079128   0.00000000
  0.01861709   0.00000000     0.01332630   0.00000000    -0.00262337  -0.00000000
  0.02079128   0.00000000     0.00262337   0.00000000    -0.00065753  -0.00000000
    4    9
  0.02214159  -0.00000000     0.01818365  -0.00000000    -0.02280391   0.00000000
 -0.01818365   0.00000000    -0.03942804   0.00000000    -0.00508791   0.00000000
 -0.02280391   0.00000000     0.00508791  -0.00000000     0.00286685  -0.00000000
    4   10
  0.02131579   0.00000000     0.02385925   0.00000000     0.02385925   0.00000000
 -0.02385925   0.00000000    -0.02026816   0.00000000     0.00365867   0.00000000
 -0.02385925   0.00000000     0.00365867   0.00000000    -0.02026816   0.00000000
    4   11
 -0.05215026   0.00000000    -0.02161314   0.00000000    -0.02161314   0.00000000
  0.02161314  -0.00000000     0.01672133  -0.00000000     0.01313151  -0.00000000
  0.02161314  -0.00000000     0.01313151  -0.00000000     0.01672133  -0.00000000
    5    1
 -0.02592311  -0.00000000     0.00198718   0.00000000     0.00198718   0.00000000
  0.01087523   0.00000000     0.01233872   0.00000000     0.00099631   0.00000000
  0.01087523   0.00000000     0.00099631   0.00000000     0.01233872   0.00000000
    5    2
  0.03303038   0.00000000    -0.01883720  -0.00000000    -0.01883720  -0.00000000
 -0.03683573  -0.00000000    -0.01516087  -0.00000000    -0.01710624  -0.00000000
 -0.03683573  -0.00000000    -0.01710624  -0.00000000    -0.01516087  -0.00000000
    5    3
 -0.03273297  -0.00000000     0.00034005   0.00000000     0.00034005   0.00000000
  0.03249084   0.00000000    -0.00154077  -0.00000000     0.01198428   0.00000000
  0.03249084   0.00000000     0.01198428   0.00000000    -0.00154077  -0.00000000
    5    4
 -0.02162790  -0.00000000     0.01345344   0.00000000     0.01345344   0.00000000
  0.01345344   0.00000000    -0.03192214  -0.00000000    -0.03320797  -0.00000000
  0.01345344   0.00000000    -0.03320797  -0.00000000    -0.03192214  -0.00000000
    5    5
  0.07652130   0.00000000    -0.01335556   0.00000000    -0.01335556   0.00000000
 -0.01335556   0.00000000     0.07654152   0.00000000     0.02177180   0.00000000
 -0.01335556   0.00000000     0.02177180   0.00000000     0.07654152   0.00000000
    5    6
  0.02214159   0.00000000    -0.02280391  -0.00000000     0.01818365   0.00000000
 -0.02280391  -0.00000000     0.00286685   0.00000000     0.00508791   0.00000000
 -0.01818365  -0.00000000    -0.00508791  -0.00000000    -0.03942804  -0.00000000
    5    7
 -0.01562282   0.00000000     0.02079128  -0.00000000    -0.01861709   0.00000000
  0.02079128  -0.00000000    -0.00065753   0.00000000     0.00262337  -0.00000000
  0.01861709  -0.00000000    -0.00262337   0.00000000     0.01332630  -0.00000000
    5    8
  0.02214159   0.00000000     0.01818365   0.00000000    -0.02280391  -0.00000000
 -0.01818365  -0.00000000    -0.03942804  -0.00000000    -0.00508791  -0.00000000
 -0.02280391  -0.00000000     0.00508791   0.00000000     0.00286685   0.00000000
    5    9
 -0.01562282   0.00000000    -0.01861709   0.00000000     0.02079128  -0.00000000
  0.01861709  -0.00000000     0.01332630  -0.00000000    -0.00262337   0.00000000
  0.02079128  -0.00000000     0.00262337  -0.00000000    -0.00065753   0.00000000
    5   10
 -0.05215026  -0.00000000    -0.02161314  -0.00000000    -0.02161314  -0.00000000
  0.02161314   0.00000000     0.01672133   0.00000000     0.01313151   0.00000000
  0.02161314   0.00000000     0.01313151   0.00000000     0.01672133   0.00000000
    5   11
  0.02131579   0.00000000     0.02385925   0.00000000     0.02385925   0.00000000
 -0.02385925   0.00000000    -0.02026816   0.00000000     0.00365867   0.00000000
 -0.02385925   0.00000000     0.00365867   0.00000000    -0.02026816   0.00000000
    6    1
 -0.02592311   0.00000000     0.00198718  -0.00000000    -0.00198718   0.00000000
  0.01087523  -0.00000000     0.01233872  -0.00000000    -0.00099631   0.00000000
 -0.01087523   0.00000000    -0.00099631   0.00000000     0.01233872  -0.00000000
    6    2
  0.03273297  -0.00000000    -0.00034005   0.00000000     0.00034005  -0.00000000
 -0.03249084   0.00000000     0.00154077  -0.00000000     0.01198428  -0.00000000
  0.03249084  -0.00000000     0.01198428  -0.00000000     0.00154077  -0.00000000
    6    3
 -0.03303038   0.00000000     0.01883720  -0.00000000    -0.01883720   0.00000000
  0.03683573  -0.00000000     0.01516087  -0.00000000    -0.01710624   0.00000000
 -0.03683573   0.00000000    -0.01710624   0.00000000     0.01516087  -0.00000000
    6    4
 -0.01562282   0.00000000     0.02079128  -0.00000000     0.01861709  -0.00000000
  0.02079128  -0.00000000    -0.00065753   0.00000000    -0.00262337   0.00000000
 -0.01861709   0.00000000     0.00262337  -0.00000000     0.01332630  -0.00000000
    6    5
  0.02214159  -0.00000000    -0.02280391   0.00000000    -0.01818365   0.00000000
 -0.02280391   0.00000000     0.00286685  -0.00000000    -0.00508791   0.00000000
  0.01818365  -0.00000000     0.00508791  -0.00000000    -0.03942804   0.00000000
    6    6
  0.07652130   0.00000000    -0.01335556   0.00000000     0.01335556   0.00000000
 -0.01335556   0.00000000     0.07654152   0.00000000    -0.02177180   0.00000000
  0.01335556   0.00000000    -0.02177180   0.00000000     0.07654152   0.00000000
    6    7
 -0.02162790   0.00000000     0.01345344  -0.00000000    -0.01345344   0.00000000
  0.01345344  -0.00000000    -0.03192214   0.00000000     0.03320797  -0.00000000
 -0.01345344   0.00000000     0.03320797  -0.00000000    -0.03192214   0.00000000
    6    8
  0.02131579  -0.00000000     0.02385925   0.00000000    -0.02385925  -0.00000000
 -0.02385925   0.00000000    -0.02026816   0.00000000    -0.00365867   0.00000000
  0.02385925  -0.00000000    -0.00365867   0.00000000    -0.02026816  -0.00000000
    6    9
 -0.05215026   0.00000000    -0.02161314   0.00000000     0.02161314  -0.00000000
  0.02161314  -0.00000000     0.01672133  -0.00000000    -0.01313151   0.00000000
 -0.02161314   0.00000000    -0.01313151   0.00000000     0.01672133  -0.00000000
    6   10
 -0.01562282   0.00000000    -0.01861709   0.00000000    -0.02079128   0.00000000
  0.01861709  -0.00000000     0.01332630  -0.00000000     0.00262337  -0.00000000
 -0.02079128   0.00000000    -0.00262337   0.00000000    -0.00065753   0.00000000
    6   11
  0.02214159  -0.00000000     0.01818365  -0.00000000     0.02280391  -0.00000000
 -0.01818365   0.00000000    -0.03942804   0.00000000     0.00508791  -0.00000000
  0.02280391  -0.00000000    -0.00508791   0.00000000     0.00286685  -0.00000000
    7    1
 -0.02592311  -0.00000000     0.00198718   0.00000000    -0.00198718  -0.00000000
  0.01087523   0.00000000     0.01233872   0.00000000    -0.00099631  -0.00000000
 -0.01087523  -0.00000000    -0.00099631  -0.00000000     0.01233872   0.00000000
    7    2
 -0.03303038  -0.00000000     0.01883720   0.00000000    -0.01883720  -0.00000000
  0.03683573   0.00000000     0.01516087   0.00000000    -0.01710624  -0.00000000
 -0.03683573  -0.00000000    -0.01710624  -0.00000000     0.01516087   0.00000000
    7    3
  0.03273297   0.00000000    -0.00034005  -0.00000000     0.00034005   0.00000000
 -0.03249084  -0.00000000     0.00154077   0.00000000     0.01198428   0.00000000
  0.03249084   0.00000000     0.01198428   0.00000000     0.00154077   0.00000000
    7    4
  0.02214159   0.00000000    -0.02280391  -0.00000000    -0.01818365  -0.00000000
 -0.02280391  -0.00000000     0.00286685   0.00000000    -0.00508791  -0.00000000
  0.01818365   0.00000000     0.00508791   0.00000000    -0.03942804  -0.00000000
    7    5
 -0.01562282  -0.00000000     0.02079128   0.00000000     0.01861709   0.00000000
  0.02079128   0.00000000    -0.00065753  -0.00000000    -0.00262337  -0.00000000
 -0.01861709  -0.00000000     0.00262337   0.00000000     0.01332630   0.00000000
    7    6
 -0.02162790  -0.00000000     0.01345344   0.00000000    -0.01345344  -0.00000000
  0.01345344   0.00000000    -0.03192214  -0.00000000     0.03320797   0.00000000
 -0.01345344  -0.00000000     0.03320797   0.00000000    -0.03192214  -0.00000000
    7    7
  0.07652130   0.00000000    -0.01335556   0.00000000     0.01335556   0.00000000
 -0.01335556   0.00000000     0.07654152   0.00000000    -0.02177180   0.00000000
  0.01335556   0.00000000    -0.02177180   0.00000000     0.07654152   0.00000000
    7    8
 -0.05215026  -0.00000000    -0.02161314  -0.00000000     0.02161314   0.00000000
  0.02161314   0.00000000     0.01672133   0.00000000    -0.01313151  -0.00000000
 -0.02161314  -0.00000000    -0.01313151  -0.00000000     0.01672133   0.00000000
    7    9
  0.02131579   0.00000000     0.02385925  -0.00000000    -0.02385925   0.00000000
 -0.02385925  -0.00000000    -0.02026816   0.00000000    -0.00365867  -0.00000000
  0.02385925   0.00000000    -0.00365867  -0.00000000    -0.02026816  -0.00000000
    7   10
  0.02214159   0.00000000     0.01818365   0.00000000     0.02280391   0.00000000
 -0.01818365  -0.00000000    -0.03942804  -0.00000000     0.00508791   0.00000000
  0.02280391   0.00000000    -0.00508791  -0.00000000     0.00286685   0.00000000
    7   11
 -0.01562282  -0.00000000    -0.01861709  -0.00000000    -0.02079128  -0.00000000
  0.01861709   0.00000000     0.01332630   0.00000000     0.00262337   0.00000000
 -0.02079128  -0.00000000    -0.00262337  -0.00000000    -0.00065753  -0.00000000
    8    1
 -0.02592311   0.00000000    -0.00198718   0.00000000     0.00198718  -0.00000000
 -0.01087523   0.00000000     0.01233872  -0.00000000    -0.00099631   0.00000000
  0.01087523  -0.00000000    -0.00099631   0.00000000     0.01233872  -0.00000000
    8    2
  0.03273297  -0.00000000     0.00034005  -0.00000000    -0.00034005   0.00000000
  0.03249084  -0.00000000     0.00154077  -0.00000000     0.01198428  -0.00000000
 -0.03249084   0.00000000     0.01198428  -0.00000000     0.00154077  -0.00000000
    8    3
 -0.03303038   0.00000000    -0.01883720   0.00000000     0.01883720  -0.00000000
 -0.03683573   0.00000000     0.01516087  -0.00000000    -0.01710624   0.00000000
  0.03683573  -0.00000000    -0.01710624   0.00000000     0.01516087  -0.00000000
    8    4
 -0.01562282   0.00000000     0.01861709  -0.00000000     0.02079128  -0.00000000
 -0.01861709   0.00000000     0.01332630  -0.00000000     0.00262337  -0.00000000
  0.02079128  -0.00000000    -0.00262337   0.00000000    -0.00065753   0.00000000
    8    5
  0.02214159  -0.00000000    -0.01818365   0.00000000    -0.02280391   0.00000000
  0.01818365  -0.00000000    -0.03942804   0.00000000     0.00508791  -0.00000000
 -0.02280391   0.00000000    -0.00508791   0.00000000     0.00286685  -0.00000000
    8    6
  0.02131579  -0.00000000    -0.02385925  -0.00000000     0.02385925   0.00000000
  0.02385925  -0.00000000    -0.02026816   0.00000000    -0.00365867   0.00000000
 -0.02385925   0.00000000    -0.00365867   0.00000000    -0.02026816   0.00000000
    8    7
 -0.05215026   0.00000000     0.02161314  -0.00000000    -0.02161314   0.00000000
 -0.02161314   0.00000000     0.01672133  -0.00000000    -0.01313151   0.00000000
  0.02161314  -0.00000000    -0.01313151   0.00000000     0.01672133  -0.00000000
    8    8
  0.07652130   0.00000000     0.01335556   0.00000000    -0.01335556   0.00000000
  0.01335556   0.00000000     0.07654152   0.00000000    -0.02177180   0.00000000
 -0.01335556   0.00000000    -0.02177180   0.00000000     0.07654152   0.00000000
    8    9
 -0.02162790   0.00000000    -0.01345344   0.00000000     0.01345344  -0.00000000
 -0.01345344   0.00000000    -0.03192214   0.00000000     0.03320797  -0.00000000
  0.01345344  -0.00000000     0.03320797  -0.00000000    -0.03192214   0.00000000
    8   10
 -0.01562282   0.00000000    -0.02079128   0.00000000    -0.01861709   0.00000000
 -0.02079128   0.00000000    -0.00065753   0.00000000    -0.00262337   0.00000000
  0.01861709  -0.00000000     0.00262337  -0.00000000     0.01332630  -0.00000000
    8   11
  0.02214159  -0.00000000     0.02280391  -0.00000000     0.01818365  -0.00000000
  0.02280391  -0.00000000     0.00286685  -0.00000000    -0.00508791   0.00000000
 -0.01818365   0.00000000     0.00508791  -0.00000000    -0.03942804   0.00000000
    9    1
 -0.02592311  -0.00000000    -0.00198718  -0.00000000     0.00198718   0.00000000
 -0.01087523  -0.00000000     0.01233872   0.00000000    -0.00099631  -0.00000000
  0.01087523   0.00000000    -0.00099631  -0.00000000     0.01233872   0.00000000
    9    2
 -0.03303038  -0.00000000    -0.01883720  -0.00000000     0.01883720   0.00000000
 -0.03683573  -0.00000000     0.01516087   0.00000000    -0.01710624  -0.00000000
  0.03683573   0.00000000    -0.01710624  -0.00000000     0.01516087   0.00000000
    9    3
  0.03273297   0.00000000     0.00034005   0.00000000    -0.00034005  -0.00000000
  0.03249084   0.00000000     0.00154077   0.00000000     0.01198428   0.00000000
 -0.03249084  -0.00000000     0.01198428   0.00000000     0.00154077   0.00000000
    9    4
  0.02214159   0.00000000    -0.01818365  -0.00000000    -0.02280391  -0.00000000
  0.01818365   0.00000000    -0.03942804  -0.00000000     0.00508791   0.00000000
 -0.02280391  -0.00000000    -0.00508791  -0.00000000     0.00286685   0.00000000
    9    5
 -0.01562282  -0.00000000     0.01861709   0.00000000     0.02079128   0.00000000
 -0.01861709  -0.00000000     0.01332630   0.00000000     0.00262337   0.00000000
  0.02079128   0.00000000    -0.00262337  -0.00000000    -0.00065753  -0.00000000
    9    6
 -0.05215026  -0.00000000     0.02161314   0.00000000    -0.02161314  -0.00000000
 -0.02161314  -0.00000000     0.01672133   0.00000000    -0.01313151  -0.00000000
  0.02161314   0.00000000    -0.01313151  -0.00000000     0.01672133   0.00000000
    9    7
  0.02131579   0.00000000    -0.02385925   0.00000000     0.02385925  -0.00000000
  0.02385925   0.00000000    -0.02026816  -0.00000000    -0.00365867  -0.00000000
 -0.02385925  -0.00000000    -0.00365867  -0.00000000    -0.02026816   0.00000000
    9    8
 -0.02162790  -0.00000000    -0.01345344  -0.00000000     0.01345344   0.00000000
 -0.01345344  -0.00000000    -0.03192214  -0.00000000     0.03320797   0.00000000
  0.01345344   0.00000000     0.03320797   0.00000000    -0.03192214  -0.00000000
    9    9
  0.07652130   0.00000000     0.01335556   0.00000000    -0.01335556   0.00000000
  0.01335556   0.00000000     0.07654152   0.00000000    -0.02177180   0.00000000
 -0.01335556   0.00000000    -0.02177180   0.00000000     0.07654152   0.00000000
    9   10
  0.02214159   0.00000000     0.02280391   0.00000000     0.01818365   0.00000000
  0.02280391   0.00000000     0.00286685   0.00000000    -0.00508791  -0.00000000
 -0.01818365  -0.00000000     0.00508791   0.00000000    -0.03942804  -0.00000000
    9   11
 -0.01562282  -0.00000000    -0.02079128  -0.00000000    -0.01861709  -0.00000000
 -0.02079128  -0.00000000    -0.00065753  -0.00000000    -0.00262337  -0.00000000
  0.01861709   0.00000000     0.00262337   0.00000000     0.01332630   0.00000000
   10    1
 -0.02592311   0.00000000    -0.00198718   0.00000000    -0.00198718   0.00000000
 -0.01087523   0.00000000     0.01233872  -0.00000000     0.00099631  -0.00000000
 -0.01087523   0.00000000     0.00099631  -0.00000000     0.01233872  -0.00000000
   10    2
 -0.03273297   0.00000000    -0.00034005   0.00000000    -0.00034005   0.00000000
 -0.03249084   0.00000000    -0.00154077   0.00000000     0.01198428  -0.00000000
 -0.03249084   0.00000000     0.01198428  -0.00000000    -0.00154077   0.00000000
   10    3
  0.03303038  -0.00000000     0.01883720  -0.00000000     0.01883720  -0.00000000
  0.03683573  -0.00000000    -0.01516087   0.00000000    -0.01710624   0.00000000
  0.03683573  -0.00000000    -0.01710624   0.00000000    -0.01516087   0.00000000
   10    4
  0.02131579   0.00000000    -0.02385925   0.00000000    -0.02385925   0.00000000
  0.02385925   0.00000000    -0.02026816   0.00000000     0.00365867   0.00000000
  0.02385925   0.00000000     0.00365867   0.00000000    -0.02026816   0.00000000
   10    5
 -0.05215026   0.00000000     0.02161314  -0.00000000     0.02161314  -0.00000000
 -0.02161314   0.00000000     0.01672133  -0.00000000     0.01313151  -0.00000000
 -0.02161314   0.00000000     0.01313151  -0.00000000     0.01672133  -0.00000000
   10    6
 -0.01562282  -0.00000000     0.01861709   0.00000000    -0.02079128  -0.00000000
 -0.01861709  -0.00000000     0.01332630   0.00000000    -0.00262337  -0.00000000
 -0.02079128  -0.00000000     0.00262337   0.00000000    -0.00065753  -0.00000000
   10    7
  0.02214159  -0.00000000    -0.01818365   0.00000000     0.02280391  -0.00000000
  0.01818365  -0.00000000    -0.03942804   0.00000000    -0.00508791   0.00000000
  0.02280391  -0.00000000     0.00508791  -0.00000000     0.00286685  -0.00000000
   10    8
 -0.01562282  -0.00000000    -0.02079128  -0.00000000     0.01861709   0.00000000
 -0.02079128  -0.00000000    -0.00065753  -0.00000000     0.00262337   0.00000000
 -0.01861709  -0.00000000    -0.00262337  -0.00000000     0.01332630   0.00000000
   10    9
  0.02214159  -0.00000000     0.02280391  -0.00000000    -0.01818365   0.00000000
  0.02280391  -0.00000000     0.00286685  -0.00000000     0.00508791  -0.00000000
  0.01818365  -0.00000000    -0.00508791   0.00000000    -0.03942804   0.00000000
   10   10
  0.07652130   0.00000000     0.01335556   0.00000000     0.01335556   0.00000000
  0.01335556   0.00000000     0.07654152   0.00000000     0.02177180   0.00000000
  0.01335556   0.00000000     0.02177180   0.00000000     0.07654152   0.00000000
   10   11
 -0.02162790   0.00000000    -0.01345344   0.00000000    -0.01345344   0.00000000
 -0.01345344   0.00000000    -0.03192214   0.00000000    -0.03320797   0.00000000
 -0.01345344   0.00000000    -0.03320797   0.00000000    -0.03192214   0.00000000
   11    1
 -0.02592311  -0.00000000    -0.00198718  -0.00000000    -0.00198718  -0.00000000
 -0.01087523  -0.00000000     0.01233872   0.00000000     0.00099631   0.00000000
 -0.01087523  -0.00000000     0.00099631   0.00000000     0.01233872   0.00000000
   11    2
  0.03303038   0.00000000     0.01883720   0.00000000     0.01883720   0.00000000
  0.03683573   0.00000000    -0.01516087  -0.00000000    -0.01710624  -0.00000000
  0.03683573   0.00000000    -0.01710624  -0.00000000    -0.01516087  -0.00000000
   11    3
 -0.03273297  -0.00000000    -0.00034005  -0.00000000    -0.00034005  -0.00000000
 -0.03249084  -0.00000000    -0.00154077  -0.00000000     0.01198428   0.00000000
 -0.03249084  -0.00000000     0.01198428   0.00000000    -0.00154077  -0.00000000
   11    4
 -0.05215026  -0.00000000     0.02161314   0.00000000     0.02161314   0.00000000
 -0.02161314  -0.00000000     0.01672133   0.00000000     0.01313151   0.00000000
 -0.02161314  -0.00000000     0.01313151   0.00000000     0.01672133   0.00000000
   11    5
  0.02131579   0.00000000    -0.02385925   0.00000000    -0.02385925   0.00000000
  0.02385925   0.00000000    -0.02026816   0.00000000     0.00365867   0.00000000
  0.02385925   0.00000000     0.00365867   0.00000000    -0.02026816   0.00000000
   11    6
  0.02214159   0.00000000    -0.01818365  -0.00000000     0.02280391   0.00000000
  0.01818365   0.00000000    -0.03942804  -0.00000000    -0.00508791  -0.00000000
  0.02280391   0.00000000     0.00508791   0.00000000     0.00286685   0.00000000
   11    7
 -0.01562282   0.00000000     0.01861709  -0.00000000    -0.02079128   0.00000000
 -0.01861709   0.00000000     0.01332630  -0.00000000    -0.00262337   0.00000000
 -0.02079128   0.00000000     0.00262337  -0.00000000    -0.00065753   0.00000000
   11    8
  0.02214159   0.00000000     0.02280391   0.00000000    -0.01818365  -0.00000000
  0.02280391   0.00000000     0.00286685   0.00000000     0.00508791   0.00000000
  0.01818365   0.00000000    -0.00508791  -0.00000000    -0.03942804  -0.00000000
   11    9
 -0.01562282   0.00000000    -0.02079128   0.00000000     0.01861709  -0.00000000
 -0.02079128   0.00000000    -0.00065753   0.00000000     0.00262337  -0.00000000
 -0.01861709   0.00000000    -0.00262337   0.00000000     0.01332630  -0.00000000
   11   10
 -0.02162790  -0.00000000    -0.01345344  -0.00000000    -0.01345344  -0.00000000
 -0.01345344  -0.00000000    -0.03192214  -0.00000000    -0.03320797  -0.00000000
 -0.01345344  -0.00000000    -0.03320797  -0.00000000    -0.03192214  -0.00000000
   11   11
  0.07652130   0.00000000     0.01335556   0.00000000     0.01335556   0.00000000
  0.01335556   0.00000000     0.07654152   0.00000000     0.02177180   0.00000000
  0.01335556   0.00000000     0.02177180   0.00000000     0.07654152   0.00000000

     Dynamical  Matrix in cartesian axes

     q = (    0.000000000   0.000000000  -0.707106781 ) 

    1    1
  0.17531698   0.00000000    -0.00000000   0.00000000    -0.00000000   0.00000000
  0.00000000   0.00000000     0.17531698   0.00000000     0.00000000   0.00000000
 -0.00000000   0.00000000    -0.00000000   0.00000000     0.22769108   0.00000000
    1    2
 -0.00000000  -0.00000000    -0.01656203   0.00000000    -0.00000000  -0.00000000
 -0.01656203   0.00000000    -0.00000000  -0.00000000     0.00000000  -0.00000000
  0.00000000   0.00000000     0.00000000   0.00000000     0.00000000  -0.00000000
    1    3
  0.00000000   0.00000000    -0.01656203   0.00000000     0.00000000   0.00000000
 -0.01656203   0.00000000    -0.00000000   0.00000000     0.00000000   0.00000000
 -0.00000000   0.00000000    -0.00000000   0.00000000     0.00000000   0.00000000
    1    4
  0.01233872   0.00000000     0.00099631   0.00000000     0.00198718   0.00000000
  0.00099631   0.00000000     0.01233872   0.00000000     0.00198718   0.00000000
  0.01087523   0.00000000     0.01087523   0.00000000    -0.02592311  -0.00000000
    1    5
  0.01233872  -0.00000000     0.00099631  -0.00000000     0.00198718  -0.00000000
  0.00099631  -0.00000000     0.01233872  -0.00000000     0.00198718  -0.00000000
  0.01087523  -0.00000000     0.01087523  -0.00000000    -0.02592311   0.00000000
    1    6
  0.01233872   0.00000000     0.00099631   0.00000000    -0.00198718  -0.00000000
  0.00099631   0.00000000     0.01233872   0.00000000    -0.00198718  -0.00000000
 -0.01087523  -0.00000000    -0.01087523  -0.00000000    -0.02592311  -0.00000000
    1    7
  0.01233872  -0.00000000     0.00099631  -0.00000000    -0.00198718   0.00000000
  0.00099631  -0.00000000     0.01233872  -0.00000000    -0.00198718   0.00000000
 -0.01087523   0.00000000    -0.01087523   0.00000000    -0.02592311   0.00000000
    1    8
  0.01233872   0.00000000    -0.00099631  -0.00000000     0.00198718   0.00000000
 -0.00099631  -0.00000000     0.01233872   0.00000000    -0.00198718  -0.00000000
  0.01087523   0.00000000    -0.01087523  -0.00000000    -0.02592311  -0.00000000
    1    9
  0.01233872  -0.00000000    -0.00099631   0.00000000     0.00198718  -0.00000000
 -0.00099631   0.00000000     0.01233872  -0.00000000    -0.00198718   0.00000000
  0.01087523  -0.00000000    -0.01087523   0.00000000    -0.02592311   0.00000000
    1   10
  0.01233872   0.00000000    -0.00099631  -0.00000000    -0.00198718  -0.00000000
 -0.00099631  -0.00000000     0.01233872   0.00000000     0.00198718   0.00000000
 -0.01087523  -0.00000000     0.01087523   0.00000000    -0.02592311  -0.00000000
    1   11
  0.01233872  -0.00000000    -0.00099631   0.00000000    -0.00198718   0.00000000
 -0.00099631   0.00000000     0.01233872  -0.00000000     0.00198718  -0.00000000
 -0.01087523   0.00000000     0.01087523  -0.00000000    -0.02592311   0.00000000
    2    1
  0.00000000   0.00000000    -0.01656203  -0.00000000    -0.00000000   0.00000000
 -0.01656203  -0.00000000    -0.00000000   0.00000000    -0.00000000   0.00000000
 -0.00000000  -0.00000000     0.00000000   0.00000000     0.00000000   0.00000000
    2    2
  0.05582680   0.00000000     0.00000000   0.00000000    -0.00000000   0.00000000
  0.00000000   0.00000000     0.05582680   0.00000000     0.00000000   0.00000000
 -0.00000000   0.00000000     0.00000000   0.00000000     0.10970167   0.00000000
    2    3
 -0.01180798   0.00000000    -0.00000000   0.00000000    -0.00000000  -0.00000000
 -0.00000000   0.00000000    -0.01180798   0.00000000     0.00000000   0.00000000
  0.00000000  -0.00000000    -0.00000000   0.00000000    -0.08669161   0.00000000
    2    4
 -0.00154077  -0.00000000     0.01198428   0.00000000     0.00034005   0.00000000
  0.01198428   0.00000000    -0.00154077  -0.00000000     0.00034005   0.00000000
  0.03249084   0.00000000     0.03249084   0.00000000    -0.03273297  -0.00000000
    2    5
 -0.01516087   0.00000000    -0.01710624   0.00000000    -0.01883720   0.00000000
 -0.01710624   0.00000000    -0.01516087   0.00000000    -0.01883720   0.00000000
 -0.03683573   0.00000000    -0.03683573   0.00000000     0.03303038  -0.00000000
    2    6
 -0.00154077  -0.00000000     0.01198428   0.00000000    -0.00034005  -0.00000000
  0.01198428   0.00000000    -0.00154077  -0.00000000    -0.00034005  -0.00000000
 -0.03249084  -0.00000000    -0.03249084  -0.00000000    -0.03273297  -0.00000000
    2    7
 -0.01516087   0.00000000    -0.01710624   0.00000000     0.01883720  -0.00000000
 -0.01710624   0.00000000    -0.01516087   0.00000000     0.01883720  -0.00000000
  0.03683573  -0.00000000     0.03683573  -0.00000000     0.03303038  -0.00000000
    2    8
  0.00154077   0.00000000     0.01198428   0.00000000    -0.00034005  -0.00000000
  0.01198428   0.00000000     0.00154077   0.00000000     0.00034005   0.00000000
 -0.03249084  -0.00000000     0.03249084   0.00000000     0.03273297   0.00000000
    2    9
  0.01516087  -0.00000000    -0.01710624   0.00000000     0.01883720  -0.00000000
 -0.01710624   0.00000000     0.01516087  -0.00000000    -0.01883720   0.00000000
  0.03683573  -0.00000000    -0.03683573   0.00000000    -0.03303038   0.00000000
    2   10
  0.00154077   0.00000000     0.01198428   0.00000000     0.00034005   0.00000000
  0.01198428   0.00000000     0.00154077   0.00000000    -0.00034005  -0.00000000
  0.03249084   0.00000000    -0.03249084  -0.00000000     0.03273297   0.00000000
    2   11
  0.01516087  -0.00000000    -0.01710624   0.00000000    -0.01883720   0.00000000
 -0.01710624   0.00000000     0.01516087  -0.00000000     0.01883720  -0.00000000
 -0.03683573   0.00000000     0.03683573  -0.00000000    -0.03303038   0.00000000
    3    1
  0.00000000  -0.00000000    -0.01656203  -0.00000000     0.00000000   0.00000000
 -0.01656203  -0.00000000     0.00000000  -0.00000000     0.00000000   0.00000000
 -0.00000000  -0.00000000    -0.00000000   0.00000000     0.00000000  -0.00000000
    3    2
 -0.01180798  -0.00000000    -0.00000000  -0.00000000     0.00000000  -0.00000000
 -0.00000000  -0.00000000    -0.01180798  -0.00000000     0.00000000   0.00000000
  0.00000000  -0.00000000     0.00000000   0.00000000    -0.08669161  -0.00000000
    3    3
  0.05582680   0.00000000     0.00000000   0.00000000    -0.00000000   0.00000000
  0.00000000   0.00000000     0.05582680   0.00000000    -0.00000000   0.00000000
 -0.00000000   0.00000000    -0.00000000   0.00000000     0.10970167   0.00000000
    3    4
 -0.01516087  -0.00000000    -0.01710624  -0.00000000    -0.01883720  -0.00000000
 -0.01710624  -0.00000000    -0.01516087  -0.00000000    -0.01883720  -0.00000000
 -0.03683573  -0.00000000    -0.03683573  -0.00000000     0.03303038   0.00000000
    3    5
 -0.00154077   0.00000000     0.01198428  -0.00000000     0.00034005  -0.00000000
  0.01198428  -0.00000000    -0.00154077   0.00000000     0.00034005  -0.00000000
  0.03249084  -0.00000000     0.03249084  -0.00000000    -0.03273297   0.00000000
    3    6
 -0.01516087  -0.00000000    -0.01710624  -0.00000000     0.01883720   0.00000000
 -0.01710624  -0.00000000    -0.01516087  -0.00000000     0.01883720   0.00000000
  0.03683573   0.00000000     0.03683573   0.00000000     0.03303038   0.00000000
    3    7
 -0.00154077   0.00000000     0.01198428  -0.00000000    -0.00034005   0.00000000
  0.01198428  -0.00000000    -0.00154077   0.00000000    -0.00034005   0.00000000
 -0.03249084   0.00000000    -0.03249084   0.00000000    -0.03273297   0.00000000
    3    8
  0.01516087   0.00000000    -0.01710624  -0.00000000     0.01883720   0.00000000
 -0.01710624  -0.00000000     0.01516087   0.00000000    -0.01883720  -0.00000000
  0.03683573   0.00000000    -0.03683573  -0.00000000    -0.03303038  -0.00000000
    3    9
  0.00154077  -0.00000000     0.01198428  -0.00000000    -0.00034005   0.00000000
  0.01198428  -0.00000000     0.00154077  -0.00000000     0.00034005  -0.00000000
 -0.03249084   0.00000000     0.03249084  -0.00000000     0.03273297  -0.00000000
    3   10
  0.01516087   0.00000000    -0.01710624  -0.00000000    -0.01883720  -0.00000000
 -0.01710624  -0.00000000     0.01516087   0.00000000     0.01883720   0.00000000
 -0.03683573  -0.00000000     0.03683573   0.00000000    -0.03303038  -0.00000000
    3   11
  0.00154077  -0.00000000     0.01198428  -0.00000000     0.00034005  -0.00000000
  0.01198428  -0.00000000     0.00154077  -0.00000000    -0.00034005   0.00000000
  0.03249084  -0.00000000    -0.03249084   0.00000000     0.03273297  -0.00000000
    4    1
  0.01233872  -0.00000000     0.00099631  -0.00000000     0.01087523  -0.00000000
