  5.000000000000000E-003   1.50271645758374        5.70684869152418     
           4

     Dynamical  Matrix in cartesian axes

     q = (   -0.353553391  -0.353553391   0.353553391 ) 

    1    1
  0.33586697   0.00000000     0.17278866   0.00000000    -0.17278866   0.00000000
  0.17278866   0.00000000     0.33586697   0.00000000    -0.17278866   0.00000000
 -0.17278866   0.00000000    -0.17278866   0.00000000     0.33586697   0.00000000
    1    2
  0.04252891  -0.00000000     0.07049743  -0.00000000    -0.07049743   0.00000000
  0.07049743  -0.00000000     0.04252891  -0.00000000    -0.07049743   0.00000000
 -0.07049743   0.00000000    -0.07049743   0.00000000     0.04252891  -0.00000000
    1    3
 -0.04252891   0.00000000    -0.07049743   0.00000000     0.07049743  -0.00000000
 -0.07049743   0.00000000    -0.04252891   0.00000000     0.07049743  -0.00000000
  0.07049743  -0.00000000     0.07049743  -0.00000000    -0.04252891   0.00000000
    1    4
  0.04686249  -0.00000000     0.00331458  -0.00000000    -0.02910369   0.00000000
  0.00331458  -0.00000000     0.04686249  -0.00000000    -0.02910369   0.00000000
 -0.02141655   0.00000000    -0.02141655   0.00000000    -0.05957811   0.00000000
    1    5
 -0.04686249   0.00000000    -0.00331458   0.00000000     0.02910369  -0.00000000
 -0.00331458   0.00000000    -0.04686249   0.00000000     0.02910369  -0.00000000
  0.02141655  -0.00000000     0.02141655  -0.00000000     0.05957811  -0.00000000
    1    6
 -0.07935316   0.00000000    -0.00475156   0.00000000     0.00475156  -0.00000000
 -0.00475156   0.00000000    -0.07935316   0.00000000     0.00475156  -0.00000000
  0.00475156  -0.00000000     0.00475156  -0.00000000    -0.07935316   0.00000000
    1    7
  0.07935316  -0.00000000     0.00475156  -0.00000000    -0.00475156   0.00000000
  0.00475156  -0.00000000     0.07935316  -0.00000000    -0.00475156   0.00000000
 -0.00475156   0.00000000    -0.00475156   0.00000000     0.07935316  -0.00000000
    1    8
 -0.05957811   0.00000000     0.02141655  -0.00000000    -0.02141655   0.00000000
  0.02910369  -0.00000000     0.04686249  -0.00000000    -0.00331458   0.00000000
 -0.02910369   0.00000000    -0.00331458   0.00000000     0.04686249  -0.00000000
    1    9
  0.05957811  -0.00000000    -0.02141655   0.00000000     0.02141655  -0.00000000
 -0.02910369   0.00000000    -0.04686249   0.00000000     0.00331458  -0.00000000
  0.02910369  -0.00000000     0.00331458  -0.00000000    -0.04686249   0.00000000
    1   10
  0.04686249  -0.00000000     0.02910369  -0.00000000    -0.00331458   0.00000000
  0.02141655  -0.00000000    -0.05957811   0.00000000    -0.02141655   0.00000000
 -0.00331458   0.00000000    -0.02910369   0.00000000     0.04686249  -0.00000000
    1   11
 -0.04686249   0.00000000    -0.02910369   0.00000000     0.00331458  -0.00000000
 -0.02141655   0.00000000     0.05957811  -0.00000000     0.02141655  -0.00000000
  0.00331458  -0.00000000     0.02910369  -0.00000000    -0.04686249   0.00000000
    2    1
  0.04252891   0.00000000     0.07049743   0.00000000    -0.07049743  -0.00000000
  0.07049743   0.00000000     0.04252891   0.00000000    -0.07049743  -0.00000000
 -0.07049743  -0.00000000    -0.07049743  -0.00000000     0.04252891   0.00000000
    2    2
  0.13120644   0.00000000    -0.01511493   0.00000000     0.01511493   0.00000000
 -0.01511493   0.00000000     0.13120644   0.00000000     0.01511493   0.00000000
  0.01511493   0.00000000     0.01511493   0.00000000     0.13120644   0.00000000
    2    3
 -0.05177520   0.00000000     0.01488005   0.00000000    -0.01488005   0.00000000
  0.01488005   0.00000000    -0.05177520   0.00000000    -0.01488005   0.00000000
 -0.01488005   0.00000000    -0.01488005   0.00000000    -0.05177520   0.00000000
    2    4
  0.04273425   0.00000000     0.03165246   0.00000000    -0.00578643   0.00000000
  0.03165246   0.00000000     0.04273425   0.00000000    -0.00578643   0.00000000
  0.02533169   0.00000000     0.02533169   0.00000000     0.02276720   0.00000000
    2    5
 -0.04952706   0.00000000    -0.01088830   0.00000000    -0.03183380   0.00000000
 -0.01088830   0.00000000    -0.04952706   0.00000000    -0.03183380   0.00000000
 -0.06144370   0.00000000    -0.06144370   0.00000000    -0.02363573   0.00000000
    2    6
 -0.02129607   0.00000000     0.00438606   0.00000000    -0.00438606   0.00000000
  0.00438606   0.00000000    -0.02129607   0.00000000    -0.00438606   0.00000000
 -0.00438606   0.00000000    -0.00438606   0.00000000    -0.02129607   0.00000000
    2    7
  0.01856655   0.00000000     0.02013451   0.00000000    -0.02013451   0.00000000
  0.02013451   0.00000000     0.01856655   0.00000000    -0.02013451   0.00000000
 -0.02013451   0.00000000    -0.02013451   0.00000000     0.01856655   0.00000000
    2    8
  0.02276720   0.00000000    -0.02533169   0.00000000     0.02533169   0.00000000
  0.00578643   0.00000000     0.04273425   0.00000000    -0.03165246   0.00000000
 -0.00578643   0.00000000    -0.03165246   0.00000000     0.04273425   0.00000000
    2    9
 -0.02363573   0.00000000     0.06144370   0.00000000    -0.06144370   0.00000000
  0.03183380   0.00000000    -0.04952706   0.00000000     0.01088830   0.00000000
 -0.03183380   0.00000000     0.01088830   0.00000000    -0.04952706   0.00000000
    2   10
  0.04273425   0.00000000     0.00578643   0.00000000    -0.03165246   0.00000000
 -0.02533169   0.00000000     0.02276720   0.00000000     0.02533169   0.00000000
 -0.03165246   0.00000000    -0.00578643   0.00000000     0.04273425   0.00000000
    2   11
 -0.04952706   0.00000000     0.03183380   0.00000000     0.01088830   0.00000000
  0.06144370   0.00000000    -0.02363573   0.00000000    -0.06144370   0.00000000
  0.01088830   0.00000000    -0.03183380   0.00000000    -0.04952706   0.00000000
    3    1
 -0.04252891  -0.00000000    -0.07049743  -0.00000000     0.07049743   0.00000000
 -0.07049743  -0.00000000    -0.04252891  -0.00000000     0.07049743   0.00000000
  0.07049743   0.00000000     0.07049743   0.00000000    -0.04252891  -0.00000000
    3    2
 -0.05177520   0.00000000     0.01488005   0.00000000    -0.01488005   0.00000000
  0.01488005   0.00000000    -0.05177520   0.00000000    -0.01488005   0.00000000
 -0.01488005   0.00000000    -0.01488005   0.00000000    -0.05177520   0.00000000
    3    3
  0.13120644   0.00000000    -0.01511493   0.00000000     0.01511493   0.00000000
 -0.01511493   0.00000000     0.13120644   0.00000000     0.01511493   0.00000000
  0.01511493   0.00000000     0.01511493   0.00000000     0.13120644   0.00000000
    3    4
 -0.04952706   0.00000000    -0.01088830   0.00000000    -0.03183380   0.00000000
 -0.01088830   0.00000000    -0.04952706   0.00000000    -0.03183380   0.00000000
 -0.06144370   0.00000000    -0.06144370   0.00000000    -0.02363573   0.00000000
    3    5
  0.04273425   0.00000000     0.03165246   0.00000000    -0.00578643   0.00000000
  0.03165246   0.00000000     0.04273425   0.00000000    -0.00578643   0.00000000
  0.02533169   0.00000000     0.02533169   0.00000000     0.02276720   0.00000000
    3    6
  0.01856655   0.00000000     0.02013451   0.00000000    -0.02013451   0.00000000
  0.02013451   0.00000000     0.01856655   0.00000000    -0.02013451   0.00000000
 -0.02013451   0.00000000    -0.02013451   0.00000000     0.01856655   0.00000000
    3    7
 -0.02129607   0.00000000     0.00438606   0.00000000    -0.00438606   0.00000000
  0.00438606   0.00000000    -0.02129607   0.00000000    -0.00438606   0.00000000
 -0.00438606   0.00000000    -0.00438606   0.00000000    -0.02129607   0.00000000
    3    8
 -0.02363573   0.00000000     0.06144370   0.00000000    -0.06144370   0.00000000
  0.03183380   0.00000000    -0.04952706   0.00000000     0.01088830   0.00000000
 -0.03183380   0.00000000     0.01088830   0.00000000    -0.04952706   0.00000000
    3    9
  0.02276720   0.00000000    -0.02533169   0.00000000     0.02533169   0.00000000
  0.00578643   0.00000000     0.04273425   0.00000000    -0.03165246   0.00000000
 -0.00578643   0.00000000    -0.03165246   0.00000000     0.04273425   0.00000000
    3   10
 -0.04952706   0.00000000     0.03183380   0.00000000     0.01088830   0.00000000
  0.06144370   0.00000000    -0.02363573   0.00000000    -0.06144370   0.00000000
  0.01088830   0.00000000    -0.03183380   0.00000000    -0.04952706   0.00000000
    3   11
  0.04273425   0.00000000     0.00578643   0.00000000    -0.03165246   0.00000000
 -0.02533169   0.00000000     0.02276720   0.00000000     0.02533169   0.00000000
 -0.03165246   0.00000000    -0.00578643   0.00000000     0.04273425   0.00000000
    4    1
  0.04686249   0.00000000     0.00331458   0.00000000    -0.02141655  -0.00000000
  0.00331458   0.00000000     0.04686249   0.00000000    -0.02141655  -0.00000000
 -0.02910369  -0.00000000    -0.02910369  -0.00000000    -0.05957811  -0.00000000
    4    2
  0.04273425   0.00000000     0.03165246   0.00000000     0.02533169   0.00000000
  0.03165246   0.00000000     0.04273425   0.00000000     0.02533169   0.00000000
 -0.00578643   0.00000000    -0.00578643   0.00000000     0.02276720   0.00000000
    4    3
 -0.04952706   0.00000000    -0.01088830   0.00000000    -0.06144370   0.00000000
 -0.01088830   0.00000000    -0.04952706   0.00000000    -0.06144370   0.00000000
 -0.03183380   0.00000000    -0.03183380   0.00000000    -0.02363573   0.00000000
    4    4
  0.12383612   0.00000000     0.00950195   0.00000000    -0.00916271   0.00000000
  0.00950195   0.00000000     0.12383612   0.00000000    -0.00916271   0.00000000
 -0.00916271   0.00000000    -0.00916271   0.00000000     0.08726448   0.00000000
    4    5
 -0.04102671   0.00000000    -0.03771088   0.00000000    -0.00421953   0.00000000
 -0.03771088   0.00000000    -0.04102671   0.00000000    -0.00421953   0.00000000
 -0.00421953   0.00000000    -0.00421953   0.00000000    -0.03762462   0.00000000
    4    6
 -0.03876985   0.00000000     0.01669411   0.00000000    -0.02329026   0.00000000
  0.01669411   0.00000000    -0.03876985   0.00000000    -0.02329026   0.00000000
  0.01681250   0.00000000     0.01681250   0.00000000     0.05734022   0.00000000
    4    7
  0.05647131  -0.00000000    -0.00437783   0.00000000     0.02550257   0.00000000
 -0.00437783  -0.00000000     0.05647131   0.00000000     0.02550257  -0.00000000
 -0.02965267   0.00000000    -0.02965267  -0.00000000    -0.04175587   0.00000000
    4    8
 -0.00353016   0.00000000    -0.00902814   0.00000000     0.06846536   0.00000000
  0.02337286   0.00000000     0.02036527   0.00000000     0.00902814   0.00000000
  0.02134626   0.00000000    -0.02337286   0.00000000    -0.00353016   0.00000000
    4    9
  0.03533899   0.00000000     0.05036210   0.00000000    -0.03501199  -0.00000000
 -0.01305870  -0.00000000    -0.04708138  -0.00000000    -0.05036210  -0.00000000
 -0.03702063  -0.00000000     0.01305870   0.00000000     0.03533899   0.00000000
    4   10
  0.02036527   0.00000000     0.02337286   0.00000000     0.00902814   0.00000000
 -0.00902814   0.00000000    -0.00353016   0.00000000     0.06846536   0.00000000
 -0.02337286   0.00000000     0.02134626   0.00000000    -0.00353016   0.00000000
    4   11
 -0.04708138   0.00000000    -0.01305870   0.00000000    -0.05036210   0.00000000
  0.05036210   0.00000000     0.03533899   0.00000000    -0.03501199   0.00000000
  0.01305870   0.00000000    -0.03702063   0.00000000     0.03533899   0.00000000
    5    1
 -0.04686249  -0.00000000    -0.00331458  -0.00000000     0.02141655   0.00000000
 -0.00331458  -0.00000000    -0.04686249  -0.00000000     0.02141655   0.00000000
  0.02910369   0.00000000     0.02910369   0.00000000     0.05957811   0.00000000
    5    2
 -0.04952706   0.00000000    -0.01088830   0.00000000    -0.06144370   0.00000000
 -0.01088830   0.00000000    -0.04952706   0.00000000    -0.06144370   0.00000000
 -0.03183380   0.00000000    -0.03183380   0.00000000    -0.02363573   0.00000000
    5    3
  0.04273425   0.00000000     0.03165246   0.00000000     0.02533169   0.00000000
  0.03165246   0.00000000     0.04273425   0.00000000     0.02533169   0.00000000
 -0.00578643   0.00000000    -0.00578643   0.00000000     0.02276720   0.00000000
    5    4
 -0.04102671  -0.00000000    -0.03771088  -0.00000000    -0.00421953  -0.00000000
 -0.03771088  -0.00000000    -0.04102671  -0.00000000    -0.00421953  -0.00000000
 -0.00421953  -0.00000000    -0.00421953  -0.00000000    -0.03762462  -0.00000000
    5    5
  0.12383612   0.00000000     0.00950195   0.00000000    -0.00916271   0.00000000
  0.00950195   0.00000000     0.12383612   0.00000000    -0.00916271   0.00000000
 -0.00916271   0.00000000    -0.00916271   0.00000000     0.08726448   0.00000000
    5    6
  0.05647131   0.00000000    -0.00437783  -0.00000000     0.02550257   0.00000000
 -0.00437783  -0.00000000     0.05647131   0.00000000     0.02550257   0.00000000
 -0.02965267  -0.00000000    -0.02965267  -0.00000000    -0.04175587  -0.00000000
    5    7
 -0.03876985  -0.00000000     0.01669411   0.00000000    -0.02329026  -0.00000000
  0.01669411   0.00000000    -0.03876985  -0.00000000    -0.02329026  -0.00000000
  0.01681250   0.00000000     0.01681250   0.00000000     0.05734022   0.00000000
    5    8
  0.03533899   0.00000000     0.05036210   0.00000000    -0.03501199  -0.00000000
 -0.01305870  -0.00000000    -0.04708138  -0.00000000    -0.05036210  -0.00000000
 -0.03702063  -0.00000000     0.01305870   0.00000000     0.03533899   0.00000000
    5    9
 -0.00353016  -0.00000000    -0.00902814  -0.00000000     0.06846536   0.00000000
  0.02337286   0.00000000     0.02036527   0.00000000     0.00902814   0.00000000
  0.02134626   0.00000000    -0.02337286  -0.00000000    -0.00353016  -0.00000000
    5   10
 -0.04708138  -0.00000000    -0.01305870  -0.00000000    -0.05036210  -0.00000000
  0.05036210   0.00000000     0.03533899   0.00000000    -0.03501199  -0.00000000
  0.01305870   0.00000000    -0.03702063  -0.00000000     0.03533899   0.00000000
    5   11
  0.02036527   0.00000000     0.02337286   0.00000000     0.00902814   0.00000000
 -0.00902814  -0.00000000    -0.00353016  -0.00000000     0.06846536   0.00000000
 -0.02337286  -0.00000000     0.02134626   0.00000000    -0.00353016  -0.00000000
    6    1
 -0.07935316  -0.00000000    -0.00475156  -0.00000000     0.00475156   0.00000000
 -0.00475156  -0.00000000    -0.07935316  -0.00000000     0.00475156   0.00000000
  0.00475156   0.00000000     0.00475156   0.00000000    -0.07935316  -0.00000000
    6    2
 -0.02129607   0.00000000     0.00438606   0.00000000    -0.00438606   0.00000000
  0.00438606   0.00000000    -0.02129607   0.00000000    -0.00438606   0.00000000
 -0.00438606   0.00000000    -0.00438606   0.00000000    -0.02129607   0.00000000
    6    3
  0.01856655   0.00000000     0.02013451   0.00000000    -0.02013451   0.00000000
  0.02013451   0.00000000     0.01856655   0.00000000    -0.02013451   0.00000000
 -0.02013451   0.00000000    -0.02013451   0.00000000     0.01856655   0.00000000
    6    4
 -0.03876985   0.00000000     0.01669411   0.00000000     0.01681250   0.00000000
  0.01669411   0.00000000    -0.03876985   0.00000000     0.01681250   0.00000000
 -0.02329026   0.00000000    -0.02329026   0.00000000     0.05734022   0.00000000
    6    5
  0.05647131  -0.00000000    -0.00437783   0.00000000    -0.02965267   0.00000000
 -0.00437783   0.00000000     0.05647131  -0.00000000    -0.02965267   0.00000000
  0.02550257  -0.00000000     0.02550257  -0.00000000    -0.04175587   0.00000000
    6    6
  0.08395488   0.00000000    -0.02242081   0.00000000     0.02242081   0.00000000
 -0.02242081   0.00000000     0.08395488   0.00000000     0.02242081   0.00000000
  0.02242081   0.00000000     0.02242081   0.00000000     0.08395488   0.00000000
    6    7
 -0.04704424  -0.00000000     0.01843271   0.00000000    -0.01843271  -0.00000000
  0.01843271   0.00000000    -0.04704424   0.00000000    -0.01843271   0.00000000
 -0.01843271  -0.00000000    -0.01843271   0.00000000    -0.04704424   0.00000000
    6    8
  0.05734022   0.00000000     0.02329026   0.00000000    -0.02329026   0.00000000
 -0.01681250   0.00000000    -0.03876985   0.00000000    -0.01669411   0.00000000
  0.01681250   0.00000000    -0.01669411   0.00000000    -0.03876985   0.00000000
    6    9
 -0.04175587  -0.00000000    -0.02550257  -0.00000000     0.02550257   0.00000000
  0.02965267   0.00000000     0.05647131   0.00000000     0.00437783   0.00000000
 -0.02965267  -0.00000000     0.00437783   0.00000000     0.05647131   0.00000000
    6   10
 -0.03876985   0.00000000    -0.01681250   0.00000000    -0.01669411   0.00000000
  0.02329026   0.00000000     0.05734022   0.00000000    -0.02329026   0.00000000
 -0.01669411   0.00000000     0.01681250   0.00000000    -0.03876985   0.00000000
    6   11
  0.05647131   0.00000000     0.02965267   0.00000000     0.00437783   0.00000000
 -0.02550257   0.00000000    -0.04175587   0.00000000     0.02550257   0.00000000
  0.00437783   0.00000000    -0.02965267   0.00000000     0.05647131   0.00000000
    7    1
  0.07935316   0.00000000     0.00475156   0.00000000    -0.00475156  -0.00000000
  0.00475156   0.00000000     0.07935316   0.00000000    -0.00475156  -0.00000000
 -0.00475156  -0.00000000    -0.00475156  -0.00000000     0.07935316   0.00000000
    7    2
  0.01856655   0.00000000     0.02013451   0.00000000    -0.02013451   0.00000000
  0.02013451   0.00000000     0.01856655   0.00000000    -0.02013451   0.00000000
 -0.02013451   0.00000000    -0.02013451   0.00000000     0.01856655   0.00000000
    7    3
 -0.02129607   0.00000000     0.00438606   0.00000000    -0.00438606   0.00000000
  0.00438606   0.00000000    -0.02129607   0.00000000    -0.00438606   0.00000000
 -0.00438606   0.00000000    -0.00438606   0.00000000    -0.02129607   0.00000000
    7    4
  0.05647131   0.00000000    -0.00437783   0.00000000    -0.02965267  -0.00000000
 -0.00437783  -0.00000000     0.05647131  -0.00000000    -0.02965267   0.00000000
  0.02550257  -0.00000000     0.02550257   0.00000000    -0.04175587  -0.00000000
    7    5
 -0.03876985   0.00000000     0.01669411  -0.00000000     0.01681250  -0.00000000
  0.01669411  -0.00000000    -0.03876985   0.00000000     0.01681250  -0.00000000
 -0.02329026   0.00000000    -0.02329026   0.00000000     0.05734022  -0.00000000
    7    6
 -0.04704424   0.00000000     0.01843271  -0.00000000    -0.01843271   0.00000000
  0.01843271  -0.00000000    -0.04704424  -0.00000000    -0.01843271  -0.00000000
 -0.01843271   0.00000000    -0.01843271  -0.00000000    -0.04704424  -0.00000000
    7    7
  0.08395488   0.00000000    -0.02242081   0.00000000     0.02242081   0.00000000
 -0.02242081   0.00000000     0.08395488   0.00000000     0.02242081   0.00000000
  0.02242081   0.00000000     0.02242081   0.00000000     0.08395488   0.00000000
    7    8
 -0.04175587   0.00000000    -0.02550257  -0.00000000     0.02550257  -0.00000000
  0.02965267  -0.00000000     0.05647131  -0.00000000     0.00437783   0.00000000
 -0.02965267   0.00000000     0.00437783  -0.00000000     0.05647131   0.00000000
    7    9
  0.05734022   0.00000000     0.02329026   0.00000000    -0.02329026  -0.00000000
 -0.01681250  -0.00000000    -0.03876985  -0.00000000    -0.01669411  -0.00000000
  0.01681250   0.00000000    -0.01669411  -0.00000000    -0.03876985  -0.00000000
    7   10
  0.05647131   0.00000000     0.02965267   0.00000000     0.00437783  -0.00000000
 -0.02550257   0.00000000    -0.04175587  -0.00000000     0.02550257   0.00000000
  0.00437783   0.00000000    -0.02965267  -0.00000000     0.05647131  -0.00000000
    7   11
 -0.03876985  -0.00000000    -0.01681250   0.00000000    -0.01669411  -0.00000000
  0.02329026   0.00000000     0.05734022  -0.00000000    -0.02329026  -0.00000000
 -0.01669411  -0.00000000     0.01681250  -0.00000000    -0.03876985  -0.00000000
    8    1
 -0.05957811  -0.00000000     0.02910369   0.00000000    -0.02910369  -0.00000000
  0.02141655   0.00000000     0.04686249   0.00000000    -0.00331458  -0.00000000
 -0.02141655  -0.00000000    -0.00331458  -0.00000000     0.04686249   0.00000000
    8    2
  0.02276720   0.00000000     0.00578643   0.00000000    -0.00578643   0.00000000
 -0.02533169   0.00000000     0.04273425   0.00000000    -0.03165246   0.00000000
  0.02533169   0.00000000    -0.03165246   0.00000000     0.04273425   0.00000000
    8    3
 -0.02363573   0.00000000     0.03183380   0.00000000    -0.03183380   0.00000000
  0.06144370   0.00000000    -0.04952706   0.00000000     0.01088830   0.00000000
 -0.06144370   0.00000000     0.01088830   0.00000000    -0.04952706   0.00000000
    8    4
 -0.00353016   0.00000000     0.02337286   0.00000000     0.02134626   0.00000000
 -0.00902814   0.00000000     0.02036527   0.00000000    -0.02337286   0.00000000
  0.06846536   0.00000000     0.00902814   0.00000000    -0.00353016   0.00000000
    8    5
  0.03533899  -0.00000000    -0.01305870   0.00000000    -0.03702063   0.00000000
  0.05036210  -0.00000000    -0.04708138   0.00000000     0.01305870  -0.00000000
 -0.03501199   0.00000000    -0.05036210   0.00000000     0.03533899  -0.00000000
    8    6
  0.05734022   0.00000000    -0.01681250   0.00000000     0.01681250   0.00000000
  0.02329026   0.00000000    -0.03876985   0.00000000    -0.01669411   0.00000000
 -0.02329026   0.00000000    -0.01669411   0.00000000    -0.03876985   0.00000000
    8    7
 -0.04175587  -0.00000000     0.02965267   0.00000000    -0.02965267  -0.00000000
 -0.02550257   0.00000000     0.05647131   0.00000000     0.00437783   0.00000000
  0.02550257   0.00000000     0.00437783  -0.00000000     0.05647131  -0.00000000
    8    8
  0.08726448   0.00000000     0.00916271   0.00000000    -0.00916271   0.00000000
  0.00916271   0.00000000     0.12383612   0.00000000    -0.00950195   0.00000000
 -0.00916271   0.00000000    -0.00950195   0.00000000     0.12383612   0.00000000
    8    9
 -0.03762462  -0.00000000     0.00421953   0.00000000    -0.00421953  -0.00000000
  0.00421953   0.00000000    -0.04102671  -0.00000000     0.03771088   0.00000000
 -0.00421953  -0.00000000     0.03771088   0.00000000    -0.04102671  -0.00000000
    8   10
 -0.00353016   0.00000000    -0.02134626   0.00000000    -0.02337286   0.00000000
 -0.06846536   0.00000000    -0.00353016   0.00000000     0.00902814   0.00000000
  0.00902814   0.00000000    -0.02337286   0.00000000     0.02036527   0.00000000
    8   11
  0.03533899   0.00000000     0.03702063   0.00000000     0.01305870   0.00000000
  0.03501199   0.00000000     0.03533899   0.00000000    -0.05036210   0.00000000
 -0.05036210   0.00000000     0.01305870   0.00000000    -0.04708138   0.00000000
    9    1
  0.05957811   0.00000000    -0.02910369  -0.00000000     0.02910369   0.00000000
 -0.02141655  -0.00000000    -0.04686249  -0.00000000     0.00331458   0.00000000
  0.02141655   0.00000000     0.00331458   0.00000000    -0.04686249  -0.00000000
    9    2
 -0.02363573   0.00000000     0.03183380   0.00000000    -0.03183380   0.00000000
  0.06144370   0.00000000    -0.04952706   0.00000000     0.01088830   0.00000000
 -0.06144370   0.00000000     0.01088830   0.00000000    -0.04952706   0.00000000
    9    3
  0.02276720   0.00000000     0.00578643   0.00000000    -0.00578643   0.00000000
 -0.02533169   0.00000000     0.04273425   0.00000000    -0.03165246   0.00000000
  0.02533169   0.00000000    -0.03165246   0.00000000     0.04273425   0.00000000
    9    4
  0.03533899  -0.00000000    -0.01305870   0.00000000    -0.03702063   0.00000000
  0.05036210  -0.00000000    -0.04708138   0.00000000     0.01305870  -0.00000000
 -0.03501199   0.00000000    -0.05036210   0.00000000     0.03533899  -0.00000000
    9    5
 -0.00353016   0.00000000     0.02337286  -0.00000000     0.02134626  -0.00000000
 -0.00902814   0.00000000     0.02036527  -0.00000000    -0.02337286   0.00000000
  0.06846536  -0.00000000     0.00902814  -0.00000000    -0.00353016   0.00000000
    9    6
 -0.04175587   0.00000000     0.02965267  -0.00000000    -0.02965267   0.00000000
 -0.02550257   0.00000000     0.05647131  -0.00000000     0.00437783  -0.00000000
  0.02550257  -0.00000000     0.00437783  -0.00000000     0.05647131  -0.00000000
    9    7
  0.05734022  -0.00000000    -0.01681250   0.00000000     0.01681250  -0.00000000
  0.02329026  -0.00000000    -0.03876985   0.00000000    -0.01669411   0.00000000
 -0.02329026   0.00000000    -0.01669411   0.00000000    -0.03876985   0.00000000
    9    8
 -0.03762462   0.00000000     0.00421953  -0.00000000    -0.00421953   0.00000000
  0.00421953  -0.00000000    -0.04102671   0.00000000     0.03771088  -0.00000000
 -0.00421953   0.00000000     0.03771088  -0.00000000    -0.04102671   0.00000000
    9    9
  0.08726448   0.00000000     0.00916271   0.00000000    -0.00916271   0.00000000
  0.00916271   0.00000000     0.12383612   0.00000000    -0.00950195   0.00000000
 -0.00916271   0.00000000    -0.00950195   0.00000000     0.12383612   0.00000000
    9   10
  0.03533899  -0.00000000     0.03702063  -0.00000000     0.01305870  -0.00000000
  0.03501199  -0.00000000     0.03533899  -0.00000000    -0.05036210   0.00000000
 -0.05036210   0.00000000     0.01305870  -0.00000000    -0.04708138   0.00000000
    9   11
 -0.00353016   0.00000000    -0.02134626   0.00000000    -0.02337286   0.00000000
 -0.06846536   0.00000000    -0.00353016   0.00000000     0.00902814  -0.00000000
  0.00902814  -0.00000000    -0.02337286   0.00000000     0.02036527  -0.00000000
   10    1
  0.04686249   0.00000000     0.02141655   0.00000000    -0.00331458  -0.00000000
  0.02910369   0.00000000    -0.05957811  -0.00000000    -0.02910369  -0.00000000
 -0.00331458  -0.00000000    -0.02141655  -0.00000000     0.04686249   0.00000000
   10    2
  0.04273425   0.00000000    -0.02533169   0.00000000    -0.03165246   0.00000000
  0.00578643   0.00000000     0.02276720   0.00000000    -0.00578643   0.00000000
 -0.03165246   0.00000000     0.02533169   0.00000000     0.04273425   0.00000000
   10    3
 -0.04952706   0.00000000     0.06144370   0.00000000     0.01088830   0.00000000
  0.03183380   0.00000000    -0.02363573   0.00000000    -0.03183380   0.00000000
  0.01088830   0.00000000    -0.06144370   0.00000000    -0.04952706   0.00000000
   10    4
  0.02036527   0.00000000    -0.00902814   0.00000000    -0.02337286   0.00000000
  0.02337286   0.00000000    -0.00353016   0.00000000     0.02134626   0.00000000
  0.00902814   0.00000000     0.06846536   0.00000000    -0.00353016   0.00000000
   10    5
 -0.04708138   0.00000000     0.05036210  -0.00000000     0.01305870  -0.00000000
 -0.01305870   0.00000000     0.03533899  -0.00000000    -0.03702063   0.00000000
 -0.05036210   0.00000000    -0.03501199   0.00000000     0.03533899  -0.00000000
   10    6
 -0.03876985   0.00000000     0.02329026   0.00000000    -0.01669411   0.00000000
 -0.01681250   0.00000000     0.05734022   0.00000000     0.01681250   0.00000000
 -0.01669411   0.00000000    -0.02329026   0.00000000    -0.03876985   0.00000000
   10    7
  0.05647131  -0.00000000    -0.02550257  -0.00000000     0.00437783  -0.00000000
  0.02965267  -0.00000000    -0.04175587   0.00000000    -0.02965267   0.00000000
  0.00437783   0.00000000     0.02550257  -0.00000000     0.05647131   0.00000000
   10    8
 -0.00353016   0.00000000    -0.06846536   0.00000000     0.00902814   0.00000000
 -0.02134626   0.00000000    -0.00353016   0.00000000    -0.02337286   0.00000000
 -0.02337286   0.00000000     0.00902814   0.00000000     0.02036527   0.00000000
   10    9
  0.03533899   0.00000000     0.03501199   0.00000000    -0.05036210  -0.00000000
  0.03702063   0.00000000     0.03533899   0.00000000     0.01305870   0.00000000
  0.01305870   0.00000000    -0.05036210  -0.00000000    -0.04708138  -0.00000000
   10   10
  0.12383612   0.00000000     0.00916271   0.00000000    -0.00950195   0.00000000
  0.00916271   0.00000000     0.08726448   0.00000000    -0.00916271   0.00000000
 -0.00950195   0.00000000    -0.00916271   0.00000000     0.12383612   0.00000000
   10   11
 -0.04102671   0.00000000     0.00421953   0.00000000     0.03771088   0.00000000
  0.00421953   0.00000000    -0.03762462   0.00000000    -0.00421953   0.00000000
  0.03771088   0.00000000    -0.00421953   0.00000000    -0.04102671   0.00000000
   11    1
 -0.04686249  -0.00000000    -0.02141655  -0.00000000     0.00331458   0.00000000
 -0.02910369  -0.00000000     0.05957811   0.00000000     0.02910369   0.00000000
  0.00331458   0.00000000     0.02141655   0.00000000    -0.04686249  -0.00000000
   11    2
 -0.04952706   0.00000000     0.06144370   0.00000000     0.01088830   0.00000000
  0.03183380   0.00000000    -0.02363573   0.00000000    -0.03183380   0.00000000
  0.01088830   0.00000000    -0.06144370   0.00000000    -0.04952706   0.00000000
   11    3
  0.04273425   0.00000000    -0.02533169   0.00000000    -0.03165246   0.00000000
  0.00578643   0.00000000     0.02276720   0.00000000    -0.00578643   0.00000000
 -0.03165246   0.00000000     0.02533169   0.00000000     0.04273425   0.00000000
   11    4
 -0.04708138   0.00000000     0.05036210   0.00000000     0.01305870   0.00000000
 -0.01305870   0.00000000     0.03533899   0.00000000    -0.03702063   0.00000000
 -0.05036210   0.00000000    -0.03501199   0.00000000     0.03533899   0.00000000
   11    5
  0.02036527  -0.00000000    -0.00902814   0.00000000    -0.02337286   0.00000000
  0.02337286  -0.00000000    -0.00353016   0.00000000     0.02134626  -0.00000000
  0.00902814  -0.00000000     0.06846536  -0.00000000    -0.00353016   0.00000000
   11    6
  0.05647131   0.00000000    -0.02550257   0.00000000     0.00437783   0.00000000
  0.02965267   0.00000000    -0.04175587   0.00000000    -0.02965267   0.00000000
  0.00437783   0.00000000     0.02550257   0.00000000     0.05647131   0.00000000
   11    7
 -0.03876985   0.00000000     0.02329026  -0.00000000    -0.01669411   0.00000000
 -0.01681250  -0.00000000     0.05734022   0.00000000     0.01681250   0.00000000
 -0.01669411   0.00000000    -0.02329026   0.00000000    -0.03876985   0.00000000
   11    8
  0.03533899   0.00000000     0.03501199   0.00000000    -0.05036210   0.00000000
  0.03702063   0.00000000     0.03533899   0.00000000     0.01305870   0.00000000
  0.01305870   0.00000000    -0.05036210   0.00000000    -0.04708138   0.00000000
   11    9
 -0.00353016  -0.00000000    -0.06846536  -0.00000000     0.00902814   0.00000000
 -0.02134626  -0.00000000    -0.00353016  -0.00000000    -0.02337286  -0.00000000
 -0.02337286  -0.00000000     0.00902814   0.00000000     0.02036527   0.00000000
   11   10
 -0.04102671   0.00000000     0.00421953   0.00000000     0.03771088   0.00000000
  0.00421953   0.00000000    -0.03762462   0.00000000    -0.00421953   0.00000000
  0.03771088   0.00000000    -0.00421953   0.00000000    -0.04102671   0.00000000
   11   11
  0.12383612   0.00000000     0.00916271   0.00000000    -0.00950195   0.00000000
  0.00916271   0.00000000     0.08726448   0.00000000    -0.00916271   0.00000000
 -0.00950195   0.00000000    -0.00916271   0.00000000     0.12383612   0.00000000

     Dynamical  Matrix in cartesian axes

     q = (   -0.353553391   0.353553391   0.353553391 ) 

    1    1
  0.33586697   0.00000000    -0.17278866   0.00000000    -0.17278866   0.00000000
 -0.17278866   0.00000000     0.33586697   0.00000000     0.17278866   0.00000000
 -0.17278866   0.00000000     0.17278866   0.00000000     0.33586697   0.00000000
    1    2
  0.04252891   0.00000000    -0.07049743  -0.00000000    -0.07049743  -0.00000000
 -0.07049743  -0.00000000     0.04252891   0.00000000     0.07049743   0.00000000
 -0.07049743  -0.00000000     0.07049743   0.00000000     0.04252891   0.00000000
    1    3
 -0.04252891  -0.00000000     0.07049743   0.00000000     0.07049743   0.00000000
  0.07049743   0.00000000    -0.04252891  -0.00000000    -0.07049743  -0.00000000
  0.07049743   0.00000000    -0.07049743  -0.00000000    -0.04252891  -0.00000000
    1    4
 -0.05957811  -0.00000000    -0.02141655  -0.00000000    -0.02141655  -0.00000000
 -0.02910369  -0.00000000     0.04686249   0.00000000     0.00331458   0.00000000
 -0.02910369  -0.00000000     0.00331458   0.00000000     0.04686249   0.00000000
    1    5
  0.05957811   0.00000000     0.02141655   0.00000000     0.02141655   0.00000000
  0.02910369   0.00000000    -0.04686249  -0.00000000    -0.00331458  -0.00000000
  0.02910369   0.00000000    -0.00331458  -0.00000000    -0.04686249  -0.00000000
    1    6
  0.04686249   0.00000000    -0.02910369  -0.00000000    -0.00331458  -0.00000000
 -0.02141655  -0.00000000    -0.05957811  -0.00000000     0.02141655   0.00000000
 -0.00331458  -0.00000000     0.02910369   0.00000000     0.04686249   0.00000000
    1    7
 -0.04686249  -0.00000000     0.02910369   0.00000000     0.00331458   0.00000000
  0.02141655   0.00000000     0.05957811   0.00000000    -0.02141655  -0.00000000
  0.00331458   0.00000000    -0.02910369  -0.00000000    -0.04686249  -0.00000000
    1    8
  0.04686249   0.00000000    -0.00331458  -0.00000000    -0.02910369  -0.00000000
 -0.00331458  -0.00000000     0.04686249   0.00000000     0.02910369   0.00000000
 -0.02141655  -0.00000000     0.02141655   0.00000000    -0.05957811  -0.00000000
    1    9
 -0.04686249  -0.00000000     0.00331458   0.00000000     0.02910369   0.00000000
  0.00331458   0.00000000    -0.04686249  -0.00000000    -0.02910369  -0.00000000
  0.02141655   0.00000000    -0.02141655  -0.00000000     0.05957811   0.00000000
    1   10
 -0.07935316  -0.00000000     0.00475156   0.00000000     0.00475156   0.00000000
  0.00475156   0.00000000    -0.07935316  -0.00000000    -0.00475156  -0.00000000
  0.00475156   0.00000000    -0.00475156  -0.00000000    -0.07935316  -0.00000000
    1   11
  0.07935316   0.00000000    -0.00475156  -0.00000000    -0.00475156  -0.00000000
 -0.00475156  -0.00000000     0.07935316   0.00000000     0.00475156   0.00000000
 -0.00475156  -0.00000000     0.00475156   0.00000000     0.07935316   0.00000000
    2    1
  0.04252891  -0.00000000    -0.07049743   0.00000000    -0.07049743   0.00000000
 -0.07049743   0.00000000     0.04252891  -0.00000000     0.07049743  -0.00000000
 -0.07049743   0.00000000     0.07049743  -0.00000000     0.04252891  -0.00000000
    2    2
  0.13120644   0.00000000     0.01511493   0.00000000     0.01511493   0.00000000
  0.01511493   0.00000000     0.13120644   0.00000000    -0.01511493   0.00000000
  0.01511493   0.00000000    -0.01511493   0.00000000     0.13120644   0.00000000
    2    3
 -0.05177520   0.00000000    -0.01488005   0.00000000    -0.01488005   0.00000000
 -0.01488005   0.00000000    -0.05177520   0.00000000     0.01488005   0.00000000
 -0.01488005   0.00000000     0.01488005   0.00000000    -0.05177520   0.00000000
    2    4
  0.02276720   0.00000000     0.02533169   0.00000000     0.02533169   0.00000000
 -0.00578643   0.00000000     0.04273425   0.00000000     0.03165246   0.00000000
 -0.00578643   0.00000000     0.03165246   0.00000000     0.04273425   0.00000000
    2    5
 -0.02363573  -0.00000000    -0.06144370  -0.00000000    -0.06144370  -0.00000000
 -0.03183380  -0.00000000    -0.04952706  -0.00000000    -0.01088830  -0.00000000
 -0.03183380  -0.00000000    -0.01088830  -0.00000000    -0.04952706  -0.00000000
    2    6
  0.04273425   0.00000000    -0.00578643   0.00000000    -0.03165246   0.00000000
  0.02533169   0.00000000     0.02276720   0.00000000    -0.02533169   0.00000000
 -0.03165246   0.00000000     0.00578643   0.00000000     0.04273425   0.00000000
    2    7
 -0.04952706   0.00000000    -0.03183380   0.00000000     0.01088830  -0.00000000
 -0.06144370   0.00000000    -0.02363573   0.00000000     0.06144370  -0.00000000
  0.01088830  -0.00000000     0.03183380  -0.00000000    -0.04952706   0.00000000
    2    8
  0.04273425   0.00000000    -0.03165246   0.00000000    -0.00578643   0.00000000
 -0.03165246   0.00000000     0.04273425   0.00000000     0.00578643   0.00000000
  0.02533169   0.00000000    -0.02533169   0.00000000     0.02276720   0.00000000
    2    9
 -0.04952706   0.00000000     0.01088830  -0.00000000    -0.03183380   0.00000000
  0.01088830  -0.00000000    -0.04952706   0.00000000     0.03183380  -0.00000000
 -0.06144370   0.00000000     0.06144370  -0.00000000    -0.02363573   0.00000000
    2   10
 -0.02129607   0.00000000    -0.00438606   0.00000000    -0.00438606   0.00000000
 -0.00438606   0.00000000    -0.02129607   0.00000000     0.00438606   0.00000000
 -0.00438606   0.00000000     0.00438606   0.00000000    -0.02129607   0.00000000
    2   11
  0.01856655   0.00000000    -0.02013451  -0.00000000    -0.02013451  -0.00000000
 -0.02013451  -0.00000000     0.01856655   0.00000000     0.02013451   0.00000000
 -0.02013451  -0.00000000     0.02013451   0.00000000     0.01856655   0.00000000
    3    1
 -0.04252891   0.00000000     0.07049743  -0.00000000     0.07049743  -0.00000000
  0.07049743  -0.00000000    -0.04252891   0.00000000    -0.07049743   0.00000000
  0.07049743  -0.00000000    -0.07049743   0.00000000    -0.04252891   0.00000000
    3    2
 -0.05177520   0.00000000    -0.01488005   0.00000000    -0.01488005   0.00000000
 -0.01488005   0.00000000    -0.05177520   0.00000000     0.01488005   0.00000000
 -0.01488005   0.00000000     0.01488005   0.00000000    -0.05177520   0.00000000
    3    3
  0.13120644   0.00000000     0.01511493   0.00000000     0.01511493   0.00000000
  0.01511493   0.00000000     0.13120644   0.00000000    -0.01511493   0.00000000
  0.01511493   0.00000000    -0.01511493   0.00000000     0.13120644   0.00000000
    3    4
 -0.02363573   0.00000000    -0.06144370   0.00000000    -0.06144370   0.00000000
 -0.03183380   0.00000000    -0.04952706   0.00000000    -0.01088830   0.00000000
 -0.03183380   0.00000000    -0.01088830   0.00000000    -0.04952706   0.00000000
    3    5
  0.02276720   0.00000000     0.02533169   0.00000000     0.02533169   0.00000000
 -0.00578643  -0.00000000     0.04273425   0.00000000     0.03165246   0.00000000
 -0.00578643  -0.00000000     0.03165246   0.00000000     0.04273425   0.00000000
    3    6
 -0.04952706   0.00000000    -0.03183380   0.00000000     0.01088830   0.00000000
 -0.06144370   0.00000000    -0.02363573   0.00000000     0.06144370   0.00000000
  0.01088830   0.00000000     0.03183380   0.00000000    -0.04952706   0.00000000
    3    7
  0.04273425  -0.00000000    -0.00578643   0.00000000    -0.03165246   0.00000000
  0.02533169  -0.00000000     0.02276720  -0.00000000    -0.02533169   0.00000000
 -0.03165246   0.00000000     0.00578643  -0.00000000     0.04273425  -0.00000000
    3    8
 -0.04952706   0.00000000     0.01088830   0.00000000    -0.03183380   0.00000000
  0.01088830   0.00000000    -0.04952706   0.00000000     0.03183380   0.00000000
 -0.06144370   0.00000000     0.06144370   0.00000000    -0.02363573   0.00000000
    3    9
  0.04273425  -0.00000000    -0.03165246   0.00000000    -0.00578643   0.00000000
 -0.03165246   0.00000000     0.04273425  -0.00000000     0.00578643  -0.00000000
  0.02533169  -0.00000000    -0.02533169   0.00000000     0.02276720  -0.00000000
    3   10
  0.01856655   0.00000000    -0.02013451   0.00000000    -0.02013451   0.00000000
 -0.02013451   0.00000000     0.01856655   0.00000000     0.02013451   0.00000000
 -0.02013451   0.00000000     0.02013451   0.00000000     0.01856655   0.00000000
    3   11
 -0.02129607  -0.00000000    -0.00438606  -0.00000000    -0.00438606  -0.00000000
 -0.00438606  -0.00000000    -0.02129607  -0.00000000     0.00438606   0.00000000
 -0.00438606  -0.00000000     0.00438606   0.00000000    -0.02129607  -0.00000000
    4    1
 -0.05957811   0.00000000    -0.02910369   0.00000000    -0.02910369   0.00000000
