  5.000000000000000E-003   1.50271645758374        5.70684869152418     
           6

     Dynamical  Matrix in cartesian axes

     q = (    0.471404521   0.000000000   0.000000000 ) 

    1    1
  0.34656275   0.00000000     0.00000000   0.00000000    -0.00000000   0.00000000
 -0.00000000   0.00000000     0.11335119   0.00000000    -0.00000000   0.00000000
 -0.00000000   0.00000000    -0.00000000   0.00000000     0.11335119   0.00000000
    1    2
  0.04560921  -0.07899748    -0.00000000   0.00000000     0.00000000   0.00000000
 -0.00000000  -0.00000000    -0.02932107   0.05078558    -0.04694086  -0.02710132
 -0.00000000   0.00000000    -0.04694086  -0.02710132    -0.02932107   0.05078558
    1    3
 -0.09121843  -0.00000000    -0.00000000   0.00000000     0.00000000   0.00000000
  0.00000000   0.00000000     0.05864214   0.00000000     0.00000000  -0.05420264
 -0.00000000   0.00000000     0.00000000  -0.05420264     0.05864214   0.00000000
    1    4
  0.10674956  -0.04730619    -0.02554109   0.01215713    -0.02554109   0.01215713
 -0.02003231   0.01690420    -0.01154492   0.01130663    -0.04406524   0.01336077
 -0.02003231   0.01690420    -0.04406524   0.01336077    -0.01154492   0.01130663
    1    5
 -0.09434315   0.06879474     0.02329893  -0.01604067     0.02329893  -0.01604067
  0.02465562  -0.00889639     0.01556429  -0.00434488     0.03360339  -0.03148123
  0.02465562  -0.00889639     0.03360339  -0.03148123     0.01556429  -0.00434488
    1    6
 -0.09434315   0.06879474     0.02329893  -0.01604067    -0.02329893   0.01604067
  0.02465562  -0.00889639     0.01556429  -0.00434488    -0.03360339   0.03148123
 -0.02465562   0.00889639    -0.03360339   0.03148123     0.01556429  -0.00434488
    1    7
  0.10674956  -0.04730619    -0.02554109   0.01215713     0.02554109  -0.01215713
 -0.02003231   0.01690420    -0.01154492   0.01130663     0.04406524  -0.01336077
  0.02003231  -0.01690420     0.04406524  -0.01336077    -0.01154492   0.01130663
    1    8
 -0.09434315   0.06879474    -0.02329893   0.01604067     0.02329893  -0.01604067
 -0.02465562   0.00889639     0.01556429  -0.00434488    -0.03360339   0.03148123
  0.02465562  -0.00889639    -0.03360339   0.03148123     0.01556429  -0.00434488
    1    9
  0.10674956  -0.04730619     0.02554109  -0.01215713    -0.02554109   0.01215713
  0.02003231  -0.01690420    -0.01154492   0.01130663     0.04406524  -0.01336077
 -0.02003231   0.01690420     0.04406524  -0.01336077    -0.01154492   0.01130663
    1   10
  0.10674956  -0.04730619     0.02554109  -0.01215713     0.02554109  -0.01215713
  0.02003231  -0.01690420    -0.01154492   0.01130663    -0.04406524   0.01336077
  0.02003231  -0.01690420    -0.04406524   0.01336077    -0.01154492   0.01130663
    1   11
 -0.09434315   0.06879474    -0.02329893   0.01604067    -0.02329893   0.01604067
 -0.02465562   0.00889639     0.01556429  -0.00434488     0.03360339  -0.03148123
 -0.02465562   0.00889639     0.03360339  -0.03148123     0.01556429  -0.00434488
    2    1
  0.04560921   0.07899748    -0.00000000  -0.00000000     0.00000000   0.00000000
 -0.00000000   0.00000000    -0.02932107  -0.05078558    -0.04694086   0.02710132
  0.00000000   0.00000000    -0.04694086   0.02710132    -0.02932107  -0.05078558
    2    2
  0.10004901  -0.00000000    -0.00000000   0.00000000     0.00000000   0.00000000
 -0.00000000   0.00000000     0.10164615  -0.00000000    -0.00000000   0.00000000
  0.00000000   0.00000000    -0.00000000   0.00000000     0.10164615  -0.00000000
    2    3
 -0.01367622  -0.02368790     0.00000000   0.00000000    -0.00000000   0.00000000
  0.00000000  -0.00000000    -0.00289928  -0.00502169    -0.06168685   0.03561492
  0.00000000  -0.00000000    -0.06168685   0.03561492    -0.00289928  -0.00502169
    2    4
  0.01502837   0.00317534     0.00941141  -0.00220992     0.00941141  -0.00220992
  0.02335279  -0.00716121     0.02796568  -0.01707173     0.02866145   0.01204424
  0.02335279  -0.00716121     0.02866145   0.01204424     0.02796568  -0.01707173
    2    5
 -0.02199684  -0.00096389    -0.01576796  -0.00369582    -0.01576796  -0.00369582
 -0.02988021   0.00143343    -0.02456501   0.02020830    -0.04457060  -0.00173105
 -0.02988021   0.00143343    -0.04457060  -0.00173105    -0.02456501   0.02020830
    2    6
 -0.01026411  -0.01142728    -0.00279186  -0.00925548     0.00279186   0.00925548
 -0.00547460  -0.02380472     0.00080171  -0.03275486     0.02476134   0.01879943
  0.00547460   0.02380472     0.02476134   0.01879943     0.00080171  -0.03275486
    2    7
  0.01183318   0.01856787     0.01108465   0.01180755    -0.01108465  -0.01180755
  0.01369872   0.02659374    -0.00521840   0.03137807    -0.02378444  -0.03773375
 -0.01369872  -0.02659374    -0.02378444  -0.03773375    -0.00521840   0.03137807
    2    8
 -0.01026411  -0.01142728     0.00279186   0.00925548    -0.00279186  -0.00925548
  0.00547460   0.02380472     0.00080171  -0.03275486     0.02476134   0.01879943
 -0.00547460  -0.02380472     0.02476134   0.01879943     0.00080171  -0.03275486
    2    9
  0.01183318   0.01856787    -0.01108465  -0.01180755     0.01108465   0.01180755
 -0.01369872  -0.02659374    -0.00521840   0.03137807    -0.02378444  -0.03773375
  0.01369872   0.02659374    -0.02378444  -0.03773375    -0.00521840   0.03137807
    2   10
  0.01502837   0.00317534    -0.00941141   0.00220992    -0.00941141   0.00220992
 -0.02335279   0.00716121     0.02796568  -0.01707173     0.02866145   0.01204424
 -0.02335279   0.00716121     0.02866145   0.01204424     0.02796568  -0.01707173
    2   11
 -0.02199684  -0.00096389     0.01576796   0.00369582     0.01576796   0.00369582
  0.02988021  -0.00143343    -0.02456501   0.02020830    -0.04457060  -0.00173105
  0.02988021  -0.00143343    -0.04457060  -0.00173105    -0.02456501   0.02020830
    3    1
 -0.09121843   0.00000000    -0.00000000  -0.00000000     0.00000000  -0.00000000
  0.00000000  -0.00000000     0.05864214  -0.00000000     0.00000000   0.05420264
 -0.00000000  -0.00000000     0.00000000   0.05420264     0.05864214  -0.00000000
    3    2
 -0.01367622   0.02368790     0.00000000   0.00000000    -0.00000000  -0.00000000
  0.00000000   0.00000000    -0.00289928   0.00502169    -0.06168685  -0.03561492
  0.00000000   0.00000000    -0.06168685  -0.03561492    -0.00289928   0.00502169
    3    3
  0.10004901   0.00000000    -0.00000000  -0.00000000     0.00000000  -0.00000000
 -0.00000000  -0.00000000     0.10164615   0.00000000    -0.00000000  -0.00000000
  0.00000000  -0.00000000    -0.00000000  -0.00000000     0.10164615   0.00000000
    3    4
 -0.02199684   0.00096389    -0.01576796   0.00369582    -0.01576796   0.00369582
 -0.02988021  -0.00143343    -0.02456501  -0.02020830    -0.04457060   0.00173105
 -0.02988021  -0.00143343    -0.04457060   0.00173105    -0.02456501  -0.02020830
    3    5
  0.01502837  -0.00317534     0.00941141   0.00220992     0.00941141   0.00220992
  0.02335279   0.00716121     0.02796568   0.01707173     0.02866145  -0.01204424
  0.02335279   0.00716121     0.02866145  -0.01204424     0.02796568   0.01707173
    3    6
  0.01183318  -0.01856787     0.01108465  -0.01180755    -0.01108465   0.01180755
  0.01369872  -0.02659374    -0.00521840  -0.03137807    -0.02378444   0.03773375
 -0.01369872   0.02659374    -0.02378444   0.03773375    -0.00521840  -0.03137807
    3    7
 -0.01026411   0.01142728    -0.00279186   0.00925548     0.00279186  -0.00925548
 -0.00547460   0.02380472     0.00080171   0.03275486     0.02476134  -0.01879943
  0.00547460  -0.02380472     0.02476134  -0.01879943     0.00080171   0.03275486
    3    8
  0.01183318  -0.01856787    -0.01108465   0.01180755     0.01108465  -0.01180755
 -0.01369872   0.02659374    -0.00521840  -0.03137807    -0.02378444   0.03773375
  0.01369872  -0.02659374    -0.02378444   0.03773375    -0.00521840  -0.03137807
    3    9
 -0.01026411   0.01142728     0.00279186  -0.00925548    -0.00279186   0.00925548
  0.00547460  -0.02380472     0.00080171   0.03275486     0.02476134  -0.01879943
 -0.00547460   0.02380472     0.02476134  -0.01879943     0.00080171   0.03275486
    3   10
 -0.02199684   0.00096389     0.01576796  -0.00369582     0.01576796  -0.00369582
  0.02988021   0.00143343    -0.02456501  -0.02020830    -0.04457060   0.00173105
  0.02988021   0.00143343    -0.04457060   0.00173105    -0.02456501  -0.02020830
    3   11
  0.01502837  -0.00317534    -0.00941141  -0.00220992    -0.00941141  -0.00220992
 -0.02335279  -0.00716121     0.02796568   0.01707173     0.02866145  -0.01204424
 -0.02335279  -0.00716121     0.02866145  -0.01204424     0.02796568   0.01707173
    4    1
  0.10674956   0.04730619    -0.02003231  -0.01690420    -0.02003231  -0.01690420
 -0.02554109  -0.01215713    -0.01154492  -0.01130663    -0.04406524  -0.01336077
 -0.02554109  -0.01215713    -0.04406524  -0.01336077    -0.01154492  -0.01130663
    4    2
  0.01502837  -0.00317534     0.02335279   0.00716121     0.02335279   0.00716121
  0.00941141   0.00220992     0.02796568   0.01707173     0.02866145  -0.01204424
  0.00941141   0.00220992     0.02866145  -0.01204424     0.02796568   0.01707173
    4    3
 -0.02199684  -0.00096389    -0.02988021   0.00143343    -0.02988021   0.00143343
 -0.01576796  -0.00369582    -0.02456501   0.02020830    -0.04457060  -0.00173105
 -0.01576796  -0.00369582    -0.04457060  -0.00173105    -0.02456501   0.02020830
    4    4
  0.17346107   0.00000000    -0.00914233   0.00286011    -0.00914233   0.00286011
 -0.00914233  -0.00286011     0.10116898  -0.00000000     0.01735702  -0.00000000
 -0.00914233  -0.00286011     0.01735702  -0.00000000     0.10116898  -0.00000000
    4    5
 -0.10988963   0.04998542    -0.00286693  -0.02118006    -0.00286693  -0.02118006
 -0.00286693  -0.02118006    -0.05003451   0.02675506    -0.02545691  -0.00729113
 -0.00286693  -0.02118006    -0.02545691  -0.00729113    -0.05003451   0.02675506
    4    6
 -0.04955832   0.04375827     0.04293490  -0.02776908    -0.02107744   0.02503340
  0.04293490  -0.02776908    -0.00452777   0.01358028    -0.00492858   0.01435152
  0.02107744  -0.02503340     0.00492858  -0.01435152     0.04327887  -0.02806119
    4    7
  0.07473114   0.00000000    -0.05061447  -0.00716364     0.03621422   0.00118045
 -0.05061447   0.00716364     0.01693721   0.00000000     0.00560637  -0.00374536
 -0.03621422   0.00118045    -0.00560637  -0.00374536    -0.07091881  -0.00000000
    4    8
 -0.04955832   0.04375827    -0.02107744   0.02503340     0.04293490  -0.02776908
  0.02107744  -0.02503340     0.04327887  -0.02806119     0.00492858  -0.01435152
  0.04293490  -0.02776908    -0.00492858   0.01435152    -0.00452777   0.01358028
    4    9
  0.07473114   0.00000000     0.03621422   0.00118045    -0.05061447  -0.00716364
 -0.03621422   0.00118045    -0.07091881  -0.00000000    -0.00560637  -0.00374536
 -0.05061447   0.00716364     0.00560637  -0.00374536     0.01693721   0.00000000
    4   10
  0.10801557   0.00000000     0.04721041   0.00703928     0.04721041   0.00703928
 -0.04721041   0.00703928    -0.01939967   0.00000000     0.01882690  -0.00000000
 -0.04721041   0.00703928     0.01882690  -0.00000000    -0.01939967   0.00000000
    4   11
 -0.10173842   0.05739735    -0.04005306   0.02124562    -0.04005306   0.02124562
  0.04005306  -0.02124562     0.00307768  -0.01435999    -0.01295953   0.01453189
  0.04005306  -0.02124562    -0.01295953   0.01453189     0.00307768  -0.01435999
    5    1
 -0.09434315  -0.06879474     0.02465562   0.00889639     0.02465562   0.00889639
  0.02329893   0.01604067     0.01556429   0.00434488     0.03360339   0.03148123
  0.02329893   0.01604067     0.03360339   0.03148123     0.01556429   0.00434488
    5    2
 -0.02199684   0.00096389    -0.02988021  -0.00143343    -0.02988021  -0.00143343
 -0.01576796   0.00369582    -0.02456501  -0.02020830    -0.04457060   0.00173105
 -0.01576796   0.00369582    -0.04457060   0.00173105    -0.02456501  -0.02020830
    5    3
  0.01502837   0.00317534     0.02335279  -0.00716121     0.02335279  -0.00716121
  0.00941141  -0.00220992     0.02796568  -0.01707173     0.02866145   0.01204424
  0.00941141  -0.00220992     0.02866145   0.01204424     0.02796568  -0.01707173
    5    4
 -0.10988963  -0.04998542    -0.00286693   0.02118006    -0.00286693   0.02118006
 -0.00286693   0.02118006    -0.05003451  -0.02675506    -0.02545691   0.00729113
 -0.00286693   0.02118006    -0.02545691   0.00729113    -0.05003451  -0.02675506
    5    5
  0.17346107  -0.00000000    -0.00914233  -0.00286011    -0.00914233  -0.00286011
 -0.00914233   0.00286011     0.10116898   0.00000000     0.01735702   0.00000000
 -0.00914233   0.00286011     0.01735702   0.00000000     0.10116898   0.00000000
    5    6
  0.07473114  -0.00000000    -0.05061447   0.00716364     0.03621422  -0.00118045
 -0.05061447  -0.00716364     0.01693721  -0.00000000     0.00560637   0.00374536
 -0.03621422  -0.00118045    -0.00560637   0.00374536    -0.07091881   0.00000000
    5    7
 -0.04955832  -0.04375827     0.04293490   0.02776908    -0.02107744  -0.02503340
  0.04293490   0.02776908    -0.00452777  -0.01358028    -0.00492858  -0.01435152
  0.02107744   0.02503340     0.00492858   0.01435152     0.04327887   0.02806119
    5    8
  0.07473114  -0.00000000     0.03621422  -0.00118045    -0.05061447   0.00716364
 -0.03621422  -0.00118045    -0.07091881   0.00000000    -0.00560637   0.00374536
 -0.05061447  -0.00716364     0.00560637   0.00374536     0.01693721  -0.00000000
    5    9
 -0.04955832  -0.04375827    -0.02107744  -0.02503340     0.04293490   0.02776908
  0.02107744   0.02503340     0.04327887   0.02806119     0.00492858   0.01435152
  0.04293490   0.02776908    -0.00492858  -0.01435152    -0.00452777  -0.01358028
    5   10
 -0.10173842  -0.05739735    -0.04005306  -0.02124562    -0.04005306  -0.02124562
  0.04005306   0.02124562     0.00307768   0.01435999    -0.01295953  -0.01453189
  0.04005306   0.02124562    -0.01295953  -0.01453189     0.00307768   0.01435999
    5   11
  0.10801557  -0.00000000     0.04721041  -0.00703928     0.04721041  -0.00703928
 -0.04721041  -0.00703928    -0.01939967  -0.00000000     0.01882690   0.00000000
 -0.04721041  -0.00703928     0.01882690   0.00000000    -0.01939967  -0.00000000
    6    1
 -0.09434315  -0.06879474     0.02465562   0.00889639    -0.02465562  -0.00889639
  0.02329893   0.01604067     0.01556429   0.00434488    -0.03360339  -0.03148123
 -0.02329893  -0.01604067    -0.03360339  -0.03148123     0.01556429   0.00434488
    6    2
 -0.01026411   0.01142728    -0.00547460   0.02380472     0.00547460  -0.02380472
 -0.00279186   0.00925548     0.00080171   0.03275486     0.02476134  -0.01879943
  0.00279186  -0.00925548     0.02476134  -0.01879943     0.00080171   0.03275486
    6    3
  0.01183318   0.01856787     0.01369872   0.02659374    -0.01369872  -0.02659374
  0.01108465   0.01180755    -0.00521840   0.03137807    -0.02378444  -0.03773375
 -0.01108465  -0.01180755    -0.02378444  -0.03773375    -0.00521840   0.03137807
    6    4
 -0.04955832  -0.04375827     0.04293490   0.02776908     0.02107744   0.02503340
  0.04293490   0.02776908    -0.00452777  -0.01358028     0.00492858   0.01435152
 -0.02107744  -0.02503340    -0.00492858  -0.01435152     0.04327887   0.02806119
    6    5
  0.07473114   0.00000000    -0.05061447   0.00716364    -0.03621422   0.00118045
 -0.05061447  -0.00716364     0.01693721   0.00000000    -0.00560637  -0.00374536
  0.03621422   0.00118045     0.00560637  -0.00374536    -0.07091881  -0.00000000
    6    6
  0.17346107  -0.00000000    -0.00914233  -0.00286011     0.00914233   0.00286011
 -0.00914233   0.00286011     0.10116898   0.00000000    -0.01735702   0.00000000
  0.00914233  -0.00286011    -0.01735702   0.00000000     0.10116898   0.00000000
    6    7
 -0.10988963  -0.04998542    -0.00286693   0.02118006     0.00286693  -0.02118006
 -0.00286693   0.02118006    -0.05003451  -0.02675506     0.02545691  -0.00729113
  0.00286693  -0.02118006     0.02545691  -0.00729113    -0.05003451  -0.02675506
    6    8
  0.10801557  -0.00000000     0.04721041  -0.00703928    -0.04721041   0.00703928
 -0.04721041  -0.00703928    -0.01939967  -0.00000000    -0.01882690   0.00000000
  0.04721041   0.00703928    -0.01882690   0.00000000    -0.01939967  -0.00000000
    6    9
 -0.10173842  -0.05739735    -0.04005306  -0.02124562     0.04005306   0.02124562
  0.04005306   0.02124562     0.00307768   0.01435999     0.01295953   0.01453189
 -0.04005306  -0.02124562     0.01295953   0.01453189     0.00307768   0.01435999
    6   10
 -0.04955832  -0.04375827    -0.02107744  -0.02503340    -0.04293490  -0.02776908
  0.02107744   0.02503340     0.04327887   0.02806119    -0.00492858  -0.01435152
 -0.04293490  -0.02776908     0.00492858   0.01435152    -0.00452777  -0.01358028
    6   11
  0.07473114   0.00000000     0.03621422  -0.00118045     0.05061447  -0.00716364
 -0.03621422  -0.00118045    -0.07091881  -0.00000000     0.00560637  -0.00374536
  0.05061447   0.00716364    -0.00560637  -0.00374536     0.01693721   0.00000000
    7    1
  0.10674956   0.04730619    -0.02003231  -0.01690420     0.02003231   0.01690420
 -0.02554109  -0.01215713    -0.01154492  -0.01130663     0.04406524   0.01336077
  0.02554109   0.01215713     0.04406524   0.01336077    -0.01154492  -0.01130663
    7    2
  0.01183318  -0.01856787     0.01369872  -0.02659374    -0.01369872   0.02659374
  0.01108465  -0.01180755    -0.00521840  -0.03137807    -0.02378444   0.03773375
 -0.01108465   0.01180755    -0.02378444   0.03773375    -0.00521840  -0.03137807
    7    3
 -0.01026411  -0.01142728    -0.00547460  -0.02380472     0.00547460   0.02380472
 -0.00279186  -0.00925548     0.00080171  -0.03275486     0.02476134   0.01879943
  0.00279186   0.00925548     0.02476134   0.01879943     0.00080171  -0.03275486
    7    4
  0.07473114  -0.00000000    -0.05061447  -0.00716364    -0.03621422  -0.00118045
 -0.05061447   0.00716364     0.01693721  -0.00000000    -0.00560637   0.00374536
  0.03621422  -0.00118045     0.00560637   0.00374536    -0.07091881   0.00000000
    7    5
 -0.04955832   0.04375827     0.04293490  -0.02776908     0.02107744  -0.02503340
  0.04293490  -0.02776908    -0.00452777   0.01358028     0.00492858  -0.01435152
 -0.02107744   0.02503340    -0.00492858   0.01435152     0.04327887  -0.02806119
    7    6
 -0.10988963   0.04998542    -0.00286693  -0.02118006     0.00286693   0.02118006
 -0.00286693  -0.02118006    -0.05003451   0.02675506     0.02545691   0.00729113
  0.00286693   0.02118006     0.02545691   0.00729113    -0.05003451   0.02675506
    7    7
  0.17346107   0.00000000    -0.00914233   0.00286011     0.00914233  -0.00286011
 -0.00914233  -0.00286011     0.10116898  -0.00000000    -0.01735702  -0.00000000
  0.00914233   0.00286011    -0.01735702  -0.00000000     0.10116898  -0.00000000
    7    8
 -0.10173842   0.05739735    -0.04005306   0.02124562     0.04005306  -0.02124562
  0.04005306  -0.02124562     0.00307768  -0.01435999     0.01295953  -0.01453189
 -0.04005306   0.02124562     0.01295953  -0.01453189     0.00307768  -0.01435999
    7    9
  0.10801557   0.00000000     0.04721041   0.00703928    -0.04721041  -0.00703928
 -0.04721041   0.00703928    -0.01939967   0.00000000    -0.01882690  -0.00000000
  0.04721041  -0.00703928    -0.01882690  -0.00000000    -0.01939967   0.00000000
    7   10
  0.07473114  -0.00000000     0.03621422   0.00118045     0.05061447   0.00716364
 -0.03621422   0.00118045    -0.07091881   0.00000000     0.00560637   0.00374536
  0.05061447  -0.00716364    -0.00560637   0.00374536     0.01693721  -0.00000000
    7   11
 -0.04955832   0.04375827    -0.02107744   0.02503340    -0.04293490   0.02776908
  0.02107744  -0.02503340     0.04327887  -0.02806119    -0.00492858   0.01435152
 -0.04293490   0.02776908     0.00492858  -0.01435152    -0.00452777   0.01358028
    8    1
 -0.09434315  -0.06879474    -0.02465562  -0.00889639     0.02465562   0.00889639
 -0.02329893  -0.01604067     0.01556429   0.00434488    -0.03360339  -0.03148123
  0.02329893   0.01604067    -0.03360339  -0.03148123     0.01556429   0.00434488
    8    2
 -0.01026411   0.01142728     0.00547460  -0.02380472    -0.00547460   0.02380472
  0.00279186  -0.00925548     0.00080171   0.03275486     0.02476134  -0.01879943
 -0.00279186   0.00925548     0.02476134  -0.01879943     0.00080171   0.03275486
    8    3
  0.01183318   0.01856787    -0.01369872  -0.02659374     0.01369872   0.02659374
 -0.01108465  -0.01180755    -0.00521840   0.03137807    -0.02378444  -0.03773375
  0.01108465   0.01180755    -0.02378444  -0.03773375    -0.00521840   0.03137807
    8    4
 -0.04955832  -0.04375827     0.02107744   0.02503340     0.04293490   0.02776908
 -0.02107744  -0.02503340     0.04327887   0.02806119    -0.00492858  -0.01435152
  0.04293490   0.02776908     0.00492858   0.01435152    -0.00452777  -0.01358028
    8    5
  0.07473114   0.00000000    -0.03621422   0.00118045    -0.05061447   0.00716364
  0.03621422   0.00118045    -0.07091881  -0.00000000     0.00560637  -0.00374536
 -0.05061447  -0.00716364    -0.00560637  -0.00374536     0.01693721   0.00000000
    8    6
  0.10801557  -0.00000000    -0.04721041   0.00703928     0.04721041  -0.00703928
  0.04721041   0.00703928    -0.01939967  -0.00000000    -0.01882690  -0.00000000
 -0.04721041  -0.00703928    -0.01882690   0.00000000    -0.01939967  -0.00000000
    8    7
 -0.10173842  -0.05739735     0.04005306   0.02124562    -0.04005306  -0.02124562
 -0.04005306  -0.02124562     0.00307768   0.01435999     0.01295953   0.01453189
  0.04005306   0.02124562     0.01295953   0.01453189     0.00307768   0.01435999
    8    8
  0.17346107  -0.00000000     0.00914233   0.00286011    -0.00914233  -0.00286011
  0.00914233  -0.00286011     0.10116898   0.00000000    -0.01735702  -0.00000000
 -0.00914233   0.00286011    -0.01735702  -0.00000000     0.10116898   0.00000000
    8    9
 -0.10988963  -0.04998542     0.00286693  -0.02118006    -0.00286693   0.02118006
  0.00286693  -0.02118006    -0.05003451  -0.02675506     0.02545691  -0.00729113
 -0.00286693   0.02118006     0.02545691  -0.00729113    -0.05003451  -0.02675506
    8   10
 -0.04955832  -0.04375827    -0.04293490  -0.02776908    -0.02107744  -0.02503340
 -0.04293490  -0.02776908    -0.00452777  -0.01358028     0.00492858   0.01435152
  0.02107744   0.02503340    -0.00492858  -0.01435152     0.04327887   0.02806119
    8   11
  0.07473114   0.00000000     0.05061447  -0.00716364     0.03621422  -0.00118045
  0.05061447   0.00716364     0.01693721   0.00000000    -0.00560637  -0.00374536
 -0.03621422  -0.00118045     0.00560637  -0.00374536    -0.07091881  -0.00000000
    9    1
  0.10674956   0.04730619     0.02003231   0.01690420    -0.02003231  -0.01690420
  0.02554109   0.01215713    -0.01154492  -0.01130663     0.04406524   0.01336077
 -0.02554109  -0.01215713     0.04406524   0.01336077    -0.01154492  -0.01130663
    9    2
  0.01183318  -0.01856787    -0.01369872   0.02659374     0.01369872  -0.02659374
 -0.01108465   0.01180755    -0.00521840  -0.03137807    -0.02378444   0.03773375
  0.01108465  -0.01180755    -0.02378444   0.03773375    -0.00521840  -0.03137807
    9    3
 -0.01026411  -0.01142728     0.00547460   0.02380472    -0.00547460  -0.02380472
  0.00279186   0.00925548     0.00080171  -0.03275486     0.02476134   0.01879943
 -0.00279186  -0.00925548     0.02476134   0.01879943     0.00080171  -0.03275486
    9    4
  0.07473114  -0.00000000    -0.03621422  -0.00118045    -0.05061447  -0.00716364
  0.03621422  -0.00118045    -0.07091881   0.00000000     0.00560637   0.00374536
 -0.05061447   0.00716364    -0.00560637   0.00374536     0.01693721  -0.00000000
    9    5
 -0.04955832   0.04375827     0.02107744  -0.02503340     0.04293490  -0.02776908
 -0.02107744   0.02503340     0.04327887  -0.02806119    -0.00492858   0.01435152
  0.04293490  -0.02776908     0.00492858  -0.01435152    -0.00452777   0.01358028
    9    6
 -0.10173842   0.05739735     0.04005306  -0.02124562    -0.04005306   0.02124562
 -0.04005306   0.02124562     0.00307768  -0.01435999     0.01295953  -0.01453189
  0.04005306  -0.02124562     0.01295953  -0.01453189     0.00307768  -0.01435999
    9    7
  0.10801557   0.00000000    -0.04721041  -0.00703928     0.04721041   0.00703928
  0.04721041  -0.00703928    -0.01939967   0.00000000    -0.01882690   0.00000000
 -0.04721041   0.00703928    -0.01882690   0.00000000    -0.01939967   0.00000000
    9    8
 -0.10988963   0.04998542     0.00286693   0.02118006    -0.00286693  -0.02118006
  0.00286693   0.02118006    -0.05003451   0.02675506     0.02545691   0.00729113
 -0.00286693  -0.02118006     0.02545691   0.00729113    -0.05003451   0.02675506
    9    9
  0.17346107   0.00000000     0.00914233  -0.00286011    -0.00914233   0.00286011
  0.00914233   0.00286011     0.10116898  -0.00000000    -0.01735702   0.00000000
 -0.00914233  -0.00286011    -0.01735702   0.00000000     0.10116898  -0.00000000
    9   10
  0.07473114  -0.00000000     0.05061447   0.00716364     0.03621422   0.00118045
  0.05061447  -0.00716364     0.01693721  -0.00000000    -0.00560637   0.00374536
 -0.03621422   0.00118045     0.00560637   0.00374536    -0.07091881   0.00000000
    9   11
 -0.04955832   0.04375827    -0.04293490   0.02776908    -0.02107744   0.02503340
 -0.04293490   0.02776908    -0.00452777   0.01358028     0.00492858  -0.01435152
  0.02107744  -0.02503340    -0.00492858   0.01435152     0.04327887  -0.02806119
   10    1
  0.10674956   0.04730619     0.02003231   0.01690420     0.02003231   0.01690420
  0.02554109   0.01215713    -0.01154492  -0.01130663    -0.04406524  -0.01336077
  0.02554109   0.01215713    -0.04406524  -0.01336077    -0.01154492  -0.01130663
   10    2
  0.01502837  -0.00317534    -0.02335279  -0.00716121    -0.02335279  -0.00716121
 -0.00941141  -0.00220992     0.02796568   0.01707173     0.02866145  -0.01204424
 -0.00941141  -0.00220992     0.02866145  -0.01204424     0.02796568   0.01707173
   10    3
 -0.02199684  -0.00096389     0.02988021  -0.00143343     0.02988021  -0.00143343
  0.01576796   0.00369582    -0.02456501   0.02020830    -0.04457060  -0.00173105
  0.01576796   0.00369582    -0.04457060  -0.00173105    -0.02456501   0.02020830
   10    4
  0.10801557   0.00000000    -0.04721041  -0.00703928    -0.04721041  -0.00703928
  0.04721041  -0.00703928    -0.01939967   0.00000000     0.01882690   0.00000000
  0.04721041  -0.00703928     0.01882690   0.00000000    -0.01939967   0.00000000
   10    5
 -0.10173842   0.05739735     0.04005306  -0.02124562     0.04005306  -0.02124562
 -0.04005306   0.02124562     0.00307768  -0.01435999    -0.01295953   0.01453189
 -0.04005306   0.02124562    -0.01295953   0.01453189     0.00307768  -0.01435999
   10    6
 -0.04955832   0.04375827     0.02107744  -0.02503340    -0.04293490   0.02776908
 -0.02107744   0.02503340     0.04327887  -0.02806119     0.00492858  -0.01435152
 -0.04293490   0.02776908    -0.00492858   0.01435152    -0.00452777   0.01358028
   10    7
  0.07473114   0.00000000    -0.03621422  -0.00118045     0.05061447   0.00716364
  0.03621422  -0.00118045    -0.07091881  -0.00000000    -0.00560637  -0.00374536
  0.05061447  -0.00716364     0.00560637  -0.00374536     0.01693721   0.00000000
   10    8
 -0.04955832   0.04375827    -0.04293490   0.02776908     0.02107744  -0.02503340
 -0.04293490   0.02776908    -0.00452777   0.01358028    -0.00492858   0.01435152
 -0.02107744   0.02503340     0.00492858  -0.01435152     0.04327887  -0.02806119
   10    9
  0.07473114   0.00000000     0.05061447   0.00716364    -0.03621422  -0.00118045
  0.05061447  -0.00716364     0.01693721   0.00000000     0.00560637  -0.00374536
  0.03621422  -0.00118045    -0.00560637  -0.00374536    -0.07091881  -0.00000000
   10   10
  0.17346107   0.00000000     0.00914233  -0.00286011     0.00914233  -0.00286011
  0.00914233   0.00286011     0.10116898  -0.00000000     0.01735702  -0.00000000
  0.00914233   0.00286011     0.01735702  -0.00000000     0.10116898  -0.00000000
   10   11
 -0.10988963   0.04998542     0.00286693   0.02118006     0.00286693   0.02118006
  0.00286693   0.02118006    -0.05003451   0.02675506    -0.02545691  -0.00729113
  0.00286693   0.02118006    -0.02545691  -0.00729113    -0.05003451   0.02675506
   11    1
 -0.09434315  -0.06879474    -0.02465562  -0.00889639    -0.02465562  -0.00889639
 -0.02329893  -0.01604067     0.01556429   0.00434488     0.03360339   0.03148123
 -0.02329893  -0.01604067     0.03360339   0.03148123     0.01556429   0.00434488
   11    2
 -0.02199684   0.00096389     0.02988021   0.00143343     0.02988021   0.00143343
  0.01576796  -0.00369582    -0.02456501  -0.02020830    -0.04457060   0.00173105
  0.01576796  -0.00369582    -0.04457060   0.00173105    -0.02456501  -0.02020830
   11    3
  0.01502837   0.00317534    -0.02335279   0.00716121    -0.02335279   0.00716121
 -0.00941141   0.00220992     0.02796568  -0.01707173     0.02866145   0.01204424
 -0.00941141   0.00220992     0.02866145   0.01204424     0.02796568  -0.01707173
   11    4
 -0.10173842  -0.05739735     0.04005306   0.02124562     0.04005306   0.02124562
 -0.04005306  -0.02124562     0.00307768   0.01435999    -0.01295953  -0.01453189
 -0.04005306  -0.02124562    -0.01295953  -0.01453189     0.00307768   0.01435999
   11    5
  0.10801557  -0.00000000    -0.04721041   0.00703928    -0.04721041   0.00703928
  0.04721041   0.00703928    -0.01939967  -0.00000000     0.01882690  -0.00000000
  0.04721041   0.00703928     0.01882690   0.00000000    -0.01939967   0.00000000
   11    6
  0.07473114  -0.00000000    -0.03621422   0.00118045     0.05061447  -0.00716364
  0.03621422   0.00118045    -0.07091881   0.00000000    -0.00560637   0.00374536
  0.05061447   0.00716364     0.00560637   0.00374536     0.01693721  -0.00000000
   11    7
 -0.04955832  -0.04375827     0.02107744   0.02503340    -0.04293490  -0.02776908
 -0.02107744  -0.02503340     0.04327887   0.02806119     0.00492858   0.01435152
 -0.04293490  -0.02776908    -0.00492858  -0.01435152    -0.00452777  -0.01358028
   11    8
  0.07473114  -0.00000000     0.05061447  -0.00716364    -0.03621422   0.00118045
  0.05061447   0.00716364     0.01693721  -0.00000000     0.00560637   0.00374536
  0.03621422   0.00118045    -0.00560637   0.00374536    -0.07091881   0.00000000
   11    9
 -0.04955832  -0.04375827    -0.04293490  -0.02776908     0.02107744   0.02503340
 -0.04293490  -0.02776908    -0.00452777  -0.01358028    -0.00492858  -0.01435152
 -0.02107744  -0.02503340     0.00492858   0.01435152     0.04327887   0.02806119
   11   10
 -0.10988963  -0.04998542     0.00286693  -0.02118006     0.00286693  -0.02118006
  0.00286693  -0.02118006    -0.05003451  -0.02675506    -0.02545691   0.00729113
  0.00286693  -0.02118006    -0.02545691   0.00729113    -0.05003451  -0.02675506
   11   11
  0.17346107  -0.00000000     0.00914233   0.00286011     0.00914233   0.00286011
  0.00914233  -0.00286011     0.10116898   0.00000000     0.01735702   0.00000000
  0.00914233  -0.00286011     0.01735702   0.00000000     0.10116898   0.00000000

     Dynamical  Matrix in cartesian axes

     q = (   -0.471404521   0.000000000   0.000000000 ) 

    1    1
  0.34656275   0.00000000     0.00000000   0.00000000    -0.00000000   0.00000000
 -0.00000000   0.00000000     0.11335119   0.00000000     0.00000000   0.00000000
  0.00000000   0.00000000     0.00000000   0.00000000     0.11335119   0.00000000
    1    2
  0.04560921   0.07899748    -0.00000000   0.00000000    -0.00000000   0.00000000
 -0.00000000  -0.00000000    -0.02932107  -0.05078558    -0.04694086   0.02710132
 -0.00000000   0.00000000    -0.04694086   0.02710132    -0.02932107  -0.05078558
    1    3
 -0.09121843   0.00000000    -0.00000000  -0.00000000    -0.00000000   0.00000000
 -0.00000000   0.00000000     0.05864214  -0.00000000    -0.00000000   0.05420264
 -0.00000000  -0.00000000     0.00000000   0.05420264     0.05864214  -0.00000000
    1    4
  0.10674956   0.04730619    -0.02554109  -0.01215713    -0.02554109  -0.01215713
 -0.02003231  -0.01690420    -0.01154492  -0.01130663    -0.04406524  -0.01336077
 -0.02003231  -0.01690420    -0.04406524  -0.01336077    -0.01154492  -0.01130663
    1    5
 -0.09434315  -0.06879474     0.02329893   0.01604067     0.02329893   0.01604067
  0.02465562   0.00889639     0.01556429   0.00434488     0.03360339   0.03148123
  0.02465562   0.00889639     0.03360339   0.03148123     0.01556429   0.00434488
    1    6
 -0.09434315  -0.06879474     0.02329893   0.01604067    -0.02329893  -0.01604067
  0.02465562   0.00889639     0.01556429   0.00434488    -0.03360339  -0.03148123
 -0.02465562  -0.00889639    -0.03360339  -0.03148123     0.01556429   0.00434488
    1    7
  0.10674956   0.04730619    -0.02554109  -0.01215713     0.02554109   0.01215713
 -0.02003231  -0.01690420    -0.01154492  -0.01130663     0.04406524   0.01336077
  0.02003231   0.01690420     0.04406524   0.01336077    -0.01154492  -0.01130663
    1    8
 -0.09434315  -0.06879474    -0.02329893  -0.01604067     0.02329893   0.01604067
 -0.02465562  -0.00889639     0.01556429   0.00434488    -0.03360339  -0.03148123
  0.02465562   0.00889639    -0.03360339  -0.03148123     0.01556429   0.00434488
    1    9
  0.10674956   0.04730619     0.02554109   0.01215713    -0.02554109  -0.01215713
  0.02003231   0.01690420    -0.01154492  -0.01130663     0.04406524   0.01336077
 -0.02003231  -0.01690420     0.04406524   0.01336077    -0.01154492  -0.01130663
    1   10
  0.10674956   0.04730619     0.02554109   0.01215713     0.02554109   0.01215713
  0.02003231   0.01690420    -0.01154492  -0.01130663    -0.04406524  -0.01336077
  0.02003231   0.01690420    -0.04406524  -0.01336077    -0.01154492  -0.01130663
    1   11
 -0.09434315  -0.06879474    -0.02329893  -0.01604067    -0.02329893  -0.01604067
 -0.02465562  -0.00889639     0.01556429   0.00434488     0.03360339   0.03148123
 -0.02465562  -0.00889639     0.03360339   0.03148123     0.01556429   0.00434488
    2    1
  0.04560921  -0.07899748    -0.00000000  -0.00000000    -0.00000000   0.00000000
 -0.00000000  -0.00000000    -0.02932107   0.05078558    -0.04694086  -0.02710132
 -0.00000000   0.00000000    -0.04694086  -0.02710132    -0.02932107   0.05078558
    2    2
  0.10004901   0.00000000     0.00000000  -0.00000000     0.00000000  -0.00000000
  0.00000000  -0.00000000     0.10164615   0.00000000    -0.00000000  -0.00000000
  0.00000000  -0.00000000    -0.00000000  -0.00000000     0.10164615  -0.00000000
    2    3
 -0.01367622   0.02368790     0.00000000  -0.00000000     0.00000000  -0.00000000
  0.00000000   0.00000000    -0.00289928   0.00502169    -0.06168685  -0.03561492
  0.00000000   0.00000000    -0.06168685  -0.03561492    -0.00289928   0.00502169
    2    4
  0.01502837  -0.00317534     0.00941141   0.00220992     0.00941141   0.00220992
  0.02335279   0.00716121     0.02796568   0.01707173     0.02866145  -0.01204424
  0.02335279   0.00716121     0.02866145  -0.01204424     0.02796568   0.01707173
    2    5
 -0.02199684   0.00096389    -0.01576796   0.00369582    -0.01576796   0.00369582
 -0.02988021  -0.00143343    -0.02456501  -0.02020830    -0.04457060   0.00173105
 -0.02988021  -0.00143343    -0.04457060   0.00173105    -0.02456501  -0.02020830
    2    6
 -0.01026411   0.01142728    -0.00279186   0.00925548     0.00279186  -0.00925548
 -0.00547460   0.02380472     0.00080171   0.03275486     0.02476134  -0.01879943
  0.00547460  -0.02380472     0.02476134  -0.01879943     0.00080171   0.03275486
    2    7
  0.01183318  -0.01856787     0.01108465  -0.01180755    -0.01108465   0.01180755
  0.01369872  -0.02659374    -0.00521840  -0.03137807    -0.02378444   0.03773375
 -0.01369872   0.02659374    -0.02378444   0.03773375    -0.00521840  -0.03137807
    2    8
 -0.01026411   0.01142728     0.00279186  -0.00925548    -0.00279186   0.00925548
  0.00547460  -0.02380472     0.00080171   0.03275486     0.02476134  -0.01879943
 -0.00547460   0.02380472     0.02476134  -0.01879943     0.00080171   0.03275486
    2    9
  0.01183318  -0.01856787    -0.01108465   0.01180755     0.01108465  -0.01180755
 -0.01369872   0.02659374    -0.00521840  -0.03137807    -0.02378444   0.03773375
  0.01369872  -0.02659374    -0.02378444   0.03773375    -0.00521840  -0.03137807
    2   10
  0.01502837  -0.00317534    -0.00941141  -0.00220992    -0.00941141  -0.00220992
 -0.02335279  -0.00716121     0.02796568   0.01707173     0.02866145  -0.01204424
 -0.02335279  -0.00716121     0.02866145  -0.01204424     0.02796568   0.01707173
    2   11
 -0.02199684   0.00096389     0.01576796  -0.00369582     0.01576796  -0.00369582
  0.02988021   0.00143343    -0.02456501  -0.02020830    -0.04457060   0.00173105
  0.02988021   0.00143343    -0.04457060   0.00173105    -0.02456501  -0.02020830
    3    1
 -0.09121843  -0.00000000    -0.00000000  -0.00000000     0.00000000   0.00000000
 -0.00000000  -0.00000000     0.05864214   0.00000000     0.00000000  -0.05420264
 -0.00000000  -0.00000000     0.00000000  -0.05420264     0.05864214   0.00000000
    3    2
 -0.01367622  -0.02368790     0.00000000   0.00000000     0.00000000   0.00000000
  0.00000000   0.00000000    -0.00289928  -0.00502169    -0.06168685   0.03561492
  0.00000000   0.00000000    -0.06168685   0.03561492    -0.00289928  -0.00502169
    3    3
  0.10004901  -0.00000000     0.00000000   0.00000000     0.00000000   0.00000000
  0.00000000   0.00000000     0.10164615  -0.00000000    -0.00000000   0.00000000
  0.00000000   0.00000000    -0.00000000   0.00000000     0.10164615   0.00000000
    3    4
 -0.02199684  -0.00096389    -0.01576796  -0.00369582    -0.01576796  -0.00369582
 -0.02988021   0.00143343    -0.02456501   0.02020830    -0.04457060  -0.00173105
 -0.02988021   0.00143343    -0.04457060  -0.00173105    -0.02456501   0.02020830
    3    5
  0.01502837   0.00317534     0.00941141  -0.00220992     0.00941141  -0.00220992
  0.02335279  -0.00716121     0.02796568  -0.01707173     0.02866145   0.01204424
  0.02335279  -0.00716121     0.02866145   0.01204424     0.02796568  -0.01707173
    3    6
  0.01183318   0.01856787     0.01108465   0.01180755    -0.01108465  -0.01180755
  0.01369872   0.02659374    -0.00521840   0.03137807    -0.02378444  -0.03773375
 -0.01369872  -0.02659374    -0.02378444  -0.03773375    -0.00521840   0.03137807
    3    7
 -0.01026411  -0.01142728    -0.00279186  -0.00925548     0.00279186   0.00925548
 -0.00547460  -0.02380472     0.00080171  -0.03275486     0.02476134   0.01879943
  0.00547460   0.02380472     0.02476134   0.01879943     0.00080171  -0.03275486
    3    8
  0.01183318   0.01856787    -0.01108465  -0.01180755     0.01108465   0.01180755
 -0.01369872  -0.02659374    -0.00521840   0.03137807    -0.02378444  -0.03773375
  0.01369872   0.02659374    -0.02378444  -0.03773375    -0.00521840   0.03137807
    3    9
 -0.01026411  -0.01142728     0.00279186   0.00925548    -0.00279186  -0.00925548
  0.00547460   0.02380472     0.00080171  -0.03275486     0.02476134   0.01879943
 -0.00547460  -0.02380472     0.02476134   0.01879943     0.00080171  -0.03275486
    3   10
 -0.02199684  -0.00096389     0.01576796   0.00369582     0.01576796   0.00369582
  0.02988021  -0.00143343    -0.02456501   0.02020830    -0.04457060  -0.00173105
  0.02988021  -0.00143343    -0.04457060  -0.00173105    -0.02456501   0.02020830
    3   11
  0.01502837   0.00317534    -0.00941141   0.00220992    -0.00941141   0.00220992
 -0.02335279   0.00716121     0.02796568  -0.01707173     0.02866145   0.01204424
 -0.02335279   0.00716121     0.02866145   0.01204424     0.02796568  -0.01707173
    4    1
  0.10674956  -0.04730619    -0.02003231   0.01690420    -0.02003231   0.01690420
