  4.000000000000000E-002   1.50292904177357        5.49803354683322     
           3

     Dynamical  Matrix in cartesian axes

     q = (   -0.707106781   0.000000000   0.000000000 ) 

    1    1
  0.20779671   0.00000000     0.00000000   0.00000000     0.00000000   0.00000000
  0.00000000   0.00000000     0.16161176   0.00000000     0.00000000   0.00000000
  0.00000000   0.00000000     0.00000000   0.00000000     0.16161176   0.00000000
    1    2
  0.00000000  -0.00000000     0.00000000  -0.00000000     0.00000000   0.00000000
  0.00000000  -0.00000000    -0.00000000  -0.00000000    -0.01868408   0.00000000
 -0.00000000   0.00000000    -0.01868408   0.00000000    -0.00000000  -0.00000000
    1    3
  0.00000000   0.00000000     0.00000000   0.00000000     0.00000000   0.00000000
 -0.00000000   0.00000000     0.00000000   0.00000000    -0.01868408   0.00000000
  0.00000000   0.00000000    -0.01868408   0.00000000    -0.00000000   0.00000000
    1    4
 -0.02238940  -0.00000000     0.01055332   0.00000000     0.01055332   0.00000000
  0.00214112   0.00000000     0.01170246   0.00000000     0.00399219   0.00000000
  0.00214112   0.00000000     0.00399219   0.00000000     0.01170246   0.00000000
    1    5
 -0.02238940   0.00000000     0.01055332  -0.00000000     0.01055332  -0.00000000
  0.00214112  -0.00000000     0.01170246  -0.00000000     0.00399219  -0.00000000
  0.00214112  -0.00000000     0.00399219  -0.00000000     0.01170246  -0.00000000
    1    6
 -0.02238940  -0.00000000     0.01055332   0.00000000    -0.01055332  -0.00000000
  0.00214112   0.00000000     0.01170246   0.00000000    -0.00399219  -0.00000000
 -0.00214112  -0.00000000    -0.00399219  -0.00000000     0.01170246   0.00000000
    1    7
 -0.02238940   0.00000000     0.01055332  -0.00000000    -0.01055332   0.00000000
  0.00214112  -0.00000000     0.01170246  -0.00000000    -0.00399219   0.00000000
 -0.00214112   0.00000000    -0.00399219   0.00000000     0.01170246  -0.00000000
    1    8
 -0.02238940  -0.00000000    -0.01055332  -0.00000000     0.01055332   0.00000000
 -0.00214112  -0.00000000     0.01170246   0.00000000    -0.00399219  -0.00000000
  0.00214112   0.00000000    -0.00399219  -0.00000000     0.01170246   0.00000000
    1    9
 -0.02238940   0.00000000    -0.01055332   0.00000000     0.01055332  -0.00000000
 -0.00214112   0.00000000     0.01170246  -0.00000000    -0.00399219   0.00000000
  0.00214112  -0.00000000    -0.00399219   0.00000000     0.01170246  -0.00000000
    1   10
 -0.02238940  -0.00000000    -0.01055332  -0.00000000    -0.01055332  -0.00000000
 -0.00214112  -0.00000000     0.01170246   0.00000000     0.00399219   0.00000000
 -0.00214112  -0.00000000     0.00399219   0.00000000     0.01170246   0.00000000
    1   11
 -0.02238940   0.00000000    -0.01055332   0.00000000    -0.01055332   0.00000000
 -0.00214112   0.00000000     0.01170246  -0.00000000     0.00399219  -0.00000000
 -0.00214112   0.00000000     0.00399219  -0.00000000     0.01170246  -0.00000000
    2    1
  0.00000000   0.00000000     0.00000000   0.00000000    -0.00000000  -0.00000000
 -0.00000000  -0.00000000     0.00000000   0.00000000    -0.01868408  -0.00000000
  0.00000000  -0.00000000    -0.01868408  -0.00000000     0.00000000   0.00000000
    2    2
  0.09723455   0.00000000    -0.00000000   0.00000000     0.00000000   0.00000000
 -0.00000000   0.00000000     0.05796634   0.00000000     0.00000000   0.00000000
 -0.00000000   0.00000000     0.00000000   0.00000000     0.05796634   0.00000000
    2    3
 -0.07283447   0.00000000     0.00000000   0.00000000    -0.00000000   0.00000000
  0.00000000   0.00000000    -0.01107147   0.00000000     0.00000000   0.00000000
  0.00000000   0.00000000     0.00000000   0.00000000    -0.01107147   0.00000000
    2    4
 -0.02549262  -0.00000000     0.02598837   0.00000000     0.02598837   0.00000000
  0.00090497   0.00000000    -0.00285406  -0.00000000     0.01107552   0.00000000
  0.00090497   0.00000000     0.01107552   0.00000000    -0.00285406  -0.00000000
    2    5
  0.02552228  -0.00000000    -0.03055481   0.00000000    -0.03055481   0.00000000
 -0.01917318   0.00000000    -0.01598211   0.00000000    -0.01684873   0.00000000
 -0.01917318   0.00000000    -0.01684873   0.00000000    -0.01598211   0.00000000
    2    6
  0.02549262   0.00000000    -0.02598837  -0.00000000     0.02598837   0.00000000
 -0.00090497  -0.00000000     0.00285406   0.00000000     0.01107552   0.00000000
  0.00090497   0.00000000     0.01107552   0.00000000     0.00285406   0.00000000
    2    7
 -0.02552228   0.00000000     0.03055481  -0.00000000    -0.03055481   0.00000000
  0.01917318  -0.00000000     0.01598211  -0.00000000    -0.01684873   0.00000000
 -0.01917318   0.00000000    -0.01684873   0.00000000     0.01598211  -0.00000000
    2    8
  0.02549262   0.00000000     0.02598837   0.00000000    -0.02598837  -0.00000000
  0.00090497   0.00000000     0.00285406   0.00000000     0.01107552   0.00000000
 -0.00090497  -0.00000000     0.01107552   0.00000000     0.00285406   0.00000000
    2    9
 -0.02552228   0.00000000    -0.03055481   0.00000000     0.03055481  -0.00000000
 -0.01917318   0.00000000     0.01598211  -0.00000000    -0.01684873   0.00000000
  0.01917318  -0.00000000    -0.01684873   0.00000000     0.01598211  -0.00000000
    2   10
 -0.02549262  -0.00000000    -0.02598837  -0.00000000    -0.02598837  -0.00000000
 -0.00090497  -0.00000000    -0.00285406  -0.00000000     0.01107552   0.00000000
 -0.00090497  -0.00000000     0.01107552   0.00000000    -0.00285406  -0.00000000
    2   11
  0.02552228  -0.00000000     0.03055481  -0.00000000     0.03055481  -0.00000000
  0.01917318  -0.00000000    -0.01598211   0.00000000    -0.01684873   0.00000000
  0.01917318  -0.00000000    -0.01684873   0.00000000    -0.01598211   0.00000000
    3    1
 -0.00000000  -0.00000000     0.00000000  -0.00000000     0.00000000  -0.00000000
  0.00000000  -0.00000000    -0.00000000  -0.00000000    -0.01868408  -0.00000000
  0.00000000  -0.00000000    -0.01868408  -0.00000000    -0.00000000  -0.00000000
    3    2
 -0.07283447  -0.00000000    -0.00000000   0.00000000     0.00000000   0.00000000
  0.00000000  -0.00000000    -0.01107147  -0.00000000     0.00000000  -0.00000000
 -0.00000000   0.00000000     0.00000000  -0.00000000    -0.01107147  -0.00000000
    3    3
  0.09723455   0.00000000    -0.00000000   0.00000000     0.00000000   0.00000000
 -0.00000000   0.00000000     0.05796634   0.00000000     0.00000000   0.00000000
  0.00000000   0.00000000     0.00000000   0.00000000     0.05796634   0.00000000
    3    4
  0.02552228   0.00000000    -0.03055481  -0.00000000    -0.03055481  -0.00000000
 -0.01917318  -0.00000000    -0.01598211  -0.00000000    -0.01684873  -0.00000000
 -0.01917318  -0.00000000    -0.01684873  -0.00000000    -0.01598211  -0.00000000
    3    5
 -0.02549262   0.00000000     0.02598837  -0.00000000     0.02598837  -0.00000000
  0.00090497  -0.00000000    -0.00285406   0.00000000     0.01107552  -0.00000000
  0.00090497  -0.00000000     0.01107552  -0.00000000    -0.00285406   0.00000000
    3    6
 -0.02552228  -0.00000000     0.03055481   0.00000000    -0.03055481  -0.00000000
  0.01917318   0.00000000     0.01598211   0.00000000    -0.01684873  -0.00000000
 -0.01917318  -0.00000000    -0.01684873  -0.00000000     0.01598211   0.00000000
    3    7
  0.02549262  -0.00000000    -0.02598837   0.00000000     0.02598837  -0.00000000
 -0.00090497   0.00000000     0.00285406  -0.00000000     0.01107552  -0.00000000
  0.00090497  -0.00000000     0.01107552  -0.00000000     0.00285406  -0.00000000
    3    8
 -0.02552228  -0.00000000    -0.03055481  -0.00000000     0.03055481   0.00000000
 -0.01917318  -0.00000000     0.01598211   0.00000000    -0.01684873  -0.00000000
  0.01917318   0.00000000    -0.01684873  -0.00000000     0.01598211   0.00000000
    3    9
  0.02549262  -0.00000000     0.02598837  -0.00000000    -0.02598837   0.00000000
  0.00090497  -0.00000000     0.00285406  -0.00000000     0.01107552  -0.00000000
 -0.00090497   0.00000000     0.01107552  -0.00000000     0.00285406  -0.00000000
    3   10
  0.02552228   0.00000000     0.03055481   0.00000000     0.03055481   0.00000000
  0.01917318   0.00000000    -0.01598211  -0.00000000    -0.01684873  -0.00000000
  0.01917318   0.00000000    -0.01684873  -0.00000000    -0.01598211  -0.00000000
    3   11
 -0.02549262   0.00000000    -0.02598837   0.00000000    -0.02598837   0.00000000
 -0.00090497   0.00000000    -0.00285406   0.00000000     0.01107552  -0.00000000
 -0.00090497   0.00000000     0.01107552  -0.00000000    -0.00285406   0.00000000
    4    1
 -0.02238940   0.00000000     0.00214112  -0.00000000     0.00214112  -0.00000000
  0.01055332  -0.00000000     0.01170246  -0.00000000     0.00399219  -0.00000000
  0.01055332  -0.00000000     0.00399219  -0.00000000     0.01170246  -0.00000000
    4    2
 -0.02549262   0.00000000     0.00090497  -0.00000000     0.00090497  -0.00000000
  0.02598837  -0.00000000    -0.00285406   0.00000000     0.01107552  -0.00000000
  0.02598837  -0.00000000     0.01107552  -0.00000000    -0.00285406   0.00000000
    4    3
  0.02552228  -0.00000000    -0.01917318   0.00000000    -0.01917318   0.00000000
 -0.03055481   0.00000000    -0.01598211   0.00000000    -0.01684873   0.00000000
 -0.03055481   0.00000000    -0.01684873   0.00000000    -0.01598211   0.00000000
    4    4
  0.07099224   0.00000000    -0.00882027   0.00000000    -0.00882027   0.00000000
 -0.00882027   0.00000000     0.06984208   0.00000000     0.01840112   0.00000000
 -0.00882027   0.00000000     0.01840112   0.00000000     0.06984208   0.00000000
    4    5
 -0.01676677   0.00000000     0.00997449  -0.00000000     0.00997449  -0.00000000
  0.00997449  -0.00000000    -0.02580469   0.00000000    -0.02612587   0.00000000
  0.00997449  -0.00000000    -0.02612587   0.00000000    -0.02580469   0.00000000
    4    6
 -0.01112781  -0.00000000     0.01723605   0.00000000    -0.01499236  -0.00000000
  0.01723605   0.00000000    -0.00031779  -0.00000000     0.00088077   0.00000000
  0.01499236   0.00000000    -0.00088077  -0.00000000     0.01008552   0.00000000
    4    7
  0.01761878  -0.00000000    -0.01851305   0.00000000     0.01408333  -0.00000000
 -0.01851305   0.00000000     0.00083142  -0.00000000     0.00567376  -0.00000000
 -0.01408333   0.00000000    -0.00567376   0.00000000    -0.03727070   0.00000000
    4    8
 -0.01112781  -0.00000000    -0.01499236  -0.00000000     0.01723605   0.00000000
  0.01499236   0.00000000     0.01008552   0.00000000    -0.00088077  -0.00000000
  0.01723605   0.00000000     0.00088077   0.00000000    -0.00031779  -0.00000000
    4    9
  0.01761878  -0.00000000     0.01408333  -0.00000000    -0.01851305   0.00000000
 -0.01408333   0.00000000    -0.03727070   0.00000000    -0.00567376   0.00000000
 -0.01851305   0.00000000     0.00567376  -0.00000000     0.00083142  -0.00000000
    4   10
  0.01603274   0.00000000     0.01947874   0.00000000     0.01947874   0.00000000
 -0.01947874   0.00000000    -0.01448244   0.00000000     0.00683640   0.00000000
 -0.01947874   0.00000000     0.00683640   0.00000000    -0.01448244   0.00000000
    4   11
 -0.04521052   0.00000000    -0.01753020   0.00000000    -0.01753020   0.00000000
  0.01753020  -0.00000000     0.01350857  -0.00000000     0.00848092  -0.00000000
  0.01753020  -0.00000000     0.00848092  -0.00000000     0.01350857  -0.00000000
    5    1
 -0.02238940  -0.00000000     0.00214112   0.00000000     0.00214112   0.00000000
  0.01055332   0.00000000     0.01170246   0.00000000     0.00399219   0.00000000
  0.01055332   0.00000000     0.00399219   0.00000000     0.01170246   0.00000000
    5    2
  0.02552228   0.00000000    -0.01917318  -0.00000000    -0.01917318  -0.00000000
 -0.03055481  -0.00000000    -0.01598211  -0.00000000    -0.01684873  -0.00000000
 -0.03055481  -0.00000000    -0.01684873  -0.00000000    -0.01598211  -0.00000000
    5    3
 -0.02549262  -0.00000000     0.00090497   0.00000000     0.00090497   0.00000000
  0.02598837   0.00000000    -0.00285406  -0.00000000     0.01107552   0.00000000
  0.02598837   0.00000000     0.01107552   0.00000000    -0.00285406  -0.00000000
    5    4
 -0.01676677  -0.00000000     0.00997449   0.00000000     0.00997449   0.00000000
  0.00997449   0.00000000    -0.02580469  -0.00000000    -0.02612587  -0.00000000
  0.00997449   0.00000000    -0.02612587  -0.00000000    -0.02580469  -0.00000000
    5    5
  0.07099224   0.00000000    -0.00882027   0.00000000    -0.00882027   0.00000000
 -0.00882027   0.00000000     0.06984208   0.00000000     0.01840112   0.00000000
 -0.00882027   0.00000000     0.01840112   0.00000000     0.06984208   0.00000000
    5    6
  0.01761878   0.00000000    -0.01851305  -0.00000000     0.01408333   0.00000000
 -0.01851305  -0.00000000     0.00083142   0.00000000     0.00567376   0.00000000
 -0.01408333  -0.00000000    -0.00567376  -0.00000000    -0.03727070  -0.00000000
    5    7
 -0.01112781   0.00000000     0.01723605  -0.00000000    -0.01499236   0.00000000
  0.01723605  -0.00000000    -0.00031779   0.00000000     0.00088077  -0.00000000
  0.01499236  -0.00000000    -0.00088077   0.00000000     0.01008552  -0.00000000
    5    8
  0.01761878   0.00000000     0.01408333   0.00000000    -0.01851305  -0.00000000
 -0.01408333  -0.00000000    -0.03727070  -0.00000000    -0.00567376  -0.00000000
 -0.01851305  -0.00000000     0.00567376   0.00000000     0.00083142   0.00000000
    5    9
 -0.01112781   0.00000000    -0.01499236   0.00000000     0.01723605  -0.00000000
  0.01499236  -0.00000000     0.01008552  -0.00000000    -0.00088077   0.00000000
  0.01723605  -0.00000000     0.00088077  -0.00000000    -0.00031779   0.00000000
    5   10
 -0.04521052  -0.00000000    -0.01753020  -0.00000000    -0.01753020  -0.00000000
  0.01753020   0.00000000     0.01350857   0.00000000     0.00848092   0.00000000
  0.01753020   0.00000000     0.00848092   0.00000000     0.01350857   0.00000000
    5   11
  0.01603274   0.00000000     0.01947874   0.00000000     0.01947874   0.00000000
 -0.01947874   0.00000000    -0.01448244   0.00000000     0.00683640   0.00000000
 -0.01947874   0.00000000     0.00683640   0.00000000    -0.01448244   0.00000000
    6    1
 -0.02238940   0.00000000     0.00214112  -0.00000000    -0.00214112   0.00000000
  0.01055332  -0.00000000     0.01170246  -0.00000000    -0.00399219   0.00000000
 -0.01055332   0.00000000    -0.00399219   0.00000000     0.01170246  -0.00000000
    6    2
  0.02549262  -0.00000000    -0.00090497   0.00000000     0.00090497  -0.00000000
 -0.02598837   0.00000000     0.00285406  -0.00000000     0.01107552  -0.00000000
  0.02598837  -0.00000000     0.01107552  -0.00000000     0.00285406  -0.00000000
    6    3
 -0.02552228   0.00000000     0.01917318  -0.00000000    -0.01917318   0.00000000
  0.03055481  -0.00000000     0.01598211  -0.00000000    -0.01684873   0.00000000
 -0.03055481   0.00000000    -0.01684873   0.00000000     0.01598211  -0.00000000
    6    4
 -0.01112781   0.00000000     0.01723605  -0.00000000     0.01499236  -0.00000000
  0.01723605  -0.00000000    -0.00031779   0.00000000    -0.00088077   0.00000000
 -0.01499236   0.00000000     0.00088077  -0.00000000     0.01008552  -0.00000000
    6    5
  0.01761878  -0.00000000    -0.01851305   0.00000000    -0.01408333   0.00000000
 -0.01851305   0.00000000     0.00083142  -0.00000000    -0.00567376   0.00000000
  0.01408333  -0.00000000     0.00567376  -0.00000000    -0.03727070   0.00000000
    6    6
  0.07099224   0.00000000    -0.00882027   0.00000000     0.00882027   0.00000000
 -0.00882027   0.00000000     0.06984208   0.00000000    -0.01840112   0.00000000
  0.00882027   0.00000000    -0.01840112   0.00000000     0.06984208   0.00000000
    6    7
 -0.01676677   0.00000000     0.00997449  -0.00000000    -0.00997449   0.00000000
  0.00997449  -0.00000000    -0.02580469   0.00000000     0.02612587  -0.00000000
 -0.00997449   0.00000000     0.02612587  -0.00000000    -0.02580469   0.00000000
    6    8
  0.01603274  -0.00000000     0.01947874   0.00000000    -0.01947874  -0.00000000
 -0.01947874   0.00000000    -0.01448244  -0.00000000    -0.00683640   0.00000000
  0.01947874  -0.00000000    -0.00683640   0.00000000    -0.01448244  -0.00000000
    6    9
 -0.04521052   0.00000000    -0.01753020   0.00000000     0.01753020  -0.00000000
  0.01753020  -0.00000000     0.01350857  -0.00000000    -0.00848092   0.00000000
 -0.01753020   0.00000000    -0.00848092   0.00000000     0.01350857  -0.00000000
    6   10
 -0.01112781   0.00000000    -0.01499236   0.00000000    -0.01723605   0.00000000
  0.01499236  -0.00000000     0.01008552  -0.00000000     0.00088077  -0.00000000
 -0.01723605   0.00000000    -0.00088077   0.00000000    -0.00031779   0.00000000
    6   11
  0.01761878  -0.00000000     0.01408333  -0.00000000     0.01851305  -0.00000000
 -0.01408333   0.00000000    -0.03727070   0.00000000     0.00567376  -0.00000000
  0.01851305  -0.00000000    -0.00567376   0.00000000     0.00083142  -0.00000000
    7    1
 -0.02238940  -0.00000000     0.00214112   0.00000000    -0.00214112  -0.00000000
  0.01055332   0.00000000     0.01170246   0.00000000    -0.00399219  -0.00000000
 -0.01055332  -0.00000000    -0.00399219  -0.00000000     0.01170246   0.00000000
    7    2
 -0.02552228  -0.00000000     0.01917318   0.00000000    -0.01917318  -0.00000000
  0.03055481   0.00000000     0.01598211   0.00000000    -0.01684873  -0.00000000
 -0.03055481  -0.00000000    -0.01684873  -0.00000000     0.01598211   0.00000000
    7    3
  0.02549262   0.00000000    -0.00090497  -0.00000000     0.00090497   0.00000000
 -0.02598837  -0.00000000     0.00285406   0.00000000     0.01107552   0.00000000
  0.02598837   0.00000000     0.01107552   0.00000000     0.00285406   0.00000000
    7    4
  0.01761878   0.00000000    -0.01851305  -0.00000000    -0.01408333  -0.00000000
 -0.01851305  -0.00000000     0.00083142   0.00000000    -0.00567376  -0.00000000
  0.01408333   0.00000000     0.00567376   0.00000000    -0.03727070  -0.00000000
    7    5
 -0.01112781  -0.00000000     0.01723605   0.00000000     0.01499236   0.00000000
  0.01723605   0.00000000    -0.00031779  -0.00000000    -0.00088077  -0.00000000
 -0.01499236  -0.00000000     0.00088077   0.00000000     0.01008552   0.00000000
    7    6
 -0.01676677  -0.00000000     0.00997449   0.00000000    -0.00997449  -0.00000000
  0.00997449   0.00000000    -0.02580469  -0.00000000     0.02612587   0.00000000
 -0.00997449  -0.00000000     0.02612587   0.00000000    -0.02580469  -0.00000000
    7    7
  0.07099224   0.00000000    -0.00882027   0.00000000     0.00882027   0.00000000
 -0.00882027   0.00000000     0.06984208   0.00000000    -0.01840112   0.00000000
  0.00882027   0.00000000    -0.01840112   0.00000000     0.06984208   0.00000000
    7    8
 -0.04521052  -0.00000000    -0.01753020  -0.00000000     0.01753020   0.00000000
  0.01753020   0.00000000     0.01350857   0.00000000    -0.00848092  -0.00000000
 -0.01753020  -0.00000000    -0.00848092  -0.00000000     0.01350857   0.00000000
    7    9
  0.01603274   0.00000000     0.01947874  -0.00000000    -0.01947874   0.00000000
 -0.01947874  -0.00000000    -0.01448244   0.00000000    -0.00683640  -0.00000000
  0.01947874   0.00000000    -0.00683640  -0.00000000    -0.01448244   0.00000000
    7   10
  0.01761878   0.00000000     0.01408333   0.00000000     0.01851305   0.00000000
 -0.01408333  -0.00000000    -0.03727070  -0.00000000     0.00567376   0.00000000
  0.01851305   0.00000000    -0.00567376  -0.00000000     0.00083142   0.00000000
    7   11
 -0.01112781  -0.00000000    -0.01499236  -0.00000000    -0.01723605  -0.00000000
  0.01499236   0.00000000     0.01008552   0.00000000     0.00088077   0.00000000
 -0.01723605  -0.00000000    -0.00088077  -0.00000000    -0.00031779  -0.00000000
    8    1
 -0.02238940   0.00000000    -0.00214112   0.00000000     0.00214112  -0.00000000
 -0.01055332   0.00000000     0.01170246  -0.00000000    -0.00399219   0.00000000
  0.01055332  -0.00000000    -0.00399219   0.00000000     0.01170246  -0.00000000
    8    2
  0.02549262  -0.00000000     0.00090497  -0.00000000    -0.00090497   0.00000000
  0.02598837  -0.00000000     0.00285406  -0.00000000     0.01107552  -0.00000000
 -0.02598837   0.00000000     0.01107552  -0.00000000     0.00285406  -0.00000000
    8    3
 -0.02552228   0.00000000    -0.01917318   0.00000000     0.01917318  -0.00000000
 -0.03055481   0.00000000     0.01598211  -0.00000000    -0.01684873   0.00000000
  0.03055481  -0.00000000    -0.01684873   0.00000000     0.01598211  -0.00000000
    8    4
 -0.01112781   0.00000000     0.01499236  -0.00000000     0.01723605  -0.00000000
 -0.01499236   0.00000000     0.01008552  -0.00000000     0.00088077  -0.00000000
  0.01723605  -0.00000000    -0.00088077   0.00000000    -0.00031779   0.00000000
    8    5
  0.01761878  -0.00000000    -0.01408333   0.00000000    -0.01851305   0.00000000
  0.01408333  -0.00000000    -0.03727070   0.00000000     0.00567376  -0.00000000
 -0.01851305   0.00000000    -0.00567376   0.00000000     0.00083142  -0.00000000
    8    6
  0.01603274  -0.00000000    -0.01947874  -0.00000000     0.01947874   0.00000000
  0.01947874  -0.00000000    -0.01448244  -0.00000000    -0.00683640   0.00000000
 -0.01947874   0.00000000    -0.00683640   0.00000000    -0.01448244  -0.00000000
    8    7
 -0.04521052   0.00000000     0.01753020  -0.00000000    -0.01753020   0.00000000
 -0.01753020   0.00000000     0.01350857  -0.00000000    -0.00848092   0.00000000
  0.01753020  -0.00000000    -0.00848092   0.00000000     0.01350857  -0.00000000
    8    8
  0.07099224   0.00000000     0.00882027   0.00000000    -0.00882027   0.00000000
  0.00882027   0.00000000     0.06984208   0.00000000    -0.01840112   0.00000000
 -0.00882027   0.00000000    -0.01840112   0.00000000     0.06984208   0.00000000
    8    9
 -0.01676677   0.00000000    -0.00997449   0.00000000     0.00997449  -0.00000000
 -0.00997449   0.00000000    -0.02580469   0.00000000     0.02612587  -0.00000000
  0.00997449  -0.00000000     0.02612587  -0.00000000    -0.02580469   0.00000000
    8   10
 -0.01112781   0.00000000    -0.01723605   0.00000000    -0.01499236   0.00000000
 -0.01723605   0.00000000    -0.00031779   0.00000000    -0.00088077   0.00000000
  0.01499236  -0.00000000     0.00088077  -0.00000000     0.01008552  -0.00000000
    8   11
  0.01761878  -0.00000000     0.01851305  -0.00000000     0.01408333  -0.00000000
  0.01851305  -0.00000000     0.00083142  -0.00000000    -0.00567376   0.00000000
 -0.01408333   0.00000000     0.00567376  -0.00000000    -0.03727070   0.00000000
    9    1
 -0.02238940  -0.00000000    -0.00214112  -0.00000000     0.00214112   0.00000000
 -0.01055332  -0.00000000     0.01170246   0.00000000    -0.00399219  -0.00000000
  0.01055332   0.00000000    -0.00399219  -0.00000000     0.01170246   0.00000000
    9    2
 -0.02552228  -0.00000000    -0.01917318  -0.00000000     0.01917318   0.00000000
 -0.03055481  -0.00000000     0.01598211   0.00000000    -0.01684873  -0.00000000
  0.03055481   0.00000000    -0.01684873  -0.00000000     0.01598211   0.00000000
    9    3
  0.02549262   0.00000000     0.00090497   0.00000000    -0.00090497  -0.00000000
  0.02598837   0.00000000     0.00285406   0.00000000     0.01107552   0.00000000
 -0.02598837  -0.00000000     0.01107552   0.00000000     0.00285406   0.00000000
    9    4
  0.01761878   0.00000000    -0.01408333  -0.00000000    -0.01851305  -0.00000000
  0.01408333   0.00000000    -0.03727070  -0.00000000     0.00567376   0.00000000
 -0.01851305  -0.00000000    -0.00567376  -0.00000000     0.00083142   0.00000000
    9    5
 -0.01112781  -0.00000000     0.01499236   0.00000000     0.01723605   0.00000000
 -0.01499236  -0.00000000     0.01008552   0.00000000     0.00088077   0.00000000
  0.01723605   0.00000000    -0.00088077  -0.00000000    -0.00031779  -0.00000000
    9    6
 -0.04521052  -0.00000000     0.01753020   0.00000000    -0.01753020  -0.00000000
 -0.01753020  -0.00000000     0.01350857   0.00000000    -0.00848092  -0.00000000
  0.01753020   0.00000000    -0.00848092  -0.00000000     0.01350857   0.00000000
    9    7
  0.01603274   0.00000000    -0.01947874   0.00000000     0.01947874  -0.00000000
  0.01947874   0.00000000    -0.01448244   0.00000000    -0.00683640  -0.00000000
 -0.01947874  -0.00000000    -0.00683640  -0.00000000    -0.01448244   0.00000000
    9    8
 -0.01676677  -0.00000000    -0.00997449  -0.00000000     0.00997449   0.00000000
 -0.00997449  -0.00000000    -0.02580469  -0.00000000     0.02612587   0.00000000
  0.00997449   0.00000000     0.02612587   0.00000000    -0.02580469  -0.00000000
    9    9
  0.07099224   0.00000000     0.00882027   0.00000000    -0.00882027   0.00000000
  0.00882027   0.00000000     0.06984208   0.00000000    -0.01840112   0.00000000
 -0.00882027   0.00000000    -0.01840112   0.00000000     0.06984208   0.00000000
    9   10
  0.01761878   0.00000000     0.01851305   0.00000000     0.01408333   0.00000000
  0.01851305   0.00000000     0.00083142   0.00000000    -0.00567376  -0.00000000
 -0.01408333  -0.00000000     0.00567376   0.00000000    -0.03727070  -0.00000000
    9   11
 -0.01112781  -0.00000000    -0.01723605  -0.00000000    -0.01499236  -0.00000000
 -0.01723605  -0.00000000    -0.00031779  -0.00000000    -0.00088077  -0.00000000
  0.01499236   0.00000000     0.00088077   0.00000000     0.01008552   0.00000000
   10    1
 -0.02238940   0.00000000    -0.00214112   0.00000000    -0.00214112   0.00000000
 -0.01055332   0.00000000     0.01170246  -0.00000000     0.00399219  -0.00000000
 -0.01055332   0.00000000     0.00399219  -0.00000000     0.01170246  -0.00000000
   10    2
 -0.02549262   0.00000000    -0.00090497   0.00000000    -0.00090497   0.00000000
 -0.02598837   0.00000000    -0.00285406   0.00000000     0.01107552  -0.00000000
 -0.02598837   0.00000000     0.01107552  -0.00000000    -0.00285406   0.00000000
   10    3
  0.02552228  -0.00000000     0.01917318  -0.00000000     0.01917318  -0.00000000
  0.03055481  -0.00000000    -0.01598211   0.00000000    -0.01684873   0.00000000
  0.03055481  -0.00000000    -0.01684873   0.00000000    -0.01598211   0.00000000
   10    4
  0.01603274   0.00000000    -0.01947874   0.00000000    -0.01947874   0.00000000
  0.01947874   0.00000000    -0.01448244   0.00000000     0.00683640   0.00000000
  0.01947874   0.00000000     0.00683640   0.00000000    -0.01448244   0.00000000
   10    5
 -0.04521052   0.00000000     0.01753020  -0.00000000     0.01753020  -0.00000000
 -0.01753020   0.00000000     0.01350857  -0.00000000     0.00848092  -0.00000000
 -0.01753020   0.00000000     0.00848092  -0.00000000     0.01350857  -0.00000000
   10    6
 -0.01112781  -0.00000000     0.01499236   0.00000000    -0.01723605  -0.00000000
 -0.01499236  -0.00000000     0.01008552   0.00000000    -0.00088077  -0.00000000
 -0.01723605  -0.00000000     0.00088077   0.00000000    -0.00031779  -0.00000000
   10    7
  0.01761878  -0.00000000    -0.01408333   0.00000000     0.01851305  -0.00000000
  0.01408333  -0.00000000    -0.03727070   0.00000000    -0.00567376   0.00000000
  0.01851305  -0.00000000     0.00567376  -0.00000000     0.00083142  -0.00000000
   10    8
 -0.01112781  -0.00000000    -0.01723605  -0.00000000     0.01499236   0.00000000
 -0.01723605  -0.00000000    -0.00031779  -0.00000000     0.00088077   0.00000000
 -0.01499236  -0.00000000    -0.00088077  -0.00000000     0.01008552   0.00000000
   10    9
  0.01761878  -0.00000000     0.01851305  -0.00000000    -0.01408333   0.00000000
  0.01851305  -0.00000000     0.00083142  -0.00000000     0.00567376  -0.00000000
  0.01408333  -0.00000000    -0.00567376   0.00000000    -0.03727070   0.00000000
   10   10
  0.07099224   0.00000000     0.00882027   0.00000000     0.00882027   0.00000000
  0.00882027   0.00000000     0.06984208   0.00000000     0.01840112   0.00000000
  0.00882027   0.00000000     0.01840112   0.00000000     0.06984208   0.00000000
   10   11
 -0.01676677   0.00000000    -0.00997449   0.00000000    -0.00997449   0.00000000
 -0.00997449   0.00000000    -0.02580469   0.00000000    -0.02612587   0.00000000
 -0.00997449   0.00000000    -0.02612587   0.00000000    -0.02580469   0.00000000
   11    1
 -0.02238940  -0.00000000    -0.00214112  -0.00000000    -0.00214112  -0.00000000
 -0.01055332  -0.00000000     0.01170246   0.00000000     0.00399219   0.00000000
 -0.01055332  -0.00000000     0.00399219   0.00000000     0.01170246   0.00000000
   11    2
  0.02552228   0.00000000     0.01917318   0.00000000     0.01917318   0.00000000
  0.03055481   0.00000000    -0.01598211  -0.00000000    -0.01684873  -0.00000000
  0.03055481   0.00000000    -0.01684873  -0.00000000    -0.01598211  -0.00000000
   11    3
 -0.02549262  -0.00000000    -0.00090497  -0.00000000    -0.00090497  -0.00000000
 -0.02598837  -0.00000000    -0.00285406  -0.00000000     0.01107552   0.00000000
 -0.02598837  -0.00000000     0.01107552   0.00000000    -0.00285406  -0.00000000
   11    4
 -0.04521052  -0.00000000     0.01753020   0.00000000     0.01753020   0.00000000
 -0.01753020  -0.00000000     0.01350857   0.00000000     0.00848092   0.00000000
 -0.01753020  -0.00000000     0.00848092   0.00000000     0.01350857   0.00000000
   11    5
  0.01603274   0.00000000    -0.01947874   0.00000000    -0.01947874   0.00000000
  0.01947874   0.00000000    -0.01448244   0.00000000     0.00683640   0.00000000
  0.01947874   0.00000000     0.00683640   0.00000000    -0.01448244   0.00000000
   11    6
  0.01761878   0.00000000    -0.01408333  -0.00000000     0.01851305   0.00000000
  0.01408333   0.00000000    -0.03727070  -0.00000000    -0.00567376  -0.00000000
  0.01851305   0.00000000     0.00567376   0.00000000     0.00083142   0.00000000
   11    7
 -0.01112781   0.00000000     0.01499236  -0.00000000    -0.01723605   0.00000000
 -0.01499236   0.00000000     0.01008552  -0.00000000    -0.00088077   0.00000000
 -0.01723605   0.00000000     0.00088077  -0.00000000    -0.00031779   0.00000000
   11    8
  0.01761878   0.00000000     0.01851305   0.00000000    -0.01408333  -0.00000000
  0.01851305   0.00000000     0.00083142   0.00000000     0.00567376   0.00000000
  0.01408333   0.00000000    -0.00567376  -0.00000000    -0.03727070  -0.00000000
   11    9
 -0.01112781   0.00000000    -0.01723605   0.00000000     0.01499236  -0.00000000
 -0.01723605   0.00000000    -0.00031779   0.00000000     0.00088077  -0.00000000
 -0.01499236   0.00000000    -0.00088077   0.00000000     0.01008552  -0.00000000
   11   10
 -0.01676677  -0.00000000    -0.00997449  -0.00000000    -0.00997449  -0.00000000
 -0.00997449  -0.00000000    -0.02580469  -0.00000000    -0.02612587  -0.00000000
 -0.00997449  -0.00000000    -0.02612587  -0.00000000    -0.02580469  -0.00000000
   11   11
  0.07099224   0.00000000     0.00882027   0.00000000     0.00882027   0.00000000
  0.00882027   0.00000000     0.06984208   0.00000000     0.01840112   0.00000000
  0.00882027   0.00000000     0.01840112   0.00000000     0.06984208   0.00000000

     Dynamical  Matrix in cartesian axes

     q = (    0.000000000   0.000000000  -0.707106781 ) 

    1    1
  0.16161176   0.00000000     0.00000000   0.00000000     0.00000000   0.00000000
  0.00000000   0.00000000     0.16161176   0.00000000     0.00000000   0.00000000
  0.00000000   0.00000000     0.00000000   0.00000000     0.20779671   0.00000000
    1    2
 -0.00000000  -0.00000000    -0.01868408   0.00000000    -0.00000000   0.00000000
 -0.01868408   0.00000000    -0.00000000  -0.00000000     0.00000000   0.00000000
  0.00000000   0.00000000    -0.00000000   0.00000000     0.00000000  -0.00000000
    1    3
 -0.00000000   0.00000000    -0.01868408   0.00000000     0.00000000   0.00000000
 -0.01868408   0.00000000     0.00000000   0.00000000     0.00000000   0.00000000
  0.00000000   0.00000000    -0.00000000   0.00000000    -0.00000000   0.00000000
    1    4
  0.01170246   0.00000000     0.00399219   0.00000000     0.00214112   0.00000000
  0.00399219   0.00000000     0.01170246   0.00000000     0.00214112   0.00000000
  0.01055332   0.00000000     0.01055332   0.00000000    -0.02238940  -0.00000000
    1    5
  0.01170246  -0.00000000     0.00399219  -0.00000000     0.00214112  -0.00000000
  0.00399219  -0.00000000     0.01170246  -0.00000000     0.00214112  -0.00000000
  0.01055332  -0.00000000     0.01055332  -0.00000000    -0.02238940   0.00000000
    1    6
  0.01170246   0.00000000     0.00399219   0.00000000    -0.00214112  -0.00000000
  0.00399219   0.00000000     0.01170246   0.00000000    -0.00214112  -0.00000000
 -0.01055332  -0.00000000    -0.01055332  -0.00000000    -0.02238940  -0.00000000
    1    7
  0.01170246  -0.00000000     0.00399219  -0.00000000    -0.00214112   0.00000000
  0.00399219  -0.00000000     0.01170246  -0.00000000    -0.00214112   0.00000000
 -0.01055332   0.00000000    -0.01055332   0.00000000    -0.02238940   0.00000000
    1    8
  0.01170246   0.00000000    -0.00399219  -0.00000000     0.00214112   0.00000000
 -0.00399219  -0.00000000     0.01170246   0.00000000    -0.00214112  -0.00000000
  0.01055332   0.00000000    -0.01055332  -0.00000000    -0.02238940  -0.00000000
    1    9
  0.01170246  -0.00000000    -0.00399219   0.00000000     0.00214112  -0.00000000
 -0.00399219   0.00000000     0.01170246  -0.00000000    -0.00214112   0.00000000
  0.01055332  -0.00000000    -0.01055332   0.00000000    -0.02238940   0.00000000
    1   10
  0.01170246   0.00000000    -0.00399219  -0.00000000    -0.00214112  -0.00000000
 -0.00399219  -0.00000000     0.01170246   0.00000000     0.00214112   0.00000000
 -0.01055332  -0.00000000     0.01055332   0.00000000    -0.02238940  -0.00000000
    1   11
  0.01170246  -0.00000000    -0.00399219   0.00000000    -0.00214112   0.00000000
 -0.00399219   0.00000000     0.01170246  -0.00000000     0.00214112  -0.00000000
 -0.01055332   0.00000000     0.01055332  -0.00000000    -0.02238940   0.00000000
    2    1
 -0.00000000   0.00000000    -0.01868408  -0.00000000     0.00000000   0.00000000
 -0.01868408  -0.00000000     0.00000000   0.00000000    -0.00000000   0.00000000
 -0.00000000   0.00000000     0.00000000  -0.00000000     0.00000000   0.00000000
    2    2
  0.05796634   0.00000000     0.00000000   0.00000000    -0.00000000   0.00000000
  0.00000000   0.00000000     0.05796634   0.00000000     0.00000000   0.00000000
 -0.00000000   0.00000000     0.00000000   0.00000000     0.09723455   0.00000000
    2    3
 -0.01107147   0.00000000     0.00000000   0.00000000     0.00000000  -0.00000000
  0.00000000   0.00000000    -0.01107147   0.00000000    -0.00000000   0.00000000
  0.00000000   0.00000000     0.00000000  -0.00000000    -0.07283447   0.00000000
    2    4
 -0.00285406  -0.00000000     0.01107552   0.00000000     0.00090497   0.00000000
  0.01107552   0.00000000    -0.00285406  -0.00000000     0.00090497   0.00000000
  0.02598837   0.00000000     0.02598837   0.00000000    -0.02549262  -0.00000000
    2    5
 -0.01598211   0.00000000    -0.01684873   0.00000000    -0.01917318   0.00000000
 -0.01684873   0.00000000    -0.01598211   0.00000000    -0.01917318   0.00000000
 -0.03055481   0.00000000    -0.03055481   0.00000000     0.02552228  -0.00000000
    2    6
 -0.00285406  -0.00000000     0.01107552   0.00000000    -0.00090497  -0.00000000
  0.01107552   0.00000000    -0.00285406  -0.00000000    -0.00090497  -0.00000000
 -0.02598837  -0.00000000    -0.02598837  -0.00000000    -0.02549262  -0.00000000
    2    7
 -0.01598211   0.00000000    -0.01684873   0.00000000     0.01917318  -0.00000000
 -0.01684873   0.00000000    -0.01598211   0.00000000     0.01917318  -0.00000000
  0.03055481  -0.00000000     0.03055481  -0.00000000     0.02552228  -0.00000000
    2    8
  0.00285406   0.00000000     0.01107552   0.00000000    -0.00090497  -0.00000000
  0.01107552   0.00000000     0.00285406   0.00000000     0.00090497   0.00000000
 -0.02598837  -0.00000000     0.02598837   0.00000000     0.02549262   0.00000000
    2    9
  0.01598211  -0.00000000    -0.01684873   0.00000000     0.01917318  -0.00000000
 -0.01684873   0.00000000     0.01598211  -0.00000000    -0.01917318   0.00000000
  0.03055481  -0.00000000    -0.03055481   0.00000000    -0.02552228   0.00000000
    2   10
  0.00285406   0.00000000     0.01107552   0.00000000     0.00090497   0.00000000
  0.01107552   0.00000000     0.00285406   0.00000000    -0.00090497  -0.00000000
  0.02598837   0.00000000    -0.02598837  -0.00000000     0.02549262   0.00000000
    2   11
  0.01598211  -0.00000000    -0.01684873   0.00000000    -0.01917318   0.00000000
 -0.01684873   0.00000000     0.01598211  -0.00000000     0.01917318  -0.00000000
 -0.03055481   0.00000000     0.03055481  -0.00000000    -0.02552228   0.00000000
    3    1
 -0.00000000  -0.00000000    -0.01868408  -0.00000000     0.00000000  -0.00000000
 -0.01868408  -0.00000000     0.00000000  -0.00000000     0.00000000   0.00000000
  0.00000000   0.00000000     0.00000000  -0.00000000     0.00000000  -0.00000000
    3    2
 -0.01107147  -0.00000000     0.00000000  -0.00000000     0.00000000  -0.00000000
  0.00000000  -0.00000000    -0.01107147  -0.00000000    -0.00000000   0.00000000
  0.00000000   0.00000000    -0.00000000   0.00000000    -0.07283447  -0.00000000
    3    3
  0.05796634   0.00000000     0.00000000   0.00000000     0.00000000   0.00000000
  0.00000000   0.00000000     0.05796634   0.00000000    -0.00000000   0.00000000
  0.00000000   0.00000000     0.00000000   0.00000000     0.09723455   0.00000000
    3    4
 -0.01598211  -0.00000000    -0.01684873  -0.00000000    -0.01917318  -0.00000000
 -0.01684873  -0.00000000    -0.01598211  -0.00000000    -0.01917318  -0.00000000
 -0.03055481  -0.00000000    -0.03055481  -0.00000000     0.02552228   0.00000000
    3    5
 -0.00285406   0.00000000     0.01107552  -0.00000000     0.00090497  -0.00000000
  0.01107552  -0.00000000    -0.00285406   0.00000000     0.00090497  -0.00000000
  0.02598837  -0.00000000     0.02598837  -0.00000000    -0.02549262   0.00000000
    3    6
 -0.01598211  -0.00000000    -0.01684873  -0.00000000     0.01917318   0.00000000
 -0.01684873  -0.00000000    -0.01598211  -0.00000000     0.01917318   0.00000000
  0.03055481   0.00000000     0.03055481   0.00000000     0.02552228   0.00000000
    3    7
 -0.00285406   0.00000000     0.01107552  -0.00000000    -0.00090497   0.00000000
  0.01107552  -0.00000000    -0.00285406   0.00000000    -0.00090497   0.00000000
 -0.02598837   0.00000000    -0.02598837   0.00000000    -0.02549262   0.00000000
    3    8
  0.01598211   0.00000000    -0.01684873  -0.00000000     0.01917318   0.00000000
 -0.01684873  -0.00000000     0.01598211   0.00000000    -0.01917318  -0.00000000
  0.03055481   0.00000000    -0.03055481  -0.00000000    -0.02552228  -0.00000000
    3    9
  0.00285406  -0.00000000     0.01107552  -0.00000000    -0.00090497   0.00000000
  0.01107552  -0.00000000     0.00285406  -0.00000000     0.00090497  -0.00000000
 -0.02598837   0.00000000     0.02598837  -0.00000000     0.02549262  -0.00000000
    3   10
  0.01598211   0.00000000    -0.01684873  -0.00000000    -0.01917318  -0.00000000
 -0.01684873  -0.00000000     0.01598211   0.00000000     0.01917318   0.00000000
 -0.03055481  -0.00000000     0.03055481   0.00000000    -0.02552228  -0.00000000
    3   11
  0.00285406  -0.00000000     0.01107552  -0.00000000     0.00090497  -0.00000000
  0.01107552  -0.00000000     0.00285406  -0.00000000    -0.00090497   0.00000000
  0.02598837  -0.00000000    -0.02598837   0.00000000     0.02549262  -0.00000000
    4    1
  0.01170246  -0.00000000     0.00399219  -0.00000000     0.01055332  -0.00000000
