  5.000000000000000E-002   1.50343188071530        5.40870528051367     
           8

     Dynamical  Matrix in cartesian axes

     q = (    0.235702260   0.235702260  -0.235702260 ) 

    1    1
  0.20921269   0.00000000     0.06239591   0.00000000    -0.06239591   0.00000000
  0.06239591   0.00000000     0.20921269   0.00000000    -0.06239591   0.00000000
 -0.06239591   0.00000000    -0.06239591   0.00000000     0.20921269   0.00000000
    1    2
  0.00013051   0.01864486     0.02607471   0.00127888    -0.02607471  -0.00127888
  0.02607471   0.00127888     0.00013051   0.01864486    -0.02607471  -0.00127888
 -0.02607471  -0.00127888    -0.02607471  -0.00127888     0.00013051   0.01864486
    1    3
 -0.01621218   0.00920940    -0.01414490  -0.02194192     0.01414490   0.02194192
 -0.01414490  -0.02194192    -0.01621218   0.00920940     0.01414490   0.02194192
  0.01414490   0.02194192     0.01414490   0.02194192    -0.01621218   0.00920940
    1    4
  0.03187926   0.02023407     0.00844074  -0.00899187    -0.00677703  -0.00887726
  0.00844074  -0.00899187     0.03187926   0.02023407    -0.00677703  -0.00887726
  0.00059582  -0.01811363     0.00059582  -0.01811363    -0.03085901  -0.01044661
    1    5
 -0.03346285  -0.01749121     0.00356681  -0.01180583     0.01107645   0.00143045
  0.00356681  -0.01180583    -0.03346285  -0.01749121     0.01107645   0.00143045
  0.01538895  -0.00957281     0.01538895  -0.00957281     0.02447654   0.02150138
    1    6
 -0.03177838  -0.01229418     0.00653302   0.00699686    -0.00653302  -0.00699686
  0.00653302   0.00699686    -0.03177838  -0.01229418    -0.00653302  -0.00699686
 -0.00653302  -0.00699686    -0.00653302  -0.00699686    -0.03177838  -0.01229418
    1    7
  0.02653626   0.02137379    -0.00932596  -0.00215933     0.00932596   0.00215933
 -0.00932596  -0.00215933     0.02653626   0.02137379     0.00932596   0.00215933
  0.00932596   0.00215933     0.00932596   0.00215933     0.02653626   0.02137379
    1    8
 -0.03085901  -0.01044661    -0.00059582   0.01811363     0.00059582  -0.01811363
  0.00677703   0.00887726     0.03187926   0.02023407    -0.00844074   0.00899187
 -0.00677703  -0.00887726    -0.00844074   0.00899187     0.03187926   0.02023407
    1    9
  0.02447654   0.02150138    -0.01538895   0.00957281     0.01538895  -0.00957281
 -0.01107645  -0.00143045    -0.03346285  -0.01749121    -0.00356681   0.01180583
  0.01107645   0.00143045    -0.00356681   0.01180583    -0.03346285  -0.01749121
    1   10
  0.03187926   0.02023407     0.00677703   0.00887726    -0.00844074   0.00899187
 -0.00059582   0.01811363    -0.03085901  -0.01044661     0.00059582  -0.01811363
 -0.00844074   0.00899187    -0.00677703  -0.00887726     0.03187926   0.02023407
    1   11
 -0.03346285  -0.01749121    -0.01107645  -0.00143045    -0.00356681   0.01180583
 -0.01538895   0.00957281     0.02447654   0.02150138     0.01538895  -0.00957281
 -0.00356681   0.01180583     0.01107645   0.00143045    -0.03346285  -0.01749121
    2    1
  0.00013051  -0.01864486     0.02607471  -0.00127888    -0.02607471   0.00127888
  0.02607471  -0.00127888     0.00013051  -0.01864486    -0.02607471   0.00127888
 -0.02607471   0.00127888    -0.02607471   0.00127888     0.00013051  -0.01864486
    2    2
  0.06675628  -0.00000000     0.00059592   0.00000000    -0.00059592  -0.00000000
  0.00059592   0.00000000     0.06675628  -0.00000000    -0.00059592  -0.00000000
 -0.00059592  -0.00000000    -0.00059592  -0.00000000     0.06675628  -0.00000000
    2    3
 -0.00421078   0.00123023    -0.00022976   0.00041266     0.00022976  -0.00041266
 -0.00022976   0.00041266    -0.00421078   0.00123023     0.00022976  -0.00041266
  0.00022976  -0.00041266     0.00022976  -0.00041266    -0.00421078   0.00123023
    2    4
  0.01350696  -0.00183906     0.00076551  -0.00026064     0.00219136   0.00639858
  0.00076551  -0.00026064     0.01350696  -0.00183906     0.00219136   0.00639858
 -0.00157659   0.00079306    -0.00157659   0.00079306     0.00750679   0.00822287
    2    5
 -0.01748375   0.00252217    -0.01266136  -0.00059638    -0.01427166  -0.00352411
 -0.01266136  -0.00059638    -0.01748375   0.00252217    -0.01427166  -0.00352411
 -0.02054852   0.00116571    -0.02054852   0.00116571    -0.02015282  -0.00233423
    2    6
  0.00746486  -0.00208126     0.00081330  -0.00413319    -0.00081330   0.00413319
  0.00081330  -0.00413319     0.00746486  -0.00208126    -0.00081330   0.00413319
 -0.00081330   0.00413319    -0.00081330   0.00413319     0.00746486  -0.00208126
    2    7
  0.00444307   0.00998727     0.00710623   0.02125089    -0.00710623  -0.02125089
  0.00710623   0.02125089     0.00444307   0.00998727    -0.00710623  -0.02125089
 -0.00710623  -0.02125089    -0.00710623  -0.02125089     0.00444307   0.00998727
    2    8
  0.00750679   0.00822287     0.00157659  -0.00079306    -0.00157659   0.00079306
 -0.00219136  -0.00639858     0.01350696  -0.00183906    -0.00076551   0.00026064
  0.00219136   0.00639858    -0.00076551   0.00026064     0.01350696  -0.00183906
    2    9
 -0.02015282  -0.00233423     0.02054852  -0.00116571    -0.02054852   0.00116571
  0.01427166   0.00352411    -0.01748375   0.00252217     0.01266136   0.00059638
 -0.01427166  -0.00352411     0.01266136   0.00059638    -0.01748375   0.00252217
    2   10
  0.01350696  -0.00183906    -0.00219136  -0.00639858    -0.00076551   0.00026064
  0.00157659  -0.00079306     0.00750679   0.00822287    -0.00157659   0.00079306
 -0.00076551   0.00026064     0.00219136   0.00639858     0.01350696  -0.00183906
    2   11
 -0.01748375   0.00252217     0.01427166   0.00352411     0.01266136   0.00059638
  0.02054852  -0.00116571    -0.02015282  -0.00233423    -0.02054852   0.00116571
  0.01266136   0.00059638    -0.01427166  -0.00352411    -0.01748375   0.00252217
    3    1
 -0.01621218  -0.00920940    -0.01414490   0.02194192     0.01414490  -0.02194192
 -0.01414490   0.02194192    -0.01621218  -0.00920940     0.01414490  -0.02194192
  0.01414490  -0.02194192     0.01414490  -0.02194192    -0.01621218  -0.00920940
    3    2
 -0.00421078  -0.00123023    -0.00022976  -0.00041266     0.00022976   0.00041266
 -0.00022976  -0.00041266    -0.00421078  -0.00123023     0.00022976   0.00041266
  0.00022976   0.00041266     0.00022976   0.00041266    -0.00421078  -0.00123023
    3    3
  0.06675628   0.00000000     0.00059592  -0.00000000    -0.00059592   0.00000000
  0.00059592  -0.00000000     0.06675628   0.00000000    -0.00059592   0.00000000
 -0.00059592   0.00000000    -0.00059592   0.00000000     0.06675628   0.00000000
    3    4
 -0.01748375  -0.00252217    -0.01266136   0.00059638    -0.01427166   0.00352411
 -0.01266136   0.00059638    -0.01748375  -0.00252217    -0.01427166   0.00352411
 -0.02054852  -0.00116571    -0.02054852  -0.00116571    -0.02015282   0.00233423
    3    5
  0.01350696   0.00183906     0.00076551   0.00026064     0.00219136  -0.00639858
  0.00076551   0.00026064     0.01350696   0.00183906     0.00219136  -0.00639858
 -0.00157659  -0.00079306    -0.00157659  -0.00079306     0.00750679  -0.00822287
    3    6
  0.00444307  -0.00998727     0.00710623  -0.02125089    -0.00710623   0.02125089
  0.00710623  -0.02125089     0.00444307  -0.00998727    -0.00710623   0.02125089
 -0.00710623   0.02125089    -0.00710623   0.02125089     0.00444307  -0.00998727
    3    7
  0.00746486   0.00208126     0.00081330   0.00413319    -0.00081330  -0.00413319
  0.00081330   0.00413319     0.00746486   0.00208126    -0.00081330  -0.00413319
 -0.00081330  -0.00413319    -0.00081330  -0.00413319     0.00746486   0.00208126
    3    8
 -0.02015282   0.00233423     0.02054852   0.00116571    -0.02054852  -0.00116571
  0.01427166  -0.00352411    -0.01748375  -0.00252217     0.01266136  -0.00059638
 -0.01427166   0.00352411     0.01266136  -0.00059638    -0.01748375  -0.00252217
    3    9
  0.00750679  -0.00822287     0.00157659   0.00079306    -0.00157659  -0.00079306
 -0.00219136   0.00639858     0.01350696   0.00183906    -0.00076551  -0.00026064
  0.00219136  -0.00639858    -0.00076551  -0.00026064     0.01350696   0.00183906
    3   10
 -0.01748375  -0.00252217     0.01427166  -0.00352411     0.01266136  -0.00059638
  0.02054852   0.00116571    -0.02015282   0.00233423    -0.02054852  -0.00116571
  0.01266136  -0.00059638    -0.01427166   0.00352411    -0.01748375  -0.00252217
    3   11
  0.01350696   0.00183906    -0.00219136   0.00639858    -0.00076551  -0.00026064
  0.00157659   0.00079306     0.00750679  -0.00822287    -0.00157659  -0.00079306
 -0.00076551  -0.00026064     0.00219136  -0.00639858     0.01350696   0.00183906
    4    1
  0.03187926  -0.02023407     0.00844074   0.00899187     0.00059582   0.01811363
  0.00844074   0.00899187     0.03187926  -0.02023407     0.00059582   0.01811363
 -0.00677703   0.00887726    -0.00677703   0.00887726    -0.03085901   0.01044661
    4    2
  0.01350696   0.00183906     0.00076551   0.00026064    -0.00157659  -0.00079306
  0.00076551   0.00026064     0.01350696   0.00183906    -0.00157659  -0.00079306
  0.00219136  -0.00639858     0.00219136  -0.00639858     0.00750679  -0.00822287
    4    3
 -0.01748375   0.00252217    -0.01266136  -0.00059638    -0.02054852   0.00116571
 -0.01266136  -0.00059638    -0.01748375   0.00252217    -0.02054852   0.00116571
 -0.01427166  -0.00352411    -0.01427166  -0.00352411    -0.02015282  -0.00233423
    4    4
  0.06965395  -0.00000000     0.00346474  -0.00000000    -0.00327720   0.00299678
  0.00346474   0.00000000     0.06965395  -0.00000000    -0.00327720   0.00299678
 -0.00327720  -0.00299678    -0.00327720  -0.00299678     0.05600209   0.00000000
    4    5
 -0.01409752  -0.00003413    -0.00752899  -0.00310805    -0.00515526   0.01002129
 -0.00752899  -0.00310805    -0.01409752  -0.00003413    -0.00515526   0.01002129
 -0.00515526   0.01002129    -0.00515526   0.01002129    -0.01013894   0.00726619
    4    6
 -0.00918910   0.00241300     0.01506157  -0.00182343    -0.00878230  -0.00709660
  0.01506157  -0.00182343    -0.00918910   0.00241300    -0.00878230  -0.00709660
 -0.00100508  -0.00430879    -0.00100508  -0.00430879     0.00991748   0.00473621
    4    7
  0.00614158   0.00289545    -0.00596487   0.00268080     0.01368750  -0.00141760
 -0.00596487   0.00268080     0.00614158   0.00289545     0.01368750  -0.00141760
 -0.00798084   0.00218459    -0.00798084   0.00218459    -0.03258303  -0.00394716
    4    8
  0.00172946  -0.00069071    -0.00275794   0.00199751     0.01692433  -0.00000000
  0.00519985  -0.00491134     0.01527967  -0.00000000     0.00275794   0.00199751
  0.01249723  -0.00000000    -0.00519985  -0.00491134     0.00172946   0.00069071
    4    9
  0.00608676   0.00103456     0.01184823  -0.00217190    -0.01264932   0.00262717
 -0.00638983  -0.00316071    -0.04558046  -0.00183425    -0.01184823   0.00217190
 -0.01157556   0.00765446     0.00638983   0.00316071     0.00608676   0.00103456
    4   10
  0.01527967  -0.00000000     0.00519985  -0.00491134     0.00275794   0.00199751
 -0.00275794   0.00199751     0.00172946  -0.00069071     0.01692433  -0.00000000
 -0.00519985  -0.00491134     0.01249723   0.00000000     0.00172946   0.00069071
    4   11
 -0.04558046  -0.00183425    -0.00638983  -0.00316071    -0.01184823   0.00217190
  0.01184823  -0.00217190     0.00608676   0.00103456    -0.01264932   0.00262717
  0.00638983   0.00316071    -0.01157556   0.00765446     0.00608676   0.00103456
    5    1
 -0.03346285   0.01749121     0.00356681   0.01180583     0.01538895   0.00957281
  0.00356681   0.01180583    -0.03346285   0.01749121     0.01538895   0.00957281
  0.01107645  -0.00143045     0.01107645  -0.00143045     0.02447654  -0.02150138
    5    2
 -0.01748375  -0.00252217    -0.01266136   0.00059638    -0.02054852  -0.00116571
 -0.01266136   0.00059638    -0.01748375  -0.00252217    -0.02054852  -0.00116571
 -0.01427166   0.00352411    -0.01427166   0.00352411    -0.02015282   0.00233423
    5    3
  0.01350696  -0.00183906     0.00076551  -0.00026064    -0.00157659   0.00079306
  0.00076551  -0.00026064     0.01350696  -0.00183906    -0.00157659   0.00079306
  0.00219136   0.00639858     0.00219136   0.00639858     0.00750679   0.00822287
    5    4
 -0.01409752   0.00003413    -0.00752899   0.00310805    -0.00515526  -0.01002129
 -0.00752899   0.00310805    -0.01409752   0.00003413    -0.00515526  -0.01002129
 -0.00515526  -0.01002129    -0.00515526  -0.01002129    -0.01013894  -0.00726619
    5    5
  0.06965395   0.00000000     0.00346474   0.00000000    -0.00327720  -0.00299678
  0.00346474  -0.00000000     0.06965395   0.00000000    -0.00327720  -0.00299678
 -0.00327720   0.00299678    -0.00327720   0.00299678     0.05600209  -0.00000000
    5    6
  0.00614158  -0.00289545    -0.00596487  -0.00268080     0.01368750   0.00141760
 -0.00596487  -0.00268080     0.00614158  -0.00289545     0.01368750   0.00141760
 -0.00798084  -0.00218459    -0.00798084  -0.00218459    -0.03258303   0.00394716
    5    7
 -0.00918910  -0.00241300     0.01506157   0.00182343    -0.00878230   0.00709660
  0.01506157   0.00182343    -0.00918910  -0.00241300    -0.00878230   0.00709660
 -0.00100508   0.00430879    -0.00100508   0.00430879     0.00991748  -0.00473621
    5    8
  0.00608676  -0.00103456     0.01184823   0.00217190    -0.01264932  -0.00262717
 -0.00638983   0.00316071    -0.04558046   0.00183425    -0.01184823  -0.00217190
 -0.01157556  -0.00765446     0.00638983  -0.00316071     0.00608676  -0.00103456
    5    9
  0.00172946   0.00069071    -0.00275794  -0.00199751     0.01692433  -0.00000000
  0.00519985   0.00491134     0.01527967  -0.00000000     0.00275794  -0.00199751
  0.01249723  -0.00000000    -0.00519985   0.00491134     0.00172946  -0.00069071
    5   10
 -0.04558046   0.00183425    -0.00638983   0.00316071    -0.01184823  -0.00217190
  0.01184823   0.00217190     0.00608676  -0.00103456    -0.01264932  -0.00262717
  0.00638983  -0.00316071    -0.01157556  -0.00765446     0.00608676  -0.00103456
    5   11
  0.01527967   0.00000000     0.00519985   0.00491134     0.00275794  -0.00199751
 -0.00275794  -0.00199751     0.00172946   0.00069071     0.01692433   0.00000000
 -0.00519985   0.00491134     0.01249723   0.00000000     0.00172946  -0.00069071
    6    1
 -0.03177838   0.01229418     0.00653302  -0.00699686    -0.00653302   0.00699686
  0.00653302  -0.00699686    -0.03177838   0.01229418    -0.00653302   0.00699686
 -0.00653302   0.00699686    -0.00653302   0.00699686    -0.03177838   0.01229418
    6    2
  0.00746486   0.00208126     0.00081330   0.00413319    -0.00081330  -0.00413319
  0.00081330   0.00413319     0.00746486   0.00208126    -0.00081330  -0.00413319
 -0.00081330  -0.00413319    -0.00081330  -0.00413319     0.00746486   0.00208126
    6    3
  0.00444307   0.00998727     0.00710623   0.02125089    -0.00710623  -0.02125089
  0.00710623   0.02125089     0.00444307   0.00998727    -0.00710623  -0.02125089
 -0.00710623  -0.02125089    -0.00710623  -0.02125089     0.00444307   0.00998727
    6    4
 -0.00918910  -0.00241300     0.01506157   0.00182343    -0.00100508   0.00430879
  0.01506157   0.00182343    -0.00918910  -0.00241300    -0.00100508   0.00430879
 -0.00878230   0.00709660    -0.00878230   0.00709660     0.00991748  -0.00473621
    6    5
  0.00614158   0.00289545    -0.00596487   0.00268080    -0.00798084   0.00218459
 -0.00596487   0.00268080     0.00614158   0.00289545    -0.00798084   0.00218459
  0.01368750  -0.00141760     0.01368750  -0.00141760    -0.03258303  -0.00394716
    6    6
  0.06839082   0.00000000     0.00806106  -0.00000000    -0.00806106   0.00000000
  0.00806106  -0.00000000     0.06839082   0.00000000    -0.00806106   0.00000000
 -0.00806106   0.00000000    -0.00806106   0.00000000     0.06839082   0.00000000
    6    7
 -0.00824979   0.01277145    -0.01472294   0.00770952     0.01472294  -0.00770952
 -0.01472294   0.00770952    -0.00824979   0.01277145     0.01472294  -0.00770952
  0.01472294  -0.00770952     0.01472294  -0.00770952    -0.00824979   0.01277145
    6    8
  0.00991748  -0.00473621     0.00878230  -0.00709660    -0.00878230   0.00709660
  0.00100508  -0.00430879    -0.00918910  -0.00241300    -0.01506157  -0.00182343
 -0.00100508   0.00430879    -0.01506157  -0.00182343    -0.00918910  -0.00241300
    6    9
 -0.03258303  -0.00394716    -0.01368750   0.00141760     0.01368750  -0.00141760
  0.00798084  -0.00218459     0.00614158   0.00289545     0.00596487  -0.00268080
 -0.00798084   0.00218459     0.00596487  -0.00268080     0.00614158   0.00289545
    6   10
 -0.00918910  -0.00241300     0.00100508  -0.00430879    -0.01506157  -0.00182343
  0.00878230  -0.00709660     0.00991748  -0.00473621    -0.00878230   0.00709660
 -0.01506157  -0.00182343    -0.00100508   0.00430879    -0.00918910  -0.00241300
    6   11
  0.00614158   0.00289545     0.00798084  -0.00218459     0.00596487  -0.00268080
 -0.01368750   0.00141760    -0.03258303  -0.00394716     0.01368750  -0.00141760
  0.00596487  -0.00268080    -0.00798084   0.00218459     0.00614158   0.00289545
    7    1
  0.02653626  -0.02137379    -0.00932596   0.00215933     0.00932596  -0.00215933
 -0.00932596   0.00215933     0.02653626  -0.02137379     0.00932596  -0.00215933
  0.00932596  -0.00215933     0.00932596  -0.00215933     0.02653626  -0.02137379
    7    2
  0.00444307  -0.00998727     0.00710623  -0.02125089    -0.00710623   0.02125089
  0.00710623  -0.02125089     0.00444307  -0.00998727    -0.00710623   0.02125089
 -0.00710623   0.02125089    -0.00710623   0.02125089     0.00444307  -0.00998727
    7    3
  0.00746486  -0.00208126     0.00081330  -0.00413319    -0.00081330   0.00413319
  0.00081330  -0.00413319     0.00746486  -0.00208126    -0.00081330   0.00413319
 -0.00081330   0.00413319    -0.00081330   0.00413319     0.00746486  -0.00208126
    7    4
  0.00614158  -0.00289545    -0.00596487  -0.00268080    -0.00798084  -0.00218459
 -0.00596487  -0.00268080     0.00614158  -0.00289545    -0.00798084  -0.00218459
  0.01368750   0.00141760     0.01368750   0.00141760    -0.03258303   0.00394716
    7    5
 -0.00918910   0.00241300     0.01506157  -0.00182343    -0.00100508  -0.00430879
  0.01506157  -0.00182343    -0.00918910   0.00241300    -0.00100508  -0.00430879
 -0.00878230  -0.00709660    -0.00878230  -0.00709660     0.00991748   0.00473621
    7    6
 -0.00824979  -0.01277145    -0.01472294  -0.00770952     0.01472294   0.00770952
 -0.01472294  -0.00770952    -0.00824979  -0.01277145     0.01472294   0.00770952
  0.01472294   0.00770952     0.01472294   0.00770952    -0.00824979  -0.01277145
    7    7
  0.06839082  -0.00000000     0.00806106   0.00000000    -0.00806106  -0.00000000
  0.00806106   0.00000000     0.06839082  -0.00000000    -0.00806106  -0.00000000
 -0.00806106  -0.00000000    -0.00806106  -0.00000000     0.06839082  -0.00000000
    7    8
 -0.03258303   0.00394716    -0.01368750  -0.00141760     0.01368750   0.00141760
  0.00798084   0.00218459     0.00614158  -0.00289545     0.00596487   0.00268080
 -0.00798084  -0.00218459     0.00596487   0.00268080     0.00614158  -0.00289545
    7    9
  0.00991748   0.00473621     0.00878230   0.00709660    -0.00878230  -0.00709660
  0.00100508   0.00430879    -0.00918910   0.00241300    -0.01506157   0.00182343
 -0.00100508  -0.00430879    -0.01506157   0.00182343    -0.00918910   0.00241300
    7   10
  0.00614158  -0.00289545     0.00798084   0.00218459     0.00596487   0.00268080
 -0.01368750  -0.00141760    -0.03258303   0.00394716     0.01368750   0.00141760
  0.00596487   0.00268080    -0.00798084  -0.00218459     0.00614158  -0.00289545
    7   11
 -0.00918910   0.00241300     0.00100508   0.00430879    -0.01506157   0.00182343
  0.00878230   0.00709660     0.00991748   0.00473621    -0.00878230  -0.00709660
 -0.01506157   0.00182343    -0.00100508  -0.00430879    -0.00918910   0.00241300
    8    1
 -0.03085901   0.01044661     0.00677703  -0.00887726    -0.00677703   0.00887726
 -0.00059582  -0.01811363     0.03187926  -0.02023407    -0.00844074  -0.00899187
  0.00059582   0.01811363    -0.00844074  -0.00899187     0.03187926  -0.02023407
    8    2
  0.00750679  -0.00822287    -0.00219136   0.00639858     0.00219136  -0.00639858
  0.00157659   0.00079306     0.01350696   0.00183906    -0.00076551  -0.00026064
 -0.00157659  -0.00079306    -0.00076551  -0.00026064     0.01350696   0.00183906
    8    3
 -0.02015282  -0.00233423     0.01427166   0.00352411    -0.01427166  -0.00352411
  0.02054852  -0.00116571    -0.01748375   0.00252217     0.01266136   0.00059638
 -0.02054852   0.00116571     0.01266136   0.00059638    -0.01748375   0.00252217
    8    4
  0.00172946   0.00069071     0.00519985   0.00491134     0.01249723   0.00000000
 -0.00275794  -0.00199751     0.01527967   0.00000000    -0.00519985   0.00491134
  0.01692433  -0.00000000     0.00275794  -0.00199751     0.00172946  -0.00069071
    8    5
  0.00608676   0.00103456    -0.00638983  -0.00316071    -0.01157556   0.00765446
  0.01184823  -0.00217190    -0.04558046  -0.00183425     0.00638983   0.00316071
 -0.01264932   0.00262717    -0.01184823   0.00217190     0.00608676   0.00103456
    8    6
  0.00991748   0.00473621     0.00100508   0.00430879    -0.00100508  -0.00430879
  0.00878230   0.00709660    -0.00918910   0.00241300    -0.01506157   0.00182343
 -0.00878230  -0.00709660    -0.01506157   0.00182343    -0.00918910   0.00241300
    8    7
 -0.03258303  -0.00394716     0.00798084  -0.00218459    -0.00798084   0.00218459
 -0.01368750   0.00141760     0.00614158   0.00289545     0.00596487  -0.00268080
  0.01368750  -0.00141760     0.00596487  -0.00268080     0.00614158   0.00289545
    8    8
  0.05600209  -0.00000000     0.00327720   0.00299678    -0.00327720  -0.00299678
  0.00327720  -0.00299678     0.06965395   0.00000000    -0.00346474   0.00000000
 -0.00327720   0.00299678    -0.00346474   0.00000000     0.06965395   0.00000000
    8    9
 -0.01013894   0.00726619     0.00515526  -0.01002129    -0.00515526   0.01002129
  0.00515526  -0.01002129    -0.01409752  -0.00003413     0.00752899   0.00310805
 -0.00515526   0.01002129     0.00752899   0.00310805    -0.01409752  -0.00003413
    8   10
  0.00172946   0.00069071    -0.01249723   0.00000000    -0.00519985  -0.00491134
 -0.01692433  -0.00000000     0.00172946  -0.00069071     0.00275794  -0.00199751
  0.00275794   0.00199751    -0.00519985   0.00491134     0.01527967  -0.00000000
    8   11
  0.00608676   0.00103456     0.01157556  -0.00765446     0.00638983   0.00316071
  0.01264932  -0.00262717     0.00608676   0.00103456    -0.01184823   0.00217190
 -0.01184823   0.00217190     0.00638983   0.00316071    -0.04558046  -0.00183425
    9    1
  0.02447654  -0.02150138    -0.01107645   0.00143045     0.01107645  -0.00143045
 -0.01538895  -0.00957281    -0.03346285   0.01749121    -0.00356681  -0.01180583
  0.01538895   0.00957281    -0.00356681  -0.01180583    -0.03346285   0.01749121
    9    2
 -0.02015282   0.00233423     0.01427166  -0.00352411    -0.01427166   0.00352411
  0.02054852   0.00116571    -0.01748375  -0.00252217     0.01266136  -0.00059638
 -0.02054852  -0.00116571     0.01266136  -0.00059638    -0.01748375  -0.00252217
    9    3
  0.00750679   0.00822287    -0.00219136  -0.00639858     0.00219136   0.00639858
  0.00157659  -0.00079306     0.01350696  -0.00183906    -0.00076551   0.00026064
 -0.00157659   0.00079306    -0.00076551   0.00026064     0.01350696  -0.00183906
    9    4
  0.00608676  -0.00103456    -0.00638983   0.00316071    -0.01157556  -0.00765446
  0.01184823   0.00217190    -0.04558046   0.00183425     0.00638983  -0.00316071
 -0.01264932  -0.00262717    -0.01184823  -0.00217190     0.00608676  -0.00103456
    9    5
  0.00172946  -0.00069071     0.00519985  -0.00491134     0.01249723   0.00000000
 -0.00275794   0.00199751     0.01527967   0.00000000    -0.00519985  -0.00491134
  0.01692433   0.00000000     0.00275794   0.00199751     0.00172946   0.00069071
    9    6
 -0.03258303   0.00394716     0.00798084   0.00218459    -0.00798084  -0.00218459
 -0.01368750  -0.00141760     0.00614158  -0.00289545     0.00596487   0.00268080
  0.01368750   0.00141760     0.00596487   0.00268080     0.00614158  -0.00289545
    9    7
  0.00991748  -0.00473621     0.00100508  -0.00430879    -0.00100508   0.00430879
  0.00878230  -0.00709660    -0.00918910  -0.00241300    -0.01506157  -0.00182343
 -0.00878230   0.00709660    -0.01506157  -0.00182343    -0.00918910  -0.00241300
    9    8
 -0.01013894  -0.00726619     0.00515526   0.01002129    -0.00515526  -0.01002129
  0.00515526   0.01002129    -0.01409752   0.00003413     0.00752899  -0.00310805
 -0.00515526  -0.01002129     0.00752899  -0.00310805    -0.01409752   0.00003413
    9    9
  0.05600209   0.00000000     0.00327720  -0.00299678    -0.00327720   0.00299678
  0.00327720   0.00299678     0.06965395  -0.00000000    -0.00346474  -0.00000000
 -0.00327720  -0.00299678    -0.00346474  -0.00000000     0.06965395  -0.00000000
    9   10
  0.00608676  -0.00103456     0.01157556   0.00765446     0.00638983  -0.00316071
  0.01264932   0.00262717     0.00608676  -0.00103456    -0.01184823  -0.00217190
 -0.01184823  -0.00217190     0.00638983  -0.00316071    -0.04558046   0.00183425
    9   11
  0.00172946  -0.00069071    -0.01249723  -0.00000000    -0.00519985   0.00491134
 -0.01692433  -0.00000000     0.00172946   0.00069071     0.00275794   0.00199751
  0.00275794  -0.00199751    -0.00519985  -0.00491134     0.01527967   0.00000000
   10    1
  0.03187926  -0.02023407    -0.00059582  -0.01811363    -0.00844074  -0.00899187
  0.00677703  -0.00887726    -0.03085901   0.01044661    -0.00677703   0.00887726
 -0.00844074  -0.00899187     0.00059582   0.01811363     0.03187926  -0.02023407
   10    2
  0.01350696   0.00183906     0.00157659   0.00079306    -0.00076551  -0.00026064
 -0.00219136   0.00639858     0.00750679  -0.00822287     0.00219136  -0.00639858
 -0.00076551  -0.00026064    -0.00157659  -0.00079306     0.01350696   0.00183906
   10    3
 -0.01748375   0.00252217     0.02054852  -0.00116571     0.01266136   0.00059638
  0.01427166   0.00352411    -0.02015282  -0.00233423    -0.01427166  -0.00352411
  0.01266136   0.00059638    -0.02054852   0.00116571    -0.01748375   0.00252217
   10    4
  0.01527967   0.00000000    -0.00275794  -0.00199751    -0.00519985   0.00491134
  0.00519985   0.00491134     0.00172946   0.00069071     0.01249723   0.00000000
  0.00275794  -0.00199751     0.01692433   0.00000000     0.00172946  -0.00069071
   10    5
 -0.04558046  -0.00183425     0.01184823  -0.00217190     0.00638983   0.00316071
 -0.00638983  -0.00316071     0.00608676   0.00103456    -0.01157556   0.00765446
 -0.01184823   0.00217190    -0.01264932   0.00262717     0.00608676   0.00103456
   10    6
 -0.00918910   0.00241300     0.00878230   0.00709660    -0.01506157   0.00182343
  0.00100508   0.00430879     0.00991748   0.00473621    -0.00100508  -0.00430879
 -0.01506157   0.00182343    -0.00878230  -0.00709660    -0.00918910   0.00241300
   10    7
  0.00614158   0.00289545    -0.01368750   0.00141760     0.00596487  -0.00268080
  0.00798084  -0.00218459    -0.03258303  -0.00394716    -0.00798084   0.00218459
  0.00596487  -0.00268080     0.01368750  -0.00141760     0.00614158   0.00289545
   10    8
  0.00172946  -0.00069071    -0.01692433   0.00000000     0.00275794  -0.00199751
 -0.01249723  -0.00000000     0.00172946   0.00069071    -0.00519985  -0.00491134
 -0.00519985   0.00491134     0.00275794   0.00199751     0.01527967  -0.00000000
   10    9
  0.00608676   0.00103456     0.01264932  -0.00262717    -0.01184823   0.00217190
  0.01157556  -0.00765446     0.00608676   0.00103456     0.00638983   0.00316071
  0.00638983   0.00316071    -0.01184823   0.00217190    -0.04558046  -0.00183425
   10   10
  0.06965395   0.00000000     0.00327720  -0.00299678    -0.00346474   0.00000000
  0.00327720   0.00299678     0.05600209   0.00000000    -0.00327720  -0.00299678
 -0.00346474   0.00000000    -0.00327720   0.00299678     0.06965395  -0.00000000
   10   11
 -0.01409752  -0.00003413     0.00515526  -0.01002129     0.00752899   0.00310805
  0.00515526  -0.01002129    -0.01013894   0.00726619    -0.00515526   0.01002129
  0.00752899   0.00310805    -0.00515526   0.01002129    -0.01409752  -0.00003413
   11    1
 -0.03346285   0.01749121    -0.01538895  -0.00957281    -0.00356681  -0.01180583
 -0.01107645   0.00143045     0.02447654  -0.02150138     0.01107645  -0.00143045
 -0.00356681  -0.01180583     0.01538895   0.00957281    -0.03346285   0.01749121
   11    2
 -0.01748375  -0.00252217     0.02054852   0.00116571     0.01266136  -0.00059638
  0.01427166  -0.00352411    -0.02015282   0.00233423    -0.01427166   0.00352411
  0.01266136  -0.00059638    -0.02054852  -0.00116571    -0.01748375  -0.00252217
   11    3
  0.01350696  -0.00183906     0.00157659  -0.00079306    -0.00076551   0.00026064
 -0.00219136  -0.00639858     0.00750679   0.00822287     0.00219136   0.00639858
 -0.00076551   0.00026064    -0.00157659   0.00079306     0.01350696  -0.00183906
   11    4
 -0.04558046   0.00183425     0.01184823   0.00217190     0.00638983  -0.00316071
 -0.00638983   0.00316071     0.00608676  -0.00103456    -0.01157556  -0.00765446
 -0.01184823  -0.00217190    -0.01264932  -0.00262717     0.00608676  -0.00103456
   11    5
  0.01527967   0.00000000    -0.00275794   0.00199751    -0.00519985  -0.00491134
  0.00519985  -0.00491134     0.00172946  -0.00069071     0.01249723  -0.00000000
  0.00275794   0.00199751     0.01692433   0.00000000     0.00172946   0.00069071
   11    6
  0.00614158  -0.00289545    -0.01368750  -0.00141760     0.00596487   0.00268080
  0.00798084   0.00218459    -0.03258303   0.00394716    -0.00798084  -0.00218459
  0.00596487   0.00268080     0.01368750   0.00141760     0.00614158  -0.00289545
   11    7
 -0.00918910  -0.00241300     0.00878230  -0.00709660    -0.01506157  -0.00182343
  0.00100508  -0.00430879     0.00991748  -0.00473621    -0.00100508   0.00430879
 -0.01506157  -0.00182343    -0.00878230   0.00709660    -0.00918910  -0.00241300
   11    8
  0.00608676  -0.00103456     0.01264932   0.00262717    -0.01184823  -0.00217190
  0.01157556   0.00765446     0.00608676  -0.00103456     0.00638983  -0.00316071
  0.00638983  -0.00316071    -0.01184823  -0.00217190    -0.04558046   0.00183425
   11    9
  0.00172946   0.00069071    -0.01692433  -0.00000000     0.00275794   0.00199751
 -0.01249723   0.00000000     0.00172946  -0.00069071    -0.00519985   0.00491134
 -0.00519985  -0.00491134     0.00275794  -0.00199751     0.01527967  -0.00000000
   11   10
 -0.01409752   0.00003413     0.00515526   0.01002129     0.00752899  -0.00310805
  0.00515526   0.01002129    -0.01013894  -0.00726619    -0.00515526  -0.01002129
  0.00752899  -0.00310805    -0.00515526  -0.01002129    -0.01409752   0.00003413
   11   11
  0.06965395  -0.00000000     0.00327720   0.00299678    -0.00346474  -0.00000000
  0.00327720  -0.00299678     0.05600209  -0.00000000    -0.00327720   0.00299678
 -0.00346474  -0.00000000    -0.00327720  -0.00299678     0.06965395   0.00000000

     Dynamical  Matrix in cartesian axes

     q = (    0.235702260  -0.235702260  -0.235702260 ) 

    1    1
  0.20921269   0.00000000    -0.06239591   0.00000000    -0.06239591   0.00000000
 -0.06239591   0.00000000     0.20921269   0.00000000     0.06239591   0.00000000
 -0.06239591   0.00000000     0.06239591   0.00000000     0.20921269   0.00000000
    1    2
  0.00013051  -0.01864486    -0.02607471   0.00127888    -0.02607471   0.00127888
 -0.02607471   0.00127888     0.00013051  -0.01864486     0.02607471  -0.00127888
 -0.02607471   0.00127888     0.02607471  -0.00127888     0.00013051  -0.01864486
    1    3
 -0.01621218  -0.00920940     0.01414490  -0.02194192     0.01414490  -0.02194192
  0.01414490  -0.02194192    -0.01621218  -0.00920940    -0.01414490   0.02194192
  0.01414490  -0.02194192    -0.01414490   0.02194192    -0.01621218  -0.00920940
    1    4
 -0.03085901   0.01044661     0.00059582   0.01811363     0.00059582   0.01811363
 -0.00677703   0.00887726     0.03187926  -0.02023407     0.00844074   0.00899187
 -0.00677703   0.00887726     0.00844074   0.00899187     0.03187926  -0.02023407
    1    5
  0.02447654  -0.02150138     0.01538895   0.00957281     0.01538895   0.00957281
  0.01107645  -0.00143045    -0.03346285   0.01749121     0.00356681   0.01180583
  0.01107645  -0.00143045     0.00356681   0.01180583    -0.03346285   0.01749121
    1    6
  0.03187926  -0.02023407    -0.00677703   0.00887726    -0.00844074  -0.00899187
  0.00059582   0.01811363    -0.03085901   0.01044661    -0.00059582  -0.01811363
 -0.00844074  -0.00899187     0.00677703  -0.00887726     0.03187926  -0.02023407
    1    7
 -0.03346285   0.01749121     0.01107645  -0.00143045    -0.00356681  -0.01180583
  0.01538895   0.00957281     0.02447654  -0.02150138    -0.01538895  -0.00957281
 -0.00356681  -0.01180583    -0.01107645   0.00143045    -0.03346285   0.01749121
    1    8
  0.03187926  -0.02023407    -0.00844074  -0.00899187    -0.00677703   0.00887726
 -0.00844074  -0.00899187     0.03187926  -0.02023407     0.00677703  -0.00887726
  0.00059582   0.01811363    -0.00059582  -0.01811363    -0.03085901   0.01044661
    1    9
 -0.03346285   0.01749121    -0.00356681  -0.01180583     0.01107645  -0.00143045
 -0.00356681  -0.01180583    -0.03346285   0.01749121    -0.01107645   0.00143045
  0.01538895   0.00957281    -0.01538895  -0.00957281     0.02447654  -0.02150138
    1   10
 -0.03177838   0.01229418    -0.00653302   0.00699686    -0.00653302   0.00699686
 -0.00653302   0.00699686    -0.03177838   0.01229418     0.00653302  -0.00699686
 -0.00653302   0.00699686     0.00653302  -0.00699686    -0.03177838   0.01229418
    1   11
  0.02653626  -0.02137379     0.00932596  -0.00215933     0.00932596  -0.00215933
  0.00932596  -0.00215933     0.02653626  -0.02137379    -0.00932596   0.00215933
  0.00932596  -0.00215933    -0.00932596   0.00215933     0.02653626  -0.02137379
    2    1
  0.00013051   0.01864486    -0.02607471  -0.00127888    -0.02607471  -0.00127888
 -0.02607471  -0.00127888     0.00013051   0.01864486     0.02607471   0.00127888
 -0.02607471  -0.00127888     0.02607471   0.00127888     0.00013051   0.01864486
    2    2
  0.06675628   0.00000000    -0.00059592   0.00000000    -0.00059592   0.00000000
 -0.00059592   0.00000000     0.06675628   0.00000000     0.00059592  -0.00000000
 -0.00059592   0.00000000     0.00059592  -0.00000000     0.06675628   0.00000000
    2    3
 -0.00421078  -0.00123023     0.00022976   0.00041266     0.00022976   0.00041266
  0.00022976   0.00041266    -0.00421078  -0.00123023    -0.00022976  -0.00041266
  0.00022976   0.00041266    -0.00022976  -0.00041266    -0.00421078  -0.00123023
    2    4
  0.00750679  -0.00822287    -0.00157659  -0.00079306    -0.00157659  -0.00079306
  0.00219136  -0.00639858     0.01350696   0.00183906     0.00076551   0.00026064
  0.00219136  -0.00639858     0.00076551   0.00026064     0.01350696   0.00183906
    2    5
 -0.02015282   0.00233423    -0.02054852  -0.00116571    -0.02054852  -0.00116571
 -0.01427166   0.00352411    -0.01748375  -0.00252217    -0.01266136   0.00059638
 -0.01427166   0.00352411    -0.01266136   0.00059638    -0.01748375  -0.00252217
    2    6
  0.01350696   0.00183906     0.00219136  -0.00639858    -0.00076551  -0.00026064
 -0.00157659  -0.00079306     0.00750679  -0.00822287     0.00157659   0.00079306
 -0.00076551  -0.00026064    -0.00219136   0.00639858     0.01350696   0.00183906
    2    7
 -0.01748375  -0.00252217    -0.01427166   0.00352411     0.01266136  -0.00059638
 -0.02054852  -0.00116571    -0.02015282   0.00233423     0.02054852   0.00116571
  0.01266136  -0.00059638     0.01427166  -0.00352411    -0.01748375  -0.00252217
    2    8
  0.01350696   0.00183906    -0.00076551  -0.00026064     0.00219136  -0.00639858
 -0.00076551  -0.00026064     0.01350696   0.00183906    -0.00219136   0.00639858
 -0.00157659  -0.00079306     0.00157659   0.00079306     0.00750679  -0.00822287
    2    9
 -0.01748375  -0.00252217     0.01266136  -0.00059638    -0.01427166   0.00352411
  0.01266136  -0.00059638    -0.01748375  -0.00252217     0.01427166  -0.00352411
 -0.02054852  -0.00116571     0.02054852   0.00116571    -0.02015282   0.00233423
    2   10
  0.00746486   0.00208126    -0.00081330  -0.00413319    -0.00081330  -0.00413319
 -0.00081330  -0.00413319     0.00746486   0.00208126     0.00081330   0.00413319
 -0.00081330  -0.00413319     0.00081330   0.00413319     0.00746486   0.00208126
    2   11
  0.00444307  -0.00998727    -0.00710623   0.02125089    -0.00710623   0.02125089
 -0.00710623   0.02125089     0.00444307  -0.00998727     0.00710623  -0.02125089
 -0.00710623   0.02125089     0.00710623  -0.02125089     0.00444307  -0.00998727
    3    1
 -0.01621218   0.00920940     0.01414490   0.02194192     0.01414490   0.02194192
  0.01414490   0.02194192    -0.01621218   0.00920940    -0.01414490  -0.02194192
  0.01414490   0.02194192    -0.01414490  -0.02194192    -0.01621218   0.00920940
    3    2
 -0.00421078   0.00123023     0.00022976  -0.00041266     0.00022976  -0.00041266
  0.00022976  -0.00041266    -0.00421078   0.00123023    -0.00022976   0.00041266
  0.00022976  -0.00041266    -0.00022976   0.00041266    -0.00421078   0.00123023
    3    3
  0.06675628  -0.00000000    -0.00059592  -0.00000000    -0.00059592  -0.00000000
 -0.00059592  -0.00000000     0.06675628  -0.00000000     0.00059592   0.00000000
 -0.00059592  -0.00000000     0.00059592   0.00000000     0.06675628  -0.00000000
    3    4
 -0.02015282  -0.00233423    -0.02054852   0.00116571    -0.02054852   0.00116571
 -0.01427166  -0.00352411    -0.01748375   0.00252217    -0.01266136  -0.00059638
 -0.01427166  -0.00352411    -0.01266136  -0.00059638    -0.01748375   0.00252217
    3    5
  0.00750679   0.00822287    -0.00157659   0.00079306    -0.00157659   0.00079306
  0.00219136   0.00639858     0.01350696  -0.00183906     0.00076551  -0.00026064
  0.00219136   0.00639858     0.00076551  -0.00026064     0.01350696  -0.00183906
    3    6
 -0.01748375   0.00252217    -0.01427166  -0.00352411     0.01266136   0.00059638
 -0.02054852   0.00116571    -0.02015282  -0.00233423     0.02054852  -0.00116571
  0.01266136   0.00059638     0.01427166   0.00352411    -0.01748375   0.00252217
    3    7
  0.01350696  -0.00183906     0.00219136   0.00639858    -0.00076551   0.00026064
 -0.00157659   0.00079306     0.00750679   0.00822287     0.00157659  -0.00079306
 -0.00076551   0.00026064    -0.00219136  -0.00639858     0.01350696  -0.00183906
    3    8
 -0.01748375   0.00252217     0.01266136   0.00059638    -0.01427166  -0.00352411
  0.01266136   0.00059638    -0.01748375   0.00252217     0.01427166   0.00352411
 -0.02054852   0.00116571     0.02054852  -0.00116571    -0.02015282  -0.00233423
    3    9
  0.01350696  -0.00183906    -0.00076551   0.00026064     0.00219136   0.00639858
 -0.00076551   0.00026064     0.01350696  -0.00183906    -0.00219136  -0.00639858
 -0.00157659   0.00079306     0.00157659  -0.00079306     0.00750679   0.00822287
    3   10
  0.00444307   0.00998727    -0.00710623  -0.02125089    -0.00710623  -0.02125089
 -0.00710623  -0.02125089     0.00444307   0.00998727     0.00710623   0.02125089
 -0.00710623  -0.02125089     0.00710623   0.02125089     0.00444307   0.00998727
    3   11
  0.00746486  -0.00208126    -0.00081330   0.00413319    -0.00081330   0.00413319
 -0.00081330   0.00413319     0.00746486  -0.00208126     0.00081330  -0.00413319
 -0.00081330   0.00413319     0.00081330  -0.00413319     0.00746486  -0.00208126
    4    1
 -0.03085901  -0.01044661    -0.00677703  -0.00887726    -0.00677703  -0.00887726
