  2.500000000000000E-002   1.50249443578751        5.66640365351632     
           6

     Dynamical  Matrix in cartesian axes

     q = (    0.235702260   0.000000000   0.000000000 ) 

    1    1
  0.26426079   0.00000000     0.00000000   0.00000000    -0.00000000   0.00000000
  0.00000000   0.00000000     0.11830869   0.00000000    -0.00000000   0.00000000
  0.00000000   0.00000000    -0.00000000   0.00000000     0.11830869   0.00000000
    1    2
  0.02301464  -0.01328751     0.00000000   0.00000000    -0.00000000   0.00000000
 -0.00000000  -0.00000000    -0.03555767   0.02052923    -0.00331427  -0.00574049
  0.00000000   0.00000000    -0.00331427  -0.00574049    -0.03555767   0.02052923
    1    3
  0.00000000  -0.02657501    -0.00000000   0.00000000    -0.00000000  -0.00000000
 -0.00000000  -0.00000000    -0.00000000   0.04105846     0.00662854   0.00000000
 -0.00000000   0.00000000     0.00662854   0.00000000    -0.00000000   0.04105846
    1    4
  0.05423942   0.05017259    -0.01479407  -0.01365315    -0.01479407  -0.01365315
  0.00216079  -0.01998366    -0.00744061  -0.00373210    -0.00939355  -0.02023554
  0.00216079  -0.01998366    -0.00939355  -0.02023554    -0.00744061  -0.00373210
    1    5
 -0.07057045  -0.02188642     0.01922101   0.00598546     0.01922101   0.00598546
  0.01622596  -0.01186313     0.00695240   0.00457771     0.02222126  -0.00198272
  0.01622596  -0.01186313     0.02222126  -0.00198272     0.00695240   0.00457771
    1    6
 -0.07057045  -0.02188642     0.01922101   0.00598546    -0.01922101  -0.00598546
  0.01622596  -0.01186313     0.00695240   0.00457771    -0.02222126   0.00198272
 -0.01622596   0.01186313    -0.02222126   0.00198272     0.00695240   0.00457771
    1    7
  0.05423942   0.05017259    -0.01479407  -0.01365315     0.01479407   0.01365315
  0.00216079  -0.01998366    -0.00744061  -0.00373210     0.00939355   0.02023554
 -0.00216079   0.01998366     0.00939355   0.02023554    -0.00744061  -0.00373210
    1    8
 -0.07057045  -0.02188642    -0.01922101  -0.00598546     0.01922101   0.00598546
 -0.01622596   0.01186313     0.00695240   0.00457771    -0.02222126   0.00198272
  0.01622596  -0.01186313    -0.02222126   0.00198272     0.00695240   0.00457771
    1    9
  0.05423942   0.05017259     0.01479407   0.01365315    -0.01479407  -0.01365315
 -0.00216079   0.01998366    -0.00744061  -0.00373210     0.00939355   0.02023554
  0.00216079  -0.01998366     0.00939355   0.02023554    -0.00744061  -0.00373210
    1   10
  0.05423942   0.05017259     0.01479407   0.01365315     0.01479407   0.01365315
 -0.00216079   0.01998366    -0.00744061  -0.00373210    -0.00939355  -0.02023554
 -0.00216079   0.01998366    -0.00939355  -0.02023554    -0.00744061  -0.00373210
    1   11
 -0.07057045  -0.02188642    -0.01922101  -0.00598546    -0.01922101  -0.00598546
 -0.01622596   0.01186313     0.00695240   0.00457771     0.02222126  -0.00198272
 -0.01622596   0.01186313     0.02222126  -0.00198272     0.00695240   0.00457771
    2    1
  0.02301464   0.01328751     0.00000000  -0.00000000    -0.00000000   0.00000000
  0.00000000  -0.00000000    -0.03555767  -0.02052923    -0.00331427   0.00574049
 -0.00000000  -0.00000000    -0.00331427   0.00574049    -0.03555767  -0.02052923
    2    2
  0.09842131  -0.00000000    -0.00000000  -0.00000000     0.00000000  -0.00000000
  0.00000000   0.00000000     0.05818480   0.00000000    -0.00000000  -0.00000000
 -0.00000000   0.00000000     0.00000000  -0.00000000     0.05818480   0.00000000
    2    3
  0.00086279  -0.00149439     0.00000000   0.00000000    -0.00000000   0.00000000
 -0.00000000  -0.00000000    -0.00141802   0.00245608    -0.00475906  -0.00274764
 -0.00000000   0.00000000    -0.00475906  -0.00274764    -0.00141802   0.00245608
    2    4
  0.00021484  -0.00944773     0.00172983   0.00494030     0.00172983   0.00494030
 -0.00292156   0.00237947     0.00756128   0.00175326     0.00386024   0.00679867
 -0.00292156   0.00237947     0.00386024   0.00679867     0.00756128   0.00175326
    2    5
 -0.01320975   0.00445877    -0.02197738  -0.00582858    -0.02197738  -0.00582858
 -0.01633316   0.00117733    -0.01260814   0.00111301    -0.01833290  -0.00102860
 -0.01633316   0.00117733    -0.01833290  -0.00102860    -0.01260814   0.00111301
    2    6
  0.00828939   0.00453781    -0.00341351  -0.00396822     0.00341351   0.00396822
 -0.00352146   0.00134040     0.00226227  -0.00742489     0.00395770   0.00674240
  0.00352146  -0.00134040     0.00395770   0.00674240     0.00226227  -0.00742489
    2    7
 -0.01046628   0.00921060    -0.00594099   0.02194726     0.00594099  -0.02194726
 -0.00918618   0.01355626    -0.00726797   0.01036247     0.00827566  -0.01639106
  0.00918618  -0.01355626     0.00827566  -0.01639106    -0.00726797   0.01036247
    2    8
  0.00828939   0.00453781     0.00341351   0.00396822    -0.00341351  -0.00396822
  0.00352146  -0.00134040     0.00226227  -0.00742489     0.00395770   0.00674240
 -0.00352146   0.00134040     0.00395770   0.00674240     0.00226227  -0.00742489
    2    9
 -0.01046628   0.00921060     0.00594099  -0.02194726    -0.00594099   0.02194726
  0.00918618  -0.01355626    -0.00726797   0.01036247     0.00827566  -0.01639106
 -0.00918618   0.01355626     0.00827566  -0.01639106    -0.00726797   0.01036247
    2   10
  0.00021484  -0.00944773    -0.00172983  -0.00494030    -0.00172983  -0.00494030
  0.00292156  -0.00237947     0.00756128   0.00175326     0.00386024   0.00679867
  0.00292156  -0.00237947     0.00386024   0.00679867     0.00756128   0.00175326
    2   11
 -0.01320975   0.00445877     0.02197738   0.00582858     0.02197738   0.00582858
  0.01633316  -0.00117733    -0.01260814   0.00111301    -0.01833290  -0.00102860
  0.01633316  -0.00117733    -0.01833290  -0.00102860    -0.01260814   0.00111301
    3    1
  0.00000000   0.02657501     0.00000000   0.00000000     0.00000000   0.00000000
 -0.00000000  -0.00000000    -0.00000000  -0.04105846     0.00662854  -0.00000000
  0.00000000  -0.00000000     0.00662854  -0.00000000    -0.00000000  -0.04105846
    3    2
  0.00086279   0.00149439     0.00000000  -0.00000000    -0.00000000  -0.00000000
 -0.00000000   0.00000000    -0.00141802  -0.00245608    -0.00475906   0.00274764
 -0.00000000  -0.00000000    -0.00475906   0.00274764    -0.00141802  -0.00245608
    3    3
  0.09842131   0.00000000    -0.00000000   0.00000000     0.00000000   0.00000000
  0.00000000  -0.00000000     0.05818480  -0.00000000    -0.00000000   0.00000000
 -0.00000000  -0.00000000     0.00000000   0.00000000     0.05818480  -0.00000000
    3    4
 -0.01320975  -0.00445877    -0.02197738   0.00582858    -0.02197738   0.00582858
 -0.01633316  -0.00117733    -0.01260814  -0.00111301    -0.01833290   0.00102860
 -0.01633316  -0.00117733    -0.01833290   0.00102860    -0.01260814  -0.00111301
    3    5
  0.00021484   0.00944773     0.00172983  -0.00494030     0.00172983  -0.00494030
 -0.00292156  -0.00237947     0.00756128  -0.00175326     0.00386024  -0.00679867
 -0.00292156  -0.00237947     0.00386024  -0.00679867     0.00756128  -0.00175326
    3    6
 -0.01046628  -0.00921060    -0.00594099  -0.02194726     0.00594099   0.02194726
 -0.00918618  -0.01355626    -0.00726797  -0.01036247     0.00827566   0.01639106
  0.00918618   0.01355626     0.00827566   0.01639106    -0.00726797  -0.01036247
    3    7
  0.00828939  -0.00453781    -0.00341351   0.00396822     0.00341351  -0.00396822
 -0.00352146  -0.00134040     0.00226227   0.00742489     0.00395770  -0.00674240
  0.00352146   0.00134040     0.00395770  -0.00674240     0.00226227   0.00742489
    3    8
 -0.01046628  -0.00921060     0.00594099   0.02194726    -0.00594099  -0.02194726
  0.00918618   0.01355626    -0.00726797  -0.01036247     0.00827566   0.01639106
 -0.00918618  -0.01355626     0.00827566   0.01639106    -0.00726797  -0.01036247
    3    9
  0.00828939  -0.00453781     0.00341351  -0.00396822    -0.00341351   0.00396822
  0.00352146   0.00134040     0.00226227   0.00742489     0.00395770  -0.00674240
 -0.00352146  -0.00134040     0.00395770  -0.00674240     0.00226227   0.00742489
    3   10
 -0.01320975  -0.00445877     0.02197738  -0.00582858     0.02197738  -0.00582858
  0.01633316   0.00117733    -0.01260814  -0.00111301    -0.01833290   0.00102860
  0.01633316   0.00117733    -0.01833290   0.00102860    -0.01260814  -0.00111301
    3   11
  0.00021484   0.00944773    -0.00172983   0.00494030    -0.00172983   0.00494030
  0.00292156   0.00237947     0.00756128  -0.00175326     0.00386024  -0.00679867
  0.00292156   0.00237947     0.00386024  -0.00679867     0.00756128  -0.00175326
    4    1
  0.05423942  -0.05017259     0.00216079   0.01998366     0.00216079   0.01998366
 -0.01479407   0.01365315    -0.00744061   0.00373210    -0.00939355   0.02023554
 -0.01479407   0.01365315    -0.00939355   0.02023554    -0.00744061   0.00373210
    4    2
  0.00021484   0.00944773    -0.00292156  -0.00237947    -0.00292156  -0.00237947
  0.00172983  -0.00494030     0.00756128  -0.00175326     0.00386024  -0.00679867
  0.00172983  -0.00494030     0.00386024  -0.00679867     0.00756128  -0.00175326
    4    3
 -0.01320975   0.00445877    -0.01633316   0.00117733    -0.01633316   0.00117733
 -0.02197738  -0.00582858    -0.01260814   0.00111301    -0.01833290  -0.00102860
 -0.02197738  -0.00582858    -0.01833290  -0.00102860    -0.01260814   0.00111301
    4    4
  0.09820746   0.00000000    -0.00978926  -0.00040589    -0.00978926  -0.00040589
 -0.00978926   0.00040589     0.07486331  -0.00000000     0.00112376  -0.00000000
 -0.00978926   0.00040589     0.00112376  -0.00000000     0.07486331  -0.00000000
    4    5
 -0.03746595   0.00646300     0.00567316   0.00154945     0.00567316   0.00154945
  0.00567316   0.00154945    -0.02187307   0.00416107    -0.00894055   0.00841298
  0.00567316   0.00154945    -0.00894055   0.00841298    -0.02187307   0.00416107
    4    6
 -0.03059895   0.01523367     0.02118836  -0.00275068    -0.01128442   0.00076263
  0.02118836  -0.00275068    -0.02080046   0.00200413    -0.00153749  -0.00139904
  0.01128442  -0.00076263     0.00153749   0.00139904     0.02110340  -0.00426158
    4    7
  0.03035221   0.00000000    -0.01484366   0.00035356     0.01960382   0.00014870
 -0.01484366  -0.00035356     0.01891690   0.00000000     0.01004606   0.00273417
 -0.01960382   0.00014870    -0.01004606   0.00273417    -0.05233301  -0.00000000
    4    8
 -0.03059895   0.01523367    -0.01128442   0.00076263     0.02118836  -0.00275068
  0.01128442  -0.00076263     0.02110340  -0.00426158     0.00153749   0.00139904
  0.02118836  -0.00275068    -0.00153749  -0.00139904    -0.02080046   0.00200413
    4    9
  0.03035221   0.00000000     0.01960382   0.00014870    -0.01484366   0.00035356
 -0.01960382   0.00014870    -0.05233301  -0.00000000    -0.01004606   0.00273417
 -0.01484366  -0.00035356     0.01004606   0.00273417     0.01891690   0.00000000
    4   10
  0.04280082   0.00000000     0.01398346  -0.00263461     0.01398346  -0.00263461
 -0.01398346  -0.00263461    -0.01853177   0.00000000     0.01615355  -0.00000000
 -0.01398346  -0.00263461     0.01615355   0.00000000    -0.01853177   0.00000000
    4   11
 -0.07561368   0.00076348    -0.02056220   0.00531825    -0.02056220   0.00531825
  0.02056220  -0.00531825     0.01776931   0.00237674    -0.00716918   0.00684466
  0.02056220  -0.00531825    -0.00716918   0.00684466     0.01776931   0.00237674
    5    1
 -0.07057045   0.02188642     0.01622596   0.01186313     0.01622596   0.01186313
  0.01922101  -0.00598546     0.00695240  -0.00457771     0.02222126   0.00198272
  0.01922101  -0.00598546     0.02222126   0.00198272     0.00695240  -0.00457771
    5    2
 -0.01320975  -0.00445877    -0.01633316  -0.00117733    -0.01633316  -0.00117733
 -0.02197738   0.00582858    -0.01260814  -0.00111301    -0.01833290   0.00102860
 -0.02197738   0.00582858    -0.01833290   0.00102860    -0.01260814  -0.00111301
    5    3
  0.00021484  -0.00944773    -0.00292156   0.00237947    -0.00292156   0.00237947
  0.00172983   0.00494030     0.00756128   0.00175326     0.00386024   0.00679867
  0.00172983   0.00494030     0.00386024   0.00679867     0.00756128   0.00175326
    5    4
 -0.03746595  -0.00646300     0.00567316  -0.00154945     0.00567316  -0.00154945
  0.00567316  -0.00154945    -0.02187307  -0.00416107    -0.00894055  -0.00841298
  0.00567316  -0.00154945    -0.00894055  -0.00841298    -0.02187307  -0.00416107
    5    5
  0.09820746  -0.00000000    -0.00978926   0.00040589    -0.00978926   0.00040589
 -0.00978926  -0.00040589     0.07486331   0.00000000     0.00112376   0.00000000
 -0.00978926  -0.00040589     0.00112376   0.00000000     0.07486331   0.00000000
    5    6
  0.03035221  -0.00000000    -0.01484366  -0.00035356     0.01960382  -0.00014870
 -0.01484366   0.00035356     0.01891690  -0.00000000     0.01004606  -0.00273417
 -0.01960382  -0.00014870    -0.01004606  -0.00273417    -0.05233301   0.00000000
    5    7
 -0.03059895  -0.01523367     0.02118836   0.00275068    -0.01128442  -0.00076263
  0.02118836   0.00275068    -0.02080046  -0.00200413    -0.00153749   0.00139904
  0.01128442   0.00076263     0.00153749  -0.00139904     0.02110340   0.00426158
    5    8
  0.03035221  -0.00000000     0.01960382  -0.00014870    -0.01484366  -0.00035356
 -0.01960382  -0.00014870    -0.05233301   0.00000000    -0.01004606  -0.00273417
 -0.01484366   0.00035356     0.01004606  -0.00273417     0.01891690  -0.00000000
    5    9
 -0.03059895  -0.01523367    -0.01128442  -0.00076263     0.02118836   0.00275068
  0.01128442   0.00076263     0.02110340   0.00426158     0.00153749  -0.00139904
  0.02118836   0.00275068    -0.00153749   0.00139904    -0.02080046  -0.00200413
    5   10
 -0.07561368  -0.00076348    -0.02056220  -0.00531825    -0.02056220  -0.00531825
  0.02056220   0.00531825     0.01776931  -0.00237674    -0.00716918  -0.00684466
  0.02056220   0.00531825    -0.00716918  -0.00684466     0.01776931  -0.00237674
    5   11
  0.04280082  -0.00000000     0.01398346   0.00263461     0.01398346   0.00263461
 -0.01398346   0.00263461    -0.01853177  -0.00000000     0.01615355   0.00000000
 -0.01398346   0.00263461     0.01615355  -0.00000000    -0.01853177  -0.00000000
    6    1
 -0.07057045   0.02188642     0.01622596   0.01186313    -0.01622596  -0.01186313
  0.01922101  -0.00598546     0.00695240  -0.00457771    -0.02222126  -0.00198272
 -0.01922101   0.00598546    -0.02222126  -0.00198272     0.00695240  -0.00457771
    6    2
  0.00828939  -0.00453781    -0.00352146  -0.00134040     0.00352146   0.00134040
 -0.00341351   0.00396822     0.00226227   0.00742489     0.00395770  -0.00674240
  0.00341351  -0.00396822     0.00395770  -0.00674240     0.00226227   0.00742489
    6    3
 -0.01046628   0.00921060    -0.00918618   0.01355626     0.00918618  -0.01355626
 -0.00594099   0.02194726    -0.00726797   0.01036247     0.00827566  -0.01639106
  0.00594099  -0.02194726     0.00827566  -0.01639106    -0.00726797   0.01036247
    6    4
 -0.03059895  -0.01523367     0.02118836   0.00275068     0.01128442   0.00076263
  0.02118836   0.00275068    -0.02080046  -0.00200413     0.00153749  -0.00139904
 -0.01128442  -0.00076263    -0.00153749   0.00139904     0.02110340   0.00426158
    6    5
  0.03035221   0.00000000    -0.01484366  -0.00035356    -0.01960382   0.00014870
 -0.01484366   0.00035356     0.01891690   0.00000000    -0.01004606   0.00273417
  0.01960382   0.00014870     0.01004606   0.00273417    -0.05233301  -0.00000000
    6    6
  0.09820746   0.00000000    -0.00978926   0.00040589     0.00978926  -0.00040589
 -0.00978926  -0.00040589     0.07486331   0.00000000    -0.00112376  -0.00000000
  0.00978926   0.00040589    -0.00112376  -0.00000000     0.07486331   0.00000000
    6    7
 -0.03746595  -0.00646300     0.00567316  -0.00154945    -0.00567316   0.00154945
  0.00567316  -0.00154945    -0.02187307  -0.00416107     0.00894055   0.00841298
 -0.00567316   0.00154945     0.00894055   0.00841298    -0.02187307  -0.00416107
    6    8
  0.04280082   0.00000000     0.01398346   0.00263461    -0.01398346  -0.00263461
 -0.01398346   0.00263461    -0.01853177   0.00000000    -0.01615355  -0.00000000
  0.01398346  -0.00263461    -0.01615355   0.00000000    -0.01853177   0.00000000
    6    9
 -0.07561368  -0.00076348    -0.02056220  -0.00531825     0.02056220   0.00531825
  0.02056220   0.00531825     0.01776931  -0.00237674     0.00716918   0.00684466
 -0.02056220  -0.00531825     0.00716918   0.00684466     0.01776931  -0.00237674
    6   10
 -0.03059895  -0.01523367    -0.01128442  -0.00076263    -0.02118836  -0.00275068
  0.01128442   0.00076263     0.02110340   0.00426158    -0.00153749   0.00139904
 -0.02118836  -0.00275068     0.00153749  -0.00139904    -0.02080046  -0.00200413
    6   11
  0.03035221   0.00000000     0.01960382  -0.00014870     0.01484366   0.00035356
 -0.01960382  -0.00014870    -0.05233301  -0.00000000     0.01004606   0.00273417
  0.01484366  -0.00035356    -0.01004606   0.00273417     0.01891690   0.00000000
    7    1
  0.05423942  -0.05017259     0.00216079   0.01998366    -0.00216079  -0.01998366
 -0.01479407   0.01365315    -0.00744061   0.00373210     0.00939355  -0.02023554
  0.01479407  -0.01365315     0.00939355  -0.02023554    -0.00744061   0.00373210
    7    2
 -0.01046628  -0.00921060    -0.00918618  -0.01355626     0.00918618   0.01355626
 -0.00594099  -0.02194726    -0.00726797  -0.01036247     0.00827566   0.01639106
  0.00594099   0.02194726     0.00827566   0.01639106    -0.00726797  -0.01036247
    7    3
  0.00828939   0.00453781    -0.00352146   0.00134040     0.00352146  -0.00134040
 -0.00341351  -0.00396822     0.00226227  -0.00742489     0.00395770   0.00674240
  0.00341351   0.00396822     0.00395770   0.00674240     0.00226227  -0.00742489
    7    4
  0.03035221  -0.00000000    -0.01484366   0.00035356    -0.01960382  -0.00014870
 -0.01484366  -0.00035356     0.01891690  -0.00000000    -0.01004606  -0.00273417
  0.01960382  -0.00014870     0.01004606  -0.00273417    -0.05233301   0.00000000
    7    5
 -0.03059895   0.01523367     0.02118836  -0.00275068     0.01128442  -0.00076263
  0.02118836  -0.00275068    -0.02080046   0.00200413     0.00153749   0.00139904
 -0.01128442   0.00076263    -0.00153749  -0.00139904     0.02110340  -0.00426158
    7    6
 -0.03746595   0.00646300     0.00567316   0.00154945    -0.00567316  -0.00154945
  0.00567316   0.00154945    -0.02187307   0.00416107     0.00894055  -0.00841298
 -0.00567316  -0.00154945     0.00894055  -0.00841298    -0.02187307   0.00416107
    7    7
  0.09820746  -0.00000000    -0.00978926  -0.00040589     0.00978926   0.00040589
 -0.00978926   0.00040589     0.07486331  -0.00000000    -0.00112376   0.00000000
  0.00978926  -0.00040589    -0.00112376   0.00000000     0.07486331  -0.00000000
    7    8
 -0.07561368   0.00076348    -0.02056220   0.00531825     0.02056220  -0.00531825
  0.02056220  -0.00531825     0.01776931   0.00237674     0.00716918  -0.00684466
 -0.02056220   0.00531825     0.00716918  -0.00684466     0.01776931   0.00237674
    7    9
  0.04280082   0.00000000     0.01398346  -0.00263461    -0.01398346   0.00263461
 -0.01398346  -0.00263461    -0.01853177   0.00000000    -0.01615355  -0.00000000
  0.01398346   0.00263461    -0.01615355  -0.00000000    -0.01853177   0.00000000
    7   10
  0.03035221  -0.00000000     0.01960382   0.00014870     0.01484366  -0.00035356
 -0.01960382   0.00014870    -0.05233301   0.00000000     0.01004606  -0.00273417
  0.01484366   0.00035356    -0.01004606  -0.00273417     0.01891690  -0.00000000
    7   11
 -0.03059895   0.01523367    -0.01128442   0.00076263    -0.02118836   0.00275068
  0.01128442  -0.00076263     0.02110340  -0.00426158    -0.00153749  -0.00139904
 -0.02118836   0.00275068     0.00153749   0.00139904    -0.02080046   0.00200413
    8    1
 -0.07057045   0.02188642    -0.01622596  -0.01186313     0.01622596   0.01186313
 -0.01922101   0.00598546     0.00695240  -0.00457771    -0.02222126  -0.00198272
  0.01922101  -0.00598546    -0.02222126  -0.00198272     0.00695240  -0.00457771
    8    2
  0.00828939  -0.00453781     0.00352146   0.00134040    -0.00352146  -0.00134040
  0.00341351  -0.00396822     0.00226227   0.00742489     0.00395770  -0.00674240
 -0.00341351   0.00396822     0.00395770  -0.00674240     0.00226227   0.00742489
    8    3
 -0.01046628   0.00921060     0.00918618  -0.01355626    -0.00918618   0.01355626
  0.00594099  -0.02194726    -0.00726797   0.01036247     0.00827566  -0.01639106
 -0.00594099   0.02194726     0.00827566  -0.01639106    -0.00726797   0.01036247
    8    4
 -0.03059895  -0.01523367     0.01128442   0.00076263     0.02118836   0.00275068
 -0.01128442  -0.00076263     0.02110340   0.00426158    -0.00153749   0.00139904
  0.02118836   0.00275068     0.00153749  -0.00139904    -0.02080046  -0.00200413
    8    5
  0.03035221   0.00000000    -0.01960382   0.00014870    -0.01484366  -0.00035356
  0.01960382   0.00014870    -0.05233301  -0.00000000     0.01004606   0.00273417
 -0.01484366   0.00035356    -0.01004606   0.00273417     0.01891690   0.00000000
    8    6
  0.04280082  -0.00000000    -0.01398346  -0.00263461     0.01398346   0.00263461
  0.01398346  -0.00263461    -0.01853177  -0.00000000    -0.01615355   0.00000000
 -0.01398346   0.00263461    -0.01615355   0.00000000    -0.01853177  -0.00000000
    8    7
 -0.07561368  -0.00076348     0.02056220   0.00531825    -0.02056220  -0.00531825
 -0.02056220  -0.00531825     0.01776931  -0.00237674     0.00716918   0.00684466
  0.02056220   0.00531825     0.00716918   0.00684466     0.01776931  -0.00237674
    8    8
  0.09820746  -0.00000000     0.00978926  -0.00040589    -0.00978926   0.00040589
  0.00978926   0.00040589     0.07486331   0.00000000    -0.00112376  -0.00000000
 -0.00978926  -0.00040589    -0.00112376  -0.00000000     0.07486331   0.00000000
    8    9
 -0.03746595  -0.00646300    -0.00567316   0.00154945     0.00567316  -0.00154945
 -0.00567316   0.00154945    -0.02187307  -0.00416107     0.00894055   0.00841298
  0.00567316  -0.00154945     0.00894055   0.00841298    -0.02187307  -0.00416107
    8   10
 -0.03059895  -0.01523367    -0.02118836  -0.00275068    -0.01128442  -0.00076263
 -0.02118836  -0.00275068    -0.02080046  -0.00200413     0.00153749  -0.00139904
  0.01128442   0.00076263    -0.00153749   0.00139904     0.02110340   0.00426158
    8   11
  0.03035221   0.00000000     0.01484366   0.00035356     0.01960382  -0.00014870
  0.01484366  -0.00035356     0.01891690   0.00000000    -0.01004606   0.00273417
 -0.01960382  -0.00014870     0.01004606   0.00273417    -0.05233301  -0.00000000
    9    1
  0.05423942  -0.05017259    -0.00216079  -0.01998366     0.00216079   0.01998366
  0.01479407  -0.01365315    -0.00744061   0.00373210     0.00939355  -0.02023554
 -0.01479407   0.01365315     0.00939355  -0.02023554    -0.00744061   0.00373210
    9    2
 -0.01046628  -0.00921060     0.00918618   0.01355626    -0.00918618  -0.01355626
  0.00594099   0.02194726    -0.00726797  -0.01036247     0.00827566   0.01639106
 -0.00594099  -0.02194726     0.00827566   0.01639106    -0.00726797  -0.01036247
    9    3
  0.00828939   0.00453781     0.00352146  -0.00134040    -0.00352146   0.00134040
  0.00341351   0.00396822     0.00226227  -0.00742489     0.00395770   0.00674240
 -0.00341351  -0.00396822     0.00395770   0.00674240     0.00226227  -0.00742489
    9    4
  0.03035221  -0.00000000    -0.01960382  -0.00014870    -0.01484366   0.00035356
  0.01960382  -0.00014870    -0.05233301   0.00000000     0.01004606  -0.00273417
 -0.01484366  -0.00035356    -0.01004606  -0.00273417     0.01891690  -0.00000000
    9    5
 -0.03059895   0.01523367     0.01128442  -0.00076263     0.02118836  -0.00275068
 -0.01128442   0.00076263     0.02110340  -0.00426158    -0.00153749  -0.00139904
  0.02118836  -0.00275068     0.00153749   0.00139904    -0.02080046   0.00200413
    9    6
 -0.07561368   0.00076348     0.02056220  -0.00531825    -0.02056220   0.00531825
 -0.02056220   0.00531825     0.01776931   0.00237674     0.00716918  -0.00684466
  0.02056220  -0.00531825     0.00716918  -0.00684466     0.01776931   0.00237674
    9    7
  0.04280082   0.00000000    -0.01398346   0.00263461     0.01398346  -0.00263461
  0.01398346   0.00263461    -0.01853177   0.00000000    -0.01615355  -0.00000000
 -0.01398346  -0.00263461    -0.01615355  -0.00000000    -0.01853177   0.00000000
    9    8
 -0.03746595   0.00646300    -0.00567316  -0.00154945     0.00567316   0.00154945
 -0.00567316  -0.00154945    -0.02187307   0.00416107     0.00894055  -0.00841298
  0.00567316   0.00154945     0.00894055  -0.00841298    -0.02187307   0.00416107
    9    9
  0.09820746   0.00000000     0.00978926   0.00040589    -0.00978926  -0.00040589
  0.00978926  -0.00040589     0.07486331  -0.00000000    -0.00112376   0.00000000
 -0.00978926   0.00040589    -0.00112376   0.00000000     0.07486331  -0.00000000
    9   10
  0.03035221  -0.00000000     0.01484366  -0.00035356     0.01960382   0.00014870
  0.01484366   0.00035356     0.01891690  -0.00000000    -0.01004606  -0.00273417
 -0.01960382   0.00014870     0.01004606  -0.00273417    -0.05233301   0.00000000
    9   11
 -0.03059895   0.01523367    -0.02118836   0.00275068    -0.01128442   0.00076263
 -0.02118836   0.00275068    -0.02080046   0.00200413     0.00153749   0.00139904
  0.01128442  -0.00076263    -0.00153749  -0.00139904     0.02110340  -0.00426158
   10    1
  0.05423942  -0.05017259    -0.00216079  -0.01998366    -0.00216079  -0.01998366
  0.01479407  -0.01365315    -0.00744061   0.00373210    -0.00939355   0.02023554
  0.01479407  -0.01365315    -0.00939355   0.02023554    -0.00744061   0.00373210
   10    2
  0.00021484   0.00944773     0.00292156   0.00237947     0.00292156   0.00237947
 -0.00172983   0.00494030     0.00756128  -0.00175326     0.00386024  -0.00679867
 -0.00172983   0.00494030     0.00386024  -0.00679867     0.00756128  -0.00175326
   10    3
 -0.01320975   0.00445877     0.01633316  -0.00117733     0.01633316  -0.00117733
  0.02197738   0.00582858    -0.01260814   0.00111301    -0.01833290  -0.00102860
  0.02197738   0.00582858    -0.01833290  -0.00102860    -0.01260814   0.00111301
   10    4
  0.04280082  -0.00000000    -0.01398346   0.00263461    -0.01398346   0.00263461
  0.01398346   0.00263461    -0.01853177   0.00000000     0.01615355   0.00000000
  0.01398346   0.00263461     0.01615355   0.00000000    -0.01853177   0.00000000
   10    5
 -0.07561368   0.00076348     0.02056220  -0.00531825     0.02056220  -0.00531825
 -0.02056220   0.00531825     0.01776931   0.00237674    -0.00716918   0.00684466
 -0.02056220   0.00531825    -0.00716918   0.00684466     0.01776931   0.00237674
   10    6
 -0.03059895   0.01523367     0.01128442  -0.00076263    -0.02118836   0.00275068
 -0.01128442   0.00076263     0.02110340  -0.00426158     0.00153749   0.00139904
 -0.02118836   0.00275068    -0.00153749  -0.00139904    -0.02080046   0.00200413
   10    7
  0.03035221   0.00000000    -0.01960382  -0.00014870     0.01484366  -0.00035356
  0.01960382  -0.00014870    -0.05233301  -0.00000000    -0.01004606   0.00273417
  0.01484366   0.00035356     0.01004606   0.00273417     0.01891690   0.00000000
   10    8
 -0.03059895   0.01523367    -0.02118836   0.00275068     0.01128442  -0.00076263
 -0.02118836   0.00275068    -0.02080046   0.00200413    -0.00153749  -0.00139904
 -0.01128442   0.00076263     0.00153749   0.00139904     0.02110340  -0.00426158
   10    9
  0.03035221   0.00000000     0.01484366  -0.00035356    -0.01960382  -0.00014870
  0.01484366   0.00035356     0.01891690   0.00000000     0.01004606   0.00273417
  0.01960382  -0.00014870    -0.01004606   0.00273417    -0.05233301  -0.00000000
   10   10
  0.09820746   0.00000000     0.00978926   0.00040589     0.00978926   0.00040589
  0.00978926  -0.00040589     0.07486331  -0.00000000     0.00112376  -0.00000000
  0.00978926  -0.00040589     0.00112376  -0.00000000     0.07486331  -0.00000000
   10   11
 -0.03746595   0.00646300    -0.00567316  -0.00154945    -0.00567316  -0.00154945
 -0.00567316  -0.00154945    -0.02187307   0.00416107    -0.00894055   0.00841298
 -0.00567316  -0.00154945    -0.00894055   0.00841298    -0.02187307   0.00416107
   11    1
 -0.07057045   0.02188642    -0.01622596  -0.01186313    -0.01622596  -0.01186313
 -0.01922101   0.00598546     0.00695240  -0.00457771     0.02222126   0.00198272
 -0.01922101   0.00598546     0.02222126   0.00198272     0.00695240  -0.00457771
   11    2
 -0.01320975  -0.00445877     0.01633316   0.00117733     0.01633316   0.00117733
  0.02197738  -0.00582858    -0.01260814  -0.00111301    -0.01833290   0.00102860
  0.02197738  -0.00582858    -0.01833290   0.00102860    -0.01260814  -0.00111301
   11    3
  0.00021484  -0.00944773     0.00292156  -0.00237947     0.00292156  -0.00237947
 -0.00172983  -0.00494030     0.00756128   0.00175326     0.00386024   0.00679867
 -0.00172983  -0.00494030     0.00386024   0.00679867     0.00756128   0.00175326
   11    4
 -0.07561368  -0.00076348     0.02056220   0.00531825     0.02056220   0.00531825
 -0.02056220  -0.00531825     0.01776931  -0.00237674    -0.00716918  -0.00684466
 -0.02056220  -0.00531825    -0.00716918  -0.00684466     0.01776931  -0.00237674
   11    5
  0.04280082   0.00000000    -0.01398346  -0.00263461    -0.01398346  -0.00263461
  0.01398346  -0.00263461    -0.01853177  -0.00000000     0.01615355   0.00000000
  0.01398346  -0.00263461     0.01615355  -0.00000000    -0.01853177   0.00000000
   11    6
  0.03035221  -0.00000000    -0.01960382   0.00014870     0.01484366   0.00035356
  0.01960382   0.00014870    -0.05233301   0.00000000    -0.01004606  -0.00273417
  0.01484366  -0.00035356     0.01004606  -0.00273417     0.01891690  -0.00000000
   11    7
 -0.03059895  -0.01523367     0.01128442   0.00076263    -0.02118836  -0.00275068
 -0.01128442  -0.00076263     0.02110340   0.00426158     0.00153749  -0.00139904
 -0.02118836  -0.00275068    -0.00153749   0.00139904    -0.02080046  -0.00200413
   11    8
  0.03035221  -0.00000000     0.01484366   0.00035356    -0.01960382   0.00014870
  0.01484366  -0.00035356     0.01891690  -0.00000000     0.01004606  -0.00273417
  0.01960382   0.00014870    -0.01004606  -0.00273417    -0.05233301   0.00000000
   11    9
 -0.03059895  -0.01523367    -0.02118836  -0.00275068     0.01128442   0.00076263
 -0.02118836  -0.00275068    -0.02080046  -0.00200413    -0.00153749   0.00139904
 -0.01128442  -0.00076263     0.00153749  -0.00139904     0.02110340   0.00426158
   11   10
 -0.03746595  -0.00646300    -0.00567316   0.00154945    -0.00567316   0.00154945
 -0.00567316   0.00154945    -0.02187307  -0.00416107    -0.00894055  -0.00841298
 -0.00567316   0.00154945    -0.00894055  -0.00841298    -0.02187307  -0.00416107
   11   11
  0.09820746  -0.00000000     0.00978926  -0.00040589     0.00978926  -0.00040589
  0.00978926   0.00040589     0.07486331   0.00000000     0.00112376   0.00000000
  0.00978926   0.00040589     0.00112376   0.00000000     0.07486331   0.00000000

     Dynamical  Matrix in cartesian axes

     q = (   -0.235702260   0.000000000   0.000000000 ) 

    1    1
  0.26426079   0.00000000     0.00000000   0.00000000    -0.00000000   0.00000000
  0.00000000   0.00000000     0.11830869   0.00000000     0.00000000   0.00000000
 -0.00000000   0.00000000     0.00000000   0.00000000     0.11830869   0.00000000
    1    2
  0.02301464   0.01328751     0.00000000  -0.00000000     0.00000000  -0.00000000
  0.00000000   0.00000000    -0.03555767  -0.02052923    -0.00331427   0.00574049
  0.00000000  -0.00000000    -0.00331427   0.00574049    -0.03555767  -0.02052923
    1    3
  0.00000000   0.02657501     0.00000000   0.00000000     0.00000000  -0.00000000
  0.00000000   0.00000000    -0.00000000  -0.04105846     0.00662854  -0.00000000
 -0.00000000  -0.00000000     0.00662854  -0.00000000    -0.00000000  -0.04105846
    1    4
  0.05423942  -0.05017259    -0.01479407   0.01365315    -0.01479407   0.01365315
  0.00216079   0.01998366    -0.00744061   0.00373210    -0.00939355   0.02023554
  0.00216079   0.01998366    -0.00939355   0.02023554    -0.00744061   0.00373210
    1    5
 -0.07057045   0.02188642     0.01922101  -0.00598546     0.01922101  -0.00598546
  0.01622596   0.01186313     0.00695240  -0.00457771     0.02222126   0.00198272
  0.01622596   0.01186313     0.02222126   0.00198272     0.00695240  -0.00457771
    1    6
 -0.07057045   0.02188642     0.01922101  -0.00598546    -0.01922101   0.00598546
  0.01622596   0.01186313     0.00695240  -0.00457771    -0.02222126  -0.00198272
 -0.01622596  -0.01186313    -0.02222126  -0.00198272     0.00695240  -0.00457771
    1    7
  0.05423942  -0.05017259    -0.01479407   0.01365315     0.01479407  -0.01365315
  0.00216079   0.01998366    -0.00744061   0.00373210     0.00939355  -0.02023554
 -0.00216079  -0.01998366     0.00939355  -0.02023554    -0.00744061   0.00373210
    1    8
 -0.07057045   0.02188642    -0.01922101   0.00598546     0.01922101  -0.00598546
 -0.01622596  -0.01186313     0.00695240  -0.00457771    -0.02222126  -0.00198272
  0.01622596   0.01186313    -0.02222126  -0.00198272     0.00695240  -0.00457771
    1    9
  0.05423942  -0.05017259     0.01479407  -0.01365315    -0.01479407   0.01365315
 -0.00216079  -0.01998366    -0.00744061   0.00373210     0.00939355  -0.02023554
  0.00216079   0.01998366     0.00939355  -0.02023554    -0.00744061   0.00373210
    1   10
  0.05423942  -0.05017259     0.01479407  -0.01365315     0.01479407  -0.01365315
 -0.00216079  -0.01998366    -0.00744061   0.00373210    -0.00939355   0.02023554
 -0.00216079  -0.01998366    -0.00939355   0.02023554    -0.00744061   0.00373210
    1   11
 -0.07057045   0.02188642    -0.01922101   0.00598546    -0.01922101   0.00598546
 -0.01622596  -0.01186313     0.00695240  -0.00457771     0.02222126   0.00198272
 -0.01622596  -0.01186313     0.02222126   0.00198272     0.00695240  -0.00457771
    2    1
  0.02301464  -0.01328751    -0.00000000   0.00000000    -0.00000000   0.00000000
  0.00000000   0.00000000    -0.03555767   0.02052923    -0.00331427  -0.00574049
  0.00000000  -0.00000000    -0.00331427  -0.00574049    -0.03555767   0.02052923
    2    2
  0.09842131   0.00000000     0.00000000   0.00000000     0.00000000  -0.00000000
  0.00000000  -0.00000000     0.05818480  -0.00000000    -0.00000000   0.00000000
  0.00000000   0.00000000    -0.00000000   0.00000000     0.05818480  -0.00000000
    2    3
  0.00086279   0.00149439    -0.00000000  -0.00000000    -0.00000000   0.00000000
 -0.00000000   0.00000000    -0.00141802  -0.00245608    -0.00475906   0.00274764
 -0.00000000  -0.00000000    -0.00475906   0.00274764    -0.00141802  -0.00245608
    2    4
  0.00021484   0.00944773     0.00172983  -0.00494030     0.00172983  -0.00494030
 -0.00292156  -0.00237947     0.00756128  -0.00175326     0.00386024  -0.00679867
 -0.00292156  -0.00237947     0.00386024  -0.00679867     0.00756128  -0.00175326
    2    5
 -0.01320975  -0.00445877    -0.02197738   0.00582858    -0.02197738   0.00582858
 -0.01633316  -0.00117733    -0.01260814  -0.00111301    -0.01833290   0.00102860
 -0.01633316  -0.00117733    -0.01833290   0.00102860    -0.01260814  -0.00111301
    2    6
  0.00828939  -0.00453781    -0.00341351   0.00396822     0.00341351  -0.00396822
 -0.00352146  -0.00134040     0.00226227   0.00742489     0.00395770  -0.00674240
  0.00352146   0.00134040     0.00395770  -0.00674240     0.00226227   0.00742489
    2    7
 -0.01046628  -0.00921060    -0.00594099  -0.02194726     0.00594099   0.02194726
 -0.00918618  -0.01355626    -0.00726797  -0.01036247     0.00827566   0.01639106
  0.00918618   0.01355626     0.00827566   0.01639106    -0.00726797  -0.01036247
    2    8
  0.00828939  -0.00453781     0.00341351  -0.00396822    -0.00341351   0.00396822
  0.00352146   0.00134040     0.00226227   0.00742489     0.00395770  -0.00674240
 -0.00352146  -0.00134040     0.00395770  -0.00674240     0.00226227   0.00742489
    2    9
 -0.01046628  -0.00921060     0.00594099   0.02194726    -0.00594099  -0.02194726
  0.00918618   0.01355626    -0.00726797  -0.01036247     0.00827566   0.01639106
 -0.00918618  -0.01355626     0.00827566   0.01639106    -0.00726797  -0.01036247
    2   10
  0.00021484   0.00944773    -0.00172983   0.00494030    -0.00172983   0.00494030
  0.00292156   0.00237947     0.00756128  -0.00175326     0.00386024  -0.00679867
  0.00292156   0.00237947     0.00386024  -0.00679867     0.00756128  -0.00175326
    2   11
 -0.01320975  -0.00445877     0.02197738  -0.00582858     0.02197738  -0.00582858
  0.01633316   0.00117733    -0.01260814  -0.00111301    -0.01833290   0.00102860
  0.01633316   0.00117733    -0.01833290   0.00102860    -0.01260814  -0.00111301
    3    1
  0.00000000  -0.02657501    -0.00000000  -0.00000000     0.00000000   0.00000000
  0.00000000  -0.00000000    -0.00000000   0.04105846     0.00662854   0.00000000
 -0.00000000  -0.00000000     0.00662854   0.00000000    -0.00000000   0.04105846
    3    2
  0.00086279  -0.00149439    -0.00000000   0.00000000    -0.00000000  -0.00000000
 -0.00000000  -0.00000000    -0.00141802   0.00245608    -0.00475906  -0.00274764
 -0.00000000   0.00000000    -0.00475906  -0.00274764    -0.00141802   0.00245608
    3    3
  0.09842131  -0.00000000     0.00000000  -0.00000000     0.00000000   0.00000000
  0.00000000   0.00000000     0.05818480   0.00000000    -0.00000000  -0.00000000
  0.00000000  -0.00000000    -0.00000000  -0.00000000     0.05818480   0.00000000
    3    4
 -0.01320975   0.00445877    -0.02197738  -0.00582858    -0.02197738  -0.00582858
 -0.01633316   0.00117733    -0.01260814   0.00111301    -0.01833290  -0.00102860
 -0.01633316   0.00117733    -0.01833290  -0.00102860    -0.01260814   0.00111301
    3    5
  0.00021484  -0.00944773     0.00172983   0.00494030     0.00172983   0.00494030
 -0.00292156   0.00237947     0.00756128   0.00175326     0.00386024   0.00679867
 -0.00292156   0.00237947     0.00386024   0.00679867     0.00756128   0.00175326
    3    6
 -0.01046628   0.00921060    -0.00594099   0.02194726     0.00594099  -0.02194726
 -0.00918618   0.01355626    -0.00726797   0.01036247     0.00827566  -0.01639106
  0.00918618  -0.01355626     0.00827566  -0.01639106    -0.00726797   0.01036247
    3    7
  0.00828939   0.00453781    -0.00341351  -0.00396822     0.00341351   0.00396822
 -0.00352146   0.00134040     0.00226227  -0.00742489     0.00395770   0.00674240
  0.00352146  -0.00134040     0.00395770   0.00674240     0.00226227  -0.00742489
    3    8
 -0.01046628   0.00921060     0.00594099  -0.02194726    -0.00594099   0.02194726
  0.00918618  -0.01355626    -0.00726797   0.01036247     0.00827566  -0.01639106
 -0.00918618   0.01355626     0.00827566  -0.01639106    -0.00726797   0.01036247
    3    9
  0.00828939   0.00453781     0.00341351   0.00396822    -0.00341351  -0.00396822
  0.00352146  -0.00134040     0.00226227  -0.00742489     0.00395770   0.00674240
 -0.00352146   0.00134040     0.00395770   0.00674240     0.00226227  -0.00742489
    3   10
 -0.01320975   0.00445877     0.02197738   0.00582858     0.02197738   0.00582858
  0.01633316  -0.00117733    -0.01260814   0.00111301    -0.01833290  -0.00102860
  0.01633316  -0.00117733    -0.01833290  -0.00102860    -0.01260814   0.00111301
    3   11
  0.00021484  -0.00944773    -0.00172983  -0.00494030    -0.00172983  -0.00494030
  0.00292156  -0.00237947     0.00756128   0.00175326     0.00386024   0.00679867
  0.00292156  -0.00237947     0.00386024   0.00679867     0.00756128   0.00175326
    4    1
  0.05423942   0.05017259     0.00216079  -0.01998366     0.00216079  -0.01998366
