  1.000000000000000E-002   1.50263395063803        5.49317787411326     
           6

     Dynamical  Matrix in cartesian axes

     q = (    0.235702260   0.000000000   0.000000000 ) 

    1    1
  0.27016564   0.00000000     0.00000000   0.00000000     0.00000000   0.00000000
  0.00000000   0.00000000     0.10974182   0.00000000    -0.00000000   0.00000000
 -0.00000000   0.00000000     0.00000000   0.00000000     0.10974182   0.00000000
    1    2
  0.03094113  -0.01786387     0.00000000   0.00000000     0.00000000  -0.00000000
  0.00000000  -0.00000000    -0.04347058   0.02509775    -0.00423452  -0.00733441
  0.00000000   0.00000000    -0.00423452  -0.00733441    -0.04347058   0.02509775
    1    3
  0.00000000  -0.03572774     0.00000000   0.00000000     0.00000000  -0.00000000
  0.00000000  -0.00000000    -0.00000000   0.05019550     0.00846904   0.00000000
  0.00000000  -0.00000000     0.00846904   0.00000000    -0.00000000   0.05019550
    1    4
  0.07016116   0.06441786    -0.02345252  -0.01321239    -0.02345252  -0.01321239
  0.00112430  -0.02106559    -0.00787765  -0.00709259    -0.01015457  -0.02568375
  0.00112430  -0.02106559    -0.01015457  -0.02568375    -0.00787765  -0.00709259
    1    5
 -0.09086808  -0.02855241     0.02316852   0.01370428     0.02316852   0.01370428
  0.01768119  -0.01150647     0.01008119   0.00327595     0.02732006  -0.00404776
  0.01768119  -0.01150647     0.02732006  -0.00404776     0.01008119   0.00327595
    1    6
 -0.09086808  -0.02855241     0.02316852   0.01370428    -0.02316852  -0.01370428
  0.01768119  -0.01150647     0.01008119   0.00327595    -0.02732006   0.00404776
 -0.01768119   0.01150647    -0.02732006   0.00404776     0.01008119   0.00327595
    1    7
  0.07016116   0.06441786    -0.02345252  -0.01321239     0.02345252   0.01321239
  0.00112430  -0.02106559    -0.00787765  -0.00709259     0.01015457   0.02568375
 -0.00112430   0.02106559     0.01015457   0.02568375    -0.00787765  -0.00709259
    1    8
 -0.09086808  -0.02855241    -0.02316852  -0.01370428     0.02316852   0.01370428
 -0.01768119   0.01150647     0.01008119   0.00327595    -0.02732006   0.00404776
  0.01768119  -0.01150647    -0.02732006   0.00404776     0.01008119   0.00327595
    1    9
  0.07016116   0.06441786     0.02345252   0.01321239    -0.02345252  -0.01321239
 -0.00112430   0.02106559    -0.00787765  -0.00709259     0.01015457   0.02568375
  0.00112430  -0.02106559     0.01015457   0.02568375    -0.00787765  -0.00709259
    1   10
  0.07016116   0.06441786     0.02345252   0.01321239     0.02345252   0.01321239
 -0.00112430   0.02106559    -0.00787765  -0.00709259    -0.01015457  -0.02568375
 -0.00112430   0.02106559    -0.01015457  -0.02568375    -0.00787765  -0.00709259
    1   11
 -0.09086808  -0.02855241    -0.02316852  -0.01370428    -0.02316852  -0.01370428
 -0.01768119   0.01150647     0.01008119   0.00327595     0.02732006  -0.00404776
 -0.01768119   0.01150647     0.02732006  -0.00404776     0.01008119   0.00327595
    2    1
  0.03094113   0.01786387     0.00000000  -0.00000000     0.00000000   0.00000000
  0.00000000   0.00000000    -0.04347058  -0.02509775    -0.00423452   0.00733441
  0.00000000  -0.00000000    -0.00423452   0.00733441    -0.04347058  -0.02509775
    2    2
  0.09967393   0.00000000     0.00000000   0.00000000     0.00000000   0.00000000
  0.00000000   0.00000000     0.07449129  -0.00000000    -0.00000000   0.00000000
  0.00000000  -0.00000000    -0.00000000   0.00000000     0.07449129  -0.00000000
    2    3
  0.01187343  -0.02056539     0.00000000   0.00000000     0.00000000   0.00000000
 -0.00000000   0.00000000     0.00217759  -0.00377170    -0.00444007  -0.00256348
  0.00000000   0.00000000    -0.00444007  -0.00256348     0.00217759  -0.00377170
    2    4
 -0.00161220   0.00009639     0.00062443   0.01040073     0.00062443   0.01040073
 -0.00929256   0.00590619     0.01068345   0.00815518     0.00631346   0.01117439
 -0.00929256   0.00590619     0.00631346   0.01117439     0.01068345   0.00815518
    2    5
 -0.01780876   0.00914925    -0.02266567  -0.00305357    -0.02266567  -0.00305357
 -0.02223232   0.00201392    -0.01525709   0.00578212    -0.02300362  -0.00471656
 -0.02223232   0.00201392    -0.02300362  -0.00471656    -0.01525709   0.00578212
    2    6
 -0.00088957   0.00134802    -0.00869508  -0.00574114     0.00869508   0.00574114
 -0.00976120   0.00509450    -0.00172087  -0.01332972     0.00652058   0.01105481
  0.00976120  -0.00509450     0.00652058   0.01105481    -0.00172087  -0.01332972
    2    7
 -0.01682786   0.01084822    -0.00868836   0.02115583     0.00868836  -0.02115583
 -0.01286026   0.01824680    -0.01263601   0.01032197     0.00741715  -0.02228000
  0.01286026  -0.01824680     0.00741715  -0.02228000    -0.01263601   0.01032197
    2    8
 -0.00088957   0.00134802     0.00869508   0.00574114    -0.00869508  -0.00574114
  0.00976120  -0.00509450    -0.00172087  -0.01332972     0.00652058   0.01105481
 -0.00976120   0.00509450     0.00652058   0.01105481    -0.00172087  -0.01332972
    2    9
 -0.01682786   0.01084822     0.00868836  -0.02115583    -0.00868836   0.02115583
  0.01286026  -0.01824680    -0.01263601   0.01032197     0.00741715  -0.02228000
 -0.01286026   0.01824680     0.00741715  -0.02228000    -0.01263601   0.01032197
    2   10
 -0.00161220   0.00009639    -0.00062443  -0.01040073    -0.00062443  -0.01040073
  0.00929256  -0.00590619     0.01068345   0.00815518     0.00631346   0.01117439
  0.00929256  -0.00590619     0.00631346   0.01117439     0.01068345   0.00815518
    2   11
 -0.01780876   0.00914925     0.02266567   0.00305357     0.02266567   0.00305357
  0.02223232  -0.00201392    -0.01525709   0.00578212    -0.02300362  -0.00471656
  0.02223232  -0.00201392    -0.02300362  -0.00471656    -0.01525709   0.00578212
    3    1
  0.00000000   0.03572774    -0.00000000   0.00000000    -0.00000000  -0.00000000
  0.00000000   0.00000000    -0.00000000  -0.05019550     0.00846904  -0.00000000
 -0.00000000   0.00000000     0.00846904  -0.00000000    -0.00000000  -0.05019550
    3    2
  0.01187343   0.02056539     0.00000000  -0.00000000     0.00000000   0.00000000
 -0.00000000   0.00000000     0.00217759   0.00377170    -0.00444007   0.00256348
  0.00000000   0.00000000    -0.00444007   0.00256348     0.00217759   0.00377170
    3    3
  0.09967393  -0.00000000     0.00000000  -0.00000000     0.00000000  -0.00000000
  0.00000000  -0.00000000     0.07449129   0.00000000    -0.00000000  -0.00000000
  0.00000000   0.00000000    -0.00000000  -0.00000000     0.07449129   0.00000000
    3    4
 -0.01780876  -0.00914925    -0.02266567   0.00305357    -0.02266567   0.00305357
 -0.02223232  -0.00201392    -0.01525709  -0.00578212    -0.02300362   0.00471656
 -0.02223232  -0.00201392    -0.02300362   0.00471656    -0.01525709  -0.00578212
    3    5
 -0.00161220  -0.00009639     0.00062443  -0.01040073     0.00062443  -0.01040073
 -0.00929256  -0.00590619     0.01068345  -0.00815518     0.00631346  -0.01117439
 -0.00929256  -0.00590619     0.00631346  -0.01117439     0.01068345  -0.00815518
    3    6
 -0.01682786  -0.01084822    -0.00868836  -0.02115583     0.00868836   0.02115583
 -0.01286026  -0.01824680    -0.01263601  -0.01032197     0.00741715   0.02228000
  0.01286026   0.01824680     0.00741715   0.02228000    -0.01263601  -0.01032197
    3    7
 -0.00088957  -0.00134802    -0.00869508   0.00574114     0.00869508  -0.00574114
 -0.00976120  -0.00509450    -0.00172087   0.01332972     0.00652058  -0.01105481
  0.00976120   0.00509450     0.00652058  -0.01105481    -0.00172087   0.01332972
    3    8
 -0.01682786  -0.01084822     0.00868836   0.02115583    -0.00868836  -0.02115583
  0.01286026   0.01824680    -0.01263601  -0.01032197     0.00741715   0.02228000
 -0.01286026  -0.01824680     0.00741715   0.02228000    -0.01263601  -0.01032197
    3    9
 -0.00088957  -0.00134802     0.00869508  -0.00574114    -0.00869508   0.00574114
  0.00976120   0.00509450    -0.00172087   0.01332972     0.00652058  -0.01105481
 -0.00976120  -0.00509450     0.00652058  -0.01105481    -0.00172087   0.01332972
    3   10
 -0.01780876  -0.00914925     0.02266567  -0.00305357     0.02266567  -0.00305357
  0.02223232   0.00201392    -0.01525709  -0.00578212    -0.02300362   0.00471656
  0.02223232   0.00201392    -0.02300362   0.00471656    -0.01525709  -0.00578212
    3   11
 -0.00161220  -0.00009639    -0.00062443   0.01040073    -0.00062443   0.01040073
  0.00929256   0.00590619     0.01068345  -0.00815518     0.00631346  -0.01117439
  0.00929256   0.00590619     0.00631346  -0.01117439     0.01068345  -0.00815518
    4    1
  0.07016116  -0.06441786     0.00112430   0.02106559     0.00112430   0.02106559
 -0.02345252   0.01321239    -0.00787765   0.00709259    -0.01015457   0.02568375
 -0.02345252   0.01321239    -0.01015457   0.02568375    -0.00787765   0.00709259
    4    2
 -0.00161220  -0.00009639    -0.00929256  -0.00590619    -0.00929256  -0.00590619
  0.00062443  -0.01040073     0.01068345  -0.00815518     0.00631346  -0.01117439
  0.00062443  -0.01040073     0.00631346  -0.01117439     0.01068345  -0.00815518
    4    3
 -0.01780876   0.00914925    -0.02223232   0.00201392    -0.02223232   0.00201392
 -0.02266567  -0.00305357    -0.01525709   0.00578212    -0.02300362  -0.00471656
 -0.02266567  -0.00305357    -0.02300362  -0.00471656    -0.01525709   0.00578212
    4    4
  0.10630529  -0.00000000    -0.00832192  -0.00487319    -0.00832192  -0.00487319
 -0.00832192   0.00487319     0.08041514  -0.00000000     0.00562134  -0.00000000
 -0.00832192   0.00487319     0.00562134  -0.00000000     0.08041514   0.00000000
    4    5
 -0.04048554   0.01512211     0.01212530   0.00812088     0.01212530   0.00812088
  0.01212530   0.00812088    -0.02221767   0.00926422    -0.01977780   0.01386814
  0.01212530   0.00812088    -0.01977780   0.01386814    -0.02221767   0.00926422
    4    6
 -0.03201158   0.01545982     0.02873861  -0.00565386    -0.01505785  -0.00165399
  0.02873861  -0.00565386    -0.01723199   0.00148068     0.00226424  -0.00141508
  0.01505785   0.00165399    -0.00226424   0.00141508     0.02113333  -0.00577537
    4    7
  0.03434520   0.00000000    -0.01530121   0.00160373     0.02225520   0.00202668
 -0.01530121  -0.00160373     0.01819400   0.00000000     0.00436680   0.00326148
 -0.02225520   0.00202668    -0.00436680   0.00326148    -0.05669413  -0.00000000
    4    8
 -0.03201158   0.01545982    -0.01505785  -0.00165399     0.02873861  -0.00565386
  0.01505785   0.00165399     0.02113333  -0.00577537    -0.00226424   0.00141508
  0.02873861  -0.00565386     0.00226424  -0.00141508    -0.01723199   0.00148068
    4    9
  0.03434520   0.00000000     0.02225520   0.00202668    -0.01530121   0.00160373
 -0.02225520   0.00202668    -0.05669413  -0.00000000    -0.00436680   0.00326148
 -0.01530121  -0.00160373     0.00436680   0.00326148     0.01819400   0.00000000
    4   10
  0.04615531   0.00000000     0.01970375  -0.00580302     0.01970375  -0.00580302
 -0.01970375  -0.00580302    -0.01356342  -0.00000000     0.01435845   0.00000000
 -0.01970375  -0.00580302     0.01435845   0.00000000    -0.01356342   0.00000000
    4   11
 -0.08402912   0.00341197    -0.02113032   0.00850761    -0.02113032   0.00850761
  0.02113032  -0.00850761     0.01508825   0.00386254    -0.00597696   0.01096406
  0.02113032  -0.00850761    -0.00597696   0.01096406     0.01508825   0.00386254
    5    1
 -0.09086808   0.02855241     0.01768119   0.01150647     0.01768119   0.01150647
  0.02316852  -0.01370428     0.01008119  -0.00327595     0.02732006   0.00404776
  0.02316852  -0.01370428     0.02732006   0.00404776     0.01008119  -0.00327595
    5    2
 -0.01780876  -0.00914925    -0.02223232  -0.00201392    -0.02223232  -0.00201392
 -0.02266567   0.00305357    -0.01525709  -0.00578212    -0.02300362   0.00471656
 -0.02266567   0.00305357    -0.02300362   0.00471656    -0.01525709  -0.00578212
    5    3
 -0.00161220   0.00009639    -0.00929256   0.00590619    -0.00929256   0.00590619
  0.00062443   0.01040073     0.01068345   0.00815518     0.00631346   0.01117439
  0.00062443   0.01040073     0.00631346   0.01117439     0.01068345   0.00815518
    5    4
 -0.04048554  -0.01512211     0.01212530  -0.00812088     0.01212530  -0.00812088
  0.01212530  -0.00812088    -0.02221767  -0.00926422    -0.01977780  -0.01386814
  0.01212530  -0.00812088    -0.01977780  -0.01386814    -0.02221767  -0.00926422
    5    5
  0.10630529   0.00000000    -0.00832192   0.00487319    -0.00832192   0.00487319
 -0.00832192  -0.00487319     0.08041514   0.00000000     0.00562134   0.00000000
 -0.00832192  -0.00487319     0.00562134   0.00000000     0.08041514  -0.00000000
    5    6
  0.03434520  -0.00000000    -0.01530121  -0.00160373     0.02225520  -0.00202668
 -0.01530121   0.00160373     0.01819400  -0.00000000     0.00436680  -0.00326148
 -0.02225520  -0.00202668    -0.00436680  -0.00326148    -0.05669413   0.00000000
    5    7
 -0.03201158  -0.01545982     0.02873861   0.00565386    -0.01505785   0.00165399
  0.02873861   0.00565386    -0.01723199  -0.00148068     0.00226424   0.00141508
  0.01505785  -0.00165399    -0.00226424  -0.00141508     0.02113333   0.00577537
    5    8
  0.03434520  -0.00000000     0.02225520  -0.00202668    -0.01530121  -0.00160373
 -0.02225520  -0.00202668    -0.05669413   0.00000000    -0.00436680  -0.00326148
 -0.01530121   0.00160373     0.00436680  -0.00326148     0.01819400  -0.00000000
    5    9
 -0.03201158  -0.01545982    -0.01505785   0.00165399     0.02873861   0.00565386
  0.01505785  -0.00165399     0.02113333   0.00577537    -0.00226424  -0.00141508
  0.02873861   0.00565386     0.00226424   0.00141508    -0.01723199  -0.00148068
    5   10
 -0.08402912  -0.00341197    -0.02113032  -0.00850761    -0.02113032  -0.00850761
  0.02113032   0.00850761     0.01508825  -0.00386254    -0.00597696  -0.01096406
  0.02113032   0.00850761    -0.00597696  -0.01096406     0.01508825  -0.00386254
    5   11
  0.04615531  -0.00000000     0.01970375   0.00580302     0.01970375   0.00580302
 -0.01970375   0.00580302    -0.01356342   0.00000000     0.01435845   0.00000000
 -0.01970375   0.00580302     0.01435845  -0.00000000    -0.01356342   0.00000000
    6    1
 -0.09086808   0.02855241     0.01768119   0.01150647    -0.01768119  -0.01150647
  0.02316852  -0.01370428     0.01008119  -0.00327595    -0.02732006  -0.00404776
 -0.02316852   0.01370428    -0.02732006  -0.00404776     0.01008119  -0.00327595
    6    2
 -0.00088957  -0.00134802    -0.00976120  -0.00509450     0.00976120   0.00509450
 -0.00869508   0.00574114    -0.00172087   0.01332972     0.00652058  -0.01105481
  0.00869508  -0.00574114     0.00652058  -0.01105481    -0.00172087   0.01332972
    6    3
 -0.01682786   0.01084822    -0.01286026   0.01824680     0.01286026  -0.01824680
 -0.00868836   0.02115583    -0.01263601   0.01032197     0.00741715  -0.02228000
  0.00868836  -0.02115583     0.00741715  -0.02228000    -0.01263601   0.01032197
    6    4
 -0.03201158  -0.01545982     0.02873861   0.00565386     0.01505785  -0.00165399
  0.02873861   0.00565386    -0.01723199  -0.00148068    -0.00226424  -0.00141508
 -0.01505785   0.00165399     0.00226424   0.00141508     0.02113333   0.00577537
    6    5
  0.03434520   0.00000000    -0.01530121  -0.00160373    -0.02225520   0.00202668
 -0.01530121   0.00160373     0.01819400   0.00000000    -0.00436680   0.00326148
  0.02225520   0.00202668     0.00436680   0.00326148    -0.05669413  -0.00000000
    6    6
  0.10630529   0.00000000    -0.00832192   0.00487319     0.00832192  -0.00487319
 -0.00832192  -0.00487319     0.08041514  -0.00000000    -0.00562134  -0.00000000
  0.00832192   0.00487319    -0.00562134  -0.00000000     0.08041514  -0.00000000
    6    7
 -0.04048554  -0.01512211     0.01212530  -0.00812088    -0.01212530   0.00812088
  0.01212530  -0.00812088    -0.02221767  -0.00926422     0.01977780   0.01386814
 -0.01212530   0.00812088     0.01977780   0.01386814    -0.02221767  -0.00926422
    6    8
  0.04615531  -0.00000000     0.01970375   0.00580302    -0.01970375  -0.00580302
 -0.01970375   0.00580302    -0.01356342  -0.00000000    -0.01435845   0.00000000
  0.01970375  -0.00580302    -0.01435845   0.00000000    -0.01356342  -0.00000000
    6    9
 -0.08402912  -0.00341197    -0.02113032  -0.00850761     0.02113032   0.00850761
  0.02113032   0.00850761     0.01508825  -0.00386254     0.00597696   0.01096406
 -0.02113032  -0.00850761     0.00597696   0.01096406     0.01508825  -0.00386254
    6   10
 -0.03201158  -0.01545982    -0.01505785   0.00165399    -0.02873861  -0.00565386
  0.01505785  -0.00165399     0.02113333   0.00577537     0.00226424   0.00141508
 -0.02873861  -0.00565386    -0.00226424  -0.00141508    -0.01723199  -0.00148068
    6   11
  0.03434520   0.00000000     0.02225520  -0.00202668     0.01530121   0.00160373
 -0.02225520  -0.00202668    -0.05669413  -0.00000000     0.00436680   0.00326148
  0.01530121  -0.00160373    -0.00436680   0.00326148     0.01819400   0.00000000
    7    1
  0.07016116  -0.06441786     0.00112430   0.02106559    -0.00112430  -0.02106559
 -0.02345252   0.01321239    -0.00787765   0.00709259     0.01015457  -0.02568375
  0.02345252  -0.01321239     0.01015457  -0.02568375    -0.00787765   0.00709259
    7    2
 -0.01682786  -0.01084822    -0.01286026  -0.01824680     0.01286026   0.01824680
 -0.00868836  -0.02115583    -0.01263601  -0.01032197     0.00741715   0.02228000
  0.00868836   0.02115583     0.00741715   0.02228000    -0.01263601  -0.01032197
    7    3
 -0.00088957   0.00134802    -0.00976120   0.00509450     0.00976120  -0.00509450
 -0.00869508  -0.00574114    -0.00172087  -0.01332972     0.00652058   0.01105481
  0.00869508   0.00574114     0.00652058   0.01105481    -0.00172087  -0.01332972
    7    4
  0.03434520  -0.00000000    -0.01530121   0.00160373    -0.02225520  -0.00202668
 -0.01530121  -0.00160373     0.01819400  -0.00000000    -0.00436680  -0.00326148
  0.02225520  -0.00202668     0.00436680  -0.00326148    -0.05669413   0.00000000
    7    5
 -0.03201158   0.01545982     0.02873861  -0.00565386     0.01505785   0.00165399
  0.02873861  -0.00565386    -0.01723199   0.00148068    -0.00226424   0.00141508
 -0.01505785  -0.00165399     0.00226424  -0.00141508     0.02113333  -0.00577537
    7    6
 -0.04048554   0.01512211     0.01212530   0.00812088    -0.01212530  -0.00812088
  0.01212530   0.00812088    -0.02221767   0.00926422     0.01977780  -0.01386814
 -0.01212530  -0.00812088     0.01977780  -0.01386814    -0.02221767   0.00926422
    7    7
  0.10630529  -0.00000000    -0.00832192  -0.00487319     0.00832192   0.00487319
 -0.00832192   0.00487319     0.08041514   0.00000000    -0.00562134   0.00000000
  0.00832192  -0.00487319    -0.00562134   0.00000000     0.08041514   0.00000000
    7    8
 -0.08402912   0.00341197    -0.02113032   0.00850761     0.02113032  -0.00850761
  0.02113032  -0.00850761     0.01508825   0.00386254     0.00597696  -0.01096406
 -0.02113032   0.00850761     0.00597696  -0.01096406     0.01508825   0.00386254
    7    9
  0.04615531   0.00000000     0.01970375  -0.00580302    -0.01970375   0.00580302
 -0.01970375  -0.00580302    -0.01356342   0.00000000    -0.01435845   0.00000000
  0.01970375   0.00580302    -0.01435845  -0.00000000    -0.01356342  -0.00000000
    7   10
  0.03434520  -0.00000000     0.02225520   0.00202668     0.01530121  -0.00160373
 -0.02225520   0.00202668    -0.05669413   0.00000000     0.00436680  -0.00326148
  0.01530121   0.00160373    -0.00436680  -0.00326148     0.01819400  -0.00000000
    7   11
 -0.03201158   0.01545982    -0.01505785  -0.00165399    -0.02873861   0.00565386
  0.01505785   0.00165399     0.02113333  -0.00577537     0.00226424  -0.00141508
 -0.02873861   0.00565386    -0.00226424   0.00141508    -0.01723199   0.00148068
    8    1
 -0.09086808   0.02855241    -0.01768119  -0.01150647     0.01768119   0.01150647
 -0.02316852   0.01370428     0.01008119  -0.00327595    -0.02732006  -0.00404776
  0.02316852  -0.01370428    -0.02732006  -0.00404776     0.01008119  -0.00327595
    8    2
 -0.00088957  -0.00134802     0.00976120   0.00509450    -0.00976120  -0.00509450
  0.00869508  -0.00574114    -0.00172087   0.01332972     0.00652058  -0.01105481
 -0.00869508   0.00574114     0.00652058  -0.01105481    -0.00172087   0.01332972
    8    3
 -0.01682786   0.01084822     0.01286026  -0.01824680    -0.01286026   0.01824680
  0.00868836  -0.02115583    -0.01263601   0.01032197     0.00741715  -0.02228000
 -0.00868836   0.02115583     0.00741715  -0.02228000    -0.01263601   0.01032197
    8    4
 -0.03201158  -0.01545982     0.01505785  -0.00165399     0.02873861   0.00565386
 -0.01505785   0.00165399     0.02113333   0.00577537     0.00226424   0.00141508
  0.02873861   0.00565386    -0.00226424  -0.00141508    -0.01723199  -0.00148068
    8    5
  0.03434520   0.00000000    -0.02225520   0.00202668    -0.01530121  -0.00160373
  0.02225520   0.00202668    -0.05669413  -0.00000000     0.00436680   0.00326148
 -0.01530121   0.00160373    -0.00436680   0.00326148     0.01819400   0.00000000
    8    6
  0.04615531   0.00000000    -0.01970375  -0.00580302     0.01970375   0.00580302
  0.01970375  -0.00580302    -0.01356342   0.00000000    -0.01435845  -0.00000000
 -0.01970375   0.00580302    -0.01435845   0.00000000    -0.01356342   0.00000000
    8    7
 -0.08402912  -0.00341197     0.02113032   0.00850761    -0.02113032  -0.00850761
 -0.02113032  -0.00850761     0.01508825  -0.00386254     0.00597696   0.01096406
  0.02113032   0.00850761     0.00597696   0.01096406     0.01508825  -0.00386254
    8    8
  0.10630529   0.00000000     0.00832192  -0.00487319    -0.00832192   0.00487319
  0.00832192   0.00487319     0.08041514   0.00000000    -0.00562134  -0.00000000
 -0.00832192  -0.00487319    -0.00562134  -0.00000000     0.08041514  -0.00000000
    8    9
 -0.04048554  -0.01512211    -0.01212530   0.00812088     0.01212530  -0.00812088
 -0.01212530   0.00812088    -0.02221767  -0.00926422     0.01977780   0.01386814
  0.01212530  -0.00812088     0.01977780   0.01386814    -0.02221767  -0.00926422
    8   10
 -0.03201158  -0.01545982    -0.02873861  -0.00565386    -0.01505785   0.00165399
 -0.02873861  -0.00565386    -0.01723199  -0.00148068    -0.00226424  -0.00141508
  0.01505785  -0.00165399     0.00226424   0.00141508     0.02113333   0.00577537
    8   11
  0.03434520   0.00000000     0.01530121   0.00160373     0.02225520  -0.00202668
  0.01530121  -0.00160373     0.01819400   0.00000000    -0.00436680   0.00326148
 -0.02225520  -0.00202668     0.00436680   0.00326148    -0.05669413  -0.00000000
    9    1
  0.07016116  -0.06441786    -0.00112430  -0.02106559     0.00112430   0.02106559
  0.02345252  -0.01321239    -0.00787765   0.00709259     0.01015457  -0.02568375
 -0.02345252   0.01321239     0.01015457  -0.02568375    -0.00787765   0.00709259
    9    2
 -0.01682786  -0.01084822     0.01286026   0.01824680    -0.01286026  -0.01824680
  0.00868836   0.02115583    -0.01263601  -0.01032197     0.00741715   0.02228000
 -0.00868836  -0.02115583     0.00741715   0.02228000    -0.01263601  -0.01032197
    9    3
 -0.00088957   0.00134802     0.00976120  -0.00509450    -0.00976120   0.00509450
  0.00869508   0.00574114    -0.00172087  -0.01332972     0.00652058   0.01105481
 -0.00869508  -0.00574114     0.00652058   0.01105481    -0.00172087  -0.01332972
    9    4
  0.03434520  -0.00000000    -0.02225520  -0.00202668    -0.01530121   0.00160373
  0.02225520  -0.00202668    -0.05669413   0.00000000     0.00436680  -0.00326148
 -0.01530121  -0.00160373    -0.00436680  -0.00326148     0.01819400  -0.00000000
    9    5
 -0.03201158   0.01545982     0.01505785   0.00165399     0.02873861  -0.00565386
 -0.01505785  -0.00165399     0.02113333  -0.00577537     0.00226424  -0.00141508
  0.02873861  -0.00565386    -0.00226424   0.00141508    -0.01723199   0.00148068
    9    6
 -0.08402912   0.00341197     0.02113032  -0.00850761    -0.02113032   0.00850761
 -0.02113032   0.00850761     0.01508825   0.00386254     0.00597696  -0.01096406
  0.02113032  -0.00850761     0.00597696  -0.01096406     0.01508825   0.00386254
    9    7
  0.04615531   0.00000000    -0.01970375   0.00580302     0.01970375  -0.00580302
  0.01970375   0.00580302    -0.01356342   0.00000000    -0.01435845   0.00000000
 -0.01970375  -0.00580302    -0.01435845  -0.00000000    -0.01356342  -0.00000000
    9    8
 -0.04048554   0.01512211    -0.01212530  -0.00812088     0.01212530   0.00812088
 -0.01212530  -0.00812088    -0.02221767   0.00926422     0.01977780  -0.01386814
  0.01212530   0.00812088     0.01977780  -0.01386814    -0.02221767   0.00926422
    9    9
  0.10630529  -0.00000000     0.00832192   0.00487319    -0.00832192  -0.00487319
  0.00832192  -0.00487319     0.08041514  -0.00000000    -0.00562134   0.00000000
 -0.00832192   0.00487319    -0.00562134   0.00000000     0.08041514   0.00000000
    9   10
  0.03434520  -0.00000000     0.01530121  -0.00160373     0.02225520   0.00202668
  0.01530121   0.00160373     0.01819400  -0.00000000    -0.00436680  -0.00326148
 -0.02225520   0.00202668     0.00436680  -0.00326148    -0.05669413   0.00000000
    9   11
 -0.03201158   0.01545982    -0.02873861   0.00565386    -0.01505785  -0.00165399
 -0.02873861   0.00565386    -0.01723199   0.00148068    -0.00226424   0.00141508
  0.01505785   0.00165399     0.00226424  -0.00141508     0.02113333  -0.00577537
   10    1
  0.07016116  -0.06441786    -0.00112430  -0.02106559    -0.00112430  -0.02106559
  0.02345252  -0.01321239    -0.00787765   0.00709259    -0.01015457   0.02568375
  0.02345252  -0.01321239    -0.01015457   0.02568375    -0.00787765   0.00709259
   10    2
 -0.00161220  -0.00009639     0.00929256   0.00590619     0.00929256   0.00590619
 -0.00062443   0.01040073     0.01068345  -0.00815518     0.00631346  -0.01117439
 -0.00062443   0.01040073     0.00631346  -0.01117439     0.01068345  -0.00815518
   10    3
 -0.01780876   0.00914925     0.02223232  -0.00201392     0.02223232  -0.00201392
  0.02266567   0.00305357    -0.01525709   0.00578212    -0.02300362  -0.00471656
  0.02266567   0.00305357    -0.02300362  -0.00471656    -0.01525709   0.00578212
   10    4
  0.04615531   0.00000000    -0.01970375   0.00580302    -0.01970375   0.00580302
  0.01970375   0.00580302    -0.01356342   0.00000000     0.01435845   0.00000000
  0.01970375   0.00580302     0.01435845   0.00000000    -0.01356342   0.00000000
   10    5
 -0.08402912   0.00341197     0.02113032  -0.00850761     0.02113032  -0.00850761
 -0.02113032   0.00850761     0.01508825   0.00386254    -0.00597696   0.01096406
 -0.02113032   0.00850761    -0.00597696   0.01096406     0.01508825   0.00386254
   10    6
 -0.03201158   0.01545982     0.01505785   0.00165399    -0.02873861   0.00565386
 -0.01505785  -0.00165399     0.02113333  -0.00577537    -0.00226424   0.00141508
 -0.02873861   0.00565386     0.00226424  -0.00141508    -0.01723199   0.00148068
   10    7
  0.03434520   0.00000000    -0.02225520  -0.00202668     0.01530121  -0.00160373
  0.02225520  -0.00202668    -0.05669413  -0.00000000    -0.00436680   0.00326148
  0.01530121   0.00160373     0.00436680   0.00326148     0.01819400   0.00000000
   10    8
 -0.03201158   0.01545982    -0.02873861   0.00565386     0.01505785   0.00165399
 -0.02873861   0.00565386    -0.01723199   0.00148068     0.00226424  -0.00141508
 -0.01505785  -0.00165399    -0.00226424   0.00141508     0.02113333  -0.00577537
   10    9
  0.03434520   0.00000000     0.01530121  -0.00160373    -0.02225520  -0.00202668
  0.01530121   0.00160373     0.01819400   0.00000000     0.00436680   0.00326148
  0.02225520  -0.00202668    -0.00436680   0.00326148    -0.05669413  -0.00000000
   10   10
  0.10630529  -0.00000000     0.00832192   0.00487319     0.00832192   0.00487319
  0.00832192  -0.00487319     0.08041514  -0.00000000     0.00562134  -0.00000000
  0.00832192  -0.00487319     0.00562134  -0.00000000     0.08041514   0.00000000
   10   11
 -0.04048554   0.01512211    -0.01212530  -0.00812088    -0.01212530  -0.00812088
 -0.01212530  -0.00812088    -0.02221767   0.00926422    -0.01977780   0.01386814
 -0.01212530  -0.00812088    -0.01977780   0.01386814    -0.02221767   0.00926422
   11    1
 -0.09086808   0.02855241    -0.01768119  -0.01150647    -0.01768119  -0.01150647
 -0.02316852   0.01370428     0.01008119  -0.00327595     0.02732006   0.00404776
 -0.02316852   0.01370428     0.02732006   0.00404776     0.01008119  -0.00327595
   11    2
 -0.01780876  -0.00914925     0.02223232   0.00201392     0.02223232   0.00201392
  0.02266567  -0.00305357    -0.01525709  -0.00578212    -0.02300362   0.00471656
  0.02266567  -0.00305357    -0.02300362   0.00471656    -0.01525709  -0.00578212
   11    3
 -0.00161220   0.00009639     0.00929256  -0.00590619     0.00929256  -0.00590619
 -0.00062443  -0.01040073     0.01068345   0.00815518     0.00631346   0.01117439
 -0.00062443  -0.01040073     0.00631346   0.01117439     0.01068345   0.00815518
   11    4
 -0.08402912  -0.00341197     0.02113032   0.00850761     0.02113032   0.00850761
 -0.02113032  -0.00850761     0.01508825  -0.00386254    -0.00597696  -0.01096406
 -0.02113032  -0.00850761    -0.00597696  -0.01096406     0.01508825  -0.00386254
   11    5
  0.04615531  -0.00000000    -0.01970375  -0.00580302    -0.01970375  -0.00580302
  0.01970375  -0.00580302    -0.01356342  -0.00000000     0.01435845  -0.00000000
  0.01970375  -0.00580302     0.01435845  -0.00000000    -0.01356342  -0.00000000
   11    6
  0.03434520  -0.00000000    -0.02225520   0.00202668     0.01530121   0.00160373
  0.02225520   0.00202668    -0.05669413   0.00000000    -0.00436680  -0.00326148
  0.01530121  -0.00160373     0.00436680  -0.00326148     0.01819400  -0.00000000
   11    7
 -0.03201158  -0.01545982     0.01505785  -0.00165399    -0.02873861  -0.00565386
 -0.01505785   0.00165399     0.02113333   0.00577537    -0.00226424  -0.00141508
 -0.02873861  -0.00565386     0.00226424   0.00141508    -0.01723199  -0.00148068
   11    8
  0.03434520  -0.00000000     0.01530121   0.00160373    -0.02225520   0.00202668
  0.01530121  -0.00160373     0.01819400  -0.00000000     0.00436680  -0.00326148
  0.02225520   0.00202668    -0.00436680  -0.00326148    -0.05669413   0.00000000
   11    9
 -0.03201158  -0.01545982    -0.02873861  -0.00565386     0.01505785  -0.00165399
 -0.02873861  -0.00565386    -0.01723199  -0.00148068     0.00226424   0.00141508
 -0.01505785   0.00165399    -0.00226424  -0.00141508     0.02113333   0.00577537
   11   10
 -0.04048554  -0.01512211    -0.01212530   0.00812088    -0.01212530   0.00812088
 -0.01212530   0.00812088    -0.02221767  -0.00926422    -0.01977780  -0.01386814
 -0.01212530   0.00812088    -0.01977780  -0.01386814    -0.02221767  -0.00926422
   11   11
  0.10630529   0.00000000     0.00832192  -0.00487319     0.00832192  -0.00487319
  0.00832192   0.00487319     0.08041514   0.00000000     0.00562134   0.00000000
  0.00832192   0.00487319     0.00562134   0.00000000     0.08041514  -0.00000000

     Dynamical  Matrix in cartesian axes

     q = (   -0.235702260   0.000000000   0.000000000 ) 

    1    1
  0.27016564   0.00000000     0.00000000   0.00000000    -0.00000000   0.00000000
  0.00000000   0.00000000     0.10974182   0.00000000     0.00000000   0.00000000
 -0.00000000   0.00000000    -0.00000000   0.00000000     0.10974182   0.00000000
    1    2
  0.03094113   0.01786387     0.00000000  -0.00000000     0.00000000   0.00000000
  0.00000000  -0.00000000    -0.04347058  -0.02509775    -0.00423452   0.00733441
  0.00000000  -0.00000000    -0.00423452   0.00733441    -0.04347058  -0.02509775
    1    3
  0.00000000   0.03572774     0.00000000   0.00000000     0.00000000   0.00000000
 -0.00000000  -0.00000000    -0.00000000  -0.05019550     0.00846904  -0.00000000
  0.00000000   0.00000000     0.00846904  -0.00000000    -0.00000000  -0.05019550
    1    4
  0.07016116  -0.06441786    -0.02345252   0.01321239    -0.02345252   0.01321239
  0.00112430   0.02106559    -0.00787765   0.00709259    -0.01015457   0.02568375
  0.00112430   0.02106559    -0.01015457   0.02568375    -0.00787765   0.00709259
    1    5
 -0.09086808   0.02855241     0.02316852  -0.01370428     0.02316852  -0.01370428
  0.01768119   0.01150647     0.01008119  -0.00327595     0.02732006   0.00404776
  0.01768119   0.01150647     0.02732006   0.00404776     0.01008119  -0.00327595
    1    6
 -0.09086808   0.02855241     0.02316852  -0.01370428    -0.02316852   0.01370428
  0.01768119   0.01150647     0.01008119  -0.00327595    -0.02732006  -0.00404776
 -0.01768119  -0.01150647    -0.02732006  -0.00404776     0.01008119  -0.00327595
    1    7
  0.07016116  -0.06441786    -0.02345252   0.01321239     0.02345252  -0.01321239
  0.00112430   0.02106559    -0.00787765   0.00709259     0.01015457  -0.02568375
 -0.00112430  -0.02106559     0.01015457  -0.02568375    -0.00787765   0.00709259
    1    8
 -0.09086808   0.02855241    -0.02316852   0.01370428     0.02316852  -0.01370428
 -0.01768119  -0.01150647     0.01008119  -0.00327595    -0.02732006  -0.00404776
  0.01768119   0.01150647    -0.02732006  -0.00404776     0.01008119  -0.00327595
    1    9
  0.07016116  -0.06441786     0.02345252  -0.01321239    -0.02345252   0.01321239
 -0.00112430  -0.02106559    -0.00787765   0.00709259     0.01015457  -0.02568375
  0.00112430   0.02106559     0.01015457  -0.02568375    -0.00787765   0.00709259
    1   10
  0.07016116  -0.06441786     0.02345252  -0.01321239     0.02345252  -0.01321239
 -0.00112430  -0.02106559    -0.00787765   0.00709259    -0.01015457   0.02568375
 -0.00112430  -0.02106559    -0.01015457   0.02568375    -0.00787765   0.00709259
    1   11
 -0.09086808   0.02855241    -0.02316852   0.01370428    -0.02316852   0.01370428
 -0.01768119  -0.01150647     0.01008119  -0.00327595     0.02732006   0.00404776
 -0.01768119  -0.01150647     0.02732006   0.00404776     0.01008119  -0.00327595
    2    1
  0.03094113  -0.01786387     0.00000000  -0.00000000     0.00000000   0.00000000
  0.00000000   0.00000000    -0.04347058   0.02509775    -0.00423452  -0.00733441
  0.00000000  -0.00000000    -0.00423452  -0.00733441    -0.04347058   0.02509775
    2    2
  0.09967393   0.00000000     0.00000000   0.00000000    -0.00000000  -0.00000000
  0.00000000  -0.00000000     0.07449129  -0.00000000     0.00000000   0.00000000
 -0.00000000  -0.00000000     0.00000000   0.00000000     0.07449129  -0.00000000
    2    3
  0.01187343   0.02056539    -0.00000000   0.00000000     0.00000000  -0.00000000
  0.00000000  -0.00000000     0.00217759   0.00377170    -0.00444007   0.00256348
 -0.00000000   0.00000000    -0.00444007   0.00256348     0.00217759   0.00377170
    2    4
 -0.00161220  -0.00009639     0.00062443  -0.01040073     0.00062443  -0.01040073
 -0.00929256  -0.00590619     0.01068345  -0.00815518     0.00631346  -0.01117439
 -0.00929256  -0.00590619     0.00631346  -0.01117439     0.01068345  -0.00815518
    2    5
 -0.01780876  -0.00914925    -0.02266567   0.00305357    -0.02266567   0.00305357
 -0.02223232  -0.00201392    -0.01525709  -0.00578212    -0.02300362   0.00471656
 -0.02223232  -0.00201392    -0.02300362   0.00471656    -0.01525709  -0.00578212
    2    6
 -0.00088957  -0.00134802    -0.00869508   0.00574114     0.00869508  -0.00574114
 -0.00976120  -0.00509450    -0.00172087   0.01332972     0.00652058  -0.01105481
  0.00976120   0.00509450     0.00652058  -0.01105481    -0.00172087   0.01332972
    2    7
 -0.01682786  -0.01084822    -0.00868836  -0.02115583     0.00868836   0.02115583
 -0.01286026  -0.01824680    -0.01263601  -0.01032197     0.00741715   0.02228000
  0.01286026   0.01824680     0.00741715   0.02228000    -0.01263601  -0.01032197
    2    8
 -0.00088957  -0.00134802     0.00869508  -0.00574114    -0.00869508   0.00574114
  0.00976120   0.00509450    -0.00172087   0.01332972     0.00652058  -0.01105481
 -0.00976120  -0.00509450     0.00652058  -0.01105481    -0.00172087   0.01332972
    2    9
 -0.01682786  -0.01084822     0.00868836   0.02115583    -0.00868836  -0.02115583
  0.01286026   0.01824680    -0.01263601  -0.01032197     0.00741715   0.02228000
 -0.01286026  -0.01824680     0.00741715   0.02228000    -0.01263601  -0.01032197
    2   10
 -0.00161220  -0.00009639    -0.00062443   0.01040073    -0.00062443   0.01040073
  0.00929256   0.00590619     0.01068345  -0.00815518     0.00631346  -0.01117439
  0.00929256   0.00590619     0.00631346  -0.01117439     0.01068345  -0.00815518
    2   11
 -0.01780876  -0.00914925     0.02266567  -0.00305357     0.02266567  -0.00305357
  0.02223232   0.00201392    -0.01525709  -0.00578212    -0.02300362   0.00471656
  0.02223232   0.00201392    -0.02300362   0.00471656    -0.01525709  -0.00578212
    3    1
  0.00000000  -0.03572774    -0.00000000   0.00000000     0.00000000  -0.00000000
 -0.00000000  -0.00000000    -0.00000000   0.05019550     0.00846904   0.00000000
 -0.00000000   0.00000000     0.00846904  -0.00000000    -0.00000000   0.05019550
    3    2
  0.01187343  -0.02056539    -0.00000000   0.00000000     0.00000000   0.00000000
  0.00000000   0.00000000     0.00217759  -0.00377170    -0.00444007  -0.00256348
 -0.00000000  -0.00000000    -0.00444007  -0.00256348     0.00217759  -0.00377170
    3    3
  0.09967393  -0.00000000     0.00000000  -0.00000000    -0.00000000   0.00000000
  0.00000000   0.00000000     0.07449129   0.00000000     0.00000000  -0.00000000
 -0.00000000   0.00000000     0.00000000  -0.00000000     0.07449129   0.00000000
    3    4
 -0.01780876   0.00914925    -0.02266567  -0.00305357    -0.02266567  -0.00305357
 -0.02223232   0.00201392    -0.01525709   0.00578212    -0.02300362  -0.00471656
 -0.02223232   0.00201392    -0.02300362  -0.00471656    -0.01525709   0.00578212
    3    5
 -0.00161220   0.00009639     0.00062443   0.01040073     0.00062443   0.01040073
 -0.00929256   0.00590619     0.01068345   0.00815518     0.00631346   0.01117439
 -0.00929256   0.00590619     0.00631346   0.01117439     0.01068345   0.00815518
    3    6
 -0.01682786   0.01084822    -0.00868836   0.02115583     0.00868836  -0.02115583
 -0.01286026   0.01824680    -0.01263601   0.01032197     0.00741715  -0.02228000
  0.01286026  -0.01824680     0.00741715  -0.02228000    -0.01263601   0.01032197
    3    7
 -0.00088957   0.00134802    -0.00869508  -0.00574114     0.00869508   0.00574114
 -0.00976120   0.00509450    -0.00172087  -0.01332972     0.00652058   0.01105481
  0.00976120  -0.00509450     0.00652058   0.01105481    -0.00172087  -0.01332972
    3    8
 -0.01682786   0.01084822     0.00868836  -0.02115583    -0.00868836   0.02115583
  0.01286026  -0.01824680    -0.01263601   0.01032197     0.00741715  -0.02228000
 -0.01286026   0.01824680     0.00741715  -0.02228000    -0.01263601   0.01032197
    3    9
 -0.00088957   0.00134802     0.00869508   0.00574114    -0.00869508  -0.00574114
  0.00976120  -0.00509450    -0.00172087  -0.01332972     0.00652058   0.01105481
 -0.00976120   0.00509450     0.00652058   0.01105481    -0.00172087  -0.01332972
    3   10
 -0.01780876   0.00914925     0.02266567   0.00305357     0.02266567   0.00305357
  0.02223232  -0.00201392    -0.01525709   0.00578212    -0.02300362  -0.00471656
  0.02223232  -0.00201392    -0.02300362  -0.00471656    -0.01525709   0.00578212
    3   11
 -0.00161220   0.00009639    -0.00062443  -0.01040073    -0.00062443  -0.01040073
  0.00929256  -0.00590619     0.01068345   0.00815518     0.00631346   0.01117439
  0.00929256  -0.00590619     0.00631346   0.01117439     0.01068345   0.00815518
    4    1
  0.07016116   0.06441786     0.00112430  -0.02106559     0.00112430  -0.02106559
