  3.500000000000000E-002   1.50273456926983        5.55224362354358     
           6

     Dynamical  Matrix in cartesian axes

     q = (    0.471404521   0.000000000   0.000000000 ) 

    1    1
  0.26042909   0.00000000     0.00000000   0.00000000     0.00000000   0.00000000
  0.00000000   0.00000000     0.09958286   0.00000000    -0.00000000   0.00000000
  0.00000000   0.00000000    -0.00000000   0.00000000     0.09958286   0.00000000
    1    2
  0.00946167  -0.01638809     0.00000000  -0.00000000     0.00000000  -0.00000000
  0.00000000   0.00000000    -0.01509700   0.02614878    -0.01964709  -0.01134325
  0.00000000  -0.00000000    -0.01964709  -0.01134325    -0.01509700   0.02614878
    1    3
 -0.01892333  -0.00000000     0.00000000   0.00000000     0.00000000   0.00000000
  0.00000000   0.00000000     0.03019401   0.00000000     0.00000000  -0.02268650
  0.00000000   0.00000000     0.00000000  -0.02268650     0.03019401   0.00000000
    1    4
  0.04171166  -0.03214141    -0.01608934   0.00838298    -0.01608934   0.00838298
 -0.01309304   0.00352346    -0.00404891   0.00836174    -0.01840479   0.00351662
 -0.01309304   0.00352346    -0.01840479   0.00351662    -0.00404891   0.00836174
    1    5
 -0.04869111   0.02005265     0.01530454  -0.00974229     0.01530454  -0.00974229
  0.00959793  -0.00957717     0.00926593   0.00067440     0.01224787  -0.01418070
  0.00959793  -0.00957717     0.01224787  -0.01418070     0.00926593   0.00067440
    1    6
 -0.04869111   0.02005265     0.01530454  -0.00974229    -0.01530454   0.00974229
  0.00959793  -0.00957717     0.00926593   0.00067440    -0.01224787   0.01418070
 -0.00959793   0.00957717    -0.01224787   0.01418070     0.00926593   0.00067440
    1    7
  0.04171166  -0.03214141    -0.01608934   0.00838298     0.01608934  -0.00838298
 -0.01309304   0.00352346    -0.00404891   0.00836174     0.01840479  -0.00351662
  0.01309304  -0.00352346     0.01840479  -0.00351662    -0.00404891   0.00836174
    1    8
 -0.04869111   0.02005265    -0.01530454   0.00974229     0.01530454  -0.00974229
 -0.00959793   0.00957717     0.00926593   0.00067440    -0.01224787   0.01418070
  0.00959793  -0.00957717    -0.01224787   0.01418070     0.00926593   0.00067440
    1    9
  0.04171166  -0.03214141     0.01608934  -0.00838298    -0.01608934   0.00838298
  0.01309304  -0.00352346    -0.00404891   0.00836174     0.01840479  -0.00351662
 -0.01309304   0.00352346     0.01840479  -0.00351662    -0.00404891   0.00836174
    1   10
  0.04171166  -0.03214141     0.01608934  -0.00838298     0.01608934  -0.00838298
  0.01309304  -0.00352346    -0.00404891   0.00836174    -0.01840479   0.00351662
  0.01309304  -0.00352346    -0.01840479   0.00351662    -0.00404891   0.00836174
    1   11
 -0.04869111   0.02005265    -0.01530454   0.00974229    -0.01530454   0.00974229
 -0.00959793   0.00957717     0.00926593   0.00067440     0.01224787  -0.01418070
 -0.00959793   0.00957717     0.01224787  -0.01418070     0.00926593   0.00067440
    2    1
  0.00946167   0.01638809     0.00000000  -0.00000000     0.00000000   0.00000000
  0.00000000   0.00000000    -0.01509700  -0.02614878    -0.01964709   0.01134325
  0.00000000   0.00000000    -0.01964709   0.01134325    -0.01509700  -0.02614878
    2    2
  0.10191628   0.00000000     0.00000000  -0.00000000    -0.00000000  -0.00000000
 -0.00000000  -0.00000000     0.07392011   0.00000000     0.00000000  -0.00000000
 -0.00000000  -0.00000000     0.00000000  -0.00000000     0.07392011  -0.00000000
    2    3
 -0.00799591  -0.01384931    -0.00000000   0.00000000     0.00000000  -0.00000000
  0.00000000   0.00000000    -0.00049096  -0.00085037    -0.01604950   0.00926619
  0.00000000  -0.00000000    -0.01604950   0.00926619    -0.00049096  -0.00085037
    2    4
 -0.00551495  -0.01668310     0.01039635   0.00314702     0.01039635   0.00314702
  0.00724459   0.00156760     0.00965412  -0.00826833     0.01276241   0.00543247
  0.00724459   0.00156760     0.01276241   0.00543247     0.00965412  -0.00826833
    2    5
 -0.00304586   0.01439872    -0.02326062  -0.00210603    -0.02326062  -0.00210603
 -0.02079595   0.00391142    -0.01936457   0.00577159    -0.02228326   0.00201756
 -0.02079595   0.00391142    -0.02228326   0.00201756    -0.01936457   0.00577159
    2    6
  0.01720546  -0.00356546    -0.00792357  -0.00742999     0.00792357   0.00742999
 -0.00497988  -0.00549020     0.00233352  -0.01249488     0.01108586   0.00833633
  0.00497988   0.00549020     0.01108586   0.00833633     0.00233352  -0.01249488
    2    7
 -0.01094672   0.00983715     0.01345419   0.01909127    -0.01345419  -0.01909127
  0.00701058   0.01996553     0.00468394   0.01965601    -0.00939437  -0.02030665
 -0.00701058  -0.01996553    -0.00939437  -0.02030665     0.00468394   0.01965601
    2    8
  0.01720546  -0.00356546     0.00792357   0.00742999    -0.00792357  -0.00742999
  0.00497988   0.00549020     0.00233352  -0.01249488     0.01108586   0.00833633
 -0.00497988  -0.00549020     0.01108586   0.00833633     0.00233352  -0.01249488
    2    9
 -0.01094672   0.00983715    -0.01345419  -0.01909127     0.01345419   0.01909127
 -0.00701058  -0.01996553     0.00468394   0.01965601    -0.00939437  -0.02030665
  0.00701058   0.01996553    -0.00939437  -0.02030665     0.00468394   0.01965601
    2   10
 -0.00551495  -0.01668310    -0.01039635  -0.00314702    -0.01039635  -0.00314702
 -0.00724459  -0.00156760     0.00965412  -0.00826833     0.01276241   0.00543247
 -0.00724459  -0.00156760     0.01276241   0.00543247     0.00965412  -0.00826833
    2   11
 -0.00304586   0.01439872     0.02326062   0.00210603     0.02326062   0.00210603
  0.02079595  -0.00391142    -0.01936457   0.00577159    -0.02228326   0.00201756
  0.02079595  -0.00391142    -0.02228326   0.00201756    -0.01936457   0.00577159
    3    1
 -0.01892333   0.00000000    -0.00000000  -0.00000000     0.00000000  -0.00000000
  0.00000000   0.00000000     0.03019401  -0.00000000     0.00000000   0.02268650
  0.00000000  -0.00000000     0.00000000   0.02268650     0.03019401  -0.00000000
    3    2
 -0.00799591   0.01384931    -0.00000000   0.00000000     0.00000000   0.00000000
  0.00000000  -0.00000000    -0.00049096   0.00085037    -0.01604950  -0.00926619
  0.00000000   0.00000000    -0.01604950  -0.00926619    -0.00049096   0.00085037
    3    3
  0.10191628  -0.00000000     0.00000000   0.00000000    -0.00000000   0.00000000
 -0.00000000   0.00000000     0.07392011  -0.00000000     0.00000000   0.00000000
 -0.00000000   0.00000000     0.00000000   0.00000000     0.07392011   0.00000000
    3    4
 -0.00304586  -0.01439872    -0.02326062   0.00210603    -0.02326062   0.00210603
 -0.02079595  -0.00391142    -0.01936457  -0.00577159    -0.02228326  -0.00201756
 -0.02079595  -0.00391142    -0.02228326  -0.00201756    -0.01936457  -0.00577159
    3    5
 -0.00551495   0.01668310     0.01039635  -0.00314702     0.01039635  -0.00314702
  0.00724459  -0.00156760     0.00965412   0.00826833     0.01276241  -0.00543247
  0.00724459  -0.00156760     0.01276241  -0.00543247     0.00965412   0.00826833
    3    6
 -0.01094672  -0.00983715     0.01345419  -0.01909127    -0.01345419   0.01909127
  0.00701058  -0.01996553     0.00468394  -0.01965601    -0.00939437   0.02030665
 -0.00701058   0.01996553    -0.00939437   0.02030665     0.00468394  -0.01965601
    3    7
  0.01720546   0.00356546    -0.00792357   0.00742999     0.00792357  -0.00742999
 -0.00497988   0.00549020     0.00233352   0.01249488     0.01108586  -0.00833633
  0.00497988  -0.00549020     0.01108586  -0.00833633     0.00233352   0.01249488
    3    8
 -0.01094672  -0.00983715    -0.01345419   0.01909127     0.01345419  -0.01909127
 -0.00701058   0.01996553     0.00468394  -0.01965601    -0.00939437   0.02030665
  0.00701058  -0.01996553    -0.00939437   0.02030665     0.00468394  -0.01965601
    3    9
  0.01720546   0.00356546     0.00792357  -0.00742999    -0.00792357   0.00742999
  0.00497988  -0.00549020     0.00233352   0.01249488     0.01108586  -0.00833633
 -0.00497988   0.00549020     0.01108586  -0.00833633     0.00233352   0.01249488
    3   10
 -0.00304586  -0.01439872     0.02326062  -0.00210603     0.02326062  -0.00210603
  0.02079595   0.00391142    -0.01936457  -0.00577159    -0.02228326  -0.00201756
  0.02079595   0.00391142    -0.02228326  -0.00201756    -0.01936457  -0.00577159
    3   11
 -0.00551495   0.01668310    -0.01039635   0.00314702    -0.01039635   0.00314702
 -0.00724459   0.00156760     0.00965412   0.00826833     0.01276241  -0.00543247
 -0.00724459   0.00156760     0.01276241  -0.00543247     0.00965412   0.00826833
    4    1
  0.04171166   0.03214141    -0.01309304  -0.00352346    -0.01309304  -0.00352346
 -0.01608934  -0.00838298    -0.00404891  -0.00836174    -0.01840479  -0.00351662
 -0.01608934  -0.00838298    -0.01840479  -0.00351662    -0.00404891  -0.00836174
    4    2
 -0.00551495   0.01668310     0.00724459  -0.00156760     0.00724459  -0.00156760
  0.01039635  -0.00314702     0.00965412   0.00826833     0.01276241  -0.00543247
  0.01039635  -0.00314702     0.01276241  -0.00543247     0.00965412   0.00826833
    4    3
 -0.00304586   0.01439872    -0.02079595   0.00391142    -0.02079595   0.00391142
 -0.02326062  -0.00210603    -0.01936457   0.00577159    -0.02228326   0.00201756
 -0.02326062  -0.00210603    -0.02228326   0.00201756    -0.01936457   0.00577159
    4    4
  0.09371034   0.00000000    -0.00373788  -0.00066538    -0.00373788  -0.00066538
 -0.00373788   0.00066538     0.07155265  -0.00000000     0.00466372   0.00000000
 -0.00373788   0.00066538     0.00466372   0.00000000     0.07155265  -0.00000000
    4    5
 -0.03516628   0.01278932    -0.00290738  -0.00311137    -0.00290738  -0.00311137
 -0.00290738  -0.00311137    -0.02548348  -0.00064441    -0.01467403   0.00456250
 -0.00290738  -0.00311137    -0.01467403   0.00456250    -0.02548348  -0.00064441
    4    6
 -0.01798779   0.01348243     0.02348300  -0.00419426    -0.01225626   0.00471558
  0.02348300  -0.00419426    -0.01385144   0.00459511    -0.00255511  -0.00176039
  0.01225626  -0.00471558     0.00255511   0.00176039     0.01902457   0.00146550
    4    7
  0.02544366   0.00000000    -0.02212267  -0.00087114     0.02101356   0.00029684
 -0.02212267   0.00087114     0.00946096   0.00000000     0.00797472   0.00237081
 -0.02101356   0.00029684    -0.00797472   0.00237081    -0.04638537  -0.00000000
    4    8
 -0.01798779   0.01348243    -0.01225626   0.00471558     0.02348300  -0.00419426
  0.01225626  -0.00471558     0.01902457   0.00146550     0.00255511   0.00176039
  0.02348300  -0.00419426    -0.00255511  -0.00176039    -0.01385144   0.00459511
    4    9
  0.02544366   0.00000000     0.02101356   0.00029684    -0.02212267  -0.00087114
 -0.02101356   0.00029684    -0.04638537  -0.00000000    -0.00797472   0.00237081
 -0.02212267   0.00087114     0.00797472   0.00237081     0.00946096   0.00000000
    4   10
  0.03274041  -0.00000000     0.01975779  -0.00010513     0.01975779  -0.00010513
 -0.01975779  -0.00010513    -0.01005898   0.00000000     0.01497289  -0.00000000
 -0.01975779  -0.00010513     0.01497289   0.00000000    -0.01005898   0.00000000
    4   11
 -0.05516749   0.00573088    -0.02199148   0.00705743    -0.02199148   0.00705743
  0.02199148  -0.00705743     0.01469840  -0.00271386    -0.01297245   0.00091997
  0.02199148  -0.00705743    -0.01297245   0.00091997     0.01469840  -0.00271386
    5    1
 -0.04869111  -0.02005265     0.00959793   0.00957717     0.00959793   0.00957717
  0.01530454   0.00974229     0.00926593  -0.00067440     0.01224787   0.01418070
  0.01530454   0.00974229     0.01224787   0.01418070     0.00926593  -0.00067440
    5    2
 -0.00304586  -0.01439872    -0.02079595  -0.00391142    -0.02079595  -0.00391142
 -0.02326062   0.00210603    -0.01936457  -0.00577159    -0.02228326  -0.00201756
 -0.02326062   0.00210603    -0.02228326  -0.00201756    -0.01936457  -0.00577159
    5    3
 -0.00551495  -0.01668310     0.00724459   0.00156760     0.00724459   0.00156760
  0.01039635   0.00314702     0.00965412  -0.00826833     0.01276241   0.00543247
  0.01039635   0.00314702     0.01276241   0.00543247     0.00965412  -0.00826833
    5    4
 -0.03516628  -0.01278932    -0.00290738   0.00311137    -0.00290738   0.00311137
 -0.00290738   0.00311137    -0.02548348   0.00064441    -0.01467403  -0.00456250
 -0.00290738   0.00311137    -0.01467403  -0.00456250    -0.02548348   0.00064441
    5    5
  0.09371034  -0.00000000    -0.00373788   0.00066538    -0.00373788   0.00066538
 -0.00373788  -0.00066538     0.07155265   0.00000000     0.00466372  -0.00000000
 -0.00373788  -0.00066538     0.00466372  -0.00000000     0.07155265   0.00000000
    5    6
  0.02544366  -0.00000000    -0.02212267   0.00087114     0.02101356  -0.00029684
 -0.02212267  -0.00087114     0.00946096  -0.00000000     0.00797472  -0.00237081
 -0.02101356  -0.00029684    -0.00797472  -0.00237081    -0.04638537   0.00000000
    5    7
 -0.01798779  -0.01348243     0.02348300   0.00419426    -0.01225626  -0.00471558
  0.02348300   0.00419426    -0.01385144  -0.00459511    -0.00255511   0.00176039
  0.01225626   0.00471558     0.00255511  -0.00176039     0.01902457  -0.00146550
    5    8
  0.02544366  -0.00000000     0.02101356  -0.00029684    -0.02212267   0.00087114
 -0.02101356  -0.00029684    -0.04638537   0.00000000    -0.00797472  -0.00237081
 -0.02212267  -0.00087114     0.00797472  -0.00237081     0.00946096  -0.00000000
    5    9
 -0.01798779  -0.01348243    -0.01225626  -0.00471558     0.02348300   0.00419426
  0.01225626   0.00471558     0.01902457  -0.00146550     0.00255511  -0.00176039
  0.02348300   0.00419426    -0.00255511   0.00176039    -0.01385144  -0.00459511
    5   10
 -0.05516749  -0.00573088    -0.02199148  -0.00705743    -0.02199148  -0.00705743
  0.02199148   0.00705743     0.01469840   0.00271386    -0.01297245  -0.00091997
  0.02199148   0.00705743    -0.01297245  -0.00091997     0.01469840   0.00271386
    5   11
  0.03274041   0.00000000     0.01975779   0.00010513     0.01975779   0.00010513
 -0.01975779   0.00010513    -0.01005898  -0.00000000     0.01497289   0.00000000
 -0.01975779   0.00010513     0.01497289   0.00000000    -0.01005898  -0.00000000
    6    1
 -0.04869111  -0.02005265     0.00959793   0.00957717    -0.00959793  -0.00957717
  0.01530454   0.00974229     0.00926593  -0.00067440    -0.01224787  -0.01418070
 -0.01530454  -0.00974229    -0.01224787  -0.01418070     0.00926593  -0.00067440
    6    2
  0.01720546   0.00356546    -0.00497988   0.00549020     0.00497988  -0.00549020
 -0.00792357   0.00742999     0.00233352   0.01249488     0.01108586  -0.00833633
  0.00792357  -0.00742999     0.01108586  -0.00833633     0.00233352   0.01249488
    6    3
 -0.01094672   0.00983715     0.00701058   0.01996553    -0.00701058  -0.01996553
  0.01345419   0.01909127     0.00468394   0.01965601    -0.00939437  -0.02030665
 -0.01345419  -0.01909127    -0.00939437  -0.02030665     0.00468394   0.01965601
    6    4
 -0.01798779  -0.01348243     0.02348300   0.00419426     0.01225626   0.00471558
  0.02348300   0.00419426    -0.01385144  -0.00459511     0.00255511  -0.00176039
 -0.01225626  -0.00471558    -0.00255511   0.00176039     0.01902457  -0.00146550
    6    5
  0.02544366   0.00000000    -0.02212267   0.00087114    -0.02101356   0.00029684
 -0.02212267  -0.00087114     0.00946096   0.00000000    -0.00797472   0.00237081
  0.02101356   0.00029684     0.00797472   0.00237081    -0.04638537  -0.00000000
    6    6
  0.09371034  -0.00000000    -0.00373788   0.00066538     0.00373788  -0.00066538
 -0.00373788  -0.00066538     0.07155265   0.00000000    -0.00466372   0.00000000
  0.00373788   0.00066538    -0.00466372   0.00000000     0.07155265   0.00000000
    6    7
 -0.03516628  -0.01278932    -0.00290738   0.00311137     0.00290738  -0.00311137
 -0.00290738   0.00311137    -0.02548348   0.00064441     0.01467403   0.00456250
  0.00290738  -0.00311137     0.01467403   0.00456250    -0.02548348   0.00064441
    6    8
  0.03274041   0.00000000     0.01975779   0.00010513    -0.01975779  -0.00010513
 -0.01975779   0.00010513    -0.01005898  -0.00000000    -0.01497289   0.00000000
  0.01975779  -0.00010513    -0.01497289  -0.00000000    -0.01005898  -0.00000000
    6    9
 -0.05516749  -0.00573088    -0.02199148  -0.00705743     0.02199148   0.00705743
  0.02199148   0.00705743     0.01469840   0.00271386     0.01297245   0.00091997
 -0.02199148  -0.00705743     0.01297245   0.00091997     0.01469840   0.00271386
    6   10
 -0.01798779  -0.01348243    -0.01225626  -0.00471558    -0.02348300  -0.00419426
  0.01225626   0.00471558     0.01902457  -0.00146550    -0.00255511   0.00176039
 -0.02348300  -0.00419426     0.00255511  -0.00176039    -0.01385144  -0.00459511
    6   11
  0.02544366   0.00000000     0.02101356  -0.00029684     0.02212267  -0.00087114
 -0.02101356  -0.00029684    -0.04638537  -0.00000000     0.00797472   0.00237081
  0.02212267   0.00087114    -0.00797472   0.00237081     0.00946096   0.00000000
    7    1
  0.04171166   0.03214141    -0.01309304  -0.00352346     0.01309304   0.00352346
 -0.01608934  -0.00838298    -0.00404891  -0.00836174     0.01840479   0.00351662
  0.01608934   0.00838298     0.01840479   0.00351662    -0.00404891  -0.00836174
    7    2
 -0.01094672  -0.00983715     0.00701058  -0.01996553    -0.00701058   0.01996553
  0.01345419  -0.01909127     0.00468394  -0.01965601    -0.00939437   0.02030665
 -0.01345419   0.01909127    -0.00939437   0.02030665     0.00468394  -0.01965601
    7    3
  0.01720546  -0.00356546    -0.00497988  -0.00549020     0.00497988   0.00549020
 -0.00792357  -0.00742999     0.00233352  -0.01249488     0.01108586   0.00833633
  0.00792357   0.00742999     0.01108586   0.00833633     0.00233352  -0.01249488
    7    4
  0.02544366  -0.00000000    -0.02212267  -0.00087114    -0.02101356  -0.00029684
 -0.02212267   0.00087114     0.00946096  -0.00000000    -0.00797472  -0.00237081
  0.02101356  -0.00029684     0.00797472  -0.00237081    -0.04638537   0.00000000
    7    5
 -0.01798779   0.01348243     0.02348300  -0.00419426     0.01225626  -0.00471558
  0.02348300  -0.00419426    -0.01385144   0.00459511     0.00255511   0.00176039
 -0.01225626   0.00471558    -0.00255511  -0.00176039     0.01902457   0.00146550
    7    6
 -0.03516628   0.01278932    -0.00290738  -0.00311137     0.00290738   0.00311137
 -0.00290738  -0.00311137    -0.02548348  -0.00064441     0.01467403  -0.00456250
  0.00290738   0.00311137     0.01467403  -0.00456250    -0.02548348  -0.00064441
    7    7
  0.09371034   0.00000000    -0.00373788  -0.00066538     0.00373788   0.00066538
 -0.00373788   0.00066538     0.07155265  -0.00000000    -0.00466372  -0.00000000
  0.00373788  -0.00066538    -0.00466372  -0.00000000     0.07155265  -0.00000000
    7    8
 -0.05516749   0.00573088    -0.02199148   0.00705743     0.02199148  -0.00705743
  0.02199148  -0.00705743     0.01469840  -0.00271386     0.01297245  -0.00091997
 -0.02199148   0.00705743     0.01297245  -0.00091997     0.01469840  -0.00271386
    7    9
  0.03274041  -0.00000000     0.01975779  -0.00010513    -0.01975779   0.00010513
 -0.01975779  -0.00010513    -0.01005898   0.00000000    -0.01497289   0.00000000
  0.01975779   0.00010513    -0.01497289   0.00000000    -0.01005898   0.00000000
    7   10
  0.02544366  -0.00000000     0.02101356   0.00029684     0.02212267   0.00087114
 -0.02101356   0.00029684    -0.04638537   0.00000000     0.00797472  -0.00237081
  0.02212267  -0.00087114    -0.00797472  -0.00237081     0.00946096  -0.00000000
    7   11
 -0.01798779   0.01348243    -0.01225626   0.00471558    -0.02348300   0.00419426
  0.01225626  -0.00471558     0.01902457   0.00146550    -0.00255511  -0.00176039
 -0.02348300   0.00419426     0.00255511   0.00176039    -0.01385144   0.00459511
    8    1
 -0.04869111  -0.02005265    -0.00959793  -0.00957717     0.00959793   0.00957717
 -0.01530454  -0.00974229     0.00926593  -0.00067440    -0.01224787  -0.01418070
  0.01530454   0.00974229    -0.01224787  -0.01418070     0.00926593  -0.00067440
    8    2
  0.01720546   0.00356546     0.00497988  -0.00549020    -0.00497988   0.00549020
  0.00792357  -0.00742999     0.00233352   0.01249488     0.01108586  -0.00833633
 -0.00792357   0.00742999     0.01108586  -0.00833633     0.00233352   0.01249488
    8    3
 -0.01094672   0.00983715    -0.00701058  -0.01996553     0.00701058   0.01996553
 -0.01345419  -0.01909127     0.00468394   0.01965601    -0.00939437  -0.02030665
  0.01345419   0.01909127    -0.00939437  -0.02030665     0.00468394   0.01965601
    8    4
 -0.01798779  -0.01348243     0.01225626   0.00471558     0.02348300   0.00419426
 -0.01225626  -0.00471558     0.01902457  -0.00146550    -0.00255511   0.00176039
  0.02348300   0.00419426     0.00255511  -0.00176039    -0.01385144  -0.00459511
    8    5
  0.02544366   0.00000000    -0.02101356   0.00029684    -0.02212267   0.00087114
  0.02101356   0.00029684    -0.04638537  -0.00000000     0.00797472   0.00237081
 -0.02212267  -0.00087114    -0.00797472   0.00237081     0.00946096   0.00000000
    8    6
  0.03274041   0.00000000    -0.01975779  -0.00010513     0.01975779   0.00010513
  0.01975779  -0.00010513    -0.01005898  -0.00000000    -0.01497289  -0.00000000
 -0.01975779   0.00010513    -0.01497289  -0.00000000    -0.01005898  -0.00000000
    8    7
 -0.05516749  -0.00573088     0.02199148   0.00705743    -0.02199148  -0.00705743
 -0.02199148  -0.00705743     0.01469840   0.00271386     0.01297245   0.00091997
  0.02199148   0.00705743     0.01297245   0.00091997     0.01469840   0.00271386
    8    8
  0.09371034  -0.00000000     0.00373788  -0.00066538    -0.00373788   0.00066538
  0.00373788   0.00066538     0.07155265   0.00000000    -0.00466372   0.00000000
 -0.00373788  -0.00066538    -0.00466372   0.00000000     0.07155265   0.00000000
    8    9
 -0.03516628  -0.01278932     0.00290738  -0.00311137    -0.00290738   0.00311137
  0.00290738  -0.00311137    -0.02548348   0.00064441     0.01467403   0.00456250
 -0.00290738   0.00311137     0.01467403   0.00456250    -0.02548348   0.00064441
    8   10
 -0.01798779  -0.01348243    -0.02348300  -0.00419426    -0.01225626  -0.00471558
 -0.02348300  -0.00419426    -0.01385144  -0.00459511     0.00255511  -0.00176039
  0.01225626   0.00471558    -0.00255511   0.00176039     0.01902457  -0.00146550
    8   11
  0.02544366   0.00000000     0.02212267  -0.00087114     0.02101356  -0.00029684
  0.02212267   0.00087114     0.00946096   0.00000000    -0.00797472   0.00237081
 -0.02101356  -0.00029684     0.00797472   0.00237081    -0.04638537  -0.00000000
    9    1
  0.04171166   0.03214141     0.01309304   0.00352346    -0.01309304  -0.00352346
  0.01608934   0.00838298    -0.00404891  -0.00836174     0.01840479   0.00351662
 -0.01608934  -0.00838298     0.01840479   0.00351662    -0.00404891  -0.00836174
    9    2
 -0.01094672  -0.00983715    -0.00701058   0.01996553     0.00701058  -0.01996553
 -0.01345419   0.01909127     0.00468394  -0.01965601    -0.00939437   0.02030665
  0.01345419  -0.01909127    -0.00939437   0.02030665     0.00468394  -0.01965601
    9    3
  0.01720546  -0.00356546     0.00497988   0.00549020    -0.00497988  -0.00549020
  0.00792357   0.00742999     0.00233352  -0.01249488     0.01108586   0.00833633
 -0.00792357  -0.00742999     0.01108586   0.00833633     0.00233352  -0.01249488
    9    4
  0.02544366  -0.00000000    -0.02101356  -0.00029684    -0.02212267  -0.00087114
  0.02101356  -0.00029684    -0.04638537   0.00000000     0.00797472  -0.00237081
 -0.02212267   0.00087114    -0.00797472  -0.00237081     0.00946096  -0.00000000
    9    5
 -0.01798779   0.01348243     0.01225626  -0.00471558     0.02348300  -0.00419426
 -0.01225626   0.00471558     0.01902457   0.00146550    -0.00255511  -0.00176039
  0.02348300  -0.00419426     0.00255511   0.00176039    -0.01385144   0.00459511
    9    6
 -0.05516749   0.00573088     0.02199148  -0.00705743    -0.02199148   0.00705743
 -0.02199148   0.00705743     0.01469840  -0.00271386     0.01297245  -0.00091997
  0.02199148  -0.00705743     0.01297245  -0.00091997     0.01469840  -0.00271386
    9    7
  0.03274041  -0.00000000    -0.01975779   0.00010513     0.01975779  -0.00010513
  0.01975779   0.00010513    -0.01005898   0.00000000    -0.01497289   0.00000000
 -0.01975779  -0.00010513    -0.01497289   0.00000000    -0.01005898   0.00000000
    9    8
 -0.03516628   0.01278932     0.00290738   0.00311137    -0.00290738  -0.00311137
  0.00290738   0.00311137    -0.02548348  -0.00064441     0.01467403  -0.00456250
 -0.00290738  -0.00311137     0.01467403  -0.00456250    -0.02548348  -0.00064441
    9    9
  0.09371034   0.00000000     0.00373788   0.00066538    -0.00373788  -0.00066538
  0.00373788  -0.00066538     0.07155265  -0.00000000    -0.00466372  -0.00000000
 -0.00373788   0.00066538    -0.00466372  -0.00000000     0.07155265  -0.00000000
    9   10
  0.02544366  -0.00000000     0.02212267   0.00087114     0.02101356   0.00029684
  0.02212267  -0.00087114     0.00946096  -0.00000000    -0.00797472  -0.00237081
 -0.02101356   0.00029684     0.00797472  -0.00237081    -0.04638537   0.00000000
    9   11
 -0.01798779   0.01348243    -0.02348300   0.00419426    -0.01225626   0.00471558
 -0.02348300   0.00419426    -0.01385144   0.00459511     0.00255511   0.00176039
  0.01225626  -0.00471558    -0.00255511  -0.00176039     0.01902457   0.00146550
   10    1
  0.04171166   0.03214141     0.01309304   0.00352346     0.01309304   0.00352346
  0.01608934   0.00838298    -0.00404891  -0.00836174    -0.01840479  -0.00351662
  0.01608934   0.00838298    -0.01840479  -0.00351662    -0.00404891  -0.00836174
   10    2
 -0.00551495   0.01668310    -0.00724459   0.00156760    -0.00724459   0.00156760
 -0.01039635   0.00314702     0.00965412   0.00826833     0.01276241  -0.00543247
 -0.01039635   0.00314702     0.01276241  -0.00543247     0.00965412   0.00826833
   10    3
 -0.00304586   0.01439872     0.02079595  -0.00391142     0.02079595  -0.00391142
  0.02326062   0.00210603    -0.01936457   0.00577159    -0.02228326   0.00201756
  0.02326062   0.00210603    -0.02228326   0.00201756    -0.01936457   0.00577159
   10    4
  0.03274041  -0.00000000    -0.01975779   0.00010513    -0.01975779   0.00010513
  0.01975779   0.00010513    -0.01005898   0.00000000     0.01497289   0.00000000
  0.01975779   0.00010513     0.01497289   0.00000000    -0.01005898   0.00000000
   10    5
 -0.05516749   0.00573088     0.02199148  -0.00705743     0.02199148  -0.00705743
 -0.02199148   0.00705743     0.01469840  -0.00271386    -0.01297245   0.00091997
 -0.02199148   0.00705743    -0.01297245   0.00091997     0.01469840  -0.00271386
   10    6
 -0.01798779   0.01348243     0.01225626  -0.00471558    -0.02348300   0.00419426
 -0.01225626   0.00471558     0.01902457   0.00146550     0.00255511   0.00176039
 -0.02348300   0.00419426    -0.00255511  -0.00176039    -0.01385144   0.00459511
   10    7
  0.02544366   0.00000000    -0.02101356  -0.00029684     0.02212267   0.00087114
  0.02101356  -0.00029684    -0.04638537  -0.00000000    -0.00797472   0.00237081
  0.02212267  -0.00087114     0.00797472   0.00237081     0.00946096   0.00000000
   10    8
 -0.01798779   0.01348243    -0.02348300   0.00419426     0.01225626  -0.00471558
 -0.02348300   0.00419426    -0.01385144   0.00459511    -0.00255511  -0.00176039
 -0.01225626   0.00471558     0.00255511   0.00176039     0.01902457   0.00146550
   10    9
  0.02544366   0.00000000     0.02212267   0.00087114    -0.02101356  -0.00029684
  0.02212267  -0.00087114     0.00946096   0.00000000     0.00797472   0.00237081
  0.02101356  -0.00029684    -0.00797472   0.00237081    -0.04638537  -0.00000000
   10   10
  0.09371034   0.00000000     0.00373788   0.00066538     0.00373788   0.00066538
  0.00373788  -0.00066538     0.07155265  -0.00000000     0.00466372   0.00000000
  0.00373788  -0.00066538     0.00466372   0.00000000     0.07155265  -0.00000000
   10   11
 -0.03516628   0.01278932     0.00290738   0.00311137     0.00290738   0.00311137
  0.00290738   0.00311137    -0.02548348  -0.00064441    -0.01467403   0.00456250
  0.00290738   0.00311137    -0.01467403   0.00456250    -0.02548348  -0.00064441
   11    1
 -0.04869111  -0.02005265    -0.00959793  -0.00957717    -0.00959793  -0.00957717
 -0.01530454  -0.00974229     0.00926593  -0.00067440     0.01224787   0.01418070
 -0.01530454  -0.00974229     0.01224787   0.01418070     0.00926593  -0.00067440
   11    2
 -0.00304586  -0.01439872     0.02079595   0.00391142     0.02079595   0.00391142
  0.02326062  -0.00210603    -0.01936457  -0.00577159    -0.02228326  -0.00201756
  0.02326062  -0.00210603    -0.02228326  -0.00201756    -0.01936457  -0.00577159
   11    3
 -0.00551495  -0.01668310    -0.00724459  -0.00156760    -0.00724459  -0.00156760
 -0.01039635  -0.00314702     0.00965412  -0.00826833     0.01276241   0.00543247
 -0.01039635  -0.00314702     0.01276241   0.00543247     0.00965412  -0.00826833
   11    4
 -0.05516749  -0.00573088     0.02199148   0.00705743     0.02199148   0.00705743
 -0.02199148  -0.00705743     0.01469840   0.00271386    -0.01297245  -0.00091997
 -0.02199148  -0.00705743    -0.01297245  -0.00091997     0.01469840   0.00271386
   11    5
  0.03274041   0.00000000    -0.01975779  -0.00010513    -0.01975779  -0.00010513
  0.01975779  -0.00010513    -0.01005898  -0.00000000     0.01497289  -0.00000000
  0.01975779  -0.00010513     0.01497289   0.00000000    -0.01005898  -0.00000000
   11    6
  0.02544366  -0.00000000    -0.02101356   0.00029684     0.02212267  -0.00087114
  0.02101356   0.00029684    -0.04638537   0.00000000    -0.00797472  -0.00237081
  0.02212267   0.00087114     0.00797472  -0.00237081     0.00946096  -0.00000000
   11    7
 -0.01798779  -0.01348243     0.01225626   0.00471558    -0.02348300  -0.00419426
 -0.01225626  -0.00471558     0.01902457  -0.00146550     0.00255511  -0.00176039
 -0.02348300  -0.00419426    -0.00255511   0.00176039    -0.01385144  -0.00459511
   11    8
  0.02544366  -0.00000000     0.02212267  -0.00087114    -0.02101356   0.00029684
  0.02212267   0.00087114     0.00946096  -0.00000000     0.00797472  -0.00237081
  0.02101356   0.00029684    -0.00797472  -0.00237081    -0.04638537   0.00000000
   11    9
 -0.01798779  -0.01348243    -0.02348300  -0.00419426     0.01225626   0.00471558
 -0.02348300  -0.00419426    -0.01385144  -0.00459511    -0.00255511   0.00176039
 -0.01225626  -0.00471558     0.00255511  -0.00176039     0.01902457  -0.00146550
   11   10
 -0.03516628  -0.01278932     0.00290738  -0.00311137     0.00290738  -0.00311137
  0.00290738  -0.00311137    -0.02548348   0.00064441    -0.01467403  -0.00456250
  0.00290738  -0.00311137    -0.01467403  -0.00456250    -0.02548348   0.00064441
   11   11
  0.09371034  -0.00000000     0.00373788  -0.00066538     0.00373788  -0.00066538
  0.00373788   0.00066538     0.07155265   0.00000000     0.00466372  -0.00000000
  0.00373788   0.00066538     0.00466372  -0.00000000     0.07155265   0.00000000

     Dynamical  Matrix in cartesian axes

     q = (   -0.471404521   0.000000000   0.000000000 ) 

    1    1
  0.26042909   0.00000000     0.00000000   0.00000000    -0.00000000   0.00000000
  0.00000000   0.00000000     0.09958286   0.00000000    -0.00000000   0.00000000
 -0.00000000   0.00000000    -0.00000000   0.00000000     0.09958286   0.00000000
    1    2
  0.00946167   0.01638809    -0.00000000   0.00000000     0.00000000   0.00000000
 -0.00000000   0.00000000    -0.01509700  -0.02614878    -0.01964709   0.01134325
  0.00000000  -0.00000000    -0.01964709   0.01134325    -0.01509700  -0.02614878
    1    3
 -0.01892333   0.00000000     0.00000000  -0.00000000    -0.00000000  -0.00000000
 -0.00000000  -0.00000000     0.03019401  -0.00000000     0.00000000   0.02268650
  0.00000000  -0.00000000     0.00000000   0.02268650     0.03019401  -0.00000000
    1    4
  0.04171166   0.03214141    -0.01608934  -0.00838298    -0.01608934  -0.00838298
 -0.01309304  -0.00352346    -0.00404891  -0.00836174    -0.01840479  -0.00351662
 -0.01309304  -0.00352346    -0.01840479  -0.00351662    -0.00404891  -0.00836174
    1    5
 -0.04869111  -0.02005265     0.01530454   0.00974229     0.01530454   0.00974229
  0.00959793   0.00957717     0.00926593  -0.00067440     0.01224787   0.01418070
  0.00959793   0.00957717     0.01224787   0.01418070     0.00926593  -0.00067440
    1    6
 -0.04869111  -0.02005265     0.01530454   0.00974229    -0.01530454  -0.00974229
  0.00959793   0.00957717     0.00926593  -0.00067440    -0.01224787  -0.01418070
 -0.00959793  -0.00957717    -0.01224787  -0.01418070     0.00926593  -0.00067440
    1    7
  0.04171166   0.03214141    -0.01608934  -0.00838298     0.01608934   0.00838298
 -0.01309304  -0.00352346    -0.00404891  -0.00836174     0.01840479   0.00351662
  0.01309304   0.00352346     0.01840479   0.00351662    -0.00404891  -0.00836174
    1    8
 -0.04869111  -0.02005265    -0.01530454  -0.00974229     0.01530454   0.00974229
 -0.00959793  -0.00957717     0.00926593  -0.00067440    -0.01224787  -0.01418070
  0.00959793   0.00957717    -0.01224787  -0.01418070     0.00926593  -0.00067440
    1    9
  0.04171166   0.03214141     0.01608934   0.00838298    -0.01608934  -0.00838298
  0.01309304   0.00352346    -0.00404891  -0.00836174     0.01840479   0.00351662
 -0.01309304  -0.00352346     0.01840479   0.00351662    -0.00404891  -0.00836174
    1   10
  0.04171166   0.03214141     0.01608934   0.00838298     0.01608934   0.00838298
  0.01309304   0.00352346    -0.00404891  -0.00836174    -0.01840479  -0.00351662
  0.01309304   0.00352346    -0.01840479  -0.00351662    -0.00404891  -0.00836174
    1   11
 -0.04869111  -0.02005265    -0.01530454  -0.00974229    -0.01530454  -0.00974229
 -0.00959793  -0.00957717     0.00926593  -0.00067440     0.01224787   0.01418070
 -0.00959793  -0.00957717     0.01224787   0.01418070     0.00926593  -0.00067440
    2    1
  0.00946167  -0.01638809    -0.00000000   0.00000000    -0.00000000  -0.00000000
  0.00000000   0.00000000    -0.01509700   0.02614878    -0.01964709  -0.01134325
 -0.00000000  -0.00000000    -0.01964709  -0.01134325    -0.01509700   0.02614878
    2    2
  0.10191628  -0.00000000     0.00000000   0.00000000    -0.00000000  -0.00000000
  0.00000000  -0.00000000     0.07392011   0.00000000     0.00000000  -0.00000000
 -0.00000000   0.00000000     0.00000000  -0.00000000     0.07392011   0.00000000
    2    3
 -0.00799591   0.01384931     0.00000000   0.00000000     0.00000000   0.00000000
  0.00000000  -0.00000000    -0.00049096   0.00085037    -0.01604950  -0.00926619
  0.00000000   0.00000000    -0.01604950  -0.00926619    -0.00049096   0.00085037
    2    4
 -0.00551495   0.01668310     0.01039635  -0.00314702     0.01039635  -0.00314702
  0.00724459  -0.00156760     0.00965412   0.00826833     0.01276241  -0.00543247
  0.00724459  -0.00156760     0.01276241  -0.00543247     0.00965412   0.00826833
    2    5
 -0.00304586  -0.01439872    -0.02326062   0.00210603    -0.02326062   0.00210603
 -0.02079595  -0.00391142    -0.01936457  -0.00577159    -0.02228326  -0.00201756
 -0.02079595  -0.00391142    -0.02228326  -0.00201756    -0.01936457  -0.00577159
    2    6
  0.01720546   0.00356546    -0.00792357   0.00742999     0.00792357  -0.00742999
 -0.00497988   0.00549020     0.00233352   0.01249488     0.01108586  -0.00833633
  0.00497988  -0.00549020     0.01108586  -0.00833633     0.00233352   0.01249488
    2    7
 -0.01094672  -0.00983715     0.01345419  -0.01909127    -0.01345419   0.01909127
  0.00701058  -0.01996553     0.00468394  -0.01965601    -0.00939437   0.02030665
 -0.00701058   0.01996553    -0.00939437   0.02030665     0.00468394  -0.01965601
    2    8
  0.01720546   0.00356546     0.00792357  -0.00742999    -0.00792357   0.00742999
  0.00497988  -0.00549020     0.00233352   0.01249488     0.01108586  -0.00833633
 -0.00497988   0.00549020     0.01108586  -0.00833633     0.00233352   0.01249488
    2    9
 -0.01094672  -0.00983715    -0.01345419   0.01909127     0.01345419  -0.01909127
 -0.00701058   0.01996553     0.00468394  -0.01965601    -0.00939437   0.02030665
  0.00701058  -0.01996553    -0.00939437   0.02030665     0.00468394  -0.01965601
    2   10
 -0.00551495   0.01668310    -0.01039635   0.00314702    -0.01039635   0.00314702
 -0.00724459   0.00156760     0.00965412   0.00826833     0.01276241  -0.00543247
 -0.00724459   0.00156760     0.01276241  -0.00543247     0.00965412   0.00826833
    2   11
 -0.00304586  -0.01439872     0.02326062  -0.00210603     0.02326062  -0.00210603
  0.02079595   0.00391142    -0.01936457  -0.00577159    -0.02228326  -0.00201756
  0.02079595   0.00391142    -0.02228326  -0.00201756    -0.01936457  -0.00577159
    3    1
 -0.01892333  -0.00000000    -0.00000000   0.00000000     0.00000000   0.00000000
  0.00000000  -0.00000000     0.03019401   0.00000000     0.00000000  -0.02268650
  0.00000000   0.00000000     0.00000000  -0.02268650     0.03019401   0.00000000
    3    2
 -0.00799591  -0.01384931     0.00000000   0.00000000     0.00000000  -0.00000000
  0.00000000   0.00000000    -0.00049096  -0.00085037    -0.01604950   0.00926619
  0.00000000  -0.00000000    -0.01604950   0.00926619    -0.00049096  -0.00085037
    3    3
  0.10191628   0.00000000     0.00000000  -0.00000000    -0.00000000   0.00000000
  0.00000000   0.00000000     0.07392011  -0.00000000     0.00000000   0.00000000
 -0.00000000  -0.00000000     0.00000000   0.00000000     0.07392011  -0.00000000
    3    4
 -0.00304586   0.01439872    -0.02326062  -0.00210603    -0.02326062  -0.00210603
 -0.02079595   0.00391142    -0.01936457   0.00577159    -0.02228326   0.00201756
 -0.02079595   0.00391142    -0.02228326   0.00201756    -0.01936457   0.00577159
    3    5
 -0.00551495  -0.01668310     0.01039635   0.00314702     0.01039635   0.00314702
  0.00724459   0.00156760     0.00965412  -0.00826833     0.01276241   0.00543247
  0.00724459   0.00156760     0.01276241   0.00543247     0.00965412  -0.00826833
    3    6
 -0.01094672   0.00983715     0.01345419   0.01909127    -0.01345419  -0.01909127
  0.00701058   0.01996553     0.00468394   0.01965601    -0.00939437  -0.02030665
 -0.00701058  -0.01996553    -0.00939437  -0.02030665     0.00468394   0.01965601
    3    7
  0.01720546  -0.00356546    -0.00792357  -0.00742999     0.00792357   0.00742999
 -0.00497988  -0.00549020     0.00233352  -0.01249488     0.01108586   0.00833633
  0.00497988   0.00549020     0.01108586   0.00833633     0.00233352  -0.01249488
    3    8
 -0.01094672   0.00983715    -0.01345419  -0.01909127     0.01345419   0.01909127
 -0.00701058  -0.01996553     0.00468394   0.01965601    -0.00939437  -0.02030665
  0.00701058   0.01996553    -0.00939437  -0.02030665     0.00468394   0.01965601
    3    9
  0.01720546  -0.00356546     0.00792357   0.00742999    -0.00792357  -0.00742999
  0.00497988   0.00549020     0.00233352  -0.01249488     0.01108586   0.00833633
 -0.00497988  -0.00549020     0.01108586   0.00833633     0.00233352  -0.01249488
    3   10
 -0.00304586   0.01439872     0.02326062   0.00210603     0.02326062   0.00210603
  0.02079595  -0.00391142    -0.01936457   0.00577159    -0.02228326   0.00201756
  0.02079595  -0.00391142    -0.02228326   0.00201756    -0.01936457   0.00577159
    3   11
 -0.00551495  -0.01668310    -0.01039635  -0.00314702    -0.01039635  -0.00314702
 -0.00724459  -0.00156760     0.00965412  -0.00826833     0.01276241   0.00543247
 -0.00724459  -0.00156760     0.01276241   0.00543247     0.00965412  -0.00826833
    4    1
  0.04171166  -0.03214141    -0.01309304   0.00352346    -0.01309304   0.00352346
