  1.500000000000000E-002   1.50252848524039        5.64359138813530     
           4

     Dynamical  Matrix in cartesian axes

     q = (   -0.353553391  -0.353553391   0.353553391 ) 

    1    1
  0.21751760   0.00000000     0.07523520   0.00000000    -0.07523520   0.00000000
  0.07523520   0.00000000     0.21751760   0.00000000    -0.07523520   0.00000000
 -0.07523520   0.00000000    -0.07523520   0.00000000     0.21751760   0.00000000
    1    2
  0.01357605  -0.00000000     0.03959642  -0.00000000    -0.03959642   0.00000000
  0.03959642  -0.00000000     0.01357605  -0.00000000    -0.03959642   0.00000000
 -0.03959642   0.00000000    -0.03959642   0.00000000     0.01357605  -0.00000000
    1    3
 -0.01357605   0.00000000    -0.03959642   0.00000000     0.03959642  -0.00000000
 -0.03959642   0.00000000    -0.01357605   0.00000000     0.03959642  -0.00000000
  0.03959642  -0.00000000     0.03959642  -0.00000000    -0.01357605   0.00000000
    1    4
  0.03260846  -0.00000000     0.00379716  -0.00000000    -0.02294749   0.00000000
  0.00379716  -0.00000000     0.03260846  -0.00000000    -0.02294749   0.00000000
 -0.01069494   0.00000000    -0.01069494   0.00000000    -0.04718249   0.00000000
    1    5
 -0.03260846   0.00000000    -0.00379716   0.00000000     0.02294749  -0.00000000
 -0.00379716   0.00000000    -0.03260846   0.00000000     0.02294749  -0.00000000
  0.01069494  -0.00000000     0.01069494  -0.00000000     0.04718249  -0.00000000
    1    6
 -0.05147214   0.00000000     0.00051062  -0.00000000    -0.00051062   0.00000000
  0.00051062  -0.00000000    -0.05147214   0.00000000    -0.00051062   0.00000000
 -0.00051062   0.00000000    -0.00051062   0.00000000    -0.05147214   0.00000000
    1    7
  0.05147214  -0.00000000    -0.00051062   0.00000000     0.00051062  -0.00000000
 -0.00051062   0.00000000     0.05147214  -0.00000000     0.00051062  -0.00000000
  0.00051062  -0.00000000     0.00051062  -0.00000000     0.05147214  -0.00000000
    1    8
 -0.04718249   0.00000000     0.01069494  -0.00000000    -0.01069494   0.00000000
  0.02294749  -0.00000000     0.03260846  -0.00000000    -0.00379716   0.00000000
 -0.02294749   0.00000000    -0.00379716   0.00000000     0.03260846  -0.00000000
    1    9
  0.04718249  -0.00000000    -0.01069494   0.00000000     0.01069494  -0.00000000
 -0.02294749   0.00000000    -0.03260846   0.00000000     0.00379716  -0.00000000
  0.02294749  -0.00000000     0.00379716  -0.00000000    -0.03260846   0.00000000
    1   10
  0.03260846  -0.00000000     0.02294749  -0.00000000    -0.00379716   0.00000000
  0.01069494  -0.00000000    -0.04718249   0.00000000    -0.01069494   0.00000000
 -0.00379716   0.00000000    -0.02294749   0.00000000     0.03260846  -0.00000000
    1   11
 -0.03260846   0.00000000    -0.02294749   0.00000000     0.00379716  -0.00000000
 -0.01069494   0.00000000     0.04718249  -0.00000000     0.01069494  -0.00000000
  0.00379716  -0.00000000     0.02294749  -0.00000000    -0.03260846   0.00000000
    2    1
  0.01357605   0.00000000     0.03959642   0.00000000    -0.03959642  -0.00000000
  0.03959642   0.00000000     0.01357605   0.00000000    -0.03959642  -0.00000000
 -0.03959642  -0.00000000    -0.03959642  -0.00000000     0.01357605   0.00000000
    2    2
  0.09129092   0.00000000    -0.01000400   0.00000000     0.01000400   0.00000000
 -0.01000400   0.00000000     0.09129092   0.00000000     0.01000400   0.00000000
  0.01000400   0.00000000     0.01000400   0.00000000     0.09129092   0.00000000
    2    3
 -0.02054798   0.00000000     0.00609119   0.00000000    -0.00609119   0.00000000
  0.00609119   0.00000000    -0.02054798   0.00000000    -0.00609119   0.00000000
 -0.00609119   0.00000000    -0.00609119   0.00000000    -0.02054798   0.00000000
    2    4
  0.02567832   0.00000000     0.00601580   0.00000000     0.00305109   0.00000000
  0.00601580   0.00000000     0.02567832   0.00000000     0.00305109   0.00000000
  0.00796782   0.00000000     0.00796782   0.00000000     0.02098648   0.00000000
    2    5
 -0.02855325   0.00000000    -0.01145391   0.00000000    -0.02443549   0.00000000
 -0.01145391   0.00000000    -0.02855325   0.00000000    -0.02443549   0.00000000
 -0.03861592   0.00000000    -0.03861592   0.00000000    -0.02742187   0.00000000
    2    6
 -0.00363512   0.00000000    -0.00253185   0.00000000     0.00253185   0.00000000
 -0.00253185   0.00000000    -0.00363512   0.00000000     0.00253185   0.00000000
  0.00253185   0.00000000     0.00253185   0.00000000    -0.00363512   0.00000000
    2    7
  0.00824505   0.00000000     0.01776639   0.00000000    -0.01776639   0.00000000
  0.01776639   0.00000000     0.00824505   0.00000000    -0.01776639   0.00000000
 -0.01776639   0.00000000    -0.01776639   0.00000000     0.00824505   0.00000000
    2    8
  0.02098648   0.00000000    -0.00796782   0.00000000     0.00796782   0.00000000
 -0.00305109   0.00000000     0.02567832   0.00000000    -0.00601580   0.00000000
  0.00305109   0.00000000    -0.00601580   0.00000000     0.02567832   0.00000000
    2    9
 -0.02742187   0.00000000     0.03861592   0.00000000    -0.03861592   0.00000000
  0.02443549   0.00000000    -0.02855325   0.00000000     0.01145391   0.00000000
 -0.02443549   0.00000000     0.01145391   0.00000000    -0.02855325   0.00000000
    2   10
  0.02567832   0.00000000    -0.00305109   0.00000000    -0.00601580   0.00000000
 -0.00796782   0.00000000     0.02098648   0.00000000     0.00796782   0.00000000
 -0.00601580   0.00000000     0.00305109   0.00000000     0.02567832   0.00000000
    2   11
 -0.02855325   0.00000000     0.02443549   0.00000000     0.01145391   0.00000000
  0.03861592   0.00000000    -0.02742187   0.00000000    -0.03861592   0.00000000
  0.01145391   0.00000000    -0.02443549   0.00000000    -0.02855325   0.00000000
    3    1
 -0.01357605  -0.00000000    -0.03959642  -0.00000000     0.03959642   0.00000000
 -0.03959642  -0.00000000    -0.01357605  -0.00000000     0.03959642   0.00000000
  0.03959642   0.00000000     0.03959642   0.00000000    -0.01357605  -0.00000000
    3    2
 -0.02054798   0.00000000     0.00609119   0.00000000    -0.00609119   0.00000000
  0.00609119   0.00000000    -0.02054798   0.00000000    -0.00609119   0.00000000
 -0.00609119   0.00000000    -0.00609119   0.00000000    -0.02054798   0.00000000
    3    3
  0.09129092   0.00000000    -0.01000400   0.00000000     0.01000400   0.00000000
 -0.01000400   0.00000000     0.09129092   0.00000000     0.01000400   0.00000000
  0.01000400   0.00000000     0.01000400   0.00000000     0.09129092   0.00000000
    3    4
 -0.02855325   0.00000000    -0.01145391   0.00000000    -0.02443549   0.00000000
 -0.01145391   0.00000000    -0.02855325   0.00000000    -0.02443549   0.00000000
 -0.03861592   0.00000000    -0.03861592   0.00000000    -0.02742187   0.00000000
    3    5
  0.02567832   0.00000000     0.00601580   0.00000000     0.00305109   0.00000000
  0.00601580   0.00000000     0.02567832   0.00000000     0.00305109   0.00000000
  0.00796782   0.00000000     0.00796782   0.00000000     0.02098648   0.00000000
    3    6
  0.00824505   0.00000000     0.01776639   0.00000000    -0.01776639   0.00000000
  0.01776639   0.00000000     0.00824505   0.00000000    -0.01776639   0.00000000
 -0.01776639   0.00000000    -0.01776639   0.00000000     0.00824505   0.00000000
    3    7
 -0.00363512   0.00000000    -0.00253185   0.00000000     0.00253185   0.00000000
 -0.00253185   0.00000000    -0.00363512   0.00000000     0.00253185   0.00000000
  0.00253185   0.00000000     0.00253185   0.00000000    -0.00363512   0.00000000
    3    8
 -0.02742187   0.00000000     0.03861592   0.00000000    -0.03861592   0.00000000
  0.02443549   0.00000000    -0.02855325   0.00000000     0.01145391   0.00000000
 -0.02443549   0.00000000     0.01145391   0.00000000    -0.02855325   0.00000000
    3    9
  0.02098648   0.00000000    -0.00796782   0.00000000     0.00796782   0.00000000
 -0.00305109   0.00000000     0.02567832   0.00000000    -0.00601580   0.00000000
  0.00305109   0.00000000    -0.00601580   0.00000000     0.02567832   0.00000000
    3   10
 -0.02855325   0.00000000     0.02443549   0.00000000     0.01145391   0.00000000
  0.03861592   0.00000000    -0.02742187   0.00000000    -0.03861592   0.00000000
  0.01145391   0.00000000    -0.02443549   0.00000000    -0.02855325   0.00000000
    3   11
  0.02567832   0.00000000    -0.00305109   0.00000000    -0.00601580   0.00000000
 -0.00796782   0.00000000     0.02098648   0.00000000     0.00796782   0.00000000
 -0.00601580   0.00000000     0.00305109   0.00000000     0.02567832   0.00000000
    4    1
  0.03260846   0.00000000     0.00379716   0.00000000    -0.01069494  -0.00000000
  0.00379716   0.00000000     0.03260846   0.00000000    -0.01069494  -0.00000000
 -0.02294749  -0.00000000    -0.02294749  -0.00000000    -0.04718249  -0.00000000
    4    2
  0.02567832   0.00000000     0.00601580   0.00000000     0.00796782   0.00000000
  0.00601580   0.00000000     0.02567832   0.00000000     0.00796782   0.00000000
  0.00305109   0.00000000     0.00305109   0.00000000     0.02098648   0.00000000
    4    3
 -0.02855325   0.00000000    -0.01145391   0.00000000    -0.03861592   0.00000000
 -0.01145391   0.00000000    -0.02855325   0.00000000    -0.03861592   0.00000000
 -0.02443549   0.00000000    -0.02443549   0.00000000    -0.02742187   0.00000000
    4    4
  0.08612180   0.00000000     0.00180584   0.00000000    -0.00049231   0.00000000
  0.00180584   0.00000000     0.08612180   0.00000000    -0.00049231   0.00000000
 -0.00049231   0.00000000    -0.00049231   0.00000000     0.07013447   0.00000000
    4    5
 -0.01587413   0.00000000    -0.02178454   0.00000000    -0.00801135   0.00000000
 -0.02178454   0.00000000    -0.01587413   0.00000000    -0.00801135   0.00000000
 -0.00801135   0.00000000    -0.00801135   0.00000000    -0.03107451   0.00000000
    4    6
 -0.01789273   0.00000000     0.01367645   0.00000000    -0.00965130   0.00000000
  0.01367645   0.00000000    -0.01789273   0.00000000    -0.00965130   0.00000000
  0.00795575   0.00000000     0.00795575   0.00000000     0.02823917   0.00000000
    4    7
  0.01929208  -0.00000000    -0.00051688   0.00000000     0.01162468   0.00000000
 -0.00051688  -0.00000000     0.01929208   0.00000000     0.01162468  -0.00000000
 -0.01748498   0.00000000    -0.01748498  -0.00000000    -0.03097294  -0.00000000
    4    8
  0.00553536   0.00000000    -0.00737654   0.00000000     0.03448994   0.00000000
  0.00973708   0.00000000     0.01548805   0.00000000     0.00737654   0.00000000
  0.02080047   0.00000000    -0.00973708   0.00000000     0.00553536   0.00000000
    4    9
  0.01033464   0.00000000     0.02397259   0.00000000    -0.02351835  -0.00000000
 -0.00593282  -0.00000000    -0.04233192  -0.00000000    -0.02397259  -0.00000000
 -0.02285357  -0.00000000     0.00593282   0.00000000     0.01033464   0.00000000
    4   10
  0.01548805   0.00000000     0.00973708   0.00000000     0.00737654   0.00000000
 -0.00737654   0.00000000     0.00553536   0.00000000     0.03448994   0.00000000
 -0.00973708   0.00000000     0.02080047   0.00000000     0.00553536   0.00000000
    4   11
 -0.04233192   0.00000000    -0.00593282   0.00000000    -0.02397259   0.00000000
  0.02397259   0.00000000     0.01033464   0.00000000    -0.02351835   0.00000000
  0.00593282   0.00000000    -0.02285357   0.00000000     0.01033464   0.00000000
    5    1
 -0.03260846  -0.00000000    -0.00379716  -0.00000000     0.01069494   0.00000000
 -0.00379716  -0.00000000    -0.03260846  -0.00000000     0.01069494   0.00000000
  0.02294749   0.00000000     0.02294749   0.00000000     0.04718249   0.00000000
    5    2
 -0.02855325   0.00000000    -0.01145391   0.00000000    -0.03861592   0.00000000
 -0.01145391   0.00000000    -0.02855325   0.00000000    -0.03861592   0.00000000
 -0.02443549   0.00000000    -0.02443549   0.00000000    -0.02742187   0.00000000
    5    3
  0.02567832   0.00000000     0.00601580   0.00000000     0.00796782   0.00000000
  0.00601580   0.00000000     0.02567832   0.00000000     0.00796782   0.00000000
  0.00305109   0.00000000     0.00305109   0.00000000     0.02098648   0.00000000
    5    4
 -0.01587413  -0.00000000    -0.02178454  -0.00000000    -0.00801135  -0.00000000
 -0.02178454  -0.00000000    -0.01587413  -0.00000000    -0.00801135  -0.00000000
 -0.00801135  -0.00000000    -0.00801135  -0.00000000    -0.03107451  -0.00000000
    5    5
  0.08612180   0.00000000     0.00180584   0.00000000    -0.00049231   0.00000000
  0.00180584   0.00000000     0.08612180   0.00000000    -0.00049231   0.00000000
 -0.00049231   0.00000000    -0.00049231   0.00000000     0.07013447   0.00000000
    5    6
  0.01929208   0.00000000    -0.00051688  -0.00000000     0.01162468   0.00000000
 -0.00051688  -0.00000000     0.01929208   0.00000000     0.01162468   0.00000000
 -0.01748498  -0.00000000    -0.01748498  -0.00000000    -0.03097294  -0.00000000
    5    7
 -0.01789273  -0.00000000     0.01367645   0.00000000    -0.00965130  -0.00000000
  0.01367645   0.00000000    -0.01789273  -0.00000000    -0.00965130  -0.00000000
  0.00795575   0.00000000     0.00795575   0.00000000     0.02823917   0.00000000
    5    8
  0.01033464   0.00000000     0.02397259   0.00000000    -0.02351835  -0.00000000
 -0.00593282  -0.00000000    -0.04233192  -0.00000000    -0.02397259  -0.00000000
 -0.02285357  -0.00000000     0.00593282   0.00000000     0.01033464   0.00000000
    5    9
  0.00553536   0.00000000    -0.00737654  -0.00000000     0.03448994   0.00000000
  0.00973708   0.00000000     0.01548805   0.00000000     0.00737654   0.00000000
  0.02080047   0.00000000    -0.00973708  -0.00000000     0.00553536   0.00000000
    5   10
 -0.04233192  -0.00000000    -0.00593282  -0.00000000    -0.02397259  -0.00000000
  0.02397259   0.00000000     0.01033464   0.00000000    -0.02351835  -0.00000000
  0.00593282   0.00000000    -0.02285357  -0.00000000     0.01033464   0.00000000
    5   11
  0.01548805   0.00000000     0.00973708   0.00000000     0.00737654   0.00000000
 -0.00737654  -0.00000000     0.00553536   0.00000000     0.03448994   0.00000000
 -0.00973708  -0.00000000     0.02080047   0.00000000     0.00553536   0.00000000
    6    1
 -0.05147214  -0.00000000     0.00051062   0.00000000    -0.00051062  -0.00000000
  0.00051062   0.00000000    -0.05147214  -0.00000000    -0.00051062  -0.00000000
 -0.00051062  -0.00000000    -0.00051062  -0.00000000    -0.05147214  -0.00000000
    6    2
 -0.00363512   0.00000000    -0.00253185   0.00000000     0.00253185   0.00000000
 -0.00253185   0.00000000    -0.00363512   0.00000000     0.00253185   0.00000000
  0.00253185   0.00000000     0.00253185   0.00000000    -0.00363512   0.00000000
    6    3
  0.00824505   0.00000000     0.01776639   0.00000000    -0.01776639   0.00000000
  0.01776639   0.00000000     0.00824505   0.00000000    -0.01776639   0.00000000
 -0.01776639   0.00000000    -0.01776639   0.00000000     0.00824505   0.00000000
    6    4
 -0.01789273   0.00000000     0.01367645   0.00000000     0.00795575   0.00000000
  0.01367645   0.00000000    -0.01789273   0.00000000     0.00795575   0.00000000
 -0.00965130   0.00000000    -0.00965130   0.00000000     0.02823917   0.00000000
    6    5
  0.01929208  -0.00000000    -0.00051688   0.00000000    -0.01748498   0.00000000
 -0.00051688   0.00000000     0.01929208  -0.00000000    -0.01748498   0.00000000
  0.01162468  -0.00000000     0.01162468  -0.00000000    -0.03097294   0.00000000
    6    6
  0.05829708   0.00000000    -0.00795998   0.00000000     0.00795998   0.00000000
 -0.00795998   0.00000000     0.05829708   0.00000000     0.00795998   0.00000000
  0.00795998   0.00000000     0.00795998   0.00000000     0.05829708   0.00000000
    6    7
 -0.02052879  -0.00000000     0.00203867   0.00000000    -0.00203867  -0.00000000
  0.00203867   0.00000000    -0.02052879   0.00000000    -0.00203867   0.00000000
 -0.00203867  -0.00000000    -0.00203867   0.00000000    -0.02052879   0.00000000
    6    8
  0.02823917   0.00000000     0.00965130   0.00000000    -0.00965130   0.00000000
 -0.00795575   0.00000000    -0.01789273   0.00000000    -0.01367645   0.00000000
  0.00795575   0.00000000    -0.01367645   0.00000000    -0.01789273   0.00000000
    6    9
 -0.03097294  -0.00000000    -0.01162468  -0.00000000     0.01162468   0.00000000
  0.01748498   0.00000000     0.01929208   0.00000000     0.00051688   0.00000000
 -0.01748498  -0.00000000     0.00051688   0.00000000     0.01929208   0.00000000
    6   10
 -0.01789273   0.00000000    -0.00795575   0.00000000    -0.01367645   0.00000000
  0.00965130   0.00000000     0.02823917   0.00000000    -0.00965130   0.00000000
 -0.01367645   0.00000000     0.00795575   0.00000000    -0.01789273   0.00000000
    6   11
  0.01929208   0.00000000     0.01748498   0.00000000     0.00051688   0.00000000
 -0.01162468   0.00000000    -0.03097294   0.00000000     0.01162468   0.00000000
  0.00051688   0.00000000    -0.01748498   0.00000000     0.01929208   0.00000000
    7    1
  0.05147214   0.00000000    -0.00051062  -0.00000000     0.00051062   0.00000000
 -0.00051062  -0.00000000     0.05147214   0.00000000     0.00051062   0.00000000
  0.00051062   0.00000000     0.00051062   0.00000000     0.05147214   0.00000000
    7    2
  0.00824505   0.00000000     0.01776639   0.00000000    -0.01776639   0.00000000
  0.01776639   0.00000000     0.00824505   0.00000000    -0.01776639   0.00000000
 -0.01776639   0.00000000    -0.01776639   0.00000000     0.00824505   0.00000000
    7    3
 -0.00363512   0.00000000    -0.00253185   0.00000000     0.00253185   0.00000000
 -0.00253185   0.00000000    -0.00363512   0.00000000     0.00253185   0.00000000
  0.00253185   0.00000000     0.00253185   0.00000000    -0.00363512   0.00000000
    7    4
  0.01929208   0.00000000    -0.00051688   0.00000000    -0.01748498  -0.00000000
 -0.00051688  -0.00000000     0.01929208  -0.00000000    -0.01748498   0.00000000
  0.01162468  -0.00000000     0.01162468   0.00000000    -0.03097294   0.00000000
    7    5
 -0.01789273   0.00000000     0.01367645  -0.00000000     0.00795575  -0.00000000
  0.01367645  -0.00000000    -0.01789273   0.00000000     0.00795575  -0.00000000
 -0.00965130   0.00000000    -0.00965130   0.00000000     0.02823917  -0.00000000
    7    6
 -0.02052879   0.00000000     0.00203867  -0.00000000    -0.00203867   0.00000000
  0.00203867  -0.00000000    -0.02052879  -0.00000000    -0.00203867  -0.00000000
 -0.00203867   0.00000000    -0.00203867  -0.00000000    -0.02052879  -0.00000000
    7    7
  0.05829708   0.00000000    -0.00795998   0.00000000     0.00795998   0.00000000
 -0.00795998   0.00000000     0.05829708   0.00000000     0.00795998   0.00000000
  0.00795998   0.00000000     0.00795998   0.00000000     0.05829708   0.00000000
    7    8
 -0.03097294   0.00000000    -0.01162468   0.00000000     0.01162468  -0.00000000
  0.01748498  -0.00000000     0.01929208  -0.00000000     0.00051688   0.00000000
 -0.01748498   0.00000000     0.00051688  -0.00000000     0.01929208  -0.00000000
    7    9
  0.02823917   0.00000000     0.00965130   0.00000000    -0.00965130  -0.00000000
 -0.00795575  -0.00000000    -0.01789273  -0.00000000    -0.01367645  -0.00000000
  0.00795575   0.00000000    -0.01367645  -0.00000000    -0.01789273  -0.00000000
    7   10
  0.01929208   0.00000000     0.01748498   0.00000000     0.00051688  -0.00000000
 -0.01162468  -0.00000000    -0.03097294  -0.00000000     0.01162468   0.00000000
  0.00051688   0.00000000    -0.01748498  -0.00000000     0.01929208   0.00000000
    7   11
 -0.01789273  -0.00000000    -0.00795575   0.00000000    -0.01367645  -0.00000000
  0.00965130   0.00000000     0.02823917   0.00000000    -0.00965130   0.00000000
 -0.01367645  -0.00000000     0.00795575  -0.00000000    -0.01789273   0.00000000
    8    1
 -0.04718249  -0.00000000     0.02294749   0.00000000    -0.02294749  -0.00000000
  0.01069494   0.00000000     0.03260846   0.00000000    -0.00379716  -0.00000000
 -0.01069494  -0.00000000    -0.00379716  -0.00000000     0.03260846   0.00000000
    8    2
  0.02098648   0.00000000    -0.00305109   0.00000000     0.00305109   0.00000000
 -0.00796782   0.00000000     0.02567832   0.00000000    -0.00601580   0.00000000
  0.00796782   0.00000000    -0.00601580   0.00000000     0.02567832   0.00000000
    8    3
 -0.02742187   0.00000000     0.02443549   0.00000000    -0.02443549   0.00000000
  0.03861592   0.00000000    -0.02855325   0.00000000     0.01145391   0.00000000
 -0.03861592   0.00000000     0.01145391   0.00000000    -0.02855325   0.00000000
    8    4
  0.00553536   0.00000000     0.00973708   0.00000000     0.02080047   0.00000000
 -0.00737654   0.00000000     0.01548805   0.00000000    -0.00973708   0.00000000
  0.03448994   0.00000000     0.00737654   0.00000000     0.00553536   0.00000000
    8    5
  0.01033464  -0.00000000    -0.00593282   0.00000000    -0.02285357   0.00000000
  0.02397259  -0.00000000    -0.04233192   0.00000000     0.00593282  -0.00000000
 -0.02351835   0.00000000    -0.02397259   0.00000000     0.01033464  -0.00000000
    8    6
  0.02823917   0.00000000    -0.00795575   0.00000000     0.00795575   0.00000000
  0.00965130   0.00000000    -0.01789273   0.00000000    -0.01367645   0.00000000
 -0.00965130   0.00000000    -0.01367645   0.00000000    -0.01789273   0.00000000
    8    7
 -0.03097294  -0.00000000     0.01748498   0.00000000    -0.01748498  -0.00000000
 -0.01162468  -0.00000000     0.01929208   0.00000000     0.00051688   0.00000000
  0.01162468   0.00000000     0.00051688  -0.00000000     0.01929208   0.00000000
    8    8
  0.07013447   0.00000000     0.00049231   0.00000000    -0.00049231   0.00000000
  0.00049231   0.00000000     0.08612180   0.00000000    -0.00180584   0.00000000
 -0.00049231   0.00000000    -0.00180584   0.00000000     0.08612180   0.00000000
    8    9
 -0.03107451  -0.00000000     0.00801135   0.00000000    -0.00801135  -0.00000000
  0.00801135   0.00000000    -0.01587413  -0.00000000     0.02178454   0.00000000
 -0.00801135  -0.00000000     0.02178454   0.00000000    -0.01587413  -0.00000000
    8   10
  0.00553536   0.00000000    -0.02080047   0.00000000    -0.00973708   0.00000000
 -0.03448994   0.00000000     0.00553536   0.00000000     0.00737654   0.00000000
  0.00737654   0.00000000    -0.00973708   0.00000000     0.01548805   0.00000000
    8   11
  0.01033464   0.00000000     0.02285357   0.00000000     0.00593282   0.00000000
  0.02351835   0.00000000     0.01033464   0.00000000    -0.02397259   0.00000000
 -0.02397259   0.00000000     0.00593282   0.00000000    -0.04233192   0.00000000
    9    1
  0.04718249   0.00000000    -0.02294749  -0.00000000     0.02294749   0.00000000
 -0.01069494  -0.00000000    -0.03260846  -0.00000000     0.00379716   0.00000000
  0.01069494   0.00000000     0.00379716   0.00000000    -0.03260846  -0.00000000
    9    2
 -0.02742187   0.00000000     0.02443549   0.00000000    -0.02443549   0.00000000
  0.03861592   0.00000000    -0.02855325   0.00000000     0.01145391   0.00000000
 -0.03861592   0.00000000     0.01145391   0.00000000    -0.02855325   0.00000000
    9    3
  0.02098648   0.00000000    -0.00305109   0.00000000     0.00305109   0.00000000
 -0.00796782   0.00000000     0.02567832   0.00000000    -0.00601580   0.00000000
  0.00796782   0.00000000    -0.00601580   0.00000000     0.02567832   0.00000000
    9    4
  0.01033464  -0.00000000    -0.00593282   0.00000000    -0.02285357   0.00000000
  0.02397259  -0.00000000    -0.04233192   0.00000000     0.00593282  -0.00000000
 -0.02351835   0.00000000    -0.02397259   0.00000000     0.01033464  -0.00000000
    9    5
  0.00553536  -0.00000000     0.00973708  -0.00000000     0.02080047  -0.00000000
 -0.00737654   0.00000000     0.01548805  -0.00000000    -0.00973708   0.00000000
  0.03448994  -0.00000000     0.00737654  -0.00000000     0.00553536  -0.00000000
    9    6
 -0.03097294   0.00000000     0.01748498  -0.00000000    -0.01748498   0.00000000
 -0.01162468   0.00000000     0.01929208  -0.00000000     0.00051688  -0.00000000
  0.01162468  -0.00000000     0.00051688  -0.00000000     0.01929208  -0.00000000
    9    7
  0.02823917  -0.00000000    -0.00795575   0.00000000     0.00795575  -0.00000000
  0.00965130  -0.00000000    -0.01789273   0.00000000    -0.01367645   0.00000000
 -0.00965130   0.00000000    -0.01367645   0.00000000    -0.01789273   0.00000000
    9    8
 -0.03107451   0.00000000     0.00801135  -0.00000000    -0.00801135   0.00000000
  0.00801135  -0.00000000    -0.01587413   0.00000000     0.02178454  -0.00000000
 -0.00801135   0.00000000     0.02178454  -0.00000000    -0.01587413   0.00000000
    9    9
  0.07013447   0.00000000     0.00049231   0.00000000    -0.00049231   0.00000000
  0.00049231   0.00000000     0.08612180   0.00000000    -0.00180584   0.00000000
 -0.00049231   0.00000000    -0.00180584   0.00000000     0.08612180   0.00000000
    9   10
  0.01033464  -0.00000000     0.02285357  -0.00000000     0.00593282  -0.00000000
  0.02351835  -0.00000000     0.01033464  -0.00000000    -0.02397259   0.00000000
 -0.02397259   0.00000000     0.00593282  -0.00000000    -0.04233192   0.00000000
    9   11
  0.00553536  -0.00000000    -0.02080047   0.00000000    -0.00973708   0.00000000
 -0.03448994   0.00000000     0.00553536  -0.00000000     0.00737654  -0.00000000
  0.00737654  -0.00000000    -0.00973708   0.00000000     0.01548805  -0.00000000
   10    1
  0.03260846   0.00000000     0.01069494   0.00000000    -0.00379716  -0.00000000
  0.02294749   0.00000000    -0.04718249  -0.00000000    -0.02294749  -0.00000000
 -0.00379716  -0.00000000    -0.01069494  -0.00000000     0.03260846   0.00000000
   10    2
  0.02567832   0.00000000    -0.00796782   0.00000000    -0.00601580   0.00000000
 -0.00305109   0.00000000     0.02098648   0.00000000     0.00305109   0.00000000
 -0.00601580   0.00000000     0.00796782   0.00000000     0.02567832   0.00000000
   10    3
 -0.02855325   0.00000000     0.03861592   0.00000000     0.01145391   0.00000000
  0.02443549   0.00000000    -0.02742187   0.00000000    -0.02443549   0.00000000
  0.01145391   0.00000000    -0.03861592   0.00000000    -0.02855325   0.00000000
   10    4
  0.01548805   0.00000000    -0.00737654   0.00000000    -0.00973708   0.00000000
  0.00973708   0.00000000     0.00553536   0.00000000     0.02080047   0.00000000
  0.00737654   0.00000000     0.03448994   0.00000000     0.00553536   0.00000000
   10    5
 -0.04233192   0.00000000     0.02397259  -0.00000000     0.00593282  -0.00000000
 -0.00593282   0.00000000     0.01033464  -0.00000000    -0.02285357   0.00000000
 -0.02397259   0.00000000    -0.02351835   0.00000000     0.01033464  -0.00000000
   10    6
 -0.01789273   0.00000000     0.00965130   0.00000000    -0.01367645   0.00000000
 -0.00795575   0.00000000     0.02823917   0.00000000     0.00795575   0.00000000
 -0.01367645   0.00000000    -0.00965130   0.00000000    -0.01789273   0.00000000
   10    7
  0.01929208  -0.00000000    -0.01162468   0.00000000     0.00051688  -0.00000000
  0.01748498  -0.00000000    -0.03097294   0.00000000    -0.01748498   0.00000000
  0.00051688   0.00000000     0.01162468  -0.00000000     0.01929208  -0.00000000
   10    8
  0.00553536   0.00000000    -0.03448994   0.00000000     0.00737654   0.00000000
 -0.02080047   0.00000000     0.00553536   0.00000000    -0.00973708   0.00000000
 -0.00973708   0.00000000     0.00737654   0.00000000     0.01548805   0.00000000
   10    9
  0.01033464   0.00000000     0.02351835   0.00000000    -0.02397259  -0.00000000
  0.02285357   0.00000000     0.01033464   0.00000000     0.00593282   0.00000000
  0.00593282   0.00000000    -0.02397259  -0.00000000    -0.04233192  -0.00000000
   10   10
  0.08612180   0.00000000     0.00049231   0.00000000    -0.00180584   0.00000000
  0.00049231   0.00000000     0.07013447   0.00000000    -0.00049231   0.00000000
 -0.00180584   0.00000000    -0.00049231   0.00000000     0.08612180   0.00000000
   10   11
 -0.01587413   0.00000000     0.00801135   0.00000000     0.02178454   0.00000000
  0.00801135   0.00000000    -0.03107451   0.00000000    -0.00801135   0.00000000
  0.02178454   0.00000000    -0.00801135   0.00000000    -0.01587413   0.00000000
   11    1
 -0.03260846  -0.00000000    -0.01069494  -0.00000000     0.00379716   0.00000000
 -0.02294749  -0.00000000     0.04718249   0.00000000     0.02294749   0.00000000
  0.00379716   0.00000000     0.01069494   0.00000000    -0.03260846  -0.00000000
   11    2
 -0.02855325   0.00000000     0.03861592   0.00000000     0.01145391   0.00000000
  0.02443549   0.00000000    -0.02742187   0.00000000    -0.02443549   0.00000000
  0.01145391   0.00000000    -0.03861592   0.00000000    -0.02855325   0.00000000
   11    3
  0.02567832   0.00000000    -0.00796782   0.00000000    -0.00601580   0.00000000
 -0.00305109   0.00000000     0.02098648   0.00000000     0.00305109   0.00000000
 -0.00601580   0.00000000     0.00796782   0.00000000     0.02567832   0.00000000
   11    4
 -0.04233192   0.00000000     0.02397259   0.00000000     0.00593282   0.00000000
 -0.00593282   0.00000000     0.01033464   0.00000000    -0.02285357   0.00000000
 -0.02397259   0.00000000    -0.02351835   0.00000000     0.01033464   0.00000000
   11    5
  0.01548805  -0.00000000    -0.00737654   0.00000000    -0.00973708   0.00000000
  0.00973708  -0.00000000     0.00553536  -0.00000000     0.02080047  -0.00000000
  0.00737654  -0.00000000     0.03448994  -0.00000000     0.00553536  -0.00000000
   11    6
  0.01929208   0.00000000    -0.01162468   0.00000000     0.00051688   0.00000000
  0.01748498   0.00000000    -0.03097294   0.00000000    -0.01748498   0.00000000
  0.00051688   0.00000000     0.01162468   0.00000000     0.01929208   0.00000000
   11    7
 -0.01789273   0.00000000     0.00965130  -0.00000000    -0.01367645   0.00000000
 -0.00795575  -0.00000000     0.02823917  -0.00000000     0.00795575   0.00000000
 -0.01367645   0.00000000    -0.00965130  -0.00000000    -0.01789273  -0.00000000
   11    8
  0.01033464   0.00000000     0.02351835   0.00000000    -0.02397259   0.00000000
  0.02285357   0.00000000     0.01033464   0.00000000     0.00593282   0.00000000
  0.00593282   0.00000000    -0.02397259   0.00000000    -0.04233192   0.00000000
   11    9
  0.00553536   0.00000000    -0.03448994  -0.00000000     0.00737654   0.00000000
 -0.02080047  -0.00000000     0.00553536   0.00000000    -0.00973708  -0.00000000
 -0.00973708  -0.00000000     0.00737654   0.00000000     0.01548805   0.00000000
   11   10
 -0.01587413   0.00000000     0.00801135   0.00000000     0.02178454   0.00000000
  0.00801135   0.00000000    -0.03107451   0.00000000    -0.00801135   0.00000000
  0.02178454   0.00000000    -0.00801135   0.00000000    -0.01587413   0.00000000
   11   11
  0.08612180   0.00000000     0.00049231   0.00000000    -0.00180584   0.00000000
  0.00049231   0.00000000     0.07013447   0.00000000    -0.00049231   0.00000000
 -0.00180584   0.00000000    -0.00049231   0.00000000     0.08612180   0.00000000

     Dynamical  Matrix in cartesian axes

     q = (   -0.353553391   0.353553391   0.353553391 ) 

    1    1
  0.21751760   0.00000000    -0.07523520   0.00000000    -0.07523520   0.00000000
 -0.07523520   0.00000000     0.21751760   0.00000000     0.07523520   0.00000000
 -0.07523520   0.00000000     0.07523520   0.00000000     0.21751760   0.00000000
    1    2
  0.01357605   0.00000000    -0.03959642  -0.00000000    -0.03959642  -0.00000000
 -0.03959642  -0.00000000     0.01357605   0.00000000     0.03959642   0.00000000
 -0.03959642  -0.00000000     0.03959642   0.00000000     0.01357605   0.00000000
    1    3
 -0.01357605  -0.00000000     0.03959642   0.00000000     0.03959642   0.00000000
  0.03959642   0.00000000    -0.01357605  -0.00000000    -0.03959642  -0.00000000
  0.03959642   0.00000000    -0.03959642  -0.00000000    -0.01357605  -0.00000000
    1    4
 -0.04718249  -0.00000000    -0.01069494  -0.00000000    -0.01069494  -0.00000000
 -0.02294749  -0.00000000     0.03260846   0.00000000     0.00379716   0.00000000
 -0.02294749  -0.00000000     0.00379716   0.00000000     0.03260846   0.00000000
    1    5
  0.04718249   0.00000000     0.01069494   0.00000000     0.01069494   0.00000000
  0.02294749   0.00000000    -0.03260846  -0.00000000    -0.00379716  -0.00000000
  0.02294749   0.00000000    -0.00379716  -0.00000000    -0.03260846  -0.00000000
    1    6
  0.03260846   0.00000000    -0.02294749  -0.00000000    -0.00379716  -0.00000000
 -0.01069494  -0.00000000    -0.04718249  -0.00000000     0.01069494   0.00000000
 -0.00379716  -0.00000000     0.02294749   0.00000000     0.03260846   0.00000000
    1    7
 -0.03260846  -0.00000000     0.02294749   0.00000000     0.00379716   0.00000000
  0.01069494   0.00000000     0.04718249   0.00000000    -0.01069494  -0.00000000
  0.00379716   0.00000000    -0.02294749  -0.00000000    -0.03260846  -0.00000000
    1    8
  0.03260846   0.00000000    -0.00379716  -0.00000000    -0.02294749  -0.00000000
 -0.00379716  -0.00000000     0.03260846   0.00000000     0.02294749   0.00000000
 -0.01069494  -0.00000000     0.01069494   0.00000000    -0.04718249  -0.00000000
    1    9
 -0.03260846  -0.00000000     0.00379716   0.00000000     0.02294749   0.00000000
  0.00379716   0.00000000    -0.03260846  -0.00000000    -0.02294749  -0.00000000
  0.01069494   0.00000000    -0.01069494  -0.00000000     0.04718249   0.00000000
    1   10
 -0.05147214  -0.00000000    -0.00051062  -0.00000000    -0.00051062  -0.00000000
 -0.00051062  -0.00000000    -0.05147214  -0.00000000     0.00051062   0.00000000
 -0.00051062  -0.00000000     0.00051062   0.00000000    -0.05147214  -0.00000000
    1   11
  0.05147214   0.00000000     0.00051062   0.00000000     0.00051062   0.00000000
  0.00051062   0.00000000     0.05147214   0.00000000    -0.00051062  -0.00000000
  0.00051062   0.00000000    -0.00051062  -0.00000000     0.05147214   0.00000000
    2    1
  0.01357605  -0.00000000    -0.03959642   0.00000000    -0.03959642   0.00000000
 -0.03959642   0.00000000     0.01357605  -0.00000000     0.03959642  -0.00000000
 -0.03959642   0.00000000     0.03959642  -0.00000000     0.01357605  -0.00000000
    2    2
  0.09129092   0.00000000     0.01000400   0.00000000     0.01000400   0.00000000
  0.01000400   0.00000000     0.09129092   0.00000000    -0.01000400   0.00000000
  0.01000400   0.00000000    -0.01000400   0.00000000     0.09129092   0.00000000
    2    3
 -0.02054798   0.00000000    -0.00609119   0.00000000    -0.00609119   0.00000000
 -0.00609119   0.00000000    -0.02054798   0.00000000     0.00609119   0.00000000
 -0.00609119   0.00000000     0.00609119   0.00000000    -0.02054798   0.00000000
    2    4
  0.02098648   0.00000000     0.00796782   0.00000000     0.00796782   0.00000000
  0.00305109   0.00000000     0.02567832   0.00000000     0.00601580   0.00000000
  0.00305109   0.00000000     0.00601580   0.00000000     0.02567832   0.00000000
    2    5
 -0.02742187  -0.00000000    -0.03861592  -0.00000000    -0.03861592  -0.00000000
 -0.02443549  -0.00000000    -0.02855325  -0.00000000    -0.01145391  -0.00000000
 -0.02443549  -0.00000000    -0.01145391  -0.00000000    -0.02855325  -0.00000000
    2    6
  0.02567832   0.00000000     0.00305109   0.00000000    -0.00601580   0.00000000
  0.00796782   0.00000000     0.02098648   0.00000000    -0.00796782   0.00000000
 -0.00601580   0.00000000    -0.00305109   0.00000000     0.02567832   0.00000000
    2    7
 -0.02855325   0.00000000    -0.02443549   0.00000000     0.01145391  -0.00000000
 -0.03861592   0.00000000    -0.02742187   0.00000000     0.03861592  -0.00000000
  0.01145391  -0.00000000     0.02443549  -0.00000000    -0.02855325   0.00000000
    2    8
  0.02567832   0.00000000    -0.00601580   0.00000000     0.00305109   0.00000000
 -0.00601580   0.00000000     0.02567832   0.00000000    -0.00305109   0.00000000
  0.00796782   0.00000000    -0.00796782   0.00000000     0.02098648   0.00000000
    2    9
 -0.02855325   0.00000000     0.01145391  -0.00000000    -0.02443549   0.00000000
  0.01145391  -0.00000000    -0.02855325   0.00000000     0.02443549  -0.00000000
 -0.03861592   0.00000000     0.03861592  -0.00000000    -0.02742187   0.00000000
    2   10
 -0.00363512   0.00000000     0.00253185   0.00000000     0.00253185   0.00000000
  0.00253185   0.00000000    -0.00363512   0.00000000    -0.00253185   0.00000000
  0.00253185   0.00000000    -0.00253185   0.00000000    -0.00363512   0.00000000
    2   11
  0.00824505   0.00000000    -0.01776639  -0.00000000    -0.01776639  -0.00000000
 -0.01776639  -0.00000000     0.00824505   0.00000000     0.01776639   0.00000000
 -0.01776639  -0.00000000     0.01776639   0.00000000     0.00824505   0.00000000
    3    1
 -0.01357605   0.00000000     0.03959642  -0.00000000     0.03959642  -0.00000000
  0.03959642  -0.00000000    -0.01357605   0.00000000    -0.03959642   0.00000000
  0.03959642  -0.00000000    -0.03959642   0.00000000    -0.01357605   0.00000000
    3    2
 -0.02054798   0.00000000    -0.00609119   0.00000000    -0.00609119   0.00000000
 -0.00609119   0.00000000    -0.02054798   0.00000000     0.00609119   0.00000000
 -0.00609119   0.00000000     0.00609119   0.00000000    -0.02054798   0.00000000
    3    3
  0.09129092   0.00000000     0.01000400   0.00000000     0.01000400   0.00000000
  0.01000400   0.00000000     0.09129092   0.00000000    -0.01000400   0.00000000
  0.01000400   0.00000000    -0.01000400   0.00000000     0.09129092   0.00000000
    3    4
 -0.02742187   0.00000000    -0.03861592   0.00000000    -0.03861592   0.00000000
 -0.02443549   0.00000000    -0.02855325   0.00000000    -0.01145391   0.00000000
 -0.02443549   0.00000000    -0.01145391   0.00000000    -0.02855325   0.00000000
    3    5
  0.02098648   0.00000000     0.00796782   0.00000000     0.00796782   0.00000000
  0.00305109   0.00000000     0.02567832   0.00000000     0.00601580   0.00000000
  0.00305109   0.00000000     0.00601580   0.00000000     0.02567832   0.00000000
    3    6
 -0.02855325   0.00000000    -0.02443549   0.00000000     0.01145391   0.00000000
 -0.03861592   0.00000000    -0.02742187   0.00000000     0.03861592   0.00000000
  0.01145391   0.00000000     0.02443549   0.00000000    -0.02855325   0.00000000
    3    7
  0.02567832  -0.00000000     0.00305109  -0.00000000    -0.00601580   0.00000000
  0.00796782  -0.00000000     0.02098648  -0.00000000    -0.00796782   0.00000000
 -0.00601580   0.00000000    -0.00305109   0.00000000     0.02567832  -0.00000000
    3    8
 -0.02855325   0.00000000     0.01145391   0.00000000    -0.02443549   0.00000000
  0.01145391   0.00000000    -0.02855325   0.00000000     0.02443549   0.00000000
 -0.03861592   0.00000000     0.03861592   0.00000000    -0.02742187   0.00000000
    3    9
  0.02567832  -0.00000000    -0.00601580   0.00000000     0.00305109  -0.00000000
 -0.00601580   0.00000000     0.02567832  -0.00000000    -0.00305109   0.00000000
  0.00796782  -0.00000000    -0.00796782   0.00000000     0.02098648  -0.00000000
    3   10
  0.00824505   0.00000000    -0.01776639   0.00000000    -0.01776639   0.00000000
 -0.01776639   0.00000000     0.00824505   0.00000000     0.01776639   0.00000000
 -0.01776639   0.00000000     0.01776639   0.00000000     0.00824505   0.00000000
    3   11
 -0.00363512  -0.00000000     0.00253185   0.00000000     0.00253185   0.00000000
  0.00253185   0.00000000    -0.00363512  -0.00000000    -0.00253185  -0.00000000
  0.00253185   0.00000000    -0.00253185  -0.00000000    -0.00363512  -0.00000000
    4    1
 -0.04718249   0.00000000    -0.02294749   0.00000000    -0.02294749   0.00000000
