  5.000000000000000E-002   1.50343188071530        5.40870528051367     
           6

     Dynamical  Matrix in cartesian axes

     q = (    0.471404521   0.000000000   0.000000000 ) 

    1    1
  0.23387649   0.00000000     0.00000000   0.00000000     0.00000000   0.00000000
  0.00000000   0.00000000     0.09715366   0.00000000     0.00000000   0.00000000
 -0.00000000   0.00000000     0.00000000   0.00000000     0.09715366   0.00000000
    1    2
  0.00703428  -0.01218373    -0.00000000  -0.00000000     0.00000000  -0.00000000
 -0.00000000   0.00000000    -0.01500876   0.02599594    -0.01848952  -0.01067493
  0.00000000  -0.00000000    -0.01848952  -0.01067493    -0.01500876   0.02599594
    1    3
 -0.01406856  -0.00000000    -0.00000000  -0.00000000     0.00000000  -0.00000000
 -0.00000000  -0.00000000     0.03001752   0.00000000     0.00000000  -0.02134986
  0.00000000   0.00000000     0.00000000  -0.02134986     0.03001752   0.00000000
    1    4
  0.03647719  -0.02841270    -0.01382727   0.00774344    -0.01382727   0.00774344
 -0.01293024   0.00331567    -0.00413890   0.00811524    -0.01745489   0.00355235
 -0.01293024   0.00331567    -0.01745489   0.00355235    -0.00413890   0.00811524
    1    5
 -0.04284472   0.01738382     0.01361965  -0.00810304     0.01361965  -0.00810304
  0.00933658  -0.00954008     0.00909745   0.00047323     0.01180387  -0.01334020
  0.00933658  -0.00954008     0.01180387  -0.01334020     0.00909745   0.00047323
    1    6
 -0.04284472   0.01738382     0.01361965  -0.00810304    -0.01361965   0.00810304
  0.00933658  -0.00954008     0.00909745   0.00047323    -0.01180387   0.01334020
 -0.00933658   0.00954008    -0.01180387   0.01334020     0.00909745   0.00047323
    1    7
  0.03647719  -0.02841270    -0.01382727   0.00774344     0.01382727  -0.00774344
 -0.01293024   0.00331567    -0.00413890   0.00811524     0.01745489  -0.00355235
  0.01293024  -0.00331567     0.01745489  -0.00355235    -0.00413890   0.00811524
    1    8
 -0.04284472   0.01738382    -0.01361965   0.00810304     0.01361965  -0.00810304
 -0.00933658   0.00954008     0.00909745   0.00047323    -0.01180387   0.01334020
  0.00933658  -0.00954008    -0.01180387   0.01334020     0.00909745   0.00047323
    1    9
  0.03647719  -0.02841270     0.01382727  -0.00774344    -0.01382727   0.00774344
  0.01293024  -0.00331567    -0.00413890   0.00811524     0.01745489  -0.00355235
 -0.01293024   0.00331567     0.01745489  -0.00355235    -0.00413890   0.00811524
    1   10
  0.03647719  -0.02841270     0.01382727  -0.00774344     0.01382727  -0.00774344
  0.01293024  -0.00331567    -0.00413890   0.00811524    -0.01745489   0.00355235
  0.01293024  -0.00331567    -0.01745489   0.00355235    -0.00413890   0.00811524
    1   11
 -0.04284472   0.01738382    -0.01361965   0.00810304    -0.01361965   0.00810304
 -0.00933658   0.00954008     0.00909745   0.00047323     0.01180387  -0.01334020
 -0.00933658   0.00954008     0.01180387  -0.01334020     0.00909745   0.00047323
    2    1
  0.00703428   0.01218373     0.00000000   0.00000000    -0.00000000  -0.00000000
 -0.00000000   0.00000000    -0.01500876  -0.02599594    -0.01848952   0.01067493
  0.00000000   0.00000000    -0.01848952   0.01067493    -0.01500876  -0.02599594
    2    2
  0.09598970   0.00000000     0.00000000  -0.00000000     0.00000000  -0.00000000
 -0.00000000  -0.00000000     0.07158338   0.00000000     0.00000000   0.00000000
  0.00000000   0.00000000     0.00000000   0.00000000     0.07158338   0.00000000
    2    3
 -0.00606929  -0.01051231    -0.00000000   0.00000000    -0.00000000   0.00000000
 -0.00000000   0.00000000    -0.00086008  -0.00148970    -0.01397267   0.00806712
 -0.00000000   0.00000000    -0.01397267   0.00806712    -0.00086008  -0.00148970
    2    4
 -0.00527476  -0.01622832     0.00935278   0.00283442     0.00935278   0.00283442
  0.00665639   0.00157097     0.00876617  -0.00800799     0.01184886   0.00554224
  0.00665639   0.00157097     0.01184886   0.00554224     0.00876617  -0.00800799
    2    5
 -0.00365855   0.01414859    -0.02203025  -0.00176226    -0.02203025  -0.00176226
 -0.02005706   0.00353215    -0.01891672   0.00489847    -0.02127255   0.00232450
 -0.02005706   0.00353215    -0.02127255   0.00232450    -0.01891672   0.00489847
    2    6
  0.01669151  -0.00354609    -0.00713107  -0.00668254     0.00713107   0.00668254
 -0.00468870  -0.00497912     0.00255204  -0.01159572     0.01072415   0.00749029
  0.00468870   0.00497912     0.01072415   0.00749029     0.00255204  -0.01159572
    2    7
 -0.01042376   0.01024269     0.01254129   0.01819763    -0.01254129  -0.01819763
  0.00696960   0.01913599     0.00521616   0.01883159    -0.00862320  -0.01958482
 -0.00696960  -0.01913599    -0.00862320  -0.01958482     0.00521616   0.01883159
    2    8
  0.01669151  -0.00354609     0.00713107   0.00668254    -0.00713107  -0.00668254
  0.00468870   0.00497912     0.00255204  -0.01159572     0.01072415   0.00749029
 -0.00468870  -0.00497912     0.01072415   0.00749029     0.00255204  -0.01159572
    2    9
 -0.01042376   0.01024269    -0.01254129  -0.01819763     0.01254129   0.01819763
 -0.00696960  -0.01913599     0.00521616   0.01883159    -0.00862320  -0.01958482
  0.00696960   0.01913599    -0.00862320  -0.01958482     0.00521616   0.01883159
    2   10
 -0.00527476  -0.01622832    -0.00935278  -0.00283442    -0.00935278  -0.00283442
 -0.00665639  -0.00157097     0.00876617  -0.00800799     0.01184886   0.00554224
 -0.00665639  -0.00157097     0.01184886   0.00554224     0.00876617  -0.00800799
    2   11
 -0.00365855   0.01414859     0.02203025   0.00176226     0.02203025   0.00176226
  0.02005706  -0.00353215    -0.01891672   0.00489847    -0.02127255   0.00232450
  0.02005706  -0.00353215    -0.02127255   0.00232450    -0.01891672   0.00489847
    3    1
 -0.01406856   0.00000000    -0.00000000  -0.00000000     0.00000000  -0.00000000
 -0.00000000  -0.00000000     0.03001752  -0.00000000     0.00000000   0.02134986
  0.00000000  -0.00000000     0.00000000   0.02134986     0.03001752  -0.00000000
    3    2
 -0.00606929   0.01051231    -0.00000000  -0.00000000    -0.00000000  -0.00000000
 -0.00000000  -0.00000000    -0.00086008   0.00148970    -0.01397267  -0.00806712
 -0.00000000  -0.00000000    -0.01397267  -0.00806712    -0.00086008   0.00148970
    3    3
  0.09598970  -0.00000000     0.00000000   0.00000000     0.00000000   0.00000000
 -0.00000000   0.00000000     0.07158338  -0.00000000     0.00000000  -0.00000000
  0.00000000  -0.00000000     0.00000000  -0.00000000     0.07158338  -0.00000000
    3    4
 -0.00365855  -0.01414859    -0.02203025   0.00176226    -0.02203025   0.00176226
 -0.02005706  -0.00353215    -0.01891672  -0.00489847    -0.02127255  -0.00232450
 -0.02005706  -0.00353215    -0.02127255  -0.00232450    -0.01891672  -0.00489847
    3    5
 -0.00527476   0.01622832     0.00935278  -0.00283442     0.00935278  -0.00283442
  0.00665639  -0.00157097     0.00876617   0.00800799     0.01184886  -0.00554224
  0.00665639  -0.00157097     0.01184886  -0.00554224     0.00876617   0.00800799
    3    6
 -0.01042376  -0.01024269     0.01254129  -0.01819763    -0.01254129   0.01819763
  0.00696960  -0.01913599     0.00521616  -0.01883159    -0.00862320   0.01958482
 -0.00696960   0.01913599    -0.00862320   0.01958482     0.00521616  -0.01883159
    3    7
  0.01669151   0.00354609    -0.00713107   0.00668254     0.00713107  -0.00668254
 -0.00468870   0.00497912     0.00255204   0.01159572     0.01072415  -0.00749029
  0.00468870  -0.00497912     0.01072415  -0.00749029     0.00255204   0.01159572
    3    8
 -0.01042376  -0.01024269    -0.01254129   0.01819763     0.01254129  -0.01819763
 -0.00696960   0.01913599     0.00521616  -0.01883159    -0.00862320   0.01958482
  0.00696960  -0.01913599    -0.00862320   0.01958482     0.00521616  -0.01883159
    3    9
  0.01669151   0.00354609     0.00713107  -0.00668254    -0.00713107   0.00668254
  0.00468870  -0.00497912     0.00255204   0.01159572     0.01072415  -0.00749029
 -0.00468870   0.00497912     0.01072415  -0.00749029     0.00255204   0.01159572
    3   10
 -0.00365855  -0.01414859     0.02203025  -0.00176226     0.02203025  -0.00176226
  0.02005706   0.00353215    -0.01891672  -0.00489847    -0.02127255  -0.00232450
  0.02005706   0.00353215    -0.02127255  -0.00232450    -0.01891672  -0.00489847
    3   11
 -0.00527476   0.01622832    -0.00935278   0.00283442    -0.00935278   0.00283442
 -0.00665639   0.00157097     0.00876617   0.00800799     0.01184886  -0.00554224
 -0.00665639   0.00157097     0.01184886  -0.00554224     0.00876617   0.00800799
    4    1
  0.03647719   0.02841270    -0.01293024  -0.00331567    -0.01293024  -0.00331567
 -0.01382727  -0.00774344    -0.00413890  -0.00811524    -0.01745489  -0.00355235
 -0.01382727  -0.00774344    -0.01745489  -0.00355235    -0.00413890  -0.00811524
    4    2
 -0.00527476   0.01622832     0.00665639  -0.00157097     0.00665639  -0.00157097
  0.00935278  -0.00283442     0.00876617   0.00800799     0.01184886  -0.00554224
  0.00935278  -0.00283442     0.01184886  -0.00554224     0.00876617   0.00800799
    4    3
 -0.00365855   0.01414859    -0.02005706   0.00353215    -0.02005706   0.00353215
 -0.02203025  -0.00176226    -0.01891672   0.00489847    -0.02127255   0.00232450
 -0.02203025  -0.00176226    -0.02127255   0.00232450    -0.01891672   0.00489847
    4    4
  0.08505766   0.00000000    -0.00202949  -0.00068251    -0.00202949  -0.00068251
 -0.00202949   0.00068251     0.06649408  -0.00000000     0.00523170   0.00000000
 -0.00202949   0.00068251     0.00523170   0.00000000     0.06649408  -0.00000000
    4    5
 -0.02947311   0.01010383    -0.00377455  -0.00250509    -0.00377455  -0.00250509
 -0.00377455  -0.00250509    -0.02258722  -0.00171295    -0.01369100   0.00407054
 -0.00377455  -0.00250509    -0.01369100   0.00407054    -0.02258722  -0.00171295
    4    6
 -0.01525054   0.01180763     0.02029567  -0.00305178    -0.01026932   0.00348348
  0.02029567  -0.00305178    -0.01197873   0.00379651    -0.00201456  -0.00153206
  0.01026932  -0.00348348     0.00201456   0.00153206     0.01617039   0.00235211
    4    7
  0.02125268   0.00000000    -0.01913663  -0.00100772     0.01809942  -0.00005671
 -0.01913663   0.00100772     0.00709945   0.00000000     0.00695590   0.00210461
 -0.01809942  -0.00005671    -0.00695590   0.00210461    -0.04267265  -0.00000000
    4    8
 -0.01525054   0.01180763    -0.01026932   0.00348348     0.02029567  -0.00305178
  0.01026932  -0.00348348     0.01617039   0.00235211     0.00201456   0.00153206
  0.02029567  -0.00305178    -0.00201456  -0.00153206    -0.01197873   0.00379651
    4    9
  0.02125268   0.00000000     0.01809942  -0.00005671    -0.01913663  -0.00100772
 -0.01809942  -0.00005671    -0.04267265  -0.00000000    -0.00695590   0.00210461
 -0.01913663   0.00100772     0.00695590   0.00210461     0.00709945   0.00000000
    4   10
  0.02663688  -0.00000000     0.01715654   0.00014647     0.01715654   0.00014647
 -0.01715654   0.00014647    -0.00750620   0.00000000     0.01399029  -0.00000000
 -0.01715654   0.00014647     0.01399029   0.00000000    -0.00750620   0.00000000
    4   11
 -0.04870372   0.00360687    -0.01934465   0.00598437    -0.01934465   0.00598437
  0.01934465  -0.00598437     0.01235553  -0.00195244    -0.01220789   0.00101715
  0.01934465  -0.00598437    -0.01220789   0.00101715     0.01235553  -0.00195244
    5    1
 -0.04284472  -0.01738382     0.00933658   0.00954008     0.00933658   0.00954008
  0.01361965   0.00810304     0.00909745  -0.00047323     0.01180387   0.01334020
  0.01361965   0.00810304     0.01180387   0.01334020     0.00909745  -0.00047323
    5    2
 -0.00365855  -0.01414859    -0.02005706  -0.00353215    -0.02005706  -0.00353215
 -0.02203025   0.00176226    -0.01891672  -0.00489847    -0.02127255  -0.00232450
 -0.02203025   0.00176226    -0.02127255  -0.00232450    -0.01891672  -0.00489847
    5    3
 -0.00527476  -0.01622832     0.00665639   0.00157097     0.00665639   0.00157097
  0.00935278   0.00283442     0.00876617  -0.00800799     0.01184886   0.00554224
  0.00935278   0.00283442     0.01184886   0.00554224     0.00876617  -0.00800799
    5    4
 -0.02947311  -0.01010383    -0.00377455   0.00250509    -0.00377455   0.00250509
 -0.00377455   0.00250509    -0.02258722   0.00171295    -0.01369100  -0.00407054
 -0.00377455   0.00250509    -0.01369100  -0.00407054    -0.02258722   0.00171295
    5    5
  0.08505766  -0.00000000    -0.00202949   0.00068251    -0.00202949   0.00068251
 -0.00202949  -0.00068251     0.06649408   0.00000000     0.00523170  -0.00000000
 -0.00202949  -0.00068251     0.00523170  -0.00000000     0.06649408   0.00000000
    5    6
  0.02125268  -0.00000000    -0.01913663   0.00100772     0.01809942   0.00005671
 -0.01913663  -0.00100772     0.00709945  -0.00000000     0.00695590  -0.00210461
 -0.01809942   0.00005671    -0.00695590  -0.00210461    -0.04267265   0.00000000
    5    7
 -0.01525054  -0.01180763     0.02029567   0.00305178    -0.01026932  -0.00348348
  0.02029567   0.00305178    -0.01197873  -0.00379651    -0.00201456   0.00153206
  0.01026932   0.00348348     0.00201456  -0.00153206     0.01617039  -0.00235211
    5    8
  0.02125268  -0.00000000     0.01809942   0.00005671    -0.01913663   0.00100772
 -0.01809942   0.00005671    -0.04267265   0.00000000    -0.00695590  -0.00210461
 -0.01913663  -0.00100772     0.00695590  -0.00210461     0.00709945  -0.00000000
    5    9
 -0.01525054  -0.01180763    -0.01026932  -0.00348348     0.02029567   0.00305178
  0.01026932   0.00348348     0.01617039  -0.00235211     0.00201456  -0.00153206
  0.02029567   0.00305178    -0.00201456   0.00153206    -0.01197873  -0.00379651
    5   10
 -0.04870372  -0.00360687    -0.01934465  -0.00598437    -0.01934465  -0.00598437
  0.01934465   0.00598437     0.01235553   0.00195244    -0.01220789  -0.00101715
  0.01934465   0.00598437    -0.01220789  -0.00101715     0.01235553   0.00195244
    5   11
  0.02663688   0.00000000     0.01715654  -0.00014647     0.01715654  -0.00014647
 -0.01715654  -0.00014647    -0.00750620  -0.00000000     0.01399029   0.00000000
 -0.01715654  -0.00014647     0.01399029   0.00000000    -0.00750620  -0.00000000
    6    1
 -0.04284472  -0.01738382     0.00933658   0.00954008    -0.00933658  -0.00954008
  0.01361965   0.00810304     0.00909745  -0.00047323    -0.01180387  -0.01334020
 -0.01361965  -0.00810304    -0.01180387  -0.01334020     0.00909745  -0.00047323
    6    2
  0.01669151   0.00354609    -0.00468870   0.00497912     0.00468870  -0.00497912
 -0.00713107   0.00668254     0.00255204   0.01159572     0.01072415  -0.00749029
  0.00713107  -0.00668254     0.01072415  -0.00749029     0.00255204   0.01159572
    6    3
 -0.01042376   0.01024269     0.00696960   0.01913599    -0.00696960  -0.01913599
  0.01254129   0.01819763     0.00521616   0.01883159    -0.00862320  -0.01958482
 -0.01254129  -0.01819763    -0.00862320  -0.01958482     0.00521616   0.01883159
    6    4
 -0.01525054  -0.01180763     0.02029567   0.00305178     0.01026932   0.00348348
  0.02029567   0.00305178    -0.01197873  -0.00379651     0.00201456  -0.00153206
 -0.01026932  -0.00348348    -0.00201456   0.00153206     0.01617039  -0.00235211
    6    5
  0.02125268   0.00000000    -0.01913663   0.00100772    -0.01809942  -0.00005671
 -0.01913663  -0.00100772     0.00709945   0.00000000    -0.00695590   0.00210461
  0.01809942  -0.00005671     0.00695590   0.00210461    -0.04267265  -0.00000000
    6    6
  0.08505766  -0.00000000    -0.00202949   0.00068251     0.00202949  -0.00068251
 -0.00202949  -0.00068251     0.06649408   0.00000000    -0.00523170   0.00000000
  0.00202949   0.00068251    -0.00523170   0.00000000     0.06649408   0.00000000
    6    7
 -0.02947311  -0.01010383    -0.00377455   0.00250509     0.00377455  -0.00250509
 -0.00377455   0.00250509    -0.02258722   0.00171295     0.01369100   0.00407054
  0.00377455  -0.00250509     0.01369100   0.00407054    -0.02258722   0.00171295
    6    8
  0.02663688   0.00000000     0.01715654  -0.00014647    -0.01715654   0.00014647
 -0.01715654  -0.00014647    -0.00750620  -0.00000000    -0.01399029  -0.00000000
  0.01715654   0.00014647    -0.01399029  -0.00000000    -0.00750620  -0.00000000
    6    9
 -0.04870372  -0.00360687    -0.01934465  -0.00598437     0.01934465   0.00598437
  0.01934465   0.00598437     0.01235553   0.00195244     0.01220789   0.00101715
 -0.01934465  -0.00598437     0.01220789   0.00101715     0.01235553   0.00195244
    6   10
 -0.01525054  -0.01180763    -0.01026932  -0.00348348    -0.02029567  -0.00305178
  0.01026932   0.00348348     0.01617039  -0.00235211    -0.00201456   0.00153206
 -0.02029567  -0.00305178     0.00201456  -0.00153206    -0.01197873  -0.00379651
    6   11
  0.02125268   0.00000000     0.01809942   0.00005671     0.01913663  -0.00100772
 -0.01809942   0.00005671    -0.04267265  -0.00000000     0.00695590   0.00210461
  0.01913663   0.00100772    -0.00695590   0.00210461     0.00709945   0.00000000
    7    1
  0.03647719   0.02841270    -0.01293024  -0.00331567     0.01293024   0.00331567
 -0.01382727  -0.00774344    -0.00413890  -0.00811524     0.01745489   0.00355235
  0.01382727   0.00774344     0.01745489   0.00355235    -0.00413890  -0.00811524
    7    2
 -0.01042376  -0.01024269     0.00696960  -0.01913599    -0.00696960   0.01913599
  0.01254129  -0.01819763     0.00521616  -0.01883159    -0.00862320   0.01958482
 -0.01254129   0.01819763    -0.00862320   0.01958482     0.00521616  -0.01883159
    7    3
  0.01669151  -0.00354609    -0.00468870  -0.00497912     0.00468870   0.00497912
 -0.00713107  -0.00668254     0.00255204  -0.01159572     0.01072415   0.00749029
  0.00713107   0.00668254     0.01072415   0.00749029     0.00255204  -0.01159572
    7    4
  0.02125268  -0.00000000    -0.01913663  -0.00100772    -0.01809942   0.00005671
 -0.01913663   0.00100772     0.00709945  -0.00000000    -0.00695590  -0.00210461
  0.01809942   0.00005671     0.00695590  -0.00210461    -0.04267265   0.00000000
    7    5
 -0.01525054   0.01180763     0.02029567  -0.00305178     0.01026932  -0.00348348
  0.02029567  -0.00305178    -0.01197873   0.00379651     0.00201456   0.00153206
 -0.01026932   0.00348348    -0.00201456  -0.00153206     0.01617039   0.00235211
    7    6
 -0.02947311   0.01010383    -0.00377455  -0.00250509     0.00377455   0.00250509
 -0.00377455  -0.00250509    -0.02258722  -0.00171295     0.01369100  -0.00407054
  0.00377455   0.00250509     0.01369100  -0.00407054    -0.02258722  -0.00171295
    7    7
  0.08505766   0.00000000    -0.00202949  -0.00068251     0.00202949   0.00068251
 -0.00202949   0.00068251     0.06649408  -0.00000000    -0.00523170  -0.00000000
  0.00202949  -0.00068251    -0.00523170  -0.00000000     0.06649408  -0.00000000
    7    8
 -0.04870372   0.00360687    -0.01934465   0.00598437     0.01934465  -0.00598437
  0.01934465  -0.00598437     0.01235553  -0.00195244     0.01220789  -0.00101715
 -0.01934465   0.00598437     0.01220789  -0.00101715     0.01235553  -0.00195244
    7    9
  0.02663688  -0.00000000     0.01715654   0.00014647    -0.01715654  -0.00014647
 -0.01715654   0.00014647    -0.00750620   0.00000000    -0.01399029   0.00000000
  0.01715654  -0.00014647    -0.01399029   0.00000000    -0.00750620   0.00000000
    7   10
  0.02125268  -0.00000000     0.01809942  -0.00005671     0.01913663   0.00100772
 -0.01809942  -0.00005671    -0.04267265   0.00000000     0.00695590  -0.00210461
  0.01913663  -0.00100772    -0.00695590  -0.00210461     0.00709945  -0.00000000
    7   11
 -0.01525054   0.01180763    -0.01026932   0.00348348    -0.02029567   0.00305178
  0.01026932  -0.00348348     0.01617039   0.00235211    -0.00201456  -0.00153206
 -0.02029567   0.00305178     0.00201456   0.00153206    -0.01197873   0.00379651
    8    1
 -0.04284472  -0.01738382    -0.00933658  -0.00954008     0.00933658   0.00954008
 -0.01361965  -0.00810304     0.00909745  -0.00047323    -0.01180387  -0.01334020
  0.01361965   0.00810304    -0.01180387  -0.01334020     0.00909745  -0.00047323
    8    2
  0.01669151   0.00354609     0.00468870  -0.00497912    -0.00468870   0.00497912
  0.00713107  -0.00668254     0.00255204   0.01159572     0.01072415  -0.00749029
 -0.00713107   0.00668254     0.01072415  -0.00749029     0.00255204   0.01159572
    8    3
 -0.01042376   0.01024269    -0.00696960  -0.01913599     0.00696960   0.01913599
 -0.01254129  -0.01819763     0.00521616   0.01883159    -0.00862320  -0.01958482
  0.01254129   0.01819763    -0.00862320  -0.01958482     0.00521616   0.01883159
    8    4
 -0.01525054  -0.01180763     0.01026932   0.00348348     0.02029567   0.00305178
 -0.01026932  -0.00348348     0.01617039  -0.00235211    -0.00201456   0.00153206
  0.02029567   0.00305178     0.00201456  -0.00153206    -0.01197873  -0.00379651
    8    5
  0.02125268   0.00000000    -0.01809942  -0.00005671    -0.01913663   0.00100772
  0.01809942  -0.00005671    -0.04267265  -0.00000000     0.00695590   0.00210461
 -0.01913663  -0.00100772    -0.00695590   0.00210461     0.00709945   0.00000000
    8    6
  0.02663688   0.00000000    -0.01715654   0.00014647     0.01715654  -0.00014647
  0.01715654   0.00014647    -0.00750620  -0.00000000    -0.01399029  -0.00000000
 -0.01715654  -0.00014647    -0.01399029  -0.00000000    -0.00750620  -0.00000000
    8    7
 -0.04870372  -0.00360687     0.01934465   0.00598437    -0.01934465  -0.00598437
 -0.01934465  -0.00598437     0.01235553   0.00195244     0.01220789   0.00101715
  0.01934465   0.00598437     0.01220789   0.00101715     0.01235553   0.00195244
    8    8
  0.08505766  -0.00000000     0.00202949  -0.00068251    -0.00202949   0.00068251
  0.00202949   0.00068251     0.06649408   0.00000000    -0.00523170   0.00000000
 -0.00202949  -0.00068251    -0.00523170   0.00000000     0.06649408   0.00000000
    8    9
 -0.02947311  -0.01010383     0.00377455  -0.00250509    -0.00377455   0.00250509
  0.00377455  -0.00250509    -0.02258722   0.00171295     0.01369100   0.00407054
 -0.00377455   0.00250509     0.01369100   0.00407054    -0.02258722   0.00171295
    8   10
 -0.01525054  -0.01180763    -0.02029567  -0.00305178    -0.01026932  -0.00348348
 -0.02029567  -0.00305178    -0.01197873  -0.00379651     0.00201456  -0.00153206
  0.01026932   0.00348348    -0.00201456   0.00153206     0.01617039  -0.00235211
    8   11
  0.02125268   0.00000000     0.01913663  -0.00100772     0.01809942   0.00005671
  0.01913663   0.00100772     0.00709945   0.00000000    -0.00695590   0.00210461
 -0.01809942   0.00005671     0.00695590   0.00210461    -0.04267265  -0.00000000
    9    1
  0.03647719   0.02841270     0.01293024   0.00331567    -0.01293024  -0.00331567
  0.01382727   0.00774344    -0.00413890  -0.00811524     0.01745489   0.00355235
 -0.01382727  -0.00774344     0.01745489   0.00355235    -0.00413890  -0.00811524
    9    2
 -0.01042376  -0.01024269    -0.00696960   0.01913599     0.00696960  -0.01913599
 -0.01254129   0.01819763     0.00521616  -0.01883159    -0.00862320   0.01958482
  0.01254129  -0.01819763    -0.00862320   0.01958482     0.00521616  -0.01883159
    9    3
  0.01669151  -0.00354609     0.00468870   0.00497912    -0.00468870  -0.00497912
  0.00713107   0.00668254     0.00255204  -0.01159572     0.01072415   0.00749029
 -0.00713107  -0.00668254     0.01072415   0.00749029     0.00255204  -0.01159572
    9    4
  0.02125268  -0.00000000    -0.01809942   0.00005671    -0.01913663  -0.00100772
  0.01809942   0.00005671    -0.04267265   0.00000000     0.00695590  -0.00210461
 -0.01913663   0.00100772    -0.00695590  -0.00210461     0.00709945  -0.00000000
    9    5
 -0.01525054   0.01180763     0.01026932  -0.00348348     0.02029567  -0.00305178
 -0.01026932   0.00348348     0.01617039   0.00235211    -0.00201456  -0.00153206
  0.02029567  -0.00305178     0.00201456   0.00153206    -0.01197873   0.00379651
    9    6
 -0.04870372   0.00360687     0.01934465  -0.00598437    -0.01934465   0.00598437
 -0.01934465   0.00598437     0.01235553  -0.00195244     0.01220789  -0.00101715
  0.01934465  -0.00598437     0.01220789  -0.00101715     0.01235553  -0.00195244
    9    7
  0.02663688  -0.00000000    -0.01715654  -0.00014647     0.01715654   0.00014647
  0.01715654  -0.00014647    -0.00750620   0.00000000    -0.01399029   0.00000000
 -0.01715654   0.00014647    -0.01399029   0.00000000    -0.00750620   0.00000000
    9    8
 -0.02947311   0.01010383     0.00377455   0.00250509    -0.00377455  -0.00250509
  0.00377455   0.00250509    -0.02258722  -0.00171295     0.01369100  -0.00407054
 -0.00377455  -0.00250509     0.01369100  -0.00407054    -0.02258722  -0.00171295
    9    9
  0.08505766   0.00000000     0.00202949   0.00068251    -0.00202949  -0.00068251
  0.00202949  -0.00068251     0.06649408  -0.00000000    -0.00523170  -0.00000000
 -0.00202949   0.00068251    -0.00523170  -0.00000000     0.06649408  -0.00000000
    9   10
  0.02125268  -0.00000000     0.01913663   0.00100772     0.01809942  -0.00005671
  0.01913663  -0.00100772     0.00709945  -0.00000000    -0.00695590  -0.00210461
 -0.01809942  -0.00005671     0.00695590  -0.00210461    -0.04267265   0.00000000
    9   11
 -0.01525054   0.01180763    -0.02029567   0.00305178    -0.01026932   0.00348348
 -0.02029567   0.00305178    -0.01197873   0.00379651     0.00201456   0.00153206
  0.01026932  -0.00348348    -0.00201456  -0.00153206     0.01617039   0.00235211
   10    1
  0.03647719   0.02841270     0.01293024   0.00331567     0.01293024   0.00331567
  0.01382727   0.00774344    -0.00413890  -0.00811524    -0.01745489  -0.00355235
  0.01382727   0.00774344    -0.01745489  -0.00355235    -0.00413890  -0.00811524
   10    2
 -0.00527476   0.01622832    -0.00665639   0.00157097    -0.00665639   0.00157097
 -0.00935278   0.00283442     0.00876617   0.00800799     0.01184886  -0.00554224
 -0.00935278   0.00283442     0.01184886  -0.00554224     0.00876617   0.00800799
   10    3
 -0.00365855   0.01414859     0.02005706  -0.00353215     0.02005706  -0.00353215
  0.02203025   0.00176226    -0.01891672   0.00489847    -0.02127255   0.00232450
  0.02203025   0.00176226    -0.02127255   0.00232450    -0.01891672   0.00489847
   10    4
  0.02663688  -0.00000000    -0.01715654  -0.00014647    -0.01715654  -0.00014647
  0.01715654  -0.00014647    -0.00750620   0.00000000     0.01399029  -0.00000000
  0.01715654  -0.00014647     0.01399029  -0.00000000    -0.00750620   0.00000000
   10    5
 -0.04870372   0.00360687     0.01934465  -0.00598437     0.01934465  -0.00598437
 -0.01934465   0.00598437     0.01235553  -0.00195244    -0.01220789   0.00101715
 -0.01934465   0.00598437    -0.01220789   0.00101715     0.01235553  -0.00195244
   10    6
 -0.01525054   0.01180763     0.01026932  -0.00348348    -0.02029567   0.00305178
 -0.01026932   0.00348348     0.01617039   0.00235211     0.00201456   0.00153206
 -0.02029567   0.00305178    -0.00201456  -0.00153206    -0.01197873   0.00379651
   10    7
  0.02125268   0.00000000    -0.01809942   0.00005671     0.01913663   0.00100772
  0.01809942   0.00005671    -0.04267265  -0.00000000    -0.00695590   0.00210461
  0.01913663  -0.00100772     0.00695590   0.00210461     0.00709945   0.00000000
   10    8
 -0.01525054   0.01180763    -0.02029567   0.00305178     0.01026932  -0.00348348
 -0.02029567   0.00305178    -0.01197873   0.00379651    -0.00201456  -0.00153206
 -0.01026932   0.00348348     0.00201456   0.00153206     0.01617039   0.00235211
   10    9
  0.02125268   0.00000000     0.01913663   0.00100772    -0.01809942   0.00005671
  0.01913663  -0.00100772     0.00709945   0.00000000     0.00695590   0.00210461
  0.01809942   0.00005671    -0.00695590   0.00210461    -0.04267265  -0.00000000
   10   10
  0.08505766   0.00000000     0.00202949   0.00068251     0.00202949   0.00068251
  0.00202949  -0.00068251     0.06649408  -0.00000000     0.00523170   0.00000000
  0.00202949  -0.00068251     0.00523170   0.00000000     0.06649408  -0.00000000
   10   11
 -0.02947311   0.01010383     0.00377455   0.00250509     0.00377455   0.00250509
  0.00377455   0.00250509    -0.02258722  -0.00171295    -0.01369100   0.00407054
  0.00377455   0.00250509    -0.01369100   0.00407054    -0.02258722  -0.00171295
   11    1
 -0.04284472  -0.01738382    -0.00933658  -0.00954008    -0.00933658  -0.00954008
 -0.01361965  -0.00810304     0.00909745  -0.00047323     0.01180387   0.01334020
 -0.01361965  -0.00810304     0.01180387   0.01334020     0.00909745  -0.00047323
   11    2
 -0.00365855  -0.01414859     0.02005706   0.00353215     0.02005706   0.00353215
  0.02203025  -0.00176226    -0.01891672  -0.00489847    -0.02127255  -0.00232450
  0.02203025  -0.00176226    -0.02127255  -0.00232450    -0.01891672  -0.00489847
   11    3
 -0.00527476  -0.01622832    -0.00665639  -0.00157097    -0.00665639  -0.00157097
 -0.00935278  -0.00283442     0.00876617  -0.00800799     0.01184886   0.00554224
 -0.00935278  -0.00283442     0.01184886   0.00554224     0.00876617  -0.00800799
   11    4
 -0.04870372  -0.00360687     0.01934465   0.00598437     0.01934465   0.00598437
 -0.01934465  -0.00598437     0.01235553   0.00195244    -0.01220789  -0.00101715
 -0.01934465  -0.00598437    -0.01220789  -0.00101715     0.01235553   0.00195244
   11    5
  0.02663688   0.00000000    -0.01715654   0.00014647    -0.01715654   0.00014647
  0.01715654   0.00014647    -0.00750620  -0.00000000     0.01399029   0.00000000
  0.01715654   0.00014647     0.01399029   0.00000000    -0.00750620  -0.00000000
   11    6
  0.02125268  -0.00000000    -0.01809942  -0.00005671     0.01913663  -0.00100772
  0.01809942  -0.00005671    -0.04267265   0.00000000    -0.00695590  -0.00210461
  0.01913663   0.00100772     0.00695590  -0.00210461     0.00709945  -0.00000000
   11    7
 -0.01525054  -0.01180763     0.01026932   0.00348348    -0.02029567  -0.00305178
 -0.01026932  -0.00348348     0.01617039  -0.00235211     0.00201456  -0.00153206
 -0.02029567  -0.00305178    -0.00201456   0.00153206    -0.01197873  -0.00379651
   11    8
  0.02125268  -0.00000000     0.01913663  -0.00100772    -0.01809942  -0.00005671
  0.01913663   0.00100772     0.00709945  -0.00000000     0.00695590  -0.00210461
  0.01809942  -0.00005671    -0.00695590  -0.00210461    -0.04267265   0.00000000
   11    9
 -0.01525054  -0.01180763    -0.02029567  -0.00305178     0.01026932   0.00348348
 -0.02029567  -0.00305178    -0.01197873  -0.00379651    -0.00201456   0.00153206
 -0.01026932  -0.00348348     0.00201456  -0.00153206     0.01617039  -0.00235211
   11   10
 -0.02947311  -0.01010383     0.00377455  -0.00250509     0.00377455  -0.00250509
  0.00377455  -0.00250509    -0.02258722   0.00171295    -0.01369100  -0.00407054
  0.00377455  -0.00250509    -0.01369100  -0.00407054    -0.02258722   0.00171295
   11   11
  0.08505766  -0.00000000     0.00202949  -0.00068251     0.00202949  -0.00068251
  0.00202949   0.00068251     0.06649408   0.00000000     0.00523170  -0.00000000
  0.00202949   0.00068251     0.00523170  -0.00000000     0.06649408   0.00000000

     Dynamical  Matrix in cartesian axes

     q = (   -0.471404521   0.000000000   0.000000000 ) 

    1    1
  0.23387649   0.00000000    -0.00000000   0.00000000     0.00000000   0.00000000
 -0.00000000   0.00000000     0.09715366   0.00000000     0.00000000   0.00000000
 -0.00000000   0.00000000     0.00000000   0.00000000     0.09715366   0.00000000
    1    2
  0.00703428   0.01218373     0.00000000   0.00000000     0.00000000   0.00000000
  0.00000000   0.00000000    -0.01500876  -0.02599594    -0.01848952   0.01067493
  0.00000000   0.00000000    -0.01848952   0.01067493    -0.01500876  -0.02599594
    1    3
 -0.01406856   0.00000000     0.00000000  -0.00000000     0.00000000   0.00000000
  0.00000000   0.00000000     0.03001752  -0.00000000     0.00000000   0.02134986
  0.00000000  -0.00000000     0.00000000   0.02134986     0.03001752  -0.00000000
    1    4
  0.03647719   0.02841270    -0.01382727  -0.00774344    -0.01382727  -0.00774344
 -0.01293024  -0.00331567    -0.00413890  -0.00811524    -0.01745489  -0.00355235
 -0.01293024  -0.00331567    -0.01745489  -0.00355235    -0.00413890  -0.00811524
    1    5
 -0.04284472  -0.01738382     0.01361965   0.00810304     0.01361965   0.00810304
  0.00933658   0.00954008     0.00909745  -0.00047323     0.01180387   0.01334020
  0.00933658   0.00954008     0.01180387   0.01334020     0.00909745  -0.00047323
    1    6
 -0.04284472  -0.01738382     0.01361965   0.00810304    -0.01361965  -0.00810304
  0.00933658   0.00954008     0.00909745  -0.00047323    -0.01180387  -0.01334020
 -0.00933658  -0.00954008    -0.01180387  -0.01334020     0.00909745  -0.00047323
    1    7
  0.03647719   0.02841270    -0.01382727  -0.00774344     0.01382727   0.00774344
 -0.01293024  -0.00331567    -0.00413890  -0.00811524     0.01745489   0.00355235
  0.01293024   0.00331567     0.01745489   0.00355235    -0.00413890  -0.00811524
    1    8
 -0.04284472  -0.01738382    -0.01361965  -0.00810304     0.01361965   0.00810304
 -0.00933658  -0.00954008     0.00909745  -0.00047323    -0.01180387  -0.01334020
  0.00933658   0.00954008    -0.01180387  -0.01334020     0.00909745  -0.00047323
    1    9
  0.03647719   0.02841270     0.01382727   0.00774344    -0.01382727  -0.00774344
  0.01293024   0.00331567    -0.00413890  -0.00811524     0.01745489   0.00355235
 -0.01293024  -0.00331567     0.01745489   0.00355235    -0.00413890  -0.00811524
    1   10
  0.03647719   0.02841270     0.01382727   0.00774344     0.01382727   0.00774344
  0.01293024   0.00331567    -0.00413890  -0.00811524    -0.01745489  -0.00355235
  0.01293024   0.00331567    -0.01745489  -0.00355235    -0.00413890  -0.00811524
    1   11
 -0.04284472  -0.01738382    -0.01361965  -0.00810304    -0.01361965  -0.00810304
 -0.00933658  -0.00954008     0.00909745  -0.00047323     0.01180387   0.01334020
 -0.00933658  -0.00954008     0.01180387   0.01334020     0.00909745  -0.00047323
    2    1
  0.00703428  -0.01218373     0.00000000  -0.00000000     0.00000000  -0.00000000
  0.00000000   0.00000000    -0.01500876   0.02599594    -0.01848952  -0.01067493
  0.00000000  -0.00000000    -0.01848952  -0.01067493    -0.01500876   0.02599594
    2    2
  0.09598970  -0.00000000     0.00000000   0.00000000     0.00000000  -0.00000000
  0.00000000   0.00000000     0.07158338  -0.00000000     0.00000000  -0.00000000
  0.00000000   0.00000000     0.00000000  -0.00000000     0.07158338  -0.00000000
    2    3
 -0.00606929   0.01051231    -0.00000000  -0.00000000     0.00000000   0.00000000
  0.00000000  -0.00000000    -0.00086008   0.00148970    -0.01397267  -0.00806712
  0.00000000   0.00000000    -0.01397267  -0.00806712    -0.00086008   0.00148970
    2    4
 -0.00527476   0.01622832     0.00935278  -0.00283442     0.00935278  -0.00283442
  0.00665639  -0.00157097     0.00876617   0.00800799     0.01184886  -0.00554224
  0.00665639  -0.00157097     0.01184886  -0.00554224     0.00876617   0.00800799
    2    5
 -0.00365855  -0.01414859    -0.02203025   0.00176226    -0.02203025   0.00176226
 -0.02005706  -0.00353215    -0.01891672  -0.00489847    -0.02127255  -0.00232450
 -0.02005706  -0.00353215    -0.02127255  -0.00232450    -0.01891672  -0.00489847
    2    6
  0.01669151   0.00354609    -0.00713107   0.00668254     0.00713107  -0.00668254
 -0.00468870   0.00497912     0.00255204   0.01159572     0.01072415  -0.00749029
  0.00468870  -0.00497912     0.01072415  -0.00749029     0.00255204   0.01159572
    2    7
 -0.01042376  -0.01024269     0.01254129  -0.01819763    -0.01254129   0.01819763
  0.00696960  -0.01913599     0.00521616  -0.01883159    -0.00862320   0.01958482
 -0.00696960   0.01913599    -0.00862320   0.01958482     0.00521616  -0.01883159
    2    8
  0.01669151   0.00354609     0.00713107  -0.00668254    -0.00713107   0.00668254
  0.00468870  -0.00497912     0.00255204   0.01159572     0.01072415  -0.00749029
 -0.00468870   0.00497912     0.01072415  -0.00749029     0.00255204   0.01159572
    2    9
 -0.01042376  -0.01024269    -0.01254129   0.01819763     0.01254129  -0.01819763
 -0.00696960   0.01913599     0.00521616  -0.01883159    -0.00862320   0.01958482
  0.00696960  -0.01913599    -0.00862320   0.01958482     0.00521616  -0.01883159
    2   10
 -0.00527476   0.01622832    -0.00935278   0.00283442    -0.00935278   0.00283442
 -0.00665639   0.00157097     0.00876617   0.00800799     0.01184886  -0.00554224
 -0.00665639   0.00157097     0.01184886  -0.00554224     0.00876617   0.00800799
    2   11
 -0.00365855  -0.01414859     0.02203025  -0.00176226     0.02203025  -0.00176226
  0.02005706   0.00353215    -0.01891672  -0.00489847    -0.02127255  -0.00232450
  0.02005706   0.00353215    -0.02127255  -0.00232450    -0.01891672  -0.00489847
    3    1
 -0.01406856  -0.00000000    -0.00000000  -0.00000000    -0.00000000   0.00000000
 -0.00000000   0.00000000     0.03001752   0.00000000     0.00000000  -0.02134986
  0.00000000   0.00000000     0.00000000  -0.02134986     0.03001752   0.00000000
    3    2
 -0.00606929  -0.01051231    -0.00000000   0.00000000     0.00000000  -0.00000000
  0.00000000   0.00000000    -0.00086008  -0.00148970    -0.01397267   0.00806712
  0.00000000   0.00000000    -0.01397267   0.00806712    -0.00086008  -0.00148970
    3    3
  0.09598970   0.00000000     0.00000000  -0.00000000     0.00000000   0.00000000
  0.00000000  -0.00000000     0.07158338   0.00000000     0.00000000   0.00000000
  0.00000000  -0.00000000     0.00000000   0.00000000     0.07158338   0.00000000
    3    4
 -0.00365855   0.01414859    -0.02203025  -0.00176226    -0.02203025  -0.00176226
 -0.02005706   0.00353215    -0.01891672   0.00489847    -0.02127255   0.00232450
 -0.02005706   0.00353215    -0.02127255   0.00232450    -0.01891672   0.00489847
    3    5
 -0.00527476  -0.01622832     0.00935278   0.00283442     0.00935278   0.00283442
  0.00665639   0.00157097     0.00876617  -0.00800799     0.01184886   0.00554224
  0.00665639   0.00157097     0.01184886   0.00554224     0.00876617  -0.00800799
    3    6
 -0.01042376   0.01024269     0.01254129   0.01819763    -0.01254129  -0.01819763
  0.00696960   0.01913599     0.00521616   0.01883159    -0.00862320  -0.01958482
 -0.00696960  -0.01913599    -0.00862320  -0.01958482     0.00521616   0.01883159
    3    7
  0.01669151  -0.00354609    -0.00713107  -0.00668254     0.00713107   0.00668254
 -0.00468870  -0.00497912     0.00255204  -0.01159572     0.01072415   0.00749029
  0.00468870   0.00497912     0.01072415   0.00749029     0.00255204  -0.01159572
    3    8
 -0.01042376   0.01024269    -0.01254129  -0.01819763     0.01254129   0.01819763
 -0.00696960  -0.01913599     0.00521616   0.01883159    -0.00862320  -0.01958482
  0.00696960   0.01913599    -0.00862320  -0.01958482     0.00521616   0.01883159
    3    9
  0.01669151  -0.00354609     0.00713107   0.00668254    -0.00713107  -0.00668254
  0.00468870   0.00497912     0.00255204  -0.01159572     0.01072415   0.00749029
 -0.00468870  -0.00497912     0.01072415   0.00749029     0.00255204  -0.01159572
    3   10
 -0.00365855   0.01414859     0.02203025   0.00176226     0.02203025   0.00176226
  0.02005706  -0.00353215    -0.01891672   0.00489847    -0.02127255   0.00232450
  0.02005706  -0.00353215    -0.02127255   0.00232450    -0.01891672   0.00489847
    3   11
 -0.00527476  -0.01622832    -0.00935278  -0.00283442    -0.00935278  -0.00283442
 -0.00665639  -0.00157097     0.00876617  -0.00800799     0.01184886   0.00554224
 -0.00665639  -0.00157097     0.01184886   0.00554224     0.00876617  -0.00800799
    4    1
  0.03647719  -0.02841270    -0.01293024   0.00331567    -0.01293024   0.00331567
