  2.000000000000000E-002   1.50246893388671        5.69309982747422     
           6

     Dynamical  Matrix in cartesian axes

     q = (    0.471404521   0.000000000   0.000000000 ) 

    1    1
  0.29932123   0.00000000     0.00000000   0.00000000    -0.00000000   0.00000000
 -0.00000000   0.00000000     0.11170323   0.00000000    -0.00000000   0.00000000
  0.00000000   0.00000000    -0.00000000   0.00000000     0.11170323   0.00000000
    1    2
  0.01436879  -0.02488747     0.00000000   0.00000000     0.00000000   0.00000000
  0.00000000   0.00000000    -0.01703442   0.02950447    -0.02541876  -0.01467553
  0.00000000   0.00000000    -0.02541876  -0.01467553    -0.01703442   0.02950447
    1    3
 -0.02873758  -0.00000000     0.00000000   0.00000000    -0.00000000  -0.00000000
  0.00000000  -0.00000000     0.03406883   0.00000000     0.00000000  -0.02935106
  0.00000000  -0.00000000     0.00000000  -0.02935106     0.03406883   0.00000000
    1    4
  0.05233921  -0.03729701    -0.01982638   0.00992021    -0.01982638   0.00992021
 -0.01482983   0.00567198    -0.00486495   0.00939505    -0.02201101   0.00504498
 -0.01482983   0.00567198    -0.02201101   0.00504498    -0.00486495   0.00939505
    1    5
 -0.05846976   0.02667858     0.01850434  -0.01221005     0.01850434  -0.01221005
  0.01232700  -0.01000702     0.01056882   0.00048436     0.01537459  -0.01653961
  0.01232700  -0.01000702     0.01537459  -0.01653961     0.01056882   0.00048436
    1    6
 -0.05846976   0.02667858     0.01850434  -0.01221005    -0.01850434   0.01221005
  0.01232700  -0.01000702     0.01056882   0.00048436    -0.01537459   0.01653961
 -0.01232700   0.01000702    -0.01537459   0.01653961     0.01056882   0.00048436
    1    7
  0.05233921  -0.03729701    -0.01982638   0.00992021     0.01982638  -0.00992021
 -0.01482983   0.00567198    -0.00486495   0.00939505     0.02201101  -0.00504498
  0.01482983  -0.00567198     0.02201101  -0.00504498    -0.00486495   0.00939505
    1    8
 -0.05846976   0.02667858    -0.01850434   0.01221005     0.01850434  -0.01221005
 -0.01232700   0.01000702     0.01056882   0.00048436    -0.01537459   0.01653961
  0.01232700  -0.01000702    -0.01537459   0.01653961     0.01056882   0.00048436
    1    9
  0.05233921  -0.03729701     0.01982638  -0.00992021    -0.01982638   0.00992021
  0.01482983  -0.00567198    -0.00486495   0.00939505     0.02201101  -0.00504498
 -0.01482983   0.00567198     0.02201101  -0.00504498    -0.00486495   0.00939505
    1   10
  0.05233921  -0.03729701     0.01982638  -0.00992021     0.01982638  -0.00992021
  0.01482983  -0.00567198    -0.00486495   0.00939505    -0.02201101   0.00504498
  0.01482983  -0.00567198    -0.02201101   0.00504498    -0.00486495   0.00939505
    1   11
 -0.05846976   0.02667858    -0.01850434   0.01221005    -0.01850434   0.01221005
 -0.01232700   0.01000702     0.01056882   0.00048436     0.01537459  -0.01653961
 -0.01232700   0.01000702     0.01537459  -0.01653961     0.01056882   0.00048436
    2    1
  0.01436879   0.02488747     0.00000000  -0.00000000    -0.00000000  -0.00000000
  0.00000000   0.00000000    -0.01703442  -0.02950447    -0.02541876   0.01467553
  0.00000000  -0.00000000    -0.02541876   0.01467553    -0.01703442  -0.02950447
    2    2
  0.11152545   0.00000000    -0.00000000  -0.00000000     0.00000000   0.00000000
 -0.00000000   0.00000000     0.08204986  -0.00000000     0.00000000   0.00000000
  0.00000000   0.00000000     0.00000000   0.00000000     0.08204986  -0.00000000
    2    3
 -0.00949214  -0.01644088    -0.00000000   0.00000000    -0.00000000   0.00000000
 -0.00000000  -0.00000000     0.00066235   0.00114722    -0.02393053   0.01381630
 -0.00000000   0.00000000    -0.02393053   0.01381630     0.00066235   0.00114722
    2    4
 -0.00359314  -0.01653507     0.01103735   0.00271193     0.01103735   0.00271193
  0.00962658  -0.00015116     0.01192953  -0.00956722     0.01585049   0.00546742
  0.00962658  -0.00015116     0.01585049   0.00546742     0.01192953  -0.00956722
    2    5
 -0.00394379   0.01454062    -0.02434352  -0.00241948    -0.02434352  -0.00241948
 -0.02359556   0.00431046    -0.02127458   0.00744261    -0.02594869   0.00118589
 -0.02359556   0.00431046    -0.02594869   0.00118589    -0.02127458   0.00744261
    2    6
  0.01611637  -0.00515578    -0.00786728  -0.00820266     0.00786728   0.00820266
 -0.00468239  -0.00841244     0.00232069  -0.01511488     0.01266017   0.01099322
  0.00468239   0.00841244     0.01266017   0.01099322     0.00232069  -0.01511488
    2    7
 -0.01062065   0.01068573     0.01426709   0.01987236    -0.01426709  -0.01987236
  0.00806481   0.02258958     0.00419180   0.02214563    -0.01194734  -0.02306517
 -0.00806481  -0.02258958    -0.01194734  -0.02306517     0.00419180   0.02214563
    2    8
  0.01611637  -0.00515578     0.00786728   0.00820266    -0.00786728  -0.00820266
  0.00468239   0.00841244     0.00232069  -0.01511488     0.01266017   0.01099322
 -0.00468239  -0.00841244     0.01266017   0.01099322     0.00232069  -0.01511488
    2    9
 -0.01062065   0.01068573    -0.01426709  -0.01987236     0.01426709   0.01987236
 -0.00806481  -0.02258958     0.00419180   0.02214563    -0.01194734  -0.02306517
  0.00806481   0.02258958    -0.01194734  -0.02306517     0.00419180   0.02214563
    2   10
 -0.00359314  -0.01653507    -0.01103735  -0.00271193    -0.01103735  -0.00271193
 -0.00962658   0.00015116     0.01192953  -0.00956722     0.01585049   0.00546742
 -0.00962658   0.00015116     0.01585049   0.00546742     0.01192953  -0.00956722
    2   11
 -0.00394379   0.01454062     0.02434352   0.00241948     0.02434352   0.00241948
  0.02359556  -0.00431046    -0.02127458   0.00744261    -0.02594869   0.00118589
  0.02359556  -0.00431046    -0.02594869   0.00118589    -0.02127458   0.00744261
    3    1
 -0.02873758   0.00000000    -0.00000000   0.00000000     0.00000000  -0.00000000
 -0.00000000   0.00000000     0.03406883  -0.00000000     0.00000000   0.02935106
  0.00000000   0.00000000     0.00000000   0.02935106     0.03406883  -0.00000000
    3    2
 -0.00949214   0.01644088    -0.00000000  -0.00000000    -0.00000000  -0.00000000
 -0.00000000   0.00000000     0.00066235  -0.00114722    -0.02393053  -0.01381630
 -0.00000000  -0.00000000    -0.02393053  -0.01381630     0.00066235  -0.00114722
    3    3
  0.11152545  -0.00000000    -0.00000000   0.00000000     0.00000000  -0.00000000
 -0.00000000  -0.00000000     0.08204986   0.00000000     0.00000000  -0.00000000
  0.00000000  -0.00000000     0.00000000  -0.00000000     0.08204986   0.00000000
    3    4
 -0.00394379  -0.01454062    -0.02434352   0.00241948    -0.02434352   0.00241948
 -0.02359556  -0.00431046    -0.02127458  -0.00744261    -0.02594869  -0.00118589
 -0.02359556  -0.00431046    -0.02594869  -0.00118589    -0.02127458  -0.00744261
    3    5
 -0.00359314   0.01653507     0.01103735  -0.00271193     0.01103735  -0.00271193
  0.00962658   0.00015116     0.01192953   0.00956722     0.01585049  -0.00546742
  0.00962658   0.00015116     0.01585049  -0.00546742     0.01192953   0.00956722
    3    6
 -0.01062065  -0.01068573     0.01426709  -0.01987236    -0.01426709   0.01987236
  0.00806481  -0.02258958     0.00419180  -0.02214563    -0.01194734   0.02306517
 -0.00806481   0.02258958    -0.01194734   0.02306517     0.00419180  -0.02214563
    3    7
  0.01611637   0.00515578    -0.00786728   0.00820266     0.00786728  -0.00820266
 -0.00468239   0.00841244     0.00232069   0.01511488     0.01266017  -0.01099322
  0.00468239  -0.00841244     0.01266017  -0.01099322     0.00232069   0.01511488
    3    8
 -0.01062065  -0.01068573    -0.01426709   0.01987236     0.01426709  -0.01987236
 -0.00806481   0.02258958     0.00419180  -0.02214563    -0.01194734   0.02306517
  0.00806481  -0.02258958    -0.01194734   0.02306517     0.00419180  -0.02214563
    3    9
  0.01611637   0.00515578     0.00786728  -0.00820266    -0.00786728   0.00820266
  0.00468239  -0.00841244     0.00232069   0.01511488     0.01266017  -0.01099322
 -0.00468239   0.00841244     0.01266017  -0.01099322     0.00232069   0.01511488
    3   10
 -0.00394379  -0.01454062     0.02434352  -0.00241948     0.02434352  -0.00241948
  0.02359556   0.00431046    -0.02127458  -0.00744261    -0.02594869  -0.00118589
  0.02359556   0.00431046    -0.02594869  -0.00118589    -0.02127458  -0.00744261
    3   11
 -0.00359314   0.01653507    -0.01103735   0.00271193    -0.01103735   0.00271193
 -0.00962658  -0.00015116     0.01192953   0.00956722     0.01585049  -0.00546742
 -0.00962658  -0.00015116     0.01585049  -0.00546742     0.01192953   0.00956722
    4    1
  0.05233921   0.03729701    -0.01482983  -0.00567198    -0.01482983  -0.00567198
 -0.01982638  -0.00992021    -0.00486495  -0.00939505    -0.02201101  -0.00504498
 -0.01982638  -0.00992021    -0.02201101  -0.00504498    -0.00486495  -0.00939505
    4    2
 -0.00359314   0.01653507     0.00962658   0.00015116     0.00962658   0.00015116
  0.01103735  -0.00271193     0.01192953   0.00956722     0.01585049  -0.00546742
  0.01103735  -0.00271193     0.01585049  -0.00546742     0.01192953   0.00956722
    4    3
 -0.00394379   0.01454062    -0.02359556   0.00431046    -0.02359556   0.00431046
 -0.02434352  -0.00241948    -0.02127458   0.00744261    -0.02594869   0.00118589
 -0.02434352  -0.00241948    -0.02594869   0.00118589    -0.02127458   0.00744261
    4    4
  0.11090052   0.00000000    -0.00512549  -0.00052636    -0.00512549  -0.00052636
 -0.00512549   0.00052636     0.08122670  -0.00000000     0.00481345   0.00000000
 -0.00512549   0.00052636     0.00481345   0.00000000     0.08122670  -0.00000000
    4    5
 -0.04687618   0.01644201    -0.00250634  -0.00447345    -0.00250634  -0.00447345
 -0.00250634  -0.00447345    -0.03068822   0.00045138    -0.01646862   0.00474095
 -0.00250634  -0.00447345    -0.01646862   0.00474095    -0.03068822   0.00045138
    4    6
 -0.02361317   0.01599876     0.02870821  -0.00622835    -0.01474670   0.00645118
  0.02870821  -0.00622835    -0.01584907   0.00495412    -0.00384381  -0.00142509
  0.01474670  -0.00645118     0.00384381   0.00142509     0.02384789   0.00032870
    4    7
  0.03296700   0.00000000    -0.02682425  -0.00028893     0.02493681   0.00036288
 -0.02682425   0.00028893     0.01153204   0.00000000     0.00953249   0.00235009
 -0.02493681   0.00036288    -0.00953249   0.00235009    -0.05341799  -0.00000000
    4    8
 -0.02361317   0.01599876    -0.01474670   0.00645118     0.02870821  -0.00622835
  0.01474670  -0.00645118     0.02384789   0.00032870     0.00384381   0.00142509
  0.02870821  -0.00622835    -0.00384381  -0.00142509    -0.01584907   0.00495412
    4    9
  0.03296700   0.00000000     0.02493681   0.00036288    -0.02682425  -0.00028893
 -0.02493681   0.00036288    -0.05341799  -0.00000000    -0.00953249   0.00235009
 -0.02682425   0.00028893     0.00953249   0.00235009     0.01153204   0.00000000
    4   10
  0.04318516  -0.00000000     0.02479281  -0.00001730     0.02479281  -0.00001730
 -0.02479281  -0.00001730    -0.01233501   0.00000000     0.01714275  -0.00000000
 -0.02479281  -0.00001730     0.01714275  -0.00000000    -0.01233501   0.00000000
    4   11
 -0.06577677   0.01172511    -0.02674556   0.00836812    -0.02674556   0.00836812
  0.02674556  -0.00836812     0.01667993  -0.00299348    -0.01473951   0.00124482
  0.02674556  -0.00836812    -0.01473951   0.00124482     0.01667993  -0.00299348
    5    1
 -0.05846976  -0.02667858     0.01232700   0.01000702     0.01232700   0.01000702
  0.01850434   0.01221005     0.01056882  -0.00048436     0.01537459   0.01653961
  0.01850434   0.01221005     0.01537459   0.01653961     0.01056882  -0.00048436
    5    2
 -0.00394379  -0.01454062    -0.02359556  -0.00431046    -0.02359556  -0.00431046
 -0.02434352   0.00241948    -0.02127458  -0.00744261    -0.02594869  -0.00118589
 -0.02434352   0.00241948    -0.02594869  -0.00118589    -0.02127458  -0.00744261
    5    3
 -0.00359314  -0.01653507     0.00962658  -0.00015116     0.00962658  -0.00015116
  0.01103735   0.00271193     0.01192953  -0.00956722     0.01585049   0.00546742
  0.01103735   0.00271193     0.01585049   0.00546742     0.01192953  -0.00956722
    5    4
 -0.04687618  -0.01644201    -0.00250634   0.00447345    -0.00250634   0.00447345
 -0.00250634   0.00447345    -0.03068822  -0.00045138    -0.01646862  -0.00474095
 -0.00250634   0.00447345    -0.01646862  -0.00474095    -0.03068822  -0.00045138
    5    5
  0.11090052  -0.00000000    -0.00512549   0.00052636    -0.00512549   0.00052636
 -0.00512549  -0.00052636     0.08122670   0.00000000     0.00481345  -0.00000000
 -0.00512549  -0.00052636     0.00481345  -0.00000000     0.08122670   0.00000000
    5    6
  0.03296700  -0.00000000    -0.02682425   0.00028893     0.02493681  -0.00036288
 -0.02682425  -0.00028893     0.01153204  -0.00000000     0.00953249  -0.00235009
 -0.02493681  -0.00036288    -0.00953249  -0.00235009    -0.05341799   0.00000000
    5    7
 -0.02361317  -0.01599876     0.02870821   0.00622835    -0.01474670  -0.00645118
  0.02870821   0.00622835    -0.01584907  -0.00495412    -0.00384381   0.00142509
  0.01474670   0.00645118     0.00384381  -0.00142509     0.02384789  -0.00032870
    5    8
  0.03296700  -0.00000000     0.02493681  -0.00036288    -0.02682425   0.00028893
 -0.02493681  -0.00036288    -0.05341799   0.00000000    -0.00953249  -0.00235009
 -0.02682425  -0.00028893     0.00953249  -0.00235009     0.01153204  -0.00000000
    5    9
 -0.02361317  -0.01599876    -0.01474670  -0.00645118     0.02870821   0.00622835
  0.01474670   0.00645118     0.02384789  -0.00032870     0.00384381  -0.00142509
  0.02870821   0.00622835    -0.00384381   0.00142509    -0.01584907  -0.00495412
    5   10
 -0.06577677  -0.01172511    -0.02674556  -0.00836812    -0.02674556  -0.00836812
  0.02674556   0.00836812     0.01667993   0.00299348    -0.01473951  -0.00124482
  0.02674556   0.00836812    -0.01473951  -0.00124482     0.01667993   0.00299348
    5   11
  0.04318516   0.00000000     0.02479281   0.00001730     0.02479281   0.00001730
 -0.02479281   0.00001730    -0.01233501  -0.00000000     0.01714275   0.00000000
 -0.02479281   0.00001730     0.01714275   0.00000000    -0.01233501  -0.00000000
    6    1
 -0.05846976  -0.02667858     0.01232700   0.01000702    -0.01232700  -0.01000702
  0.01850434   0.01221005     0.01056882  -0.00048436    -0.01537459  -0.01653961
 -0.01850434  -0.01221005    -0.01537459  -0.01653961     0.01056882  -0.00048436
    6    2
  0.01611637   0.00515578    -0.00468239   0.00841244     0.00468239  -0.00841244
 -0.00786728   0.00820266     0.00232069   0.01511488     0.01266017  -0.01099322
  0.00786728  -0.00820266     0.01266017  -0.01099322     0.00232069   0.01511488
    6    3
 -0.01062065   0.01068573     0.00806481   0.02258958    -0.00806481  -0.02258958
  0.01426709   0.01987236     0.00419180   0.02214563    -0.01194734  -0.02306517
 -0.01426709  -0.01987236    -0.01194734  -0.02306517     0.00419180   0.02214563
    6    4
 -0.02361317  -0.01599876     0.02870821   0.00622835     0.01474670   0.00645118
  0.02870821   0.00622835    -0.01584907  -0.00495412     0.00384381  -0.00142509
 -0.01474670  -0.00645118    -0.00384381   0.00142509     0.02384789  -0.00032870
    6    5
  0.03296700   0.00000000    -0.02682425   0.00028893    -0.02493681   0.00036288
 -0.02682425  -0.00028893     0.01153204   0.00000000    -0.00953249   0.00235009
  0.02493681   0.00036288     0.00953249   0.00235009    -0.05341799  -0.00000000
    6    6
  0.11090052  -0.00000000    -0.00512549   0.00052636     0.00512549  -0.00052636
 -0.00512549  -0.00052636     0.08122670   0.00000000    -0.00481345   0.00000000
  0.00512549   0.00052636    -0.00481345   0.00000000     0.08122670   0.00000000
    6    7
 -0.04687618  -0.01644201    -0.00250634   0.00447345     0.00250634  -0.00447345
 -0.00250634   0.00447345    -0.03068822  -0.00045138     0.01646862   0.00474095
  0.00250634  -0.00447345     0.01646862   0.00474095    -0.03068822  -0.00045138
    6    8
  0.04318516   0.00000000     0.02479281   0.00001730    -0.02479281  -0.00001730
 -0.02479281   0.00001730    -0.01233501  -0.00000000    -0.01714275  -0.00000000
  0.02479281  -0.00001730    -0.01714275  -0.00000000    -0.01233501  -0.00000000
    6    9
 -0.06577677  -0.01172511    -0.02674556  -0.00836812     0.02674556   0.00836812
  0.02674556   0.00836812     0.01667993   0.00299348     0.01473951   0.00124482
 -0.02674556  -0.00836812     0.01473951   0.00124482     0.01667993   0.00299348
    6   10
 -0.02361317  -0.01599876    -0.01474670  -0.00645118    -0.02870821  -0.00622835
  0.01474670   0.00645118     0.02384789  -0.00032870    -0.00384381   0.00142509
 -0.02870821  -0.00622835     0.00384381  -0.00142509    -0.01584907  -0.00495412
    6   11
  0.03296700   0.00000000     0.02493681  -0.00036288     0.02682425  -0.00028893
 -0.02493681  -0.00036288    -0.05341799  -0.00000000     0.00953249   0.00235009
  0.02682425   0.00028893    -0.00953249   0.00235009     0.01153204   0.00000000
    7    1
  0.05233921   0.03729701    -0.01482983  -0.00567198     0.01482983   0.00567198
 -0.01982638  -0.00992021    -0.00486495  -0.00939505     0.02201101   0.00504498
  0.01982638   0.00992021     0.02201101   0.00504498    -0.00486495  -0.00939505
    7    2
 -0.01062065  -0.01068573     0.00806481  -0.02258958    -0.00806481   0.02258958
  0.01426709  -0.01987236     0.00419180  -0.02214563    -0.01194734   0.02306517
 -0.01426709   0.01987236    -0.01194734   0.02306517     0.00419180  -0.02214563
    7    3
  0.01611637  -0.00515578    -0.00468239  -0.00841244     0.00468239   0.00841244
 -0.00786728  -0.00820266     0.00232069  -0.01511488     0.01266017   0.01099322
  0.00786728   0.00820266     0.01266017   0.01099322     0.00232069  -0.01511488
    7    4
  0.03296700  -0.00000000    -0.02682425  -0.00028893    -0.02493681  -0.00036288
 -0.02682425   0.00028893     0.01153204  -0.00000000    -0.00953249  -0.00235009
  0.02493681  -0.00036288     0.00953249  -0.00235009    -0.05341799   0.00000000
    7    5
 -0.02361317   0.01599876     0.02870821  -0.00622835     0.01474670  -0.00645118
  0.02870821  -0.00622835    -0.01584907   0.00495412     0.00384381   0.00142509
 -0.01474670   0.00645118    -0.00384381  -0.00142509     0.02384789   0.00032870
    7    6
 -0.04687618   0.01644201    -0.00250634  -0.00447345     0.00250634   0.00447345
 -0.00250634  -0.00447345    -0.03068822   0.00045138     0.01646862  -0.00474095
  0.00250634   0.00447345     0.01646862  -0.00474095    -0.03068822   0.00045138
    7    7
  0.11090052   0.00000000    -0.00512549  -0.00052636     0.00512549   0.00052636
 -0.00512549   0.00052636     0.08122670  -0.00000000    -0.00481345  -0.00000000
  0.00512549  -0.00052636    -0.00481345  -0.00000000     0.08122670  -0.00000000
    7    8
 -0.06577677   0.01172511    -0.02674556   0.00836812     0.02674556  -0.00836812
  0.02674556  -0.00836812     0.01667993  -0.00299348     0.01473951  -0.00124482
 -0.02674556   0.00836812     0.01473951  -0.00124482     0.01667993  -0.00299348
    7    9
  0.04318516  -0.00000000     0.02479281  -0.00001730    -0.02479281   0.00001730
 -0.02479281  -0.00001730    -0.01233501   0.00000000    -0.01714275   0.00000000
  0.02479281   0.00001730    -0.01714275   0.00000000    -0.01233501   0.00000000
    7   10
  0.03296700  -0.00000000     0.02493681   0.00036288     0.02682425   0.00028893
 -0.02493681   0.00036288    -0.05341799   0.00000000     0.00953249  -0.00235009
  0.02682425  -0.00028893    -0.00953249  -0.00235009     0.01153204  -0.00000000
    7   11
 -0.02361317   0.01599876    -0.01474670   0.00645118    -0.02870821   0.00622835
  0.01474670  -0.00645118     0.02384789   0.00032870    -0.00384381  -0.00142509
 -0.02870821   0.00622835     0.00384381   0.00142509    -0.01584907   0.00495412
    8    1
 -0.05846976  -0.02667858    -0.01232700  -0.01000702     0.01232700   0.01000702
 -0.01850434  -0.01221005     0.01056882  -0.00048436    -0.01537459  -0.01653961
  0.01850434   0.01221005    -0.01537459  -0.01653961     0.01056882  -0.00048436
    8    2
  0.01611637   0.00515578     0.00468239  -0.00841244    -0.00468239   0.00841244
  0.00786728  -0.00820266     0.00232069   0.01511488     0.01266017  -0.01099322
 -0.00786728   0.00820266     0.01266017  -0.01099322     0.00232069   0.01511488
    8    3
 -0.01062065   0.01068573    -0.00806481  -0.02258958     0.00806481   0.02258958
 -0.01426709  -0.01987236     0.00419180   0.02214563    -0.01194734  -0.02306517
  0.01426709   0.01987236    -0.01194734  -0.02306517     0.00419180   0.02214563
    8    4
 -0.02361317  -0.01599876     0.01474670   0.00645118     0.02870821   0.00622835
 -0.01474670  -0.00645118     0.02384789  -0.00032870    -0.00384381   0.00142509
  0.02870821   0.00622835     0.00384381  -0.00142509    -0.01584907  -0.00495412
    8    5
  0.03296700   0.00000000    -0.02493681   0.00036288    -0.02682425   0.00028893
  0.02493681   0.00036288    -0.05341799  -0.00000000     0.00953249   0.00235009
 -0.02682425  -0.00028893    -0.00953249   0.00235009     0.01153204   0.00000000
    8    6
  0.04318516   0.00000000    -0.02479281  -0.00001730     0.02479281   0.00001730
  0.02479281  -0.00001730    -0.01233501  -0.00000000    -0.01714275  -0.00000000
 -0.02479281   0.00001730    -0.01714275  -0.00000000    -0.01233501  -0.00000000
    8    7
 -0.06577677  -0.01172511     0.02674556   0.00836812    -0.02674556  -0.00836812
 -0.02674556  -0.00836812     0.01667993   0.00299348     0.01473951   0.00124482
  0.02674556   0.00836812     0.01473951   0.00124482     0.01667993   0.00299348
    8    8
  0.11090052  -0.00000000     0.00512549  -0.00052636    -0.00512549   0.00052636
  0.00512549   0.00052636     0.08122670   0.00000000    -0.00481345   0.00000000
 -0.00512549  -0.00052636    -0.00481345   0.00000000     0.08122670   0.00000000
    8    9
 -0.04687618  -0.01644201     0.00250634  -0.00447345    -0.00250634   0.00447345
  0.00250634  -0.00447345    -0.03068822  -0.00045138     0.01646862   0.00474095
 -0.00250634   0.00447345     0.01646862   0.00474095    -0.03068822  -0.00045138
    8   10
 -0.02361317  -0.01599876    -0.02870821  -0.00622835    -0.01474670  -0.00645118
 -0.02870821  -0.00622835    -0.01584907  -0.00495412     0.00384381  -0.00142509
  0.01474670   0.00645118    -0.00384381   0.00142509     0.02384789  -0.00032870
    8   11
  0.03296700   0.00000000     0.02682425  -0.00028893     0.02493681  -0.00036288
  0.02682425   0.00028893     0.01153204   0.00000000    -0.00953249   0.00235009
 -0.02493681  -0.00036288     0.00953249   0.00235009    -0.05341799  -0.00000000
    9    1
  0.05233921   0.03729701     0.01482983   0.00567198    -0.01482983  -0.00567198
  0.01982638   0.00992021    -0.00486495  -0.00939505     0.02201101   0.00504498
 -0.01982638  -0.00992021     0.02201101   0.00504498    -0.00486495  -0.00939505
    9    2
 -0.01062065  -0.01068573    -0.00806481   0.02258958     0.00806481  -0.02258958
 -0.01426709   0.01987236     0.00419180  -0.02214563    -0.01194734   0.02306517
  0.01426709  -0.01987236    -0.01194734   0.02306517     0.00419180  -0.02214563
    9    3
  0.01611637  -0.00515578     0.00468239   0.00841244    -0.00468239  -0.00841244
  0.00786728   0.00820266     0.00232069  -0.01511488     0.01266017   0.01099322
 -0.00786728  -0.00820266     0.01266017   0.01099322     0.00232069  -0.01511488
    9    4
  0.03296700  -0.00000000    -0.02493681  -0.00036288    -0.02682425  -0.00028893
  0.02493681  -0.00036288    -0.05341799   0.00000000     0.00953249  -0.00235009
 -0.02682425   0.00028893    -0.00953249  -0.00235009     0.01153204  -0.00000000
    9    5
 -0.02361317   0.01599876     0.01474670  -0.00645118     0.02870821  -0.00622835
 -0.01474670   0.00645118     0.02384789   0.00032870    -0.00384381  -0.00142509
  0.02870821  -0.00622835     0.00384381   0.00142509    -0.01584907   0.00495412
    9    6
 -0.06577677   0.01172511     0.02674556  -0.00836812    -0.02674556   0.00836812
 -0.02674556   0.00836812     0.01667993  -0.00299348     0.01473951  -0.00124482
  0.02674556  -0.00836812     0.01473951  -0.00124482     0.01667993  -0.00299348
    9    7
  0.04318516  -0.00000000    -0.02479281   0.00001730     0.02479281  -0.00001730
  0.02479281   0.00001730    -0.01233501   0.00000000    -0.01714275   0.00000000
 -0.02479281  -0.00001730    -0.01714275   0.00000000    -0.01233501   0.00000000
    9    8
 -0.04687618   0.01644201     0.00250634   0.00447345    -0.00250634  -0.00447345
  0.00250634   0.00447345    -0.03068822   0.00045138     0.01646862  -0.00474095
 -0.00250634  -0.00447345     0.01646862  -0.00474095    -0.03068822   0.00045138
    9    9
  0.11090052   0.00000000     0.00512549   0.00052636    -0.00512549  -0.00052636
  0.00512549  -0.00052636     0.08122670  -0.00000000    -0.00481345  -0.00000000
 -0.00512549   0.00052636    -0.00481345  -0.00000000     0.08122670  -0.00000000
    9   10
  0.03296700  -0.00000000     0.02682425   0.00028893     0.02493681   0.00036288
  0.02682425  -0.00028893     0.01153204  -0.00000000    -0.00953249  -0.00235009
 -0.02493681   0.00036288     0.00953249  -0.00235009    -0.05341799   0.00000000
    9   11
 -0.02361317   0.01599876    -0.02870821   0.00622835    -0.01474670   0.00645118
 -0.02870821   0.00622835    -0.01584907   0.00495412     0.00384381   0.00142509
  0.01474670  -0.00645118    -0.00384381  -0.00142509     0.02384789   0.00032870
   10    1
  0.05233921   0.03729701     0.01482983   0.00567198     0.01482983   0.00567198
  0.01982638   0.00992021    -0.00486495  -0.00939505    -0.02201101  -0.00504498
  0.01982638   0.00992021    -0.02201101  -0.00504498    -0.00486495  -0.00939505
   10    2
 -0.00359314   0.01653507    -0.00962658  -0.00015116    -0.00962658  -0.00015116
 -0.01103735   0.00271193     0.01192953   0.00956722     0.01585049  -0.00546742
 -0.01103735   0.00271193     0.01585049  -0.00546742     0.01192953   0.00956722
   10    3
 -0.00394379   0.01454062     0.02359556  -0.00431046     0.02359556  -0.00431046
  0.02434352   0.00241948    -0.02127458   0.00744261    -0.02594869   0.00118589
  0.02434352   0.00241948    -0.02594869   0.00118589    -0.02127458   0.00744261
   10    4
  0.04318516  -0.00000000    -0.02479281   0.00001730    -0.02479281   0.00001730
  0.02479281   0.00001730    -0.01233501   0.00000000     0.01714275  -0.00000000
  0.02479281   0.00001730     0.01714275  -0.00000000    -0.01233501   0.00000000
   10    5
 -0.06577677   0.01172511     0.02674556  -0.00836812     0.02674556  -0.00836812
 -0.02674556   0.00836812     0.01667993  -0.00299348    -0.01473951   0.00124482
 -0.02674556   0.00836812    -0.01473951   0.00124482     0.01667993  -0.00299348
   10    6
 -0.02361317   0.01599876     0.01474670  -0.00645118    -0.02870821   0.00622835
 -0.01474670   0.00645118     0.02384789   0.00032870     0.00384381   0.00142509
 -0.02870821   0.00622835    -0.00384381  -0.00142509    -0.01584907   0.00495412
   10    7
  0.03296700   0.00000000    -0.02493681  -0.00036288     0.02682425   0.00028893
  0.02493681  -0.00036288    -0.05341799  -0.00000000    -0.00953249   0.00235009
  0.02682425  -0.00028893     0.00953249   0.00235009     0.01153204   0.00000000
   10    8
 -0.02361317   0.01599876    -0.02870821   0.00622835     0.01474670  -0.00645118
 -0.02870821   0.00622835    -0.01584907   0.00495412    -0.00384381  -0.00142509
 -0.01474670   0.00645118     0.00384381   0.00142509     0.02384789   0.00032870
   10    9
  0.03296700   0.00000000     0.02682425   0.00028893    -0.02493681  -0.00036288
  0.02682425  -0.00028893     0.01153204   0.00000000     0.00953249   0.00235009
  0.02493681  -0.00036288    -0.00953249   0.00235009    -0.05341799  -0.00000000
   10   10
  0.11090052   0.00000000     0.00512549   0.00052636     0.00512549   0.00052636
  0.00512549  -0.00052636     0.08122670  -0.00000000     0.00481345   0.00000000
  0.00512549  -0.00052636     0.00481345   0.00000000     0.08122670  -0.00000000
   10   11
 -0.04687618   0.01644201     0.00250634   0.00447345     0.00250634   0.00447345
  0.00250634   0.00447345    -0.03068822   0.00045138    -0.01646862   0.00474095
  0.00250634   0.00447345    -0.01646862   0.00474095    -0.03068822   0.00045138
   11    1
 -0.05846976  -0.02667858    -0.01232700  -0.01000702    -0.01232700  -0.01000702
 -0.01850434  -0.01221005     0.01056882  -0.00048436     0.01537459   0.01653961
 -0.01850434  -0.01221005     0.01537459   0.01653961     0.01056882  -0.00048436
   11    2
 -0.00394379  -0.01454062     0.02359556   0.00431046     0.02359556   0.00431046
  0.02434352  -0.00241948    -0.02127458  -0.00744261    -0.02594869  -0.00118589
  0.02434352  -0.00241948    -0.02594869  -0.00118589    -0.02127458  -0.00744261
   11    3
 -0.00359314  -0.01653507    -0.00962658   0.00015116    -0.00962658   0.00015116
 -0.01103735  -0.00271193     0.01192953  -0.00956722     0.01585049   0.00546742
 -0.01103735  -0.00271193     0.01585049   0.00546742     0.01192953  -0.00956722
   11    4
 -0.06577677  -0.01172511     0.02674556   0.00836812     0.02674556   0.00836812
 -0.02674556  -0.00836812     0.01667993   0.00299348    -0.01473951  -0.00124482
 -0.02674556  -0.00836812    -0.01473951  -0.00124482     0.01667993   0.00299348
   11    5
  0.04318516   0.00000000    -0.02479281  -0.00001730    -0.02479281  -0.00001730
  0.02479281  -0.00001730    -0.01233501  -0.00000000     0.01714275   0.00000000
  0.02479281  -0.00001730     0.01714275   0.00000000    -0.01233501  -0.00000000
   11    6
  0.03296700  -0.00000000    -0.02493681   0.00036288     0.02682425  -0.00028893
  0.02493681   0.00036288    -0.05341799   0.00000000    -0.00953249  -0.00235009
  0.02682425   0.00028893     0.00953249  -0.00235009     0.01153204  -0.00000000
   11    7
 -0.02361317  -0.01599876     0.01474670   0.00645118    -0.02870821  -0.00622835
 -0.01474670  -0.00645118     0.02384789  -0.00032870     0.00384381  -0.00142509
 -0.02870821  -0.00622835    -0.00384381   0.00142509    -0.01584907  -0.00495412
   11    8
  0.03296700  -0.00000000     0.02682425  -0.00028893    -0.02493681   0.00036288
  0.02682425   0.00028893     0.01153204  -0.00000000     0.00953249  -0.00235009
  0.02493681   0.00036288    -0.00953249  -0.00235009    -0.05341799   0.00000000
   11    9
 -0.02361317  -0.01599876    -0.02870821  -0.00622835     0.01474670   0.00645118
 -0.02870821  -0.00622835    -0.01584907  -0.00495412    -0.00384381   0.00142509
 -0.01474670  -0.00645118     0.00384381  -0.00142509     0.02384789  -0.00032870
   11   10
 -0.04687618  -0.01644201     0.00250634  -0.00447345     0.00250634  -0.00447345
  0.00250634  -0.00447345    -0.03068822  -0.00045138    -0.01646862  -0.00474095
  0.00250634  -0.00447345    -0.01646862  -0.00474095    -0.03068822  -0.00045138
   11   11
  0.11090052  -0.00000000     0.00512549  -0.00052636     0.00512549  -0.00052636
  0.00512549   0.00052636     0.08122670   0.00000000     0.00481345  -0.00000000
  0.00512549   0.00052636     0.00481345  -0.00000000     0.08122670   0.00000000

     Dynamical  Matrix in cartesian axes

     q = (   -0.471404521   0.000000000   0.000000000 ) 

    1    1
  0.29932123   0.00000000    -0.00000000   0.00000000     0.00000000   0.00000000
 -0.00000000   0.00000000     0.11170323   0.00000000    -0.00000000   0.00000000
  0.00000000   0.00000000     0.00000000   0.00000000     0.11170323   0.00000000
    1    2
  0.01436879   0.02488747     0.00000000   0.00000000     0.00000000  -0.00000000
  0.00000000   0.00000000    -0.01703442  -0.02950447    -0.02541876   0.01467553
 -0.00000000   0.00000000    -0.02541876   0.01467553    -0.01703442  -0.02950447
    1    3
 -0.02873758   0.00000000     0.00000000  -0.00000000     0.00000000  -0.00000000
 -0.00000000   0.00000000     0.03406883  -0.00000000     0.00000000   0.02935106
  0.00000000   0.00000000     0.00000000   0.02935106     0.03406883   0.00000000
    1    4
  0.05233921   0.03729701    -0.01982638  -0.00992021    -0.01982638  -0.00992021
 -0.01482983  -0.00567198    -0.00486495  -0.00939505    -0.02201101  -0.00504498
 -0.01482983  -0.00567198    -0.02201101  -0.00504498    -0.00486495  -0.00939505
    1    5
 -0.05846976  -0.02667858     0.01850434   0.01221005     0.01850434   0.01221005
  0.01232700   0.01000702     0.01056882  -0.00048436     0.01537459   0.01653961
  0.01232700   0.01000702     0.01537459   0.01653961     0.01056882  -0.00048436
    1    6
 -0.05846976  -0.02667858     0.01850434   0.01221005    -0.01850434  -0.01221005
  0.01232700   0.01000702     0.01056882  -0.00048436    -0.01537459  -0.01653961
 -0.01232700  -0.01000702    -0.01537459  -0.01653961     0.01056882  -0.00048436
    1    7
  0.05233921   0.03729701    -0.01982638  -0.00992021     0.01982638   0.00992021
 -0.01482983  -0.00567198    -0.00486495  -0.00939505     0.02201101   0.00504498
  0.01482983   0.00567198     0.02201101   0.00504498    -0.00486495  -0.00939505
    1    8
 -0.05846976  -0.02667858    -0.01850434  -0.01221005     0.01850434   0.01221005
 -0.01232700  -0.01000702     0.01056882  -0.00048436    -0.01537459  -0.01653961
  0.01232700   0.01000702    -0.01537459  -0.01653961     0.01056882  -0.00048436
    1    9
  0.05233921   0.03729701     0.01982638   0.00992021    -0.01982638  -0.00992021
  0.01482983   0.00567198    -0.00486495  -0.00939505     0.02201101   0.00504498
 -0.01482983  -0.00567198     0.02201101   0.00504498    -0.00486495  -0.00939505
    1   10
  0.05233921   0.03729701     0.01982638   0.00992021     0.01982638   0.00992021
  0.01482983   0.00567198    -0.00486495  -0.00939505    -0.02201101  -0.00504498
  0.01482983   0.00567198    -0.02201101  -0.00504498    -0.00486495  -0.00939505
    1   11
 -0.05846976  -0.02667858    -0.01850434  -0.01221005    -0.01850434  -0.01221005
 -0.01232700  -0.01000702     0.01056882  -0.00048436     0.01537459   0.01653961
 -0.01232700  -0.01000702     0.01537459   0.01653961     0.01056882  -0.00048436
    2    1
  0.01436879  -0.02488747    -0.00000000  -0.00000000    -0.00000000   0.00000000
 -0.00000000   0.00000000    -0.01703442   0.02950447    -0.02541876  -0.01467553
  0.00000000   0.00000000    -0.02541876  -0.01467553    -0.01703442   0.02950447
    2    2
  0.11152545   0.00000000    -0.00000000  -0.00000000    -0.00000000  -0.00000000
 -0.00000000  -0.00000000     0.08204986   0.00000000     0.00000000  -0.00000000
  0.00000000  -0.00000000     0.00000000  -0.00000000     0.08204986   0.00000000
    2    3
 -0.00949214   0.01644088    -0.00000000  -0.00000000    -0.00000000  -0.00000000
  0.00000000  -0.00000000     0.00066235  -0.00114722    -0.02393053  -0.01381630
 -0.00000000  -0.00000000    -0.02393053  -0.01381630     0.00066235  -0.00114722
    2    4
 -0.00359314   0.01653507     0.01103735  -0.00271193     0.01103735  -0.00271193
  0.00962658   0.00015116     0.01192953   0.00956722     0.01585049  -0.00546742
  0.00962658   0.00015116     0.01585049  -0.00546742     0.01192953   0.00956722
    2    5
 -0.00394379  -0.01454062    -0.02434352   0.00241948    -0.02434352   0.00241948
 -0.02359556  -0.00431046    -0.02127458  -0.00744261    -0.02594869  -0.00118589
 -0.02359556  -0.00431046    -0.02594869  -0.00118589    -0.02127458  -0.00744261
    2    6
  0.01611637   0.00515578    -0.00786728   0.00820266     0.00786728  -0.00820266
 -0.00468239   0.00841244     0.00232069   0.01511488     0.01266017  -0.01099322
  0.00468239  -0.00841244     0.01266017  -0.01099322     0.00232069   0.01511488
    2    7
 -0.01062065  -0.01068573     0.01426709  -0.01987236    -0.01426709   0.01987236
  0.00806481  -0.02258958     0.00419180  -0.02214563    -0.01194734   0.02306517
 -0.00806481   0.02258958    -0.01194734   0.02306517     0.00419180  -0.02214563
    2    8
  0.01611637   0.00515578     0.00786728  -0.00820266    -0.00786728   0.00820266
  0.00468239  -0.00841244     0.00232069   0.01511488     0.01266017  -0.01099322
 -0.00468239   0.00841244     0.01266017  -0.01099322     0.00232069   0.01511488
    2    9
 -0.01062065  -0.01068573    -0.01426709   0.01987236     0.01426709  -0.01987236
 -0.00806481   0.02258958     0.00419180  -0.02214563    -0.01194734   0.02306517
  0.00806481  -0.02258958    -0.01194734   0.02306517     0.00419180  -0.02214563
    2   10
 -0.00359314   0.01653507    -0.01103735   0.00271193    -0.01103735   0.00271193
 -0.00962658  -0.00015116     0.01192953   0.00956722     0.01585049  -0.00546742
 -0.00962658  -0.00015116     0.01585049  -0.00546742     0.01192953   0.00956722
    2   11
 -0.00394379  -0.01454062     0.02434352  -0.00241948     0.02434352  -0.00241948
  0.02359556   0.00431046    -0.02127458  -0.00744261    -0.02594869  -0.00118589
  0.02359556   0.00431046    -0.02594869  -0.00118589    -0.02127458  -0.00744261
    3    1
 -0.02873758  -0.00000000    -0.00000000   0.00000000    -0.00000000  -0.00000000
 -0.00000000  -0.00000000     0.03406883   0.00000000     0.00000000  -0.02935106
  0.00000000  -0.00000000     0.00000000  -0.02935106     0.03406883   0.00000000
    3    2
 -0.00949214  -0.01644088    -0.00000000   0.00000000    -0.00000000   0.00000000
  0.00000000   0.00000000     0.00066235   0.00114722    -0.02393053   0.01381630
 -0.00000000   0.00000000    -0.02393053   0.01381630     0.00066235   0.00114722
    3    3
  0.11152545  -0.00000000    -0.00000000   0.00000000    -0.00000000   0.00000000
 -0.00000000   0.00000000     0.08204986  -0.00000000     0.00000000   0.00000000
  0.00000000   0.00000000     0.00000000   0.00000000     0.08204986  -0.00000000
    3    4
 -0.00394379   0.01454062    -0.02434352  -0.00241948    -0.02434352  -0.00241948
 -0.02359556   0.00431046    -0.02127458   0.00744261    -0.02594869   0.00118589
 -0.02359556   0.00431046    -0.02594869   0.00118589    -0.02127458   0.00744261
    3    5
 -0.00359314  -0.01653507     0.01103735   0.00271193     0.01103735   0.00271193
  0.00962658  -0.00015116     0.01192953  -0.00956722     0.01585049   0.00546742
  0.00962658  -0.00015116     0.01585049   0.00546742     0.01192953  -0.00956722
    3    6
 -0.01062065   0.01068573     0.01426709   0.01987236    -0.01426709  -0.01987236
  0.00806481   0.02258958     0.00419180   0.02214563    -0.01194734  -0.02306517
 -0.00806481  -0.02258958    -0.01194734  -0.02306517     0.00419180   0.02214563
    3    7
  0.01611637  -0.00515578    -0.00786728  -0.00820266     0.00786728   0.00820266
 -0.00468239  -0.00841244     0.00232069  -0.01511488     0.01266017   0.01099322
  0.00468239   0.00841244     0.01266017   0.01099322     0.00232069  -0.01511488
    3    8
 -0.01062065   0.01068573    -0.01426709  -0.01987236     0.01426709   0.01987236
 -0.00806481  -0.02258958     0.00419180   0.02214563    -0.01194734  -0.02306517
  0.00806481   0.02258958    -0.01194734  -0.02306517     0.00419180   0.02214563
    3    9
  0.01611637  -0.00515578     0.00786728   0.00820266    -0.00786728  -0.00820266
  0.00468239   0.00841244     0.00232069  -0.01511488     0.01266017   0.01099322
 -0.00468239  -0.00841244     0.01266017   0.01099322     0.00232069  -0.01511488
    3   10
 -0.00394379   0.01454062     0.02434352   0.00241948     0.02434352   0.00241948
  0.02359556  -0.00431046    -0.02127458   0.00744261    -0.02594869   0.00118589
  0.02359556  -0.00431046    -0.02594869   0.00118589    -0.02127458   0.00744261
    3   11
 -0.00359314  -0.01653507    -0.01103735  -0.00271193    -0.01103735  -0.00271193
 -0.00962658   0.00015116     0.01192953  -0.00956722     0.01585049   0.00546742
 -0.00962658   0.00015116     0.01585049   0.00546742     0.01192953  -0.00956722
    4    1
  0.05233921  -0.03729701    -0.01482983   0.00567198    -0.01482983   0.00567198
