  5.000000000000000E-003   1.50271645758374        5.70684869152418     
           6

     Dynamical  Matrix in cartesian axes

     q = (    0.235702260   0.000000000   0.000000000 ) 

    1    1
  0.24584902   0.00000000     0.00000000   0.00000000     0.00000000   0.00000000
  0.00000000   0.00000000     0.10036542   0.00000000     0.00000000   0.00000000
  0.00000000   0.00000000     0.00000000   0.00000000     0.10036542   0.00000000
    1    2
  0.02027817  -0.01170761    -0.00000000  -0.00000000    -0.00000000   0.00000000
 -0.00000000  -0.00000000    -0.04407975   0.02544945    -0.01253812  -0.02171667
  0.00000000  -0.00000000    -0.01253812  -0.02171667    -0.04407975   0.02544945
    1    3
  0.00000000  -0.02341522     0.00000000   0.00000000    -0.00000000   0.00000000
 -0.00000000  -0.00000000    -0.00000000   0.05089891     0.02507625   0.00000000
  0.00000000   0.00000000     0.02507625   0.00000000    -0.00000000   0.05089891
    1    4
  0.08359452   0.07060495    -0.03418319  -0.01420277    -0.03418319  -0.01420277
 -0.00032470  -0.02253863    -0.00982210  -0.00975148    -0.01740268  -0.03094389
 -0.00032470  -0.02253863    -0.01740268  -0.03094389    -0.00982210  -0.00975148
    1    5
 -0.10294294  -0.03709250     0.02939155   0.02250213     0.02939155   0.02250213
  0.01968138  -0.01098811     0.01335608   0.00363044     0.03549954  -0.00040078
  0.01968138  -0.01098811     0.03549954  -0.00040078     0.01335608   0.00363044
    1    6
 -0.10294294  -0.03709250     0.02939155   0.02250213    -0.02939155  -0.02250213
  0.01968138  -0.01098811     0.01335608   0.00363044    -0.03549954   0.00040078
 -0.01968138   0.01098811    -0.03549954   0.00040078     0.01335608   0.00363044
    1    7
  0.08359452   0.07060495    -0.03418319  -0.01420277     0.03418319   0.01420277
 -0.00032470  -0.02253863    -0.00982210  -0.00975148     0.01740268   0.03094389
  0.00032470   0.02253863     0.01740268   0.03094389    -0.00982210  -0.00975148
    1    8
 -0.10294294  -0.03709250    -0.02939155  -0.02250213     0.02939155   0.02250213
 -0.01968138   0.01098811     0.01335608   0.00363044    -0.03549954   0.00040078
  0.01968138  -0.01098811    -0.03549954   0.00040078     0.01335608   0.00363044
    1    9
  0.08359452   0.07060495     0.03418319   0.01420277    -0.03418319  -0.01420277
  0.00032470   0.02253863    -0.00982210  -0.00975148     0.01740268   0.03094389
 -0.00032470  -0.02253863     0.01740268   0.03094389    -0.00982210  -0.00975148
    1   10
  0.08359452   0.07060495     0.03418319   0.01420277     0.03418319   0.01420277
  0.00032470   0.02253863    -0.00982210  -0.00975148    -0.01740268  -0.03094389
  0.00032470   0.02253863    -0.01740268  -0.03094389    -0.00982210  -0.00975148
    1   11
 -0.10294294  -0.03709250    -0.02939155  -0.02250213    -0.02939155  -0.02250213
 -0.01968138   0.01098811     0.01335608   0.00363044     0.03549954  -0.00040078
 -0.01968138   0.01098811     0.03549954  -0.00040078     0.01335608   0.00363044
    2    1
  0.02027817   0.01170761    -0.00000000   0.00000000    -0.00000000   0.00000000
  0.00000000  -0.00000000    -0.04407975  -0.02544945    -0.01253812   0.02171667
 -0.00000000   0.00000000    -0.01253812   0.02171667    -0.04407975  -0.02544945
    2    2
  0.12790103   0.00000000    -0.00000000   0.00000000     0.00000000  -0.00000000
 -0.00000000  -0.00000000     0.11871670  -0.00000000     0.00000000  -0.00000000
  0.00000000   0.00000000     0.00000000  -0.00000000     0.11871670  -0.00000000
    2    3
  0.02015341  -0.03490672     0.00000000  -0.00000000    -0.00000000   0.00000000
  0.00000000  -0.00000000    -0.01053559   0.01824818    -0.02854427  -0.01648004
 -0.00000000   0.00000000    -0.02854427  -0.01648004    -0.01053559   0.01824818
    2    4
 -0.00020385  -0.00406683     0.00404505   0.02048078     0.00404505   0.02048078
 -0.00982602   0.00609969     0.03496006   0.01766335     0.01898221   0.01738762
 -0.00982602   0.00609969     0.01898221   0.01738762     0.03496006   0.01766335
    2    5
 -0.02320192   0.02148608    -0.03233364  -0.00624597    -0.03233364  -0.00624597
 -0.02930727   0.00368314    -0.02872813   0.02496670    -0.03814166  -0.00133201
 -0.02930727   0.00368314    -0.03814166  -0.00133201    -0.02872813   0.02496670
    2    6
  0.00342005   0.00220995    -0.01571435  -0.01374350     0.01571435   0.01374350
 -0.01019550   0.00545974     0.00218312  -0.03910797     0.00556701   0.02513288
  0.01019550  -0.00545974     0.00556701   0.02513288     0.00218312  -0.03910797
    2    7
 -0.03020845   0.00935041    -0.01075766   0.03112474     0.01075766  -0.03112474
 -0.01784333   0.02353927    -0.03598586   0.01239594     0.01791728  -0.03369765
  0.01784333  -0.02353927     0.01791728  -0.03369765    -0.03598586   0.01239594
    2    8
  0.00342005   0.00220995     0.01571435   0.01374350    -0.01571435  -0.01374350
  0.01019550  -0.00545974     0.00218312  -0.03910797     0.00556701   0.02513288
 -0.01019550   0.00545974     0.00556701   0.02513288     0.00218312  -0.03910797
    2    9
 -0.03020845   0.00935041     0.01075766  -0.03112474    -0.01075766   0.03112474
  0.01784333  -0.02353927    -0.03598586   0.01239594     0.01791728  -0.03369765
 -0.01784333   0.02353927     0.01791728  -0.03369765    -0.03598586   0.01239594
    2   10
 -0.00020385  -0.00406683    -0.00404505  -0.02048078    -0.00404505  -0.02048078
  0.00982602  -0.00609969     0.03496006   0.01766335     0.01898221   0.01738762
  0.00982602  -0.00609969     0.01898221   0.01738762     0.03496006   0.01766335
    2   11
 -0.02320192   0.02148608     0.03233364   0.00624597     0.03233364   0.00624597
  0.02930727  -0.00368314    -0.02872813   0.02496670    -0.03814166  -0.00133201
  0.02930727  -0.00368314    -0.03814166  -0.00133201    -0.02872813   0.02496670
    3    1
  0.00000000   0.02341522     0.00000000  -0.00000000    -0.00000000  -0.00000000
 -0.00000000  -0.00000000    -0.00000000  -0.05089891     0.02507625   0.00000000
 -0.00000000   0.00000000     0.02507625  -0.00000000    -0.00000000  -0.05089891
    3    2
  0.02015341   0.03490672     0.00000000   0.00000000    -0.00000000  -0.00000000
  0.00000000   0.00000000    -0.01053559  -0.01824818    -0.02854427   0.01648004
 -0.00000000  -0.00000000    -0.02854427   0.01648004    -0.01053559  -0.01824818
    3    3
  0.12790103  -0.00000000    -0.00000000  -0.00000000     0.00000000   0.00000000
 -0.00000000   0.00000000     0.11871670   0.00000000     0.00000000   0.00000000
  0.00000000  -0.00000000     0.00000000   0.00000000     0.11871670   0.00000000
    3    4
 -0.02320192  -0.02148608    -0.03233364   0.00624597    -0.03233364   0.00624597
 -0.02930727  -0.00368314    -0.02872813  -0.02496670    -0.03814166   0.00133201
 -0.02930727  -0.00368314    -0.03814166   0.00133201    -0.02872813  -0.02496670
    3    5
 -0.00020385   0.00406683     0.00404505  -0.02048078     0.00404505  -0.02048078
 -0.00982602  -0.00609969     0.03496006  -0.01766335     0.01898221  -0.01738762
 -0.00982602  -0.00609969     0.01898221  -0.01738762     0.03496006  -0.01766335
    3    6
 -0.03020845  -0.00935041    -0.01075766  -0.03112474     0.01075766   0.03112474
 -0.01784333  -0.02353927    -0.03598586  -0.01239594     0.01791728   0.03369765
  0.01784333   0.02353927     0.01791728   0.03369765    -0.03598586  -0.01239594
    3    7
  0.00342005  -0.00220995    -0.01571435   0.01374350     0.01571435  -0.01374350
 -0.01019550  -0.00545974     0.00218312   0.03910797     0.00556701  -0.02513288
  0.01019550   0.00545974     0.00556701  -0.02513288     0.00218312   0.03910797
    3    8
 -0.03020845  -0.00935041     0.01075766   0.03112474    -0.01075766  -0.03112474
  0.01784333   0.02353927    -0.03598586  -0.01239594     0.01791728   0.03369765
 -0.01784333  -0.02353927     0.01791728   0.03369765    -0.03598586  -0.01239594
    3    9
  0.00342005  -0.00220995     0.01571435  -0.01374350    -0.01571435   0.01374350
  0.01019550   0.00545974     0.00218312   0.03910797     0.00556701  -0.02513288
 -0.01019550  -0.00545974     0.00556701  -0.02513288     0.00218312   0.03910797
    3   10
 -0.02320192  -0.02148608     0.03233364  -0.00624597     0.03233364  -0.00624597
  0.02930727   0.00368314    -0.02872813  -0.02496670    -0.03814166   0.00133201
  0.02930727   0.00368314    -0.03814166   0.00133201    -0.02872813  -0.02496670
    3   11
 -0.00020385   0.00406683    -0.00404505   0.02048078    -0.00404505   0.02048078
  0.00982602   0.00609969     0.03496006  -0.01766335     0.01898221  -0.01738762
  0.00982602   0.00609969     0.01898221  -0.01738762     0.03496006  -0.01766335
    4    1
  0.08359452  -0.07060495    -0.00032470   0.02253863    -0.00032470   0.02253863
 -0.03418319   0.01420277    -0.00982210   0.00975148    -0.01740268   0.03094389
 -0.03418319   0.01420277    -0.01740268   0.03094389    -0.00982210   0.00975148
    4    2
 -0.00020385   0.00406683    -0.00982602  -0.00609969    -0.00982602  -0.00609969
  0.00404505  -0.02048078     0.03496006  -0.01766335     0.01898221  -0.01738762
  0.00404505  -0.02048078     0.01898221  -0.01738762     0.03496006  -0.01766335
    4    3
 -0.02320192   0.02148608    -0.02930727   0.00368314    -0.02930727   0.00368314
 -0.03233364  -0.00624597    -0.02872813   0.02496670    -0.03814166  -0.00133201
 -0.03233364  -0.00624597    -0.03814166  -0.00133201    -0.02872813   0.02496670
    4    4
  0.14143987   0.00000000    -0.01187536  -0.00349084    -0.01187536  -0.00349084
 -0.01187536   0.00349084     0.11557856  -0.00000000     0.02186541  -0.00000000
 -0.01187536   0.00349084     0.02186541  -0.00000000     0.11557856  -0.00000000
    4    5
 -0.05993209   0.01442074     0.01713173   0.01577273     0.01713173   0.01577273
  0.01713173   0.01577273    -0.02956860   0.02638851    -0.04796981   0.03001696
  0.01713173   0.01577273    -0.04796981   0.03001696    -0.02956860   0.02638851
    4    6
 -0.04664957   0.01713894     0.04539766  -0.00571393    -0.02286259  -0.00655445
  0.04539766  -0.00571393    -0.01548991   0.00031149     0.01385493  -0.00540949
  0.02286259   0.00655445    -0.01385493   0.00540949     0.02286043  -0.01414976
    4    7
  0.04939588   0.00000000    -0.02172994   0.00512460     0.03256545  -0.00010357
 -0.02172994  -0.00512460     0.01376310   0.00000000    -0.00046297   0.00126230
 -0.03256545  -0.00010357     0.00046297   0.00126230    -0.08009817  -0.00000000
    4    8
 -0.04664957   0.01713894    -0.02286259  -0.00655445     0.04539766  -0.00571393
  0.02286259   0.00655445     0.02286043  -0.01414976    -0.01385493   0.00540949
  0.04539766  -0.00571393     0.01385493  -0.00540949    -0.01548991   0.00031149
    4    9
  0.04939588   0.00000000     0.03256545  -0.00010357    -0.02172994   0.00512460
 -0.03256545  -0.00010357    -0.08009817  -0.00000000     0.00046297   0.00126230
 -0.02172994  -0.00512460    -0.00046297   0.00126230     0.01376310   0.00000000
    4   10
  0.06479041   0.00000000     0.02963655  -0.01083031     0.02963655  -0.01083031
 -0.02963655  -0.01083031    -0.00046236   0.00000000     0.02109465  -0.00000000
 -0.02963655  -0.01083031     0.02109465  -0.00000000    -0.00046236   0.00000000
    4   11
 -0.11553699   0.00254677    -0.03170261   0.00829610    -0.03170261   0.00829610
  0.03170261  -0.00829610     0.00859766   0.01017937    -0.00539439   0.02101761
  0.03170261  -0.00829610    -0.00539439   0.02101761     0.00859766   0.01017937
    5    1
 -0.10294294   0.03709250     0.01968138   0.01098811     0.01968138   0.01098811
  0.02939155  -0.02250213     0.01335608  -0.00363044     0.03549954   0.00040078
  0.02939155  -0.02250213     0.03549954   0.00040078     0.01335608  -0.00363044
    5    2
 -0.02320192  -0.02148608    -0.02930727  -0.00368314    -0.02930727  -0.00368314
 -0.03233364   0.00624597    -0.02872813  -0.02496670    -0.03814166   0.00133201
 -0.03233364   0.00624597    -0.03814166   0.00133201    -0.02872813  -0.02496670
    5    3
 -0.00020385  -0.00406683    -0.00982602   0.00609969    -0.00982602   0.00609969
  0.00404505   0.02048078     0.03496006   0.01766335     0.01898221   0.01738762
  0.00404505   0.02048078     0.01898221   0.01738762     0.03496006   0.01766335
    5    4
 -0.05993209  -0.01442074     0.01713173  -0.01577273     0.01713173  -0.01577273
  0.01713173  -0.01577273    -0.02956860  -0.02638851    -0.04796981  -0.03001696
  0.01713173  -0.01577273    -0.04796981  -0.03001696    -0.02956860  -0.02638851
    5    5
  0.14143987  -0.00000000    -0.01187536   0.00349084    -0.01187536   0.00349084
 -0.01187536  -0.00349084     0.11557856   0.00000000     0.02186541   0.00000000
 -0.01187536  -0.00349084     0.02186541   0.00000000     0.11557856   0.00000000
    5    6
  0.04939588  -0.00000000    -0.02172994  -0.00512460     0.03256545   0.00010357
 -0.02172994   0.00512460     0.01376310  -0.00000000    -0.00046297  -0.00126230
 -0.03256545   0.00010357     0.00046297  -0.00126230    -0.08009817   0.00000000
    5    7
 -0.04664957  -0.01713894     0.04539766   0.00571393    -0.02286259   0.00655445
  0.04539766   0.00571393    -0.01548991  -0.00031149     0.01385493   0.00540949
  0.02286259  -0.00655445    -0.01385493  -0.00540949     0.02286043   0.01414976
    5    8
  0.04939588  -0.00000000     0.03256545   0.00010357    -0.02172994  -0.00512460
 -0.03256545   0.00010357    -0.08009817   0.00000000     0.00046297  -0.00126230
 -0.02172994   0.00512460    -0.00046297  -0.00126230     0.01376310  -0.00000000
    5    9
 -0.04664957  -0.01713894    -0.02286259   0.00655445     0.04539766   0.00571393
  0.02286259  -0.00655445     0.02286043   0.01414976    -0.01385493  -0.00540949
  0.04539766   0.00571393     0.01385493   0.00540949    -0.01548991  -0.00031149
    5   10
 -0.11553699  -0.00254677    -0.03170261  -0.00829610    -0.03170261  -0.00829610
  0.03170261   0.00829610     0.00859766  -0.01017937    -0.00539439  -0.02101761
  0.03170261   0.00829610    -0.00539439  -0.02101761     0.00859766  -0.01017937
    5   11
  0.06479041  -0.00000000     0.02963655   0.01083031     0.02963655   0.01083031
 -0.02963655   0.01083031    -0.00046236   0.00000000     0.02109465   0.00000000
 -0.02963655   0.01083031     0.02109465   0.00000000    -0.00046236  -0.00000000
    6    1
 -0.10294294   0.03709250     0.01968138   0.01098811    -0.01968138  -0.01098811
  0.02939155  -0.02250213     0.01335608  -0.00363044    -0.03549954  -0.00040078
 -0.02939155   0.02250213    -0.03549954  -0.00040078     0.01335608  -0.00363044
    6    2
  0.00342005  -0.00220995    -0.01019550  -0.00545974     0.01019550   0.00545974
 -0.01571435   0.01374350     0.00218312   0.03910797     0.00556701  -0.02513288
  0.01571435  -0.01374350     0.00556701  -0.02513288     0.00218312   0.03910797
    6    3
 -0.03020845   0.00935041    -0.01784333   0.02353927     0.01784333  -0.02353927
 -0.01075766   0.03112474    -0.03598586   0.01239594     0.01791728  -0.03369765
  0.01075766  -0.03112474     0.01791728  -0.03369765    -0.03598586   0.01239594
    6    4
 -0.04664957  -0.01713894     0.04539766   0.00571393     0.02286259  -0.00655445
  0.04539766   0.00571393    -0.01548991  -0.00031149    -0.01385493  -0.00540949
 -0.02286259   0.00655445     0.01385493   0.00540949     0.02286043   0.01414976
    6    5
  0.04939588   0.00000000    -0.02172994  -0.00512460    -0.03256545  -0.00010357
 -0.02172994   0.00512460     0.01376310   0.00000000     0.00046297   0.00126230
  0.03256545  -0.00010357    -0.00046297   0.00126230    -0.08009817  -0.00000000
    6    6
  0.14143987  -0.00000000    -0.01187536   0.00349084     0.01187536  -0.00349084
 -0.01187536  -0.00349084     0.11557856   0.00000000    -0.02186541  -0.00000000
  0.01187536   0.00349084    -0.02186541  -0.00000000     0.11557856   0.00000000
    6    7
 -0.05993209  -0.01442074     0.01713173  -0.01577273    -0.01713173   0.01577273
  0.01713173  -0.01577273    -0.02956860  -0.02638851     0.04796981   0.03001696
 -0.01713173   0.01577273     0.04796981   0.03001696    -0.02956860  -0.02638851
    6    8
  0.06479041  -0.00000000     0.02963655   0.01083031    -0.02963655  -0.01083031
 -0.02963655   0.01083031    -0.00046236   0.00000000    -0.02109465   0.00000000
  0.02963655  -0.01083031    -0.02109465  -0.00000000    -0.00046236  -0.00000000
    6    9
 -0.11553699  -0.00254677    -0.03170261  -0.00829610     0.03170261   0.00829610
  0.03170261   0.00829610     0.00859766  -0.01017937     0.00539439   0.02101761
 -0.03170261  -0.00829610     0.00539439   0.02101761     0.00859766  -0.01017937
    6   10
 -0.04664957  -0.01713894    -0.02286259   0.00655445    -0.04539766  -0.00571393
  0.02286259  -0.00655445     0.02286043   0.01414976     0.01385493   0.00540949
 -0.04539766  -0.00571393    -0.01385493  -0.00540949    -0.01548991  -0.00031149
    6   11
  0.04939588   0.00000000     0.03256545   0.00010357     0.02172994   0.00512460
 -0.03256545   0.00010357    -0.08009817  -0.00000000    -0.00046297   0.00126230
  0.02172994  -0.00512460     0.00046297   0.00126230     0.01376310   0.00000000
    7    1
  0.08359452  -0.07060495    -0.00032470   0.02253863     0.00032470  -0.02253863
 -0.03418319   0.01420277    -0.00982210   0.00975148     0.01740268  -0.03094389
  0.03418319  -0.01420277     0.01740268  -0.03094389    -0.00982210   0.00975148
    7    2
 -0.03020845  -0.00935041    -0.01784333  -0.02353927     0.01784333   0.02353927
 -0.01075766  -0.03112474    -0.03598586  -0.01239594     0.01791728   0.03369765
  0.01075766   0.03112474     0.01791728   0.03369765    -0.03598586  -0.01239594
    7    3
  0.00342005   0.00220995    -0.01019550   0.00545974     0.01019550  -0.00545974
 -0.01571435  -0.01374350     0.00218312  -0.03910797     0.00556701   0.02513288
  0.01571435   0.01374350     0.00556701   0.02513288     0.00218312  -0.03910797
    7    4
  0.04939588  -0.00000000    -0.02172994   0.00512460    -0.03256545   0.00010357
 -0.02172994  -0.00512460     0.01376310  -0.00000000     0.00046297  -0.00126230
  0.03256545   0.00010357    -0.00046297  -0.00126230    -0.08009817   0.00000000
    7    5
 -0.04664957   0.01713894     0.04539766  -0.00571393     0.02286259   0.00655445
  0.04539766  -0.00571393    -0.01548991   0.00031149    -0.01385493   0.00540949
 -0.02286259  -0.00655445     0.01385493  -0.00540949     0.02286043  -0.01414976
    7    6
 -0.05993209   0.01442074     0.01713173   0.01577273    -0.01713173  -0.01577273
  0.01713173   0.01577273    -0.02956860   0.02638851     0.04796981  -0.03001696
 -0.01713173  -0.01577273     0.04796981  -0.03001696    -0.02956860   0.02638851
    7    7
  0.14143987   0.00000000    -0.01187536  -0.00349084     0.01187536   0.00349084
 -0.01187536   0.00349084     0.11557856  -0.00000000    -0.02186541   0.00000000
  0.01187536  -0.00349084    -0.02186541   0.00000000     0.11557856  -0.00000000
    7    8
 -0.11553699   0.00254677    -0.03170261   0.00829610     0.03170261  -0.00829610
  0.03170261  -0.00829610     0.00859766   0.01017937     0.00539439  -0.02101761
 -0.03170261   0.00829610     0.00539439  -0.02101761     0.00859766   0.01017937
    7    9
  0.06479041   0.00000000     0.02963655  -0.01083031    -0.02963655   0.01083031
 -0.02963655  -0.01083031    -0.00046236  -0.00000000    -0.02109465   0.00000000
  0.02963655   0.01083031    -0.02109465   0.00000000    -0.00046236   0.00000000
    7   10
  0.04939588  -0.00000000     0.03256545  -0.00010357     0.02172994  -0.00512460
 -0.03256545  -0.00010357    -0.08009817   0.00000000    -0.00046297  -0.00126230
  0.02172994   0.00512460     0.00046297  -0.00126230     0.01376310  -0.00000000
    7   11
 -0.04664957   0.01713894    -0.02286259  -0.00655445    -0.04539766   0.00571393
  0.02286259   0.00655445     0.02286043  -0.01414976     0.01385493  -0.00540949
 -0.04539766   0.00571393    -0.01385493   0.00540949    -0.01548991   0.00031149
    8    1
 -0.10294294   0.03709250    -0.01968138  -0.01098811     0.01968138   0.01098811
 -0.02939155   0.02250213     0.01335608  -0.00363044    -0.03549954  -0.00040078
  0.02939155  -0.02250213    -0.03549954  -0.00040078     0.01335608  -0.00363044
    8    2
  0.00342005  -0.00220995     0.01019550   0.00545974    -0.01019550  -0.00545974
  0.01571435  -0.01374350     0.00218312   0.03910797     0.00556701  -0.02513288
 -0.01571435   0.01374350     0.00556701  -0.02513288     0.00218312   0.03910797
    8    3
 -0.03020845   0.00935041     0.01784333  -0.02353927    -0.01784333   0.02353927
  0.01075766  -0.03112474    -0.03598586   0.01239594     0.01791728  -0.03369765
 -0.01075766   0.03112474     0.01791728  -0.03369765    -0.03598586   0.01239594
    8    4
 -0.04664957  -0.01713894     0.02286259  -0.00655445     0.04539766   0.00571393
 -0.02286259   0.00655445     0.02286043   0.01414976     0.01385493   0.00540949
  0.04539766   0.00571393    -0.01385493  -0.00540949    -0.01548991  -0.00031149
    8    5
  0.04939588   0.00000000    -0.03256545  -0.00010357    -0.02172994  -0.00512460
  0.03256545  -0.00010357    -0.08009817  -0.00000000    -0.00046297   0.00126230
 -0.02172994   0.00512460     0.00046297   0.00126230     0.01376310   0.00000000
    8    6
  0.06479041  -0.00000000    -0.02963655  -0.01083031     0.02963655   0.01083031
  0.02963655  -0.01083031    -0.00046236   0.00000000    -0.02109465  -0.00000000
 -0.02963655   0.01083031    -0.02109465  -0.00000000    -0.00046236   0.00000000
    8    7
 -0.11553699  -0.00254677     0.03170261   0.00829610    -0.03170261  -0.00829610
 -0.03170261  -0.00829610     0.00859766  -0.01017937     0.00539439   0.02101761
  0.03170261   0.00829610     0.00539439   0.02101761     0.00859766  -0.01017937
    8    8
  0.14143987  -0.00000000     0.01187536  -0.00349084    -0.01187536   0.00349084
  0.01187536   0.00349084     0.11557856   0.00000000    -0.02186541  -0.00000000
 -0.01187536  -0.00349084    -0.02186541  -0.00000000     0.11557856   0.00000000
    8    9
 -0.05993209  -0.01442074    -0.01713173   0.01577273     0.01713173  -0.01577273
 -0.01713173   0.01577273    -0.02956860  -0.02638851     0.04796981   0.03001696
  0.01713173  -0.01577273     0.04796981   0.03001696    -0.02956860  -0.02638851
    8   10
 -0.04664957  -0.01713894    -0.04539766  -0.00571393    -0.02286259   0.00655445
 -0.04539766  -0.00571393    -0.01548991  -0.00031149    -0.01385493  -0.00540949
  0.02286259  -0.00655445     0.01385493   0.00540949     0.02286043   0.01414976
    8   11
  0.04939588   0.00000000     0.02172994   0.00512460     0.03256545   0.00010357
  0.02172994  -0.00512460     0.01376310   0.00000000     0.00046297   0.00126230
 -0.03256545   0.00010357    -0.00046297   0.00126230    -0.08009817  -0.00000000
    9    1
  0.08359452  -0.07060495     0.00032470  -0.02253863    -0.00032470   0.02253863
  0.03418319  -0.01420277    -0.00982210   0.00975148     0.01740268  -0.03094389
 -0.03418319   0.01420277     0.01740268  -0.03094389    -0.00982210   0.00975148
    9    2
 -0.03020845  -0.00935041     0.01784333   0.02353927    -0.01784333  -0.02353927
  0.01075766   0.03112474    -0.03598586  -0.01239594     0.01791728   0.03369765
 -0.01075766  -0.03112474     0.01791728   0.03369765    -0.03598586  -0.01239594
    9    3
  0.00342005   0.00220995     0.01019550  -0.00545974    -0.01019550   0.00545974
  0.01571435   0.01374350     0.00218312  -0.03910797     0.00556701   0.02513288
 -0.01571435  -0.01374350     0.00556701   0.02513288     0.00218312  -0.03910797
    9    4
  0.04939588  -0.00000000    -0.03256545   0.00010357    -0.02172994   0.00512460
  0.03256545   0.00010357    -0.08009817   0.00000000    -0.00046297  -0.00126230
 -0.02172994  -0.00512460     0.00046297  -0.00126230     0.01376310  -0.00000000
    9    5
 -0.04664957   0.01713894     0.02286259   0.00655445     0.04539766  -0.00571393
 -0.02286259  -0.00655445     0.02286043  -0.01414976     0.01385493  -0.00540949
  0.04539766  -0.00571393    -0.01385493   0.00540949    -0.01548991   0.00031149
    9    6
 -0.11553699   0.00254677     0.03170261  -0.00829610    -0.03170261   0.00829610
 -0.03170261   0.00829610     0.00859766   0.01017937     0.00539439  -0.02101761
  0.03170261  -0.00829610     0.00539439  -0.02101761     0.00859766   0.01017937
    9    7
  0.06479041   0.00000000    -0.02963655   0.01083031     0.02963655  -0.01083031
  0.02963655   0.01083031    -0.00046236   0.00000000    -0.02109465   0.00000000
 -0.02963655  -0.01083031    -0.02109465   0.00000000    -0.00046236   0.00000000
    9    8
 -0.05993209   0.01442074    -0.01713173  -0.01577273     0.01713173   0.01577273
 -0.01713173  -0.01577273    -0.02956860   0.02638851     0.04796981  -0.03001696
  0.01713173   0.01577273     0.04796981  -0.03001696    -0.02956860   0.02638851
    9    9
  0.14143987   0.00000000     0.01187536   0.00349084    -0.01187536  -0.00349084
  0.01187536  -0.00349084     0.11557856  -0.00000000    -0.02186541   0.00000000
 -0.01187536   0.00349084    -0.02186541   0.00000000     0.11557856  -0.00000000
    9   10
  0.04939588  -0.00000000     0.02172994  -0.00512460     0.03256545  -0.00010357
  0.02172994   0.00512460     0.01376310  -0.00000000     0.00046297  -0.00126230
 -0.03256545  -0.00010357    -0.00046297  -0.00126230    -0.08009817   0.00000000
    9   11
 -0.04664957   0.01713894    -0.04539766   0.00571393    -0.02286259  -0.00655445
 -0.04539766   0.00571393    -0.01548991   0.00031149    -0.01385493   0.00540949
  0.02286259   0.00655445     0.01385493  -0.00540949     0.02286043  -0.01414976
   10    1
  0.08359452  -0.07060495     0.00032470  -0.02253863     0.00032470  -0.02253863
  0.03418319  -0.01420277    -0.00982210   0.00975148    -0.01740268   0.03094389
  0.03418319  -0.01420277    -0.01740268   0.03094389    -0.00982210   0.00975148
   10    2
 -0.00020385   0.00406683     0.00982602   0.00609969     0.00982602   0.00609969
 -0.00404505   0.02048078     0.03496006  -0.01766335     0.01898221  -0.01738762
 -0.00404505   0.02048078     0.01898221  -0.01738762     0.03496006  -0.01766335
   10    3
 -0.02320192   0.02148608     0.02930727  -0.00368314     0.02930727  -0.00368314
  0.03233364   0.00624597    -0.02872813   0.02496670    -0.03814166  -0.00133201
  0.03233364   0.00624597    -0.03814166  -0.00133201    -0.02872813   0.02496670
   10    4
  0.06479041  -0.00000000    -0.02963655   0.01083031    -0.02963655   0.01083031
  0.02963655   0.01083031    -0.00046236   0.00000000     0.02109465  -0.00000000
  0.02963655   0.01083031     0.02109465  -0.00000000    -0.00046236   0.00000000
   10    5
 -0.11553699   0.00254677     0.03170261  -0.00829610     0.03170261  -0.00829610
 -0.03170261   0.00829610     0.00859766   0.01017937    -0.00539439   0.02101761
 -0.03170261   0.00829610    -0.00539439   0.02101761     0.00859766   0.01017937
   10    6
 -0.04664957   0.01713894     0.02286259   0.00655445    -0.04539766   0.00571393
 -0.02286259  -0.00655445     0.02286043  -0.01414976    -0.01385493   0.00540949
 -0.04539766   0.00571393     0.01385493  -0.00540949    -0.01548991   0.00031149
   10    7
  0.04939588   0.00000000    -0.03256545   0.00010357     0.02172994  -0.00512460
  0.03256545   0.00010357    -0.08009817  -0.00000000     0.00046297   0.00126230
  0.02172994   0.00512460    -0.00046297   0.00126230     0.01376310   0.00000000
   10    8
 -0.04664957   0.01713894    -0.04539766   0.00571393     0.02286259   0.00655445
 -0.04539766   0.00571393    -0.01548991   0.00031149     0.01385493  -0.00540949
 -0.02286259  -0.00655445    -0.01385493   0.00540949     0.02286043  -0.01414976
   10    9
  0.04939588   0.00000000     0.02172994  -0.00512460    -0.03256545   0.00010357
  0.02172994   0.00512460     0.01376310   0.00000000    -0.00046297   0.00126230
  0.03256545   0.00010357     0.00046297   0.00126230    -0.08009817  -0.00000000
   10   10
  0.14143987  -0.00000000     0.01187536   0.00349084     0.01187536   0.00349084
  0.01187536  -0.00349084     0.11557856  -0.00000000     0.02186541  -0.00000000
  0.01187536  -0.00349084     0.02186541  -0.00000000     0.11557856  -0.00000000
   10   11
 -0.05993209   0.01442074    -0.01713173  -0.01577273    -0.01713173  -0.01577273
 -0.01713173  -0.01577273    -0.02956860   0.02638851    -0.04796981   0.03001696
 -0.01713173  -0.01577273    -0.04796981   0.03001696    -0.02956860   0.02638851
   11    1
 -0.10294294   0.03709250    -0.01968138  -0.01098811    -0.01968138  -0.01098811
 -0.02939155   0.02250213     0.01335608  -0.00363044     0.03549954   0.00040078
 -0.02939155   0.02250213     0.03549954   0.00040078     0.01335608  -0.00363044
   11    2
 -0.02320192  -0.02148608     0.02930727   0.00368314     0.02930727   0.00368314
  0.03233364  -0.00624597    -0.02872813  -0.02496670    -0.03814166   0.00133201
  0.03233364  -0.00624597    -0.03814166   0.00133201    -0.02872813  -0.02496670
   11    3
 -0.00020385  -0.00406683     0.00982602  -0.00609969     0.00982602  -0.00609969
 -0.00404505  -0.02048078     0.03496006   0.01766335     0.01898221   0.01738762
 -0.00404505  -0.02048078     0.01898221   0.01738762     0.03496006   0.01766335
   11    4
 -0.11553699  -0.00254677     0.03170261   0.00829610     0.03170261   0.00829610
 -0.03170261  -0.00829610     0.00859766  -0.01017937    -0.00539439  -0.02101761
 -0.03170261  -0.00829610    -0.00539439  -0.02101761     0.00859766  -0.01017937
   11    5
  0.06479041   0.00000000    -0.02963655  -0.01083031    -0.02963655  -0.01083031
  0.02963655  -0.01083031    -0.00046236  -0.00000000     0.02109465   0.00000000
  0.02963655  -0.01083031     0.02109465   0.00000000    -0.00046236   0.00000000
   11    6
  0.04939588  -0.00000000    -0.03256545  -0.00010357     0.02172994   0.00512460
  0.03256545  -0.00010357    -0.08009817   0.00000000     0.00046297  -0.00126230
  0.02172994  -0.00512460    -0.00046297  -0.00126230     0.01376310  -0.00000000
   11    7
 -0.04664957  -0.01713894     0.02286259  -0.00655445    -0.04539766  -0.00571393
 -0.02286259   0.00655445     0.02286043   0.01414976    -0.01385493  -0.00540949
 -0.04539766  -0.00571393     0.01385493   0.00540949    -0.01548991  -0.00031149
   11    8
  0.04939588  -0.00000000     0.02172994   0.00512460    -0.03256545  -0.00010357
  0.02172994  -0.00512460     0.01376310  -0.00000000    -0.00046297  -0.00126230
  0.03256545  -0.00010357     0.00046297  -0.00126230    -0.08009817   0.00000000
   11    9
 -0.04664957  -0.01713894    -0.04539766  -0.00571393     0.02286259  -0.00655445
 -0.04539766  -0.00571393    -0.01548991  -0.00031149     0.01385493   0.00540949
 -0.02286259   0.00655445    -0.01385493  -0.00540949     0.02286043   0.01414976
   11   10
 -0.05993209  -0.01442074    -0.01713173   0.01577273    -0.01713173   0.01577273
 -0.01713173   0.01577273    -0.02956860  -0.02638851    -0.04796981  -0.03001696
 -0.01713173   0.01577273    -0.04796981  -0.03001696    -0.02956860  -0.02638851
   11   11
  0.14143987   0.00000000     0.01187536  -0.00349084     0.01187536  -0.00349084
  0.01187536   0.00349084     0.11557856   0.00000000     0.02186541   0.00000000
  0.01187536   0.00349084     0.02186541   0.00000000     0.11557856   0.00000000

     Dynamical  Matrix in cartesian axes

     q = (   -0.235702260   0.000000000   0.000000000 ) 

    1    1
  0.24584902   0.00000000    -0.00000000   0.00000000     0.00000000   0.00000000
 -0.00000000   0.00000000     0.10036542   0.00000000    -0.00000000   0.00000000
  0.00000000   0.00000000    -0.00000000   0.00000000     0.10036542   0.00000000
    1    2
  0.02027817   0.01170761     0.00000000   0.00000000     0.00000000  -0.00000000
  0.00000000  -0.00000000    -0.04407975  -0.02544945    -0.01253812   0.02171667
  0.00000000   0.00000000    -0.01253812   0.02171667    -0.04407975  -0.02544945
    1    3
 -0.00000000   0.02341522     0.00000000  -0.00000000     0.00000000  -0.00000000
 -0.00000000  -0.00000000    -0.00000000  -0.05089891     0.02507625   0.00000000
  0.00000000  -0.00000000     0.02507625  -0.00000000    -0.00000000  -0.05089891
    1    4
  0.08359452  -0.07060495    -0.03418319   0.01420277    -0.03418319   0.01420277
 -0.00032470   0.02253863    -0.00982210   0.00975148    -0.01740268   0.03094389
 -0.00032470   0.02253863    -0.01740268   0.03094389    -0.00982210   0.00975148
    1    5
 -0.10294294   0.03709250     0.02939155  -0.02250213     0.02939155  -0.02250213
  0.01968138   0.01098811     0.01335608  -0.00363044     0.03549954   0.00040078
  0.01968138   0.01098811     0.03549954   0.00040078     0.01335608  -0.00363044
    1    6
 -0.10294294   0.03709250     0.02939155  -0.02250213    -0.02939155   0.02250213
  0.01968138   0.01098811     0.01335608  -0.00363044    -0.03549954  -0.00040078
 -0.01968138  -0.01098811    -0.03549954  -0.00040078     0.01335608  -0.00363044
    1    7
  0.08359452  -0.07060495    -0.03418319   0.01420277     0.03418319  -0.01420277
 -0.00032470   0.02253863    -0.00982210   0.00975148     0.01740268  -0.03094389
  0.00032470  -0.02253863     0.01740268  -0.03094389    -0.00982210   0.00975148
    1    8
 -0.10294294   0.03709250    -0.02939155   0.02250213     0.02939155  -0.02250213
 -0.01968138  -0.01098811     0.01335608  -0.00363044    -0.03549954  -0.00040078
  0.01968138   0.01098811    -0.03549954  -0.00040078     0.01335608  -0.00363044
    1    9
  0.08359452  -0.07060495     0.03418319  -0.01420277    -0.03418319   0.01420277
  0.00032470  -0.02253863    -0.00982210   0.00975148     0.01740268  -0.03094389
 -0.00032470   0.02253863     0.01740268  -0.03094389    -0.00982210   0.00975148
    1   10
  0.08359452  -0.07060495     0.03418319  -0.01420277     0.03418319  -0.01420277
  0.00032470  -0.02253863    -0.00982210   0.00975148    -0.01740268   0.03094389
  0.00032470  -0.02253863    -0.01740268   0.03094389    -0.00982210   0.00975148
    1   11
 -0.10294294   0.03709250    -0.02939155   0.02250213    -0.02939155   0.02250213
 -0.01968138  -0.01098811     0.01335608  -0.00363044     0.03549954   0.00040078
 -0.01968138  -0.01098811     0.03549954   0.00040078     0.01335608  -0.00363044
    2    1
  0.02027817  -0.01170761     0.00000000  -0.00000000     0.00000000  -0.00000000
 -0.00000000  -0.00000000    -0.04407975   0.02544945    -0.01253812  -0.02171667
  0.00000000  -0.00000000    -0.01253812  -0.02171667    -0.04407975   0.02544945
    2    2
  0.12790103  -0.00000000    -0.00000000   0.00000000    -0.00000000   0.00000000
 -0.00000000  -0.00000000     0.11871670   0.00000000     0.00000000   0.00000000
  0.00000000  -0.00000000     0.00000000   0.00000000     0.11871670   0.00000000
    2    3
  0.02015341   0.03490672     0.00000000  -0.00000000     0.00000000   0.00000000
  0.00000000   0.00000000    -0.01053559  -0.01824818    -0.02854427   0.01648004
  0.00000000  -0.00000000    -0.02854427   0.01648004    -0.01053559  -0.01824818
    2    4
 -0.00020385   0.00406683     0.00404505  -0.02048078     0.00404505  -0.02048078
 -0.00982602  -0.00609969     0.03496006  -0.01766335     0.01898221  -0.01738762
 -0.00982602  -0.00609969     0.01898221  -0.01738762     0.03496006  -0.01766335
    2    5
 -0.02320192  -0.02148608    -0.03233364   0.00624597    -0.03233364   0.00624597
 -0.02930727  -0.00368314    -0.02872813  -0.02496670    -0.03814166   0.00133201
 -0.02930727  -0.00368314    -0.03814166   0.00133201    -0.02872813  -0.02496670
    2    6
  0.00342005  -0.00220995    -0.01571435   0.01374350     0.01571435  -0.01374350
 -0.01019550  -0.00545974     0.00218312   0.03910797     0.00556701  -0.02513288
  0.01019550   0.00545974     0.00556701  -0.02513288     0.00218312   0.03910797
    2    7
 -0.03020845  -0.00935041    -0.01075766  -0.03112474     0.01075766   0.03112474
 -0.01784333  -0.02353927    -0.03598586  -0.01239594     0.01791728   0.03369765
  0.01784333   0.02353927     0.01791728   0.03369765    -0.03598586  -0.01239594
    2    8
  0.00342005  -0.00220995     0.01571435  -0.01374350    -0.01571435   0.01374350
  0.01019550   0.00545974     0.00218312   0.03910797     0.00556701  -0.02513288
 -0.01019550  -0.00545974     0.00556701  -0.02513288     0.00218312   0.03910797
    2    9
 -0.03020845  -0.00935041     0.01075766   0.03112474    -0.01075766  -0.03112474
  0.01784333   0.02353927    -0.03598586  -0.01239594     0.01791728   0.03369765
 -0.01784333  -0.02353927     0.01791728   0.03369765    -0.03598586  -0.01239594
    2   10
 -0.00020385   0.00406683    -0.00404505   0.02048078    -0.00404505   0.02048078
  0.00982602   0.00609969     0.03496006  -0.01766335     0.01898221  -0.01738762
  0.00982602   0.00609969     0.01898221  -0.01738762     0.03496006  -0.01766335
    2   11
 -0.02320192  -0.02148608     0.03233364  -0.00624597     0.03233364  -0.00624597
  0.02930727   0.00368314    -0.02872813  -0.02496670    -0.03814166   0.00133201
  0.02930727   0.00368314    -0.03814166   0.00133201    -0.02872813  -0.02496670
    3    1
  0.00000000  -0.02341522    -0.00000000   0.00000000     0.00000000  -0.00000000
  0.00000000   0.00000000    -0.00000000   0.05089891     0.02507625   0.00000000
  0.00000000   0.00000000     0.02507625   0.00000000    -0.00000000   0.05089891
    3    2
  0.02015341  -0.03490672     0.00000000   0.00000000     0.00000000  -0.00000000
  0.00000000  -0.00000000    -0.01053559   0.01824818    -0.02854427  -0.01648004
  0.00000000   0.00000000    -0.02854427  -0.01648004    -0.01053559   0.01824818
    3    3
  0.12790103   0.00000000    -0.00000000  -0.00000000    -0.00000000  -0.00000000
 -0.00000000   0.00000000     0.11871670  -0.00000000     0.00000000  -0.00000000
  0.00000000   0.00000000     0.00000000  -0.00000000     0.11871670  -0.00000000
    3    4
 -0.02320192   0.02148608    -0.03233364  -0.00624597    -0.03233364  -0.00624597
 -0.02930727   0.00368314    -0.02872813   0.02496670    -0.03814166  -0.00133201
 -0.02930727   0.00368314    -0.03814166  -0.00133201    -0.02872813   0.02496670
    3    5
 -0.00020385  -0.00406683     0.00404505   0.02048078     0.00404505   0.02048078
 -0.00982602   0.00609969     0.03496006   0.01766335     0.01898221   0.01738762
 -0.00982602   0.00609969     0.01898221   0.01738762     0.03496006   0.01766335
    3    6
 -0.03020845   0.00935041    -0.01075766   0.03112474     0.01075766  -0.03112474
 -0.01784333   0.02353927    -0.03598586   0.01239594     0.01791728  -0.03369765
  0.01784333  -0.02353927     0.01791728  -0.03369765    -0.03598586   0.01239594
    3    7
  0.00342005   0.00220995    -0.01571435  -0.01374350     0.01571435   0.01374350
 -0.01019550   0.00545974     0.00218312  -0.03910797     0.00556701   0.02513288
  0.01019550  -0.00545974     0.00556701   0.02513288     0.00218312  -0.03910797
    3    8
 -0.03020845   0.00935041     0.01075766  -0.03112474    -0.01075766   0.03112474
  0.01784333  -0.02353927    -0.03598586   0.01239594     0.01791728  -0.03369765
 -0.01784333   0.02353927     0.01791728  -0.03369765    -0.03598586   0.01239594
    3    9
  0.00342005   0.00220995     0.01571435   0.01374350    -0.01571435  -0.01374350
  0.01019550  -0.00545974     0.00218312  -0.03910797     0.00556701   0.02513288
 -0.01019550   0.00545974     0.00556701   0.02513288     0.00218312  -0.03910797
    3   10
 -0.02320192   0.02148608     0.03233364   0.00624597     0.03233364   0.00624597
  0.02930727  -0.00368314    -0.02872813   0.02496670    -0.03814166  -0.00133201
  0.02930727  -0.00368314    -0.03814166  -0.00133201    -0.02872813   0.02496670
    3   11
 -0.00020385  -0.00406683    -0.00404505  -0.02048078    -0.00404505  -0.02048078
  0.00982602  -0.00609969     0.03496006   0.01766335     0.01898221   0.01738762
  0.00982602  -0.00609969     0.01898221   0.01738762     0.03496006   0.01766335
    4    1
  0.08359452   0.07060495    -0.00032470  -0.02253863    -0.00032470  -0.02253863
