  5.000000000000000E-003   1.50271645758374        5.70684869152418     
           8

     Dynamical  Matrix in cartesian axes

     q = (    0.235702260   0.235702260  -0.235702260 ) 

    1    1
  0.12353479   0.00000000     0.05219885   0.00000000    -0.05219885   0.00000000
  0.05219885   0.00000000     0.12353479   0.00000000    -0.05219885   0.00000000
 -0.05219885   0.00000000    -0.05219885   0.00000000     0.12353479   0.00000000
    1    2
  0.01170770   0.01366285     0.01660930   0.00197451    -0.01660930  -0.00197451
  0.01660930   0.00197451     0.01170770   0.01366285    -0.01660930  -0.00197451
 -0.01660930  -0.00197451    -0.01660930  -0.00197451     0.01170770   0.01366285
    1    3
 -0.01768622  -0.00330774    -0.01001463  -0.01339683     0.01001463   0.01339683
 -0.01001463  -0.01339683    -0.01768622  -0.00330774     0.01001463   0.01339683
  0.01001463   0.01339683     0.01001463   0.01339683    -0.01768622  -0.00330774
    1    4
  0.02682371   0.00487684     0.02492370  -0.00858341    -0.01156362   0.01353374
  0.02492370  -0.00858341     0.02682371   0.00487684    -0.01156362   0.01353374
 -0.01211441  -0.01492960    -0.01211441  -0.01492960    -0.00016882  -0.00454124
    1    5
 -0.01763532  -0.02079160    -0.00502840  -0.02587626    -0.00593875   0.01678126
 -0.00502840  -0.02587626    -0.01763532  -0.02079160    -0.00593875   0.01678126
  0.01898662   0.00302659     0.01898662   0.00302659     0.00401724  -0.00212442
    1    6
 -0.00342541  -0.00511453     0.00412672   0.01221971    -0.00412672  -0.01221971
  0.00412672   0.01221971    -0.00342541  -0.00511453    -0.00412672  -0.01221971
 -0.00412672  -0.01221971    -0.00412672  -0.01221971    -0.00342541  -0.00511453
    1    7
  0.00614202   0.00040923    -0.01264594   0.00253601     0.01264594  -0.00253601
 -0.01264594   0.00253601     0.00614202   0.00040923     0.01264594  -0.00253601
  0.01264594  -0.00253601     0.01264594  -0.00253601     0.00614202   0.00040923
    1    8
 -0.00016882  -0.00454124     0.01211441   0.01492960    -0.01211441  -0.01492960
  0.01156362  -0.01353374     0.02682371   0.00487684    -0.02492370   0.00858341
 -0.01156362   0.01353374    -0.02492370   0.00858341     0.02682371   0.00487684
    1    9
  0.00401724  -0.00212442    -0.01898662  -0.00302659     0.01898662   0.00302659
  0.00593875  -0.01678126    -0.01763532  -0.02079160     0.00502840   0.02587626
 -0.00593875   0.01678126     0.00502840   0.02587626    -0.01763532  -0.02079160
    1   10
  0.02682371   0.00487684     0.01156362  -0.01353374    -0.02492370   0.00858341
  0.01211441   0.01492960    -0.00016882  -0.00454124    -0.01211441  -0.01492960
 -0.02492370   0.00858341    -0.01156362   0.01353374     0.02682371   0.00487684
    1   11
 -0.01763532  -0.02079160     0.00593875  -0.01678126     0.00502840   0.02587626
 -0.01898662  -0.00302659     0.00401724  -0.00212442     0.01898662   0.00302659
  0.00502840   0.02587626    -0.00593875   0.01678126    -0.01763532  -0.02079160
    2    1
  0.01170770  -0.01366285     0.01660930  -0.00197451    -0.01660930   0.00197451
  0.01660930  -0.00197451     0.01170770  -0.01366285    -0.01660930   0.00197451
 -0.01660930   0.00197451    -0.01660930   0.00197451     0.01170770  -0.01366285
    2    2
  0.08565273  -0.00000000    -0.00630513   0.00000000     0.00630513  -0.00000000
 -0.00630513   0.00000000     0.08565273  -0.00000000     0.00630513  -0.00000000
  0.00630513  -0.00000000     0.00630513  -0.00000000     0.08565273  -0.00000000
    2    3
 -0.04632492  -0.00077731     0.01650245   0.00531480    -0.01650245  -0.00531480
  0.01650245   0.00531480    -0.04632492  -0.00077731    -0.01650245  -0.00531480
 -0.01650245  -0.00531480    -0.01650245  -0.00531480    -0.04632492  -0.00077731
    2    4
  0.03518544  -0.00241773     0.00410073   0.00128103     0.01835145   0.01268631
  0.00410073   0.00128103     0.03518544  -0.00241773     0.01835145   0.01268631
  0.01832167   0.01394832     0.01832167   0.01394832     0.03893603   0.00959986
    2    5
 -0.03885694  -0.00170306    -0.00893118   0.00200090    -0.02261987   0.00448969
 -0.00893118   0.00200090    -0.03885694  -0.00170306    -0.02261987   0.00448969
 -0.03256578   0.01098410    -0.03256578   0.01098410    -0.03500516   0.00613782
    2    6
  0.00497740  -0.00578263     0.00381946  -0.00463682    -0.00381946   0.00463682
  0.00381946  -0.00463682     0.00497740  -0.00578263    -0.00381946   0.00463682
 -0.00381946   0.00463682    -0.00381946   0.00463682     0.00497740  -0.00578263
    2    7
 -0.00068355   0.01187917     0.01079595   0.02879124    -0.01079595  -0.02879124
  0.01079595   0.02879124    -0.00068355   0.01187917    -0.01079595  -0.02879124
 -0.01079595  -0.02879124    -0.01079595  -0.02879124    -0.00068355   0.01187917
    2    8
  0.03893603   0.00959986    -0.01832167  -0.01394832     0.01832167   0.01394832
 -0.01835145  -0.01268631     0.03518544  -0.00241773    -0.00410073  -0.00128103
  0.01835145   0.01268631    -0.00410073  -0.00128103     0.03518544  -0.00241773
    2    9
 -0.03500516   0.00613782     0.03256578  -0.01098410    -0.03256578   0.01098410
  0.02261987  -0.00448969    -0.03885694  -0.00170306     0.00893118  -0.00200090
 -0.02261987   0.00448969     0.00893118  -0.00200090    -0.03885694  -0.00170306
    2   10
  0.03518544  -0.00241773    -0.01835145  -0.01268631    -0.00410073  -0.00128103
 -0.01832167  -0.01394832     0.03893603   0.00959986     0.01832167   0.01394832
 -0.00410073  -0.00128103     0.01835145   0.01268631     0.03518544  -0.00241773
    2   11
 -0.03885694  -0.00170306     0.02261987  -0.00448969     0.00893118  -0.00200090
  0.03256578  -0.01098410    -0.03500516   0.00613782    -0.03256578   0.01098410
  0.00893118  -0.00200090    -0.02261987   0.00448969    -0.03885694  -0.00170306
    3    1
 -0.01768622   0.00330774    -0.01001463   0.01339683     0.01001463  -0.01339683
 -0.01001463   0.01339683    -0.01768622   0.00330774     0.01001463  -0.01339683
  0.01001463  -0.01339683     0.01001463  -0.01339683    -0.01768622   0.00330774
    3    2
 -0.04632492   0.00077731     0.01650245  -0.00531480    -0.01650245   0.00531480
  0.01650245  -0.00531480    -0.04632492   0.00077731    -0.01650245   0.00531480
 -0.01650245   0.00531480    -0.01650245   0.00531480    -0.04632492   0.00077731
    3    3
  0.08565273   0.00000000    -0.00630513  -0.00000000     0.00630513   0.00000000
 -0.00630513  -0.00000000     0.08565273   0.00000000     0.00630513   0.00000000
  0.00630513   0.00000000     0.00630513   0.00000000     0.08565273   0.00000000
    3    4
 -0.03885694   0.00170306    -0.00893118  -0.00200090    -0.02261987  -0.00448969
 -0.00893118  -0.00200090    -0.03885694   0.00170306    -0.02261987  -0.00448969
 -0.03256578  -0.01098410    -0.03256578  -0.01098410    -0.03500516  -0.00613782
    3    5
  0.03518544   0.00241773     0.00410073  -0.00128103     0.01835145  -0.01268631
  0.00410073  -0.00128103     0.03518544   0.00241773     0.01835145  -0.01268631
  0.01832167  -0.01394832     0.01832167  -0.01394832     0.03893603  -0.00959986
    3    6
 -0.00068355  -0.01187917     0.01079595  -0.02879124    -0.01079595   0.02879124
  0.01079595  -0.02879124    -0.00068355  -0.01187917    -0.01079595   0.02879124
 -0.01079595   0.02879124    -0.01079595   0.02879124    -0.00068355  -0.01187917
    3    7
  0.00497740   0.00578263     0.00381946   0.00463682    -0.00381946  -0.00463682
  0.00381946   0.00463682     0.00497740   0.00578263    -0.00381946  -0.00463682
 -0.00381946  -0.00463682    -0.00381946  -0.00463682     0.00497740   0.00578263
    3    8
 -0.03500516  -0.00613782     0.03256578   0.01098410    -0.03256578  -0.01098410
  0.02261987   0.00448969    -0.03885694   0.00170306     0.00893118   0.00200090
 -0.02261987  -0.00448969     0.00893118   0.00200090    -0.03885694   0.00170306
    3    9
  0.03893603  -0.00959986    -0.01832167   0.01394832     0.01832167  -0.01394832
 -0.01835145   0.01268631     0.03518544   0.00241773    -0.00410073   0.00128103
  0.01835145  -0.01268631    -0.00410073   0.00128103     0.03518544   0.00241773
    3   10
 -0.03885694   0.00170306     0.02261987   0.00448969     0.00893118   0.00200090
  0.03256578   0.01098410    -0.03500516  -0.00613782    -0.03256578  -0.01098410
  0.00893118   0.00200090    -0.02261987  -0.00448969    -0.03885694   0.00170306
    3   11
  0.03518544   0.00241773    -0.01835145   0.01268631    -0.00410073   0.00128103
 -0.01832167   0.01394832     0.03893603  -0.00959986     0.01832167  -0.01394832
 -0.00410073   0.00128103     0.01835145  -0.01268631     0.03518544   0.00241773
    4    1
  0.02682371  -0.00487684     0.02492370   0.00858341    -0.01211441   0.01492960
  0.02492370   0.00858341     0.02682371  -0.00487684    -0.01211441   0.01492960
 -0.01156362  -0.01353374    -0.01156362  -0.01353374    -0.00016882   0.00454124
    4    2
  0.03518544   0.00241773     0.00410073  -0.00128103     0.01832167  -0.01394832
  0.00410073  -0.00128103     0.03518544   0.00241773     0.01832167  -0.01394832
  0.01835145  -0.01268631     0.01835145  -0.01268631     0.03893603  -0.00959986
    4    3
 -0.03885694  -0.00170306    -0.00893118   0.00200090    -0.03256578   0.01098410
 -0.00893118   0.00200090    -0.03885694  -0.00170306    -0.03256578   0.01098410
 -0.02261987   0.00448969    -0.02261987   0.00448969    -0.03500516   0.00613782
    4    4
  0.08594044  -0.00000000     0.01864388   0.00000000     0.00236142   0.00887516
  0.01864388  -0.00000000     0.08594044   0.00000000     0.00236142   0.00887516
  0.00236142  -0.00887516     0.00236142  -0.00887516     0.07421569   0.00000000
    4    5
 -0.02141083   0.00430180    -0.01224591   0.00441353    -0.03020994   0.01334661
 -0.01224591   0.00441353    -0.02141083   0.00430180    -0.03020994   0.01334661
 -0.03020994   0.01334661    -0.03020994   0.01334661    -0.01984427   0.02982224
    4    6
 -0.00647750   0.00633657     0.01602933  -0.00307142     0.00183666  -0.00490777
  0.01602933  -0.00307142    -0.00647750   0.00633657     0.00183666  -0.00490777
 -0.00690064  -0.00680883    -0.00690064  -0.00680883     0.00777707  -0.00717125
    4    7
  0.00028091   0.01112301    -0.00093078   0.00011491     0.01831407   0.00051813
 -0.00093078   0.00011491     0.00028091   0.01112301     0.01831407   0.00051813
 -0.00525542   0.00086021    -0.00525542   0.00086021    -0.03632316  -0.00472396
    4    8
  0.01811136  -0.00720173    -0.00583471  -0.01183863     0.02884204   0.00000000
 -0.00087186  -0.00658617     0.01449772  -0.00000000     0.00583471  -0.01183863
  0.02056281   0.00000000     0.00087186  -0.00658617     0.01811136   0.00720173
    4    9
 -0.01064706  -0.00408225     0.01182266  -0.00642008    -0.02575357   0.02507667
 -0.00987067  -0.00414973    -0.05521815  -0.01910471    -0.01182266   0.00642008
 -0.01779752   0.01714523     0.00987067   0.00414973    -0.01064706  -0.00408225
    4   10
  0.01449772  -0.00000000    -0.00087186  -0.00658617     0.00583471  -0.01183863
 -0.00583471  -0.01183863     0.01811136  -0.00720173     0.02884204   0.00000000
  0.00087186  -0.00658617     0.02056281   0.00000000     0.01811136   0.00720173
    4   11
 -0.05521815  -0.01910471    -0.00987067  -0.00414973    -0.01182266   0.00642008
  0.01182266  -0.00642008    -0.01064706  -0.00408225    -0.02575357   0.02507667
  0.00987067   0.00414973    -0.01779752   0.01714523    -0.01064706  -0.00408225
    5    1
 -0.01763532   0.02079160    -0.00502840   0.02587626     0.01898662  -0.00302659
 -0.00502840   0.02587626    -0.01763532   0.02079160     0.01898662  -0.00302659
 -0.00593875  -0.01678126    -0.00593875  -0.01678126     0.00401724   0.00212442
    5    2
 -0.03885694   0.00170306    -0.00893118  -0.00200090    -0.03256578  -0.01098410
 -0.00893118  -0.00200090    -0.03885694   0.00170306    -0.03256578  -0.01098410
 -0.02261987  -0.00448969    -0.02261987  -0.00448969    -0.03500516  -0.00613782
    5    3
  0.03518544  -0.00241773     0.00410073   0.00128103     0.01832167   0.01394832
  0.00410073   0.00128103     0.03518544  -0.00241773     0.01832167   0.01394832
  0.01835145   0.01268631     0.01835145   0.01268631     0.03893603   0.00959986
    5    4
 -0.02141083  -0.00430180    -0.01224591  -0.00441353    -0.03020994  -0.01334661
 -0.01224591  -0.00441353    -0.02141083  -0.00430180    -0.03020994  -0.01334661
 -0.03020994  -0.01334661    -0.03020994  -0.01334661    -0.01984427  -0.02982224
    5    5
  0.08594044   0.00000000     0.01864388  -0.00000000     0.00236142  -0.00887516
  0.01864388   0.00000000     0.08594044  -0.00000000     0.00236142  -0.00887516
  0.00236142   0.00887516     0.00236142   0.00887516     0.07421569  -0.00000000
    5    6
  0.00028091  -0.01112301    -0.00093078  -0.00011491     0.01831407  -0.00051813
 -0.00093078  -0.00011491     0.00028091  -0.01112301     0.01831407  -0.00051813
 -0.00525542  -0.00086021    -0.00525542  -0.00086021    -0.03632316   0.00472396
    5    7
 -0.00647750  -0.00633657     0.01602933   0.00307142     0.00183666   0.00490777
  0.01602933   0.00307142    -0.00647750  -0.00633657     0.00183666   0.00490777
 -0.00690064   0.00680883    -0.00690064   0.00680883     0.00777707   0.00717125
    5    8
 -0.01064706   0.00408225     0.01182266   0.00642008    -0.02575357  -0.02507667
 -0.00987067   0.00414973    -0.05521815   0.01910471    -0.01182266  -0.00642008
 -0.01779752  -0.01714523     0.00987067  -0.00414973    -0.01064706   0.00408225
    5    9
  0.01811136   0.00720173    -0.00583471   0.01183863     0.02884204  -0.00000000
 -0.00087186   0.00658617     0.01449772   0.00000000     0.00583471   0.01183863
  0.02056281  -0.00000000     0.00087186   0.00658617     0.01811136  -0.00720173
    5   10
 -0.05521815   0.01910471    -0.00987067   0.00414973    -0.01182266  -0.00642008
  0.01182266   0.00642008    -0.01064706   0.00408225    -0.02575357  -0.02507667
  0.00987067  -0.00414973    -0.01779752  -0.01714523    -0.01064706   0.00408225
    5   11
  0.01449772   0.00000000    -0.00087186   0.00658617     0.00583471   0.01183863
 -0.00583471   0.01183863     0.01811136   0.00720173     0.02884204  -0.00000000
  0.00087186   0.00658617     0.02056281  -0.00000000     0.01811136  -0.00720173
    6    1
 -0.00342541   0.00511453     0.00412672  -0.01221971    -0.00412672   0.01221971
  0.00412672  -0.01221971    -0.00342541   0.00511453    -0.00412672   0.01221971
 -0.00412672   0.01221971    -0.00412672   0.01221971    -0.00342541   0.00511453
    6    2
  0.00497740   0.00578263     0.00381946   0.00463682    -0.00381946  -0.00463682
  0.00381946   0.00463682     0.00497740   0.00578263    -0.00381946  -0.00463682
 -0.00381946  -0.00463682    -0.00381946  -0.00463682     0.00497740   0.00578263
    6    3
 -0.00068355   0.01187917     0.01079595   0.02879124    -0.01079595  -0.02879124
  0.01079595   0.02879124    -0.00068355   0.01187917    -0.01079595  -0.02879124
 -0.01079595  -0.02879124    -0.01079595  -0.02879124    -0.00068355   0.01187917
    6    4
 -0.00647750  -0.00633657     0.01602933   0.00307142    -0.00690064   0.00680883
  0.01602933   0.00307142    -0.00647750  -0.00633657    -0.00690064   0.00680883
  0.00183666   0.00490777     0.00183666   0.00490777     0.00777707   0.00717125
    6    5
  0.00028091   0.01112301    -0.00093078   0.00011491    -0.00525542   0.00086021
 -0.00093078   0.00011491     0.00028091   0.01112301    -0.00525542   0.00086021
  0.01831407   0.00051813     0.01831407   0.00051813    -0.03632316  -0.00472396
    6    6
  0.08183843   0.00000000     0.02230829  -0.00000000    -0.02230829   0.00000000
  0.02230829  -0.00000000     0.08183843   0.00000000    -0.02230829   0.00000000
 -0.02230829   0.00000000    -0.02230829   0.00000000     0.08183843   0.00000000
    6    7
 -0.01316801   0.00734132    -0.03088162   0.01135271     0.03088162  -0.01135271
 -0.03088162   0.01135271    -0.01316801   0.00734132     0.03088162  -0.01135271
  0.03088162  -0.01135271     0.03088162  -0.01135271    -0.01316801   0.00734132
    6    8
  0.00777707   0.00717125    -0.00183666  -0.00490777     0.00183666   0.00490777
  0.00690064  -0.00680883    -0.00647750  -0.00633657    -0.01602933  -0.00307142
 -0.00690064   0.00680883    -0.01602933  -0.00307142    -0.00647750  -0.00633657
    6    9
 -0.03632316  -0.00472396    -0.01831407  -0.00051813     0.01831407   0.00051813
  0.00525542  -0.00086021     0.00028091   0.01112301     0.00093078  -0.00011491
 -0.00525542   0.00086021     0.00093078  -0.00011491     0.00028091   0.01112301
    6   10
 -0.00647750  -0.00633657     0.00690064  -0.00680883    -0.01602933  -0.00307142
 -0.00183666  -0.00490777     0.00777707   0.00717125     0.00183666   0.00490777
 -0.01602933  -0.00307142    -0.00690064   0.00680883    -0.00647750  -0.00633657
    6   11
  0.00028091   0.01112301     0.00525542  -0.00086021     0.00093078  -0.00011491
 -0.01831407  -0.00051813    -0.03632316  -0.00472396     0.01831407   0.00051813
  0.00093078  -0.00011491    -0.00525542   0.00086021     0.00028091   0.01112301
    7    1
  0.00614202  -0.00040923    -0.01264594  -0.00253601     0.01264594   0.00253601
 -0.01264594  -0.00253601     0.00614202  -0.00040923     0.01264594   0.00253601
  0.01264594   0.00253601     0.01264594   0.00253601     0.00614202  -0.00040923
    7    2
 -0.00068355  -0.01187917     0.01079595  -0.02879124    -0.01079595   0.02879124
  0.01079595  -0.02879124    -0.00068355  -0.01187917    -0.01079595   0.02879124
 -0.01079595   0.02879124    -0.01079595   0.02879124    -0.00068355  -0.01187917
    7    3
  0.00497740  -0.00578263     0.00381946  -0.00463682    -0.00381946   0.00463682
  0.00381946  -0.00463682     0.00497740  -0.00578263    -0.00381946   0.00463682
 -0.00381946   0.00463682    -0.00381946   0.00463682     0.00497740  -0.00578263
    7    4
  0.00028091  -0.01112301    -0.00093078  -0.00011491    -0.00525542  -0.00086021
 -0.00093078  -0.00011491     0.00028091  -0.01112301    -0.00525542  -0.00086021
  0.01831407  -0.00051813     0.01831407  -0.00051813    -0.03632316   0.00472396
    7    5
 -0.00647750   0.00633657     0.01602933  -0.00307142    -0.00690064  -0.00680883
  0.01602933  -0.00307142    -0.00647750   0.00633657    -0.00690064  -0.00680883
  0.00183666  -0.00490777     0.00183666  -0.00490777     0.00777707  -0.00717125
    7    6
 -0.01316801  -0.00734132    -0.03088162  -0.01135271     0.03088162   0.01135271
 -0.03088162  -0.01135271    -0.01316801  -0.00734132     0.03088162   0.01135271
  0.03088162   0.01135271     0.03088162   0.01135271    -0.01316801  -0.00734132
    7    7
  0.08183843  -0.00000000     0.02230829   0.00000000    -0.02230829  -0.00000000
  0.02230829   0.00000000     0.08183843  -0.00000000    -0.02230829  -0.00000000
 -0.02230829  -0.00000000    -0.02230829  -0.00000000     0.08183843  -0.00000000
    7    8
 -0.03632316   0.00472396    -0.01831407   0.00051813     0.01831407  -0.00051813
  0.00525542   0.00086021     0.00028091  -0.01112301     0.00093078   0.00011491
 -0.00525542  -0.00086021     0.00093078   0.00011491     0.00028091  -0.01112301
    7    9
  0.00777707  -0.00717125    -0.00183666   0.00490777     0.00183666  -0.00490777
  0.00690064   0.00680883    -0.00647750   0.00633657    -0.01602933   0.00307142
 -0.00690064  -0.00680883    -0.01602933   0.00307142    -0.00647750   0.00633657
    7   10
  0.00028091  -0.01112301     0.00525542   0.00086021     0.00093078   0.00011491
 -0.01831407   0.00051813    -0.03632316   0.00472396     0.01831407  -0.00051813
  0.00093078   0.00011491    -0.00525542  -0.00086021     0.00028091  -0.01112301
    7   11
 -0.00647750   0.00633657     0.00690064   0.00680883    -0.01602933   0.00307142
 -0.00183666   0.00490777     0.00777707  -0.00717125     0.00183666  -0.00490777
 -0.01602933   0.00307142    -0.00690064  -0.00680883    -0.00647750   0.00633657
    8    1
 -0.00016882   0.00454124     0.01156362   0.01353374    -0.01156362  -0.01353374
  0.01211441  -0.01492960     0.02682371  -0.00487684    -0.02492370  -0.00858341
 -0.01211441   0.01492960    -0.02492370  -0.00858341     0.02682371  -0.00487684
    8    2
  0.03893603  -0.00959986    -0.01835145   0.01268631     0.01835145  -0.01268631
 -0.01832167   0.01394832     0.03518544   0.00241773    -0.00410073   0.00128103
  0.01832167  -0.01394832    -0.00410073   0.00128103     0.03518544   0.00241773
    8    3
 -0.03500516   0.00613782     0.02261987  -0.00448969    -0.02261987   0.00448969
  0.03256578  -0.01098410    -0.03885694  -0.00170306     0.00893118  -0.00200090
 -0.03256578   0.01098410     0.00893118  -0.00200090    -0.03885694  -0.00170306
    8    4
  0.01811136   0.00720173    -0.00087186   0.00658617     0.02056281   0.00000000
 -0.00583471   0.01183863     0.01449772  -0.00000000     0.00087186   0.00658617
  0.02884204  -0.00000000     0.00583471   0.01183863     0.01811136  -0.00720173
    8    5
 -0.01064706  -0.00408225    -0.00987067  -0.00414973    -0.01779752   0.01714523
  0.01182266  -0.00642008    -0.05521815  -0.01910471     0.00987067   0.00414973
 -0.02575357   0.02507667    -0.01182266   0.00642008    -0.01064706  -0.00408225
    8    6
  0.00777707  -0.00717125     0.00690064   0.00680883    -0.00690064  -0.00680883
 -0.00183666   0.00490777    -0.00647750   0.00633657    -0.01602933   0.00307142
  0.00183666  -0.00490777    -0.01602933   0.00307142    -0.00647750   0.00633657
    8    7
 -0.03632316  -0.00472396     0.00525542  -0.00086021    -0.00525542   0.00086021
 -0.01831407  -0.00051813     0.00028091   0.01112301     0.00093078  -0.00011491
  0.01831407   0.00051813     0.00093078  -0.00011491     0.00028091   0.01112301
    8    8
  0.07421569   0.00000000    -0.00236142   0.00887516     0.00236142  -0.00887516
 -0.00236142  -0.00887516     0.08594044   0.00000000    -0.01864388  -0.00000000
  0.00236142   0.00887516    -0.01864388  -0.00000000     0.08594044   0.00000000
    8    9
 -0.01984427   0.02982224     0.03020994  -0.01334661    -0.03020994   0.01334661
  0.03020994  -0.01334661    -0.02141083   0.00430180     0.01224591  -0.00441353
 -0.03020994   0.01334661     0.01224591  -0.00441353    -0.02141083   0.00430180
    8   10
  0.01811136   0.00720173    -0.02056281  -0.00000000     0.00087186  -0.00658617
 -0.02884204  -0.00000000     0.01811136  -0.00720173     0.00583471   0.01183863
  0.00583471  -0.01183863     0.00087186   0.00658617     0.01449772  -0.00000000
    8   11
 -0.01064706  -0.00408225     0.01779752  -0.01714523     0.00987067   0.00414973
  0.02575357  -0.02507667    -0.01064706  -0.00408225    -0.01182266   0.00642008
 -0.01182266   0.00642008     0.00987067   0.00414973    -0.05521815  -0.01910471
    9    1
  0.00401724   0.00212442     0.00593875   0.01678126    -0.00593875  -0.01678126
 -0.01898662   0.00302659    -0.01763532   0.02079160     0.00502840  -0.02587626
  0.01898662  -0.00302659     0.00502840  -0.02587626    -0.01763532   0.02079160
    9    2
 -0.03500516  -0.00613782     0.02261987   0.00448969    -0.02261987  -0.00448969
  0.03256578   0.01098410    -0.03885694   0.00170306     0.00893118   0.00200090
 -0.03256578  -0.01098410     0.00893118   0.00200090    -0.03885694   0.00170306
    9    3
  0.03893603   0.00959986    -0.01835145  -0.01268631     0.01835145   0.01268631
 -0.01832167  -0.01394832     0.03518544  -0.00241773    -0.00410073  -0.00128103
  0.01832167   0.01394832    -0.00410073  -0.00128103     0.03518544  -0.00241773
    9    4
 -0.01064706   0.00408225    -0.00987067   0.00414973    -0.01779752  -0.01714523
  0.01182266   0.00642008    -0.05521815   0.01910471     0.00987067  -0.00414973
 -0.02575357  -0.02507667    -0.01182266  -0.00642008    -0.01064706   0.00408225
    9    5
  0.01811136  -0.00720173    -0.00087186  -0.00658617     0.02056281  -0.00000000
 -0.00583471  -0.01183863     0.01449772   0.00000000     0.00087186  -0.00658617
  0.02884204   0.00000000     0.00583471  -0.01183863     0.01811136   0.00720173
    9    6
 -0.03632316   0.00472396     0.00525542   0.00086021    -0.00525542  -0.00086021
 -0.01831407   0.00051813     0.00028091  -0.01112301     0.00093078   0.00011491
  0.01831407  -0.00051813     0.00093078   0.00011491     0.00028091  -0.01112301
    9    7
  0.00777707   0.00717125     0.00690064  -0.00680883    -0.00690064   0.00680883
 -0.00183666  -0.00490777    -0.00647750  -0.00633657    -0.01602933  -0.00307142
  0.00183666   0.00490777    -0.01602933  -0.00307142    -0.00647750  -0.00633657
    9    8
 -0.01984427  -0.02982224     0.03020994   0.01334661    -0.03020994  -0.01334661
  0.03020994   0.01334661    -0.02141083  -0.00430180     0.01224591   0.00441353
 -0.03020994  -0.01334661     0.01224591   0.00441353    -0.02141083  -0.00430180
    9    9
  0.07421569  -0.00000000    -0.00236142  -0.00887516     0.00236142   0.00887516
 -0.00236142   0.00887516     0.08594044  -0.00000000    -0.01864388   0.00000000
  0.00236142  -0.00887516    -0.01864388   0.00000000     0.08594044  -0.00000000
    9   10
 -0.01064706   0.00408225     0.01779752   0.01714523     0.00987067  -0.00414973
  0.02575357   0.02507667    -0.01064706   0.00408225    -0.01182266  -0.00642008
 -0.01182266  -0.00642008     0.00987067  -0.00414973    -0.05521815   0.01910471
    9   11
  0.01811136  -0.00720173    -0.02056281   0.00000000     0.00087186   0.00658617
 -0.02884204  -0.00000000     0.01811136   0.00720173     0.00583471  -0.01183863
  0.00583471   0.01183863     0.00087186  -0.00658617     0.01449772   0.00000000
   10    1
  0.02682371  -0.00487684     0.01211441  -0.01492960    -0.02492370  -0.00858341
  0.01156362   0.01353374    -0.00016882   0.00454124    -0.01156362  -0.01353374
 -0.02492370  -0.00858341    -0.01211441   0.01492960     0.02682371  -0.00487684
   10    2
  0.03518544   0.00241773    -0.01832167   0.01394832    -0.00410073   0.00128103
 -0.01835145   0.01268631     0.03893603  -0.00959986     0.01835145  -0.01268631
 -0.00410073   0.00128103     0.01832167  -0.01394832     0.03518544   0.00241773
   10    3
 -0.03885694  -0.00170306     0.03256578  -0.01098410     0.00893118  -0.00200090
  0.02261987  -0.00448969    -0.03500516   0.00613782    -0.02261987   0.00448969
  0.00893118  -0.00200090    -0.03256578   0.01098410    -0.03885694  -0.00170306
   10    4
  0.01449772  -0.00000000    -0.00583471   0.01183863     0.00087186   0.00658617
 -0.00087186   0.00658617     0.01811136   0.00720173     0.02056281  -0.00000000
  0.00583471   0.01183863     0.02884204  -0.00000000     0.01811136  -0.00720173
   10    5
 -0.05521815  -0.01910471     0.01182266  -0.00642008     0.00987067   0.00414973
 -0.00987067  -0.00414973    -0.01064706  -0.00408225    -0.01779752   0.01714523
 -0.01182266   0.00642008    -0.02575357   0.02507667    -0.01064706  -0.00408225
   10    6
 -0.00647750   0.00633657    -0.00183666   0.00490777    -0.01602933   0.00307142
  0.00690064   0.00680883     0.00777707  -0.00717125    -0.00690064  -0.00680883
 -0.01602933   0.00307142     0.00183666  -0.00490777    -0.00647750   0.00633657
   10    7
  0.00028091   0.01112301    -0.01831407  -0.00051813     0.00093078  -0.00011491
  0.00525542  -0.00086021    -0.03632316  -0.00472396    -0.00525542   0.00086021
  0.00093078  -0.00011491     0.01831407   0.00051813     0.00028091   0.01112301
   10    8
  0.01811136  -0.00720173    -0.02884204   0.00000000     0.00583471   0.01183863
 -0.02056281  -0.00000000     0.01811136   0.00720173     0.00087186  -0.00658617
  0.00087186   0.00658617     0.00583471  -0.01183863     0.01449772  -0.00000000
   10    9
 -0.01064706  -0.00408225     0.02575357  -0.02507667    -0.01182266   0.00642008
  0.01779752  -0.01714523    -0.01064706  -0.00408225     0.00987067   0.00414973
  0.00987067   0.00414973    -0.01182266   0.00642008    -0.05521815  -0.01910471
   10   10
  0.08594044   0.00000000    -0.00236142  -0.00887516    -0.01864388  -0.00000000
 -0.00236142   0.00887516     0.07421569   0.00000000     0.00236142  -0.00887516
 -0.01864388  -0.00000000     0.00236142   0.00887516     0.08594044   0.00000000
   10   11
 -0.02141083   0.00430180     0.03020994  -0.01334661     0.01224591  -0.00441353
  0.03020994  -0.01334661    -0.01984427   0.02982224    -0.03020994   0.01334661
  0.01224591  -0.00441353    -0.03020994   0.01334661    -0.02141083   0.00430180
   11    1
 -0.01763532   0.02079160    -0.01898662   0.00302659     0.00502840  -0.02587626
  0.00593875   0.01678126     0.00401724   0.00212442    -0.00593875  -0.01678126
  0.00502840  -0.02587626     0.01898662  -0.00302659    -0.01763532   0.02079160
   11    2
 -0.03885694   0.00170306     0.03256578   0.01098410     0.00893118   0.00200090
  0.02261987   0.00448969    -0.03500516  -0.00613782    -0.02261987  -0.00448969
  0.00893118   0.00200090    -0.03256578  -0.01098410    -0.03885694   0.00170306
   11    3
  0.03518544  -0.00241773    -0.01832167  -0.01394832    -0.00410073  -0.00128103
 -0.01835145  -0.01268631     0.03893603   0.00959986     0.01835145   0.01268631
 -0.00410073  -0.00128103     0.01832167   0.01394832     0.03518544  -0.00241773
   11    4
 -0.05521815   0.01910471     0.01182266   0.00642008     0.00987067  -0.00414973
 -0.00987067   0.00414973    -0.01064706   0.00408225    -0.01779752  -0.01714523
 -0.01182266  -0.00642008    -0.02575357  -0.02507667    -0.01064706   0.00408225
   11    5
  0.01449772  -0.00000000    -0.00583471  -0.01183863     0.00087186  -0.00658617
 -0.00087186  -0.00658617     0.01811136  -0.00720173     0.02056281  -0.00000000
  0.00583471  -0.01183863     0.02884204   0.00000000     0.01811136   0.00720173
   11    6
  0.00028091  -0.01112301    -0.01831407   0.00051813     0.00093078   0.00011491
  0.00525542   0.00086021    -0.03632316   0.00472396    -0.00525542  -0.00086021
  0.00093078   0.00011491     0.01831407  -0.00051813     0.00028091  -0.01112301
   11    7
 -0.00647750  -0.00633657    -0.00183666  -0.00490777    -0.01602933  -0.00307142
  0.00690064  -0.00680883     0.00777707   0.00717125    -0.00690064   0.00680883
 -0.01602933  -0.00307142     0.00183666   0.00490777    -0.00647750  -0.00633657
   11    8
 -0.01064706   0.00408225     0.02575357   0.02507667    -0.01182266  -0.00642008
  0.01779752   0.01714523    -0.01064706   0.00408225     0.00987067  -0.00414973
  0.00987067  -0.00414973    -0.01182266  -0.00642008    -0.05521815   0.01910471
   11    9
  0.01811136   0.00720173    -0.02884204   0.00000000     0.00583471  -0.01183863
 -0.02056281   0.00000000     0.01811136  -0.00720173     0.00087186   0.00658617
  0.00087186  -0.00658617     0.00583471   0.01183863     0.01449772   0.00000000
   11   10
 -0.02141083  -0.00430180     0.03020994   0.01334661     0.01224591   0.00441353
  0.03020994   0.01334661    -0.01984427  -0.02982224    -0.03020994  -0.01334661
  0.01224591   0.00441353    -0.03020994  -0.01334661    -0.02141083  -0.00430180
   11   11
  0.08594044  -0.00000000    -0.00236142   0.00887516    -0.01864388   0.00000000
 -0.00236142  -0.00887516     0.07421569  -0.00000000     0.00236142   0.00887516
 -0.01864388   0.00000000     0.00236142  -0.00887516     0.08594044  -0.00000000

     Dynamical  Matrix in cartesian axes

     q = (    0.235702260  -0.235702260  -0.235702260 ) 

    1    1
  0.12353479   0.00000000    -0.05219885   0.00000000    -0.05219885   0.00000000
 -0.05219885   0.00000000     0.12353479   0.00000000     0.05219885   0.00000000
 -0.05219885   0.00000000     0.05219885   0.00000000     0.12353479   0.00000000
    1    2
  0.01170770  -0.01366285    -0.01660930   0.00197451    -0.01660930   0.00197451
 -0.01660930   0.00197451     0.01170770  -0.01366285     0.01660930  -0.00197451
 -0.01660930   0.00197451     0.01660930  -0.00197451     0.01170770  -0.01366285
    1    3
 -0.01768622   0.00330774     0.01001463  -0.01339683     0.01001463  -0.01339683
  0.01001463  -0.01339683    -0.01768622   0.00330774    -0.01001463   0.01339683
  0.01001463  -0.01339683    -0.01001463   0.01339683    -0.01768622   0.00330774
    1    4
 -0.00016882   0.00454124    -0.01211441   0.01492960    -0.01211441   0.01492960
 -0.01156362  -0.01353374     0.02682371  -0.00487684     0.02492370   0.00858341
 -0.01156362  -0.01353374     0.02492370   0.00858341     0.02682371  -0.00487684
    1    5
  0.00401724   0.00212442     0.01898662  -0.00302659     0.01898662  -0.00302659
 -0.00593875  -0.01678126    -0.01763532   0.02079160    -0.00502840   0.02587626
 -0.00593875  -0.01678126    -0.00502840   0.02587626    -0.01763532   0.02079160
    1    6
  0.02682371  -0.00487684    -0.01156362  -0.01353374    -0.02492370  -0.00858341
 -0.01211441   0.01492960    -0.00016882   0.00454124     0.01211441  -0.01492960
 -0.02492370  -0.00858341     0.01156362   0.01353374     0.02682371  -0.00487684
    1    7
 -0.01763532   0.02079160    -0.00593875  -0.01678126     0.00502840  -0.02587626
  0.01898662  -0.00302659     0.00401724   0.00212442    -0.01898662   0.00302659
  0.00502840  -0.02587626     0.00593875   0.01678126    -0.01763532   0.02079160
    1    8
  0.02682371  -0.00487684    -0.02492370  -0.00858341    -0.01156362  -0.01353374
 -0.02492370  -0.00858341     0.02682371  -0.00487684     0.01156362   0.01353374
 -0.01211441   0.01492960     0.01211441  -0.01492960    -0.00016882   0.00454124
    1    9
 -0.01763532   0.02079160     0.00502840  -0.02587626    -0.00593875  -0.01678126
  0.00502840  -0.02587626    -0.01763532   0.02079160     0.00593875   0.01678126
  0.01898662  -0.00302659    -0.01898662   0.00302659     0.00401724   0.00212442
    1   10
 -0.00342541   0.00511453    -0.00412672   0.01221971    -0.00412672   0.01221971
 -0.00412672   0.01221971    -0.00342541   0.00511453     0.00412672  -0.01221971
 -0.00412672   0.01221971     0.00412672  -0.01221971    -0.00342541   0.00511453
    1   11
  0.00614202  -0.00040923     0.01264594   0.00253601     0.01264594   0.00253601
  0.01264594   0.00253601     0.00614202  -0.00040923    -0.01264594  -0.00253601
  0.01264594   0.00253601    -0.01264594  -0.00253601     0.00614202  -0.00040923
    2    1
  0.01170770   0.01366285    -0.01660930  -0.00197451    -0.01660930  -0.00197451
 -0.01660930  -0.00197451     0.01170770   0.01366285     0.01660930   0.00197451
 -0.01660930  -0.00197451     0.01660930   0.00197451     0.01170770   0.01366285
    2    2
  0.08565273   0.00000000     0.00630513   0.00000000     0.00630513   0.00000000
  0.00630513   0.00000000     0.08565273   0.00000000    -0.00630513  -0.00000000
  0.00630513   0.00000000    -0.00630513  -0.00000000     0.08565273   0.00000000
    2    3
 -0.04632492   0.00077731    -0.01650245   0.00531480    -0.01650245   0.00531480
 -0.01650245   0.00531480    -0.04632492   0.00077731     0.01650245  -0.00531480
 -0.01650245   0.00531480     0.01650245  -0.00531480    -0.04632492   0.00077731
    2    4
  0.03893603  -0.00959986     0.01832167  -0.01394832     0.01832167  -0.01394832
  0.01835145  -0.01268631     0.03518544   0.00241773     0.00410073  -0.00128103
  0.01835145  -0.01268631     0.00410073  -0.00128103     0.03518544   0.00241773
    2    5
 -0.03500516  -0.00613782    -0.03256578  -0.01098410    -0.03256578  -0.01098410
 -0.02261987  -0.00448969    -0.03885694   0.00170306    -0.00893118  -0.00200090
 -0.02261987  -0.00448969    -0.00893118  -0.00200090    -0.03885694   0.00170306
    2    6
  0.03518544   0.00241773     0.01835145  -0.01268631    -0.00410073   0.00128103
  0.01832167  -0.01394832     0.03893603  -0.00959986    -0.01832167   0.01394832
 -0.00410073   0.00128103    -0.01835145   0.01268631     0.03518544   0.00241773
    2    7
 -0.03885694   0.00170306    -0.02261987  -0.00448969     0.00893118   0.00200090
 -0.03256578  -0.01098410    -0.03500516  -0.00613782     0.03256578   0.01098410
  0.00893118   0.00200090     0.02261987   0.00448969    -0.03885694   0.00170306
    2    8
  0.03518544   0.00241773    -0.00410073   0.00128103     0.01835145  -0.01268631
 -0.00410073   0.00128103     0.03518544   0.00241773    -0.01835145   0.01268631
  0.01832167  -0.01394832    -0.01832167   0.01394832     0.03893603  -0.00959986
    2    9
 -0.03885694   0.00170306     0.00893118   0.00200090    -0.02261987  -0.00448969
  0.00893118   0.00200090    -0.03885694   0.00170306     0.02261987   0.00448969
 -0.03256578  -0.01098410     0.03256578   0.01098410    -0.03500516  -0.00613782
    2   10
  0.00497740   0.00578263    -0.00381946  -0.00463682    -0.00381946  -0.00463682
 -0.00381946  -0.00463682     0.00497740   0.00578263     0.00381946   0.00463682
 -0.00381946  -0.00463682     0.00381946   0.00463682     0.00497740   0.00578263
    2   11
 -0.00068355  -0.01187917    -0.01079595   0.02879124    -0.01079595   0.02879124
 -0.01079595   0.02879124    -0.00068355  -0.01187917     0.01079595  -0.02879124
 -0.01079595   0.02879124     0.01079595  -0.02879124    -0.00068355  -0.01187917
    3    1
 -0.01768622  -0.00330774     0.01001463   0.01339683     0.01001463   0.01339683
  0.01001463   0.01339683    -0.01768622  -0.00330774    -0.01001463  -0.01339683
  0.01001463   0.01339683    -0.01001463  -0.01339683    -0.01768622  -0.00330774
    3    2
 -0.04632492  -0.00077731    -0.01650245  -0.00531480    -0.01650245  -0.00531480
 -0.01650245  -0.00531480    -0.04632492  -0.00077731     0.01650245   0.00531480
 -0.01650245  -0.00531480     0.01650245   0.00531480    -0.04632492  -0.00077731
    3    3
  0.08565273  -0.00000000     0.00630513  -0.00000000     0.00630513  -0.00000000
  0.00630513  -0.00000000     0.08565273  -0.00000000    -0.00630513   0.00000000
  0.00630513  -0.00000000    -0.00630513   0.00000000     0.08565273  -0.00000000
    3    4
 -0.03500516   0.00613782    -0.03256578   0.01098410    -0.03256578   0.01098410
 -0.02261987   0.00448969    -0.03885694  -0.00170306    -0.00893118   0.00200090
 -0.02261987   0.00448969    -0.00893118   0.00200090    -0.03885694  -0.00170306
    3    5
  0.03893603   0.00959986     0.01832167   0.01394832     0.01832167   0.01394832
  0.01835145   0.01268631     0.03518544  -0.00241773     0.00410073   0.00128103
  0.01835145   0.01268631     0.00410073   0.00128103     0.03518544  -0.00241773
    3    6
 -0.03885694  -0.00170306    -0.02261987   0.00448969     0.00893118  -0.00200090
 -0.03256578   0.01098410    -0.03500516   0.00613782     0.03256578  -0.01098410
  0.00893118  -0.00200090     0.02261987  -0.00448969    -0.03885694  -0.00170306
    3    7
  0.03518544  -0.00241773     0.01835145   0.01268631    -0.00410073  -0.00128103
  0.01832167   0.01394832     0.03893603   0.00959986    -0.01832167  -0.01394832
 -0.00410073  -0.00128103    -0.01835145  -0.01268631     0.03518544  -0.00241773
    3    8
 -0.03885694  -0.00170306     0.00893118  -0.00200090    -0.02261987   0.00448969
  0.00893118  -0.00200090    -0.03885694  -0.00170306     0.02261987  -0.00448969
 -0.03256578   0.01098410     0.03256578  -0.01098410    -0.03500516   0.00613782
    3    9
  0.03518544  -0.00241773    -0.00410073  -0.00128103     0.01835145   0.01268631
 -0.00410073  -0.00128103     0.03518544  -0.00241773    -0.01835145  -0.01268631
  0.01832167   0.01394832    -0.01832167  -0.01394832     0.03893603   0.00959986
    3   10
 -0.00068355   0.01187917    -0.01079595  -0.02879124    -0.01079595  -0.02879124
 -0.01079595  -0.02879124    -0.00068355   0.01187917     0.01079595   0.02879124
 -0.01079595  -0.02879124     0.01079595   0.02879124    -0.00068355   0.01187917
    3   11
  0.00497740  -0.00578263    -0.00381946   0.00463682    -0.00381946   0.00463682
 -0.00381946   0.00463682     0.00497740  -0.00578263     0.00381946  -0.00463682
 -0.00381946   0.00463682     0.00381946  -0.00463682     0.00497740  -0.00578263
    4    1
 -0.00016882  -0.00454124    -0.01156362   0.01353374    -0.01156362   0.01353374
