  2.500000000000000E-002   1.50249443578751        5.66640365351632     
           3

     Dynamical  Matrix in cartesian axes

     q = (   -0.707106781   0.000000000   0.000000000 ) 

    1    1
  0.23422384   0.00000000    -0.00000000   0.00000000    -0.00000000   0.00000000
 -0.00000000   0.00000000     0.18511094   0.00000000     0.00000000   0.00000000
 -0.00000000   0.00000000     0.00000000   0.00000000     0.18511094   0.00000000
    1    2
  0.00000000  -0.00000000     0.00000000  -0.00000000    -0.00000000  -0.00000000
 -0.00000000   0.00000000    -0.00000000  -0.00000000    -0.01558418   0.00000000
 -0.00000000   0.00000000    -0.01558418   0.00000000     0.00000000  -0.00000000
    1    3
 -0.00000000   0.00000000     0.00000000   0.00000000     0.00000000  -0.00000000
 -0.00000000  -0.00000000    -0.00000000   0.00000000    -0.01558418   0.00000000
  0.00000000   0.00000000    -0.01558418   0.00000000    -0.00000000   0.00000000
    1    4
 -0.02719293  -0.00000000     0.01100271   0.00000000     0.01100271   0.00000000
  0.00189945   0.00000000     0.01277292   0.00000000    -0.00060356  -0.00000000
  0.00189945   0.00000000    -0.00060356  -0.00000000     0.01277292   0.00000000
    1    5
 -0.02719293   0.00000000     0.01100271  -0.00000000     0.01100271  -0.00000000
  0.00189945  -0.00000000     0.01277292  -0.00000000    -0.00060356   0.00000000
  0.00189945  -0.00000000    -0.00060356   0.00000000     0.01277292  -0.00000000
    1    6
 -0.02719293  -0.00000000     0.01100271   0.00000000    -0.01100271  -0.00000000
  0.00189945   0.00000000     0.01277292   0.00000000     0.00060356   0.00000000
 -0.00189945  -0.00000000     0.00060356   0.00000000     0.01277292   0.00000000
    1    7
 -0.02719293   0.00000000     0.01100271  -0.00000000    -0.01100271   0.00000000
  0.00189945  -0.00000000     0.01277292  -0.00000000     0.00060356  -0.00000000
 -0.00189945   0.00000000     0.00060356  -0.00000000     0.01277292  -0.00000000
    1    8
 -0.02719293  -0.00000000    -0.01100271  -0.00000000     0.01100271   0.00000000
 -0.00189945  -0.00000000     0.01277292   0.00000000     0.00060356   0.00000000
  0.00189945   0.00000000     0.00060356   0.00000000     0.01277292   0.00000000
    1    9
 -0.02719293   0.00000000    -0.01100271   0.00000000     0.01100271  -0.00000000
 -0.00189945   0.00000000     0.01277292  -0.00000000     0.00060356  -0.00000000
  0.00189945  -0.00000000     0.00060356  -0.00000000     0.01277292  -0.00000000
    1   10
 -0.02719293  -0.00000000    -0.01100271  -0.00000000    -0.01100271  -0.00000000
 -0.00189945  -0.00000000     0.01277292   0.00000000    -0.00060356  -0.00000000
 -0.00189945  -0.00000000    -0.00060356  -0.00000000     0.01277292   0.00000000
    1   11
 -0.02719293   0.00000000    -0.01100271   0.00000000    -0.01100271   0.00000000
 -0.00189945   0.00000000     0.01277292  -0.00000000    -0.00060356   0.00000000
 -0.00189945   0.00000000    -0.00060356   0.00000000     0.01277292  -0.00000000
    2    1
 -0.00000000   0.00000000     0.00000000   0.00000000    -0.00000000   0.00000000
 -0.00000000  -0.00000000     0.00000000   0.00000000    -0.01558418  -0.00000000
  0.00000000   0.00000000    -0.01558418  -0.00000000     0.00000000   0.00000000
    2    2
  0.11725129   0.00000000     0.00000000   0.00000000     0.00000000   0.00000000
  0.00000000   0.00000000     0.05523351   0.00000000     0.00000000   0.00000000
  0.00000000   0.00000000     0.00000000   0.00000000     0.05523351   0.00000000
    2    3
 -0.09503421   0.00000000    -0.00000000  -0.00000000     0.00000000   0.00000000
 -0.00000000   0.00000000    -0.01214349   0.00000000    -0.00000000   0.00000000
  0.00000000  -0.00000000    -0.00000000   0.00000000    -0.01214349   0.00000000
    2    4
 -0.03715966  -0.00000000     0.03660340   0.00000000     0.03660340   0.00000000
  0.00009190   0.00000000    -0.00088569  -0.00000000     0.01266513   0.00000000
  0.00009190   0.00000000     0.01266513   0.00000000    -0.00088569  -0.00000000
    2    5
  0.03765554  -0.00000000    -0.04082365   0.00000000    -0.04082365   0.00000000
 -0.01867403   0.00000000    -0.01508272   0.00000000    -0.01744801   0.00000000
 -0.01867403   0.00000000    -0.01744801   0.00000000    -0.01508272   0.00000000
    2    6
  0.03715966   0.00000000    -0.03660340  -0.00000000     0.03660340   0.00000000
 -0.00009190   0.00000000     0.00088569   0.00000000     0.01266513   0.00000000
  0.00009190  -0.00000000     0.01266513   0.00000000     0.00088569   0.00000000
    2    7
 -0.03765554   0.00000000     0.04082365  -0.00000000    -0.04082365   0.00000000
  0.01867403  -0.00000000     0.01508272  -0.00000000    -0.01744801   0.00000000
 -0.01867403   0.00000000    -0.01744801   0.00000000     0.01508272  -0.00000000
    2    8
  0.03715966   0.00000000     0.03660340   0.00000000    -0.03660340  -0.00000000
  0.00009190  -0.00000000     0.00088569   0.00000000     0.01266513   0.00000000
 -0.00009190   0.00000000     0.01266513   0.00000000     0.00088569   0.00000000
    2    9
 -0.03765554   0.00000000    -0.04082365   0.00000000     0.04082365  -0.00000000
 -0.01867403   0.00000000     0.01508272  -0.00000000    -0.01744801   0.00000000
  0.01867403  -0.00000000    -0.01744801   0.00000000     0.01508272  -0.00000000
    2   10
 -0.03715966  -0.00000000    -0.03660340  -0.00000000    -0.03660340  -0.00000000
 -0.00009190  -0.00000000    -0.00088569  -0.00000000     0.01266513   0.00000000
 -0.00009190  -0.00000000     0.01266513   0.00000000    -0.00088569  -0.00000000
    2   11
  0.03765554  -0.00000000     0.04082365  -0.00000000     0.04082365  -0.00000000
  0.01867403  -0.00000000    -0.01508272   0.00000000    -0.01744801   0.00000000
  0.01867403  -0.00000000    -0.01744801   0.00000000    -0.01508272   0.00000000
    3    1
 -0.00000000  -0.00000000     0.00000000   0.00000000     0.00000000  -0.00000000
  0.00000000  -0.00000000     0.00000000  -0.00000000    -0.01558418  -0.00000000
  0.00000000   0.00000000    -0.01558418  -0.00000000     0.00000000  -0.00000000
    3    2
 -0.09503421  -0.00000000    -0.00000000  -0.00000000     0.00000000   0.00000000
 -0.00000000   0.00000000    -0.01214349  -0.00000000    -0.00000000  -0.00000000
  0.00000000  -0.00000000    -0.00000000  -0.00000000    -0.01214349  -0.00000000
    3    3
  0.11725129   0.00000000     0.00000000   0.00000000    -0.00000000   0.00000000
  0.00000000   0.00000000     0.05523351   0.00000000     0.00000000   0.00000000
 -0.00000000   0.00000000     0.00000000   0.00000000     0.05523351   0.00000000
    3    4
  0.03765554   0.00000000    -0.04082365  -0.00000000    -0.04082365  -0.00000000
 -0.01867403  -0.00000000    -0.01508272  -0.00000000    -0.01744801  -0.00000000
 -0.01867403  -0.00000000    -0.01744801  -0.00000000    -0.01508272  -0.00000000
    3    5
 -0.03715966   0.00000000     0.03660340  -0.00000000     0.03660340  -0.00000000
  0.00009190  -0.00000000    -0.00088569   0.00000000     0.01266513  -0.00000000
  0.00009190  -0.00000000     0.01266513  -0.00000000    -0.00088569   0.00000000
    3    6
 -0.03765554  -0.00000000     0.04082365   0.00000000    -0.04082365  -0.00000000
  0.01867403   0.00000000     0.01508272   0.00000000    -0.01744801  -0.00000000
 -0.01867403  -0.00000000    -0.01744801  -0.00000000     0.01508272   0.00000000
    3    7
  0.03715966  -0.00000000    -0.03660340   0.00000000     0.03660340  -0.00000000
 -0.00009190  -0.00000000     0.00088569  -0.00000000     0.01266513  -0.00000000
  0.00009190   0.00000000     0.01266513  -0.00000000     0.00088569  -0.00000000
    3    8
 -0.03765554  -0.00000000    -0.04082365  -0.00000000     0.04082365   0.00000000
 -0.01867403  -0.00000000     0.01508272   0.00000000    -0.01744801  -0.00000000
  0.01867403   0.00000000    -0.01744801  -0.00000000     0.01508272   0.00000000
    3    9
  0.03715966  -0.00000000     0.03660340  -0.00000000    -0.03660340   0.00000000
  0.00009190   0.00000000     0.00088569  -0.00000000     0.01266513  -0.00000000
 -0.00009190  -0.00000000     0.01266513  -0.00000000     0.00088569  -0.00000000
    3   10
  0.03765554   0.00000000     0.04082365   0.00000000     0.04082365   0.00000000
  0.01867403   0.00000000    -0.01508272  -0.00000000    -0.01744801  -0.00000000
  0.01867403   0.00000000    -0.01744801  -0.00000000    -0.01508272  -0.00000000
    3   11
 -0.03715966   0.00000000    -0.03660340   0.00000000    -0.03660340   0.00000000
 -0.00009190   0.00000000    -0.00088569   0.00000000     0.01266513  -0.00000000
 -0.00009190   0.00000000     0.01266513  -0.00000000    -0.00088569   0.00000000
    4    1
 -0.02719293   0.00000000     0.00189945  -0.00000000     0.00189945  -0.00000000
  0.01100271  -0.00000000     0.01277292  -0.00000000    -0.00060356   0.00000000
  0.01100271  -0.00000000    -0.00060356   0.00000000     0.01277292  -0.00000000
    4    2
 -0.03715966   0.00000000     0.00009190  -0.00000000     0.00009190  -0.00000000
  0.03660340  -0.00000000    -0.00088569   0.00000000     0.01266513  -0.00000000
  0.03660340  -0.00000000     0.01266513  -0.00000000    -0.00088569   0.00000000
    4    3
  0.03765554  -0.00000000    -0.01867403   0.00000000    -0.01867403   0.00000000
 -0.04082365   0.00000000    -0.01508272   0.00000000    -0.01744801   0.00000000
 -0.04082365   0.00000000    -0.01744801   0.00000000    -0.01508272   0.00000000
    4    4
  0.08038661   0.00000000    -0.01625989   0.00000000    -0.01625989   0.00000000
 -0.01625989   0.00000000     0.08117315   0.00000000     0.02418157   0.00000000
 -0.01625989   0.00000000     0.02418157   0.00000000     0.08117315   0.00000000
    4    5
 -0.02557683   0.00000000     0.01564776  -0.00000000     0.01564776  -0.00000000
  0.01564776  -0.00000000    -0.03584692   0.00000000    -0.03762670   0.00000000
  0.01564776  -0.00000000    -0.03762670   0.00000000    -0.03584692   0.00000000
    4    6
 -0.01863070  -0.00000000     0.02323756   0.00000000    -0.02107846  -0.00000000
  0.02323756   0.00000000    -0.00132067  -0.00000000     0.00373945   0.00000000
  0.02107846   0.00000000    -0.00373945  -0.00000000     0.01530120   0.00000000
    4    7
  0.02499378  -0.00000000    -0.02572415   0.00000000     0.02098822  -0.00000000
 -0.02572415   0.00000000     0.00380902  -0.00000000     0.00442801  -0.00000000
 -0.02098822   0.00000000    -0.00442801   0.00000000    -0.04097052   0.00000000
    4    8
 -0.01863070  -0.00000000    -0.02107846  -0.00000000     0.02323756   0.00000000
  0.02107846   0.00000000     0.01530120   0.00000000    -0.00373945  -0.00000000
  0.02323756   0.00000000     0.00373945   0.00000000    -0.00132067  -0.00000000
    4    9
  0.02499378  -0.00000000     0.02098822  -0.00000000    -0.02572415   0.00000000
 -0.02098822   0.00000000    -0.04097052   0.00000000    -0.00442801   0.00000000
 -0.02572415   0.00000000     0.00442801  -0.00000000     0.00380902  -0.00000000
    4   10
  0.02536212   0.00000000     0.02686918   0.00000000     0.02686918   0.00000000
 -0.02686918   0.00000000    -0.02366175   0.00000000     0.00150068   0.00000000
 -0.02686918   0.00000000     0.00150068   0.00000000    -0.02366175   0.00000000
    4   11
 -0.05690825   0.00000000    -0.02440549   0.00000000    -0.02440549   0.00000000
  0.02440549  -0.00000000     0.01927409  -0.00000000     0.01605553  -0.00000000
  0.02440549  -0.00000000     0.01605553  -0.00000000     0.01927409  -0.00000000
    5    1
 -0.02719293  -0.00000000     0.00189945   0.00000000     0.00189945   0.00000000
  0.01100271   0.00000000     0.01277292   0.00000000    -0.00060356  -0.00000000
  0.01100271   0.00000000    -0.00060356  -0.00000000     0.01277292   0.00000000
    5    2
  0.03765554   0.00000000    -0.01867403  -0.00000000    -0.01867403  -0.00000000
 -0.04082365  -0.00000000    -0.01508272  -0.00000000    -0.01744801  -0.00000000
 -0.04082365  -0.00000000    -0.01744801  -0.00000000    -0.01508272  -0.00000000
    5    3
 -0.03715966  -0.00000000     0.00009190   0.00000000     0.00009190   0.00000000
  0.03660340   0.00000000    -0.00088569  -0.00000000     0.01266513   0.00000000
  0.03660340   0.00000000     0.01266513   0.00000000    -0.00088569  -0.00000000
    5    4
 -0.02557683  -0.00000000     0.01564776   0.00000000     0.01564776   0.00000000
  0.01564776   0.00000000    -0.03584692  -0.00000000    -0.03762670  -0.00000000
  0.01564776   0.00000000    -0.03762670  -0.00000000    -0.03584692  -0.00000000
    5    5
  0.08038661   0.00000000    -0.01625989   0.00000000    -0.01625989   0.00000000
 -0.01625989   0.00000000     0.08117315   0.00000000     0.02418157   0.00000000
 -0.01625989   0.00000000     0.02418157   0.00000000     0.08117315   0.00000000
    5    6
  0.02499378   0.00000000    -0.02572415  -0.00000000     0.02098822   0.00000000
 -0.02572415  -0.00000000     0.00380902   0.00000000     0.00442801   0.00000000
 -0.02098822  -0.00000000    -0.00442801  -0.00000000    -0.04097052  -0.00000000
    5    7
 -0.01863070   0.00000000     0.02323756  -0.00000000    -0.02107846   0.00000000
  0.02323756  -0.00000000    -0.00132067   0.00000000     0.00373945  -0.00000000
  0.02107846  -0.00000000    -0.00373945   0.00000000     0.01530120  -0.00000000
    5    8
  0.02499378   0.00000000     0.02098822   0.00000000    -0.02572415  -0.00000000
 -0.02098822  -0.00000000    -0.04097052  -0.00000000    -0.00442801  -0.00000000
 -0.02572415  -0.00000000     0.00442801   0.00000000     0.00380902   0.00000000
    5    9
 -0.01863070   0.00000000    -0.02107846   0.00000000     0.02323756  -0.00000000
  0.02107846  -0.00000000     0.01530120  -0.00000000    -0.00373945   0.00000000
  0.02323756  -0.00000000     0.00373945  -0.00000000    -0.00132067   0.00000000
    5   10
 -0.05690825  -0.00000000    -0.02440549  -0.00000000    -0.02440549  -0.00000000
  0.02440549   0.00000000     0.01927409   0.00000000     0.01605553   0.00000000
  0.02440549   0.00000000     0.01605553   0.00000000     0.01927409   0.00000000
    5   11
  0.02536212   0.00000000     0.02686918   0.00000000     0.02686918   0.00000000
 -0.02686918   0.00000000    -0.02366175   0.00000000     0.00150068   0.00000000
 -0.02686918   0.00000000     0.00150068   0.00000000    -0.02366175   0.00000000
    6    1
 -0.02719293   0.00000000     0.00189945  -0.00000000    -0.00189945   0.00000000
  0.01100271  -0.00000000     0.01277292  -0.00000000     0.00060356  -0.00000000
 -0.01100271   0.00000000     0.00060356  -0.00000000     0.01277292  -0.00000000
    6    2
  0.03715966  -0.00000000    -0.00009190  -0.00000000     0.00009190   0.00000000
 -0.03660340   0.00000000     0.00088569  -0.00000000     0.01266513  -0.00000000
  0.03660340  -0.00000000     0.01266513  -0.00000000     0.00088569  -0.00000000
    6    3
 -0.03765554   0.00000000     0.01867403  -0.00000000    -0.01867403   0.00000000
  0.04082365  -0.00000000     0.01508272  -0.00000000    -0.01744801   0.00000000
 -0.04082365   0.00000000    -0.01744801   0.00000000     0.01508272  -0.00000000
    6    4
 -0.01863070   0.00000000     0.02323756  -0.00000000     0.02107846  -0.00000000
  0.02323756  -0.00000000    -0.00132067   0.00000000    -0.00373945   0.00000000
 -0.02107846   0.00000000     0.00373945  -0.00000000     0.01530120  -0.00000000
    6    5
  0.02499378  -0.00000000    -0.02572415   0.00000000    -0.02098822   0.00000000
 -0.02572415   0.00000000     0.00380902  -0.00000000    -0.00442801   0.00000000
  0.02098822  -0.00000000     0.00442801  -0.00000000    -0.04097052   0.00000000
    6    6
  0.08038661   0.00000000    -0.01625989   0.00000000     0.01625989   0.00000000
 -0.01625989   0.00000000     0.08117315   0.00000000    -0.02418157   0.00000000
  0.01625989   0.00000000    -0.02418157   0.00000000     0.08117315   0.00000000
    6    7
 -0.02557683   0.00000000     0.01564776  -0.00000000    -0.01564776   0.00000000
  0.01564776  -0.00000000    -0.03584692   0.00000000     0.03762670  -0.00000000
 -0.01564776   0.00000000     0.03762670  -0.00000000    -0.03584692   0.00000000
    6    8
  0.02536212  -0.00000000     0.02686918   0.00000000    -0.02686918  -0.00000000
 -0.02686918   0.00000000    -0.02366175  -0.00000000    -0.00150068  -0.00000000
  0.02686918  -0.00000000    -0.00150068  -0.00000000    -0.02366175   0.00000000
    6    9
 -0.05690825   0.00000000    -0.02440549   0.00000000     0.02440549  -0.00000000
  0.02440549  -0.00000000     0.01927409  -0.00000000    -0.01605553   0.00000000
 -0.02440549   0.00000000    -0.01605553   0.00000000     0.01927409  -0.00000000
    6   10
 -0.01863070   0.00000000    -0.02107846   0.00000000    -0.02323756   0.00000000
  0.02107846  -0.00000000     0.01530120  -0.00000000     0.00373945  -0.00000000
 -0.02323756   0.00000000    -0.00373945   0.00000000    -0.00132067   0.00000000
    6   11
  0.02499378  -0.00000000     0.02098822  -0.00000000     0.02572415  -0.00000000
 -0.02098822   0.00000000    -0.04097052   0.00000000     0.00442801  -0.00000000
  0.02572415  -0.00000000    -0.00442801   0.00000000     0.00380902  -0.00000000
    7    1
 -0.02719293  -0.00000000     0.00189945   0.00000000    -0.00189945  -0.00000000
  0.01100271   0.00000000     0.01277292   0.00000000     0.00060356   0.00000000
 -0.01100271  -0.00000000     0.00060356   0.00000000     0.01277292   0.00000000
    7    2
 -0.03765554  -0.00000000     0.01867403   0.00000000    -0.01867403  -0.00000000
  0.04082365   0.00000000     0.01508272   0.00000000    -0.01744801  -0.00000000
 -0.04082365  -0.00000000    -0.01744801  -0.00000000     0.01508272   0.00000000
    7    3
  0.03715966   0.00000000    -0.00009190   0.00000000     0.00009190  -0.00000000
 -0.03660340  -0.00000000     0.00088569   0.00000000     0.01266513   0.00000000
  0.03660340   0.00000000     0.01266513   0.00000000     0.00088569   0.00000000
    7    4
  0.02499378   0.00000000    -0.02572415  -0.00000000    -0.02098822  -0.00000000
 -0.02572415  -0.00000000     0.00380902   0.00000000    -0.00442801  -0.00000000
  0.02098822   0.00000000     0.00442801   0.00000000    -0.04097052  -0.00000000
    7    5
 -0.01863070  -0.00000000     0.02323756   0.00000000     0.02107846   0.00000000
  0.02323756   0.00000000    -0.00132067  -0.00000000    -0.00373945  -0.00000000
 -0.02107846  -0.00000000     0.00373945   0.00000000     0.01530120   0.00000000
    7    6
 -0.02557683  -0.00000000     0.01564776   0.00000000    -0.01564776  -0.00000000
  0.01564776   0.00000000    -0.03584692  -0.00000000     0.03762670   0.00000000
 -0.01564776  -0.00000000     0.03762670   0.00000000    -0.03584692  -0.00000000
    7    7
  0.08038661   0.00000000    -0.01625989   0.00000000     0.01625989   0.00000000
 -0.01625989   0.00000000     0.08117315   0.00000000    -0.02418157   0.00000000
  0.01625989   0.00000000    -0.02418157   0.00000000     0.08117315   0.00000000
    7    8
 -0.05690825  -0.00000000    -0.02440549  -0.00000000     0.02440549   0.00000000
  0.02440549   0.00000000     0.01927409   0.00000000    -0.01605553  -0.00000000
 -0.02440549  -0.00000000    -0.01605553  -0.00000000     0.01927409   0.00000000
    7    9
  0.02536212   0.00000000     0.02686918  -0.00000000    -0.02686918   0.00000000
 -0.02686918  -0.00000000    -0.02366175   0.00000000    -0.00150068   0.00000000
  0.02686918   0.00000000    -0.00150068   0.00000000    -0.02366175   0.00000000
    7   10
  0.02499378   0.00000000     0.02098822   0.00000000     0.02572415   0.00000000
 -0.02098822  -0.00000000    -0.04097052  -0.00000000     0.00442801   0.00000000
  0.02572415   0.00000000    -0.00442801  -0.00000000     0.00380902   0.00000000
    7   11
 -0.01863070  -0.00000000    -0.02107846  -0.00000000    -0.02323756  -0.00000000
  0.02107846   0.00000000     0.01530120   0.00000000     0.00373945   0.00000000
 -0.02323756  -0.00000000    -0.00373945  -0.00000000    -0.00132067  -0.00000000
    8    1
 -0.02719293   0.00000000    -0.00189945   0.00000000     0.00189945  -0.00000000
 -0.01100271   0.00000000     0.01277292  -0.00000000     0.00060356  -0.00000000
  0.01100271  -0.00000000     0.00060356  -0.00000000     0.01277292  -0.00000000
    8    2
  0.03715966  -0.00000000     0.00009190   0.00000000    -0.00009190  -0.00000000
  0.03660340  -0.00000000     0.00088569  -0.00000000     0.01266513  -0.00000000
 -0.03660340   0.00000000     0.01266513  -0.00000000     0.00088569  -0.00000000
    8    3
 -0.03765554   0.00000000    -0.01867403   0.00000000     0.01867403  -0.00000000
 -0.04082365   0.00000000     0.01508272  -0.00000000    -0.01744801   0.00000000
  0.04082365  -0.00000000    -0.01744801   0.00000000     0.01508272  -0.00000000
    8    4
 -0.01863070   0.00000000     0.02107846  -0.00000000     0.02323756  -0.00000000
 -0.02107846   0.00000000     0.01530120  -0.00000000     0.00373945  -0.00000000
  0.02323756  -0.00000000    -0.00373945   0.00000000    -0.00132067   0.00000000
    8    5
  0.02499378  -0.00000000    -0.02098822   0.00000000    -0.02572415   0.00000000
  0.02098822  -0.00000000    -0.04097052   0.00000000     0.00442801  -0.00000000
 -0.02572415   0.00000000    -0.00442801   0.00000000     0.00380902  -0.00000000
    8    6
  0.02536212  -0.00000000    -0.02686918  -0.00000000     0.02686918   0.00000000
  0.02686918  -0.00000000    -0.02366175  -0.00000000    -0.00150068  -0.00000000
 -0.02686918   0.00000000    -0.00150068  -0.00000000    -0.02366175  -0.00000000
    8    7
 -0.05690825   0.00000000     0.02440549  -0.00000000    -0.02440549   0.00000000
 -0.02440549   0.00000000     0.01927409  -0.00000000    -0.01605553   0.00000000
  0.02440549  -0.00000000    -0.01605553   0.00000000     0.01927409  -0.00000000
    8    8
  0.08038661   0.00000000     0.01625989   0.00000000    -0.01625989   0.00000000
  0.01625989   0.00000000     0.08117315   0.00000000    -0.02418157   0.00000000
 -0.01625989   0.00000000    -0.02418157   0.00000000     0.08117315   0.00000000
    8    9
 -0.02557683   0.00000000    -0.01564776   0.00000000     0.01564776  -0.00000000
 -0.01564776   0.00000000    -0.03584692   0.00000000     0.03762670  -0.00000000
  0.01564776  -0.00000000     0.03762670  -0.00000000    -0.03584692   0.00000000
    8   10
 -0.01863070   0.00000000    -0.02323756   0.00000000    -0.02107846   0.00000000
 -0.02323756   0.00000000    -0.00132067   0.00000000    -0.00373945   0.00000000
  0.02107846  -0.00000000     0.00373945  -0.00000000     0.01530120  -0.00000000
    8   11
  0.02499378  -0.00000000     0.02572415  -0.00000000     0.02098822  -0.00000000
  0.02572415  -0.00000000     0.00380902  -0.00000000    -0.00442801   0.00000000
 -0.02098822   0.00000000     0.00442801  -0.00000000    -0.04097052   0.00000000
    9    1
 -0.02719293  -0.00000000    -0.00189945  -0.00000000     0.00189945   0.00000000
 -0.01100271  -0.00000000     0.01277292   0.00000000     0.00060356   0.00000000
  0.01100271   0.00000000     0.00060356   0.00000000     0.01277292   0.00000000
    9    2
 -0.03765554  -0.00000000    -0.01867403  -0.00000000     0.01867403   0.00000000
 -0.04082365  -0.00000000     0.01508272   0.00000000    -0.01744801  -0.00000000
  0.04082365   0.00000000    -0.01744801  -0.00000000     0.01508272   0.00000000
    9    3
  0.03715966   0.00000000     0.00009190  -0.00000000    -0.00009190   0.00000000
  0.03660340   0.00000000     0.00088569   0.00000000     0.01266513   0.00000000
 -0.03660340  -0.00000000     0.01266513   0.00000000     0.00088569   0.00000000
    9    4
  0.02499378   0.00000000    -0.02098822  -0.00000000    -0.02572415  -0.00000000
  0.02098822   0.00000000    -0.04097052  -0.00000000     0.00442801   0.00000000
 -0.02572415  -0.00000000    -0.00442801  -0.00000000     0.00380902   0.00000000
    9    5
 -0.01863070  -0.00000000     0.02107846   0.00000000     0.02323756   0.00000000
 -0.02107846  -0.00000000     0.01530120   0.00000000     0.00373945   0.00000000
  0.02323756   0.00000000    -0.00373945  -0.00000000    -0.00132067  -0.00000000
    9    6
 -0.05690825  -0.00000000     0.02440549   0.00000000    -0.02440549  -0.00000000
 -0.02440549  -0.00000000     0.01927409   0.00000000    -0.01605553  -0.00000000
  0.02440549   0.00000000    -0.01605553  -0.00000000     0.01927409   0.00000000
    9    7
  0.02536212   0.00000000    -0.02686918   0.00000000     0.02686918  -0.00000000
  0.02686918   0.00000000    -0.02366175   0.00000000    -0.00150068   0.00000000
 -0.02686918  -0.00000000    -0.00150068   0.00000000    -0.02366175   0.00000000
    9    8
 -0.02557683  -0.00000000    -0.01564776  -0.00000000     0.01564776   0.00000000
 -0.01564776  -0.00000000    -0.03584692  -0.00000000     0.03762670   0.00000000
  0.01564776   0.00000000     0.03762670   0.00000000    -0.03584692  -0.00000000
    9    9
  0.08038661   0.00000000     0.01625989   0.00000000    -0.01625989   0.00000000
  0.01625989   0.00000000     0.08117315   0.00000000    -0.02418157   0.00000000
 -0.01625989   0.00000000    -0.02418157   0.00000000     0.08117315   0.00000000
    9   10
  0.02499378   0.00000000     0.02572415   0.00000000     0.02098822   0.00000000
  0.02572415   0.00000000     0.00380902   0.00000000    -0.00442801  -0.00000000
 -0.02098822  -0.00000000     0.00442801   0.00000000    -0.04097052  -0.00000000
    9   11
 -0.01863070  -0.00000000    -0.02323756  -0.00000000    -0.02107846  -0.00000000
 -0.02323756  -0.00000000    -0.00132067  -0.00000000    -0.00373945  -0.00000000
  0.02107846   0.00000000     0.00373945   0.00000000     0.01530120   0.00000000
   10    1
 -0.02719293   0.00000000    -0.00189945   0.00000000    -0.00189945   0.00000000
 -0.01100271   0.00000000     0.01277292  -0.00000000    -0.00060356   0.00000000
 -0.01100271   0.00000000    -0.00060356   0.00000000     0.01277292  -0.00000000
   10    2
 -0.03715966   0.00000000    -0.00009190   0.00000000    -0.00009190   0.00000000
 -0.03660340   0.00000000    -0.00088569   0.00000000     0.01266513  -0.00000000
 -0.03660340   0.00000000     0.01266513  -0.00000000    -0.00088569   0.00000000
   10    3
  0.03765554  -0.00000000     0.01867403  -0.00000000     0.01867403  -0.00000000
  0.04082365  -0.00000000    -0.01508272   0.00000000    -0.01744801   0.00000000
  0.04082365  -0.00000000    -0.01744801   0.00000000    -0.01508272   0.00000000
   10    4
  0.02536212   0.00000000    -0.02686918   0.00000000    -0.02686918   0.00000000
  0.02686918   0.00000000    -0.02366175   0.00000000     0.00150068   0.00000000
  0.02686918   0.00000000     0.00150068   0.00000000    -0.02366175   0.00000000
   10    5
 -0.05690825   0.00000000     0.02440549  -0.00000000     0.02440549  -0.00000000
 -0.02440549   0.00000000     0.01927409  -0.00000000     0.01605553  -0.00000000
 -0.02440549   0.00000000     0.01605553  -0.00000000     0.01927409  -0.00000000
   10    6
 -0.01863070  -0.00000000     0.02107846   0.00000000    -0.02323756  -0.00000000
 -0.02107846  -0.00000000     0.01530120   0.00000000    -0.00373945  -0.00000000
 -0.02323756  -0.00000000     0.00373945   0.00000000    -0.00132067  -0.00000000
   10    7
  0.02499378  -0.00000000    -0.02098822   0.00000000     0.02572415  -0.00000000
  0.02098822  -0.00000000    -0.04097052   0.00000000    -0.00442801   0.00000000
  0.02572415  -0.00000000     0.00442801  -0.00000000     0.00380902  -0.00000000
   10    8
 -0.01863070  -0.00000000    -0.02323756  -0.00000000     0.02107846   0.00000000
 -0.02323756  -0.00000000    -0.00132067  -0.00000000     0.00373945   0.00000000
 -0.02107846  -0.00000000    -0.00373945  -0.00000000     0.01530120   0.00000000
   10    9
  0.02499378  -0.00000000     0.02572415  -0.00000000    -0.02098822   0.00000000
  0.02572415  -0.00000000     0.00380902  -0.00000000     0.00442801  -0.00000000
  0.02098822  -0.00000000    -0.00442801   0.00000000    -0.04097052   0.00000000
   10   10
  0.08038661   0.00000000     0.01625989   0.00000000     0.01625989   0.00000000
  0.01625989   0.00000000     0.08117315   0.00000000     0.02418157   0.00000000
  0.01625989   0.00000000     0.02418157   0.00000000     0.08117315   0.00000000
   10   11
 -0.02557683   0.00000000    -0.01564776   0.00000000    -0.01564776   0.00000000
 -0.01564776   0.00000000    -0.03584692   0.00000000    -0.03762670   0.00000000
 -0.01564776   0.00000000    -0.03762670   0.00000000    -0.03584692   0.00000000
   11    1
 -0.02719293  -0.00000000    -0.00189945  -0.00000000    -0.00189945  -0.00000000
 -0.01100271  -0.00000000     0.01277292   0.00000000    -0.00060356  -0.00000000
 -0.01100271  -0.00000000    -0.00060356  -0.00000000     0.01277292   0.00000000
   11    2
  0.03765554   0.00000000     0.01867403   0.00000000     0.01867403   0.00000000
  0.04082365   0.00000000    -0.01508272  -0.00000000    -0.01744801  -0.00000000
  0.04082365   0.00000000    -0.01744801  -0.00000000    -0.01508272  -0.00000000
   11    3
 -0.03715966  -0.00000000    -0.00009190  -0.00000000    -0.00009190  -0.00000000
 -0.03660340  -0.00000000    -0.00088569  -0.00000000     0.01266513   0.00000000
 -0.03660340  -0.00000000     0.01266513   0.00000000    -0.00088569  -0.00000000
   11    4
 -0.05690825  -0.00000000     0.02440549   0.00000000     0.02440549   0.00000000
 -0.02440549  -0.00000000     0.01927409   0.00000000     0.01605553   0.00000000
 -0.02440549  -0.00000000     0.01605553   0.00000000     0.01927409   0.00000000
   11    5
  0.02536212   0.00000000    -0.02686918   0.00000000    -0.02686918   0.00000000
  0.02686918   0.00000000    -0.02366175   0.00000000     0.00150068   0.00000000
  0.02686918   0.00000000     0.00150068   0.00000000    -0.02366175   0.00000000
   11    6
  0.02499378   0.00000000    -0.02098822  -0.00000000     0.02572415   0.00000000
  0.02098822   0.00000000    -0.04097052  -0.00000000    -0.00442801  -0.00000000
  0.02572415   0.00000000     0.00442801   0.00000000     0.00380902   0.00000000
   11    7
 -0.01863070   0.00000000     0.02107846  -0.00000000    -0.02323756   0.00000000
 -0.02107846   0.00000000     0.01530120  -0.00000000    -0.00373945   0.00000000
 -0.02323756   0.00000000     0.00373945  -0.00000000    -0.00132067   0.00000000
   11    8
  0.02499378   0.00000000     0.02572415   0.00000000    -0.02098822  -0.00000000
  0.02572415   0.00000000     0.00380902   0.00000000     0.00442801   0.00000000
  0.02098822   0.00000000    -0.00442801  -0.00000000    -0.04097052  -0.00000000
   11    9
 -0.01863070   0.00000000    -0.02323756   0.00000000     0.02107846  -0.00000000
 -0.02323756   0.00000000    -0.00132067   0.00000000     0.00373945  -0.00000000
 -0.02107846   0.00000000    -0.00373945   0.00000000     0.01530120  -0.00000000
   11   10
 -0.02557683  -0.00000000    -0.01564776  -0.00000000    -0.01564776  -0.00000000
 -0.01564776  -0.00000000    -0.03584692  -0.00000000    -0.03762670  -0.00000000
 -0.01564776  -0.00000000    -0.03762670  -0.00000000    -0.03584692  -0.00000000
   11   11
  0.08038661   0.00000000     0.01625989   0.00000000     0.01625989   0.00000000
  0.01625989   0.00000000     0.08117315   0.00000000     0.02418157   0.00000000
  0.01625989   0.00000000     0.02418157   0.00000000     0.08117315   0.00000000

     Dynamical  Matrix in cartesian axes

     q = (    0.000000000   0.000000000  -0.707106781 ) 

    1    1
  0.18511094   0.00000000     0.00000000   0.00000000    -0.00000000   0.00000000
  0.00000000   0.00000000     0.18511094   0.00000000    -0.00000000   0.00000000
 -0.00000000   0.00000000    -0.00000000   0.00000000     0.23422384   0.00000000
    1    2
 -0.00000000  -0.00000000    -0.01558418   0.00000000    -0.00000000   0.00000000
 -0.01558418   0.00000000     0.00000000  -0.00000000    -0.00000000   0.00000000
  0.00000000   0.00000000     0.00000000   0.00000000     0.00000000  -0.00000000
    1    3
 -0.00000000   0.00000000    -0.01558418   0.00000000     0.00000000   0.00000000
 -0.01558418   0.00000000    -0.00000000   0.00000000     0.00000000   0.00000000
  0.00000000  -0.00000000     0.00000000   0.00000000     0.00000000   0.00000000
    1    4
  0.01277292   0.00000000    -0.00060356  -0.00000000     0.00189945   0.00000000
 -0.00060356  -0.00000000     0.01277292   0.00000000     0.00189945   0.00000000
  0.01100271   0.00000000     0.01100271   0.00000000    -0.02719293  -0.00000000
    1    5
  0.01277292  -0.00000000    -0.00060356   0.00000000     0.00189945  -0.00000000
 -0.00060356   0.00000000     0.01277292  -0.00000000     0.00189945  -0.00000000
  0.01100271  -0.00000000     0.01100271  -0.00000000    -0.02719293   0.00000000
    1    6
  0.01277292   0.00000000    -0.00060356  -0.00000000    -0.00189945  -0.00000000
 -0.00060356  -0.00000000     0.01277292   0.00000000    -0.00189945  -0.00000000
 -0.01100271  -0.00000000    -0.01100271  -0.00000000    -0.02719293  -0.00000000
    1    7
  0.01277292  -0.00000000    -0.00060356   0.00000000    -0.00189945   0.00000000
 -0.00060356   0.00000000     0.01277292  -0.00000000    -0.00189945   0.00000000
 -0.01100271   0.00000000    -0.01100271   0.00000000    -0.02719293   0.00000000
    1    8
  0.01277292   0.00000000     0.00060356   0.00000000     0.00189945   0.00000000
  0.00060356   0.00000000     0.01277292   0.00000000    -0.00189945  -0.00000000
  0.01100271   0.00000000    -0.01100271  -0.00000000    -0.02719293  -0.00000000
    1    9
  0.01277292  -0.00000000     0.00060356  -0.00000000     0.00189945  -0.00000000
  0.00060356  -0.00000000     0.01277292  -0.00000000    -0.00189945   0.00000000
  0.01100271  -0.00000000    -0.01100271   0.00000000    -0.02719293   0.00000000
    1   10
  0.01277292   0.00000000     0.00060356   0.00000000    -0.00189945  -0.00000000
  0.00060356   0.00000000     0.01277292   0.00000000     0.00189945   0.00000000
 -0.01100271  -0.00000000     0.01100271   0.00000000    -0.02719293  -0.00000000
    1   11
  0.01277292  -0.00000000     0.00060356  -0.00000000    -0.00189945   0.00000000
  0.00060356  -0.00000000     0.01277292  -0.00000000     0.00189945  -0.00000000
 -0.01100271   0.00000000     0.01100271  -0.00000000    -0.02719293   0.00000000
    2    1
  0.00000000   0.00000000    -0.01558418  -0.00000000     0.00000000  -0.00000000
 -0.01558418  -0.00000000     0.00000000   0.00000000     0.00000000  -0.00000000
 -0.00000000  -0.00000000    -0.00000000  -0.00000000     0.00000000   0.00000000
    2    2
  0.05523351   0.00000000    -0.00000000   0.00000000     0.00000000   0.00000000
 -0.00000000   0.00000000     0.05523351   0.00000000     0.00000000   0.00000000
  0.00000000   0.00000000     0.00000000   0.00000000     0.11725129   0.00000000
    2    3
 -0.01214349   0.00000000    -0.00000000   0.00000000     0.00000000   0.00000000
 -0.00000000   0.00000000    -0.01214349   0.00000000    -0.00000000  -0.00000000
 -0.00000000  -0.00000000     0.00000000   0.00000000    -0.09503421   0.00000000
    2    4
 -0.00088569  -0.00000000     0.01266513   0.00000000     0.00009190   0.00000000
  0.01266513   0.00000000    -0.00088569  -0.00000000     0.00009190   0.00000000
  0.03660340   0.00000000     0.03660340   0.00000000    -0.03715966  -0.00000000
    2    5
 -0.01508272   0.00000000    -0.01744801   0.00000000    -0.01867403   0.00000000
 -0.01744801   0.00000000    -0.01508272   0.00000000    -0.01867403   0.00000000
 -0.04082365   0.00000000    -0.04082365   0.00000000     0.03765554  -0.00000000
    2    6
 -0.00088569  -0.00000000     0.01266513   0.00000000    -0.00009190  -0.00000000
  0.01266513   0.00000000    -0.00088569  -0.00000000    -0.00009190  -0.00000000
 -0.03660340  -0.00000000    -0.03660340  -0.00000000    -0.03715966  -0.00000000
    2    7
 -0.01508272   0.00000000    -0.01744801   0.00000000     0.01867403  -0.00000000
 -0.01744801   0.00000000    -0.01508272   0.00000000     0.01867403  -0.00000000
  0.04082365  -0.00000000     0.04082365  -0.00000000     0.03765554  -0.00000000
    2    8
  0.00088569   0.00000000     0.01266513   0.00000000    -0.00009190   0.00000000
  0.01266513   0.00000000     0.00088569   0.00000000     0.00009190  -0.00000000
 -0.03660340  -0.00000000     0.03660340   0.00000000     0.03715966   0.00000000
    2    9
  0.01508272  -0.00000000    -0.01744801   0.00000000     0.01867403  -0.00000000
 -0.01744801   0.00000000     0.01508272  -0.00000000    -0.01867403   0.00000000
  0.04082365  -0.00000000    -0.04082365   0.00000000    -0.03765554   0.00000000
    2   10
  0.00088569   0.00000000     0.01266513   0.00000000     0.00009190  -0.00000000
  0.01266513   0.00000000     0.00088569   0.00000000    -0.00009190   0.00000000
  0.03660340   0.00000000    -0.03660340  -0.00000000     0.03715966   0.00000000
    2   11
  0.01508272  -0.00000000    -0.01744801   0.00000000    -0.01867403   0.00000000
 -0.01744801   0.00000000     0.01508272  -0.00000000     0.01867403  -0.00000000
 -0.04082365   0.00000000     0.04082365  -0.00000000    -0.03765554   0.00000000
    3    1
 -0.00000000  -0.00000000    -0.01558418  -0.00000000     0.00000000   0.00000000
 -0.01558418  -0.00000000    -0.00000000  -0.00000000     0.00000000   0.00000000
  0.00000000   0.00000000     0.00000000   0.00000000    -0.00000000  -0.00000000
    3    2
 -0.01214349  -0.00000000    -0.00000000  -0.00000000     0.00000000   0.00000000
 -0.00000000  -0.00000000    -0.01214349  -0.00000000     0.00000000  -0.00000000
  0.00000000  -0.00000000     0.00000000   0.00000000    -0.09503421  -0.00000000
    3    3
  0.05523351   0.00000000     0.00000000   0.00000000     0.00000000   0.00000000
  0.00000000   0.00000000     0.05523351   0.00000000     0.00000000   0.00000000
  0.00000000   0.00000000     0.00000000   0.00000000     0.11725129   0.00000000
    3    4
 -0.01508272  -0.00000000    -0.01744801  -0.00000000    -0.01867403  -0.00000000
 -0.01744801  -0.00000000    -0.01508272  -0.00000000    -0.01867403  -0.00000000
 -0.04082365  -0.00000000    -0.04082365  -0.00000000     0.03765554   0.00000000
    3    5
 -0.00088569   0.00000000     0.01266513  -0.00000000     0.00009190  -0.00000000
  0.01266513  -0.00000000    -0.00088569   0.00000000     0.00009190  -0.00000000
  0.03660340  -0.00000000     0.03660340  -0.00000000    -0.03715966   0.00000000
    3    6
 -0.01508272  -0.00000000    -0.01744801  -0.00000000     0.01867403   0.00000000
 -0.01744801  -0.00000000    -0.01508272  -0.00000000     0.01867403   0.00000000
  0.04082365   0.00000000     0.04082365   0.00000000     0.03765554   0.00000000
    3    7
 -0.00088569   0.00000000     0.01266513  -0.00000000    -0.00009190   0.00000000
  0.01266513  -0.00000000    -0.00088569   0.00000000    -0.00009190   0.00000000
 -0.03660340   0.00000000    -0.03660340   0.00000000    -0.03715966   0.00000000
    3    8
  0.01508272   0.00000000    -0.01744801  -0.00000000     0.01867403   0.00000000
 -0.01744801  -0.00000000     0.01508272   0.00000000    -0.01867403  -0.00000000
  0.04082365   0.00000000    -0.04082365  -0.00000000    -0.03765554  -0.00000000
    3    9
  0.00088569  -0.00000000     0.01266513  -0.00000000    -0.00009190  -0.00000000
  0.01266513  -0.00000000     0.00088569  -0.00000000     0.00009190   0.00000000
 -0.03660340   0.00000000     0.03660340  -0.00000000     0.03715966  -0.00000000
    3   10
  0.01508272   0.00000000    -0.01744801  -0.00000000    -0.01867403  -0.00000000
 -0.01744801  -0.00000000     0.01508272   0.00000000     0.01867403   0.00000000
 -0.04082365  -0.00000000     0.04082365   0.00000000    -0.03765554  -0.00000000
    3   11
  0.00088569  -0.00000000     0.01266513  -0.00000000     0.00009190   0.00000000
  0.01266513  -0.00000000     0.00088569  -0.00000000    -0.00009190  -0.00000000
  0.03660340  -0.00000000    -0.03660340   0.00000000     0.03715966  -0.00000000
    4    1
  0.01277292  -0.00000000    -0.00060356   0.00000000     0.01100271  -0.00000000
