  1.000000000000000E-002   1.50263395063803        5.49317787411326     
           8

     Dynamical  Matrix in cartesian axes

     q = (    0.117851130   0.117851130  -0.117851130 ) 

    1    1
  0.09040602   0.00000000     0.01176404   0.00000000    -0.01176404   0.00000000
  0.01176404   0.00000000     0.09040602   0.00000000    -0.01176404   0.00000000
 -0.01176404   0.00000000    -0.01176404   0.00000000     0.09040602   0.00000000
    1    2
 -0.01066636   0.00395321     0.01062476   0.00171876    -0.01062476  -0.00171876
  0.01062476   0.00171876    -0.01066636   0.00395321    -0.01062476  -0.00171876
 -0.01062476  -0.00171876    -0.01062476  -0.00171876    -0.01066636   0.00395321
    1    3
 -0.00875676   0.00726073     0.00382390  -0.01006069    -0.00382390   0.01006069
  0.00382390  -0.01006069    -0.00875676   0.00726073    -0.00382390   0.01006069
 -0.00382390   0.01006069    -0.00382390   0.01006069    -0.00875676   0.00726073
    1    4
  0.00862484   0.01144233     0.00974034   0.00029332    -0.00273903  -0.01026086
  0.00974034   0.00029332     0.00862484   0.01144233    -0.00273903  -0.01026086
  0.00306296  -0.01342661     0.00306296  -0.01342661    -0.01351993  -0.02191529
    1    5
 -0.00559693  -0.01319050     0.00461615  -0.00858204     0.00751665   0.00750251
  0.00461615  -0.00858204    -0.00559693  -0.01319050     0.00751665   0.00750251
  0.01315926   0.00406070     0.01315926   0.00406070     0.01221924   0.02266625
    1    6
 -0.01439374  -0.01770450     0.00902236   0.00716849    -0.00902236  -0.00716849
  0.00902236   0.00716849    -0.01439374  -0.01770450    -0.00902236  -0.00716849
 -0.00902236  -0.00716849    -0.00902236  -0.00716849    -0.01439374  -0.01770450
    1    7
  0.00813568   0.02131759    -0.00169692  -0.01139784     0.00169692   0.01139784
 -0.00169692  -0.01139784     0.00813568   0.02131759     0.00169692   0.01139784
  0.00169692   0.01139784     0.00169692   0.01139784     0.00813568   0.02131759
    1    8
 -0.01351993  -0.02191529    -0.00306296   0.01342661     0.00306296  -0.01342661
  0.00273903   0.01026086     0.00862484   0.01144233    -0.00974034  -0.00029332
 -0.00273903  -0.01026086    -0.00974034  -0.00029332     0.00862484   0.01144233
    1    9
  0.01221924   0.02266625    -0.01315926  -0.00406070     0.01315926   0.00406070
 -0.00751665  -0.00750251    -0.00559693  -0.01319050    -0.00461615   0.00858204
  0.00751665   0.00750251    -0.00461615   0.00858204    -0.00559693  -0.01319050
    1   10
  0.00862484   0.01144233     0.00273903   0.01026086    -0.00974034  -0.00029332
 -0.00306296   0.01342661    -0.01351993  -0.02191529     0.00306296  -0.01342661
 -0.00974034  -0.00029332    -0.00273903  -0.01026086     0.00862484   0.01144233
    1   11
 -0.00559693  -0.01319050    -0.00751665  -0.00750251    -0.00461615   0.00858204
 -0.01315926  -0.00406070     0.01221924   0.02266625     0.01315926   0.00406070
 -0.00461615   0.00858204     0.00751665   0.00750251    -0.00559693  -0.01319050
    2    1
 -0.01066636  -0.00395321     0.01062476  -0.00171876    -0.01062476   0.00171876
  0.01062476  -0.00171876    -0.01066636  -0.00395321    -0.01062476   0.00171876
 -0.01062476   0.00171876    -0.01062476   0.00171876    -0.01066636  -0.00395321
    2    2
  0.03399081  -0.00000000     0.00893648   0.00000000    -0.00893648  -0.00000000
  0.00893648   0.00000000     0.03399081  -0.00000000    -0.00893648  -0.00000000
 -0.00893648  -0.00000000    -0.00893648  -0.00000000     0.03399081  -0.00000000
    2    3
  0.00488005   0.00261527     0.00769511   0.00064787    -0.00769511  -0.00064787
  0.00769511   0.00064787     0.00488005   0.00261527    -0.00769511  -0.00064787
 -0.00769511  -0.00064787    -0.00769511  -0.00064787     0.00488005   0.00261527
    2    4
  0.00673772  -0.00365900    -0.00335013  -0.00350092    -0.00415630  -0.00000537
 -0.00335013  -0.00350092     0.00673772  -0.00365900    -0.00415630  -0.00000537
  0.00224493   0.00190197     0.00224493   0.00190197     0.00933500   0.00890296
    2    5
 -0.01044504   0.00455623    -0.00551350   0.00221869    -0.00794948   0.00064421
 -0.00551350   0.00221869    -0.01044504   0.00455623    -0.00794948   0.00064421
 -0.01017799  -0.00265456    -0.01017799  -0.00265456    -0.00095948  -0.01067047
    2    6
 -0.00335058   0.00297850    -0.00157354  -0.00432277     0.00157354   0.00432277
 -0.00157354  -0.00432277    -0.00335058   0.00297850     0.00157354   0.00432277
  0.00157354   0.00432277     0.00157354   0.00432277    -0.00335058   0.00297850
    2    7
 -0.01067324   0.00061643    -0.01171956   0.01161179     0.01171956  -0.01161179
 -0.01171956   0.01161179    -0.01067324   0.00061643     0.01171956  -0.01161179
  0.01171956  -0.01161179     0.01171956  -0.01161179    -0.01067324   0.00061643
    2    8
  0.00933500   0.00890296    -0.00224493  -0.00190197     0.00224493   0.00190197
  0.00415630   0.00000537     0.00673772  -0.00365900     0.00335013   0.00350092
 -0.00415630  -0.00000537     0.00335013   0.00350092     0.00673772  -0.00365900
    2    9
 -0.00095948  -0.01067047     0.01017799   0.00265456    -0.01017799  -0.00265456
  0.00794948  -0.00064421    -0.01044504   0.00455623     0.00551350  -0.00221869
 -0.00794948   0.00064421     0.00551350  -0.00221869    -0.01044504   0.00455623
    2   10
  0.00673772  -0.00365900     0.00415630   0.00000537     0.00335013   0.00350092
 -0.00224493  -0.00190197     0.00933500   0.00890296     0.00224493   0.00190197
  0.00335013   0.00350092    -0.00415630  -0.00000537     0.00673772  -0.00365900
    2   11
 -0.01044504   0.00455623     0.00794948  -0.00064421     0.00551350  -0.00221869
  0.01017799   0.00265456    -0.00095948  -0.01067047    -0.01017799  -0.00265456
  0.00551350  -0.00221869    -0.00794948   0.00064421    -0.01044504   0.00455623
    3    1
 -0.00875676  -0.00726073     0.00382390   0.01006069    -0.00382390  -0.01006069
  0.00382390   0.01006069    -0.00875676  -0.00726073    -0.00382390  -0.01006069
 -0.00382390  -0.01006069    -0.00382390  -0.01006069    -0.00875676  -0.00726073
    3    2
  0.00488005  -0.00261527     0.00769511  -0.00064787    -0.00769511   0.00064787
  0.00769511  -0.00064787     0.00488005  -0.00261527    -0.00769511   0.00064787
 -0.00769511   0.00064787    -0.00769511   0.00064787     0.00488005  -0.00261527
    3    3
  0.03399081   0.00000000     0.00893648  -0.00000000    -0.00893648   0.00000000
  0.00893648  -0.00000000     0.03399081   0.00000000    -0.00893648   0.00000000
 -0.00893648   0.00000000    -0.00893648   0.00000000     0.03399081   0.00000000
    3    4
 -0.01044504  -0.00455623    -0.00551350  -0.00221869    -0.00794948  -0.00064421
 -0.00551350  -0.00221869    -0.01044504  -0.00455623    -0.00794948  -0.00064421
 -0.01017799   0.00265456    -0.01017799   0.00265456    -0.00095948   0.01067047
    3    5
  0.00673772   0.00365900    -0.00335013   0.00350092    -0.00415630   0.00000537
 -0.00335013   0.00350092     0.00673772   0.00365900    -0.00415630   0.00000537
  0.00224493  -0.00190197     0.00224493  -0.00190197     0.00933500  -0.00890296
    3    6
 -0.01067324  -0.00061643    -0.01171956  -0.01161179     0.01171956   0.01161179
 -0.01171956  -0.01161179    -0.01067324  -0.00061643     0.01171956   0.01161179
  0.01171956   0.01161179     0.01171956   0.01161179    -0.01067324  -0.00061643
    3    7
 -0.00335058  -0.00297850    -0.00157354   0.00432277     0.00157354  -0.00432277
 -0.00157354   0.00432277    -0.00335058  -0.00297850     0.00157354  -0.00432277
  0.00157354  -0.00432277     0.00157354  -0.00432277    -0.00335058  -0.00297850
    3    8
 -0.00095948   0.01067047     0.01017799  -0.00265456    -0.01017799   0.00265456
  0.00794948   0.00064421    -0.01044504  -0.00455623     0.00551350   0.00221869
 -0.00794948  -0.00064421     0.00551350   0.00221869    -0.01044504  -0.00455623
    3    9
  0.00933500  -0.00890296    -0.00224493   0.00190197     0.00224493  -0.00190197
  0.00415630  -0.00000537     0.00673772   0.00365900     0.00335013  -0.00350092
 -0.00415630   0.00000537     0.00335013  -0.00350092     0.00673772   0.00365900
    3   10
 -0.01044504  -0.00455623     0.00794948   0.00064421     0.00551350   0.00221869
  0.01017799  -0.00265456    -0.00095948   0.01067047    -0.01017799   0.00265456
  0.00551350   0.00221869    -0.00794948  -0.00064421    -0.01044504  -0.00455623
    3   11
  0.00673772   0.00365900     0.00415630  -0.00000537     0.00335013  -0.00350092
 -0.00224493   0.00190197     0.00933500  -0.00890296     0.00224493  -0.00190197
  0.00335013  -0.00350092    -0.00415630   0.00000537     0.00673772   0.00365900
    4    1
  0.00862484  -0.01144233     0.00974034  -0.00029332     0.00306296   0.01342661
  0.00974034  -0.00029332     0.00862484  -0.01144233     0.00306296   0.01342661
 -0.00273903   0.01026086    -0.00273903   0.01026086    -0.01351993   0.02191529
    4    2
  0.00673772   0.00365900    -0.00335013   0.00350092     0.00224493  -0.00190197
 -0.00335013   0.00350092     0.00673772   0.00365900     0.00224493  -0.00190197
 -0.00415630   0.00000537    -0.00415630   0.00000537     0.00933500  -0.00890296
    4    3
 -0.01044504   0.00455623    -0.00551350   0.00221869    -0.01017799  -0.00265456
 -0.00551350   0.00221869    -0.01044504   0.00455623    -0.01017799  -0.00265456
 -0.00794948   0.00064421    -0.00794948   0.00064421    -0.00095948  -0.01067047
    4    4
  0.04945707  -0.00000000     0.00618713  -0.00000000    -0.00110220  -0.00379305
  0.00618713  -0.00000000     0.04945707  -0.00000000    -0.00110220  -0.00379305
 -0.00110220   0.00379305    -0.00110220   0.00379305     0.05262508  -0.00000000
    4    5
 -0.01694872  -0.00294447    -0.01185640  -0.00735099    -0.00346306   0.00293803
 -0.01185640  -0.00735099    -0.01694872  -0.00294447    -0.00346306   0.00293803
 -0.00346306   0.00293803    -0.00346306   0.00293803    -0.02676447  -0.00925778
    4    6
 -0.01121786  -0.00695419     0.01102245  -0.00798833    -0.00547228   0.00204213
  0.01102245  -0.00798833    -0.01121786  -0.00695419    -0.00547228   0.00204213
  0.01084846  -0.00254780     0.01084846  -0.00254780     0.02364760   0.01516218
    4    7
  0.01302210  -0.00416128    -0.00073106  -0.00348293     0.00786659   0.00865761
 -0.00073106  -0.00348293     0.01302210  -0.00416128     0.00786659   0.00865761
 -0.00850879   0.00224345    -0.00850879   0.00224345    -0.04571502   0.00970459
    4    8
 -0.00874785  -0.00029263     0.00487503   0.00190429     0.00977532   0.00000000
  0.00055479  -0.00242500     0.01699159   0.00000000    -0.00487503   0.00190429
  0.00768277   0.00000000    -0.00055479  -0.00242500    -0.00874785   0.00029263
    4    9
  0.00896933   0.00263137     0.00498286  -0.00397614    -0.00131864   0.00599637
 -0.00395963   0.00166351    -0.03870603  -0.00407417    -0.00498286   0.00397614
 -0.01384596   0.00942385     0.00395963  -0.00166351     0.00896933   0.00263137
    4   10
  0.01699159   0.00000000     0.00055479  -0.00242500    -0.00487503   0.00190429
  0.00487503   0.00190429    -0.00874785  -0.00029263     0.00977532  -0.00000000
 -0.00055479  -0.00242500     0.00768277   0.00000000    -0.00874785   0.00029263
    4   11
 -0.03870603  -0.00407417    -0.00395963   0.00166351    -0.00498286   0.00397614
  0.00498286  -0.00397614     0.00896933   0.00263137    -0.00131864   0.00599637
  0.00395963  -0.00166351    -0.01384596   0.00942385     0.00896933   0.00263137
    5    1
 -0.00559693   0.01319050     0.00461615   0.00858204     0.01315926  -0.00406070
  0.00461615   0.00858204    -0.00559693   0.01319050     0.01315926  -0.00406070
  0.00751665  -0.00750251     0.00751665  -0.00750251     0.01221924  -0.02266625
    5    2
 -0.01044504  -0.00455623    -0.00551350  -0.00221869    -0.01017799   0.00265456
 -0.00551350  -0.00221869    -0.01044504  -0.00455623    -0.01017799   0.00265456
 -0.00794948  -0.00064421    -0.00794948  -0.00064421    -0.00095948   0.01067047
    5    3
  0.00673772  -0.00365900    -0.00335013  -0.00350092     0.00224493   0.00190197
 -0.00335013  -0.00350092     0.00673772  -0.00365900     0.00224493   0.00190197
 -0.00415630  -0.00000537    -0.00415630  -0.00000537     0.00933500   0.00890296
    5    4
 -0.01694872   0.00294447    -0.01185640   0.00735099    -0.00346306  -0.00293803
 -0.01185640   0.00735099    -0.01694872   0.00294447    -0.00346306  -0.00293803
 -0.00346306  -0.00293803    -0.00346306  -0.00293803    -0.02676447   0.00925778
    5    5
  0.04945707   0.00000000     0.00618713   0.00000000    -0.00110220   0.00379305
  0.00618713   0.00000000     0.04945707   0.00000000    -0.00110220   0.00379305
 -0.00110220  -0.00379305    -0.00110220  -0.00379305     0.05262508   0.00000000
    5    6
  0.01302210   0.00416128    -0.00073106   0.00348293     0.00786659  -0.00865761
 -0.00073106   0.00348293     0.01302210   0.00416128     0.00786659  -0.00865761
 -0.00850879  -0.00224345    -0.00850879  -0.00224345    -0.04571502  -0.00970459
    5    7
 -0.01121786   0.00695419     0.01102245   0.00798833    -0.00547228  -0.00204213
  0.01102245   0.00798833    -0.01121786   0.00695419    -0.00547228  -0.00204213
  0.01084846   0.00254780     0.01084846   0.00254780     0.02364760  -0.01516218
    5    8
  0.00896933  -0.00263137     0.00498286   0.00397614    -0.00131864  -0.00599637
 -0.00395963  -0.00166351    -0.03870603   0.00407417    -0.00498286  -0.00397614
 -0.01384596  -0.00942385     0.00395963   0.00166351     0.00896933  -0.00263137
    5    9
 -0.00874785   0.00029263     0.00487503  -0.00190429     0.00977532  -0.00000000
  0.00055479   0.00242500     0.01699159  -0.00000000    -0.00487503  -0.00190429
  0.00768277  -0.00000000    -0.00055479   0.00242500    -0.00874785  -0.00029263
    5   10
 -0.03870603   0.00407417    -0.00395963  -0.00166351    -0.00498286  -0.00397614
  0.00498286   0.00397614     0.00896933  -0.00263137    -0.00131864  -0.00599637
  0.00395963   0.00166351    -0.01384596  -0.00942385     0.00896933  -0.00263137
    5   11
  0.01699159  -0.00000000     0.00055479   0.00242500    -0.00487503  -0.00190429
  0.00487503  -0.00190429    -0.00874785   0.00029263     0.00977532  -0.00000000
 -0.00055479   0.00242500     0.00768277  -0.00000000    -0.00874785  -0.00029263
    6    1
 -0.01439374   0.01770450     0.00902236  -0.00716849    -0.00902236   0.00716849
  0.00902236  -0.00716849    -0.01439374   0.01770450    -0.00902236   0.00716849
 -0.00902236   0.00716849    -0.00902236   0.00716849    -0.01439374   0.01770450
    6    2
 -0.00335058  -0.00297850    -0.00157354   0.00432277     0.00157354  -0.00432277
 -0.00157354   0.00432277    -0.00335058  -0.00297850     0.00157354  -0.00432277
  0.00157354  -0.00432277     0.00157354  -0.00432277    -0.00335058  -0.00297850
    6    3
 -0.01067324   0.00061643    -0.01171956   0.01161179     0.01171956  -0.01161179
 -0.01171956   0.01161179    -0.01067324   0.00061643     0.01171956  -0.01161179
  0.01171956  -0.01161179     0.01171956  -0.01161179    -0.01067324   0.00061643
    6    4
 -0.01121786   0.00695419     0.01102245   0.00798833     0.01084846   0.00254780
  0.01102245   0.00798833    -0.01121786   0.00695419     0.01084846   0.00254780
 -0.00547228  -0.00204213    -0.00547228  -0.00204213     0.02364760  -0.01516218
    6    5
  0.01302210  -0.00416128    -0.00073106  -0.00348293    -0.00850879   0.00224345
 -0.00073106  -0.00348293     0.01302210  -0.00416128    -0.00850879   0.00224345
  0.00786659   0.00865761     0.00786659   0.00865761    -0.04571502   0.00970459
    6    6
  0.07368534   0.00000000    -0.00248057   0.00000000     0.00248057  -0.00000000
 -0.00248057   0.00000000     0.07368534   0.00000000     0.00248057  -0.00000000
  0.00248057  -0.00000000     0.00248057  -0.00000000     0.07368534   0.00000000
    6    7
 -0.01698185   0.02042339     0.00058721  -0.00246352    -0.00058721   0.00246352
  0.00058721  -0.00246352    -0.01698185   0.02042339    -0.00058721   0.00246352
 -0.00058721   0.00246352    -0.00058721   0.00246352    -0.01698185   0.02042339
    6    8
  0.02364760  -0.01516218     0.00547228   0.00204213    -0.00547228  -0.00204213
 -0.01084846  -0.00254780    -0.01121786   0.00695419    -0.01102245  -0.00798833
  0.01084846   0.00254780    -0.01102245  -0.00798833    -0.01121786   0.00695419
    6    9
 -0.04571502   0.00970459    -0.00786659  -0.00865761     0.00786659   0.00865761
  0.00850879  -0.00224345     0.01302210  -0.00416128     0.00073106   0.00348293
 -0.00850879   0.00224345     0.00073106   0.00348293     0.01302210  -0.00416128
    6   10
 -0.01121786   0.00695419    -0.01084846  -0.00254780    -0.01102245  -0.00798833
  0.00547228   0.00204213     0.02364760  -0.01516218    -0.00547228  -0.00204213
 -0.01102245  -0.00798833     0.01084846   0.00254780    -0.01121786   0.00695419
    6   11
  0.01302210  -0.00416128     0.00850879  -0.00224345     0.00073106   0.00348293
 -0.00786659  -0.00865761    -0.04571502   0.00970459     0.00786659   0.00865761
  0.00073106   0.00348293    -0.00850879   0.00224345     0.01302210  -0.00416128
    7    1
  0.00813568  -0.02131759    -0.00169692   0.01139784     0.00169692  -0.01139784
 -0.00169692   0.01139784     0.00813568  -0.02131759     0.00169692  -0.01139784
  0.00169692  -0.01139784     0.00169692  -0.01139784     0.00813568  -0.02131759
    7    2
 -0.01067324  -0.00061643    -0.01171956  -0.01161179     0.01171956   0.01161179
 -0.01171956  -0.01161179    -0.01067324  -0.00061643     0.01171956   0.01161179
  0.01171956   0.01161179     0.01171956   0.01161179    -0.01067324  -0.00061643
    7    3
 -0.00335058   0.00297850    -0.00157354  -0.00432277     0.00157354   0.00432277
 -0.00157354  -0.00432277    -0.00335058   0.00297850     0.00157354   0.00432277
  0.00157354   0.00432277     0.00157354   0.00432277    -0.00335058   0.00297850
    7    4
  0.01302210   0.00416128    -0.00073106   0.00348293    -0.00850879  -0.00224345
 -0.00073106   0.00348293     0.01302210   0.00416128    -0.00850879  -0.00224345
  0.00786659  -0.00865761     0.00786659  -0.00865761    -0.04571502  -0.00970459
    7    5
 -0.01121786  -0.00695419     0.01102245  -0.00798833     0.01084846  -0.00254780
  0.01102245  -0.00798833    -0.01121786  -0.00695419     0.01084846  -0.00254780
 -0.00547228   0.00204213    -0.00547228   0.00204213     0.02364760   0.01516218
    7    6
 -0.01698185  -0.02042339     0.00058721   0.00246352    -0.00058721  -0.00246352
  0.00058721   0.00246352    -0.01698185  -0.02042339    -0.00058721  -0.00246352
 -0.00058721  -0.00246352    -0.00058721  -0.00246352    -0.01698185  -0.02042339
    7    7
  0.07368534  -0.00000000    -0.00248057  -0.00000000     0.00248057   0.00000000
 -0.00248057  -0.00000000     0.07368534  -0.00000000     0.00248057   0.00000000
  0.00248057   0.00000000     0.00248057   0.00000000     0.07368534  -0.00000000
    7    8
 -0.04571502  -0.00970459    -0.00786659   0.00865761     0.00786659  -0.00865761
  0.00850879   0.00224345     0.01302210   0.00416128     0.00073106  -0.00348293
 -0.00850879  -0.00224345     0.00073106  -0.00348293     0.01302210   0.00416128
    7    9
  0.02364760   0.01516218     0.00547228  -0.00204213    -0.00547228   0.00204213
 -0.01084846   0.00254780    -0.01121786  -0.00695419    -0.01102245   0.00798833
  0.01084846  -0.00254780    -0.01102245   0.00798833    -0.01121786  -0.00695419
    7   10
  0.01302210   0.00416128     0.00850879   0.00224345     0.00073106  -0.00348293
 -0.00786659   0.00865761    -0.04571502  -0.00970459     0.00786659  -0.00865761
  0.00073106  -0.00348293    -0.00850879  -0.00224345     0.01302210   0.00416128
    7   11
 -0.01121786  -0.00695419    -0.01084846   0.00254780    -0.01102245   0.00798833
  0.00547228  -0.00204213     0.02364760   0.01516218    -0.00547228   0.00204213
 -0.01102245   0.00798833     0.01084846  -0.00254780    -0.01121786  -0.00695419
    8    1
 -0.01351993   0.02191529     0.00273903  -0.01026086    -0.00273903   0.01026086
 -0.00306296  -0.01342661     0.00862484  -0.01144233    -0.00974034   0.00029332
  0.00306296   0.01342661    -0.00974034   0.00029332     0.00862484  -0.01144233
    8    2
  0.00933500  -0.00890296     0.00415630  -0.00000537    -0.00415630   0.00000537
 -0.00224493   0.00190197     0.00673772   0.00365900     0.00335013  -0.00350092
  0.00224493  -0.00190197     0.00335013  -0.00350092     0.00673772   0.00365900
    8    3
 -0.00095948  -0.01067047     0.00794948  -0.00064421    -0.00794948   0.00064421
  0.01017799   0.00265456    -0.01044504   0.00455623     0.00551350  -0.00221869
 -0.01017799  -0.00265456     0.00551350  -0.00221869    -0.01044504   0.00455623
    8    4
 -0.00874785   0.00029263     0.00055479   0.00242500     0.00768277   0.00000000
  0.00487503  -0.00190429     0.01699159  -0.00000000    -0.00055479   0.00242500
  0.00977532  -0.00000000    -0.00487503  -0.00190429    -0.00874785  -0.00029263
    8    5
  0.00896933   0.00263137    -0.00395963   0.00166351    -0.01384596   0.00942385
  0.00498286  -0.00397614    -0.03870603  -0.00407417     0.00395963  -0.00166351
 -0.00131864   0.00599637    -0.00498286   0.00397614     0.00896933   0.00263137
    8    6
  0.02364760   0.01516218    -0.01084846   0.00254780     0.01084846  -0.00254780
  0.00547228  -0.00204213    -0.01121786  -0.00695419    -0.01102245   0.00798833
 -0.00547228   0.00204213    -0.01102245   0.00798833    -0.01121786  -0.00695419
    8    7
 -0.04571502   0.00970459     0.00850879  -0.00224345    -0.00850879   0.00224345
 -0.00786659  -0.00865761     0.01302210  -0.00416128     0.00073106   0.00348293
  0.00786659   0.00865761     0.00073106   0.00348293     0.01302210  -0.00416128
    8    8
  0.05262508  -0.00000000     0.00110220  -0.00379305    -0.00110220   0.00379305
  0.00110220   0.00379305     0.04945707  -0.00000000    -0.00618713   0.00000000
 -0.00110220  -0.00379305    -0.00618713   0.00000000     0.04945707  -0.00000000
    8    9
 -0.02676447  -0.00925778     0.00346306  -0.00293803    -0.00346306   0.00293803
  0.00346306  -0.00293803    -0.01694872  -0.00294447     0.01185640   0.00735099
 -0.00346306   0.00293803     0.01185640   0.00735099    -0.01694872  -0.00294447
    8   10
 -0.00874785   0.00029263    -0.00768277  -0.00000000    -0.00055479  -0.00242500
 -0.00977532   0.00000000    -0.00874785  -0.00029263    -0.00487503  -0.00190429
 -0.00487503   0.00190429    -0.00055479   0.00242500     0.01699159   0.00000000
    8   11
  0.00896933   0.00263137     0.01384596  -0.00942385     0.00395963  -0.00166351
  0.00131864  -0.00599637     0.00896933   0.00263137    -0.00498286   0.00397614
 -0.00498286   0.00397614     0.00395963  -0.00166351    -0.03870603  -0.00407417
    9    1
  0.01221924  -0.02266625    -0.00751665   0.00750251     0.00751665  -0.00750251
 -0.01315926   0.00406070    -0.00559693   0.01319050    -0.00461615  -0.00858204
  0.01315926  -0.00406070    -0.00461615  -0.00858204    -0.00559693   0.01319050
    9    2
 -0.00095948   0.01067047     0.00794948   0.00064421    -0.00794948  -0.00064421
  0.01017799  -0.00265456    -0.01044504  -0.00455623     0.00551350   0.00221869
 -0.01017799   0.00265456     0.00551350   0.00221869    -0.01044504  -0.00455623
    9    3
  0.00933500   0.00890296     0.00415630   0.00000537    -0.00415630  -0.00000537
 -0.00224493  -0.00190197     0.00673772  -0.00365900     0.00335013   0.00350092
  0.00224493   0.00190197     0.00335013   0.00350092     0.00673772  -0.00365900
    9    4
  0.00896933  -0.00263137    -0.00395963  -0.00166351    -0.01384596  -0.00942385
  0.00498286   0.00397614    -0.03870603   0.00407417     0.00395963   0.00166351
 -0.00131864  -0.00599637    -0.00498286  -0.00397614     0.00896933  -0.00263137
    9    5
 -0.00874785  -0.00029263     0.00055479  -0.00242500     0.00768277  -0.00000000
  0.00487503   0.00190429     0.01699159   0.00000000    -0.00055479  -0.00242500
  0.00977532   0.00000000    -0.00487503   0.00190429    -0.00874785   0.00029263
    9    6
 -0.04571502  -0.00970459     0.00850879   0.00224345    -0.00850879  -0.00224345
 -0.00786659   0.00865761     0.01302210   0.00416128     0.00073106  -0.00348293
  0.00786659  -0.00865761     0.00073106  -0.00348293     0.01302210   0.00416128
    9    7
  0.02364760  -0.01516218    -0.01084846  -0.00254780     0.01084846   0.00254780
  0.00547228   0.00204213    -0.01121786   0.00695419    -0.01102245  -0.00798833
 -0.00547228  -0.00204213    -0.01102245  -0.00798833    -0.01121786   0.00695419
    9    8
 -0.02676447   0.00925778     0.00346306   0.00293803    -0.00346306  -0.00293803
  0.00346306   0.00293803    -0.01694872   0.00294447     0.01185640  -0.00735099
 -0.00346306  -0.00293803     0.01185640  -0.00735099    -0.01694872   0.00294447
    9    9
  0.05262508   0.00000000     0.00110220   0.00379305    -0.00110220  -0.00379305
  0.00110220  -0.00379305     0.04945707   0.00000000    -0.00618713  -0.00000000
 -0.00110220   0.00379305    -0.00618713  -0.00000000     0.04945707   0.00000000
    9   10
  0.00896933  -0.00263137     0.01384596   0.00942385     0.00395963   0.00166351
  0.00131864   0.00599637     0.00896933  -0.00263137    -0.00498286  -0.00397614
 -0.00498286  -0.00397614     0.00395963   0.00166351    -0.03870603   0.00407417
    9   11
 -0.00874785  -0.00029263    -0.00768277   0.00000000    -0.00055479   0.00242500
 -0.00977532   0.00000000    -0.00874785   0.00029263    -0.00487503   0.00190429
 -0.00487503  -0.00190429    -0.00055479  -0.00242500     0.01699159  -0.00000000
   10    1
  0.00862484  -0.01144233    -0.00306296  -0.01342661    -0.00974034   0.00029332
  0.00273903  -0.01026086    -0.01351993   0.02191529    -0.00273903   0.01026086
 -0.00974034   0.00029332     0.00306296   0.01342661     0.00862484  -0.01144233
   10    2
  0.00673772   0.00365900    -0.00224493   0.00190197     0.00335013  -0.00350092
  0.00415630  -0.00000537     0.00933500  -0.00890296    -0.00415630   0.00000537
  0.00335013  -0.00350092     0.00224493  -0.00190197     0.00673772   0.00365900
   10    3
 -0.01044504   0.00455623     0.01017799   0.00265456     0.00551350  -0.00221869
  0.00794948  -0.00064421    -0.00095948  -0.01067047    -0.00794948   0.00064421
  0.00551350  -0.00221869    -0.01017799  -0.00265456    -0.01044504   0.00455623
   10    4
  0.01699159   0.00000000     0.00487503  -0.00190429    -0.00055479   0.00242500
  0.00055479   0.00242500    -0.00874785   0.00029263     0.00768277   0.00000000
 -0.00487503  -0.00190429     0.00977532  -0.00000000    -0.00874785  -0.00029263
   10    5
 -0.03870603  -0.00407417     0.00498286  -0.00397614     0.00395963  -0.00166351
 -0.00395963   0.00166351     0.00896933   0.00263137    -0.01384596   0.00942385
 -0.00498286   0.00397614    -0.00131864   0.00599637     0.00896933   0.00263137
   10    6
 -0.01121786  -0.00695419     0.00547228  -0.00204213    -0.01102245   0.00798833
 -0.01084846   0.00254780     0.02364760   0.01516218     0.01084846  -0.00254780
 -0.01102245   0.00798833    -0.00547228   0.00204213    -0.01121786  -0.00695419
   10    7
  0.01302210  -0.00416128    -0.00786659  -0.00865761     0.00073106   0.00348293
  0.00850879  -0.00224345    -0.04571502   0.00970459    -0.00850879   0.00224345
  0.00073106   0.00348293     0.00786659   0.00865761     0.01302210  -0.00416128
   10    8
 -0.00874785  -0.00029263    -0.00977532   0.00000000    -0.00487503  -0.00190429
 -0.00768277  -0.00000000    -0.00874785   0.00029263    -0.00055479  -0.00242500
 -0.00055479   0.00242500    -0.00487503   0.00190429     0.01699159  -0.00000000
   10    9
  0.00896933   0.00263137     0.00131864  -0.00599637    -0.00498286   0.00397614
  0.01384596  -0.00942385     0.00896933   0.00263137     0.00395963  -0.00166351
  0.00395963  -0.00166351    -0.00498286   0.00397614    -0.03870603  -0.00407417
   10   10
  0.04945707  -0.00000000     0.00110220   0.00379305    -0.00618713   0.00000000
  0.00110220  -0.00379305     0.05262508  -0.00000000    -0.00110220   0.00379305
 -0.00618713   0.00000000    -0.00110220  -0.00379305     0.04945707  -0.00000000
   10   11
 -0.01694872  -0.00294447     0.00346306  -0.00293803     0.01185640   0.00735099
  0.00346306  -0.00293803    -0.02676447  -0.00925778    -0.00346306   0.00293803
  0.01185640   0.00735099    -0.00346306   0.00293803    -0.01694872  -0.00294447
   11    1
 -0.00559693   0.01319050    -0.01315926   0.00406070    -0.00461615  -0.00858204
 -0.00751665   0.00750251     0.01221924  -0.02266625     0.00751665  -0.00750251
 -0.00461615  -0.00858204     0.01315926  -0.00406070    -0.00559693   0.01319050
   11    2
 -0.01044504  -0.00455623     0.01017799  -0.00265456     0.00551350   0.00221869
  0.00794948   0.00064421    -0.00095948   0.01067047    -0.00794948  -0.00064421
  0.00551350   0.00221869    -0.01017799   0.00265456    -0.01044504  -0.00455623
   11    3
  0.00673772  -0.00365900    -0.00224493  -0.00190197     0.00335013   0.00350092
  0.00415630   0.00000537     0.00933500   0.00890296    -0.00415630  -0.00000537
  0.00335013   0.00350092     0.00224493   0.00190197     0.00673772  -0.00365900
   11    4
 -0.03870603   0.00407417     0.00498286   0.00397614     0.00395963   0.00166351
 -0.00395963  -0.00166351     0.00896933  -0.00263137    -0.01384596  -0.00942385
 -0.00498286  -0.00397614    -0.00131864  -0.00599637     0.00896933  -0.00263137
   11    5
  0.01699159   0.00000000     0.00487503   0.00190429    -0.00055479  -0.00242500
  0.00055479  -0.00242500    -0.00874785  -0.00029263     0.00768277  -0.00000000
 -0.00487503   0.00190429     0.00977532   0.00000000    -0.00874785   0.00029263
   11    6
  0.01302210   0.00416128    -0.00786659   0.00865761     0.00073106  -0.00348293
  0.00850879   0.00224345    -0.04571502  -0.00970459    -0.00850879  -0.00224345
  0.00073106  -0.00348293     0.00786659  -0.00865761     0.01302210   0.00416128
   11    7
 -0.01121786   0.00695419     0.00547228   0.00204213    -0.01102245  -0.00798833
 -0.01084846  -0.00254780     0.02364760  -0.01516218     0.01084846   0.00254780
 -0.01102245  -0.00798833    -0.00547228  -0.00204213    -0.01121786   0.00695419
   11    8
  0.00896933  -0.00263137     0.00131864   0.00599637    -0.00498286  -0.00397614
  0.01384596   0.00942385     0.00896933  -0.00263137     0.00395963   0.00166351
  0.00395963   0.00166351    -0.00498286  -0.00397614    -0.03870603   0.00407417
   11    9
 -0.00874785   0.00029263    -0.00977532  -0.00000000    -0.00487503   0.00190429
 -0.00768277   0.00000000    -0.00874785  -0.00029263    -0.00055479   0.00242500
 -0.00055479  -0.00242500    -0.00487503  -0.00190429     0.01699159  -0.00000000
   11   10
 -0.01694872   0.00294447     0.00346306   0.00293803     0.01185640  -0.00735099
  0.00346306   0.00293803    -0.02676447   0.00925778    -0.00346306  -0.00293803
  0.01185640  -0.00735099    -0.00346306  -0.00293803    -0.01694872   0.00294447
   11   11
  0.04945707   0.00000000     0.00110220  -0.00379305    -0.00618713  -0.00000000
  0.00110220   0.00379305     0.05262508   0.00000000    -0.00110220  -0.00379305
 -0.00618713  -0.00000000    -0.00110220   0.00379305     0.04945707   0.00000000

     Dynamical  Matrix in cartesian axes

     q = (    0.117851130  -0.117851130  -0.117851130 ) 

    1    1
  0.09040602   0.00000000    -0.01176404   0.00000000    -0.01176404   0.00000000
 -0.01176404   0.00000000     0.09040602   0.00000000     0.01176404   0.00000000
 -0.01176404   0.00000000     0.01176404   0.00000000     0.09040602   0.00000000
    1    2
 -0.01066636  -0.00395321    -0.01062476   0.00171876    -0.01062476   0.00171876
 -0.01062476   0.00171876    -0.01066636  -0.00395321     0.01062476  -0.00171876
 -0.01062476   0.00171876     0.01062476  -0.00171876    -0.01066636  -0.00395321
    1    3
 -0.00875676  -0.00726073    -0.00382390  -0.01006069    -0.00382390  -0.01006069
 -0.00382390  -0.01006069    -0.00875676  -0.00726073     0.00382390   0.01006069
 -0.00382390  -0.01006069     0.00382390   0.01006069    -0.00875676  -0.00726073
    1    4
 -0.01351993   0.02191529     0.00306296   0.01342661     0.00306296   0.01342661
 -0.00273903   0.01026086     0.00862484  -0.01144233     0.00974034  -0.00029332
 -0.00273903   0.01026086     0.00974034  -0.00029332     0.00862484  -0.01144233
    1    5
  0.01221924  -0.02266625     0.01315926  -0.00406070     0.01315926  -0.00406070
  0.00751665  -0.00750251    -0.00559693   0.01319050     0.00461615   0.00858204
  0.00751665  -0.00750251     0.00461615   0.00858204    -0.00559693   0.01319050
    1    6
  0.00862484  -0.01144233    -0.00273903   0.01026086    -0.00974034   0.00029332
  0.00306296   0.01342661    -0.01351993   0.02191529    -0.00306296  -0.01342661
 -0.00974034   0.00029332     0.00273903  -0.01026086     0.00862484  -0.01144233
    1    7
 -0.00559693   0.01319050     0.00751665  -0.00750251    -0.00461615  -0.00858204
  0.01315926  -0.00406070     0.01221924  -0.02266625    -0.01315926   0.00406070
 -0.00461615  -0.00858204    -0.00751665   0.00750251    -0.00559693   0.01319050
    1    8
  0.00862484  -0.01144233    -0.00974034   0.00029332    -0.00273903   0.01026086
 -0.00974034   0.00029332     0.00862484  -0.01144233     0.00273903  -0.01026086
  0.00306296   0.01342661    -0.00306296  -0.01342661    -0.01351993   0.02191529
    1    9
 -0.00559693   0.01319050    -0.00461615  -0.00858204     0.00751665  -0.00750251
 -0.00461615  -0.00858204    -0.00559693   0.01319050    -0.00751665   0.00750251
  0.01315926  -0.00406070    -0.01315926   0.00406070     0.01221924  -0.02266625
    1   10
 -0.01439374   0.01770450    -0.00902236   0.00716849    -0.00902236   0.00716849
 -0.00902236   0.00716849    -0.01439374   0.01770450     0.00902236  -0.00716849
 -0.00902236   0.00716849     0.00902236  -0.00716849    -0.01439374   0.01770450
    1   11
  0.00813568  -0.02131759     0.00169692  -0.01139784     0.00169692  -0.01139784
  0.00169692  -0.01139784     0.00813568  -0.02131759    -0.00169692   0.01139784
  0.00169692  -0.01139784    -0.00169692   0.01139784     0.00813568  -0.02131759
    2    1
 -0.01066636   0.00395321    -0.01062476  -0.00171876    -0.01062476  -0.00171876
 -0.01062476  -0.00171876    -0.01066636   0.00395321     0.01062476   0.00171876
 -0.01062476  -0.00171876     0.01062476   0.00171876    -0.01066636   0.00395321
    2    2
  0.03399081   0.00000000    -0.00893648   0.00000000    -0.00893648   0.00000000
 -0.00893648   0.00000000     0.03399081   0.00000000     0.00893648  -0.00000000
 -0.00893648   0.00000000     0.00893648  -0.00000000     0.03399081   0.00000000
    2    3
  0.00488005  -0.00261527    -0.00769511   0.00064787    -0.00769511   0.00064787
 -0.00769511   0.00064787     0.00488005  -0.00261527     0.00769511  -0.00064787
 -0.00769511   0.00064787     0.00769511  -0.00064787     0.00488005  -0.00261527
    2    4
  0.00933500  -0.00890296     0.00224493  -0.00190197     0.00224493  -0.00190197
 -0.00415630   0.00000537     0.00673772   0.00365900    -0.00335013   0.00350092
 -0.00415630   0.00000537    -0.00335013   0.00350092     0.00673772   0.00365900
    2    5
 -0.00095948   0.01067047    -0.01017799   0.00265456    -0.01017799   0.00265456
 -0.00794948  -0.00064421    -0.01044504  -0.00455623    -0.00551350  -0.00221869
 -0.00794948  -0.00064421    -0.00551350  -0.00221869    -0.01044504  -0.00455623
    2    6
  0.00673772   0.00365900    -0.00415630   0.00000537     0.00335013  -0.00350092
  0.00224493  -0.00190197     0.00933500  -0.00890296    -0.00224493   0.00190197
  0.00335013  -0.00350092     0.00415630  -0.00000537     0.00673772   0.00365900
    2    7
 -0.01044504  -0.00455623    -0.00794948  -0.00064421     0.00551350   0.00221869
 -0.01017799   0.00265456    -0.00095948   0.01067047     0.01017799  -0.00265456
  0.00551350   0.00221869     0.00794948   0.00064421    -0.01044504  -0.00455623
    2    8
  0.00673772   0.00365900     0.00335013  -0.00350092    -0.00415630   0.00000537
  0.00335013  -0.00350092     0.00673772   0.00365900     0.00415630  -0.00000537
  0.00224493  -0.00190197    -0.00224493   0.00190197     0.00933500  -0.00890296
    2    9
 -0.01044504  -0.00455623     0.00551350   0.00221869    -0.00794948  -0.00064421
  0.00551350   0.00221869    -0.01044504  -0.00455623     0.00794948   0.00064421
 -0.01017799   0.00265456     0.01017799  -0.00265456    -0.00095948   0.01067047
    2   10
 -0.00335058  -0.00297850     0.00157354  -0.00432277     0.00157354  -0.00432277
  0.00157354  -0.00432277    -0.00335058  -0.00297850    -0.00157354   0.00432277
  0.00157354  -0.00432277    -0.00157354   0.00432277    -0.00335058  -0.00297850
    2   11
 -0.01067324  -0.00061643     0.01171956   0.01161179     0.01171956   0.01161179
  0.01171956   0.01161179    -0.01067324  -0.00061643    -0.01171956  -0.01161179
  0.01171956   0.01161179    -0.01171956  -0.01161179    -0.01067324  -0.00061643
    3    1
 -0.00875676   0.00726073    -0.00382390   0.01006069    -0.00382390   0.01006069
 -0.00382390   0.01006069    -0.00875676   0.00726073     0.00382390  -0.01006069
 -0.00382390   0.01006069     0.00382390  -0.01006069    -0.00875676   0.00726073
    3    2
  0.00488005   0.00261527    -0.00769511  -0.00064787    -0.00769511  -0.00064787
 -0.00769511  -0.00064787     0.00488005   0.00261527     0.00769511   0.00064787
 -0.00769511  -0.00064787     0.00769511   0.00064787     0.00488005   0.00261527
    3    3
  0.03399081  -0.00000000    -0.00893648  -0.00000000    -0.00893648  -0.00000000
 -0.00893648  -0.00000000     0.03399081  -0.00000000     0.00893648   0.00000000
 -0.00893648  -0.00000000     0.00893648   0.00000000     0.03399081  -0.00000000
    3    4
 -0.00095948  -0.01067047    -0.01017799  -0.00265456    -0.01017799  -0.00265456
 -0.00794948   0.00064421    -0.01044504   0.00455623    -0.00551350   0.00221869
 -0.00794948   0.00064421    -0.00551350   0.00221869    -0.01044504   0.00455623
    3    5
  0.00933500   0.00890296     0.00224493   0.00190197     0.00224493   0.00190197
 -0.00415630  -0.00000537     0.00673772  -0.00365900    -0.00335013  -0.00350092
 -0.00415630  -0.00000537    -0.00335013  -0.00350092     0.00673772  -0.00365900
    3    6
 -0.01044504   0.00455623    -0.00794948   0.00064421     0.00551350  -0.00221869
 -0.01017799  -0.00265456    -0.00095948  -0.01067047     0.01017799   0.00265456
  0.00551350  -0.00221869     0.00794948  -0.00064421    -0.01044504   0.00455623
    3    7
  0.00673772  -0.00365900    -0.00415630  -0.00000537     0.00335013   0.00350092
  0.00224493   0.00190197     0.00933500   0.00890296    -0.00224493  -0.00190197
  0.00335013   0.00350092     0.00415630   0.00000537     0.00673772  -0.00365900
    3    8
 -0.01044504   0.00455623     0.00551350  -0.00221869    -0.00794948   0.00064421
  0.00551350  -0.00221869    -0.01044504   0.00455623     0.00794948  -0.00064421
 -0.01017799  -0.00265456     0.01017799   0.00265456    -0.00095948  -0.01067047
    3    9
  0.00673772  -0.00365900     0.00335013   0.00350092    -0.00415630  -0.00000537
  0.00335013   0.00350092     0.00673772  -0.00365900     0.00415630   0.00000537
  0.00224493   0.00190197    -0.00224493  -0.00190197     0.00933500   0.00890296
    3   10
 -0.01067324   0.00061643     0.01171956  -0.01161179     0.01171956  -0.01161179
  0.01171956  -0.01161179    -0.01067324   0.00061643    -0.01171956   0.01161179
  0.01171956  -0.01161179    -0.01171956   0.01161179    -0.01067324   0.00061643
    3   11
 -0.00335058   0.00297850     0.00157354   0.00432277     0.00157354   0.00432277
  0.00157354   0.00432277    -0.00335058   0.00297850    -0.00157354  -0.00432277
  0.00157354   0.00432277    -0.00157354  -0.00432277    -0.00335058   0.00297850
    4    1
 -0.01351993  -0.02191529    -0.00273903  -0.01026086    -0.00273903  -0.01026086
