Dynamical matrix file
Electron-phonon coefficients for Ce1H10                                    
  2   11   0   6.3832998   0.0000000   0.0000000   0.0000000   0.0000000   0.0000000
Basis vectors
      0.000000000    0.707106781    0.707106781
      0.707106781    0.000000000    0.707106781
      0.707106781    0.707106781    0.000000000
           1  'Ce     '    127707.921567413     
           2  'H      '    918.681110398939     
    1    1      0.7071067812      0.7071067812      0.7071067812
    2    2      0.3535533906      0.3535533906      0.3535533906
    3    2      1.0606601718      1.0606601718      1.0606601718
    4    2      1.2411447683      1.2411447683      1.2411447683
    5    2      0.1730687941      0.1730687941      0.1730687941
    6    2      0.8801755753      0.8801755753      1.2411447683
    7    2      0.5340379871      0.5340379871      0.1730687941
    8    2      0.8801755753      1.2411447683      0.8801755753
    9    2      0.5340379871      0.1730687941      0.5340379871
   10    2      1.2411447683      0.8801755753      0.8801755753
   11    2      0.1730687941      0.5340379871      0.5340379871

     Dynamical  Matrix in cartesian axes

     q = (    0.471404521   0.000000000   0.000000000 ) 

    1    1
  1.09298369   0.00000000     0.00000000   0.00000000     0.00000000   0.00000000
  0.00000000   0.00000000     0.90933664   0.00000000    -0.00000000   0.00000000
  0.00000000   0.00000000    -0.00000000   0.00000000     0.90933664   0.00000000
    1    2
 -0.00227427  -0.00393916     0.00000000   0.00000000     0.00000000   0.00000000
  0.00000000   0.00000000    -0.00838259  -0.01451907    -0.06820318   0.03937712
  0.00000000   0.00000000    -0.06820318   0.03937712    -0.00838259  -0.01451907
    1    3
 -0.00227427   0.00393916     0.00000000  -0.00000000     0.00000000  -0.00000000
  0.00000000  -0.00000000    -0.00838259   0.01451907    -0.06820318  -0.03937712
  0.00000000  -0.00000000    -0.06820318  -0.03937712    -0.00838259   0.01451907
    1    4
 -0.06723967  -0.00809315     0.01363918  -0.00022470     0.01363918  -0.00022470
  0.00426242  -0.00790992     0.03283653   0.06183824    -0.03308674  -0.03932983
  0.00426242  -0.00790992    -0.03308674  -0.03932983     0.03283653   0.06183824
    1    5
 -0.06723967   0.00809315     0.01363918   0.00022470     0.01363918   0.00022470
  0.00426242   0.00790992     0.03283653  -0.06183824    -0.03308674   0.03932983
  0.00426242   0.00790992    -0.03308674   0.03932983     0.03283653  -0.06183824
    1    6
  0.04062871   0.05418468    -0.00662500  -0.01192423     0.00662500   0.01192423
  0.00471898  -0.00764632    -0.06997175   0.00248185    -0.05060400  -0.00898904
 -0.00471898   0.00764632    -0.05060400  -0.00898904    -0.06997175   0.00248185
    1    7
  0.04062871  -0.05418468    -0.00662500   0.01192423     0.00662500  -0.01192423
  0.00471898   0.00764632    -0.06997175  -0.00248185    -0.05060400   0.00898904
 -0.00471898  -0.00764632    -0.05060400   0.00898904    -0.06997175  -0.00248185
    1    8
  0.04062871   0.05418468     0.00662500   0.01192423    -0.00662500  -0.01192423
 -0.00471898   0.00764632    -0.06997175   0.00248185    -0.05060400  -0.00898904
  0.00471898  -0.00764632    -0.05060400  -0.00898904    -0.06997175   0.00248185
    1    9
  0.04062871  -0.05418468     0.00662500  -0.01192423    -0.00662500   0.01192423
 -0.00471898  -0.00764632    -0.06997175  -0.00248185    -0.05060400   0.00898904
  0.00471898   0.00764632    -0.05060400   0.00898904    -0.06997175  -0.00248185
    1   10
 -0.06723967  -0.00809315    -0.01363918   0.00022470    -0.01363918   0.00022470
 -0.00426242   0.00790992     0.03283653   0.06183824    -0.03308674  -0.03932983
 -0.00426242   0.00790992    -0.03308674  -0.03932983     0.03283653   0.06183824
    1   11
 -0.06723967   0.00809315    -0.01363918  -0.00022470    -0.01363918  -0.00022470
 -0.00426242  -0.00790992     0.03283653  -0.06183824    -0.03308674   0.03932983
 -0.00426242  -0.00790992    -0.03308674   0.03932983     0.03283653  -0.06183824
    2    1
 -0.00227427   0.00393916     0.00000000  -0.00000000     0.00000000   0.00000000
  0.00000000   0.00000000    -0.00838259   0.01451907    -0.06820318  -0.03937712
  0.00000000  -0.00000000    -0.06820318  -0.03937712    -0.00838259   0.01451907
    2    2
  0.11666087   0.00000000    -0.00000000   0.00000000     0.00000000   0.00000000
  0.00000000   0.00000000     0.10629215   0.00000000    -0.00000000   0.00000000
  0.00000000   0.00000000    -0.00000000   0.00000000     0.10629215   0.00000000
    2    3
 -0.01465059  -0.02537556    -0.00000000   0.00000000     0.00000000   0.00000000
  0.00000000   0.00000000    -0.00125752  -0.00217810    -0.00228213   0.00131759
 -0.00000000  -0.00000000    -0.00228213   0.00131759    -0.00125752  -0.00217810
    2    4
  0.01304835  -0.01294019    -0.00439532  -0.00348656    -0.00439532  -0.00348656
 -0.00373234   0.00593300     0.01066763   0.01305694    -0.00663581  -0.01170491
 -0.00373234   0.00593300    -0.00663581  -0.01170491     0.01066763   0.01305694
    2    5
  0.00104283   0.00211093    -0.02339296   0.00251435    -0.02339296   0.00251435
 -0.01804129   0.00203726     0.00350988  -0.00174861    -0.01833291   0.00250154
 -0.01804129   0.00203726    -0.01833291   0.00250154     0.00350988  -0.00174861
    2    6
 -0.01773071   0.00483011    -0.00082179  -0.00554974     0.00082179   0.00554974
  0.00700430  -0.00026580     0.00597383   0.01576691     0.00681884   0.01159923
 -0.00700430   0.00026580     0.00681884   0.01159923     0.00597383   0.01576691
    2    7
  0.00104283  -0.00211093    -0.02339296  -0.00251435     0.02339296   0.00251435
 -0.01804129  -0.00203726     0.00350988   0.00174861     0.01833291   0.00250154
  0.01804129   0.00203726     0.01833291   0.00250154     0.00350988   0.00174861
    2    8
 -0.01773071   0.00483011     0.00082179   0.00554974    -0.00082179  -0.00554974
 -0.00700430   0.00026580     0.00597383   0.01576691     0.00681884   0.01159923
  0.00700430  -0.00026580     0.00681884   0.01159923     0.00597383   0.01576691
    2    9
  0.00104283  -0.00211093     0.02339296   0.00251435    -0.02339296  -0.00251435
  0.01804129   0.00203726     0.00350988   0.00174861     0.01833291   0.00250154
 -0.01804129  -0.00203726     0.01833291   0.00250154     0.00350988   0.00174861
    2   10
  0.01304835  -0.01294019     0.00439532   0.00348656     0.00439532   0.00348656
  0.00373234  -0.00593300     0.01066763   0.01305694    -0.00663581  -0.01170491
  0.00373234  -0.00593300    -0.00663581  -0.01170491     0.01066763   0.01305694
    2   11
  0.00104283   0.00211093     0.02339296  -0.00251435     0.02339296  -0.00251435
  0.01804129  -0.00203726     0.00350988  -0.00174861    -0.01833291   0.00250154
  0.01804129  -0.00203726    -0.01833291   0.00250154     0.00350988  -0.00174861
    3    1
 -0.00227427  -0.00393916     0.00000000   0.00000000     0.00000000  -0.00000000
  0.00000000  -0.00000000    -0.00838259  -0.01451907    -0.06820318   0.03937712
  0.00000000   0.00000000    -0.06820318   0.03937712    -0.00838259  -0.01451907
    3    2
 -0.01465059   0.02537556    -0.00000000   0.00000000     0.00000000   0.00000000
  0.00000000  -0.00000000    -0.00125752   0.00217810    -0.00228213  -0.00131759
 -0.00000000   0.00000000    -0.00228213  -0.00131759    -0.00125752   0.00217810
    3    3
  0.11666087   0.00000000    -0.00000000   0.00000000     0.00000000   0.00000000
  0.00000000   0.00000000     0.10629215   0.00000000    -0.00000000   0.00000000
  0.00000000   0.00000000    -0.00000000   0.00000000     0.10629215   0.00000000
    3    4
  0.00104283  -0.00211093    -0.02339296  -0.00251435    -0.02339296  -0.00251435
 -0.01804129  -0.00203726     0.00350988   0.00174861    -0.01833291  -0.00250154
 -0.01804129  -0.00203726    -0.01833291  -0.00250154     0.00350988   0.00174861
    3    5
  0.01304835   0.01294019    -0.00439532   0.00348656    -0.00439532   0.00348656
 -0.00373234  -0.00593300     0.01066763  -0.01305694    -0.00663581   0.01170491
 -0.00373234  -0.00593300    -0.00663581   0.01170491     0.01066763  -0.01305694
    3    6
  0.00104283   0.00211093    -0.02339296   0.00251435     0.02339296  -0.00251435
 -0.01804129   0.00203726     0.00350988  -0.00174861     0.01833291  -0.00250154
  0.01804129  -0.00203726     0.01833291  -0.00250154     0.00350988  -0.00174861
    3    7
 -0.01773071  -0.00483011    -0.00082179   0.00554974     0.00082179  -0.00554974
  0.00700430   0.00026580     0.00597383  -0.01576691     0.00681884  -0.01159923
 -0.00700430  -0.00026580     0.00681884  -0.01159923     0.00597383  -0.01576691
    3    8
  0.00104283   0.00211093     0.02339296  -0.00251435    -0.02339296   0.00251435
  0.01804129  -0.00203726     0.00350988  -0.00174861     0.01833291  -0.00250154
 -0.01804129   0.00203726     0.01833291  -0.00250154     0.00350988  -0.00174861
    3    9
 -0.01773071  -0.00483011     0.00082179  -0.00554974    -0.00082179   0.00554974
 -0.00700430  -0.00026580     0.00597383  -0.01576691     0.00681884  -0.01159923
  0.00700430   0.00026580     0.00681884  -0.01159923     0.00597383  -0.01576691
    3   10
  0.00104283  -0.00211093     0.02339296   0.00251435     0.02339296   0.00251435
  0.01804129   0.00203726     0.00350988   0.00174861    -0.01833291  -0.00250154
  0.01804129   0.00203726    -0.01833291  -0.00250154     0.00350988   0.00174861
    3   11
  0.01304835   0.01294019     0.00439532  -0.00348656     0.00439532  -0.00348656
  0.00373234   0.00593300     0.01066763  -0.01305694    -0.00663581   0.01170491
  0.00373234   0.00593300    -0.00663581   0.01170491     0.01066763  -0.01305694
    4    1
 -0.06723967   0.00809315     0.00426242   0.00790992     0.00426242   0.00790992
  0.01363918   0.00022470     0.03283653  -0.06183824    -0.03308674   0.03932983
  0.01363918   0.00022470    -0.03308674   0.03932983     0.03283653  -0.06183824
    4    2
  0.01304835   0.01294019    -0.00373234  -0.00593300    -0.00373234  -0.00593300
 -0.00439532   0.00348656     0.01066763  -0.01305694    -0.00663581   0.01170491
 -0.00439532   0.00348656    -0.00663581   0.01170491     0.01066763  -0.01305694
    4    3
  0.00104283   0.00211093    -0.01804129   0.00203726    -0.01804129   0.00203726
 -0.02339296   0.00251435     0.00350988  -0.00174861    -0.01833291   0.00250154
 -0.02339296   0.00251435    -0.01833291   0.00250154     0.00350988  -0.00174861
    4    4
  0.18525965   0.00000000     0.01287606   0.00119335     0.01287606   0.00119335
  0.01287606  -0.00119335     0.18302571   0.00000000     0.01526900  -0.00000000
  0.01287606  -0.00119335     0.01526900  -0.00000000     0.18302571   0.00000000
    4    5
 -0.00169053   0.00049528    -0.00227326  -0.00252723    -0.00227326  -0.00252723
 -0.00227326  -0.00252723    -0.00057118  -0.00019722     0.00024459  -0.00237088
 -0.00227326  -0.00252723     0.00024459  -0.00237088    -0.00057118  -0.00019722
    4    6
 -0.00956753  -0.01534724    -0.00554098  -0.01567444     0.00167105   0.00234655
 -0.00554098  -0.01567444    -0.00868577  -0.01230638     0.00100206   0.00144902
 -0.00167105  -0.00234655    -0.00100206  -0.00144902    -0.00049610  -0.00152414
    4    7
 -0.00766299   0.01327269    -0.00210527   0.00488720     0.00128871   0.00056678
 -0.00317981   0.00426681    -0.00480615   0.00832450     0.00135841  -0.00371456
  0.00113520   0.00083267    -0.00253770   0.00303370     0.01338388  -0.02318156
    4    8
 -0.00956753  -0.01534724     0.00167105   0.00234655    -0.00554098  -0.01567444
 -0.00167105  -0.00234655    -0.00049610  -0.00152414    -0.00100206  -0.00144902
 -0.00554098  -0.01567444     0.00100206   0.00144902    -0.00868577  -0.01230638
    4    9
 -0.00766299   0.01327269     0.00128871   0.00056678    -0.00210527   0.00488720
  0.00113520   0.00083267     0.01338388  -0.02318156    -0.00253770   0.00303370
 -0.00317981   0.00426681     0.00135841  -0.00371456    -0.00480615   0.00832450
    4   10
  0.01268575   0.00000000    -0.00539414  -0.00067816    -0.00539414  -0.00067816
  0.00539414  -0.00067816    -0.03625591  -0.00000000    -0.03688633  -0.00000000
  0.00539414  -0.00067816    -0.03688633  -0.00000000    -0.03625591  -0.00000000
    4   11
  0.01222970   0.02366677    -0.00246389   0.00070604    -0.00246389   0.00070604
  0.00246389  -0.00070604    -0.00265131  -0.01143671    -0.00020910  -0.01019580
  0.00246389  -0.00070604    -0.00020910  -0.01019580    -0.00265131  -0.01143671
    5    1
 -0.06723967  -0.00809315     0.00426242  -0.00790992     0.00426242  -0.00790992
  0.01363918  -0.00022470     0.03283653   0.06183824    -0.03308674  -0.03932983
  0.01363918  -0.00022470    -0.03308674  -0.03932983     0.03283653   0.06183824
    5    2
  0.00104283  -0.00211093    -0.01804129  -0.00203726    -0.01804129  -0.00203726
 -0.02339296  -0.00251435     0.00350988   0.00174861    -0.01833291  -0.00250154
 -0.02339296  -0.00251435    -0.01833291  -0.00250154     0.00350988   0.00174861
    5    3
  0.01304835  -0.01294019    -0.00373234   0.00593300    -0.00373234   0.00593300
 -0.00439532  -0.00348656     0.01066763   0.01305694    -0.00663581  -0.01170491
 -0.00439532  -0.00348656    -0.00663581  -0.01170491     0.01066763   0.01305694
    5    4
 -0.00169053  -0.00049528    -0.00227326   0.00252723    -0.00227326   0.00252723
 -0.00227326   0.00252723    -0.00057118   0.00019722     0.00024459   0.00237088
 -0.00227326   0.00252723     0.00024459   0.00237088    -0.00057118   0.00019722
    5    5
  0.18525965  -0.00000000     0.01287606  -0.00119335     0.01287606  -0.00119335
  0.01287606   0.00119335     0.18302571  -0.00000000     0.01526900   0.00000000
  0.01287606   0.00119335     0.01526900   0.00000000     0.18302571  -0.00000000
    5    6
 -0.00766299  -0.01327269    -0.00210527  -0.00488720     0.00128871  -0.00056678
 -0.00317981  -0.00426681    -0.00480615  -0.00832450     0.00135841   0.00371456
  0.00113520  -0.00083267    -0.00253770  -0.00303370     0.01338388   0.02318156
    5    7
 -0.00956753   0.01534724    -0.00554098   0.01567444     0.00167105  -0.00234655
 -0.00554098   0.01567444    -0.00868577   0.01230638     0.00100206  -0.00144902
 -0.00167105   0.00234655    -0.00100206   0.00144902    -0.00049610   0.00152414
    5    8
 -0.00766299  -0.01327269     0.00128871  -0.00056678    -0.00210527  -0.00488720
  0.00113520  -0.00083267     0.01338388   0.02318156    -0.00253770  -0.00303370
 -0.00317981  -0.00426681     0.00135841   0.00371456    -0.00480615  -0.00832450
    5    9
 -0.00956753   0.01534724     0.00167105  -0.00234655    -0.00554098   0.01567444
 -0.00167105   0.00234655    -0.00049610   0.00152414    -0.00100206   0.00144902
 -0.00554098   0.01567444     0.00100206  -0.00144902    -0.00868577   0.01230638
    5   10
  0.01222970  -0.02366677    -0.00246389  -0.00070604    -0.00246389  -0.00070604
  0.00246389   0.00070604    -0.00265131   0.01143671    -0.00020910   0.01019580
  0.00246389   0.00070604    -0.00020910   0.01019580    -0.00265131   0.01143671
    5   11
  0.01268575  -0.00000000    -0.00539414   0.00067816    -0.00539414   0.00067816
  0.00539414   0.00067816    -0.03625591   0.00000000    -0.03688633   0.00000000
  0.00539414   0.00067816    -0.03688633   0.00000000    -0.03625591   0.00000000
    6    1
  0.04062871  -0.05418468     0.00471898   0.00764632    -0.00471898  -0.00764632
 -0.00662500   0.01192423    -0.06997175  -0.00248185    -0.05060400   0.00898904
  0.00662500  -0.01192423    -0.05060400   0.00898904    -0.06997175  -0.00248185
    6    2
 -0.01773071  -0.00483011     0.00700430   0.00026580    -0.00700430  -0.00026580
 -0.00082179   0.00554974     0.00597383  -0.01576691     0.00681884  -0.01159923
  0.00082179  -0.00554974     0.00681884  -0.01159923     0.00597383  -0.01576691
    6    3
  0.00104283  -0.00211093    -0.01804129  -0.00203726     0.01804129   0.00203726
 -0.02339296  -0.00251435     0.00350988   0.00174861     0.01833291   0.00250154
  0.02339296   0.00251435     0.01833291   0.00250154     0.00350988   0.00174861
    6    4
 -0.00956753   0.01534724    -0.00554098   0.01567444    -0.00167105   0.00234655
 -0.00554098   0.01567444    -0.00868577   0.01230638    -0.00100206   0.00144902
  0.00167105  -0.00234655     0.00100206  -0.00144902    -0.00049610   0.00152414
    6    5
 -0.00766299   0.01327269    -0.00317981   0.00426681     0.00113520   0.00083267
 -0.00210527   0.00488720    -0.00480615   0.00832450    -0.00253770   0.00303370
  0.00128871   0.00056678     0.00135841  -0.00371456     0.01338388  -0.02318156
    6    6
  0.18525965  -0.00000000     0.01287606  -0.00119335    -0.01287606   0.00119335
  0.01287606   0.00119335     0.18302571  -0.00000000    -0.01526900  -0.00000000
 -0.01287606  -0.00119335    -0.01526900  -0.00000000     0.18302571  -0.00000000
    6    7
  0.00041634   0.00171168     0.00332527   0.00070509    -0.00332527  -0.00070509
  0.00332527   0.00070509     0.00045639   0.00039605    -0.00193095   0.00139726
 -0.00332527  -0.00070509    -0.00193095   0.00139726     0.00045639   0.00039605
    6    8
  0.01268575  -0.00000000    -0.00539414   0.00067816     0.00539414  -0.00067816
  0.00539414   0.00067816    -0.03625591   0.00000000     0.03688633  -0.00000000
 -0.00539414  -0.00067816     0.03688633  -0.00000000    -0.03625591   0.00000000
    6    9
 -0.02661087   0.00124215     0.00062050   0.00248681    -0.00062050  -0.00248681
 -0.00062050  -0.00248681     0.01123014  -0.00342225    -0.00893437   0.00491681
  0.00062050   0.00248681    -0.00893437   0.00491681     0.01123014  -0.00342225
    6   10
 -0.00956753   0.01534724     0.00167105  -0.00234655     0.00554098  -0.01567444
 -0.00167105   0.00234655    -0.00049610   0.00152414     0.00100206  -0.00144902
  0.00554098  -0.01567444    -0.00100206   0.00144902    -0.00868577   0.01230638
    6   11
 -0.00766299   0.01327269    -0.00113520  -0.00083267     0.00317981  -0.00426681
 -0.00128871  -0.00056678     0.01338388  -0.02318156     0.00135841  -0.00371456
  0.00210527  -0.00488720    -0.00253770   0.00303370    -0.00480615   0.00832450
    7    1
  0.04062871   0.05418468     0.00471898  -0.00764632    -0.00471898   0.00764632
 -0.00662500  -0.01192423    -0.06997175   0.00248185    -0.05060400  -0.00898904
  0.00662500   0.01192423    -0.05060400  -0.00898904    -0.06997175   0.00248185
    7    2
  0.00104283   0.00211093    -0.01804129   0.00203726     0.01804129  -0.00203726
 -0.02339296   0.00251435     0.00350988  -0.00174861     0.01833291  -0.00250154
  0.02339296  -0.00251435     0.01833291  -0.00250154     0.00350988  -0.00174861
    7    3
 -0.01773071   0.00483011     0.00700430  -0.00026580    -0.00700430   0.00026580
 -0.00082179  -0.00554974     0.00597383   0.01576691     0.00681884   0.01159923
  0.00082179   0.00554974     0.00681884   0.01159923     0.00597383   0.01576691
    7    4
 -0.00766299  -0.01327269    -0.00317981  -0.00426681     0.00113520  -0.00083267
 -0.00210527  -0.00488720    -0.00480615  -0.00832450    -0.00253770  -0.00303370
  0.00128871  -0.00056678     0.00135841   0.00371456     0.01338388   0.02318156
    7    5
 -0.00956753  -0.01534724    -0.00554098  -0.01567444    -0.00167105  -0.00234655
 -0.00554098  -0.01567444    -0.00868577  -0.01230638    -0.00100206  -0.00144902
  0.00167105   0.00234655     0.00100206   0.00144902    -0.00049610  -0.00152414
    7    6
  0.00041634  -0.00171168     0.00332527  -0.00070509    -0.00332527   0.00070509
  0.00332527  -0.00070509     0.00045639  -0.00039605    -0.00193095  -0.00139726
 -0.00332527   0.00070509    -0.00193095  -0.00139726     0.00045639  -0.00039605
    7    7
  0.18525965   0.00000000     0.01287606   0.00119335    -0.01287606  -0.00119335
  0.01287606  -0.00119335     0.18302571   0.00000000    -0.01526900   0.00000000
 -0.01287606   0.00119335    -0.01526900   0.00000000     0.18302571   0.00000000
    7    8
 -0.02661087  -0.00124215     0.00062050  -0.00248681    -0.00062050   0.00248681
 -0.00062050   0.00248681     0.01123014   0.00342225    -0.00893437  -0.00491681
  0.00062050  -0.00248681    -0.00893437  -0.00491681     0.01123014   0.00342225
    7    9
  0.01268575   0.00000000    -0.00539414  -0.00067816     0.00539414   0.00067816
  0.00539414  -0.00067816    -0.03625591  -0.00000000     0.03688633   0.00000000
 -0.00539414   0.00067816     0.03688633   0.00000000    -0.03625591  -0.00000000
    7   10
 -0.00766299  -0.01327269    -0.00113520   0.00083267     0.00317981   0.00426681
 -0.00128871   0.00056678     0.01338388   0.02318156     0.00135841   0.00371456
  0.00210527   0.00488720    -0.00253770  -0.00303370    -0.00480615  -0.00832450
    7   11
 -0.00956753  -0.01534724     0.00167105   0.00234655     0.00554098   0.01567444
 -0.00167105  -0.00234655    -0.00049610  -0.00152414     0.00100206   0.00144902
  0.00554098   0.01567444    -0.00100206  -0.00144902    -0.00868577  -0.01230638
    8    1
  0.04062871  -0.05418468    -0.00471898  -0.00764632     0.00471898   0.00764632
  0.00662500  -0.01192423    -0.06997175  -0.00248185    -0.05060400   0.00898904
 -0.00662500   0.01192423    -0.05060400   0.00898904    -0.06997175  -0.00248185
    8    2
 -0.01773071  -0.00483011    -0.00700430  -0.00026580     0.00700430   0.00026580
  0.00082179  -0.00554974     0.00597383  -0.01576691     0.00681884  -0.01159923
 -0.00082179   0.00554974     0.00681884  -0.01159923     0.00597383  -0.01576691
    8    3
  0.00104283  -0.00211093     0.01804129   0.00203726    -0.01804129  -0.00203726
  0.02339296   0.00251435     0.00350988   0.00174861     0.01833291   0.00250154
 -0.02339296  -0.00251435     0.01833291   0.00250154     0.00350988   0.00174861
    8    4
 -0.00956753   0.01534724    -0.00167105   0.00234655    -0.00554098   0.01567444
  0.00167105  -0.00234655    -0.00049610   0.00152414     0.00100206  -0.00144902
 -0.00554098   0.01567444    -0.00100206   0.00144902    -0.00868577   0.01230638
    8    5
 -0.00766299   0.01327269     0.00113520   0.00083267    -0.00317981   0.00426681
  0.00128871   0.00056678     0.01338388  -0.02318156     0.00135841  -0.00371456
 -0.00210527   0.00488720    -0.00253770   0.00303370    -0.00480615   0.00832450
    8    6
  0.01268575  -0.00000000     0.00539414  -0.00067816    -0.00539414   0.00067816
 -0.00539414  -0.00067816    -0.03625591   0.00000000     0.03688633  -0.00000000
  0.00539414   0.00067816     0.03688633  -0.00000000    -0.03625591   0.00000000
    8    7
 -0.02661087   0.00124215    -0.00062050  -0.00248681     0.00062050   0.00248681
  0.00062050   0.00248681     0.01123014  -0.00342225    -0.00893437   0.00491681
 -0.00062050  -0.00248681    -0.00893437   0.00491681     0.01123014  -0.00342225
    8    8
  0.18525965  -0.00000000    -0.01287606   0.00119335     0.01287606  -0.00119335
 -0.01287606  -0.00119335     0.18302571  -0.00000000    -0.01526900   0.00000000
  0.01287606   0.00119335    -0.01526900   0.00000000     0.18302571  -0.00000000
    8    9
  0.00041634   0.00171168    -0.00332527  -0.00070509     0.00332527   0.00070509
 -0.00332527  -0.00070509     0.00045639   0.00039605    -0.00193095   0.00139726
  0.00332527   0.00070509    -0.00193095   0.00139726     0.00045639   0.00039605
    8   10
 -0.00956753   0.01534724     0.00554098  -0.01567444     0.00167105  -0.00234655
  0.00554098  -0.01567444    -0.00868577   0.01230638    -0.00100206   0.00144902
 -0.00167105   0.00234655     0.00100206  -0.00144902    -0.00049610   0.00152414
    8   11
 -0.00766299   0.01327269     0.00317981  -0.00426681    -0.00113520  -0.00083267
  0.00210527  -0.00488720    -0.00480615   0.00832450    -0.00253770   0.00303370
 -0.00128871  -0.00056678     0.00135841  -0.00371456     0.01338388  -0.02318156
    9    1
  0.04062871   0.05418468    -0.00471898   0.00764632     0.00471898  -0.00764632
  0.00662500   0.01192423    -0.06997175   0.00248185    -0.05060400  -0.00898904
 -0.00662500  -0.01192423    -0.05060400  -0.00898904    -0.06997175   0.00248185
    9    2
  0.00104283   0.00211093     0.01804129  -0.00203726    -0.01804129   0.00203726
  0.02339296  -0.00251435     0.00350988  -0.00174861     0.01833291  -0.00250154
 -0.02339296   0.00251435     0.01833291  -0.00250154     0.00350988  -0.00174861
    9    3
 -0.01773071   0.00483011    -0.00700430   0.00026580     0.00700430  -0.00026580
  0.00082179   0.00554974     0.00597383   0.01576691     0.00681884   0.01159923
 -0.00082179  -0.00554974     0.00681884   0.01159923     0.00597383   0.01576691
    9    4
 -0.00766299  -0.01327269     0.00113520  -0.00083267    -0.00317981  -0.00426681
  0.00128871  -0.00056678     0.01338388   0.02318156     0.00135841   0.00371456
 -0.00210527  -0.00488720    -0.00253770  -0.00303370    -0.00480615  -0.00832450
    9    5
 -0.00956753  -0.01534724    -0.00167105  -0.00234655    -0.00554098  -0.01567444
  0.00167105   0.00234655    -0.00049610  -0.00152414     0.00100206   0.00144902
 -0.00554098  -0.01567444    -0.00100206  -0.00144902    -0.00868577  -0.01230638
    9    6
 -0.02661087  -0.00124215    -0.00062050   0.00248681     0.00062050  -0.00248681
  0.00062050  -0.00248681     0.01123014   0.00342225    -0.00893437  -0.00491681
 -0.00062050   0.00248681    -0.00893437  -0.00491681     0.01123014   0.00342225
    9    7
  0.01268575   0.00000000     0.00539414   0.00067816    -0.00539414  -0.00067816
 -0.00539414   0.00067816    -0.03625591  -0.00000000     0.03688633   0.00000000
  0.00539414  -0.00067816     0.03688633   0.00000000    -0.03625591  -0.00000000
    9    8
  0.00041634  -0.00171168    -0.00332527   0.00070509     0.00332527  -0.00070509
 -0.00332527   0.00070509     0.00045639  -0.00039605    -0.00193095  -0.00139726
  0.00332527  -0.00070509    -0.00193095  -0.00139726     0.00045639  -0.00039605
    9    9
  0.18525965   0.00000000    -0.01287606  -0.00119335     0.01287606   0.00119335
 -0.01287606   0.00119335     0.18302571   0.00000000    -0.01526900  -0.00000000
  0.01287606  -0.00119335    -0.01526900  -0.00000000     0.18302571   0.00000000
    9   10
 -0.00766299  -0.01327269     0.00317981   0.00426681    -0.00113520   0.00083267
  0.00210527   0.00488720    -0.00480615  -0.00832450    -0.00253770  -0.00303370
 -0.00128871   0.00056678     0.00135841   0.00371456     0.01338388   0.02318156
    9   11
 -0.00956753  -0.01534724     0.00554098   0.01567444     0.00167105   0.00234655
  0.00554098   0.01567444    -0.00868577  -0.01230638    -0.00100206  -0.00144902
 -0.00167105  -0.00234655     0.00100206   0.00144902    -0.00049610  -0.00152414
   10    1
 -0.06723967   0.00809315    -0.00426242  -0.00790992    -0.00426242  -0.00790992
 -0.01363918  -0.00022470     0.03283653  -0.06183824    -0.03308674   0.03932983
 -0.01363918  -0.00022470    -0.03308674   0.03932983     0.03283653  -0.06183824
   10    2
  0.01304835   0.01294019     0.00373234   0.00593300     0.00373234   0.00593300
  0.00439532  -0.00348656     0.01066763  -0.01305694    -0.00663581   0.01170491
  0.00439532  -0.00348656    -0.00663581   0.01170491     0.01066763  -0.01305694
   10    3
  0.00104283   0.00211093     0.01804129  -0.00203726     0.01804129  -0.00203726
  0.02339296  -0.00251435     0.00350988  -0.00174861    -0.01833291   0.00250154
  0.02339296  -0.00251435    -0.01833291   0.00250154     0.00350988  -0.00174861
   10    4
  0.01268575   0.00000000     0.00539414   0.00067816     0.00539414   0.00067816
 -0.00539414   0.00067816    -0.03625591  -0.00000000    -0.03688633  -0.00000000
 -0.00539414   0.00067816    -0.03688633  -0.00000000    -0.03625591  -0.00000000
   10    5
  0.01222970   0.02366677     0.00246389  -0.00070604     0.00246389  -0.00070604
 -0.00246389   0.00070604    -0.00265131  -0.01143671    -0.00020910  -0.01019580
 -0.00246389   0.00070604    -0.00020910  -0.01019580    -0.00265131  -0.01143671
   10    6
 -0.00956753  -0.01534724    -0.00167105  -0.00234655     0.00554098   0.01567444
  0.00167105   0.00234655    -0.00049610  -0.00152414    -0.00100206  -0.00144902
  0.00554098   0.01567444     0.00100206   0.00144902    -0.00868577  -0.01230638
   10    7
 -0.00766299   0.01327269    -0.00128871  -0.00056678     0.00210527  -0.00488720
 -0.00113520  -0.00083267     0.01338388  -0.02318156    -0.00253770   0.00303370
  0.00317981  -0.00426681     0.00135841  -0.00371456    -0.00480615   0.00832450
   10    8
 -0.00956753  -0.01534724     0.00554098   0.01567444    -0.00167105  -0.00234655
  0.00554098   0.01567444    -0.00868577  -0.01230638     0.00100206   0.00144902
  0.00167105   0.00234655    -0.00100206  -0.00144902    -0.00049610  -0.00152414
   10    9
 -0.00766299   0.01327269     0.00210527  -0.00488720    -0.00128871  -0.00056678
  0.00317981  -0.00426681    -0.00480615   0.00832450     0.00135841  -0.00371456
 -0.00113520  -0.00083267    -0.00253770   0.00303370     0.01338388  -0.02318156
   10   10
  0.18525965   0.00000000    -0.01287606  -0.00119335    -0.01287606  -0.00119335
 -0.01287606   0.00119335     0.18302571   0.00000000     0.01526900  -0.00000000
 -0.01287606   0.00119335     0.01526900  -0.00000000     0.18302571   0.00000000
   10   11
 -0.00169053   0.00049528     0.00227326   0.00252723     0.00227326   0.00252723
  0.00227326   0.00252723    -0.00057118  -0.00019722     0.00024459  -0.00237088
  0.00227326   0.00252723     0.00024459  -0.00237088    -0.00057118  -0.00019722
   11    1
 -0.06723967  -0.00809315    -0.00426242   0.00790992    -0.00426242   0.00790992
 -0.01363918   0.00022470     0.03283653   0.06183824    -0.03308674  -0.03932983
 -0.01363918   0.00022470    -0.03308674  -0.03932983     0.03283653   0.06183824
   11    2
  0.00104283  -0.00211093     0.01804129   0.00203726     0.01804129   0.00203726
  0.02339296   0.00251435     0.00350988   0.00174861    -0.01833291  -0.00250154
  0.02339296   0.00251435    -0.01833291  -0.00250154     0.00350988   0.00174861
   11    3
  0.01304835  -0.01294019     0.00373234  -0.00593300     0.00373234  -0.00593300
  0.00439532   0.00348656     0.01066763   0.01305694    -0.00663581  -0.01170491
  0.00439532   0.00348656    -0.00663581  -0.01170491     0.01066763   0.01305694
   11    4
  0.01222970  -0.02366677     0.00246389   0.00070604     0.00246389   0.00070604
 -0.00246389  -0.00070604    -0.00265131   0.01143671    -0.00020910   0.01019580
 -0.00246389  -0.00070604    -0.00020910   0.01019580    -0.00265131   0.01143671
   11    5
  0.01268575  -0.00000000     0.00539414  -0.00067816     0.00539414  -0.00067816
 -0.00539414  -0.00067816    -0.03625591   0.00000000    -0.03688633   0.00000000
 -0.00539414  -0.00067816    -0.03688633   0.00000000    -0.03625591   0.00000000
   11    6
 -0.00766299  -0.01327269    -0.00128871   0.00056678     0.00210527   0.00488720
 -0.00113520   0.00083267     0.01338388   0.02318156    -0.00253770  -0.00303370
  0.00317981   0.00426681     0.00135841   0.00371456    -0.00480615  -0.00832450
   11    7
 -0.00956753   0.01534724    -0.00167105   0.00234655     0.00554098  -0.01567444
  0.00167105  -0.00234655    -0.00049610   0.00152414    -0.00100206   0.00144902
  0.00554098  -0.01567444     0.00100206  -0.00144902    -0.00868577   0.01230638
   11    8
 -0.00766299  -0.01327269     0.00210527   0.00488720    -0.00128871   0.00056678
  0.00317981   0.00426681    -0.00480615  -0.00832450     0.00135841   0.00371456
 -0.00113520   0.00083267    -0.00253770  -0.00303370     0.01338388   0.02318156
   11    9
 -0.00956753   0.01534724     0.00554098  -0.01567444    -0.00167105   0.00234655
  0.00554098  -0.01567444    -0.00868577   0.01230638     0.00100206  -0.00144902
  0.00167105  -0.00234655    -0.00100206   0.00144902    -0.00049610   0.00152414
   11   10
 -0.00169053  -0.00049528     0.00227326  -0.00252723     0.00227326  -0.00252723
  0.00227326  -0.00252723    -0.00057118   0.00019722     0.00024459   0.00237088
  0.00227326  -0.00252723     0.00024459   0.00237088    -0.00057118   0.00019722
   11   11
  0.18525965  -0.00000000    -0.01287606   0.00119335    -0.01287606   0.00119335
 -0.01287606  -0.00119335     0.18302571  -0.00000000     0.01526900   0.00000000
 -0.01287606  -0.00119335     0.01526900   0.00000000     0.18302571  -0.00000000

     Dynamical  Matrix in cartesian axes

     q = (   -0.471404521   0.000000000   0.000000000 ) 

    1    1
  1.09298369   0.00000000     0.00000000   0.00000000     0.00000000   0.00000000
  0.00000000   0.00000000     0.90933664   0.00000000    -0.00000000   0.00000000
  0.00000000   0.00000000    -0.00000000   0.00000000     0.90933664   0.00000000
    1    2
 -0.00227427   0.00393916     0.00000000  -0.00000000    -0.00000000   0.00000000
  0.00000000  -0.00000000    -0.00838259   0.01451907    -0.06820318  -0.03937712
  0.00000000  -0.00000000    -0.06820318  -0.03937712    -0.00838259   0.01451907
    1    3
 -0.00227427  -0.00393916    -0.00000000   0.00000000     0.00000000  -0.00000000
 -0.00000000  -0.00000000    -0.00838259  -0.01451907    -0.06820318   0.03937712
  0.00000000   0.00000000    -0.06820318   0.03937712    -0.00838259  -0.01451907
    1    4
 -0.06723967   0.00809315     0.01363918   0.00022470     0.01363918   0.00022470
  0.00426242   0.00790992     0.03283653  -0.06183824    -0.03308674   0.03932983
  0.00426242   0.00790992    -0.03308674   0.03932983     0.03283653  -0.06183824
    1    5
 -0.06723967  -0.00809315     0.01363918  -0.00022470     0.01363918  -0.00022470
  0.00426242  -0.00790992     0.03283653   0.06183824    -0.03308674  -0.03932983
  0.00426242  -0.00790992    -0.03308674  -0.03932983     0.03283653   0.06183824
    1    6
  0.04062871  -0.05418468    -0.00662500   0.01192423     0.00662500  -0.01192423
  0.00471898   0.00764632    -0.06997175  -0.00248185    -0.05060400   0.00898904
 -0.00471898  -0.00764632    -0.05060400   0.00898904    -0.06997175  -0.00248185
    1    7
  0.04062871   0.05418468    -0.00662500  -0.01192423     0.00662500   0.01192423
  0.00471898  -0.00764632    -0.06997175   0.00248185    -0.05060400  -0.00898904
 -0.00471898   0.00764632    -0.05060400  -0.00898904    -0.06997175   0.00248185
    1    8
  0.04062871  -0.05418468     0.00662500  -0.01192423    -0.00662500   0.01192423
 -0.00471898  -0.00764632    -0.06997175  -0.00248185    -0.05060400   0.00898904
  0.00471898   0.00764632    -0.05060400   0.00898904    -0.06997175  -0.00248185
    1    9
  0.04062871   0.05418468     0.00662500   0.01192423    -0.00662500  -0.01192423
 -0.00471898   0.00764632    -0.06997175   0.00248185    -0.05060400  -0.00898904
  0.00471898  -0.00764632    -0.05060400  -0.00898904    -0.06997175   0.00248185
    1   10
 -0.06723967   0.00809315    -0.01363918  -0.00022470    -0.01363918  -0.00022470
 -0.00426242  -0.00790992     0.03283653  -0.06183824    -0.03308674   0.03932983
 -0.00426242  -0.00790992    -0.03308674   0.03932983     0.03283653  -0.06183824
    1   11
 -0.06723967  -0.00809315    -0.01363918   0.00022470    -0.01363918   0.00022470
 -0.00426242   0.00790992     0.03283653   0.06183824    -0.03308674  -0.03932983
 -0.00426242   0.00790992    -0.03308674  -0.03932983     0.03283653   0.06183824
    2    1
 -0.00227427  -0.00393916     0.00000000   0.00000000    -0.00000000  -0.00000000
  0.00000000   0.00000000    -0.00838259  -0.01451907    -0.06820318   0.03937712
  0.00000000  -0.00000000    -0.06820318   0.03937712    -0.00838259  -0.01451907
    2    2
  0.11666087   0.00000000    -0.00000000   0.00000000     0.00000000   0.00000000
 -0.00000000   0.00000000     0.10629215   0.00000000    -0.00000000   0.00000000
  0.00000000   0.00000000    -0.00000000   0.00000000     0.10629215   0.00000000
    2    3
 -0.01465059   0.02537556     0.00000000   0.00000000     0.00000000  -0.00000000
  0.00000000  -0.00000000    -0.00125752   0.00217810    -0.00228213  -0.00131759
 -0.00000000   0.00000000    -0.00228213  -0.00131759    -0.00125752   0.00217810
    2    4
  0.01304835   0.01294019    -0.00439532   0.00348656    -0.00439532   0.00348656
 -0.00373234  -0.00593300     0.01066763  -0.01305694    -0.00663581   0.01170491
 -0.00373234  -0.00593300    -0.00663581   0.01170491     0.01066763  -0.01305694
    2    5
  0.00104283  -0.00211093    -0.02339296  -0.00251435    -0.02339296  -0.00251435
 -0.01804129  -0.00203726     0.00350988   0.00174861    -0.01833291  -0.00250154
 -0.01804129  -0.00203726    -0.01833291  -0.00250154     0.00350988   0.00174861
    2    6
 -0.01773071  -0.00483011    -0.00082179   0.00554974     0.00082179  -0.00554974
  0.00700430   0.00026580     0.00597383  -0.01576691     0.00681884  -0.01159923
 -0.00700430  -0.00026580     0.00681884  -0.01159923     0.00597383  -0.01576691
    2    7
  0.00104283   0.00211093    -0.02339296   0.00251435     0.02339296  -0.00251435
 -0.01804129   0.00203726     0.00350988  -0.00174861     0.01833291  -0.00250154
  0.01804129  -0.00203726     0.01833291  -0.00250154     0.00350988  -0.00174861
    2    8
 -0.01773071  -0.00483011     0.00082179  -0.00554974    -0.00082179   0.00554974
 -0.00700430  -0.00026580     0.00597383  -0.01576691     0.00681884  -0.01159923
  0.00700430   0.00026580     0.00681884  -0.01159923     0.00597383  -0.01576691
    2    9
  0.00104283   0.00211093     0.02339296  -0.00251435    -0.02339296   0.00251435
  0.01804129  -0.00203726     0.00350988  -0.00174861     0.01833291  -0.00250154
 -0.01804129   0.00203726     0.01833291  -0.00250154     0.00350988  -0.00174861
    2   10
  0.01304835   0.01294019     0.00439532  -0.00348656     0.00439532  -0.00348656
  0.00373234   0.00593300     0.01066763  -0.01305694    -0.00663581   0.01170491
  0.00373234   0.00593300    -0.00663581   0.01170491     0.01066763  -0.01305694
    2   11
  0.00104283  -0.00211093     0.02339296   0.00251435     0.02339296   0.00251435
  0.01804129   0.00203726     0.00350988   0.00174861    -0.01833291  -0.00250154
  0.01804129   0.00203726    -0.01833291  -0.00250154     0.00350988   0.00174861
    3    1
 -0.00227427   0.00393916    -0.00000000   0.00000000     0.00000000  -0.00000000
 -0.00000000   0.00000000    -0.00838259   0.01451907    -0.06820318  -0.03937712
  0.00000000  -0.00000000    -0.06820318  -0.03937712    -0.00838259   0.01451907
    3    2
 -0.01465059  -0.02537556     0.00000000   0.00000000     0.00000000   0.00000000
  0.00000000   0.00000000    -0.00125752  -0.00217810    -0.00228213   0.00131759
 -0.00000000  -0.00000000    -0.00228213   0.00131759    -0.00125752  -0.00217810
    3    3
  0.11666087   0.00000000    -0.00000000   0.00000000     0.00000000   0.00000000
 -0.00000000   0.00000000     0.10629215   0.00000000    -0.00000000   0.00000000
  0.00000000   0.00000000    -0.00000000   0.00000000     0.10629215   0.00000000
    3    4
  0.00104283   0.00211093    -0.02339296   0.00251435    -0.02339296   0.00251435
 -0.01804129   0.00203726     0.00350988  -0.00174861    -0.01833291   0.00250154
 -0.01804129   0.00203726    -0.01833291   0.00250154     0.00350988  -0.00174861
    3    5
  0.01304835  -0.01294019    -0.00439532  -0.00348656    -0.00439532  -0.00348656
 -0.00373234   0.00593300     0.01066763   0.01305694    -0.00663581  -0.01170491
 -0.00373234   0.00593300    -0.00663581  -0.01170491     0.01066763   0.01305694
    3    6
  0.00104283  -0.00211093    -0.02339296  -0.00251435     0.02339296   0.00251435
 -0.01804129  -0.00203726     0.00350988   0.00174861     0.01833291   0.00250154
  0.01804129   0.00203726     0.01833291   0.00250154     0.00350988   0.00174861
    3    7
 -0.01773071   0.00483011    -0.00082179  -0.00554974     0.00082179   0.00554974
  0.00700430  -0.00026580     0.00597383   0.01576691     0.00681884   0.01159923
 -0.00700430   0.00026580     0.00681884   0.01159923     0.00597383   0.01576691
    3    8
  0.00104283  -0.00211093     0.02339296   0.00251435    -0.02339296  -0.00251435
