Dynamical matrix file
Electron-phonon coefficients for Ce1H10                                    
  2   11   0   6.3832998   0.0000000   0.0000000   0.0000000   0.0000000   0.0000000
Basis vectors
      0.000000000    0.707106781    0.707106781
      0.707106781    0.000000000    0.707106781
      0.707106781    0.707106781    0.000000000
           1  'Ce     '    127707.921567413     
           2  'H      '    918.681110398939     
    1    1      0.7071067812      0.7071067812      0.7071067812
    2    2      0.3535533906      0.3535533906      0.3535533906
    3    2      1.0606601718      1.0606601718      1.0606601718
    4    2      1.2411447683      1.2411447683      1.2411447683
    5    2      0.1730687941      0.1730687941      0.1730687941
    6    2      0.8801755753      0.8801755753      1.2411447683
    7    2      0.5340379871      0.5340379871      0.1730687941
    8    2      0.8801755753      1.2411447683      0.8801755753
    9    2      0.5340379871      0.1730687941      0.5340379871
   10    2      1.2411447683      0.8801755753      0.8801755753
   11    2      0.1730687941      0.5340379871      0.5340379871

     Dynamical  Matrix in cartesian axes

     q = (    0.235702260   0.235702260  -0.235702260 ) 

    1    1
  0.90117323   0.00000000     0.09009940   0.00000000    -0.09009940   0.00000000
  0.09009940   0.00000000     0.90117323   0.00000000    -0.09009940   0.00000000
 -0.09009940   0.00000000    -0.09009940   0.00000000     0.90117323   0.00000000
    1    2
 -0.02452004  -0.00376884     0.04078667  -0.01746655    -0.04078667   0.01746655
  0.04078667  -0.01746655    -0.02452004  -0.00376884    -0.04078667   0.01746655
 -0.04078667   0.01746655    -0.04078667   0.01746655    -0.02452004  -0.00376884
    1    3
 -0.02452004   0.00376884     0.04078667   0.01746655    -0.04078667  -0.01746655
  0.04078667   0.01746655    -0.02452004   0.00376884    -0.04078667  -0.01746655
 -0.04078667  -0.01746655    -0.04078667  -0.01746655    -0.02452004   0.00376884
    1    4
 -0.05620655   0.01170677     0.03754402   0.01245330    -0.00229438  -0.01156743
  0.03754402   0.01245330    -0.05620655   0.01170677    -0.00229438  -0.01156743
 -0.00819629  -0.01320094    -0.00819629  -0.01320094     0.01611729   0.04568496
    1    5
 -0.05620655  -0.01170677     0.03754402  -0.01245330    -0.00229438   0.01156743
  0.03754402  -0.01245330    -0.05620655  -0.01170677    -0.00229438   0.01156743
 -0.00819629   0.01320094    -0.00819629   0.01320094     0.01611729  -0.04568496
    1    6
 -0.05677859  -0.00596109     0.03278227  -0.00040649    -0.03278227   0.00040649
  0.03278227  -0.00040649    -0.05677859  -0.00596109    -0.03278227   0.00040649
 -0.03278227   0.00040649    -0.03278227   0.00040649    -0.05677859  -0.00596109
    1    7
 -0.05677859   0.00596109     0.03278227   0.00040649    -0.03278227  -0.00040649
  0.03278227   0.00040649    -0.05677859   0.00596109    -0.03278227  -0.00040649
 -0.03278227  -0.00040649    -0.03278227  -0.00040649    -0.05677859   0.00596109
    1    8
  0.01611729   0.04568496     0.00819629   0.01320094    -0.00819629  -0.01320094
  0.00229438   0.01156743    -0.05620655   0.01170677    -0.03754402  -0.01245330
 -0.00229438  -0.01156743    -0.03754402  -0.01245330    -0.05620655   0.01170677
    1    9
  0.01611729  -0.04568496     0.00819629  -0.01320094    -0.00819629   0.01320094
  0.00229438  -0.01156743    -0.05620655  -0.01170677    -0.03754402   0.01245330
 -0.00229438   0.01156743    -0.03754402   0.01245330    -0.05620655  -0.01170677
    1   10
 -0.05620655   0.01170677     0.00229438   0.01156743    -0.03754402  -0.01245330
  0.00819629   0.01320094     0.01611729   0.04568496    -0.00819629  -0.01320094
 -0.03754402  -0.01245330    -0.00229438  -0.01156743    -0.05620655   0.01170677
    1   11
 -0.05620655  -0.01170677     0.00229438  -0.01156743    -0.03754402   0.01245330
  0.00819629  -0.01320094     0.01611729  -0.04568496    -0.00819629   0.01320094
 -0.03754402   0.01245330    -0.00229438   0.01156743    -0.05620655  -0.01170677
    2    1
 -0.02452004   0.00376884     0.04078667   0.01746655    -0.04078667  -0.01746655
  0.04078667   0.01746655    -0.02452004   0.00376884    -0.04078667  -0.01746655
 -0.04078667  -0.01746655    -0.04078667  -0.01746655    -0.02452004   0.00376884
    2    2
  0.11059694   0.00000000     0.00062645   0.00000000    -0.00062645   0.00000000
  0.00062645   0.00000000     0.11059694   0.00000000    -0.00062645   0.00000000
 -0.00062645   0.00000000    -0.00062645   0.00000000     0.11059694   0.00000000
    2    3
  0.00415497  -0.00705150     0.00299435  -0.00193977    -0.00299435   0.00193977
  0.00299435  -0.00193977     0.00415497  -0.00705150    -0.00299435   0.00193977
 -0.00299435   0.00193977    -0.00299435   0.00193977     0.00415497  -0.00705150
    2    4
  0.00868782   0.01655435    -0.00669305  -0.00774145     0.01024583  -0.00158528
 -0.00669305  -0.00774145     0.00868782   0.01655435     0.01024583  -0.00158528
 -0.00114700  -0.00843534    -0.00114700  -0.00843534    -0.01535195   0.00120340
    2    5
  0.00053348  -0.00058318    -0.01853933   0.00070659    -0.02241260   0.00150560
 -0.01853933   0.00070659     0.00053348  -0.00058318    -0.02241260   0.00150560
 -0.01879912   0.00002940    -0.01879912   0.00002940     0.00157650  -0.00034518
    2    6
 -0.02215383  -0.00091777     0.01087018   0.00286677    -0.01087018  -0.00286677
  0.01087018   0.00286677    -0.02215383  -0.00091777    -0.01087018  -0.00286677
 -0.01087018  -0.00286677    -0.01087018  -0.00286677    -0.02215383  -0.00091777
    2    7
  0.00248206   0.00065621    -0.02103911  -0.00468486     0.02103911   0.00468486
 -0.02103911  -0.00468486     0.00248206   0.00065621     0.02103911   0.00468486
  0.02103911   0.00468486     0.02103911   0.00468486     0.00248206   0.00065621
    2    8
 -0.01535195   0.00120340     0.00114700   0.00843534    -0.00114700  -0.00843534
 -0.01024583   0.00158528     0.00868782   0.01655435     0.00669305   0.00774145
  0.01024583  -0.00158528     0.00669305   0.00774145     0.00868782   0.01655435
    2    9
  0.00157650  -0.00034518     0.01879912  -0.00002940    -0.01879912   0.00002940
  0.02241260  -0.00150560     0.00053348  -0.00058318     0.01853933  -0.00070659
 -0.02241260   0.00150560     0.01853933  -0.00070659     0.00053348  -0.00058318
    2   10
  0.00868782   0.01655435    -0.01024583   0.00158528     0.00669305   0.00774145
  0.00114700   0.00843534    -0.01535195   0.00120340    -0.00114700  -0.00843534
  0.00669305   0.00774145     0.01024583  -0.00158528     0.00868782   0.01655435
    2   11
  0.00053348  -0.00058318     0.02241260  -0.00150560     0.01853933  -0.00070659
  0.01879912  -0.00002940     0.00157650  -0.00034518    -0.01879912   0.00002940
  0.01853933  -0.00070659    -0.02241260   0.00150560     0.00053348  -0.00058318
    3    1
 -0.02452004  -0.00376884     0.04078667  -0.01746655    -0.04078667   0.01746655
  0.04078667  -0.01746655    -0.02452004  -0.00376884    -0.04078667   0.01746655
 -0.04078667   0.01746655    -0.04078667   0.01746655    -0.02452004  -0.00376884
    3    2
  0.00415497   0.00705150     0.00299435   0.00193977    -0.00299435  -0.00193977
  0.00299435   0.00193977     0.00415497   0.00705150    -0.00299435  -0.00193977
 -0.00299435  -0.00193977    -0.00299435  -0.00193977     0.00415497   0.00705150
    3    3
  0.11059694   0.00000000     0.00062645   0.00000000    -0.00062645   0.00000000
  0.00062645   0.00000000     0.11059694   0.00000000    -0.00062645   0.00000000
 -0.00062645   0.00000000    -0.00062645   0.00000000     0.11059694   0.00000000
    3    4
  0.00053348   0.00058318    -0.01853933  -0.00070659    -0.02241260  -0.00150560
 -0.01853933  -0.00070659     0.00053348   0.00058318    -0.02241260  -0.00150560
 -0.01879912  -0.00002940    -0.01879912  -0.00002940     0.00157650   0.00034518
    3    5
  0.00868782  -0.01655435    -0.00669305   0.00774145     0.01024583   0.00158528
 -0.00669305   0.00774145     0.00868782  -0.01655435     0.01024583   0.00158528
 -0.00114700   0.00843534    -0.00114700   0.00843534    -0.01535195  -0.00120340
    3    6
  0.00248206  -0.00065621    -0.02103911   0.00468486     0.02103911  -0.00468486
 -0.02103911   0.00468486     0.00248206  -0.00065621     0.02103911  -0.00468486
  0.02103911  -0.00468486     0.02103911  -0.00468486     0.00248206  -0.00065621
    3    7
 -0.02215383   0.00091777     0.01087018  -0.00286677    -0.01087018   0.00286677
  0.01087018  -0.00286677    -0.02215383   0.00091777    -0.01087018   0.00286677
 -0.01087018   0.00286677    -0.01087018   0.00286677    -0.02215383   0.00091777
    3    8
  0.00157650   0.00034518     0.01879912   0.00002940    -0.01879912  -0.00002940
  0.02241260   0.00150560     0.00053348   0.00058318     0.01853933   0.00070659
 -0.02241260  -0.00150560     0.01853933   0.00070659     0.00053348   0.00058318
    3    9
 -0.01535195  -0.00120340     0.00114700  -0.00843534    -0.00114700   0.00843534
 -0.01024583  -0.00158528     0.00868782  -0.01655435     0.00669305  -0.00774145
  0.01024583   0.00158528     0.00669305  -0.00774145     0.00868782  -0.01655435
    3   10
  0.00053348   0.00058318     0.02241260   0.00150560     0.01853933   0.00070659
  0.01879912   0.00002940     0.00157650   0.00034518    -0.01879912  -0.00002940
  0.01853933   0.00070659    -0.02241260  -0.00150560     0.00053348   0.00058318
    3   11
  0.00868782  -0.01655435    -0.01024583  -0.00158528     0.00669305  -0.00774145
  0.00114700  -0.00843534    -0.01535195  -0.00120340    -0.00114700   0.00843534
  0.00669305  -0.00774145     0.01024583   0.00158528     0.00868782  -0.01655435
    4    1
 -0.05620655  -0.01170677     0.03754402  -0.01245330    -0.00819629   0.01320094
  0.03754402  -0.01245330    -0.05620655  -0.01170677    -0.00819629   0.01320094
 -0.00229438   0.01156743    -0.00229438   0.01156743     0.01611729  -0.04568496
    4    2
  0.00868782  -0.01655435    -0.00669305   0.00774145    -0.00114700   0.00843534
 -0.00669305   0.00774145     0.00868782  -0.01655435    -0.00114700   0.00843534
  0.01024583   0.00158528     0.01024583   0.00158528    -0.01535195  -0.00120340
    4    3
  0.00053348  -0.00058318    -0.01853933   0.00070659    -0.01879912   0.00002940
 -0.01853933   0.00070659     0.00053348  -0.00058318    -0.01879912   0.00002940
 -0.02241260   0.00150560    -0.02241260   0.00150560     0.00157650  -0.00034518
    4    4
  0.18478643   0.00000000     0.01448971   0.00000000     0.01723685   0.00062388
  0.01448971   0.00000000     0.18478643   0.00000000     0.01723685   0.00062388
  0.01723685  -0.00062388     0.01723685  -0.00062388     0.18830221   0.00000000
    4    5
 -0.00412224   0.00104682    -0.00260150   0.00358883    -0.00157692   0.00010755
 -0.00260150   0.00358883    -0.00412224   0.00104682    -0.00157692   0.00010755
 -0.00157692   0.00010755    -0.00157692   0.00010755    -0.00165178   0.00058047
    4    6
 -0.01455318  -0.01013177    -0.00494637  -0.01700753     0.00376761   0.00377102
 -0.00494637  -0.01700753    -0.01455318  -0.01013177     0.00376761   0.00377102
 -0.00125880   0.00001428    -0.00125880   0.00001428    -0.00073624  -0.00104102
    4    7
  0.00902382  -0.00066658     0.00615202  -0.00060919    -0.00317882  -0.00245198
  0.00615202  -0.00060919     0.00902382  -0.00066658    -0.00317882  -0.00245198
  0.00111619   0.00065929     0.00111619   0.00065929    -0.02536157  -0.00320160
    4    8
 -0.03208436   0.00243237     0.00477434  -0.00000544    -0.03391564  -0.00000000
 -0.00465229   0.00047088     0.00407930   0.00000000    -0.00477434  -0.00000544
 -0.03308117  -0.00000000     0.00465229   0.00047088    -0.03208436  -0.00243237
    4    9
 -0.00726191   0.00870225     0.00174043  -0.00310686    -0.00185324   0.00128767
  0.00101924   0.00202378     0.00991124  -0.02206794    -0.00174043   0.00310686
 -0.00568546   0.00199100    -0.00101924  -0.00202378    -0.00726191   0.00870225
    4   10
  0.00407930   0.00000000    -0.00465229   0.00047088    -0.00477434  -0.00000544
  0.00477434  -0.00000544    -0.03208436   0.00243237    -0.03391564  -0.00000000
  0.00465229   0.00047088    -0.03308117  -0.00000000    -0.03208436  -0.00243237
    4   11
  0.00991124  -0.02206794     0.00101924   0.00202378    -0.00174043   0.00310686
  0.00174043  -0.00310686    -0.00726191   0.00870225    -0.00185324   0.00128767
 -0.00101924  -0.00202378    -0.00568546   0.00199100    -0.00726191   0.00870225
    5    1
 -0.05620655   0.01170677     0.03754402   0.01245330    -0.00819629  -0.01320094
  0.03754402   0.01245330    -0.05620655   0.01170677    -0.00819629  -0.01320094
 -0.00229438  -0.01156743    -0.00229438  -0.01156743     0.01611729   0.04568496
    5    2
  0.00053348   0.00058318    -0.01853933  -0.00070659    -0.01879912  -0.00002940
 -0.01853933  -0.00070659     0.00053348   0.00058318    -0.01879912  -0.00002940
 -0.02241260  -0.00150560    -0.02241260  -0.00150560     0.00157650   0.00034518
    5    3
  0.00868782   0.01655435    -0.00669305  -0.00774145    -0.00114700  -0.00843534
 -0.00669305  -0.00774145     0.00868782   0.01655435    -0.00114700  -0.00843534
  0.01024583  -0.00158528     0.01024583  -0.00158528    -0.01535195   0.00120340
    5    4
 -0.00412224  -0.00104682    -0.00260150  -0.00358883    -0.00157692  -0.00010755
 -0.00260150  -0.00358883    -0.00412224  -0.00104682    -0.00157692  -0.00010755
 -0.00157692  -0.00010755    -0.00157692  -0.00010755    -0.00165178  -0.00058047
    5    5
  0.18478643  -0.00000000     0.01448971  -0.00000000     0.01723685  -0.00062388
  0.01448971  -0.00000000     0.18478643  -0.00000000     0.01723685  -0.00062388
  0.01723685   0.00062388     0.01723685   0.00062388     0.18830221  -0.00000000
    5    6
  0.00902382   0.00066658     0.00615202   0.00060919    -0.00317882   0.00245198
  0.00615202   0.00060919     0.00902382   0.00066658    -0.00317882   0.00245198
  0.00111619  -0.00065929     0.00111619  -0.00065929    -0.02536157   0.00320160
    5    7
 -0.01455318   0.01013177    -0.00494637   0.01700753     0.00376761  -0.00377102
 -0.00494637   0.01700753    -0.01455318   0.01013177     0.00376761  -0.00377102
 -0.00125880  -0.00001428    -0.00125880  -0.00001428    -0.00073624   0.00104102
    5    8
 -0.00726191  -0.00870225     0.00174043   0.00310686    -0.00185324  -0.00128767
  0.00101924  -0.00202378     0.00991124   0.02206794    -0.00174043  -0.00310686
 -0.00568546  -0.00199100    -0.00101924   0.00202378    -0.00726191  -0.00870225
    5    9
 -0.03208436  -0.00243237     0.00477434   0.00000544    -0.03391564  -0.00000000
 -0.00465229  -0.00047088     0.00407930   0.00000000    -0.00477434   0.00000544
 -0.03308117  -0.00000000     0.00465229  -0.00047088    -0.03208436   0.00243237
    5   10
  0.00991124   0.02206794     0.00101924  -0.00202378    -0.00174043  -0.00310686
  0.00174043   0.00310686    -0.00726191  -0.00870225    -0.00185324  -0.00128767
 -0.00101924   0.00202378    -0.00568546  -0.00199100    -0.00726191  -0.00870225
    5   11
  0.00407930   0.00000000    -0.00465229  -0.00047088    -0.00477434   0.00000544
  0.00477434   0.00000544    -0.03208436  -0.00243237    -0.03391564   0.00000000
  0.00465229  -0.00047088    -0.03308117   0.00000000    -0.03208436   0.00243237
    6    1
 -0.05677859   0.00596109     0.03278227   0.00040649    -0.03278227  -0.00040649
  0.03278227   0.00040649    -0.05677859   0.00596109    -0.03278227  -0.00040649
 -0.03278227  -0.00040649    -0.03278227  -0.00040649    -0.05677859   0.00596109
    6    2
 -0.02215383   0.00091777     0.01087018  -0.00286677    -0.01087018   0.00286677
  0.01087018  -0.00286677    -0.02215383   0.00091777    -0.01087018   0.00286677
 -0.01087018   0.00286677    -0.01087018   0.00286677    -0.02215383   0.00091777
    6    3
  0.00248206   0.00065621    -0.02103911  -0.00468486     0.02103911   0.00468486
 -0.02103911  -0.00468486     0.00248206   0.00065621     0.02103911   0.00468486
  0.02103911   0.00468486     0.02103911   0.00468486     0.00248206   0.00065621
    6    4
 -0.01455318   0.01013177    -0.00494637   0.01700753    -0.00125880  -0.00001428
 -0.00494637   0.01700753    -0.01455318   0.01013177    -0.00125880  -0.00001428
  0.00376761  -0.00377102     0.00376761  -0.00377102    -0.00073624   0.00104102
    6    5
  0.00902382  -0.00066658     0.00615202  -0.00060919     0.00111619   0.00065929
  0.00615202  -0.00060919     0.00902382  -0.00066658     0.00111619   0.00065929
 -0.00317882  -0.00245198    -0.00317882  -0.00245198    -0.02536157  -0.00320160
    6    6
  0.18330349   0.00000000     0.01146205   0.00000000    -0.01146205  -0.00000000
  0.01146205   0.00000000     0.18330349   0.00000000    -0.01146205  -0.00000000
 -0.01146205  -0.00000000    -0.01146205  -0.00000000     0.18330349   0.00000000
    6    7
  0.00028029  -0.00206713    -0.00094852  -0.00263279     0.00094852   0.00263279
 -0.00094852  -0.00263279     0.00028029  -0.00206713     0.00094852   0.00263279
  0.00094852   0.00263279     0.00094852   0.00263279     0.00028029  -0.00206713
    6    8
 -0.00073624   0.00104102    -0.00376761   0.00377102     0.00376761  -0.00377102
  0.00125880   0.00001428    -0.01455318   0.01013177     0.00494637  -0.01700753
 -0.00125880  -0.00001428     0.00494637  -0.01700753    -0.01455318   0.01013177
    6    9
 -0.02536157  -0.00320160     0.00317882   0.00245198    -0.00317882  -0.00245198
 -0.00111619  -0.00065929     0.00902382  -0.00066658    -0.00615202   0.00060919
  0.00111619   0.00065929    -0.00615202   0.00060919     0.00902382  -0.00066658
    6   10
 -0.01455318   0.01013177     0.00125880   0.00001428     0.00494637  -0.01700753
 -0.00376761   0.00377102    -0.00073624   0.00104102     0.00376761  -0.00377102
  0.00494637  -0.01700753    -0.00125880  -0.00001428    -0.01455318   0.01013177
    6   11
  0.00902382  -0.00066658    -0.00111619  -0.00065929    -0.00615202   0.00060919
  0.00317882   0.00245198    -0.02536157  -0.00320160    -0.00317882  -0.00245198
 -0.00615202   0.00060919     0.00111619   0.00065929     0.00902382  -0.00066658
    7    1
 -0.05677859  -0.00596109     0.03278227  -0.00040649    -0.03278227   0.00040649
  0.03278227  -0.00040649    -0.05677859  -0.00596109    -0.03278227   0.00040649
 -0.03278227   0.00040649    -0.03278227   0.00040649    -0.05677859  -0.00596109
    7    2
  0.00248206  -0.00065621    -0.02103911   0.00468486     0.02103911  -0.00468486
 -0.02103911   0.00468486     0.00248206  -0.00065621     0.02103911  -0.00468486
  0.02103911  -0.00468486     0.02103911  -0.00468486     0.00248206  -0.00065621
    7    3
 -0.02215383  -0.00091777     0.01087018   0.00286677    -0.01087018  -0.00286677
  0.01087018   0.00286677    -0.02215383  -0.00091777    -0.01087018  -0.00286677
 -0.01087018  -0.00286677    -0.01087018  -0.00286677    -0.02215383  -0.00091777
    7    4
  0.00902382   0.00066658     0.00615202   0.00060919     0.00111619  -0.00065929
  0.00615202   0.00060919     0.00902382   0.00066658     0.00111619  -0.00065929
 -0.00317882   0.00245198    -0.00317882   0.00245198    -0.02536157   0.00320160
    7    5
 -0.01455318  -0.01013177    -0.00494637  -0.01700753    -0.00125880   0.00001428
 -0.00494637  -0.01700753    -0.01455318  -0.01013177    -0.00125880   0.00001428
  0.00376761   0.00377102     0.00376761   0.00377102    -0.00073624  -0.00104102
    7    6
  0.00028029   0.00206713    -0.00094852   0.00263279     0.00094852  -0.00263279
 -0.00094852   0.00263279     0.00028029   0.00206713     0.00094852  -0.00263279
  0.00094852  -0.00263279     0.00094852  -0.00263279     0.00028029   0.00206713
    7    7
  0.18330349  -0.00000000     0.01146205  -0.00000000    -0.01146205   0.00000000
  0.01146205  -0.00000000     0.18330349  -0.00000000    -0.01146205   0.00000000
 -0.01146205   0.00000000    -0.01146205   0.00000000     0.18330349  -0.00000000
    7    8
 -0.02536157   0.00320160     0.00317882  -0.00245198    -0.00317882   0.00245198
 -0.00111619   0.00065929     0.00902382   0.00066658    -0.00615202  -0.00060919
  0.00111619  -0.00065929    -0.00615202  -0.00060919     0.00902382   0.00066658
    7    9
 -0.00073624  -0.00104102    -0.00376761  -0.00377102     0.00376761   0.00377102
  0.00125880  -0.00001428    -0.01455318  -0.01013177     0.00494637   0.01700753
 -0.00125880   0.00001428     0.00494637   0.01700753    -0.01455318  -0.01013177
    7   10
  0.00902382   0.00066658    -0.00111619   0.00065929    -0.00615202  -0.00060919
  0.00317882  -0.00245198    -0.02536157   0.00320160    -0.00317882   0.00245198
 -0.00615202  -0.00060919     0.00111619  -0.00065929     0.00902382   0.00066658
    7   11
 -0.01455318  -0.01013177     0.00125880  -0.00001428     0.00494637   0.01700753
 -0.00376761  -0.00377102    -0.00073624  -0.00104102     0.00376761   0.00377102
  0.00494637   0.01700753    -0.00125880   0.00001428    -0.01455318  -0.01013177
    8    1
  0.01611729  -0.04568496     0.00229438  -0.01156743    -0.00229438   0.01156743
  0.00819629  -0.01320094    -0.05620655  -0.01170677    -0.03754402   0.01245330
 -0.00819629   0.01320094    -0.03754402   0.01245330    -0.05620655  -0.01170677
    8    2
 -0.01535195  -0.00120340    -0.01024583  -0.00158528     0.01024583   0.00158528
  0.00114700  -0.00843534     0.00868782  -0.01655435     0.00669305  -0.00774145
 -0.00114700   0.00843534     0.00669305  -0.00774145     0.00868782  -0.01655435
    8    3
  0.00157650  -0.00034518     0.02241260  -0.00150560    -0.02241260   0.00150560
  0.01879912  -0.00002940     0.00053348  -0.00058318     0.01853933  -0.00070659
 -0.01879912   0.00002940     0.01853933  -0.00070659     0.00053348  -0.00058318
    8    4
 -0.03208436  -0.00243237    -0.00465229  -0.00047088    -0.03308117   0.00000000
  0.00477434   0.00000544     0.00407930  -0.00000000     0.00465229  -0.00047088
 -0.03391564   0.00000000    -0.00477434   0.00000544    -0.03208436   0.00243237
    8    5
 -0.00726191   0.00870225     0.00101924   0.00202378    -0.00568546   0.00199100
  0.00174043  -0.00310686     0.00991124  -0.02206794    -0.00101924  -0.00202378
 -0.00185324   0.00128767    -0.00174043   0.00310686    -0.00726191   0.00870225
    8    6
 -0.00073624  -0.00104102     0.00125880  -0.00001428    -0.00125880   0.00001428
 -0.00376761  -0.00377102    -0.01455318  -0.01013177     0.00494637   0.01700753
  0.00376761   0.00377102     0.00494637   0.01700753    -0.01455318  -0.01013177
    8    7
 -0.02536157  -0.00320160    -0.00111619  -0.00065929     0.00111619   0.00065929
  0.00317882   0.00245198     0.00902382  -0.00066658    -0.00615202   0.00060919
 -0.00317882  -0.00245198    -0.00615202   0.00060919     0.00902382  -0.00066658
    8    8
  0.18830221   0.00000000    -0.01723685   0.00062388     0.01723685  -0.00062388
 -0.01723685  -0.00062388     0.18478643  -0.00000000    -0.01448971   0.00000000
  0.01723685   0.00062388    -0.01448971   0.00000000     0.18478643  -0.00000000
    8    9
 -0.00165178   0.00058047     0.00157692  -0.00010755    -0.00157692   0.00010755
  0.00157692  -0.00010755    -0.00412224   0.00104682     0.00260150  -0.00358883
 -0.00157692   0.00010755     0.00260150  -0.00358883    -0.00412224   0.00104682
    8   10
 -0.03208436  -0.00243237     0.03308117  -0.00000000     0.00465229   0.00047088
  0.03391564  -0.00000000    -0.03208436   0.00243237    -0.00477434   0.00000544
 -0.00477434  -0.00000544     0.00465229  -0.00047088     0.00407930  -0.00000000
    8   11
 -0.00726191   0.00870225     0.00568546  -0.00199100    -0.00101924  -0.00202378
  0.00185324  -0.00128767    -0.00726191   0.00870225    -0.00174043   0.00310686
 -0.00174043   0.00310686    -0.00101924  -0.00202378     0.00991124  -0.02206794
    9    1
  0.01611729   0.04568496     0.00229438   0.01156743    -0.00229438  -0.01156743
  0.00819629   0.01320094    -0.05620655   0.01170677    -0.03754402  -0.01245330
 -0.00819629  -0.01320094    -0.03754402  -0.01245330    -0.05620655   0.01170677
    9    2
  0.00157650   0.00034518     0.02241260   0.00150560    -0.02241260  -0.00150560
  0.01879912   0.00002940     0.00053348   0.00058318     0.01853933   0.00070659
 -0.01879912  -0.00002940     0.01853933   0.00070659     0.00053348   0.00058318
    9    3
 -0.01535195   0.00120340    -0.01024583   0.00158528     0.01024583  -0.00158528
  0.00114700   0.00843534     0.00868782   0.01655435     0.00669305   0.00774145
 -0.00114700  -0.00843534     0.00669305   0.00774145     0.00868782   0.01655435
    9    4
 -0.00726191  -0.00870225     0.00101924  -0.00202378    -0.00568546  -0.00199100
  0.00174043   0.00310686     0.00991124   0.02206794    -0.00101924   0.00202378
 -0.00185324  -0.00128767    -0.00174043  -0.00310686    -0.00726191  -0.00870225
    9    5
 -0.03208436   0.00243237    -0.00465229   0.00047088    -0.03308117   0.00000000
  0.00477434  -0.00000544     0.00407930  -0.00000000     0.00465229   0.00047088
 -0.03391564   0.00000000    -0.00477434  -0.00000544    -0.03208436  -0.00243237
    9    6
 -0.02536157   0.00320160    -0.00111619   0.00065929     0.00111619  -0.00065929
  0.00317882  -0.00245198     0.00902382   0.00066658    -0.00615202  -0.00060919
 -0.00317882   0.00245198    -0.00615202  -0.00060919     0.00902382   0.00066658
    9    7
 -0.00073624   0.00104102     0.00125880   0.00001428    -0.00125880  -0.00001428
 -0.00376761   0.00377102    -0.01455318   0.01013177     0.00494637  -0.01700753
  0.00376761  -0.00377102     0.00494637  -0.01700753    -0.01455318   0.01013177
    9    8
 -0.00165178  -0.00058047     0.00157692   0.00010755    -0.00157692  -0.00010755
  0.00157692   0.00010755    -0.00412224  -0.00104682     0.00260150   0.00358883
 -0.00157692  -0.00010755     0.00260150   0.00358883    -0.00412224  -0.00104682
    9    9
  0.18830221  -0.00000000    -0.01723685  -0.00062388     0.01723685   0.00062388
 -0.01723685   0.00062388     0.18478643   0.00000000    -0.01448971  -0.00000000
  0.01723685  -0.00062388    -0.01448971  -0.00000000     0.18478643   0.00000000
    9   10
 -0.00726191  -0.00870225     0.00568546   0.00199100    -0.00101924   0.00202378
  0.00185324   0.00128767    -0.00726191  -0.00870225    -0.00174043  -0.00310686
 -0.00174043  -0.00310686    -0.00101924   0.00202378     0.00991124   0.02206794
    9   11
 -0.03208436   0.00243237     0.03308117  -0.00000000     0.00465229  -0.00047088
  0.03391564  -0.00000000    -0.03208436  -0.00243237    -0.00477434  -0.00000544
 -0.00477434   0.00000544     0.00465229   0.00047088     0.00407930  -0.00000000
   10    1
 -0.05620655  -0.01170677     0.00819629  -0.01320094    -0.03754402   0.01245330
  0.00229438  -0.01156743     0.01611729  -0.04568496    -0.00229438   0.01156743
 -0.03754402   0.01245330    -0.00819629   0.01320094    -0.05620655  -0.01170677
   10    2
  0.00868782  -0.01655435     0.00114700  -0.00843534     0.00669305  -0.00774145
 -0.01024583  -0.00158528    -0.01535195  -0.00120340     0.01024583   0.00158528
  0.00669305  -0.00774145    -0.00114700   0.00843534     0.00868782  -0.01655435
   10    3
  0.00053348  -0.00058318     0.01879912  -0.00002940     0.01853933  -0.00070659
  0.02241260  -0.00150560     0.00157650  -0.00034518    -0.02241260   0.00150560
  0.01853933  -0.00070659    -0.01879912   0.00002940     0.00053348  -0.00058318
   10    4
  0.00407930  -0.00000000     0.00477434   0.00000544     0.00465229  -0.00047088
 -0.00465229  -0.00047088    -0.03208436  -0.00243237    -0.03308117   0.00000000
 -0.00477434   0.00000544    -0.03391564   0.00000000    -0.03208436   0.00243237
   10    5
  0.00991124  -0.02206794     0.00174043  -0.00310686    -0.00101924  -0.00202378
  0.00101924   0.00202378    -0.00726191   0.00870225    -0.00568546   0.00199100
 -0.00174043   0.00310686    -0.00185324   0.00128767    -0.00726191   0.00870225
   10    6
 -0.01455318  -0.01013177    -0.00376761  -0.00377102     0.00494637   0.01700753
  0.00125880  -0.00001428    -0.00073624  -0.00104102    -0.00125880   0.00001428
  0.00494637   0.01700753     0.00376761   0.00377102    -0.01455318  -0.01013177
   10    7
  0.00902382  -0.00066658     0.00317882   0.00245198    -0.00615202   0.00060919
 -0.00111619  -0.00065929    -0.02536157  -0.00320160     0.00111619   0.00065929
 -0.00615202   0.00060919    -0.00317882  -0.00245198     0.00902382  -0.00066658
   10    8
 -0.03208436   0.00243237     0.03391564   0.00000000    -0.00477434   0.00000544
  0.03308117   0.00000000    -0.03208436  -0.00243237     0.00465229   0.00047088
  0.00465229  -0.00047088    -0.00477434  -0.00000544     0.00407930  -0.00000000
   10    9
 -0.00726191   0.00870225     0.00185324  -0.00128767    -0.00174043   0.00310686
  0.00568546  -0.00199100    -0.00726191   0.00870225    -0.00101924  -0.00202378
 -0.00101924  -0.00202378    -0.00174043   0.00310686     0.00991124  -0.02206794
   10   10
  0.18478643   0.00000000    -0.01723685  -0.00062388    -0.01448971  -0.00000000
 -0.01723685   0.00062388     0.18830221   0.00000000     0.01723685  -0.00062388
 -0.01448971  -0.00000000     0.01723685   0.00062388     0.18478643   0.00000000
   10   11
 -0.00412224   0.00104682     0.00157692  -0.00010755     0.00260150  -0.00358883
  0.00157692  -0.00010755    -0.00165178   0.00058047    -0.00157692   0.00010755
  0.00260150  -0.00358883    -0.00157692   0.00010755    -0.00412224   0.00104682
   11    1
 -0.05620655   0.01170677     0.00819629   0.01320094    -0.03754402  -0.01245330
  0.00229438   0.01156743     0.01611729   0.04568496    -0.00229438  -0.01156743
 -0.03754402  -0.01245330    -0.00819629  -0.01320094    -0.05620655   0.01170677
   11    2
  0.00053348   0.00058318     0.01879912   0.00002940     0.01853933   0.00070659
  0.02241260   0.00150560     0.00157650   0.00034518    -0.02241260  -0.00150560
  0.01853933   0.00070659    -0.01879912  -0.00002940     0.00053348   0.00058318
   11    3
  0.00868782   0.01655435     0.00114700   0.00843534     0.00669305   0.00774145
 -0.01024583   0.00158528    -0.01535195   0.00120340     0.01024583  -0.00158528
  0.00669305   0.00774145    -0.00114700  -0.00843534     0.00868782   0.01655435
   11    4
  0.00991124   0.02206794     0.00174043   0.00310686    -0.00101924   0.00202378
  0.00101924  -0.00202378    -0.00726191  -0.00870225    -0.00568546  -0.00199100
 -0.00174043  -0.00310686    -0.00185324  -0.00128767    -0.00726191  -0.00870225
   11    5
  0.00407930   0.00000000     0.00477434  -0.00000544     0.00465229   0.00047088
 -0.00465229   0.00047088    -0.03208436   0.00243237    -0.03308117   0.00000000
 -0.00477434  -0.00000544    -0.03391564   0.00000000    -0.03208436  -0.00243237
   11    6
  0.00902382   0.00066658     0.00317882  -0.00245198    -0.00615202  -0.00060919
 -0.00111619   0.00065929    -0.02536157   0.00320160     0.00111619  -0.00065929
 -0.00615202  -0.00060919    -0.00317882   0.00245198     0.00902382   0.00066658
   11    7
 -0.01455318   0.01013177    -0.00376761   0.00377102     0.00494637  -0.01700753
  0.00125880   0.00001428    -0.00073624   0.00104102    -0.00125880  -0.00001428
  0.00494637  -0.01700753     0.00376761  -0.00377102    -0.01455318   0.01013177
   11    8
 -0.00726191  -0.00870225     0.00185324   0.00128767    -0.00174043  -0.00310686
  0.00568546   0.00199100    -0.00726191  -0.00870225    -0.00101924   0.00202378
 -0.00101924   0.00202378    -0.00174043  -0.00310686     0.00991124   0.02206794
   11    9
 -0.03208436  -0.00243237     0.03391564   0.00000000    -0.00477434  -0.00000544
  0.03308117   0.00000000    -0.03208436   0.00243237     0.00465229  -0.00047088
  0.00465229   0.00047088    -0.00477434   0.00000544     0.00407930   0.00000000
   11   10
 -0.00412224  -0.00104682     0.00157692   0.00010755     0.00260150   0.00358883
  0.00157692   0.00010755    -0.00165178  -0.00058047    -0.00157692  -0.00010755
  0.00260150   0.00358883    -0.00157692  -0.00010755    -0.00412224  -0.00104682
   11   11
  0.18478643  -0.00000000    -0.01723685   0.00062388    -0.01448971   0.00000000
 -0.01723685  -0.00062388     0.18830221  -0.00000000     0.01723685   0.00062388
 -0.01448971   0.00000000     0.01723685  -0.00062388     0.18478643  -0.00000000

     Dynamical  Matrix in cartesian axes

     q = (    0.235702260  -0.235702260  -0.235702260 ) 

    1    1
  0.90117323   0.00000000    -0.09009940   0.00000000    -0.09009940   0.00000000
 -0.09009940   0.00000000     0.90117323   0.00000000     0.09009940   0.00000000
 -0.09009940   0.00000000     0.09009940   0.00000000     0.90117323   0.00000000
    1    2
 -0.02452004   0.00376884    -0.04078667  -0.01746655    -0.04078667  -0.01746655
 -0.04078667  -0.01746655    -0.02452004   0.00376884     0.04078667   0.01746655
 -0.04078667  -0.01746655     0.04078667   0.01746655    -0.02452004   0.00376884
    1    3
 -0.02452004  -0.00376884    -0.04078667   0.01746655    -0.04078667   0.01746655
 -0.04078667   0.01746655    -0.02452004  -0.00376884     0.04078667  -0.01746655
 -0.04078667   0.01746655     0.04078667  -0.01746655    -0.02452004  -0.00376884
    1    4
  0.01611729  -0.04568496    -0.00819629   0.01320094    -0.00819629   0.01320094
 -0.00229438   0.01156743    -0.05620655  -0.01170677     0.03754402  -0.01245330
 -0.00229438   0.01156743     0.03754402  -0.01245330    -0.05620655  -0.01170677
    1    5
  0.01611729   0.04568496    -0.00819629  -0.01320094    -0.00819629  -0.01320094
 -0.00229438  -0.01156743    -0.05620655   0.01170677     0.03754402   0.01245330
 -0.00229438  -0.01156743     0.03754402   0.01245330    -0.05620655   0.01170677
    1    6
 -0.05620655  -0.01170677    -0.00229438   0.01156743    -0.03754402   0.01245330
 -0.00819629   0.01320094     0.01611729  -0.04568496     0.00819629  -0.01320094
 -0.03754402   0.01245330     0.00229438  -0.01156743    -0.05620655  -0.01170677
    1    7
 -0.05620655   0.01170677    -0.00229438  -0.01156743    -0.03754402  -0.01245330
 -0.00819629  -0.01320094     0.01611729   0.04568496     0.00819629   0.01320094
 -0.03754402  -0.01245330     0.00229438   0.01156743    -0.05620655   0.01170677
    1    8
 -0.05620655  -0.01170677    -0.03754402   0.01245330    -0.00229438   0.01156743
 -0.03754402   0.01245330    -0.05620655  -0.01170677     0.00229438  -0.01156743
 -0.00819629   0.01320094     0.00819629  -0.01320094     0.01611729  -0.04568496
    1    9
 -0.05620655   0.01170677    -0.03754402  -0.01245330    -0.00229438  -0.01156743
 -0.03754402  -0.01245330    -0.05620655   0.01170677     0.00229438   0.01156743
 -0.00819629  -0.01320094     0.00819629   0.01320094     0.01611729   0.04568496
    1   10
 -0.05677859   0.00596109    -0.03278227  -0.00040649    -0.03278227  -0.00040649
 -0.03278227  -0.00040649    -0.05677859   0.00596109     0.03278227   0.00040649
 -0.03278227  -0.00040649     0.03278227   0.00040649    -0.05677859   0.00596109
    1   11
 -0.05677859  -0.00596109    -0.03278227   0.00040649    -0.03278227   0.00040649
 -0.03278227   0.00040649    -0.05677859  -0.00596109     0.03278227  -0.00040649
 -0.03278227   0.00040649     0.03278227  -0.00040649    -0.05677859  -0.00596109
    2    1
 -0.02452004  -0.00376884    -0.04078667   0.01746655    -0.04078667   0.01746655
 -0.04078667   0.01746655    -0.02452004  -0.00376884     0.04078667  -0.01746655
 -0.04078667   0.01746655     0.04078667  -0.01746655    -0.02452004  -0.00376884
    2    2
  0.11059694   0.00000000    -0.00062645   0.00000000    -0.00062645   0.00000000
 -0.00062645   0.00000000     0.11059694   0.00000000     0.00062645   0.00000000
 -0.00062645   0.00000000     0.00062645   0.00000000     0.11059694   0.00000000
    2    3
  0.00415497   0.00705150    -0.00299435  -0.00193977    -0.00299435  -0.00193977
 -0.00299435  -0.00193977     0.00415497   0.00705150     0.00299435   0.00193977
 -0.00299435  -0.00193977     0.00299435   0.00193977     0.00415497   0.00705150
    2    4
 -0.01535195  -0.00120340    -0.00114700   0.00843534    -0.00114700   0.00843534
  0.01024583   0.00158528     0.00868782  -0.01655435    -0.00669305   0.00774145
  0.01024583   0.00158528    -0.00669305   0.00774145     0.00868782  -0.01655435
    2    5
  0.00157650   0.00034518    -0.01879912  -0.00002940    -0.01879912  -0.00002940
 -0.02241260  -0.00150560     0.00053348   0.00058318    -0.01853933  -0.00070659
 -0.02241260  -0.00150560    -0.01853933  -0.00070659     0.00053348   0.00058318
    2    6
  0.00868782  -0.01655435     0.01024583   0.00158528     0.00669305  -0.00774145
 -0.00114700   0.00843534    -0.01535195  -0.00120340     0.00114700  -0.00843534
  0.00669305  -0.00774145    -0.01024583  -0.00158528     0.00868782  -0.01655435
    2    7
  0.00053348   0.00058318    -0.02241260  -0.00150560     0.01853933   0.00070659
 -0.01879912  -0.00002940     0.00157650   0.00034518     0.01879912   0.00002940
  0.01853933   0.00070659     0.02241260   0.00150560     0.00053348   0.00058318
    2    8
  0.00868782  -0.01655435     0.00669305  -0.00774145     0.01024583   0.00158528
  0.00669305  -0.00774145     0.00868782  -0.01655435    -0.01024583  -0.00158528
 -0.00114700   0.00843534     0.00114700  -0.00843534    -0.01535195  -0.00120340
    2    9
  0.00053348   0.00058318     0.01853933   0.00070659    -0.02241260  -0.00150560
  0.01853933   0.00070659     0.00053348   0.00058318     0.02241260   0.00150560
 -0.01879912  -0.00002940     0.01879912   0.00002940     0.00157650   0.00034518
    2   10
 -0.02215383   0.00091777    -0.01087018   0.00286677    -0.01087018   0.00286677
 -0.01087018   0.00286677    -0.02215383   0.00091777     0.01087018  -0.00286677
 -0.01087018   0.00286677     0.01087018  -0.00286677    -0.02215383   0.00091777
    2   11
  0.00248206  -0.00065621     0.02103911  -0.00468486     0.02103911  -0.00468486
  0.02103911  -0.00468486     0.00248206  -0.00065621    -0.02103911   0.00468486
  0.02103911  -0.00468486    -0.02103911   0.00468486     0.00248206  -0.00065621
    3    1
 -0.02452004   0.00376884    -0.04078667  -0.01746655    -0.04078667  -0.01746655
 -0.04078667  -0.01746655    -0.02452004   0.00376884     0.04078667   0.01746655
 -0.04078667  -0.01746655     0.04078667   0.01746655    -0.02452004   0.00376884
    3    2
  0.00415497  -0.00705150    -0.00299435   0.00193977    -0.00299435   0.00193977
 -0.00299435   0.00193977     0.00415497  -0.00705150     0.00299435  -0.00193977
 -0.00299435   0.00193977     0.00299435  -0.00193977     0.00415497  -0.00705150
    3    3
  0.11059694   0.00000000    -0.00062645   0.00000000    -0.00062645   0.00000000
 -0.00062645   0.00000000     0.11059694   0.00000000     0.00062645   0.00000000
 -0.00062645   0.00000000     0.00062645   0.00000000     0.11059694   0.00000000
    3    4
  0.00157650  -0.00034518    -0.01879912   0.00002940    -0.01879912   0.00002940
 -0.02241260   0.00150560     0.00053348  -0.00058318    -0.01853933   0.00070659
 -0.02241260   0.00150560    -0.01853933   0.00070659     0.00053348  -0.00058318
    3    5
 -0.01535195   0.00120340    -0.00114700  -0.00843534    -0.00114700  -0.00843534
  0.01024583  -0.00158528     0.00868782   0.01655435    -0.00669305  -0.00774145
  0.01024583  -0.00158528    -0.00669305  -0.00774145     0.00868782   0.01655435
    3    6
  0.00053348  -0.00058318    -0.02241260   0.00150560     0.01853933  -0.00070659
 -0.01879912   0.00002940     0.00157650  -0.00034518     0.01879912  -0.00002940
  0.01853933  -0.00070659     0.02241260  -0.00150560     0.00053348  -0.00058318
    3    7
  0.00868782   0.01655435     0.01024583  -0.00158528     0.00669305   0.00774145
 -0.00114700  -0.00843534    -0.01535195   0.00120340     0.00114700   0.00843534
  0.00669305   0.00774145    -0.01024583   0.00158528     0.00868782   0.01655435
    3    8
  0.00053348  -0.00058318     0.01853933  -0.00070659    -0.02241260   0.00150560
