Dynamical matrix file
Electron-phonon coefficients for Ce1H10                                    
  2   11   0   6.3832998   0.0000000   0.0000000   0.0000000   0.0000000   0.0000000
Basis vectors
      0.000000000    0.707106781    0.707106781
      0.707106781    0.000000000    0.707106781
      0.707106781    0.707106781    0.000000000
           1  'Ce     '    127707.921567413     
           2  'H      '    918.681110398939     
    1    1      0.7071067812      0.7071067812      0.7071067812
    2    2      0.3535533906      0.3535533906      0.3535533906
    3    2      1.0606601718      1.0606601718      1.0606601718
    4    2      1.2411447683      1.2411447683      1.2411447683
    5    2      0.1730687941      0.1730687941      0.1730687941
    6    2      0.8801755753      0.8801755753      1.2411447683
    7    2      0.5340379871      0.5340379871      0.1730687941
    8    2      0.8801755753      1.2411447683      0.8801755753
    9    2      0.5340379871      0.1730687941      0.5340379871
   10    2      1.2411447683      0.8801755753      0.8801755753
   11    2      0.1730687941      0.5340379871      0.5340379871

     Dynamical  Matrix in cartesian axes

     q = (    0.117851130   0.117851130  -0.117851130 ) 

    1    1
  0.76189335   0.00000000     0.02637493   0.00000000    -0.02637493   0.00000000
  0.02637493   0.00000000     0.76189335   0.00000000    -0.02637493   0.00000000
 -0.02637493   0.00000000    -0.02637493   0.00000000     0.76189335   0.00000000
    1    2
 -0.03338322  -0.00605748     0.01141322  -0.01998527    -0.01141322   0.01998527
  0.01141322  -0.01998527    -0.03338322  -0.00605748    -0.01141322   0.01998527
 -0.01141322   0.01998527    -0.01141322   0.01998527    -0.03338322  -0.00605748
    1    3
 -0.03338322   0.00605748     0.01141322   0.01998527    -0.01141322  -0.01998527
  0.01141322   0.01998527    -0.03338322   0.00605748    -0.01141322  -0.01998527
 -0.01141322  -0.01998527    -0.01141322  -0.01998527    -0.03338322   0.00605748
    1    4
 -0.06759481   0.01658553     0.02599052   0.01338596     0.01218156  -0.01040721
  0.02599052   0.01338596    -0.06759481   0.01658553     0.01218156  -0.01040721
  0.00693640  -0.01472255     0.00693640  -0.01472255    -0.04730382   0.04314660
    1    5
 -0.06759481  -0.01658553     0.02599052  -0.01338596     0.01218156   0.01040721
  0.02599052  -0.01338596    -0.06759481  -0.01658553     0.01218156   0.01040721
  0.00693640   0.01472255     0.00693640   0.01472255    -0.04730382  -0.04314660
    1    6
 -0.06894974  -0.01044351     0.02609087  -0.00229555    -0.02609087   0.00229555
  0.02609087  -0.00229555    -0.06894974  -0.01044351    -0.02609087   0.00229555
 -0.02609087   0.00229555    -0.02609087   0.00229555    -0.06894974  -0.01044351
    1    7
 -0.06894974   0.01044351     0.02609087   0.00229555    -0.02609087  -0.00229555
  0.02609087   0.00229555    -0.06894974   0.01044351    -0.02609087  -0.00229555
 -0.02609087  -0.00229555    -0.02609087  -0.00229555    -0.06894974   0.01044351
    1    8
 -0.04730382   0.04314660    -0.00693640   0.01472255     0.00693640  -0.01472255
 -0.01218156   0.01040721    -0.06759481   0.01658553    -0.02599052  -0.01338596
  0.01218156  -0.01040721    -0.02599052  -0.01338596    -0.06759481   0.01658553
    1    9
 -0.04730382  -0.04314660    -0.00693640  -0.01472255     0.00693640   0.01472255
 -0.01218156  -0.01040721    -0.06759481  -0.01658553    -0.02599052   0.01338596
  0.01218156   0.01040721    -0.02599052   0.01338596    -0.06759481  -0.01658553
    1   10
 -0.06759481   0.01658553    -0.01218156   0.01040721    -0.02599052  -0.01338596
 -0.00693640   0.01472255    -0.04730382   0.04314660     0.00693640  -0.01472255
 -0.02599052  -0.01338596     0.01218156  -0.01040721    -0.06759481   0.01658553
    1   11
 -0.06759481  -0.01658553    -0.01218156  -0.01040721    -0.02599052   0.01338596
 -0.00693640  -0.01472255    -0.04730382  -0.04314660     0.00693640   0.01472255
 -0.02599052   0.01338596     0.01218156   0.01040721    -0.06759481  -0.01658553
    2    1
 -0.03338322   0.00605748     0.01141322   0.01998527    -0.01141322  -0.01998527
  0.01141322   0.01998527    -0.03338322   0.00605748    -0.01141322  -0.01998527
 -0.01141322  -0.01998527    -0.01141322  -0.01998527    -0.03338322   0.00605748
    2    2
  0.10637537   0.00000000    -0.00027345   0.00000000     0.00027345   0.00000000
 -0.00027345   0.00000000     0.10637537   0.00000000     0.00027345   0.00000000
  0.00027345   0.00000000     0.00027345   0.00000000     0.10637537   0.00000000
    2    3
  0.00835332  -0.00512427     0.00100338  -0.00121718    -0.00100338   0.00121718
  0.00100338  -0.00121718     0.00835332  -0.00512427    -0.00100338   0.00121718
 -0.00100338   0.00121718    -0.00100338   0.00121718     0.00835332  -0.00512427
    2    4
 -0.00865871   0.01493259     0.00396097  -0.00961681     0.01104525  -0.00164051
  0.00396097  -0.00961681    -0.00865871   0.01493259     0.01104525  -0.00164051
  0.00679188  -0.00844966     0.00679188  -0.00844966    -0.01523947   0.00104939
    2    5
 -0.00188371  -0.00107932    -0.01737919   0.00041396    -0.01902055   0.00117820
 -0.01737919   0.00041396    -0.00188371  -0.00107932    -0.01902055   0.00117820
 -0.01771303   0.00066601    -0.01771303   0.00066601    -0.00123286  -0.00061859
    2    6
 -0.01834792  -0.00187851     0.01089791   0.00173705    -0.01089791  -0.00173705
  0.01089791   0.00173705    -0.01834792  -0.00187851    -0.01089791  -0.00173705
 -0.01089791  -0.00173705    -0.01089791  -0.00173705    -0.01834792  -0.00187851
    2    7
 -0.00083661   0.00196027    -0.01775350  -0.00336221     0.01775350   0.00336221
 -0.01775350  -0.00336221    -0.00083661   0.00196027     0.01775350   0.00336221
  0.01775350   0.00336221     0.01775350   0.00336221    -0.00083661   0.00196027
    2    8
 -0.01523947   0.00104939    -0.00679188   0.00844966     0.00679188  -0.00844966
 -0.01104525   0.00164051    -0.00865871   0.01493259    -0.00396097   0.00961681
  0.01104525  -0.00164051    -0.00396097   0.00961681    -0.00865871   0.01493259
    2    9
 -0.00123286  -0.00061859     0.01771303  -0.00066601    -0.01771303   0.00066601
  0.01902055  -0.00117820    -0.00188371  -0.00107932     0.01737919  -0.00041396
 -0.01902055   0.00117820     0.01737919  -0.00041396    -0.00188371  -0.00107932
    2   10
 -0.00865871   0.01493259    -0.01104525   0.00164051    -0.00396097   0.00961681
 -0.00679188   0.00844966    -0.01523947   0.00104939     0.00679188  -0.00844966
 -0.00396097   0.00961681     0.01104525  -0.00164051    -0.00865871   0.01493259
    2   11
 -0.00188371  -0.00107932     0.01902055  -0.00117820     0.01737919  -0.00041396
  0.01771303  -0.00066601    -0.00123286  -0.00061859    -0.01771303   0.00066601
  0.01737919  -0.00041396    -0.01902055   0.00117820    -0.00188371  -0.00107932
    3    1
 -0.03338322  -0.00605748     0.01141322  -0.01998527    -0.01141322   0.01998527
  0.01141322  -0.01998527    -0.03338322  -0.00605748    -0.01141322   0.01998527
 -0.01141322   0.01998527    -0.01141322   0.01998527    -0.03338322  -0.00605748
    3    2
  0.00835332   0.00512427     0.00100338   0.00121718    -0.00100338  -0.00121718
  0.00100338   0.00121718     0.00835332   0.00512427    -0.00100338  -0.00121718
 -0.00100338  -0.00121718    -0.00100338  -0.00121718     0.00835332   0.00512427
    3    3
  0.10637537   0.00000000    -0.00027345   0.00000000     0.00027345   0.00000000
 -0.00027345   0.00000000     0.10637537   0.00000000     0.00027345   0.00000000
  0.00027345   0.00000000     0.00027345   0.00000000     0.10637537   0.00000000
    3    4
 -0.00188371   0.00107932    -0.01737919  -0.00041396    -0.01902055  -0.00117820
 -0.01737919  -0.00041396    -0.00188371   0.00107932    -0.01902055  -0.00117820
 -0.01771303  -0.00066601    -0.01771303  -0.00066601    -0.00123286   0.00061859
    3    5
 -0.00865871  -0.01493259     0.00396097   0.00961681     0.01104525   0.00164051
  0.00396097   0.00961681    -0.00865871  -0.01493259     0.01104525   0.00164051
  0.00679188   0.00844966     0.00679188   0.00844966    -0.01523947  -0.00104939
    3    6
 -0.00083661  -0.00196027    -0.01775350   0.00336221     0.01775350  -0.00336221
 -0.01775350   0.00336221    -0.00083661  -0.00196027     0.01775350  -0.00336221
  0.01775350  -0.00336221     0.01775350  -0.00336221    -0.00083661  -0.00196027
    3    7
 -0.01834792   0.00187851     0.01089791  -0.00173705    -0.01089791   0.00173705
  0.01089791  -0.00173705    -0.01834792   0.00187851    -0.01089791   0.00173705
 -0.01089791   0.00173705    -0.01089791   0.00173705    -0.01834792   0.00187851
    3    8
 -0.00123286   0.00061859     0.01771303   0.00066601    -0.01771303  -0.00066601
  0.01902055   0.00117820    -0.00188371   0.00107932     0.01737919   0.00041396
 -0.01902055  -0.00117820     0.01737919   0.00041396    -0.00188371   0.00107932
    3    9
 -0.01523947  -0.00104939    -0.00679188  -0.00844966     0.00679188   0.00844966
 -0.01104525  -0.00164051    -0.00865871  -0.01493259    -0.00396097  -0.00961681
  0.01104525   0.00164051    -0.00396097  -0.00961681    -0.00865871  -0.01493259
    3   10
 -0.00188371   0.00107932     0.01902055   0.00117820     0.01737919   0.00041396
  0.01771303   0.00066601    -0.00123286   0.00061859    -0.01771303  -0.00066601
  0.01737919   0.00041396    -0.01902055  -0.00117820    -0.00188371   0.00107932
    3   11
 -0.00865871  -0.01493259    -0.01104525  -0.00164051    -0.00396097  -0.00961681
 -0.00679188  -0.00844966    -0.01523947  -0.00104939     0.00679188   0.00844966
 -0.00396097  -0.00961681     0.01104525   0.00164051    -0.00865871  -0.01493259
    4    1
 -0.06759481  -0.01658553     0.02599052  -0.01338596     0.00693640   0.01472255
  0.02599052  -0.01338596    -0.06759481  -0.01658553     0.00693640   0.01472255
  0.01218156   0.01040721     0.01218156   0.01040721    -0.04730382  -0.04314660
    4    2
 -0.00865871  -0.01493259     0.00396097   0.00961681     0.00679188   0.00844966
  0.00396097   0.00961681    -0.00865871  -0.01493259     0.00679188   0.00844966
  0.01104525   0.00164051     0.01104525   0.00164051    -0.01523947  -0.00104939
    4    3
 -0.00188371  -0.00107932    -0.01737919   0.00041396    -0.01771303   0.00066601
 -0.01737919   0.00041396    -0.00188371  -0.00107932    -0.01771303   0.00066601
 -0.01902055   0.00117820    -0.01902055   0.00117820    -0.00123286  -0.00061859
    4    4
  0.18225565   0.00000000     0.01662022  -0.00000000     0.01804055   0.00001845
  0.01662022   0.00000000     0.18225565   0.00000000     0.01804055   0.00001845
  0.01804055  -0.00001845     0.01804055  -0.00001845     0.18395761   0.00000000
    4    5
 -0.00362505  -0.00072887     0.00038955   0.00221111    -0.00075767   0.00082580
  0.00038955   0.00221111    -0.00362505  -0.00072887    -0.00075767   0.00082580
 -0.00075767   0.00082580    -0.00075767   0.00082580    -0.00313148  -0.00256433
    4    6
 -0.02468741  -0.00862124    -0.02302126  -0.01619593     0.00526482   0.00140965
 -0.02302126  -0.01619593    -0.02468741  -0.00862124     0.00526482   0.00140965
 -0.00314675  -0.00060728    -0.00314675  -0.00060728     0.00050619  -0.00048949
    4    7
  0.00542372  -0.00214834     0.00242339  -0.00198107    -0.00438320  -0.00134554
  0.00242339  -0.00198107     0.00542372  -0.00214834    -0.00438320  -0.00134554
  0.00363682   0.00069418     0.00363682   0.00069418    -0.02576510  -0.00309805
    4    8
 -0.03028670   0.00286804     0.00455049  -0.00029815    -0.03294346  -0.00000000
 -0.00471387   0.00061825     0.00219456   0.00000000    -0.00455049  -0.00029815
 -0.03288392  -0.00000000     0.00471387   0.00061825    -0.03028670  -0.00286804
    4    9
  0.00039061   0.00612884    -0.00235827  -0.00357015    -0.00018089   0.00132118
  0.00290480   0.00214314    -0.01480227  -0.02025270     0.00235827   0.00357015
 -0.00268249   0.00390134    -0.00290480  -0.00214314     0.00039061   0.00612884
    4   10
  0.00219456   0.00000000    -0.00471387   0.00061825    -0.00455049  -0.00029815
  0.00455049  -0.00029815    -0.03028670   0.00286804    -0.03294346  -0.00000000
  0.00471387   0.00061825    -0.03288392  -0.00000000    -0.03028670  -0.00286804
    4   11
 -0.01480227  -0.02025270     0.00290480   0.00214314     0.00235827   0.00357015
 -0.00235827  -0.00357015     0.00039061   0.00612884    -0.00018089   0.00132118
 -0.00290480  -0.00214314    -0.00268249   0.00390134     0.00039061   0.00612884
    5    1
 -0.06759481   0.01658553     0.02599052   0.01338596     0.00693640  -0.01472255
  0.02599052   0.01338596    -0.06759481   0.01658553     0.00693640  -0.01472255
  0.01218156  -0.01040721     0.01218156  -0.01040721    -0.04730382   0.04314660
    5    2
 -0.00188371   0.00107932    -0.01737919  -0.00041396    -0.01771303  -0.00066601
 -0.01737919  -0.00041396    -0.00188371   0.00107932    -0.01771303  -0.00066601
 -0.01902055  -0.00117820    -0.01902055  -0.00117820    -0.00123286   0.00061859
    5    3
 -0.00865871   0.01493259     0.00396097  -0.00961681     0.00679188  -0.00844966
  0.00396097  -0.00961681    -0.00865871   0.01493259     0.00679188  -0.00844966
  0.01104525  -0.00164051     0.01104525  -0.00164051    -0.01523947   0.00104939
    5    4
 -0.00362505   0.00072887     0.00038955  -0.00221111    -0.00075767  -0.00082580
  0.00038955  -0.00221111    -0.00362505   0.00072887    -0.00075767  -0.00082580
 -0.00075767  -0.00082580    -0.00075767  -0.00082580    -0.00313148   0.00256433
    5    5
  0.18225565  -0.00000000     0.01662022   0.00000000     0.01804055  -0.00001845
  0.01662022  -0.00000000     0.18225565  -0.00000000     0.01804055  -0.00001845
  0.01804055   0.00001845     0.01804055   0.00001845     0.18395761  -0.00000000
    5    6
  0.00542372   0.00214834     0.00242339   0.00198107    -0.00438320   0.00134554
  0.00242339   0.00198107     0.00542372   0.00214834    -0.00438320   0.00134554
  0.00363682  -0.00069418     0.00363682  -0.00069418    -0.02576510   0.00309805
    5    7
 -0.02468741   0.00862124    -0.02302126   0.01619593     0.00526482  -0.00140965
 -0.02302126   0.01619593    -0.02468741   0.00862124     0.00526482  -0.00140965
 -0.00314675   0.00060728    -0.00314675   0.00060728     0.00050619   0.00048949
    5    8
  0.00039061  -0.00612884    -0.00235827   0.00357015    -0.00018089  -0.00132118
  0.00290480  -0.00214314    -0.01480227   0.02025270     0.00235827  -0.00357015
 -0.00268249  -0.00390134    -0.00290480   0.00214314     0.00039061  -0.00612884
    5    9
 -0.03028670  -0.00286804     0.00455049   0.00029815    -0.03294346  -0.00000000
 -0.00471387  -0.00061825     0.00219456  -0.00000000    -0.00455049   0.00029815
 -0.03288392  -0.00000000     0.00471387  -0.00061825    -0.03028670   0.00286804
    5   10
 -0.01480227   0.02025270     0.00290480  -0.00214314     0.00235827  -0.00357015
 -0.00235827   0.00357015     0.00039061  -0.00612884    -0.00018089  -0.00132118
 -0.00290480   0.00214314    -0.00268249  -0.00390134     0.00039061  -0.00612884
    5   11
  0.00219456  -0.00000000    -0.00471387  -0.00061825    -0.00455049   0.00029815
  0.00455049   0.00029815    -0.03028670  -0.00286804    -0.03294346  -0.00000000
  0.00471387  -0.00061825    -0.03288392   0.00000000    -0.03028670   0.00286804
    6    1
 -0.06894974   0.01044351     0.02609087   0.00229555    -0.02609087  -0.00229555
  0.02609087   0.00229555    -0.06894974   0.01044351    -0.02609087  -0.00229555
 -0.02609087  -0.00229555    -0.02609087  -0.00229555    -0.06894974   0.01044351
    6    2
 -0.01834792   0.00187851     0.01089791  -0.00173705    -0.01089791   0.00173705
  0.01089791  -0.00173705    -0.01834792   0.00187851    -0.01089791   0.00173705
 -0.01089791   0.00173705    -0.01089791   0.00173705    -0.01834792   0.00187851
    6    3
 -0.00083661   0.00196027    -0.01775350  -0.00336221     0.01775350   0.00336221
 -0.01775350  -0.00336221    -0.00083661   0.00196027     0.01775350   0.00336221
  0.01775350   0.00336221     0.01775350   0.00336221    -0.00083661   0.00196027
    6    4
 -0.02468741   0.00862124    -0.02302126   0.01619593    -0.00314675   0.00060728
 -0.02302126   0.01619593    -0.02468741   0.00862124    -0.00314675   0.00060728
  0.00526482  -0.00140965     0.00526482  -0.00140965     0.00050619   0.00048949
    6    5
  0.00542372  -0.00214834     0.00242339  -0.00198107     0.00363682   0.00069418
  0.00242339  -0.00198107     0.00542372  -0.00214834     0.00363682   0.00069418
 -0.00438320  -0.00134554    -0.00438320  -0.00134554    -0.02576510  -0.00309805
    6    6
  0.18154415   0.00000000     0.01565629   0.00000000    -0.01565629  -0.00000000
  0.01565629   0.00000000     0.18154415   0.00000000    -0.01565629  -0.00000000
 -0.01565629  -0.00000000    -0.01565629  -0.00000000     0.18154415   0.00000000
    6    7
 -0.00243410  -0.00150156    -0.00013116  -0.00319409     0.00013116   0.00319409
 -0.00013116  -0.00319409    -0.00243410  -0.00150156     0.00013116   0.00319409
  0.00013116   0.00319409     0.00013116   0.00319409    -0.00243410  -0.00150156
    6    8
  0.00050619   0.00048949    -0.00526482   0.00140965     0.00526482  -0.00140965
  0.00314675  -0.00060728    -0.02468741   0.00862124     0.02302126  -0.01619593
 -0.00314675   0.00060728     0.02302126  -0.01619593    -0.02468741   0.00862124
    6    9
 -0.02576510  -0.00309805     0.00438320   0.00134554    -0.00438320  -0.00134554
 -0.00363682  -0.00069418     0.00542372  -0.00214834    -0.00242339   0.00198107
  0.00363682   0.00069418    -0.00242339   0.00198107     0.00542372  -0.00214834
    6   10
 -0.02468741   0.00862124     0.00314675  -0.00060728     0.02302126  -0.01619593
 -0.00526482   0.00140965     0.00050619   0.00048949     0.00526482  -0.00140965
  0.02302126  -0.01619593    -0.00314675   0.00060728    -0.02468741   0.00862124
    6   11
  0.00542372  -0.00214834    -0.00363682  -0.00069418    -0.00242339   0.00198107
  0.00438320   0.00134554    -0.02576510  -0.00309805    -0.00438320  -0.00134554
 -0.00242339   0.00198107     0.00363682   0.00069418     0.00542372  -0.00214834
    7    1
 -0.06894974  -0.01044351     0.02609087  -0.00229555    -0.02609087   0.00229555
  0.02609087  -0.00229555    -0.06894974  -0.01044351    -0.02609087   0.00229555
 -0.02609087   0.00229555    -0.02609087   0.00229555    -0.06894974  -0.01044351
    7    2
 -0.00083661  -0.00196027    -0.01775350   0.00336221     0.01775350  -0.00336221
 -0.01775350   0.00336221    -0.00083661  -0.00196027     0.01775350  -0.00336221
  0.01775350  -0.00336221     0.01775350  -0.00336221    -0.00083661  -0.00196027
    7    3
 -0.01834792  -0.00187851     0.01089791   0.00173705    -0.01089791  -0.00173705
  0.01089791   0.00173705    -0.01834792  -0.00187851    -0.01089791  -0.00173705
 -0.01089791  -0.00173705    -0.01089791  -0.00173705    -0.01834792  -0.00187851
    7    4
  0.00542372   0.00214834     0.00242339   0.00198107     0.00363682  -0.00069418
  0.00242339   0.00198107     0.00542372   0.00214834     0.00363682  -0.00069418
 -0.00438320   0.00134554    -0.00438320   0.00134554    -0.02576510   0.00309805
    7    5
 -0.02468741  -0.00862124    -0.02302126  -0.01619593    -0.00314675  -0.00060728
 -0.02302126  -0.01619593    -0.02468741  -0.00862124    -0.00314675  -0.00060728
  0.00526482   0.00140965     0.00526482   0.00140965     0.00050619  -0.00048949
    7    6
 -0.00243410   0.00150156    -0.00013116   0.00319409     0.00013116  -0.00319409
 -0.00013116   0.00319409    -0.00243410   0.00150156     0.00013116  -0.00319409
  0.00013116  -0.00319409     0.00013116  -0.00319409    -0.00243410   0.00150156
    7    7
  0.18154415  -0.00000000     0.01565629  -0.00000000    -0.01565629   0.00000000
  0.01565629  -0.00000000     0.18154415  -0.00000000    -0.01565629   0.00000000
 -0.01565629   0.00000000    -0.01565629   0.00000000     0.18154415  -0.00000000
    7    8
 -0.02576510   0.00309805     0.00438320  -0.00134554    -0.00438320   0.00134554
 -0.00363682   0.00069418     0.00542372   0.00214834    -0.00242339  -0.00198107
  0.00363682  -0.00069418    -0.00242339  -0.00198107     0.00542372   0.00214834
    7    9
  0.00050619  -0.00048949    -0.00526482  -0.00140965     0.00526482   0.00140965
  0.00314675   0.00060728    -0.02468741  -0.00862124     0.02302126   0.01619593
 -0.00314675  -0.00060728     0.02302126   0.01619593    -0.02468741  -0.00862124
    7   10
  0.00542372   0.00214834    -0.00363682   0.00069418    -0.00242339  -0.00198107
  0.00438320  -0.00134554    -0.02576510   0.00309805    -0.00438320   0.00134554
 -0.00242339  -0.00198107     0.00363682  -0.00069418     0.00542372   0.00214834
    7   11
 -0.02468741  -0.00862124     0.00314675   0.00060728     0.02302126   0.01619593
 -0.00526482  -0.00140965     0.00050619  -0.00048949     0.00526482   0.00140965
  0.02302126   0.01619593    -0.00314675  -0.00060728    -0.02468741  -0.00862124
    8    1
 -0.04730382  -0.04314660    -0.01218156  -0.01040721     0.01218156   0.01040721
 -0.00693640  -0.01472255    -0.06759481  -0.01658553    -0.02599052   0.01338596
  0.00693640   0.01472255    -0.02599052   0.01338596    -0.06759481  -0.01658553
    8    2
 -0.01523947  -0.00104939    -0.01104525  -0.00164051     0.01104525   0.00164051
 -0.00679188  -0.00844966    -0.00865871  -0.01493259    -0.00396097  -0.00961681
  0.00679188   0.00844966    -0.00396097  -0.00961681    -0.00865871  -0.01493259
    8    3
 -0.00123286  -0.00061859     0.01902055  -0.00117820    -0.01902055   0.00117820
  0.01771303  -0.00066601    -0.00188371  -0.00107932     0.01737919  -0.00041396
 -0.01771303   0.00066601     0.01737919  -0.00041396    -0.00188371  -0.00107932
    8    4
 -0.03028670  -0.00286804    -0.00471387  -0.00061825    -0.03288392   0.00000000
  0.00455049   0.00029815     0.00219456   0.00000000     0.00471387  -0.00061825
 -0.03294346   0.00000000    -0.00455049   0.00029815    -0.03028670   0.00286804
    8    5
  0.00039061   0.00612884     0.00290480   0.00214314    -0.00268249   0.00390134
 -0.00235827  -0.00357015    -0.01480227  -0.02025270    -0.00290480  -0.00214314
 -0.00018089   0.00132118     0.00235827   0.00357015     0.00039061   0.00612884
    8    6
  0.00050619  -0.00048949     0.00314675   0.00060728    -0.00314675  -0.00060728
 -0.00526482  -0.00140965    -0.02468741  -0.00862124     0.02302126   0.01619593
  0.00526482   0.00140965     0.02302126   0.01619593    -0.02468741  -0.00862124
    8    7
 -0.02576510  -0.00309805    -0.00363682  -0.00069418     0.00363682   0.00069418
  0.00438320   0.00134554     0.00542372  -0.00214834    -0.00242339   0.00198107
 -0.00438320  -0.00134554    -0.00242339   0.00198107     0.00542372  -0.00214834
    8    8
  0.18395761   0.00000000    -0.01804055   0.00001845     0.01804055  -0.00001845
 -0.01804055  -0.00001845     0.18225565  -0.00000000    -0.01662022   0.00000000
  0.01804055   0.00001845    -0.01662022   0.00000000     0.18225565  -0.00000000
    8    9
 -0.00313148  -0.00256433     0.00075767  -0.00082580    -0.00075767   0.00082580
  0.00075767  -0.00082580    -0.00362505  -0.00072887    -0.00038955  -0.00221111
 -0.00075767   0.00082580    -0.00038955  -0.00221111    -0.00362505  -0.00072887
    8   10
 -0.03028670  -0.00286804     0.03288392  -0.00000000     0.00471387   0.00061825
  0.03294346  -0.00000000    -0.03028670   0.00286804    -0.00455049   0.00029815
 -0.00455049  -0.00029815     0.00471387  -0.00061825     0.00219456   0.00000000
    8   11
  0.00039061   0.00612884     0.00268249  -0.00390134    -0.00290480  -0.00214314
  0.00018089  -0.00132118     0.00039061   0.00612884     0.00235827   0.00357015
  0.00235827   0.00357015    -0.00290480  -0.00214314    -0.01480227  -0.02025270
    9    1
 -0.04730382   0.04314660    -0.01218156   0.01040721     0.01218156  -0.01040721
 -0.00693640   0.01472255    -0.06759481   0.01658553    -0.02599052  -0.01338596
  0.00693640  -0.01472255    -0.02599052  -0.01338596    -0.06759481   0.01658553
    9    2
 -0.00123286   0.00061859     0.01902055   0.00117820    -0.01902055  -0.00117820
  0.01771303   0.00066601    -0.00188371   0.00107932     0.01737919   0.00041396
 -0.01771303  -0.00066601     0.01737919   0.00041396    -0.00188371   0.00107932
    9    3
 -0.01523947   0.00104939    -0.01104525   0.00164051     0.01104525  -0.00164051
 -0.00679188   0.00844966    -0.00865871   0.01493259    -0.00396097   0.00961681
  0.00679188  -0.00844966    -0.00396097   0.00961681    -0.00865871   0.01493259
    9    4
  0.00039061  -0.00612884     0.00290480  -0.00214314    -0.00268249  -0.00390134
 -0.00235827   0.00357015    -0.01480227   0.02025270    -0.00290480   0.00214314
 -0.00018089  -0.00132118     0.00235827  -0.00357015     0.00039061  -0.00612884
    9    5
 -0.03028670   0.00286804    -0.00471387   0.00061825    -0.03288392   0.00000000
  0.00455049  -0.00029815     0.00219456  -0.00000000     0.00471387   0.00061825
 -0.03294346   0.00000000    -0.00455049  -0.00029815    -0.03028670  -0.00286804
    9    6
 -0.02576510   0.00309805    -0.00363682   0.00069418     0.00363682  -0.00069418
  0.00438320  -0.00134554     0.00542372   0.00214834    -0.00242339  -0.00198107
 -0.00438320   0.00134554    -0.00242339  -0.00198107     0.00542372   0.00214834
    9    7
  0.00050619   0.00048949     0.00314675  -0.00060728    -0.00314675   0.00060728
 -0.00526482   0.00140965    -0.02468741   0.00862124     0.02302126  -0.01619593
  0.00526482  -0.00140965     0.02302126  -0.01619593    -0.02468741   0.00862124
    9    8
 -0.00313148   0.00256433     0.00075767   0.00082580    -0.00075767  -0.00082580
  0.00075767   0.00082580    -0.00362505   0.00072887    -0.00038955   0.00221111
 -0.00075767  -0.00082580    -0.00038955   0.00221111    -0.00362505   0.00072887
    9    9
  0.18395761  -0.00000000    -0.01804055  -0.00001845     0.01804055   0.00001845
 -0.01804055   0.00001845     0.18225565   0.00000000    -0.01662022  -0.00000000
  0.01804055  -0.00001845    -0.01662022  -0.00000000     0.18225565   0.00000000
    9   10
  0.00039061  -0.00612884     0.00268249   0.00390134    -0.00290480   0.00214314
  0.00018089   0.00132118     0.00039061  -0.00612884     0.00235827  -0.00357015
  0.00235827  -0.00357015    -0.00290480   0.00214314    -0.01480227   0.02025270
    9   11
 -0.03028670   0.00286804     0.03288392  -0.00000000     0.00471387  -0.00061825
  0.03294346  -0.00000000    -0.03028670  -0.00286804    -0.00455049  -0.00029815
 -0.00455049   0.00029815     0.00471387   0.00061825     0.00219456  -0.00000000
   10    1
 -0.06759481  -0.01658553    -0.00693640  -0.01472255    -0.02599052   0.01338596
 -0.01218156  -0.01040721    -0.04730382  -0.04314660     0.01218156   0.01040721
 -0.02599052   0.01338596     0.00693640   0.01472255    -0.06759481  -0.01658553
   10    2
 -0.00865871  -0.01493259    -0.00679188  -0.00844966    -0.00396097  -0.00961681
 -0.01104525  -0.00164051    -0.01523947  -0.00104939     0.01104525   0.00164051
 -0.00396097  -0.00961681     0.00679188   0.00844966    -0.00865871  -0.01493259
   10    3
 -0.00188371  -0.00107932     0.01771303  -0.00066601     0.01737919  -0.00041396
  0.01902055  -0.00117820    -0.00123286  -0.00061859    -0.01902055   0.00117820
  0.01737919  -0.00041396    -0.01771303   0.00066601    -0.00188371  -0.00107932
   10    4
  0.00219456   0.00000000     0.00455049   0.00029815     0.00471387  -0.00061825
 -0.00471387  -0.00061825    -0.03028670  -0.00286804    -0.03288392   0.00000000
 -0.00455049   0.00029815    -0.03294346   0.00000000    -0.03028670   0.00286804
   10    5
 -0.01480227  -0.02025270    -0.00235827  -0.00357015    -0.00290480  -0.00214314
  0.00290480   0.00214314     0.00039061   0.00612884    -0.00268249   0.00390134
  0.00235827   0.00357015    -0.00018089   0.00132118     0.00039061   0.00612884
   10    6
 -0.02468741  -0.00862124    -0.00526482  -0.00140965     0.02302126   0.01619593
  0.00314675   0.00060728     0.00050619  -0.00048949    -0.00314675  -0.00060728
  0.02302126   0.01619593     0.00526482   0.00140965    -0.02468741  -0.00862124
   10    7
  0.00542372  -0.00214834     0.00438320   0.00134554    -0.00242339   0.00198107
 -0.00363682  -0.00069418    -0.02576510  -0.00309805     0.00363682   0.00069418
 -0.00242339   0.00198107    -0.00438320  -0.00134554     0.00542372  -0.00214834
   10    8
 -0.03028670   0.00286804     0.03294346   0.00000000    -0.00455049   0.00029815
  0.03288392   0.00000000    -0.03028670  -0.00286804     0.00471387   0.00061825
  0.00471387  -0.00061825    -0.00455049  -0.00029815     0.00219456   0.00000000
   10    9
  0.00039061   0.00612884     0.00018089  -0.00132118     0.00235827   0.00357015
  0.00268249  -0.00390134     0.00039061   0.00612884    -0.00290480  -0.00214314
 -0.00290480  -0.00214314     0.00235827   0.00357015    -0.01480227  -0.02025270
   10   10
  0.18225565   0.00000000    -0.01804055  -0.00001845    -0.01662022  -0.00000000
 -0.01804055   0.00001845     0.18395761   0.00000000     0.01804055  -0.00001845
 -0.01662022  -0.00000000     0.01804055   0.00001845     0.18225565   0.00000000
   10   11
 -0.00362505  -0.00072887     0.00075767  -0.00082580    -0.00038955  -0.00221111
  0.00075767  -0.00082580    -0.00313148  -0.00256433    -0.00075767   0.00082580
 -0.00038955  -0.00221111    -0.00075767   0.00082580    -0.00362505  -0.00072887
   11    1
 -0.06759481   0.01658553    -0.00693640   0.01472255    -0.02599052  -0.01338596
 -0.01218156   0.01040721    -0.04730382   0.04314660     0.01218156  -0.01040721
 -0.02599052  -0.01338596     0.00693640  -0.01472255    -0.06759481   0.01658553
   11    2
 -0.00188371   0.00107932     0.01771303   0.00066601     0.01737919   0.00041396
  0.01902055   0.00117820    -0.00123286   0.00061859    -0.01902055  -0.00117820
  0.01737919   0.00041396    -0.01771303  -0.00066601    -0.00188371   0.00107932
   11    3
 -0.00865871   0.01493259    -0.00679188   0.00844966    -0.00396097   0.00961681
 -0.01104525   0.00164051    -0.01523947   0.00104939     0.01104525  -0.00164051
 -0.00396097   0.00961681     0.00679188  -0.00844966    -0.00865871   0.01493259
   11    4
 -0.01480227   0.02025270    -0.00235827   0.00357015    -0.00290480   0.00214314
  0.00290480  -0.00214314     0.00039061  -0.00612884    -0.00268249  -0.00390134
  0.00235827  -0.00357015    -0.00018089  -0.00132118     0.00039061  -0.00612884
   11    5
  0.00219456  -0.00000000     0.00455049  -0.00029815     0.00471387   0.00061825
 -0.00471387   0.00061825    -0.03028670   0.00286804    -0.03288392   0.00000000
 -0.00455049  -0.00029815    -0.03294346   0.00000000    -0.03028670  -0.00286804
   11    6
  0.00542372   0.00214834     0.00438320  -0.00134554    -0.00242339  -0.00198107
 -0.00363682   0.00069418    -0.02576510   0.00309805     0.00363682  -0.00069418
 -0.00242339  -0.00198107    -0.00438320   0.00134554     0.00542372   0.00214834
   11    7
 -0.02468741   0.00862124    -0.00526482   0.00140965     0.02302126  -0.01619593
  0.00314675  -0.00060728     0.00050619   0.00048949    -0.00314675   0.00060728
  0.02302126  -0.01619593     0.00526482  -0.00140965    -0.02468741   0.00862124
   11    8
  0.00039061  -0.00612884     0.00018089   0.00132118     0.00235827  -0.00357015
  0.00268249   0.00390134     0.00039061  -0.00612884    -0.00290480   0.00214314
 -0.00290480   0.00214314     0.00235827  -0.00357015    -0.01480227   0.02025270
   11    9
 -0.03028670  -0.00286804     0.03294346   0.00000000    -0.00455049  -0.00029815
  0.03288392   0.00000000    -0.03028670   0.00286804     0.00471387  -0.00061825
  0.00471387   0.00061825    -0.00455049   0.00029815     0.00219456  -0.00000000
   11   10
 -0.00362505   0.00072887     0.00075767   0.00082580    -0.00038955   0.00221111
  0.00075767   0.00082580    -0.00313148   0.00256433    -0.00075767  -0.00082580
 -0.00038955   0.00221111    -0.00075767  -0.00082580    -0.00362505   0.00072887
   11   11
  0.18225565  -0.00000000    -0.01804055   0.00001845    -0.01662022   0.00000000
 -0.01804055  -0.00001845     0.18395761  -0.00000000     0.01804055   0.00001845
 -0.01662022   0.00000000     0.01804055  -0.00001845     0.18225565  -0.00000000

     Dynamical  Matrix in cartesian axes

     q = (    0.117851130  -0.117851130  -0.117851130 ) 

    1    1
  0.76189335   0.00000000    -0.02637493   0.00000000    -0.02637493   0.00000000
 -0.02637493   0.00000000     0.76189335   0.00000000     0.02637493   0.00000000
 -0.02637493   0.00000000     0.02637493   0.00000000     0.76189335   0.00000000
    1    2
 -0.03338322   0.00605748    -0.01141322  -0.01998527    -0.01141322  -0.01998527
 -0.01141322  -0.01998527    -0.03338322   0.00605748     0.01141322   0.01998527
 -0.01141322  -0.01998527     0.01141322   0.01998527    -0.03338322   0.00605748
    1    3
 -0.03338322  -0.00605748    -0.01141322   0.01998527    -0.01141322   0.01998527
 -0.01141322   0.01998527    -0.03338322  -0.00605748     0.01141322  -0.01998527
 -0.01141322   0.01998527     0.01141322  -0.01998527    -0.03338322  -0.00605748
    1    4
 -0.04730382  -0.04314660     0.00693640   0.01472255     0.00693640   0.01472255
  0.01218156   0.01040721    -0.06759481  -0.01658553     0.02599052  -0.01338596
  0.01218156   0.01040721     0.02599052  -0.01338596    -0.06759481  -0.01658553
    1    5
 -0.04730382   0.04314660     0.00693640  -0.01472255     0.00693640  -0.01472255
  0.01218156  -0.01040721    -0.06759481   0.01658553     0.02599052   0.01338596
  0.01218156  -0.01040721     0.02599052   0.01338596    -0.06759481   0.01658553
    1    6
 -0.06759481  -0.01658553     0.01218156   0.01040721    -0.02599052   0.01338596
  0.00693640   0.01472255    -0.04730382  -0.04314660    -0.00693640  -0.01472255
 -0.02599052   0.01338596    -0.01218156  -0.01040721    -0.06759481  -0.01658553
    1    7
 -0.06759481   0.01658553     0.01218156  -0.01040721    -0.02599052  -0.01338596
  0.00693640  -0.01472255    -0.04730382   0.04314660    -0.00693640   0.01472255
 -0.02599052  -0.01338596    -0.01218156   0.01040721    -0.06759481   0.01658553
    1    8
 -0.06759481  -0.01658553    -0.02599052   0.01338596     0.01218156   0.01040721
 -0.02599052   0.01338596    -0.06759481  -0.01658553    -0.01218156  -0.01040721
  0.00693640   0.01472255    -0.00693640  -0.01472255    -0.04730382  -0.04314660
    1    9
 -0.06759481   0.01658553    -0.02599052  -0.01338596     0.01218156  -0.01040721
 -0.02599052  -0.01338596    -0.06759481   0.01658553    -0.01218156   0.01040721
  0.00693640  -0.01472255    -0.00693640   0.01472255    -0.04730382   0.04314660
    1   10
 -0.06894974   0.01044351    -0.02609087  -0.00229555    -0.02609087  -0.00229555
 -0.02609087  -0.00229555    -0.06894974   0.01044351     0.02609087   0.00229555
 -0.02609087  -0.00229555     0.02609087   0.00229555    -0.06894974   0.01044351
    1   11
 -0.06894974  -0.01044351    -0.02609087   0.00229555    -0.02609087   0.00229555
 -0.02609087   0.00229555    -0.06894974  -0.01044351     0.02609087  -0.00229555
 -0.02609087   0.00229555     0.02609087  -0.00229555    -0.06894974  -0.01044351
    2    1
 -0.03338322  -0.00605748    -0.01141322   0.01998527    -0.01141322   0.01998527
 -0.01141322   0.01998527    -0.03338322  -0.00605748     0.01141322  -0.01998527
 -0.01141322   0.01998527     0.01141322  -0.01998527    -0.03338322  -0.00605748
    2    2
  0.10637537   0.00000000     0.00027345   0.00000000     0.00027345   0.00000000
  0.00027345   0.00000000     0.10637537   0.00000000    -0.00027345   0.00000000
  0.00027345   0.00000000    -0.00027345   0.00000000     0.10637537   0.00000000
    2    3
  0.00835332   0.00512427    -0.00100338  -0.00121718    -0.00100338  -0.00121718
 -0.00100338  -0.00121718     0.00835332   0.00512427     0.00100338   0.00121718
 -0.00100338  -0.00121718     0.00100338   0.00121718     0.00835332   0.00512427
    2    4
 -0.01523947  -0.00104939     0.00679188   0.00844966     0.00679188   0.00844966
  0.01104525   0.00164051    -0.00865871  -0.01493259     0.00396097   0.00961681
  0.01104525   0.00164051     0.00396097   0.00961681    -0.00865871  -0.01493259
    2    5
 -0.00123286   0.00061859    -0.01771303  -0.00066601    -0.01771303  -0.00066601
 -0.01902055  -0.00117820    -0.00188371   0.00107932    -0.01737919  -0.00041396
 -0.01902055  -0.00117820    -0.01737919  -0.00041396    -0.00188371   0.00107932
    2    6
 -0.00865871  -0.01493259     0.01104525   0.00164051    -0.00396097  -0.00961681
  0.00679188   0.00844966    -0.01523947  -0.00104939    -0.00679188  -0.00844966
 -0.00396097  -0.00961681    -0.01104525  -0.00164051    -0.00865871  -0.01493259
    2    7
 -0.00188371   0.00107932    -0.01902055  -0.00117820     0.01737919   0.00041396
 -0.01771303  -0.00066601    -0.00123286   0.00061859     0.01771303   0.00066601
  0.01737919   0.00041396     0.01902055   0.00117820    -0.00188371   0.00107932
    2    8
 -0.00865871  -0.01493259    -0.00396097  -0.00961681     0.01104525   0.00164051
 -0.00396097  -0.00961681    -0.00865871  -0.01493259    -0.01104525  -0.00164051
  0.00679188   0.00844966    -0.00679188  -0.00844966    -0.01523947  -0.00104939
    2    9
 -0.00188371   0.00107932     0.01737919   0.00041396    -0.01902055  -0.00117820
  0.01737919   0.00041396    -0.00188371   0.00107932     0.01902055   0.00117820
 -0.01771303  -0.00066601     0.01771303   0.00066601    -0.00123286   0.00061859
    2   10
 -0.01834792   0.00187851    -0.01089791   0.00173705    -0.01089791   0.00173705
 -0.01089791   0.00173705    -0.01834792   0.00187851     0.01089791  -0.00173705
 -0.01089791   0.00173705     0.01089791  -0.00173705    -0.01834792   0.00187851
    2   11
 -0.00083661  -0.00196027     0.01775350  -0.00336221     0.01775350  -0.00336221
  0.01775350  -0.00336221    -0.00083661  -0.00196027    -0.01775350   0.00336221
  0.01775350  -0.00336221    -0.01775350   0.00336221    -0.00083661  -0.00196027
    3    1
 -0.03338322   0.00605748    -0.01141322  -0.01998527    -0.01141322  -0.01998527
 -0.01141322  -0.01998527    -0.03338322   0.00605748     0.01141322   0.01998527
 -0.01141322  -0.01998527     0.01141322   0.01998527    -0.03338322   0.00605748
    3    2
  0.00835332  -0.00512427    -0.00100338   0.00121718    -0.00100338   0.00121718
 -0.00100338   0.00121718     0.00835332  -0.00512427     0.00100338  -0.00121718
 -0.00100338   0.00121718     0.00100338  -0.00121718     0.00835332  -0.00512427
    3    3
  0.10637537   0.00000000     0.00027345   0.00000000     0.00027345   0.00000000
  0.00027345   0.00000000     0.10637537   0.00000000    -0.00027345   0.00000000
  0.00027345   0.00000000    -0.00027345   0.00000000     0.10637537   0.00000000
    3    4
 -0.00123286  -0.00061859    -0.01771303   0.00066601    -0.01771303   0.00066601
 -0.01902055   0.00117820    -0.00188371  -0.00107932    -0.01737919   0.00041396
 -0.01902055   0.00117820    -0.01737919   0.00041396    -0.00188371  -0.00107932
    3    5
 -0.01523947   0.00104939     0.00679188  -0.00844966     0.00679188  -0.00844966
  0.01104525  -0.00164051    -0.00865871   0.01493259     0.00396097  -0.00961681
  0.01104525  -0.00164051     0.00396097  -0.00961681    -0.00865871   0.01493259
    3    6
 -0.00188371  -0.00107932    -0.01902055   0.00117820     0.01737919  -0.00041396
 -0.01771303   0.00066601    -0.00123286  -0.00061859     0.01771303  -0.00066601
  0.01737919  -0.00041396     0.01902055  -0.00117820    -0.00188371  -0.00107932
    3    7
 -0.00865871   0.01493259     0.01104525  -0.00164051    -0.00396097   0.00961681
  0.00679188  -0.00844966    -0.01523947   0.00104939    -0.00679188   0.00844966
 -0.00396097   0.00961681    -0.01104525   0.00164051    -0.00865871   0.01493259
    3    8
 -0.00188371  -0.00107932     0.01737919  -0.00041396    -0.01902055   0.00117820
