Dynamical matrix file
Electron-phonon coefficients for Ce1H10                                    
  2   11   0   6.3832998   0.0000000   0.0000000   0.0000000   0.0000000   0.0000000
Basis vectors
      0.000000000    0.707106781    0.707106781
      0.707106781    0.000000000    0.707106781
      0.707106781    0.707106781    0.000000000
           1  'Ce     '    127707.921567413     
           2  'H      '    918.681110398939     
    1    1      0.7071067812      0.7071067812      0.7071067812
    2    2      0.3535533906      0.3535533906      0.3535533906
    3    2      1.0606601718      1.0606601718      1.0606601718
    4    2      1.2411447683      1.2411447683      1.2411447683
    5    2      0.1730687941      0.1730687941      0.1730687941
    6    2      0.8801755753      0.8801755753      1.2411447683
    7    2      0.5340379871      0.5340379871      0.1730687941
    8    2      0.8801755753      1.2411447683      0.8801755753
    9    2      0.5340379871      0.1730687941      0.5340379871
   10    2      1.2411447683      0.8801755753      0.8801755753
   11    2      0.1730687941      0.5340379871      0.5340379871

     Dynamical  Matrix in cartesian axes

     q = (   -0.353553391  -0.353553391   0.353553391 ) 

    1    1
  0.98204897   0.00000000     0.13042281   0.00000000    -0.13042281   0.00000000
  0.13042281   0.00000000     0.98204897   0.00000000    -0.13042281   0.00000000
 -0.13042281   0.00000000    -0.13042281   0.00000000     0.98204897   0.00000000
    1    2
 -0.01949447   0.00000000     0.05552557   0.00000000    -0.05552557   0.00000000
  0.05552557   0.00000000    -0.01949447   0.00000000    -0.05552557   0.00000000
 -0.05552557   0.00000000    -0.05552557   0.00000000    -0.01949447   0.00000000
    1    3
 -0.01949447   0.00000000     0.05552557   0.00000000    -0.05552557   0.00000000
  0.05552557   0.00000000    -0.01949447   0.00000000    -0.05552557   0.00000000
 -0.05552557   0.00000000    -0.05552557   0.00000000    -0.01949447   0.00000000
    1    4
 -0.05439900   0.00000000     0.04274004  -0.00000000    -0.00943599   0.00000000
  0.04274004  -0.00000000    -0.05439900   0.00000000    -0.00943599   0.00000000
 -0.01499935   0.00000000    -0.01499935   0.00000000     0.04782290  -0.00000000
    1    5
 -0.05439900   0.00000000     0.04274004  -0.00000000    -0.00943599   0.00000000
  0.04274004  -0.00000000    -0.05439900   0.00000000    -0.00943599   0.00000000
 -0.01499935   0.00000000    -0.01499935   0.00000000     0.04782290  -0.00000000
    1    6
 -0.05546373   0.00000000     0.03416033  -0.00000000    -0.03416033   0.00000000
  0.03416033  -0.00000000    -0.05546373   0.00000000    -0.03416033   0.00000000
 -0.03416033   0.00000000    -0.03416033   0.00000000    -0.05546373   0.00000000
    1    7
 -0.05546373   0.00000000     0.03416033  -0.00000000    -0.03416033   0.00000000
  0.03416033  -0.00000000    -0.05546373   0.00000000    -0.03416033   0.00000000
 -0.03416033   0.00000000    -0.03416033   0.00000000    -0.05546373   0.00000000
    1    8
  0.04782290  -0.00000000     0.01499935  -0.00000000    -0.01499935   0.00000000
  0.00943599  -0.00000000    -0.05439900   0.00000000    -0.04274004   0.00000000
 -0.00943599   0.00000000    -0.04274004   0.00000000    -0.05439900   0.00000000
    1    9
  0.04782290  -0.00000000     0.01499935  -0.00000000    -0.01499935   0.00000000
  0.00943599  -0.00000000    -0.05439900   0.00000000    -0.04274004   0.00000000
 -0.00943599   0.00000000    -0.04274004   0.00000000    -0.05439900   0.00000000
    1   10
 -0.05439900   0.00000000     0.00943599  -0.00000000    -0.04274004   0.00000000
  0.01499935  -0.00000000     0.04782290  -0.00000000    -0.01499935   0.00000000
 -0.04274004   0.00000000    -0.00943599   0.00000000    -0.05439900   0.00000000
    1   11
 -0.05439900   0.00000000     0.00943599  -0.00000000    -0.04274004   0.00000000
  0.01499935  -0.00000000     0.04782290  -0.00000000    -0.01499935   0.00000000
 -0.04274004   0.00000000    -0.00943599   0.00000000    -0.05439900   0.00000000
    2    1
 -0.01949447   0.00000000     0.05552557   0.00000000    -0.05552557   0.00000000
  0.05552557   0.00000000    -0.01949447   0.00000000    -0.05552557   0.00000000
 -0.05552557   0.00000000    -0.05552557   0.00000000    -0.01949447   0.00000000
    2    2
  0.11500548   0.00000000     0.00340514   0.00000000    -0.00340514   0.00000000
  0.00340514   0.00000000     0.11500548   0.00000000    -0.00340514   0.00000000
 -0.00340514   0.00000000    -0.00340514   0.00000000     0.11500548   0.00000000
    2    3
  0.00213647   0.00000000     0.00457767   0.00000000    -0.00457767   0.00000000
  0.00457767   0.00000000     0.00213647   0.00000000    -0.00457767   0.00000000
 -0.00457767   0.00000000    -0.00457767   0.00000000     0.00213647   0.00000000
    2    4
  0.01780930  -0.00000000    -0.01112516   0.00000000     0.01041256  -0.00000000
 -0.01112516   0.00000000     0.01780930  -0.00000000     0.01041256  -0.00000000
 -0.00505881   0.00000000    -0.00505881   0.00000000    -0.01540459   0.00000000
    2    5
 -0.00043729   0.00000000    -0.02068140   0.00000000    -0.02281758   0.00000000
 -0.02068140   0.00000000    -0.00043729   0.00000000    -0.02281758   0.00000000
 -0.01810681   0.00000000    -0.01810681   0.00000000     0.00157924  -0.00000000
    2    6
 -0.02217828   0.00000000     0.01276856  -0.00000000    -0.01276856   0.00000000
  0.01276856  -0.00000000    -0.02217828   0.00000000    -0.01276856   0.00000000
 -0.01276856   0.00000000    -0.01276856   0.00000000    -0.02217828   0.00000000
    2    7
  0.00224005  -0.00000000    -0.02478529   0.00000000     0.02478529  -0.00000000
 -0.02478529   0.00000000     0.00224005  -0.00000000     0.02478529  -0.00000000
  0.02478529  -0.00000000     0.02478529  -0.00000000     0.00224005  -0.00000000
    2    8
 -0.01540459   0.00000000     0.00505881  -0.00000000    -0.00505881   0.00000000
 -0.01041256   0.00000000     0.01780930  -0.00000000     0.01112516  -0.00000000
  0.01041256  -0.00000000     0.01112516  -0.00000000     0.01780930  -0.00000000
    2    9
  0.00157924  -0.00000000     0.01810681  -0.00000000    -0.01810681   0.00000000
  0.02281758  -0.00000000    -0.00043729   0.00000000     0.02068140  -0.00000000
 -0.02281758   0.00000000     0.02068140  -0.00000000    -0.00043729   0.00000000
    2   10
  0.01780930  -0.00000000    -0.01041256   0.00000000     0.01112516  -0.00000000
  0.00505881  -0.00000000    -0.01540459   0.00000000    -0.00505881   0.00000000
  0.01112516  -0.00000000     0.01041256  -0.00000000     0.01780930  -0.00000000
    2   11
 -0.00043729   0.00000000     0.02281758  -0.00000000     0.02068140  -0.00000000
  0.01810681  -0.00000000     0.00157924  -0.00000000    -0.01810681   0.00000000
  0.02068140  -0.00000000    -0.02281758   0.00000000    -0.00043729   0.00000000
    3    1
 -0.01949447   0.00000000     0.05552557   0.00000000    -0.05552557   0.00000000
  0.05552557   0.00000000    -0.01949447   0.00000000    -0.05552557   0.00000000
 -0.05552557   0.00000000    -0.05552557   0.00000000    -0.01949447   0.00000000
    3    2
  0.00213647   0.00000000     0.00457767   0.00000000    -0.00457767   0.00000000
  0.00457767   0.00000000     0.00213647   0.00000000    -0.00457767   0.00000000
 -0.00457767   0.00000000    -0.00457767   0.00000000     0.00213647   0.00000000
    3    3
  0.11500548   0.00000000     0.00340514   0.00000000    -0.00340514   0.00000000
  0.00340514   0.00000000     0.11500548   0.00000000    -0.00340514   0.00000000
 -0.00340514   0.00000000    -0.00340514   0.00000000     0.11500548   0.00000000
    3    4
 -0.00043729   0.00000000    -0.02068140   0.00000000    -0.02281758   0.00000000
 -0.02068140   0.00000000    -0.00043729   0.00000000    -0.02281758   0.00000000
 -0.01810681   0.00000000    -0.01810681   0.00000000     0.00157924  -0.00000000
    3    5
  0.01780930  -0.00000000    -0.01112516   0.00000000     0.01041256  -0.00000000
 -0.01112516   0.00000000     0.01780930  -0.00000000     0.01041256  -0.00000000
 -0.00505881   0.00000000    -0.00505881   0.00000000    -0.01540459   0.00000000
    3    6
  0.00224005  -0.00000000    -0.02478529   0.00000000     0.02478529  -0.00000000
 -0.02478529   0.00000000     0.00224005  -0.00000000     0.02478529  -0.00000000
  0.02478529  -0.00000000     0.02478529  -0.00000000     0.00224005  -0.00000000
    3    7
 -0.02217828   0.00000000     0.01276856  -0.00000000    -0.01276856   0.00000000
  0.01276856  -0.00000000    -0.02217828   0.00000000    -0.01276856   0.00000000
 -0.01276856   0.00000000    -0.01276856   0.00000000    -0.02217828   0.00000000
    3    8
  0.00157924  -0.00000000     0.01810681  -0.00000000    -0.01810681   0.00000000
  0.02281758  -0.00000000    -0.00043729   0.00000000     0.02068140  -0.00000000
 -0.02281758   0.00000000     0.02068140  -0.00000000    -0.00043729   0.00000000
    3    9
 -0.01540459   0.00000000     0.00505881  -0.00000000    -0.00505881   0.00000000
 -0.01041256   0.00000000     0.01780930  -0.00000000     0.01112516  -0.00000000
  0.01041256  -0.00000000     0.01112516  -0.00000000     0.01780930  -0.00000000
    3   10
 -0.00043729   0.00000000     0.02281758  -0.00000000     0.02068140  -0.00000000
  0.01810681  -0.00000000     0.00157924  -0.00000000    -0.01810681   0.00000000
  0.02068140  -0.00000000    -0.02281758   0.00000000    -0.00043729   0.00000000
    3   11
  0.01780930  -0.00000000    -0.01041256   0.00000000     0.01112516  -0.00000000
  0.00505881  -0.00000000    -0.01540459   0.00000000    -0.00505881   0.00000000
  0.01112516  -0.00000000     0.01041256  -0.00000000     0.01780930  -0.00000000
    4    1
 -0.05439900  -0.00000000     0.04274004   0.00000000    -0.01499935  -0.00000000
  0.04274004   0.00000000    -0.05439900  -0.00000000    -0.01499935  -0.00000000
 -0.00943599  -0.00000000    -0.00943599  -0.00000000     0.04782290   0.00000000
    4    2
  0.01780930   0.00000000    -0.01112516  -0.00000000    -0.00505881  -0.00000000
 -0.01112516  -0.00000000     0.01780930   0.00000000    -0.00505881  -0.00000000
  0.01041256   0.00000000     0.01041256   0.00000000    -0.01540459  -0.00000000
    4    3
 -0.00043729  -0.00000000    -0.02068140  -0.00000000    -0.01810681  -0.00000000
 -0.02068140  -0.00000000    -0.00043729  -0.00000000    -0.01810681  -0.00000000
 -0.02281758  -0.00000000    -0.02281758  -0.00000000     0.00157924   0.00000000
    4    4
  0.18805779   0.00000000     0.01447193   0.00000000     0.01545224   0.00000000
  0.01447193   0.00000000     0.18805779   0.00000000     0.01545224   0.00000000
  0.01545224   0.00000000     0.01545224   0.00000000     0.19160894   0.00000000
    4    5
 -0.00525920  -0.00000000    -0.00468518  -0.00000000    -0.00159473  -0.00000000
 -0.00468518  -0.00000000    -0.00525920  -0.00000000    -0.00159473  -0.00000000
 -0.00159473  -0.00000000    -0.00159473  -0.00000000    -0.00308671  -0.00000000
    4    6
 -0.00747636   0.00000000     0.00486749  -0.00000000     0.00039324  -0.00000000
  0.00486749  -0.00000000    -0.00747636   0.00000000     0.00039324  -0.00000000
 -0.00080435   0.00000000    -0.00080435   0.00000000    -0.00088461   0.00000000
    4    7
  0.00947106   0.00000000     0.00664278   0.00000000    -0.00072042  -0.00000000
  0.00664278   0.00000000     0.00947106   0.00000000    -0.00072042  -0.00000000
 -0.00057999  -0.00000000    -0.00057999  -0.00000000    -0.02543498  -0.00000000
    4    8
 -0.03200284   0.00000000     0.00537326  -0.00000000    -0.03450375   0.00000000
 -0.00406199   0.00000000     0.00543047  -0.00000000    -0.00537326   0.00000000
 -0.03305651   0.00000000     0.00406199  -0.00000000    -0.03200284   0.00000000
    4    9
 -0.01312625   0.00000000     0.00346848  -0.00000000    -0.00216281   0.00000000
  0.00054463  -0.00000000     0.02434618  -0.00000000    -0.00346848   0.00000000
 -0.00616762   0.00000000    -0.00054463   0.00000000    -0.01312625   0.00000000
    4   10
  0.00543047  -0.00000000    -0.00406199   0.00000000    -0.00537326   0.00000000
  0.00537326  -0.00000000    -0.03200284   0.00000000    -0.03450375   0.00000000
  0.00406199  -0.00000000    -0.03305651   0.00000000    -0.03200284   0.00000000
    4   11
  0.02434618  -0.00000000     0.00054463  -0.00000000    -0.00346848   0.00000000
  0.00346848  -0.00000000    -0.01312625   0.00000000    -0.00216281   0.00000000
 -0.00054463   0.00000000    -0.00616762   0.00000000    -0.01312625   0.00000000
    5    1
 -0.05439900  -0.00000000     0.04274004   0.00000000    -0.01499935  -0.00000000
  0.04274004   0.00000000    -0.05439900  -0.00000000    -0.01499935  -0.00000000
 -0.00943599  -0.00000000    -0.00943599  -0.00000000     0.04782290   0.00000000
    5    2
 -0.00043729  -0.00000000    -0.02068140  -0.00000000    -0.01810681  -0.00000000
 -0.02068140  -0.00000000    -0.00043729  -0.00000000    -0.01810681  -0.00000000
 -0.02281758  -0.00000000    -0.02281758  -0.00000000     0.00157924   0.00000000
    5    3
  0.01780930   0.00000000    -0.01112516  -0.00000000    -0.00505881  -0.00000000
 -0.01112516  -0.00000000     0.01780930   0.00000000    -0.00505881  -0.00000000
  0.01041256   0.00000000     0.01041256   0.00000000    -0.01540459  -0.00000000
    5    4
 -0.00525920   0.00000000    -0.00468518   0.00000000    -0.00159473   0.00000000
 -0.00468518   0.00000000    -0.00525920   0.00000000    -0.00159473   0.00000000
 -0.00159473   0.00000000    -0.00159473   0.00000000    -0.00308671   0.00000000
    5    5
  0.18805779   0.00000000     0.01447193   0.00000000     0.01545224   0.00000000
  0.01447193   0.00000000     0.18805779   0.00000000     0.01545224   0.00000000
  0.01545224   0.00000000     0.01545224   0.00000000     0.19160894   0.00000000
    5    6
  0.00947106  -0.00000000     0.00664278  -0.00000000    -0.00072042   0.00000000
  0.00664278  -0.00000000     0.00947106  -0.00000000    -0.00072042   0.00000000
 -0.00057999   0.00000000    -0.00057999   0.00000000    -0.02543498   0.00000000
    5    7
 -0.00747636   0.00000000     0.00486749  -0.00000000     0.00039324  -0.00000000
  0.00486749  -0.00000000    -0.00747636   0.00000000     0.00039324  -0.00000000
 -0.00080435   0.00000000    -0.00080435   0.00000000    -0.00088461   0.00000000
    5    8
 -0.01312625   0.00000000     0.00346848   0.00000000    -0.00216281   0.00000000
  0.00054463   0.00000000     0.02434618   0.00000000    -0.00346848   0.00000000
 -0.00616762   0.00000000    -0.00054463   0.00000000    -0.01312625   0.00000000
    5    9
 -0.03200284   0.00000000     0.00537326  -0.00000000    -0.03450375   0.00000000
 -0.00406199   0.00000000     0.00543047  -0.00000000    -0.00537326   0.00000000
 -0.03305651   0.00000000     0.00406199  -0.00000000    -0.03200284   0.00000000
    5   10
  0.02434618  -0.00000000     0.00054463  -0.00000000    -0.00346848   0.00000000
  0.00346848  -0.00000000    -0.01312625   0.00000000    -0.00216281   0.00000000
 -0.00054463   0.00000000    -0.00616762   0.00000000    -0.01312625   0.00000000
    5   11
  0.00543047  -0.00000000    -0.00406199   0.00000000    -0.00537326   0.00000000
  0.00537326  -0.00000000    -0.03200284   0.00000000    -0.03450375   0.00000000
  0.00406199  -0.00000000    -0.03305651   0.00000000    -0.03200284   0.00000000
    6    1
 -0.05546373  -0.00000000     0.03416033   0.00000000    -0.03416033  -0.00000000
  0.03416033   0.00000000    -0.05546373  -0.00000000    -0.03416033  -0.00000000
 -0.03416033  -0.00000000    -0.03416033  -0.00000000    -0.05546373  -0.00000000
    6    2
 -0.02217828  -0.00000000     0.01276856   0.00000000    -0.01276856  -0.00000000
  0.01276856   0.00000000    -0.02217828  -0.00000000    -0.01276856  -0.00000000
 -0.01276856  -0.00000000    -0.01276856  -0.00000000    -0.02217828  -0.00000000
    6    3
  0.00224005   0.00000000    -0.02478529  -0.00000000     0.02478529   0.00000000
 -0.02478529  -0.00000000     0.00224005   0.00000000     0.02478529   0.00000000
  0.02478529   0.00000000     0.02478529   0.00000000     0.00224005   0.00000000
    6    4
 -0.00747636  -0.00000000     0.00486749   0.00000000    -0.00080435  -0.00000000
  0.00486749   0.00000000    -0.00747636  -0.00000000    -0.00080435  -0.00000000
  0.00039324   0.00000000     0.00039324   0.00000000    -0.00088461  -0.00000000
    6    5
  0.00947106   0.00000000     0.00664278   0.00000000    -0.00057999  -0.00000000
  0.00664278   0.00000000     0.00947106   0.00000000    -0.00057999  -0.00000000
 -0.00072042  -0.00000000    -0.00072042  -0.00000000    -0.02543498  -0.00000000
    6    6
  0.18643468   0.00000000     0.01049963   0.00000000    -0.01049963   0.00000000
  0.01049963   0.00000000     0.18643468   0.00000000    -0.01049963   0.00000000
 -0.01049963   0.00000000    -0.01049963   0.00000000     0.18643468   0.00000000
    6    7
  0.00004731  -0.00000000    -0.00197337   0.00000000     0.00197337  -0.00000000
 -0.00197337   0.00000000     0.00004731  -0.00000000     0.00197337  -0.00000000
  0.00197337  -0.00000000     0.00197337  -0.00000000     0.00004731  -0.00000000
    6    8
 -0.00088461  -0.00000000    -0.00039324  -0.00000000     0.00039324   0.00000000
  0.00080435   0.00000000    -0.00747636  -0.00000000    -0.00486749  -0.00000000
 -0.00080435  -0.00000000    -0.00486749  -0.00000000    -0.00747636  -0.00000000
    6    9
 -0.02543498   0.00000000     0.00072042  -0.00000000    -0.00072042   0.00000000
  0.00057999  -0.00000000     0.00947106  -0.00000000    -0.00664278   0.00000000
 -0.00057999   0.00000000    -0.00664278   0.00000000     0.00947106  -0.00000000
    6   10
 -0.00747636  -0.00000000     0.00080435  -0.00000000    -0.00486749  -0.00000000
 -0.00039324  -0.00000000    -0.00088461  -0.00000000     0.00039324  -0.00000000
 -0.00486749  -0.00000000    -0.00080435  -0.00000000    -0.00747636   0.00000000
    6   11
  0.00947106   0.00000000     0.00057999   0.00000000    -0.00664278  -0.00000000
  0.00072042   0.00000000    -0.02543498  -0.00000000    -0.00072042  -0.00000000
 -0.00664278  -0.00000000    -0.00057999  -0.00000000     0.00947106   0.00000000
    7    1
 -0.05546373  -0.00000000     0.03416033   0.00000000    -0.03416033  -0.00000000
  0.03416033   0.00000000    -0.05546373  -0.00000000    -0.03416033  -0.00000000
 -0.03416033  -0.00000000    -0.03416033  -0.00000000    -0.05546373  -0.00000000
    7    2
  0.00224005   0.00000000    -0.02478529  -0.00000000     0.02478529   0.00000000
 -0.02478529  -0.00000000     0.00224005   0.00000000     0.02478529   0.00000000
  0.02478529   0.00000000     0.02478529   0.00000000     0.00224005   0.00000000
    7    3
 -0.02217828  -0.00000000     0.01276856   0.00000000    -0.01276856  -0.00000000
  0.01276856   0.00000000    -0.02217828  -0.00000000    -0.01276856  -0.00000000
 -0.01276856  -0.00000000    -0.01276856  -0.00000000    -0.02217828  -0.00000000
    7    4
  0.00947106  -0.00000000     0.00664278  -0.00000000    -0.00057999   0.00000000
  0.00664278  -0.00000000     0.00947106  -0.00000000    -0.00057999   0.00000000
 -0.00072042   0.00000000    -0.00072042   0.00000000    -0.02543498   0.00000000
    7    5
 -0.00747636  -0.00000000     0.00486749   0.00000000    -0.00080435  -0.00000000
  0.00486749   0.00000000    -0.00747636  -0.00000000    -0.00080435  -0.00000000
  0.00039324   0.00000000     0.00039324   0.00000000    -0.00088461  -0.00000000
    7    6
  0.00004731   0.00000000    -0.00197337  -0.00000000     0.00197337   0.00000000
 -0.00197337  -0.00000000     0.00004731   0.00000000     0.00197337   0.00000000
  0.00197337   0.00000000     0.00197337   0.00000000     0.00004731   0.00000000
    7    7
  0.18643468   0.00000000     0.01049963   0.00000000    -0.01049963   0.00000000
  0.01049963   0.00000000     0.18643468   0.00000000    -0.01049963   0.00000000
 -0.01049963   0.00000000    -0.01049963   0.00000000     0.18643468   0.00000000
    7    8
 -0.02543498   0.00000000     0.00072042  -0.00000000    -0.00072042   0.00000000
  0.00057999   0.00000000     0.00947106  -0.00000000    -0.00664278  -0.00000000
 -0.00057999   0.00000000    -0.00664278  -0.00000000     0.00947106  -0.00000000
    7    9
 -0.00088461   0.00000000    -0.00039324   0.00000000     0.00039324  -0.00000000
  0.00080435  -0.00000000    -0.00747636   0.00000000    -0.00486749   0.00000000
 -0.00080435   0.00000000    -0.00486749   0.00000000    -0.00747636   0.00000000
    7   10
  0.00947106  -0.00000000     0.00057999  -0.00000000    -0.00664278   0.00000000
  0.00072042  -0.00000000    -0.02543498   0.00000000    -0.00072042   0.00000000
 -0.00664278   0.00000000    -0.00057999   0.00000000     0.00947106  -0.00000000
    7   11
 -0.00747636  -0.00000000     0.00080435   0.00000000    -0.00486749  -0.00000000
 -0.00039324  -0.00000000    -0.00088461  -0.00000000     0.00039324   0.00000000
 -0.00486749  -0.00000000    -0.00080435  -0.00000000    -0.00747636  -0.00000000
    8    1
  0.04782290   0.00000000     0.00943599   0.00000000    -0.00943599  -0.00000000
  0.01499935   0.00000000    -0.05439900  -0.00000000    -0.04274004  -0.00000000
 -0.01499935  -0.00000000    -0.04274004  -0.00000000    -0.05439900  -0.00000000
    8    2
 -0.01540459  -0.00000000    -0.01041256  -0.00000000     0.01041256   0.00000000
  0.00505881   0.00000000     0.01780930   0.00000000     0.01112516   0.00000000
 -0.00505881  -0.00000000     0.01112516   0.00000000     0.01780930   0.00000000
    8    3
  0.00157924   0.00000000     0.02281758   0.00000000    -0.02281758  -0.00000000
  0.01810681   0.00000000    -0.00043729  -0.00000000     0.02068140   0.00000000
 -0.01810681  -0.00000000     0.02068140   0.00000000    -0.00043729  -0.00000000
    8    4
 -0.03200284  -0.00000000    -0.00406199  -0.00000000    -0.03305651  -0.00000000
  0.00537326   0.00000000     0.00543047   0.00000000     0.00406199   0.00000000
 -0.03450375  -0.00000000    -0.00537326  -0.00000000    -0.03200284  -0.00000000
    8    5
 -0.01312625   0.00000000     0.00054463   0.00000000    -0.00616762   0.00000000
  0.00346848   0.00000000     0.02434618   0.00000000    -0.00054463   0.00000000
 -0.00216281   0.00000000    -0.00346848   0.00000000    -0.01312625   0.00000000
    8    6
 -0.00088461   0.00000000     0.00080435  -0.00000000    -0.00080435   0.00000000
 -0.00039324   0.00000000    -0.00747636   0.00000000    -0.00486749   0.00000000
  0.00039324  -0.00000000    -0.00486749   0.00000000    -0.00747636   0.00000000
    8    7
 -0.02543498  -0.00000000     0.00057999  -0.00000000    -0.00057999   0.00000000
  0.00072042  -0.00000000     0.00947106  -0.00000000    -0.00664278   0.00000000
 -0.00072042   0.00000000    -0.00664278   0.00000000     0.00947106   0.00000000
    8    8
  0.19160894   0.00000000    -0.01545224   0.00000000     0.01545224   0.00000000
 -0.01545224   0.00000000     0.18805779   0.00000000    -0.01447193   0.00000000
  0.01545224   0.00000000    -0.01447193   0.00000000     0.18805779   0.00000000
    8    9
 -0.00308671   0.00000000     0.00159473  -0.00000000    -0.00159473   0.00000000
  0.00159473  -0.00000000    -0.00525920   0.00000000     0.00468518  -0.00000000
 -0.00159473   0.00000000     0.00468518  -0.00000000    -0.00525920   0.00000000
    8   10
 -0.03200284   0.00000000     0.03305651  -0.00000000     0.00406199  -0.00000000
  0.03450375  -0.00000000    -0.03200284   0.00000000    -0.00537326   0.00000000
 -0.00537326   0.00000000     0.00406199  -0.00000000     0.00543047  -0.00000000
    8   11
 -0.01312625  -0.00000000     0.00616762   0.00000000    -0.00054463  -0.00000000
  0.00216281   0.00000000    -0.01312625  -0.00000000    -0.00346848  -0.00000000
 -0.00346848  -0.00000000    -0.00054463  -0.00000000     0.02434618   0.00000000
    9    1
  0.04782290   0.00000000     0.00943599   0.00000000    -0.00943599  -0.00000000
  0.01499935   0.00000000    -0.05439900  -0.00000000    -0.04274004  -0.00000000
 -0.01499935  -0.00000000    -0.04274004  -0.00000000    -0.05439900  -0.00000000
    9    2
  0.00157924   0.00000000     0.02281758   0.00000000    -0.02281758  -0.00000000
  0.01810681   0.00000000    -0.00043729  -0.00000000     0.02068140   0.00000000
 -0.01810681  -0.00000000     0.02068140   0.00000000    -0.00043729  -0.00000000
    9    3
 -0.01540459  -0.00000000    -0.01041256  -0.00000000     0.01041256   0.00000000
  0.00505881   0.00000000     0.01780930   0.00000000     0.01112516   0.00000000
 -0.00505881  -0.00000000     0.01112516   0.00000000     0.01780930   0.00000000
    9    4
 -0.01312625  -0.00000000     0.00054463   0.00000000    -0.00616762  -0.00000000
  0.00346848   0.00000000     0.02434618   0.00000000    -0.00054463  -0.00000000
 -0.00216281  -0.00000000    -0.00346848  -0.00000000    -0.01312625  -0.00000000
    9    5
 -0.03200284  -0.00000000    -0.00406199  -0.00000000    -0.03305651  -0.00000000
  0.00537326   0.00000000     0.00543047   0.00000000     0.00406199   0.00000000
 -0.03450375  -0.00000000    -0.00537326  -0.00000000    -0.03200284  -0.00000000
    9    6
 -0.02543498  -0.00000000     0.00057999   0.00000000    -0.00057999  -0.00000000
  0.00072042   0.00000000     0.00947106   0.00000000    -0.00664278  -0.00000000
 -0.00072042  -0.00000000    -0.00664278  -0.00000000     0.00947106   0.00000000
    9    7
 -0.00088461  -0.00000000     0.00080435   0.00000000    -0.00080435  -0.00000000
 -0.00039324  -0.00000000    -0.00747636  -0.00000000    -0.00486749  -0.00000000
  0.00039324   0.00000000    -0.00486749  -0.00000000    -0.00747636  -0.00000000
    9    8
 -0.00308671  -0.00000000     0.00159473   0.00000000    -0.00159473  -0.00000000
  0.00159473   0.00000000    -0.00525920  -0.00000000     0.00468518   0.00000000
 -0.00159473  -0.00000000     0.00468518   0.00000000    -0.00525920  -0.00000000
    9    9
  0.19160894   0.00000000    -0.01545224   0.00000000     0.01545224   0.00000000
 -0.01545224   0.00000000     0.18805779   0.00000000    -0.01447193   0.00000000
  0.01545224   0.00000000    -0.01447193   0.00000000     0.18805779   0.00000000
    9   10
 -0.01312625  -0.00000000     0.00616762   0.00000000    -0.00054463  -0.00000000
  0.00216281   0.00000000    -0.01312625  -0.00000000    -0.00346848  -0.00000000
 -0.00346848  -0.00000000    -0.00054463  -0.00000000     0.02434618   0.00000000
    9   11
 -0.03200284  -0.00000000     0.03305651   0.00000000     0.00406199   0.00000000
  0.03450375   0.00000000    -0.03200284  -0.00000000    -0.00537326  -0.00000000
 -0.00537326  -0.00000000     0.00406199   0.00000000     0.00543047   0.00000000
   10    1
 -0.05439900  -0.00000000     0.01499935   0.00000000    -0.04274004  -0.00000000
  0.00943599   0.00000000     0.04782290   0.00000000    -0.00943599  -0.00000000
 -0.04274004  -0.00000000    -0.01499935  -0.00000000    -0.05439900  -0.00000000
   10    2
  0.01780930   0.00000000     0.00505881   0.00000000     0.01112516   0.00000000
 -0.01041256  -0.00000000    -0.01540459  -0.00000000     0.01041256   0.00000000
  0.01112516   0.00000000    -0.00505881  -0.00000000     0.01780930   0.00000000
   10    3
 -0.00043729  -0.00000000     0.01810681   0.00000000     0.02068140   0.00000000
  0.02281758   0.00000000     0.00157924   0.00000000    -0.02281758  -0.00000000
  0.02068140   0.00000000    -0.01810681  -0.00000000    -0.00043729  -0.00000000
   10    4
  0.00543047   0.00000000     0.00537326   0.00000000     0.00406199   0.00000000
 -0.00406199  -0.00000000    -0.03200284  -0.00000000    -0.03305651  -0.00000000
 -0.00537326  -0.00000000    -0.03450375  -0.00000000    -0.03200284  -0.00000000
   10    5
  0.02434618   0.00000000     0.00346848   0.00000000    -0.00054463  -0.00000000
  0.00054463   0.00000000    -0.01312625  -0.00000000    -0.00616762  -0.00000000
 -0.00346848  -0.00000000    -0.00216281  -0.00000000    -0.01312625  -0.00000000
   10    6
 -0.00747636   0.00000000    -0.00039324   0.00000000    -0.00486749   0.00000000
  0.00080435   0.00000000    -0.00088461   0.00000000    -0.00080435  -0.00000000
 -0.00486749  -0.00000000     0.00039324  -0.00000000    -0.00747636  -0.00000000
   10    7
  0.00947106   0.00000000     0.00072042   0.00000000    -0.00664278  -0.00000000
  0.00057999   0.00000000    -0.02543498  -0.00000000    -0.00057999  -0.00000000
 -0.00664278  -0.00000000    -0.00072042  -0.00000000     0.00947106   0.00000000
   10    8
 -0.03200284  -0.00000000     0.03450375   0.00000000    -0.00537326  -0.00000000
  0.03305651   0.00000000    -0.03200284  -0.00000000     0.00406199   0.00000000
  0.00406199   0.00000000    -0.00537326  -0.00000000     0.00543047   0.00000000
   10    9
 -0.01312625   0.00000000     0.00216281  -0.00000000    -0.00346848   0.00000000
  0.00616762  -0.00000000    -0.01312625   0.00000000    -0.00054463   0.00000000
 -0.00054463   0.00000000    -0.00346848   0.00000000     0.02434618  -0.00000000
   10   10
  0.18805779   0.00000000    -0.01545224   0.00000000    -0.01447193   0.00000000
 -0.01545224   0.00000000     0.19160894   0.00000000     0.01545224   0.00000000
 -0.01447193   0.00000000     0.01545224   0.00000000     0.18805779   0.00000000
   10   11
 -0.00525920  -0.00000000     0.00159473   0.00000000     0.00468518   0.00000000
  0.00159473   0.00000000    -0.00308671  -0.00000000    -0.00159473  -0.00000000
  0.00468518   0.00000000    -0.00159473  -0.00000000    -0.00525920  -0.00000000
   11    1
 -0.05439900  -0.00000000     0.01499935   0.00000000    -0.04274004  -0.00000000
  0.00943599   0.00000000     0.04782290   0.00000000    -0.00943599  -0.00000000
 -0.04274004  -0.00000000    -0.01499935  -0.00000000    -0.05439900  -0.00000000
   11    2
 -0.00043729  -0.00000000     0.01810681   0.00000000     0.02068140   0.00000000
  0.02281758   0.00000000     0.00157924   0.00000000    -0.02281758  -0.00000000
  0.02068140   0.00000000    -0.01810681  -0.00000000    -0.00043729  -0.00000000
   11    3
  0.01780930   0.00000000     0.00505881   0.00000000     0.01112516   0.00000000
 -0.01041256  -0.00000000    -0.01540459  -0.00000000     0.01041256   0.00000000
  0.01112516   0.00000000    -0.00505881  -0.00000000     0.01780930   0.00000000
   11    4
  0.02434618   0.00000000     0.00346848   0.00000000    -0.00054463  -0.00000000
  0.00054463   0.00000000    -0.01312625  -0.00000000    -0.00616762  -0.00000000
 -0.00346848  -0.00000000    -0.00216281  -0.00000000    -0.01312625  -0.00000000
   11    5
  0.00543047   0.00000000     0.00537326   0.00000000     0.00406199   0.00000000
 -0.00406199  -0.00000000    -0.03200284  -0.00000000    -0.03305651  -0.00000000
 -0.00537326  -0.00000000    -0.03450375  -0.00000000    -0.03200284  -0.00000000
   11    6
  0.00947106  -0.00000000     0.00072042  -0.00000000    -0.00664278   0.00000000
  0.00057999  -0.00000000    -0.02543498   0.00000000    -0.00057999   0.00000000
 -0.00664278   0.00000000    -0.00072042   0.00000000     0.00947106  -0.00000000
   11    7
 -0.00747636   0.00000000    -0.00039324   0.00000000    -0.00486749   0.00000000
  0.00080435  -0.00000000    -0.00088461   0.00000000    -0.00080435   0.00000000
 -0.00486749   0.00000000     0.00039324  -0.00000000    -0.00747636   0.00000000
   11    8
 -0.01312625   0.00000000     0.00216281  -0.00000000    -0.00346848   0.00000000
  0.00616762  -0.00000000    -0.01312625   0.00000000    -0.00054463   0.00000000
 -0.00054463   0.00000000    -0.00346848   0.00000000     0.02434618  -0.00000000
   11    9
 -0.03200284   0.00000000     0.03450375  -0.00000000    -0.00537326   0.00000000
  0.03305651  -0.00000000    -0.03200284   0.00000000     0.00406199  -0.00000000
  0.00406199  -0.00000000    -0.00537326   0.00000000     0.00543047  -0.00000000
   11   10
 -0.00525920   0.00000000     0.00159473  -0.00000000     0.00468518  -0.00000000
  0.00159473  -0.00000000    -0.00308671   0.00000000    -0.00159473   0.00000000
  0.00468518  -0.00000000    -0.00159473   0.00000000    -0.00525920   0.00000000
   11   11
  0.18805779   0.00000000    -0.01545224   0.00000000    -0.01447193   0.00000000
 -0.01545224   0.00000000     0.19160894   0.00000000     0.01545224   0.00000000
 -0.01447193   0.00000000     0.01545224   0.00000000     0.18805779   0.00000000

     Dynamical  Matrix in cartesian axes

     q = (   -0.353553391   0.353553391   0.353553391 ) 

    1    1
  0.98204897   0.00000000    -0.13042281   0.00000000    -0.13042281   0.00000000
 -0.13042281   0.00000000     0.98204897   0.00000000     0.13042281   0.00000000
 -0.13042281   0.00000000     0.13042281   0.00000000     0.98204897   0.00000000
    1    2
 -0.01949447   0.00000000    -0.05552557   0.00000000    -0.05552557   0.00000000
 -0.05552557   0.00000000    -0.01949447   0.00000000     0.05552557   0.00000000
 -0.05552557   0.00000000     0.05552557   0.00000000    -0.01949447   0.00000000
    1    3
 -0.01949447   0.00000000    -0.05552557   0.00000000    -0.05552557   0.00000000
 -0.05552557   0.00000000    -0.01949447   0.00000000     0.05552557   0.00000000
 -0.05552557   0.00000000     0.05552557   0.00000000    -0.01949447   0.00000000
    1    4
  0.04782290   0.00000000    -0.01499935  -0.00000000    -0.01499935  -0.00000000
 -0.00943599  -0.00000000    -0.05439900  -0.00000000     0.04274004   0.00000000
 -0.00943599  -0.00000000     0.04274004   0.00000000    -0.05439900  -0.00000000
    1    5
  0.04782290   0.00000000    -0.01499935  -0.00000000    -0.01499935  -0.00000000
 -0.00943599  -0.00000000    -0.05439900  -0.00000000     0.04274004   0.00000000
 -0.00943599  -0.00000000     0.04274004   0.00000000    -0.05439900  -0.00000000
    1    6
 -0.05439900  -0.00000000    -0.00943599  -0.00000000    -0.04274004  -0.00000000
 -0.01499935  -0.00000000     0.04782290   0.00000000     0.01499935   0.00000000
 -0.04274004  -0.00000000     0.00943599   0.00000000    -0.05439900  -0.00000000
    1    7
 -0.05439900  -0.00000000    -0.00943599  -0.00000000    -0.04274004  -0.00000000
 -0.01499935  -0.00000000     0.04782290   0.00000000     0.01499935   0.00000000
 -0.04274004  -0.00000000     0.00943599   0.00000000    -0.05439900  -0.00000000
    1    8
 -0.05439900  -0.00000000    -0.04274004  -0.00000000    -0.00943599  -0.00000000
 -0.04274004  -0.00000000    -0.05439900  -0.00000000     0.00943599   0.00000000
 -0.01499935  -0.00000000     0.01499935   0.00000000     0.04782290   0.00000000
    1    9
 -0.05439900  -0.00000000    -0.04274004  -0.00000000    -0.00943599  -0.00000000
 -0.04274004  -0.00000000    -0.05439900  -0.00000000     0.00943599   0.00000000
 -0.01499935  -0.00000000     0.01499935   0.00000000     0.04782290   0.00000000
    1   10
 -0.05546373  -0.00000000    -0.03416033  -0.00000000    -0.03416033  -0.00000000
 -0.03416033  -0.00000000    -0.05546373  -0.00000000     0.03416033   0.00000000
 -0.03416033  -0.00000000     0.03416033   0.00000000    -0.05546373  -0.00000000
    1   11
 -0.05546373  -0.00000000    -0.03416033  -0.00000000    -0.03416033  -0.00000000
 -0.03416033  -0.00000000    -0.05546373  -0.00000000     0.03416033   0.00000000
 -0.03416033  -0.00000000     0.03416033   0.00000000    -0.05546373  -0.00000000
    2    1
 -0.01949447   0.00000000    -0.05552557   0.00000000    -0.05552557   0.00000000
 -0.05552557   0.00000000    -0.01949447   0.00000000     0.05552557   0.00000000
 -0.05552557   0.00000000     0.05552557   0.00000000    -0.01949447   0.00000000
    2    2
  0.11500548   0.00000000    -0.00340514   0.00000000    -0.00340514   0.00000000
 -0.00340514   0.00000000     0.11500548   0.00000000     0.00340514   0.00000000
 -0.00340514   0.00000000     0.00340514   0.00000000     0.11500548   0.00000000
    2    3
  0.00213647   0.00000000    -0.00457767   0.00000000    -0.00457767   0.00000000
 -0.00457767   0.00000000     0.00213647   0.00000000     0.00457767   0.00000000
 -0.00457767   0.00000000     0.00457767   0.00000000     0.00213647   0.00000000
    2    4
 -0.01540459  -0.00000000    -0.00505881  -0.00000000    -0.00505881  -0.00000000
  0.01041256   0.00000000     0.01780930   0.00000000    -0.01112516  -0.00000000
  0.01041256   0.00000000    -0.01112516  -0.00000000     0.01780930   0.00000000
    2    5
  0.00157924   0.00000000    -0.01810681  -0.00000000    -0.01810681  -0.00000000
 -0.02281758  -0.00000000    -0.00043729  -0.00000000    -0.02068140  -0.00000000
 -0.02281758  -0.00000000    -0.02068140  -0.00000000    -0.00043729  -0.00000000
    2    6
  0.01780930   0.00000000     0.01041256   0.00000000     0.01112516   0.00000000
 -0.00505881  -0.00000000    -0.01540459  -0.00000000     0.00505881   0.00000000
  0.01112516   0.00000000    -0.01041256  -0.00000000     0.01780930   0.00000000
    2    7
 -0.00043729  -0.00000000    -0.02281758  -0.00000000     0.02068140   0.00000000
 -0.01810681  -0.00000000     0.00157924   0.00000000     0.01810681   0.00000000
  0.02068140   0.00000000     0.02281758   0.00000000    -0.00043729  -0.00000000
    2    8
  0.01780930   0.00000000     0.01112516   0.00000000     0.01041256   0.00000000
  0.01112516   0.00000000     0.01780930   0.00000000    -0.01041256  -0.00000000
 -0.00505881  -0.00000000     0.00505881   0.00000000    -0.01540459  -0.00000000
    2    9
 -0.00043729  -0.00000000     0.02068140   0.00000000    -0.02281758  -0.00000000
  0.02068140   0.00000000    -0.00043729  -0.00000000     0.02281758   0.00000000
 -0.01810681  -0.00000000     0.01810681   0.00000000     0.00157924   0.00000000
    2   10
 -0.02217828  -0.00000000    -0.01276856  -0.00000000    -0.01276856  -0.00000000
 -0.01276856  -0.00000000    -0.02217828  -0.00000000     0.01276856   0.00000000
 -0.01276856  -0.00000000     0.01276856   0.00000000    -0.02217828  -0.00000000
    2   11
  0.00224005   0.00000000     0.02478529   0.00000000     0.02478529   0.00000000
  0.02478529   0.00000000     0.00224005   0.00000000    -0.02478529  -0.00000000
  0.02478529   0.00000000    -0.02478529  -0.00000000     0.00224005   0.00000000
    3    1
 -0.01949447   0.00000000    -0.05552557   0.00000000    -0.05552557   0.00000000
 -0.05552557   0.00000000    -0.01949447   0.00000000     0.05552557   0.00000000
 -0.05552557   0.00000000     0.05552557   0.00000000    -0.01949447   0.00000000
    3    2
  0.00213647   0.00000000    -0.00457767   0.00000000    -0.00457767   0.00000000
 -0.00457767   0.00000000     0.00213647   0.00000000     0.00457767   0.00000000
 -0.00457767   0.00000000     0.00457767   0.00000000     0.00213647   0.00000000
    3    3
  0.11500548   0.00000000    -0.00340514   0.00000000    -0.00340514   0.00000000
 -0.00340514   0.00000000     0.11500548   0.00000000     0.00340514   0.00000000
 -0.00340514   0.00000000     0.00340514   0.00000000     0.11500548   0.00000000
    3    4
  0.00157924   0.00000000    -0.01810681  -0.00000000    -0.01810681  -0.00000000
 -0.02281758  -0.00000000    -0.00043729  -0.00000000    -0.02068140  -0.00000000
 -0.02281758  -0.00000000    -0.02068140  -0.00000000    -0.00043729  -0.00000000
    3    5
 -0.01540459  -0.00000000    -0.00505881  -0.00000000    -0.00505881  -0.00000000
  0.01041256   0.00000000     0.01780930   0.00000000    -0.01112516  -0.00000000
  0.01041256   0.00000000    -0.01112516  -0.00000000     0.01780930   0.00000000
    3    6
 -0.00043729  -0.00000000    -0.02281758  -0.00000000     0.02068140   0.00000000
 -0.01810681  -0.00000000     0.00157924   0.00000000     0.01810681   0.00000000
  0.02068140   0.00000000     0.02281758   0.00000000    -0.00043729  -0.00000000
    3    7
  0.01780930   0.00000000     0.01041256   0.00000000     0.01112516   0.00000000
 -0.00505881  -0.00000000    -0.01540459  -0.00000000     0.00505881   0.00000000
  0.01112516   0.00000000    -0.01041256  -0.00000000     0.01780930   0.00000000
    3    8
 -0.00043729  -0.00000000     0.02068140   0.00000000    -0.02281758  -0.00000000
