Dynamical matrix file
Electron-phonon coefficients for Ce1H10                                    
  2   11   0   6.3832998   0.0000000   0.0000000   0.0000000   0.0000000   0.0000000
Basis vectors
      0.000000000    0.707106781    0.707106781
      0.707106781    0.000000000    0.707106781
      0.707106781    0.707106781    0.000000000
           1  'Ce     '    127707.921567413     
           2  'H      '    918.681110398939     
    1    1      0.7071067812      0.7071067812      0.7071067812
    2    2      0.3535533906      0.3535533906      0.3535533906
    3    2      1.0606601718      1.0606601718      1.0606601718
    4    2      1.2411447683      1.2411447683      1.2411447683
    5    2      0.1730687941      0.1730687941      0.1730687941
    6    2      0.8801755753      0.8801755753      1.2411447683
    7    2      0.5340379871      0.5340379871      0.1730687941
    8    2      0.8801755753      1.2411447683      0.8801755753
    9    2      0.5340379871      0.1730687941      0.5340379871
   10    2      1.2411447683      0.8801755753      0.8801755753
   11    2      0.1730687941      0.5340379871      0.5340379871

     Dynamical  Matrix in cartesian axes

     q = (    0.235702260   0.000000000   0.000000000 ) 

    1    1
  0.80673223   0.00000000    -0.00000000   0.00000000    -0.00000000   0.00000000
 -0.00000000   0.00000000     0.80035886   0.00000000     0.00000000   0.00000000
 -0.00000000   0.00000000     0.00000000   0.00000000     0.80035886   0.00000000
    1    2
 -0.02700450  -0.01559105    -0.00000000   0.00000000     0.00000000   0.00000000
 -0.00000000   0.00000000    -0.02958949  -0.01708350    -0.02399978   0.04156884
  0.00000000   0.00000000    -0.02399978   0.04156884    -0.02958949  -0.01708350
    1    3
 -0.02700450   0.01559105    -0.00000000  -0.00000000     0.00000000  -0.00000000
 -0.00000000  -0.00000000    -0.02958949   0.01708350    -0.02399978  -0.04156884
  0.00000000  -0.00000000    -0.02399978  -0.04156884    -0.02958949   0.01708350
    1    4
 -0.05197177   0.01350116     0.01874990   0.00133881     0.01874990   0.00133881
  0.01785460  -0.00596507    -0.04212336   0.06188289     0.00649554  -0.03079377
  0.01785460  -0.00596507     0.00649554  -0.03079377    -0.04212336   0.06188289
    1    5
 -0.05197177  -0.01350116     0.01874990  -0.00133881     0.01874990  -0.00133881
  0.01785460   0.00596507    -0.04212336  -0.06188289     0.00649554   0.03079377
  0.01785460   0.00596507     0.00649554   0.03079377    -0.04212336  -0.06188289
    1    6
 -0.03767823   0.03825829     0.00821550  -0.01690730    -0.00821550   0.01690730
  0.01409320  -0.01248000    -0.07465383   0.00553846    -0.02991596  -0.00977158
 -0.01409320   0.01248000    -0.02991596  -0.00977158    -0.07465383   0.00553846
    1    7
 -0.03767823  -0.03825829     0.00821550   0.01690730    -0.00821550  -0.01690730
  0.01409320   0.01248000    -0.07465383  -0.00553846    -0.02991596   0.00977158
 -0.01409320  -0.01248000    -0.02991596   0.00977158    -0.07465383  -0.00553846
    1    8
 -0.03767823   0.03825829    -0.00821550   0.01690730     0.00821550  -0.01690730
 -0.01409320   0.01248000    -0.07465383   0.00553846    -0.02991596  -0.00977158
  0.01409320  -0.01248000    -0.02991596  -0.00977158    -0.07465383   0.00553846
    1    9
 -0.03767823  -0.03825829    -0.00821550  -0.01690730     0.00821550   0.01690730
 -0.01409320  -0.01248000    -0.07465383  -0.00553846    -0.02991596   0.00977158
  0.01409320   0.01248000    -0.02991596   0.00977158    -0.07465383  -0.00553846
    1   10
 -0.05197177   0.01350116    -0.01874990  -0.00133881    -0.01874990  -0.00133881
 -0.01785460   0.00596507    -0.04212336   0.06188289     0.00649554  -0.03079377
 -0.01785460   0.00596507     0.00649554  -0.03079377    -0.04212336   0.06188289
    1   11
 -0.05197177  -0.01350116    -0.01874990   0.00133881    -0.01874990   0.00133881
 -0.01785460  -0.00596507    -0.04212336  -0.06188289     0.00649554   0.03079377
 -0.01785460  -0.00596507     0.00649554   0.03079377    -0.04212336  -0.06188289
    2    1
 -0.02700450   0.01559105    -0.00000000   0.00000000     0.00000000   0.00000000
 -0.00000000   0.00000000    -0.02958949   0.01708350    -0.02399978  -0.04156884
 -0.00000000   0.00000000    -0.02399978  -0.04156884    -0.02958949   0.01708350
    2    2
  0.10768356   0.00000000    -0.00000000   0.00000000     0.00000000   0.00000000
  0.00000000   0.00000000     0.10738821   0.00000000    -0.00000000   0.00000000
  0.00000000   0.00000000     0.00000000   0.00000000     0.10738821   0.00000000
    2    3
  0.00794878  -0.01376769    -0.00000000   0.00000000     0.00000000   0.00000000
  0.00000000  -0.00000000     0.00392973  -0.00680649     0.00104126   0.00060117
 -0.00000000   0.00000000     0.00104126   0.00060117     0.00392973  -0.00680649
    2    4
  0.00856672   0.01664067     0.00246073  -0.00932703     0.00246073  -0.00932703
 -0.00523306  -0.00903987    -0.00628171   0.01522358     0.00594688  -0.01059769
 -0.00523306  -0.00903987     0.00594688  -0.01059769    -0.00628171   0.01522358
    2    5
  0.00024228  -0.00138691    -0.01897497   0.00204941    -0.01897497   0.00204941
 -0.01841180   0.00137850    -0.00124198  -0.00171369    -0.01762847   0.00233660
 -0.01841180   0.00137850    -0.01762847   0.00233660    -0.00124198  -0.00171369
    2    6
 -0.01869460   0.00090134     0.00684709  -0.00679457    -0.00684709   0.00679457
  0.01044529   0.00001203    -0.01004315   0.01305191    -0.00620443   0.01044900
 -0.01044529  -0.00001203    -0.00620443   0.01044900    -0.01004315   0.01305191
    2    7
  0.00024228   0.00138691    -0.01897497  -0.00204941     0.01897497   0.00204941
 -0.01841180  -0.00137850    -0.00124198   0.00171369     0.01762847   0.00233660
  0.01841180   0.00137850     0.01762847   0.00233660    -0.00124198   0.00171369
    2    8
 -0.01869460   0.00090134    -0.00684709   0.00679457     0.00684709  -0.00679457
 -0.01044529  -0.00001203    -0.01004315   0.01305191    -0.00620443   0.01044900
  0.01044529   0.00001203    -0.00620443   0.01044900    -0.01004315   0.01305191
    2    9
  0.00024228   0.00138691     0.01897497   0.00204941    -0.01897497  -0.00204941
  0.01841180   0.00137850    -0.00124198   0.00171369     0.01762847   0.00233660
 -0.01841180  -0.00137850     0.01762847   0.00233660    -0.00124198   0.00171369
    2   10
  0.00856672   0.01664067    -0.00246073   0.00932703    -0.00246073   0.00932703
  0.00523306   0.00903987    -0.00628171   0.01522358     0.00594688  -0.01059769
  0.00523306   0.00903987     0.00594688  -0.01059769    -0.00628171   0.01522358
    2   11
  0.00024228  -0.00138691     0.01897497  -0.00204941     0.01897497  -0.00204941
  0.01841180  -0.00137850    -0.00124198  -0.00171369    -0.01762847   0.00233660
  0.01841180  -0.00137850    -0.01762847   0.00233660    -0.00124198  -0.00171369
    3    1
 -0.02700450  -0.01559105    -0.00000000   0.00000000     0.00000000  -0.00000000
 -0.00000000   0.00000000    -0.02958949  -0.01708350    -0.02399978   0.04156884
 -0.00000000   0.00000000    -0.02399978   0.04156884    -0.02958949  -0.01708350
    3    2
  0.00794878   0.01376769    -0.00000000   0.00000000     0.00000000   0.00000000
  0.00000000   0.00000000     0.00392973   0.00680649     0.00104126  -0.00060117
 -0.00000000  -0.00000000     0.00104126  -0.00060117     0.00392973   0.00680649
    3    3
  0.10768356   0.00000000    -0.00000000   0.00000000     0.00000000   0.00000000
  0.00000000   0.00000000     0.10738821   0.00000000    -0.00000000   0.00000000
  0.00000000   0.00000000     0.00000000   0.00000000     0.10738821   0.00000000
    3    4
  0.00024228   0.00138691    -0.01897497  -0.00204941    -0.01897497  -0.00204941
 -0.01841180  -0.00137850    -0.00124198   0.00171369    -0.01762847  -0.00233660
 -0.01841180  -0.00137850    -0.01762847  -0.00233660    -0.00124198   0.00171369
    3    5
  0.00856672  -0.01664067     0.00246073   0.00932703     0.00246073   0.00932703
 -0.00523306   0.00903987    -0.00628171  -0.01522358     0.00594688   0.01059769
 -0.00523306   0.00903987     0.00594688   0.01059769    -0.00628171  -0.01522358
    3    6
  0.00024228  -0.00138691    -0.01897497   0.00204941     0.01897497  -0.00204941
 -0.01841180   0.00137850    -0.00124198  -0.00171369     0.01762847  -0.00233660
  0.01841180  -0.00137850     0.01762847  -0.00233660    -0.00124198  -0.00171369
    3    7
 -0.01869460  -0.00090134     0.00684709   0.00679457    -0.00684709  -0.00679457
  0.01044529  -0.00001203    -0.01004315  -0.01305191    -0.00620443  -0.01044900
 -0.01044529   0.00001203    -0.00620443  -0.01044900    -0.01004315  -0.01305191
    3    8
  0.00024228  -0.00138691     0.01897497  -0.00204941    -0.01897497   0.00204941
  0.01841180  -0.00137850    -0.00124198  -0.00171369     0.01762847  -0.00233660
 -0.01841180   0.00137850     0.01762847  -0.00233660    -0.00124198  -0.00171369
    3    9
 -0.01869460  -0.00090134    -0.00684709  -0.00679457     0.00684709   0.00679457
 -0.01044529   0.00001203    -0.01004315  -0.01305191    -0.00620443  -0.01044900
  0.01044529  -0.00001203    -0.00620443  -0.01044900    -0.01004315  -0.01305191
    3   10
  0.00024228   0.00138691     0.01897497   0.00204941     0.01897497   0.00204941
  0.01841180   0.00137850    -0.00124198   0.00171369    -0.01762847  -0.00233660
  0.01841180   0.00137850    -0.01762847  -0.00233660    -0.00124198   0.00171369
    3   11
  0.00856672  -0.01664067    -0.00246073  -0.00932703    -0.00246073  -0.00932703
  0.00523306  -0.00903987    -0.00628171  -0.01522358     0.00594688   0.01059769
  0.00523306  -0.00903987     0.00594688   0.01059769    -0.00628171  -0.01522358
    4    1
 -0.05197177  -0.01350116     0.01785460   0.00596507     0.01785460   0.00596507
  0.01874990  -0.00133881    -0.04212336  -0.06188289     0.00649554   0.03079377
  0.01874990  -0.00133881     0.00649554   0.03079377    -0.04212336  -0.06188289
    4    2
  0.00856672  -0.01664067    -0.00523306   0.00903987    -0.00523306   0.00903987
  0.00246073   0.00932703    -0.00628171  -0.01522358     0.00594688   0.01059769
  0.00246073   0.00932703     0.00594688   0.01059769    -0.00628171  -0.01522358
    4    3
  0.00024228  -0.00138691    -0.01841180   0.00137850    -0.01841180   0.00137850
 -0.01897497   0.00204941    -0.00124198  -0.00171369    -0.01762847   0.00233660
 -0.01897497   0.00204941    -0.01762847   0.00233660    -0.00124198  -0.00171369
    4    4
  0.18285266  -0.00000000     0.01651612   0.00006054     0.01651612   0.00006054
  0.01651612  -0.00006054     0.18283169   0.00000000     0.01708706  -0.00000000
  0.01651612  -0.00006054     0.01708706  -0.00000000     0.18283169   0.00000000
    4    5
 -0.00226023  -0.00208637    -0.00235894   0.00140775    -0.00235894   0.00140775
 -0.00235894   0.00140775    -0.00066893  -0.00282036    -0.00253671  -0.00066954
 -0.00235894   0.00140775    -0.00253671  -0.00066954    -0.00066893  -0.00282036
    4    6
 -0.02647276  -0.00805438    -0.02307189  -0.01548712     0.00428612   0.00056382
 -0.02307189  -0.01548712    -0.02236153  -0.01200438     0.00413419   0.00156454
 -0.00428612  -0.00056382    -0.00413419  -0.00156454     0.00051881  -0.00055527
    4    7
  0.00342212   0.00592729     0.00235945   0.00110141    -0.00109553  -0.00323046
 -0.00022588   0.00259404     0.00255887   0.00443209    -0.00241374  -0.00365348
  0.00224989   0.00256398     0.00195713   0.00391710    -0.01333792  -0.02310195
    4    8
 -0.02647276  -0.00805438     0.00428612   0.00056382    -0.02307189  -0.01548712
 -0.00428612  -0.00056382     0.00051881  -0.00055527    -0.00413419  -0.00156454
 -0.02307189  -0.01548712     0.00413419   0.00156454    -0.02236153  -0.01200438
    4    9
  0.00342212   0.00592729    -0.00109553  -0.00323046     0.00235945   0.00110141
  0.00224989   0.00256398    -0.01333792  -0.02310195     0.00195713   0.00391710
 -0.00022588   0.00259404    -0.00241374  -0.00365348     0.00255887   0.00443209
    4   10
  0.00299282   0.00000000    -0.00446348   0.00033197    -0.00446348   0.00033197
  0.00446348   0.00033197    -0.03092769   0.00000000    -0.03418424  -0.00000000
  0.00446348   0.00033197    -0.03418424  -0.00000000    -0.03092769   0.00000000
    4   11
  0.00843670  -0.02271195     0.00018608   0.00363600     0.00018608   0.00363600
 -0.00018608  -0.00363600    -0.00775325   0.00327436    -0.00597652   0.00119631
 -0.00018608  -0.00363600    -0.00597652   0.00119631    -0.00775325   0.00327436
    5    1
 -0.05197177   0.01350116     0.01785460  -0.00596507     0.01785460  -0.00596507
  0.01874990   0.00133881    -0.04212336   0.06188289     0.00649554  -0.03079377
  0.01874990   0.00133881     0.00649554  -0.03079377    -0.04212336   0.06188289
    5    2
  0.00024228   0.00138691    -0.01841180  -0.00137850    -0.01841180  -0.00137850
 -0.01897497  -0.00204941    -0.00124198   0.00171369    -0.01762847  -0.00233660
 -0.01897497  -0.00204941    -0.01762847  -0.00233660    -0.00124198   0.00171369
    5    3
  0.00856672   0.01664067    -0.00523306  -0.00903987    -0.00523306  -0.00903987
  0.00246073  -0.00932703    -0.00628171   0.01522358     0.00594688  -0.01059769
  0.00246073  -0.00932703     0.00594688  -0.01059769    -0.00628171   0.01522358
    5    4
 -0.00226023   0.00208637    -0.00235894  -0.00140775    -0.00235894  -0.00140775
 -0.00235894  -0.00140775    -0.00066893   0.00282036    -0.00253671   0.00066954
 -0.00235894  -0.00140775    -0.00253671   0.00066954    -0.00066893   0.00282036
    5    5
  0.18285266   0.00000000     0.01651612  -0.00006054     0.01651612  -0.00006054
  0.01651612   0.00006054     0.18283169  -0.00000000     0.01708706   0.00000000
  0.01651612   0.00006054     0.01708706   0.00000000     0.18283169  -0.00000000
    5    6
  0.00342212  -0.00592729     0.00235945  -0.00110141    -0.00109553   0.00323046
 -0.00022588  -0.00259404     0.00255887  -0.00443209    -0.00241374   0.00365348
  0.00224989  -0.00256398     0.00195713  -0.00391710    -0.01333792   0.02310195
    5    7
 -0.02647276   0.00805438    -0.02307189   0.01548712     0.00428612  -0.00056382
 -0.02307189   0.01548712    -0.02236153   0.01200438     0.00413419  -0.00156454
 -0.00428612   0.00056382    -0.00413419   0.00156454     0.00051881   0.00055527
    5    8
  0.00342212  -0.00592729    -0.00109553   0.00323046     0.00235945  -0.00110141
  0.00224989  -0.00256398    -0.01333792   0.02310195     0.00195713  -0.00391710
 -0.00022588  -0.00259404    -0.00241374   0.00365348     0.00255887  -0.00443209
    5    9
 -0.02647276   0.00805438     0.00428612  -0.00056382    -0.02307189   0.01548712
 -0.00428612   0.00056382     0.00051881   0.00055527    -0.00413419   0.00156454
 -0.02307189   0.01548712     0.00413419  -0.00156454    -0.02236153   0.01200438
    5   10
  0.00843670   0.02271195     0.00018608  -0.00363600     0.00018608  -0.00363600
 -0.00018608   0.00363600    -0.00775325  -0.00327436    -0.00597652  -0.00119631
 -0.00018608   0.00363600    -0.00597652  -0.00119631    -0.00775325  -0.00327436
    5   11
  0.00299282  -0.00000000    -0.00446348  -0.00033197    -0.00446348  -0.00033197
  0.00446348  -0.00033197    -0.03092769  -0.00000000    -0.03418424   0.00000000
  0.00446348  -0.00033197    -0.03418424   0.00000000    -0.03092769  -0.00000000
    6    1
 -0.03767823  -0.03825829     0.01409320   0.01248000    -0.01409320  -0.01248000
  0.00821550   0.01690730    -0.07465383  -0.00553846    -0.02991596   0.00977158
 -0.00821550  -0.01690730    -0.02991596   0.00977158    -0.07465383  -0.00553846
    6    2
 -0.01869460  -0.00090134     0.01044529  -0.00001203    -0.01044529   0.00001203
  0.00684709   0.00679457    -0.01004315  -0.01305191    -0.00620443  -0.01044900
 -0.00684709  -0.00679457    -0.00620443  -0.01044900    -0.01004315  -0.01305191
    6    3
  0.00024228   0.00138691    -0.01841180  -0.00137850     0.01841180   0.00137850
 -0.01897497  -0.00204941    -0.00124198   0.00171369     0.01762847   0.00233660
  0.01897497   0.00204941     0.01762847   0.00233660    -0.00124198   0.00171369
    6    4
 -0.02647276   0.00805438    -0.02307189   0.01548712    -0.00428612   0.00056382
 -0.02307189   0.01548712    -0.02236153   0.01200438    -0.00413419   0.00156454
  0.00428612  -0.00056382     0.00413419  -0.00156454     0.00051881   0.00055527
    6    5
  0.00342212   0.00592729    -0.00022588   0.00259404     0.00224989   0.00256398
  0.00235945   0.00110141     0.00255887   0.00443209     0.00195713   0.00391710
 -0.00109553  -0.00323046    -0.00241374  -0.00365348    -0.01333792  -0.02310195
    6    6
  0.18285266   0.00000000     0.01651612  -0.00006054    -0.01651612   0.00006054
  0.01651612   0.00006054     0.18283169  -0.00000000    -0.01708706  -0.00000000
 -0.01651612  -0.00006054    -0.01708706  -0.00000000     0.18283169  -0.00000000
    6    7
 -0.00067673  -0.00300061     0.00239862  -0.00133903    -0.00239862   0.00133903
  0.00239862  -0.00133903    -0.00210804  -0.00198949    -0.00068851   0.00253162
 -0.00239862   0.00133903    -0.00068851   0.00253162    -0.00210804  -0.00198949
    6    8
  0.00299282  -0.00000000    -0.00446348  -0.00033197     0.00446348   0.00033197
  0.00446348  -0.00033197    -0.03092769  -0.00000000     0.03418424  -0.00000000
 -0.00446348   0.00033197     0.03418424  -0.00000000    -0.03092769  -0.00000000
    6    9
 -0.02388747  -0.00404958     0.00305582   0.00197915    -0.00305582  -0.00197915
 -0.00305582  -0.00197915     0.00671230  -0.00507733    -0.00402429   0.00457767
  0.00305582   0.00197915    -0.00402429   0.00457767     0.00671230  -0.00507733
    6   10
 -0.02647276   0.00805438     0.00428612  -0.00056382     0.02307189  -0.01548712
 -0.00428612   0.00056382     0.00051881   0.00055527     0.00413419  -0.00156454
  0.02307189  -0.01548712    -0.00413419   0.00156454    -0.02236153   0.01200438
    6   11
  0.00342212   0.00592729    -0.00224989  -0.00256398     0.00022588  -0.00259404
  0.00109553   0.00323046    -0.01333792  -0.02310195    -0.00241374  -0.00365348
 -0.00235945  -0.00110141     0.00195713   0.00391710     0.00255887   0.00443209
    7    1
 -0.03767823   0.03825829     0.01409320  -0.01248000    -0.01409320   0.01248000
  0.00821550  -0.01690730    -0.07465383   0.00553846    -0.02991596  -0.00977158
 -0.00821550   0.01690730    -0.02991596  -0.00977158    -0.07465383   0.00553846
    7    2
  0.00024228  -0.00138691    -0.01841180   0.00137850     0.01841180  -0.00137850
 -0.01897497   0.00204941    -0.00124198  -0.00171369     0.01762847  -0.00233660
  0.01897497  -0.00204941     0.01762847  -0.00233660    -0.00124198  -0.00171369
    7    3
 -0.01869460   0.00090134     0.01044529   0.00001203    -0.01044529  -0.00001203
  0.00684709  -0.00679457    -0.01004315   0.01305191    -0.00620443   0.01044900
 -0.00684709   0.00679457    -0.00620443   0.01044900    -0.01004315   0.01305191
    7    4
  0.00342212  -0.00592729    -0.00022588  -0.00259404     0.00224989  -0.00256398
  0.00235945  -0.00110141     0.00255887  -0.00443209     0.00195713  -0.00391710
 -0.00109553   0.00323046    -0.00241374   0.00365348    -0.01333792   0.02310195
    7    5
 -0.02647276  -0.00805438    -0.02307189  -0.01548712    -0.00428612  -0.00056382
 -0.02307189  -0.01548712    -0.02236153  -0.01200438    -0.00413419  -0.00156454
  0.00428612   0.00056382     0.00413419   0.00156454     0.00051881  -0.00055527
    7    6
 -0.00067673   0.00300061     0.00239862   0.00133903    -0.00239862  -0.00133903
  0.00239862   0.00133903    -0.00210804   0.00198949    -0.00068851  -0.00253162
 -0.00239862  -0.00133903    -0.00068851  -0.00253162    -0.00210804   0.00198949
    7    7
  0.18285266  -0.00000000     0.01651612   0.00006054    -0.01651612  -0.00006054
  0.01651612  -0.00006054     0.18283169   0.00000000    -0.01708706   0.00000000
 -0.01651612   0.00006054    -0.01708706   0.00000000     0.18283169   0.00000000
    7    8
 -0.02388747   0.00404958     0.00305582  -0.00197915    -0.00305582   0.00197915
 -0.00305582   0.00197915     0.00671230   0.00507733    -0.00402429  -0.00457767
  0.00305582  -0.00197915    -0.00402429  -0.00457767     0.00671230   0.00507733
    7    9
  0.00299282   0.00000000    -0.00446348   0.00033197     0.00446348  -0.00033197
  0.00446348   0.00033197    -0.03092769   0.00000000     0.03418424   0.00000000
 -0.00446348  -0.00033197     0.03418424   0.00000000    -0.03092769   0.00000000
    7   10
  0.00342212  -0.00592729    -0.00224989   0.00256398     0.00022588   0.00259404
  0.00109553  -0.00323046    -0.01333792   0.02310195    -0.00241374   0.00365348
 -0.00235945   0.00110141     0.00195713  -0.00391710     0.00255887  -0.00443209
    7   11
 -0.02647276  -0.00805438     0.00428612   0.00056382     0.02307189   0.01548712
 -0.00428612  -0.00056382     0.00051881  -0.00055527     0.00413419   0.00156454
  0.02307189   0.01548712    -0.00413419  -0.00156454    -0.02236153  -0.01200438
    8    1
 -0.03767823  -0.03825829    -0.01409320  -0.01248000     0.01409320   0.01248000
 -0.00821550  -0.01690730    -0.07465383  -0.00553846    -0.02991596   0.00977158
  0.00821550   0.01690730    -0.02991596   0.00977158    -0.07465383  -0.00553846
    8    2
 -0.01869460  -0.00090134    -0.01044529   0.00001203     0.01044529  -0.00001203
 -0.00684709  -0.00679457    -0.01004315  -0.01305191    -0.00620443  -0.01044900
  0.00684709   0.00679457    -0.00620443  -0.01044900    -0.01004315  -0.01305191
    8    3
  0.00024228   0.00138691     0.01841180   0.00137850    -0.01841180  -0.00137850
  0.01897497   0.00204941    -0.00124198   0.00171369     0.01762847   0.00233660
 -0.01897497  -0.00204941     0.01762847   0.00233660    -0.00124198   0.00171369
    8    4
 -0.02647276   0.00805438    -0.00428612   0.00056382    -0.02307189   0.01548712
  0.00428612  -0.00056382     0.00051881   0.00055527     0.00413419  -0.00156454
 -0.02307189   0.01548712    -0.00413419   0.00156454    -0.02236153   0.01200438
    8    5
  0.00342212   0.00592729     0.00224989   0.00256398    -0.00022588   0.00259404
 -0.00109553  -0.00323046    -0.01333792  -0.02310195    -0.00241374  -0.00365348
  0.00235945   0.00110141     0.00195713   0.00391710     0.00255887   0.00443209
    8    6
  0.00299282  -0.00000000     0.00446348   0.00033197    -0.00446348  -0.00033197
 -0.00446348   0.00033197    -0.03092769  -0.00000000     0.03418424  -0.00000000
  0.00446348  -0.00033197     0.03418424  -0.00000000    -0.03092769  -0.00000000
    8    7
 -0.02388747  -0.00404958    -0.00305582  -0.00197915     0.00305582   0.00197915
  0.00305582   0.00197915     0.00671230  -0.00507733    -0.00402429   0.00457767
 -0.00305582  -0.00197915    -0.00402429   0.00457767     0.00671230  -0.00507733
    8    8
  0.18285266   0.00000000    -0.01651612   0.00006054     0.01651612  -0.00006054
 -0.01651612  -0.00006054     0.18283169  -0.00000000    -0.01708706  -0.00000000
  0.01651612   0.00006054    -0.01708706  -0.00000000     0.18283169  -0.00000000
    8    9
 -0.00067673  -0.00300061    -0.00239862   0.00133903     0.00239862  -0.00133903
 -0.00239862   0.00133903    -0.00210804  -0.00198949    -0.00068851   0.00253162
  0.00239862  -0.00133903    -0.00068851   0.00253162    -0.00210804  -0.00198949
    8   10
 -0.02647276   0.00805438     0.02307189  -0.01548712     0.00428612  -0.00056382
  0.02307189  -0.01548712    -0.02236153   0.01200438    -0.00413419   0.00156454
 -0.00428612   0.00056382     0.00413419  -0.00156454     0.00051881   0.00055527
    8   11
  0.00342212   0.00592729     0.00022588  -0.00259404    -0.00224989  -0.00256398
 -0.00235945  -0.00110141     0.00255887   0.00443209     0.00195713   0.00391710
  0.00109553   0.00323046    -0.00241374  -0.00365348    -0.01333792  -0.02310195
    9    1
 -0.03767823   0.03825829    -0.01409320   0.01248000     0.01409320  -0.01248000
 -0.00821550   0.01690730    -0.07465383   0.00553846    -0.02991596  -0.00977158
  0.00821550  -0.01690730    -0.02991596  -0.00977158    -0.07465383   0.00553846
    9    2
  0.00024228  -0.00138691     0.01841180  -0.00137850    -0.01841180   0.00137850
  0.01897497  -0.00204941    -0.00124198  -0.00171369     0.01762847  -0.00233660
 -0.01897497   0.00204941     0.01762847  -0.00233660    -0.00124198  -0.00171369
    9    3
 -0.01869460   0.00090134    -0.01044529  -0.00001203     0.01044529   0.00001203
 -0.00684709   0.00679457    -0.01004315   0.01305191    -0.00620443   0.01044900
  0.00684709  -0.00679457    -0.00620443   0.01044900    -0.01004315   0.01305191
    9    4
  0.00342212  -0.00592729     0.00224989  -0.00256398    -0.00022588  -0.00259404
 -0.00109553   0.00323046    -0.01333792   0.02310195    -0.00241374   0.00365348
  0.00235945  -0.00110141     0.00195713  -0.00391710     0.00255887  -0.00443209
    9    5
 -0.02647276  -0.00805438    -0.00428612  -0.00056382    -0.02307189  -0.01548712
  0.00428612   0.00056382     0.00051881  -0.00055527     0.00413419   0.00156454
 -0.02307189  -0.01548712    -0.00413419  -0.00156454    -0.02236153  -0.01200438
    9    6
 -0.02388747   0.00404958    -0.00305582   0.00197915     0.00305582  -0.00197915
  0.00305582  -0.00197915     0.00671230   0.00507733    -0.00402429  -0.00457767
 -0.00305582   0.00197915    -0.00402429  -0.00457767     0.00671230   0.00507733
    9    7
  0.00299282   0.00000000     0.00446348  -0.00033197    -0.00446348   0.00033197
 -0.00446348  -0.00033197    -0.03092769   0.00000000     0.03418424   0.00000000
  0.00446348   0.00033197     0.03418424   0.00000000    -0.03092769   0.00000000
    9    8
 -0.00067673   0.00300061    -0.00239862  -0.00133903     0.00239862   0.00133903
 -0.00239862  -0.00133903    -0.00210804   0.00198949    -0.00068851  -0.00253162
  0.00239862   0.00133903    -0.00068851  -0.00253162    -0.00210804   0.00198949
    9    9
  0.18285266  -0.00000000    -0.01651612  -0.00006054     0.01651612   0.00006054
 -0.01651612   0.00006054     0.18283169   0.00000000    -0.01708706   0.00000000
  0.01651612  -0.00006054    -0.01708706   0.00000000     0.18283169   0.00000000
    9   10
  0.00342212  -0.00592729     0.00022588   0.00259404    -0.00224989   0.00256398
 -0.00235945   0.00110141     0.00255887  -0.00443209     0.00195713  -0.00391710
  0.00109553  -0.00323046    -0.00241374   0.00365348    -0.01333792   0.02310195
    9   11
 -0.02647276  -0.00805438     0.02307189   0.01548712     0.00428612   0.00056382
  0.02307189   0.01548712    -0.02236153  -0.01200438    -0.00413419  -0.00156454
 -0.00428612  -0.00056382     0.00413419   0.00156454     0.00051881  -0.00055527
   10    1
 -0.05197177  -0.01350116    -0.01785460  -0.00596507    -0.01785460  -0.00596507
 -0.01874990   0.00133881    -0.04212336  -0.06188289     0.00649554   0.03079377
 -0.01874990   0.00133881     0.00649554   0.03079377    -0.04212336  -0.06188289
   10    2
  0.00856672  -0.01664067     0.00523306  -0.00903987     0.00523306  -0.00903987
 -0.00246073  -0.00932703    -0.00628171  -0.01522358     0.00594688   0.01059769
 -0.00246073  -0.00932703     0.00594688   0.01059769    -0.00628171  -0.01522358
   10    3
  0.00024228  -0.00138691     0.01841180  -0.00137850     0.01841180  -0.00137850
  0.01897497  -0.00204941    -0.00124198  -0.00171369    -0.01762847   0.00233660
  0.01897497  -0.00204941    -0.01762847   0.00233660    -0.00124198  -0.00171369
   10    4
  0.00299282   0.00000000     0.00446348  -0.00033197     0.00446348  -0.00033197
 -0.00446348  -0.00033197    -0.03092769   0.00000000    -0.03418424  -0.00000000
 -0.00446348  -0.00033197    -0.03418424  -0.00000000    -0.03092769   0.00000000
   10    5
  0.00843670  -0.02271195    -0.00018608  -0.00363600    -0.00018608  -0.00363600
  0.00018608   0.00363600    -0.00775325   0.00327436    -0.00597652   0.00119631
  0.00018608   0.00363600    -0.00597652   0.00119631    -0.00775325   0.00327436
   10    6
 -0.02647276  -0.00805438    -0.00428612  -0.00056382     0.02307189   0.01548712
  0.00428612   0.00056382     0.00051881  -0.00055527    -0.00413419  -0.00156454
  0.02307189   0.01548712     0.00413419   0.00156454    -0.02236153  -0.01200438
   10    7
  0.00342212   0.00592729     0.00109553   0.00323046    -0.00235945  -0.00110141
 -0.00224989  -0.00256398    -0.01333792  -0.02310195     0.00195713   0.00391710
  0.00022588  -0.00259404    -0.00241374  -0.00365348     0.00255887   0.00443209
   10    8
 -0.02647276  -0.00805438     0.02307189   0.01548712    -0.00428612  -0.00056382
  0.02307189   0.01548712    -0.02236153  -0.01200438     0.00413419   0.00156454
  0.00428612   0.00056382    -0.00413419  -0.00156454     0.00051881  -0.00055527
   10    9
  0.00342212   0.00592729    -0.00235945  -0.00110141     0.00109553   0.00323046
  0.00022588  -0.00259404     0.00255887   0.00443209    -0.00241374  -0.00365348
 -0.00224989  -0.00256398     0.00195713   0.00391710    -0.01333792  -0.02310195
   10   10
  0.18285266  -0.00000000    -0.01651612  -0.00006054    -0.01651612  -0.00006054
 -0.01651612   0.00006054     0.18283169   0.00000000     0.01708706  -0.00000000
 -0.01651612   0.00006054     0.01708706  -0.00000000     0.18283169   0.00000000
   10   11
 -0.00226023  -0.00208637     0.00235894  -0.00140775     0.00235894  -0.00140775
  0.00235894  -0.00140775    -0.00066893  -0.00282036    -0.00253671  -0.00066954
  0.00235894  -0.00140775    -0.00253671  -0.00066954    -0.00066893  -0.00282036
   11    1
 -0.05197177   0.01350116    -0.01785460   0.00596507    -0.01785460   0.00596507
 -0.01874990  -0.00133881    -0.04212336   0.06188289     0.00649554  -0.03079377
 -0.01874990  -0.00133881     0.00649554  -0.03079377    -0.04212336   0.06188289
   11    2
  0.00024228   0.00138691     0.01841180   0.00137850     0.01841180   0.00137850
  0.01897497   0.00204941    -0.00124198   0.00171369    -0.01762847  -0.00233660
  0.01897497   0.00204941    -0.01762847  -0.00233660    -0.00124198   0.00171369
   11    3
  0.00856672   0.01664067     0.00523306   0.00903987     0.00523306   0.00903987
 -0.00246073   0.00932703    -0.00628171   0.01522358     0.00594688  -0.01059769
 -0.00246073   0.00932703     0.00594688  -0.01059769    -0.00628171   0.01522358
   11    4
  0.00843670   0.02271195    -0.00018608   0.00363600    -0.00018608   0.00363600
  0.00018608  -0.00363600    -0.00775325  -0.00327436    -0.00597652  -0.00119631
  0.00018608  -0.00363600    -0.00597652  -0.00119631    -0.00775325  -0.00327436
   11    5
  0.00299282  -0.00000000     0.00446348   0.00033197     0.00446348   0.00033197
 -0.00446348   0.00033197    -0.03092769  -0.00000000    -0.03418424   0.00000000
 -0.00446348   0.00033197    -0.03418424   0.00000000    -0.03092769  -0.00000000
   11    6
  0.00342212  -0.00592729     0.00109553  -0.00323046    -0.00235945   0.00110141
 -0.00224989   0.00256398    -0.01333792   0.02310195     0.00195713  -0.00391710
  0.00022588   0.00259404    -0.00241374   0.00365348     0.00255887  -0.00443209
   11    7
 -0.02647276   0.00805438    -0.00428612   0.00056382     0.02307189  -0.01548712
  0.00428612  -0.00056382     0.00051881   0.00055527    -0.00413419   0.00156454
  0.02307189  -0.01548712     0.00413419  -0.00156454    -0.02236153   0.01200438
   11    8
  0.00342212  -0.00592729    -0.00235945   0.00110141     0.00109553  -0.00323046
  0.00022588   0.00259404     0.00255887  -0.00443209    -0.00241374   0.00365348
 -0.00224989   0.00256398     0.00195713  -0.00391710    -0.01333792   0.02310195
   11    9
 -0.02647276   0.00805438     0.02307189  -0.01548712    -0.00428612   0.00056382
  0.02307189  -0.01548712    -0.02236153   0.01200438     0.00413419  -0.00156454
  0.00428612  -0.00056382    -0.00413419   0.00156454     0.00051881   0.00055527
   11   10
 -0.00226023   0.00208637     0.00235894   0.00140775     0.00235894   0.00140775
  0.00235894   0.00140775    -0.00066893   0.00282036    -0.00253671   0.00066954
  0.00235894   0.00140775    -0.00253671   0.00066954    -0.00066893   0.00282036
   11   11
  0.18285266   0.00000000    -0.01651612   0.00006054    -0.01651612   0.00006054
 -0.01651612  -0.00006054     0.18283169  -0.00000000     0.01708706   0.00000000
 -0.01651612  -0.00006054     0.01708706   0.00000000     0.18283169  -0.00000000

     Dynamical  Matrix in cartesian axes

     q = (   -0.235702260   0.000000000   0.000000000 ) 

    1    1
  0.80673223   0.00000000    -0.00000000   0.00000000     0.00000000   0.00000000
 -0.00000000   0.00000000     0.80035886   0.00000000     0.00000000   0.00000000
  0.00000000   0.00000000     0.00000000   0.00000000     0.80035886   0.00000000
    1    2
 -0.02700450   0.01559105    -0.00000000   0.00000000     0.00000000   0.00000000
  0.00000000   0.00000000    -0.02958949   0.01708350    -0.02399978  -0.04156884
 -0.00000000  -0.00000000    -0.02399978  -0.04156884    -0.02958949   0.01708350
    1    3
 -0.02700450  -0.01559105    -0.00000000   0.00000000     0.00000000   0.00000000
 -0.00000000   0.00000000    -0.02958949  -0.01708350    -0.02399978   0.04156884
  0.00000000  -0.00000000    -0.02399978   0.04156884    -0.02958949  -0.01708350
    1    4
 -0.05197177  -0.01350116     0.01874990  -0.00133881     0.01874990  -0.00133881
  0.01785460   0.00596507    -0.04212336  -0.06188289     0.00649554   0.03079377
  0.01785460   0.00596507     0.00649554   0.03079377    -0.04212336  -0.06188289
    1    5
 -0.05197177   0.01350116     0.01874990   0.00133881     0.01874990   0.00133881
  0.01785460  -0.00596507    -0.04212336   0.06188289     0.00649554  -0.03079377
  0.01785460  -0.00596507     0.00649554  -0.03079377    -0.04212336   0.06188289
    1    6
 -0.03767823  -0.03825829     0.00821550   0.01690730    -0.00821550  -0.01690730
  0.01409320   0.01248000    -0.07465383  -0.00553846    -0.02991596   0.00977158
 -0.01409320  -0.01248000    -0.02991596   0.00977158    -0.07465383  -0.00553846
    1    7
 -0.03767823   0.03825829     0.00821550  -0.01690730    -0.00821550   0.01690730
  0.01409320  -0.01248000    -0.07465383   0.00553846    -0.02991596  -0.00977158
 -0.01409320   0.01248000    -0.02991596  -0.00977158    -0.07465383   0.00553846
    1    8
 -0.03767823  -0.03825829    -0.00821550  -0.01690730     0.00821550   0.01690730
 -0.01409320  -0.01248000    -0.07465383  -0.00553846    -0.02991596   0.00977158
  0.01409320   0.01248000    -0.02991596   0.00977158    -0.07465383  -0.00553846
    1    9
 -0.03767823   0.03825829    -0.00821550   0.01690730     0.00821550  -0.01690730
 -0.01409320   0.01248000    -0.07465383   0.00553846    -0.02991596  -0.00977158
  0.01409320  -0.01248000    -0.02991596  -0.00977158    -0.07465383   0.00553846
    1   10
 -0.05197177  -0.01350116    -0.01874990   0.00133881    -0.01874990   0.00133881
 -0.01785460  -0.00596507    -0.04212336  -0.06188289     0.00649554   0.03079377
 -0.01785460  -0.00596507     0.00649554   0.03079377    -0.04212336  -0.06188289
    1   11
 -0.05197177   0.01350116    -0.01874990  -0.00133881    -0.01874990  -0.00133881
 -0.01785460   0.00596507    -0.04212336   0.06188289     0.00649554  -0.03079377
 -0.01785460   0.00596507     0.00649554  -0.03079377    -0.04212336   0.06188289
    2    1
 -0.02700450  -0.01559105     0.00000000   0.00000000     0.00000000   0.00000000
  0.00000000  -0.00000000    -0.02958949  -0.01708350    -0.02399978   0.04156884
  0.00000000   0.00000000    -0.02399978   0.04156884    -0.02958949  -0.01708350
    2    2
  0.10768356   0.00000000     0.00000000   0.00000000     0.00000000   0.00000000
  0.00000000   0.00000000     0.10738821   0.00000000    -0.00000000   0.00000000
 -0.00000000   0.00000000    -0.00000000   0.00000000     0.10738821   0.00000000
    2    3
  0.00794878   0.01376769    -0.00000000   0.00000000     0.00000000  -0.00000000
  0.00000000  -0.00000000     0.00392973   0.00680649     0.00104126  -0.00060117
  0.00000000   0.00000000     0.00104126  -0.00060117     0.00392973   0.00680649
    2    4
  0.00856672  -0.01664067     0.00246073   0.00932703     0.00246073   0.00932703
 -0.00523306   0.00903987    -0.00628171  -0.01522358     0.00594688   0.01059769
 -0.00523306   0.00903987     0.00594688   0.01059769    -0.00628171  -0.01522358
    2    5
  0.00024228   0.00138691    -0.01897497  -0.00204941    -0.01897497  -0.00204941
 -0.01841180  -0.00137850    -0.00124198   0.00171369    -0.01762847  -0.00233660
 -0.01841180  -0.00137850    -0.01762847  -0.00233660    -0.00124198   0.00171369
    2    6
 -0.01869460  -0.00090134     0.00684709   0.00679457    -0.00684709  -0.00679457
  0.01044529  -0.00001203    -0.01004315  -0.01305191    -0.00620443  -0.01044900
 -0.01044529   0.00001203    -0.00620443  -0.01044900    -0.01004315  -0.01305191
    2    7
  0.00024228  -0.00138691    -0.01897497   0.00204941     0.01897497  -0.00204941
 -0.01841180   0.00137850    -0.00124198  -0.00171369     0.01762847  -0.00233660
  0.01841180  -0.00137850     0.01762847  -0.00233660    -0.00124198  -0.00171369
    2    8
 -0.01869460  -0.00090134    -0.00684709  -0.00679457     0.00684709   0.00679457
 -0.01044529   0.00001203    -0.01004315  -0.01305191    -0.00620443  -0.01044900
  0.01044529  -0.00001203    -0.00620443  -0.01044900    -0.01004315  -0.01305191
    2    9
  0.00024228  -0.00138691     0.01897497  -0.00204941    -0.01897497   0.00204941
  0.01841180  -0.00137850    -0.00124198  -0.00171369     0.01762847  -0.00233660
 -0.01841180   0.00137850     0.01762847  -0.00233660    -0.00124198  -0.00171369
    2   10
  0.00856672  -0.01664067    -0.00246073  -0.00932703    -0.00246073  -0.00932703
  0.00523306  -0.00903987    -0.00628171  -0.01522358     0.00594688   0.01059769
  0.00523306  -0.00903987     0.00594688   0.01059769    -0.00628171  -0.01522358
    2   11
  0.00024228   0.00138691     0.01897497   0.00204941     0.01897497   0.00204941
  0.01841180   0.00137850    -0.00124198   0.00171369    -0.01762847  -0.00233660
  0.01841180   0.00137850    -0.01762847  -0.00233660    -0.00124198   0.00171369
    3    1
 -0.02700450   0.01559105    -0.00000000  -0.00000000     0.00000000  -0.00000000
 -0.00000000   0.00000000    -0.02958949   0.01708350    -0.02399978  -0.04156884
  0.00000000   0.00000000    -0.02399978  -0.04156884    -0.02958949   0.01708350
    3    2
  0.00794878  -0.01376769    -0.00000000   0.00000000     0.00000000   0.00000000
  0.00000000   0.00000000     0.00392973  -0.00680649     0.00104126   0.00060117
  0.00000000  -0.00000000     0.00104126   0.00060117     0.00392973  -0.00680649
    3    3
  0.10768356   0.00000000     0.00000000   0.00000000     0.00000000   0.00000000
  0.00000000   0.00000000     0.10738821   0.00000000    -0.00000000   0.00000000
 -0.00000000   0.00000000    -0.00000000   0.00000000     0.10738821   0.00000000
    3    4
  0.00024228  -0.00138691    -0.01897497   0.00204941    -0.01897497   0.00204941
 -0.01841180   0.00137850    -0.00124198  -0.00171369    -0.01762847   0.00233660
 -0.01841180   0.00137850    -0.01762847   0.00233660    -0.00124198  -0.00171369
    3    5
  0.00856672   0.01664067     0.00246073  -0.00932703     0.00246073  -0.00932703
 -0.00523306  -0.00903987    -0.00628171   0.01522358     0.00594688  -0.01059769
 -0.00523306  -0.00903987     0.00594688  -0.01059769    -0.00628171   0.01522358
    3    6
  0.00024228   0.00138691    -0.01897497  -0.00204941     0.01897497   0.00204941
 -0.01841180  -0.00137850    -0.00124198   0.00171369     0.01762847   0.00233660
  0.01841180   0.00137850     0.01762847   0.00233660    -0.00124198   0.00171369
    3    7
 -0.01869460   0.00090134     0.00684709  -0.00679457    -0.00684709   0.00679457
  0.01044529   0.00001203    -0.01004315   0.01305191    -0.00620443   0.01044900
 -0.01044529  -0.00001203    -0.00620443   0.01044900    -0.01004315   0.01305191
    3    8
  0.00024228   0.00138691     0.01897497   0.00204941    -0.01897497  -0.00204941
