Dynamical matrix file
Electron-phonon coefficients for Ce1H10                                    
  2   11   0   6.3832998   0.0000000   0.0000000   0.0000000   0.0000000   0.0000000
Basis vectors
      0.000000000    0.707106781    0.707106781
      0.707106781    0.000000000    0.707106781
      0.707106781    0.707106781    0.000000000
           1  'Ce     '    127707.921567413     
           2  'H      '    918.681110398939     
    1    1      0.7071067812      0.7071067812      0.7071067812
    2    2      0.3535533906      0.3535533906      0.3535533906
    3    2      1.0606601718      1.0606601718      1.0606601718
    4    2      1.2411447683      1.2411447683      1.2411447683
    5    2      0.1730687941      0.1730687941      0.1730687941
    6    2      0.8801755753      0.8801755753      1.2411447683
    7    2      0.5340379871      0.5340379871      0.1730687941
    8    2      0.8801755753      1.2411447683      0.8801755753
    9    2      0.5340379871      0.1730687941      0.5340379871
   10    2      1.2411447683      0.8801755753      0.8801755753
   11    2      0.1730687941      0.5340379871      0.5340379871

     Dynamical  Matrix in cartesian axes

     q = (   -0.707106781   0.000000000   0.000000000 ) 

    1    1
  1.23701098   0.00000000     0.00000000   0.00000000     0.00000000   0.00000000
  0.00000000   0.00000000     0.98816256   0.00000000    -0.00000000   0.00000000
  0.00000000   0.00000000    -0.00000000   0.00000000     0.98816256   0.00000000
    1    2
  0.00000000  -0.00000000    -0.00000000   0.00000000     0.00000000   0.00000000
 -0.00000000   0.00000000     0.00000000  -0.00000000    -0.09747624  -0.00000000
  0.00000000  -0.00000000    -0.09747624  -0.00000000    -0.00000000   0.00000000
    1    3
 -0.00000000  -0.00000000     0.00000000   0.00000000     0.00000000   0.00000000
  0.00000000   0.00000000     0.00000000   0.00000000    -0.09747624   0.00000000
 -0.00000000  -0.00000000    -0.09747624   0.00000000    -0.00000000  -0.00000000
    1    4
 -0.08816535   0.00000000     0.01323860  -0.00000000     0.01323860  -0.00000000
 -0.00127354   0.00000000     0.07138429  -0.00000000    -0.05918318   0.00000000
 -0.00127354   0.00000000    -0.05918318   0.00000000     0.07138429  -0.00000000
    1    5
 -0.08816535   0.00000000     0.01323860  -0.00000000     0.01323860  -0.00000000
 -0.00127354   0.00000000     0.07138429  -0.00000000    -0.05918318   0.00000000
 -0.00127354   0.00000000    -0.05918318   0.00000000     0.07138429  -0.00000000
    1    6
  0.08816535  -0.00000000    -0.01323860   0.00000000     0.01323860  -0.00000000
  0.00127354  -0.00000000    -0.07138429   0.00000000    -0.05918318   0.00000000
 -0.00127354   0.00000000    -0.05918318   0.00000000    -0.07138429   0.00000000
    1    7
  0.08816535  -0.00000000    -0.01323860   0.00000000     0.01323860  -0.00000000
  0.00127354  -0.00000000    -0.07138429   0.00000000    -0.05918318   0.00000000
 -0.00127354   0.00000000    -0.05918318   0.00000000    -0.07138429   0.00000000
    1    8
  0.08816535  -0.00000000     0.01323860  -0.00000000    -0.01323860   0.00000000
 -0.00127354   0.00000000    -0.07138429   0.00000000    -0.05918318   0.00000000
  0.00127354  -0.00000000    -0.05918318   0.00000000    -0.07138429   0.00000000
    1    9
  0.08816535  -0.00000000     0.01323860  -0.00000000    -0.01323860   0.00000000
 -0.00127354   0.00000000    -0.07138429   0.00000000    -0.05918318   0.00000000
  0.00127354  -0.00000000    -0.05918318   0.00000000    -0.07138429   0.00000000
    1   10
 -0.08816535   0.00000000    -0.01323860   0.00000000    -0.01323860   0.00000000
  0.00127354  -0.00000000     0.07138429  -0.00000000    -0.05918318   0.00000000
  0.00127354  -0.00000000    -0.05918318   0.00000000     0.07138429  -0.00000000
    1   11
 -0.08816535   0.00000000    -0.01323860   0.00000000    -0.01323860   0.00000000
  0.00127354  -0.00000000     0.07138429  -0.00000000    -0.05918318   0.00000000
  0.00127354  -0.00000000    -0.05918318   0.00000000     0.07138429  -0.00000000
    2    1
 -0.00000000   0.00000000     0.00000000  -0.00000000     0.00000000   0.00000000
  0.00000000   0.00000000    -0.00000000   0.00000000    -0.09747624   0.00000000
  0.00000000  -0.00000000    -0.09747624   0.00000000    -0.00000000   0.00000000
    2    2
  0.12024960   0.00000000     0.00000000   0.00000000     0.00000000   0.00000000
  0.00000000   0.00000000     0.10293513   0.00000000     0.00000000   0.00000000
  0.00000000   0.00000000     0.00000000   0.00000000     0.10293513   0.00000000
    2    3
 -0.03004561   0.00000000     0.00000000  -0.00000000     0.00000000  -0.00000000
  0.00000000  -0.00000000     0.00642497  -0.00000000    -0.00000000  -0.00000000
  0.00000000   0.00000000    -0.00000000  -0.00000000     0.00642497  -0.00000000
    2    4
 -0.01643228   0.00000000    -0.00356963   0.00000000    -0.00356963   0.00000000
  0.00399986  -0.00000000     0.01548567  -0.00000000    -0.01660859   0.00000000
  0.00399986  -0.00000000    -0.01660859   0.00000000     0.01548567  -0.00000000
    2    5
 -0.00106921   0.00000000    -0.02533016   0.00000000    -0.02533016   0.00000000
 -0.01662328   0.00000000     0.00731511  -0.00000000    -0.01709498   0.00000000
 -0.01662328   0.00000000    -0.01709498   0.00000000     0.00731511  -0.00000000
    2    6
 -0.01643228   0.00000000    -0.00356963   0.00000000     0.00356963  -0.00000000
  0.00399986  -0.00000000     0.01548567  -0.00000000     0.01660859  -0.00000000
 -0.00399986   0.00000000     0.01660859  -0.00000000     0.01548567  -0.00000000
    2    7
 -0.00106921   0.00000000    -0.02533016   0.00000000     0.02533016  -0.00000000
 -0.01662328   0.00000000     0.00731511  -0.00000000     0.01709498  -0.00000000
  0.01662328  -0.00000000     0.01709498  -0.00000000     0.00731511  -0.00000000
    2    8
 -0.01643228   0.00000000     0.00356963  -0.00000000    -0.00356963   0.00000000
 -0.00399986   0.00000000     0.01548567  -0.00000000     0.01660859  -0.00000000
  0.00399986  -0.00000000     0.01660859  -0.00000000     0.01548567  -0.00000000
    2    9
 -0.00106921   0.00000000     0.02533016  -0.00000000    -0.02533016   0.00000000
  0.01662328  -0.00000000     0.00731511  -0.00000000     0.01709498  -0.00000000
 -0.01662328   0.00000000     0.01709498  -0.00000000     0.00731511  -0.00000000
    2   10
 -0.01643228   0.00000000     0.00356963  -0.00000000     0.00356963  -0.00000000
 -0.00399986   0.00000000     0.01548567  -0.00000000    -0.01660859   0.00000000
 -0.00399986   0.00000000    -0.01660859   0.00000000     0.01548567  -0.00000000
    2   11
 -0.00106921   0.00000000     0.02533016  -0.00000000     0.02533016  -0.00000000
  0.01662328  -0.00000000     0.00731511  -0.00000000    -0.01709498   0.00000000
  0.01662328  -0.00000000    -0.01709498   0.00000000     0.00731511  -0.00000000
    3    1
  0.00000000  -0.00000000     0.00000000   0.00000000     0.00000000   0.00000000
  0.00000000  -0.00000000    -0.00000000  -0.00000000    -0.09747624  -0.00000000
  0.00000000   0.00000000    -0.09747624  -0.00000000    -0.00000000  -0.00000000
    3    2
 -0.03004561  -0.00000000     0.00000000   0.00000000     0.00000000   0.00000000
  0.00000000  -0.00000000     0.00642497   0.00000000    -0.00000000   0.00000000
  0.00000000   0.00000000    -0.00000000   0.00000000     0.00642497   0.00000000
    3    3
  0.12024960   0.00000000    -0.00000000   0.00000000    -0.00000000   0.00000000
 -0.00000000   0.00000000     0.10293513   0.00000000     0.00000000   0.00000000
 -0.00000000   0.00000000     0.00000000   0.00000000     0.10293513   0.00000000
    3    4
 -0.00106921   0.00000000    -0.02533016   0.00000000    -0.02533016   0.00000000
 -0.01662328   0.00000000     0.00731511  -0.00000000    -0.01709498   0.00000000
 -0.01662328   0.00000000    -0.01709498   0.00000000     0.00731511  -0.00000000
    3    5
 -0.01643228   0.00000000    -0.00356963   0.00000000    -0.00356963   0.00000000
  0.00399986  -0.00000000     0.01548567  -0.00000000    -0.01660859   0.00000000
  0.00399986  -0.00000000    -0.01660859   0.00000000     0.01548567  -0.00000000
    3    6
 -0.00106921   0.00000000    -0.02533016   0.00000000     0.02533016  -0.00000000
 -0.01662328   0.00000000     0.00731511  -0.00000000     0.01709498  -0.00000000
  0.01662328  -0.00000000     0.01709498  -0.00000000     0.00731511  -0.00000000
    3    7
 -0.01643228  -0.00000000    -0.00356963  -0.00000000     0.00356963   0.00000000
  0.00399986   0.00000000     0.01548567   0.00000000     0.01660859   0.00000000
 -0.00399986  -0.00000000     0.01660859   0.00000000     0.01548567   0.00000000
    3    8
 -0.00106921   0.00000000     0.02533016  -0.00000000    -0.02533016   0.00000000
  0.01662328  -0.00000000     0.00731511  -0.00000000     0.01709498  -0.00000000
 -0.01662328   0.00000000     0.01709498  -0.00000000     0.00731511  -0.00000000
    3    9
 -0.01643228  -0.00000000     0.00356963   0.00000000    -0.00356963  -0.00000000
 -0.00399986  -0.00000000     0.01548567   0.00000000     0.01660859   0.00000000
  0.00399986   0.00000000     0.01660859   0.00000000     0.01548567   0.00000000
    3   10
 -0.00106921   0.00000000     0.02533016  -0.00000000     0.02533016  -0.00000000
  0.01662328  -0.00000000     0.00731511  -0.00000000    -0.01709498   0.00000000
  0.01662328  -0.00000000    -0.01709498   0.00000000     0.00731511  -0.00000000
    3   11
 -0.01643228   0.00000000     0.00356963  -0.00000000     0.00356963  -0.00000000
 -0.00399986   0.00000000     0.01548567  -0.00000000    -0.01660859   0.00000000
 -0.00399986   0.00000000    -0.01660859   0.00000000     0.01548567  -0.00000000
    4    1
 -0.08816535  -0.00000000    -0.00127354  -0.00000000    -0.00127354  -0.00000000
  0.01323860   0.00000000     0.07138429   0.00000000    -0.05918318  -0.00000000
  0.01323860   0.00000000    -0.05918318  -0.00000000     0.07138429   0.00000000
    4    2
 -0.01643228  -0.00000000     0.00399986   0.00000000     0.00399986   0.00000000
 -0.00356963  -0.00000000     0.01548567   0.00000000    -0.01660859  -0.00000000
 -0.00356963  -0.00000000    -0.01660859  -0.00000000     0.01548567   0.00000000
    4    3
 -0.00106921  -0.00000000    -0.01662328  -0.00000000    -0.01662328  -0.00000000
 -0.02533016  -0.00000000     0.00731511   0.00000000    -0.01709498  -0.00000000
 -0.02533016  -0.00000000    -0.01709498  -0.00000000     0.00731511   0.00000000
    4    4
  0.18617090   0.00000000     0.00971510   0.00000000     0.00971510   0.00000000
  0.00971510   0.00000000     0.18073670   0.00000000     0.01334154   0.00000000
  0.00971510   0.00000000     0.01334154   0.00000000     0.18073670   0.00000000
    4    5
 -0.00248722  -0.00000000     0.00287434   0.00000000     0.00287434   0.00000000
  0.00287434   0.00000000     0.00110490   0.00000000     0.00382054   0.00000000
  0.00287434   0.00000000     0.00382054   0.00000000     0.00110490   0.00000000
    4    6
  0.00280342   0.00000000     0.00370410   0.00000000    -0.00058436  -0.00000000
  0.00370410   0.00000000    -0.00075343  -0.00000000    -0.00038283  -0.00000000
  0.00058436   0.00000000     0.00038283   0.00000000     0.00006282   0.00000000
    4    7
 -0.01343486  -0.00000000    -0.00645932  -0.00000000    -0.00190471  -0.00000000
 -0.00645932  -0.00000000    -0.01297284  -0.00000000     0.00386496   0.00000000
  0.00190471   0.00000000    -0.00386496  -0.00000000     0.02483689   0.00000000
    4    8
  0.00280342   0.00000000    -0.00058436  -0.00000000     0.00370410   0.00000000
  0.00058436   0.00000000     0.00006282   0.00000000     0.00038283   0.00000000
  0.00370410   0.00000000    -0.00038283  -0.00000000    -0.00075343  -0.00000000
    4    9
 -0.01343486  -0.00000000    -0.00190471  -0.00000000    -0.00645932  -0.00000000
  0.00190471   0.00000000     0.02483689   0.00000000    -0.00386496  -0.00000000
 -0.00645932  -0.00000000     0.00386496   0.00000000    -0.01297284  -0.00000000
    4   10
  0.02093076  -0.00000000    -0.00645472   0.00000000    -0.00645472   0.00000000
  0.00645472   0.00000000    -0.04139413   0.00000000    -0.03976724  -0.00000000
  0.00645472   0.00000000    -0.03976724  -0.00000000    -0.04139413   0.00000000
    4   11
 -0.03032838  -0.00000000     0.00105895   0.00000000     0.00105895   0.00000000
 -0.00105895  -0.00000000     0.01466429   0.00000000     0.01391114   0.00000000
 -0.00105895  -0.00000000     0.01391114   0.00000000     0.01466429   0.00000000
    5    1
 -0.08816535  -0.00000000    -0.00127354  -0.00000000    -0.00127354  -0.00000000
  0.01323860   0.00000000     0.07138429   0.00000000    -0.05918318  -0.00000000
  0.01323860   0.00000000    -0.05918318  -0.00000000     0.07138429   0.00000000
    5    2
 -0.00106921  -0.00000000    -0.01662328  -0.00000000    -0.01662328  -0.00000000
 -0.02533016  -0.00000000     0.00731511   0.00000000    -0.01709498  -0.00000000
 -0.02533016  -0.00000000    -0.01709498  -0.00000000     0.00731511   0.00000000
    5    3
 -0.01643228  -0.00000000     0.00399986   0.00000000     0.00399986   0.00000000
 -0.00356963  -0.00000000     0.01548567   0.00000000    -0.01660859  -0.00000000
 -0.00356963  -0.00000000    -0.01660859  -0.00000000     0.01548567   0.00000000
    5    4
 -0.00248722   0.00000000     0.00287434  -0.00000000     0.00287434  -0.00000000
  0.00287434  -0.00000000     0.00110490  -0.00000000     0.00382054  -0.00000000
  0.00287434  -0.00000000     0.00382054  -0.00000000     0.00110490  -0.00000000
    5    5
  0.18617090   0.00000000     0.00971510   0.00000000     0.00971510   0.00000000
  0.00971510   0.00000000     0.18073670   0.00000000     0.01334154   0.00000000
  0.00971510   0.00000000     0.01334154   0.00000000     0.18073670   0.00000000
    5    6
 -0.01343486   0.00000000    -0.00645932   0.00000000    -0.00190471   0.00000000
 -0.00645932   0.00000000    -0.01297284   0.00000000     0.00386496  -0.00000000
  0.00190471  -0.00000000    -0.00386496   0.00000000     0.02483689  -0.00000000
    5    7
  0.00280342   0.00000000     0.00370410   0.00000000    -0.00058436  -0.00000000
  0.00370410   0.00000000    -0.00075343  -0.00000000    -0.00038283  -0.00000000
  0.00058436   0.00000000     0.00038283   0.00000000     0.00006282   0.00000000
    5    8
 -0.01343486   0.00000000    -0.00190471   0.00000000    -0.00645932   0.00000000
  0.00190471  -0.00000000     0.02483689  -0.00000000    -0.00386496   0.00000000
 -0.00645932   0.00000000     0.00386496  -0.00000000    -0.01297284   0.00000000
    5    9
  0.00280342   0.00000000    -0.00058436  -0.00000000     0.00370410   0.00000000
  0.00058436   0.00000000     0.00006282   0.00000000     0.00038283   0.00000000
  0.00370410   0.00000000    -0.00038283  -0.00000000    -0.00075343  -0.00000000
    5   10
 -0.03032838   0.00000000     0.00105895  -0.00000000     0.00105895  -0.00000000
 -0.00105895   0.00000000     0.01466429  -0.00000000     0.01391114  -0.00000000
 -0.00105895   0.00000000     0.01391114  -0.00000000     0.01466429  -0.00000000
    5   11
  0.02093076   0.00000000    -0.00645472   0.00000000    -0.00645472   0.00000000
  0.00645472  -0.00000000    -0.04139413  -0.00000000    -0.03976724   0.00000000
  0.00645472  -0.00000000    -0.03976724   0.00000000    -0.04139413  -0.00000000
    6    1
  0.08816535   0.00000000     0.00127354   0.00000000    -0.00127354  -0.00000000
 -0.01323860  -0.00000000    -0.07138429  -0.00000000    -0.05918318  -0.00000000
  0.01323860   0.00000000    -0.05918318  -0.00000000    -0.07138429  -0.00000000
    6    2
 -0.01643228  -0.00000000     0.00399986   0.00000000    -0.00399986  -0.00000000
 -0.00356963  -0.00000000     0.01548567   0.00000000     0.01660859   0.00000000
  0.00356963   0.00000000     0.01660859   0.00000000     0.01548567   0.00000000
    6    3
 -0.00106921  -0.00000000    -0.01662328  -0.00000000     0.01662328   0.00000000
 -0.02533016  -0.00000000     0.00731511   0.00000000     0.01709498   0.00000000
  0.02533016   0.00000000     0.01709498   0.00000000     0.00731511   0.00000000
    6    4
  0.00280342  -0.00000000     0.00370410  -0.00000000     0.00058436  -0.00000000
  0.00370410  -0.00000000    -0.00075343   0.00000000     0.00038283  -0.00000000
 -0.00058436   0.00000000    -0.00038283   0.00000000     0.00006282  -0.00000000
    6    5
 -0.01343486  -0.00000000    -0.00645932  -0.00000000     0.00190471   0.00000000
 -0.00645932  -0.00000000    -0.01297284  -0.00000000    -0.00386496  -0.00000000
 -0.00190471  -0.00000000     0.00386496   0.00000000     0.02483689   0.00000000
    6    6
  0.18617090   0.00000000     0.00971510   0.00000000    -0.00971510   0.00000000
  0.00971510   0.00000000     0.18073670   0.00000000    -0.01334154   0.00000000
 -0.00971510   0.00000000    -0.01334154   0.00000000     0.18073670   0.00000000
    6    7
 -0.00248722  -0.00000000     0.00287434   0.00000000    -0.00287434  -0.00000000
  0.00287434   0.00000000     0.00110490   0.00000000    -0.00382054  -0.00000000
 -0.00287434  -0.00000000    -0.00382054  -0.00000000     0.00110490   0.00000000
    6    8
  0.02093076   0.00000000    -0.00645472  -0.00000000     0.00645472   0.00000000
  0.00645472  -0.00000000    -0.04139413  -0.00000000     0.03976724  -0.00000000
 -0.00645472   0.00000000     0.03976724  -0.00000000    -0.04139413  -0.00000000
    6    9
 -0.03032838  -0.00000000     0.00105895   0.00000000    -0.00105895  -0.00000000
 -0.00105895  -0.00000000     0.01466429   0.00000000    -0.01391114  -0.00000000
  0.00105895   0.00000000    -0.01391114  -0.00000000     0.01466429   0.00000000
    6   10
  0.00280342  -0.00000000    -0.00058436   0.00000000    -0.00370410   0.00000000
  0.00058436  -0.00000000     0.00006282  -0.00000000    -0.00038283   0.00000000
 -0.00370410   0.00000000     0.00038283  -0.00000000    -0.00075343   0.00000000
    6   11
 -0.01343486  -0.00000000    -0.00190471  -0.00000000     0.00645932   0.00000000
  0.00190471   0.00000000     0.02483689   0.00000000     0.00386496   0.00000000
  0.00645932   0.00000000    -0.00386496  -0.00000000    -0.01297284  -0.00000000
    7    1
  0.08816535   0.00000000     0.00127354   0.00000000    -0.00127354  -0.00000000
 -0.01323860  -0.00000000    -0.07138429  -0.00000000    -0.05918318  -0.00000000
  0.01323860   0.00000000    -0.05918318  -0.00000000    -0.07138429  -0.00000000
    7    2
 -0.00106921  -0.00000000    -0.01662328  -0.00000000     0.01662328   0.00000000
 -0.02533016  -0.00000000     0.00731511   0.00000000     0.01709498   0.00000000
  0.02533016   0.00000000     0.01709498   0.00000000     0.00731511   0.00000000
    7    3
 -0.01643228   0.00000000     0.00399986  -0.00000000    -0.00399986   0.00000000
 -0.00356963   0.00000000     0.01548567  -0.00000000     0.01660859  -0.00000000
  0.00356963  -0.00000000     0.01660859  -0.00000000     0.01548567  -0.00000000
    7    4
 -0.01343486   0.00000000    -0.00645932   0.00000000     0.00190471  -0.00000000
 -0.00645932   0.00000000    -0.01297284   0.00000000    -0.00386496   0.00000000
 -0.00190471   0.00000000     0.00386496  -0.00000000     0.02483689  -0.00000000
    7    5
  0.00280342  -0.00000000     0.00370410  -0.00000000     0.00058436  -0.00000000
  0.00370410  -0.00000000    -0.00075343   0.00000000     0.00038283  -0.00000000
 -0.00058436   0.00000000    -0.00038283   0.00000000     0.00006282  -0.00000000
    7    6
 -0.00248722   0.00000000     0.00287434  -0.00000000    -0.00287434   0.00000000
  0.00287434  -0.00000000     0.00110490  -0.00000000    -0.00382054   0.00000000
 -0.00287434   0.00000000    -0.00382054   0.00000000     0.00110490  -0.00000000
    7    7
  0.18617090   0.00000000     0.00971510   0.00000000    -0.00971510   0.00000000
  0.00971510   0.00000000     0.18073670   0.00000000    -0.01334154   0.00000000
 -0.00971510   0.00000000    -0.01334154   0.00000000     0.18073670   0.00000000
    7    8
 -0.03032838   0.00000000     0.00105895  -0.00000000    -0.00105895   0.00000000
 -0.00105895   0.00000000     0.01466429  -0.00000000    -0.01391114   0.00000000
  0.00105895  -0.00000000    -0.01391114   0.00000000     0.01466429  -0.00000000
    7    9
  0.02093076   0.00000000    -0.00645472   0.00000000     0.00645472   0.00000000
  0.00645472   0.00000000    -0.04139413   0.00000000     0.03976724   0.00000000
 -0.00645472   0.00000000     0.03976724   0.00000000    -0.04139413   0.00000000
    7   10
 -0.01343486   0.00000000    -0.00190471   0.00000000     0.00645932  -0.00000000
  0.00190471  -0.00000000     0.02483689  -0.00000000     0.00386496  -0.00000000
  0.00645932  -0.00000000    -0.00386496   0.00000000    -0.01297284   0.00000000
    7   11
  0.00280342  -0.00000000    -0.00058436   0.00000000    -0.00370410   0.00000000
  0.00058436  -0.00000000     0.00006282  -0.00000000    -0.00038283   0.00000000
 -0.00370410   0.00000000     0.00038283  -0.00000000    -0.00075343   0.00000000
    8    1
  0.08816535   0.00000000    -0.00127354  -0.00000000     0.00127354   0.00000000
  0.01323860   0.00000000    -0.07138429  -0.00000000    -0.05918318  -0.00000000
 -0.01323860  -0.00000000    -0.05918318  -0.00000000    -0.07138429  -0.00000000
    8    2
 -0.01643228  -0.00000000    -0.00399986  -0.00000000     0.00399986   0.00000000
  0.00356963   0.00000000     0.01548567   0.00000000     0.01660859   0.00000000
 -0.00356963  -0.00000000     0.01660859   0.00000000     0.01548567   0.00000000
    8    3
 -0.00106921  -0.00000000     0.01662328   0.00000000    -0.01662328  -0.00000000
  0.02533016   0.00000000     0.00731511   0.00000000     0.01709498   0.00000000
 -0.02533016  -0.00000000     0.01709498   0.00000000     0.00731511   0.00000000
    8    4
  0.00280342  -0.00000000     0.00058436  -0.00000000     0.00370410  -0.00000000
 -0.00058436   0.00000000     0.00006282  -0.00000000    -0.00038283   0.00000000
  0.00370410  -0.00000000     0.00038283  -0.00000000    -0.00075343   0.00000000
    8    5
 -0.01343486  -0.00000000     0.00190471   0.00000000    -0.00645932  -0.00000000
 -0.00190471  -0.00000000     0.02483689   0.00000000     0.00386496   0.00000000
 -0.00645932  -0.00000000    -0.00386496  -0.00000000    -0.01297284  -0.00000000
    8    6
  0.02093076   0.00000000     0.00645472   0.00000000    -0.00645472  -0.00000000
 -0.00645472   0.00000000    -0.04139413  -0.00000000     0.03976724  -0.00000000
  0.00645472  -0.00000000     0.03976724  -0.00000000    -0.04139413  -0.00000000
    8    7
 -0.03032838  -0.00000000    -0.00105895  -0.00000000     0.00105895   0.00000000
  0.00105895   0.00000000     0.01466429   0.00000000    -0.01391114  -0.00000000
 -0.00105895  -0.00000000    -0.01391114  -0.00000000     0.01466429   0.00000000
    8    8
  0.18617090   0.00000000    -0.00971510   0.00000000     0.00971510   0.00000000
 -0.00971510   0.00000000     0.18073670   0.00000000    -0.01334154   0.00000000
  0.00971510   0.00000000    -0.01334154   0.00000000     0.18073670   0.00000000
    8    9
 -0.00248722  -0.00000000    -0.00287434  -0.00000000     0.00287434   0.00000000
 -0.00287434  -0.00000000     0.00110490   0.00000000    -0.00382054  -0.00000000
  0.00287434   0.00000000    -0.00382054  -0.00000000     0.00110490   0.00000000
    8   10
  0.00280342  -0.00000000    -0.00370410   0.00000000    -0.00058436   0.00000000
 -0.00370410   0.00000000    -0.00075343   0.00000000     0.00038283  -0.00000000
  0.00058436  -0.00000000    -0.00038283   0.00000000     0.00006282  -0.00000000
    8   11
 -0.01343486  -0.00000000     0.00645932   0.00000000    -0.00190471  -0.00000000
  0.00645932   0.00000000    -0.01297284  -0.00000000    -0.00386496  -0.00000000
  0.00190471   0.00000000     0.00386496   0.00000000     0.02483689   0.00000000
    9    1
  0.08816535   0.00000000    -0.00127354  -0.00000000     0.00127354   0.00000000
  0.01323860   0.00000000    -0.07138429  -0.00000000    -0.05918318  -0.00000000
 -0.01323860  -0.00000000    -0.05918318  -0.00000000    -0.07138429  -0.00000000
    9    2
 -0.00106921  -0.00000000     0.01662328   0.00000000    -0.01662328  -0.00000000
  0.02533016   0.00000000     0.00731511   0.00000000     0.01709498   0.00000000
 -0.02533016  -0.00000000     0.01709498   0.00000000     0.00731511   0.00000000
    9    3
 -0.01643228   0.00000000    -0.00399986   0.00000000     0.00399986  -0.00000000
  0.00356963  -0.00000000     0.01548567  -0.00000000     0.01660859  -0.00000000
 -0.00356963   0.00000000     0.01660859  -0.00000000     0.01548567  -0.00000000
    9    4
 -0.01343486   0.00000000     0.00190471  -0.00000000    -0.00645932   0.00000000
 -0.00190471   0.00000000     0.02483689  -0.00000000     0.00386496  -0.00000000
 -0.00645932   0.00000000    -0.00386496   0.00000000    -0.01297284   0.00000000
    9    5
  0.00280342  -0.00000000     0.00058436  -0.00000000     0.00370410  -0.00000000
 -0.00058436   0.00000000     0.00006282  -0.00000000    -0.00038283   0.00000000
  0.00370410  -0.00000000     0.00038283  -0.00000000    -0.00075343   0.00000000
    9    6
 -0.03032838   0.00000000    -0.00105895   0.00000000     0.00105895  -0.00000000
  0.00105895  -0.00000000     0.01466429  -0.00000000    -0.01391114   0.00000000
 -0.00105895   0.00000000    -0.01391114   0.00000000     0.01466429  -0.00000000
    9    7
  0.02093076   0.00000000     0.00645472   0.00000000    -0.00645472   0.00000000
 -0.00645472   0.00000000    -0.04139413   0.00000000     0.03976724   0.00000000
  0.00645472   0.00000000     0.03976724   0.00000000    -0.04139413   0.00000000
    9    8
 -0.00248722   0.00000000    -0.00287434   0.00000000     0.00287434  -0.00000000
 -0.00287434   0.00000000     0.00110490  -0.00000000    -0.00382054   0.00000000
  0.00287434  -0.00000000    -0.00382054   0.00000000     0.00110490  -0.00000000
    9    9
  0.18617090   0.00000000    -0.00971510   0.00000000     0.00971510   0.00000000
 -0.00971510   0.00000000     0.18073670   0.00000000    -0.01334154   0.00000000
  0.00971510   0.00000000    -0.01334154   0.00000000     0.18073670   0.00000000
    9   10
 -0.01343486   0.00000000     0.00645932  -0.00000000    -0.00190471   0.00000000
  0.00645932  -0.00000000    -0.01297284   0.00000000    -0.00386496   0.00000000
  0.00190471  -0.00000000     0.00386496  -0.00000000     0.02483689  -0.00000000
    9   11
  0.00280342  -0.00000000    -0.00370410   0.00000000    -0.00058436   0.00000000
 -0.00370410   0.00000000    -0.00075343   0.00000000     0.00038283  -0.00000000
  0.00058436  -0.00000000    -0.00038283   0.00000000     0.00006282  -0.00000000
   10    1
 -0.08816535  -0.00000000     0.00127354   0.00000000     0.00127354   0.00000000
 -0.01323860  -0.00000000     0.07138429   0.00000000    -0.05918318  -0.00000000
 -0.01323860  -0.00000000    -0.05918318  -0.00000000     0.07138429   0.00000000
   10    2
 -0.01643228  -0.00000000    -0.00399986  -0.00000000    -0.00399986  -0.00000000
  0.00356963   0.00000000     0.01548567   0.00000000    -0.01660859  -0.00000000
  0.00356963   0.00000000    -0.01660859  -0.00000000     0.01548567   0.00000000
   10    3
 -0.00106921  -0.00000000     0.01662328   0.00000000     0.01662328   0.00000000
  0.02533016   0.00000000     0.00731511   0.00000000    -0.01709498  -0.00000000
  0.02533016   0.00000000    -0.01709498  -0.00000000     0.00731511   0.00000000
   10    4
  0.02093076  -0.00000000     0.00645472   0.00000000     0.00645472   0.00000000
 -0.00645472  -0.00000000    -0.04139413   0.00000000    -0.03976724  -0.00000000
 -0.00645472   0.00000000    -0.03976724  -0.00000000    -0.04139413   0.00000000
   10    5
 -0.03032838  -0.00000000    -0.00105895  -0.00000000    -0.00105895  -0.00000000
  0.00105895   0.00000000     0.01466429   0.00000000     0.01391114   0.00000000
  0.00105895   0.00000000     0.01391114   0.00000000     0.01466429   0.00000000
   10    6
  0.00280342   0.00000000     0.00058436   0.00000000    -0.00370410  -0.00000000
 -0.00058436  -0.00000000     0.00006282   0.00000000     0.00038283   0.00000000
 -0.00370410  -0.00000000    -0.00038283  -0.00000000    -0.00075343  -0.00000000
   10    7
 -0.01343486  -0.00000000     0.00190471   0.00000000     0.00645932   0.00000000
 -0.00190471  -0.00000000     0.02483689   0.00000000    -0.00386496  -0.00000000
  0.00645932   0.00000000     0.00386496   0.00000000    -0.01297284  -0.00000000
   10    8
  0.00280342   0.00000000    -0.00370410  -0.00000000     0.00058436   0.00000000
 -0.00370410  -0.00000000    -0.00075343  -0.00000000    -0.00038283  -0.00000000
 -0.00058436  -0.00000000     0.00038283   0.00000000     0.00006282   0.00000000
   10    9
 -0.01343486  -0.00000000     0.00645932   0.00000000     0.00190471   0.00000000
  0.00645932   0.00000000    -0.01297284  -0.00000000     0.00386496   0.00000000
 -0.00190471  -0.00000000    -0.00386496  -0.00000000     0.02483689   0.00000000
   10   10
  0.18617090   0.00000000    -0.00971510   0.00000000    -0.00971510   0.00000000
 -0.00971510   0.00000000     0.18073670   0.00000000     0.01334154   0.00000000
 -0.00971510   0.00000000     0.01334154   0.00000000     0.18073670   0.00000000
   10   11
 -0.00248722  -0.00000000    -0.00287434  -0.00000000    -0.00287434  -0.00000000
 -0.00287434  -0.00000000     0.00110490   0.00000000     0.00382054   0.00000000
 -0.00287434  -0.00000000     0.00382054   0.00000000     0.00110490   0.00000000
   11    1
 -0.08816535  -0.00000000     0.00127354   0.00000000     0.00127354   0.00000000
 -0.01323860  -0.00000000     0.07138429   0.00000000    -0.05918318  -0.00000000
 -0.01323860  -0.00000000    -0.05918318  -0.00000000     0.07138429   0.00000000
   11    2
 -0.00106921  -0.00000000     0.01662328   0.00000000     0.01662328   0.00000000
  0.02533016   0.00000000     0.00731511   0.00000000    -0.01709498  -0.00000000
  0.02533016   0.00000000    -0.01709498  -0.00000000     0.00731511   0.00000000
   11    3
 -0.01643228  -0.00000000    -0.00399986  -0.00000000    -0.00399986  -0.00000000
  0.00356963   0.00000000     0.01548567   0.00000000    -0.01660859  -0.00000000
  0.00356963   0.00000000    -0.01660859  -0.00000000     0.01548567   0.00000000
   11    4
 -0.03032838   0.00000000    -0.00105895   0.00000000    -0.00105895   0.00000000
  0.00105895  -0.00000000     0.01466429  -0.00000000     0.01391114  -0.00000000
  0.00105895  -0.00000000     0.01391114  -0.00000000     0.01466429  -0.00000000
   11    5
  0.02093076   0.00000000     0.00645472  -0.00000000     0.00645472  -0.00000000
 -0.00645472   0.00000000    -0.04139413  -0.00000000    -0.03976724   0.00000000
 -0.00645472  -0.00000000    -0.03976724   0.00000000    -0.04139413  -0.00000000
   11    6
 -0.01343486   0.00000000     0.00190471  -0.00000000     0.00645932  -0.00000000
 -0.00190471   0.00000000     0.02483689  -0.00000000    -0.00386496   0.00000000
  0.00645932  -0.00000000     0.00386496  -0.00000000    -0.01297284   0.00000000
   11    7
  0.00280342   0.00000000     0.00058436   0.00000000    -0.00370410  -0.00000000
 -0.00058436  -0.00000000     0.00006282   0.00000000     0.00038283   0.00000000
 -0.00370410  -0.00000000    -0.00038283  -0.00000000    -0.00075343  -0.00000000
   11    8
 -0.01343486   0.00000000     0.00645932  -0.00000000     0.00190471  -0.00000000
  0.00645932  -0.00000000    -0.01297284   0.00000000     0.00386496  -0.00000000
 -0.00190471   0.00000000    -0.00386496   0.00000000     0.02483689  -0.00000000
   11    9
  0.00280342   0.00000000    -0.00370410  -0.00000000     0.00058436   0.00000000
 -0.00370410  -0.00000000    -0.00075343  -0.00000000    -0.00038283  -0.00000000
 -0.00058436  -0.00000000     0.00038283   0.00000000     0.00006282   0.00000000
   11   10
 -0.00248722   0.00000000    -0.00287434   0.00000000    -0.00287434   0.00000000
 -0.00287434   0.00000000     0.00110490  -0.00000000     0.00382054  -0.00000000
 -0.00287434   0.00000000     0.00382054  -0.00000000     0.00110490  -0.00000000
   11   11
  0.18617090   0.00000000    -0.00971510   0.00000000    -0.00971510   0.00000000
 -0.00971510   0.00000000     0.18073670   0.00000000     0.01334154   0.00000000
 -0.00971510   0.00000000     0.01334154   0.00000000     0.18073670   0.00000000

     Dynamical  Matrix in cartesian axes

     q = (    0.000000000   0.000000000  -0.707106781 ) 

    1    1
  0.98816256   0.00000000     0.00000000   0.00000000     0.00000000   0.00000000
  0.00000000   0.00000000     0.98816256   0.00000000     0.00000000   0.00000000
  0.00000000   0.00000000     0.00000000   0.00000000     1.23701098   0.00000000
    1    2
  0.00000000  -0.00000000    -0.09747624  -0.00000000     0.00000000   0.00000000
 -0.09747624  -0.00000000     0.00000000  -0.00000000     0.00000000   0.00000000
 -0.00000000   0.00000000     0.00000000   0.00000000     0.00000000  -0.00000000
    1    3
  0.00000000  -0.00000000    -0.09747624   0.00000000     0.00000000   0.00000000
 -0.09747624   0.00000000     0.00000000  -0.00000000     0.00000000   0.00000000
 -0.00000000   0.00000000     0.00000000   0.00000000     0.00000000  -0.00000000
    1    4
  0.07138429  -0.00000000    -0.05918318   0.00000000    -0.00127354   0.00000000
 -0.05918318   0.00000000     0.07138429  -0.00000000    -0.00127354   0.00000000
  0.01323860  -0.00000000     0.01323860  -0.00000000    -0.08816535   0.00000000
    1    5
  0.07138429  -0.00000000    -0.05918318   0.00000000    -0.00127354   0.00000000
 -0.05918318   0.00000000     0.07138429  -0.00000000    -0.00127354   0.00000000
  0.01323860  -0.00000000     0.01323860  -0.00000000    -0.08816535   0.00000000
    1    6
  0.07138429  -0.00000000    -0.05918318   0.00000000     0.00127354  -0.00000000
 -0.05918318   0.00000000     0.07138429  -0.00000000     0.00127354  -0.00000000
 -0.01323860   0.00000000    -0.01323860   0.00000000    -0.08816535   0.00000000
    1    7
  0.07138429  -0.00000000    -0.05918318   0.00000000     0.00127354  -0.00000000
 -0.05918318   0.00000000     0.07138429  -0.00000000     0.00127354  -0.00000000
 -0.01323860   0.00000000    -0.01323860   0.00000000    -0.08816535   0.00000000
    1    8
 -0.07138429   0.00000000    -0.05918318   0.00000000     0.00127354  -0.00000000
 -0.05918318   0.00000000    -0.07138429   0.00000000    -0.00127354   0.00000000
 -0.01323860   0.00000000     0.01323860  -0.00000000     0.08816535  -0.00000000
    1    9
 -0.07138429   0.00000000    -0.05918318   0.00000000     0.00127354  -0.00000000
 -0.05918318   0.00000000    -0.07138429   0.00000000    -0.00127354   0.00000000
 -0.01323860   0.00000000     0.01323860  -0.00000000     0.08816535  -0.00000000
    1   10
 -0.07138429   0.00000000    -0.05918318   0.00000000    -0.00127354   0.00000000
 -0.05918318   0.00000000    -0.07138429   0.00000000     0.00127354  -0.00000000
  0.01323860  -0.00000000    -0.01323860   0.00000000     0.08816535  -0.00000000
    1   11
 -0.07138429   0.00000000    -0.05918318   0.00000000    -0.00127354   0.00000000
 -0.05918318   0.00000000    -0.07138429   0.00000000     0.00127354  -0.00000000
  0.01323860  -0.00000000    -0.01323860   0.00000000     0.08816535  -0.00000000
    2    1
  0.00000000  -0.00000000    -0.09747624   0.00000000     0.00000000   0.00000000
 -0.09747624   0.00000000    -0.00000000   0.00000000     0.00000000  -0.00000000
  0.00000000   0.00000000     0.00000000   0.00000000     0.00000000   0.00000000
    2    2
  0.10293513   0.00000000     0.00000000   0.00000000    -0.00000000   0.00000000
  0.00000000   0.00000000     0.10293513   0.00000000    -0.00000000   0.00000000
  0.00000000   0.00000000    -0.00000000   0.00000000     0.12024960   0.00000000
    2    3
  0.00642497  -0.00000000    -0.00000000  -0.00000000     0.00000000   0.00000000
 -0.00000000  -0.00000000     0.00642497  -0.00000000     0.00000000  -0.00000000
  0.00000000  -0.00000000     0.00000000  -0.00000000    -0.03004561   0.00000000
    2    4
  0.01548567  -0.00000000    -0.01660859   0.00000000     0.00399986  -0.00000000
 -0.01660859   0.00000000     0.01548567  -0.00000000     0.00399986  -0.00000000
 -0.00356963   0.00000000    -0.00356963   0.00000000    -0.01643228   0.00000000
    2    5
  0.00731511  -0.00000000    -0.01709498   0.00000000    -0.01662328   0.00000000
 -0.01709498   0.00000000     0.00731511  -0.00000000    -0.01662328   0.00000000
 -0.02533016   0.00000000    -0.02533016   0.00000000    -0.00106921   0.00000000
    2    6
  0.01548567  -0.00000000    -0.01660859   0.00000000    -0.00399986   0.00000000
 -0.01660859   0.00000000     0.01548567  -0.00000000    -0.00399986   0.00000000
  0.00356963  -0.00000000     0.00356963  -0.00000000    -0.01643228   0.00000000
    2    7
  0.00731511  -0.00000000    -0.01709498   0.00000000     0.01662328  -0.00000000
 -0.01709498   0.00000000     0.00731511  -0.00000000     0.01662328  -0.00000000
  0.02533016  -0.00000000     0.02533016  -0.00000000    -0.00106921   0.00000000
    2    8
  0.01548567  -0.00000000     0.01660859  -0.00000000     0.00399986  -0.00000000
  0.01660859  -0.00000000     0.01548567  -0.00000000    -0.00399986   0.00000000
 -0.00356963   0.00000000     0.00356963  -0.00000000    -0.01643228   0.00000000
    2    9
  0.00731511  -0.00000000     0.01709498  -0.00000000    -0.01662328   0.00000000
  0.01709498  -0.00000000     0.00731511  -0.00000000     0.01662328  -0.00000000
 -0.02533016   0.00000000     0.02533016  -0.00000000    -0.00106921   0.00000000
    2   10
  0.01548567  -0.00000000     0.01660859  -0.00000000    -0.00399986   0.00000000
  0.01660859  -0.00000000     0.01548567  -0.00000000     0.00399986  -0.00000000
  0.00356963  -0.00000000    -0.00356963   0.00000000    -0.01643228   0.00000000
    2   11
  0.00731511  -0.00000000     0.01709498  -0.00000000     0.01662328  -0.00000000
  0.01709498  -0.00000000     0.00731511  -0.00000000    -0.01662328   0.00000000
  0.02533016  -0.00000000    -0.02533016   0.00000000    -0.00106921   0.00000000
    3    1
  0.00000000   0.00000000    -0.09747624  -0.00000000     0.00000000   0.00000000
 -0.09747624  -0.00000000     0.00000000   0.00000000     0.00000000  -0.00000000
  0.00000000   0.00000000     0.00000000   0.00000000    -0.00000000   0.00000000
    3    2
  0.00642497   0.00000000    -0.00000000   0.00000000     0.00000000   0.00000000
 -0.00000000   0.00000000     0.00642497   0.00000000    -0.00000000   0.00000000
  0.00000000   0.00000000    -0.00000000   0.00000000    -0.03004561  -0.00000000
    3    3
  0.10293513   0.00000000     0.00000000   0.00000000     0.00000000   0.00000000
  0.00000000   0.00000000     0.10293513   0.00000000    -0.00000000   0.00000000
  0.00000000   0.00000000    -0.00000000   0.00000000     0.12024960   0.00000000
    3    4
  0.00731511  -0.00000000    -0.01709498   0.00000000    -0.01662328   0.00000000
 -0.01709498   0.00000000     0.00731511  -0.00000000    -0.01662328   0.00000000
 -0.02533016   0.00000000    -0.02533016   0.00000000    -0.00106921   0.00000000
    3    5
  0.01548567  -0.00000000    -0.01660859   0.00000000     0.00399986  -0.00000000
 -0.01660859   0.00000000     0.01548567  -0.00000000     0.00399986  -0.00000000
 -0.00356963   0.00000000    -0.00356963   0.00000000    -0.01643228   0.00000000
    3    6
  0.00731511  -0.00000000    -0.01709498   0.00000000     0.01662328  -0.00000000
 -0.01709498   0.00000000     0.00731511  -0.00000000     0.01662328  -0.00000000
  0.02533016  -0.00000000     0.02533016  -0.00000000    -0.00106921   0.00000000
    3    7
  0.01548567  -0.00000000    -0.01660859   0.00000000    -0.00399986   0.00000000
 -0.01660859   0.00000000     0.01548567  -0.00000000    -0.00399986   0.00000000
  0.00356963  -0.00000000     0.00356963  -0.00000000    -0.01643228   0.00000000
    3    8
  0.00731511  -0.00000000     0.01709498  -0.00000000    -0.01662328   0.00000000
