  5.000000000000000E-002   1.62369118239129        5.56045126041087     
           6

     Dynamical  Matrix in cartesian axes

     q = (    0.471404521   0.000000000   0.000000000 ) 

    1    1
  0.28153137   0.00000000     0.00000000   0.00000000     0.00000000   0.00000000
  0.00000000   0.00000000     0.13935168   0.00000000     0.00000000   0.00000000
  0.00000000   0.00000000     0.00000000   0.00000000     0.13935168   0.00000000
    1    2
  0.01174040   0.02033496     0.00000000  -0.00000000    -0.00000000   0.00000000
 -0.00000000   0.00000000    -0.01255378  -0.02174379    -0.02911452   0.01680927
  0.00000000   0.00000000    -0.02911452   0.01680927    -0.01255378  -0.02174379
    1    3
  0.01174040  -0.02033496     0.00000000   0.00000000    -0.00000000  -0.00000000
 -0.00000000  -0.00000000    -0.01255378   0.02174379    -0.02911452  -0.01680927
  0.00000000  -0.00000000    -0.02911452  -0.01680927    -0.01255378   0.02174379
    1    4
 -0.00734295  -0.00509278     0.01440274   0.00864511     0.01440274   0.00864511
  0.01289761  -0.00955807     0.00654614   0.00575567     0.00736373  -0.00528187
  0.01289761  -0.00955807     0.00736373  -0.00528187     0.00654614   0.00575567
    1    5
 -0.00734295   0.00509278     0.01440274  -0.00864511     0.01440274  -0.00864511
  0.01289761   0.00955807     0.00654614  -0.00575567     0.00736373   0.00528187
  0.01289761   0.00955807     0.00736373   0.00528187     0.00654614  -0.00575567
    1    6
  0.00808195   0.00381279    -0.01468825  -0.00815058     0.01468825   0.00815058
  0.00182872  -0.01594869    -0.00825763  -0.00279128    -0.00089237   0.00901812
 -0.00182872   0.01594869    -0.00089237   0.00901812    -0.00825763  -0.00279128
    1    7
  0.00808195  -0.00381279    -0.01468825   0.00815058     0.01468825  -0.00815058
  0.00182872   0.01594869    -0.00825763   0.00279128    -0.00089237  -0.00901812
 -0.00182872  -0.01594869    -0.00089237  -0.00901812    -0.00825763   0.00279128
    1    8
  0.00808195   0.00381279     0.01468825   0.00815058    -0.01468825  -0.00815058
 -0.00182872   0.01594869    -0.00825763  -0.00279128    -0.00089237   0.00901812
  0.00182872  -0.01594869    -0.00089237   0.00901812    -0.00825763  -0.00279128
    1    9
  0.00808195  -0.00381279     0.01468825  -0.00815058    -0.01468825   0.00815058
 -0.00182872  -0.01594869    -0.00825763   0.00279128    -0.00089237  -0.00901812
  0.00182872   0.01594869    -0.00089237  -0.00901812    -0.00825763   0.00279128
    1   10
 -0.00734295  -0.00509278    -0.01440274  -0.00864511    -0.01440274  -0.00864511
 -0.01289761   0.00955807     0.00654614   0.00575567     0.00736373  -0.00528187
 -0.01289761   0.00955807     0.00736373  -0.00528187     0.00654614   0.00575567
    1   11
 -0.00734295   0.00509278    -0.01440274   0.00864511    -0.01440274   0.00864511
 -0.01289761  -0.00955807     0.00654614  -0.00575567     0.00736373   0.00528187
 -0.01289761  -0.00955807     0.00736373   0.00528187     0.00654614  -0.00575567
    2    1
  0.01174040  -0.02033496    -0.00000000   0.00000000    -0.00000000  -0.00000000
 -0.00000000  -0.00000000    -0.01255378   0.02174379    -0.02911452  -0.01680927
 -0.00000000   0.00000000    -0.02911452  -0.01680927    -0.01255378   0.02174379
    2    2
  0.07080490  -0.00000000    -0.00000000  -0.00000000     0.00000000   0.00000000
 -0.00000000   0.00000000     0.04017469  -0.00000000     0.00000000  -0.00000000
  0.00000000  -0.00000000     0.00000000  -0.00000000     0.04017469   0.00000000
    2    3
  0.00179300   0.00310557    -0.00000000   0.00000000    -0.00000000  -0.00000000
  0.00000000   0.00000000    -0.00118569  -0.00205367     0.01332999  -0.00769607
 -0.00000000   0.00000000     0.01332999  -0.00769607    -0.00118569  -0.00205367
    2    4
 -0.00808337  -0.01080550     0.00183407   0.00003161     0.00183407   0.00003161
 -0.00408008   0.00402385    -0.00327545   0.00458722    -0.00070742   0.00627363
 -0.00408008   0.00402385    -0.00070742   0.00627363    -0.00327545   0.00458722
    2    5
 -0.00173377  -0.00268751    -0.01461342   0.00070696    -0.01461342   0.00070696
 -0.00999623  -0.00216997    -0.01001776   0.00033440    -0.01265133  -0.00266665
 -0.00999623  -0.00216997    -0.01265133  -0.00266665    -0.01001776   0.00033440
    2    6
 -0.00531616  -0.01240315    -0.00088966   0.00160416     0.00088966  -0.00160416
  0.00552479  -0.00152152     0.00561037  -0.00054302    -0.00578683  -0.00252417
 -0.00552479   0.00152152    -0.00578683  -0.00252417     0.00561037  -0.00054302
    2    7
 -0.00173377   0.00268751    -0.01461342  -0.00070696     0.01461342   0.00070696
 -0.00999623   0.00216997    -0.01001776  -0.00033440     0.01265133  -0.00266665
  0.00999623  -0.00216997     0.01265133  -0.00266665    -0.01001776  -0.00033440
    2    8
 -0.00531616  -0.01240315     0.00088966  -0.00160416    -0.00088966   0.00160416
 -0.00552479   0.00152152     0.00561037  -0.00054302    -0.00578683  -0.00252417
  0.00552479  -0.00152152    -0.00578683  -0.00252417     0.00561037  -0.00054302
    2    9
 -0.00173377   0.00268751     0.01461342   0.00070696    -0.01461342  -0.00070696
  0.00999623  -0.00216997    -0.01001776  -0.00033440     0.01265133  -0.00266665
 -0.00999623   0.00216997     0.01265133  -0.00266665    -0.01001776  -0.00033440
    2   10
 -0.00808337  -0.01080550    -0.00183407  -0.00003161    -0.00183407  -0.00003161
  0.00408008  -0.00402385    -0.00327545   0.00458722    -0.00070742   0.00627363
  0.00408008  -0.00402385    -0.00070742   0.00627363    -0.00327545   0.00458722
    2   11
 -0.00173377  -0.00268751     0.01461342  -0.00070696     0.01461342  -0.00070696
  0.00999623   0.00216997    -0.01001776   0.00033440    -0.01265133  -0.00266665
  0.00999623   0.00216997    -0.01265133  -0.00266665    -0.01001776   0.00033440
    3    1
  0.01174040   0.02033496    -0.00000000  -0.00000000    -0.00000000   0.00000000
 -0.00000000   0.00000000    -0.01255378  -0.02174379    -0.02911452   0.01680927
 -0.00000000  -0.00000000    -0.02911452   0.01680927    -0.01255378  -0.02174379
    3    2
  0.00179300  -0.00310557    -0.00000000  -0.00000000    -0.00000000   0.00000000
  0.00000000  -0.00000000    -0.00118569   0.00205367     0.01332999   0.00769607
 -0.00000000  -0.00000000     0.01332999   0.00769607    -0.00118569   0.00205367
    3    3
  0.07080490   0.00000000    -0.00000000   0.00000000     0.00000000  -0.00000000
 -0.00000000  -0.00000000     0.04017469   0.00000000     0.00000000   0.00000000
  0.00000000   0.00000000     0.00000000   0.00000000     0.04017469  -0.00000000
    3    4
 -0.00173377   0.00268751    -0.01461342  -0.00070696    -0.01461342  -0.00070696
 -0.00999623   0.00216997    -0.01001776  -0.00033440    -0.01265133   0.00266665
 -0.00999623   0.00216997    -0.01265133   0.00266665    -0.01001776  -0.00033440
    3    5
 -0.00808337   0.01080550     0.00183407  -0.00003161     0.00183407  -0.00003161
 -0.00408008  -0.00402385    -0.00327545  -0.00458722    -0.00070742  -0.00627363
 -0.00408008  -0.00402385    -0.00070742  -0.00627363    -0.00327545  -0.00458722
    3    6
 -0.00173377  -0.00268751    -0.01461342   0.00070696     0.01461342  -0.00070696
 -0.00999623  -0.00216997    -0.01001776   0.00033440     0.01265133   0.00266665
  0.00999623   0.00216997     0.01265133   0.00266665    -0.01001776   0.00033440
    3    7
 -0.00531616   0.01240315    -0.00088966  -0.00160416     0.00088966   0.00160416
  0.00552479   0.00152152     0.00561037   0.00054302    -0.00578683   0.00252417
 -0.00552479  -0.00152152    -0.00578683   0.00252417     0.00561037   0.00054302
    3    8
 -0.00173377  -0.00268751     0.01461342  -0.00070696    -0.01461342   0.00070696
  0.00999623   0.00216997    -0.01001776   0.00033440     0.01265133   0.00266665
 -0.00999623  -0.00216997     0.01265133   0.00266665    -0.01001776   0.00033440
    3    9
 -0.00531616   0.01240315     0.00088966   0.00160416    -0.00088966  -0.00160416
 -0.00552479  -0.00152152     0.00561037   0.00054302    -0.00578683   0.00252417
  0.00552479   0.00152152    -0.00578683   0.00252417     0.00561037   0.00054302
    3   10
 -0.00173377   0.00268751     0.01461342   0.00070696     0.01461342   0.00070696
  0.00999623  -0.00216997    -0.01001776  -0.00033440    -0.01265133   0.00266665
  0.00999623  -0.00216997    -0.01265133   0.00266665    -0.01001776  -0.00033440
    3   11
 -0.00808337   0.01080550    -0.00183407   0.00003161    -0.00183407   0.00003161
  0.00408008   0.00402385    -0.00327545  -0.00458722    -0.00070742  -0.00627363
  0.00408008   0.00402385    -0.00070742  -0.00627363    -0.00327545  -0.00458722
    4    1
 -0.00734295   0.00509278     0.01289761   0.00955807     0.01289761   0.00955807
  0.01440274  -0.00864511     0.00654614  -0.00575567     0.00736373   0.00528187
  0.01440274  -0.00864511     0.00736373   0.00528187     0.00654614  -0.00575567
    4    2
 -0.00808337   0.01080550    -0.00408008  -0.00402385    -0.00408008  -0.00402385
  0.00183407  -0.00003161    -0.00327545  -0.00458722    -0.00070742  -0.00627363
  0.00183407  -0.00003161    -0.00070742  -0.00627363    -0.00327545  -0.00458722
    4    3
 -0.00173377  -0.00268751    -0.00999623  -0.00216997    -0.00999623  -0.00216997
 -0.01461342   0.00070696    -0.01001776   0.00033440    -0.01265133  -0.00266665
 -0.01461342   0.00070696    -0.01265133  -0.00266665    -0.01001776   0.00033440
    4    4
  0.03659784   0.00000000    -0.00175355   0.00012505    -0.00175355   0.00012505
 -0.00175355  -0.00012505     0.03625610   0.00000000     0.00807248  -0.00000000
 -0.00175355  -0.00012505     0.00807248  -0.00000000     0.03625610   0.00000000
    4    5
  0.00649338   0.00215360     0.00140647   0.00202035     0.00140647   0.00202035
  0.00140647   0.00202035     0.00253629   0.00528440    -0.00065510   0.00267927
  0.00140647   0.00202035    -0.00065510   0.00267927     0.00253629   0.00528440
    4    6
  0.00504123  -0.00040705    -0.00099646   0.00048529     0.00068349  -0.00237931
 -0.00099646   0.00048529    -0.00193627  -0.00417439     0.00140414   0.00078268
 -0.00068349   0.00237931    -0.00140414  -0.00078268    -0.00043255   0.00094281
    4    7
 -0.00027955   0.00048419     0.00217704  -0.00482343    -0.00231794   0.00309085
  0.00308869  -0.00429708    -0.00192609   0.00333609     0.00001806  -0.00151303
  0.00151779  -0.00355283    -0.00130129   0.00077216     0.00678846  -0.01175796
    4    8
  0.00504123  -0.00040705     0.00068349  -0.00237931    -0.00099646   0.00048529
 -0.00068349   0.00237931    -0.00043255   0.00094281    -0.00140414  -0.00078268
 -0.00099646   0.00048529     0.00140414   0.00078268    -0.00193627  -0.00417439
    4    9
 -0.00027955   0.00048419    -0.00231794   0.00309085     0.00217704  -0.00482343
  0.00151779  -0.00355283     0.00678846  -0.01175796    -0.00130129   0.00077216
  0.00308869  -0.00429708     0.00001806  -0.00151303    -0.00192609   0.00333609
    4   10
  0.00058573  -0.00000000     0.00504455   0.00089152     0.00504455   0.00089152
 -0.00504455   0.00089152     0.00208290  -0.00000000     0.00317677  -0.00000000
 -0.00504455   0.00089152     0.00317677  -0.00000000     0.00208290  -0.00000000
    4   11
  0.00981407   0.00630852     0.00282718   0.00399758     0.00282718   0.00399758
 -0.00282718  -0.00399758    -0.00632308   0.01107362    -0.00077114   0.00587781
 -0.00282718  -0.00399758    -0.00077114   0.00587781    -0.00632308   0.01107362
    5    1
 -0.00734295  -0.00509278     0.01289761  -0.00955807     0.01289761  -0.00955807
  0.01440274   0.00864511     0.00654614   0.00575567     0.00736373  -0.00528187
  0.01440274   0.00864511     0.00736373  -0.00528187     0.00654614   0.00575567
    5    2
 -0.00173377   0.00268751    -0.00999623   0.00216997    -0.00999623   0.00216997
 -0.01461342  -0.00070696    -0.01001776  -0.00033440    -0.01265133   0.00266665
 -0.01461342  -0.00070696    -0.01265133   0.00266665    -0.01001776  -0.00033440
    5    3
 -0.00808337  -0.01080550    -0.00408008   0.00402385    -0.00408008   0.00402385
  0.00183407   0.00003161    -0.00327545   0.00458722    -0.00070742   0.00627363
  0.00183407   0.00003161    -0.00070742   0.00627363    -0.00327545   0.00458722
    5    4
  0.00649338  -0.00215360     0.00140647  -0.00202035     0.00140647  -0.00202035
  0.00140647  -0.00202035     0.00253629  -0.00528440    -0.00065510  -0.00267927
  0.00140647  -0.00202035    -0.00065510  -0.00267927     0.00253629  -0.00528440
    5    5
  0.03659784  -0.00000000    -0.00175355  -0.00012505    -0.00175355  -0.00012505
 -0.00175355   0.00012505     0.03625610  -0.00000000     0.00807248   0.00000000
 -0.00175355   0.00012505     0.00807248   0.00000000     0.03625610  -0.00000000
    5    6
 -0.00027955  -0.00048419     0.00217704   0.00482343    -0.00231794  -0.00309085
  0.00308869   0.00429708    -0.00192609  -0.00333609     0.00001806   0.00151303
  0.00151779   0.00355283    -0.00130129  -0.00077216     0.00678846   0.01175796
    5    7
  0.00504123   0.00040705    -0.00099646  -0.00048529     0.00068349   0.00237931
 -0.00099646  -0.00048529    -0.00193627   0.00417439     0.00140414  -0.00078268
 -0.00068349  -0.00237931    -0.00140414   0.00078268    -0.00043255  -0.00094281
    5    8
 -0.00027955  -0.00048419    -0.00231794  -0.00309085     0.00217704   0.00482343
  0.00151779   0.00355283     0.00678846   0.01175796    -0.00130129  -0.00077216
  0.00308869   0.00429708     0.00001806   0.00151303    -0.00192609  -0.00333609
    5    9
  0.00504123   0.00040705     0.00068349   0.00237931    -0.00099646  -0.00048529
 -0.00068349  -0.00237931    -0.00043255  -0.00094281    -0.00140414   0.00078268
 -0.00099646  -0.00048529     0.00140414  -0.00078268    -0.00193627   0.00417439
    5   10
  0.00981407  -0.00630852     0.00282718  -0.00399758     0.00282718  -0.00399758
 -0.00282718   0.00399758    -0.00632308  -0.01107362    -0.00077114  -0.00587781
 -0.00282718   0.00399758    -0.00077114  -0.00587781    -0.00632308  -0.01107362
    5   11
  0.00058573   0.00000000     0.00504455  -0.00089152     0.00504455  -0.00089152
 -0.00504455  -0.00089152     0.00208290   0.00000000     0.00317677  -0.00000000
 -0.00504455  -0.00089152     0.00317677   0.00000000     0.00208290   0.00000000
    6    1
  0.00808195  -0.00381279     0.00182872   0.01594869    -0.00182872  -0.01594869
 -0.01468825   0.00815058    -0.00825763   0.00279128    -0.00089237  -0.00901812
  0.01468825  -0.00815058    -0.00089237  -0.00901812    -0.00825763   0.00279128
    6    2
 -0.00531616   0.01240315     0.00552479   0.00152152    -0.00552479  -0.00152152
 -0.00088966  -0.00160416     0.00561037   0.00054302    -0.00578683   0.00252417
  0.00088966   0.00160416    -0.00578683   0.00252417     0.00561037   0.00054302
    6    3
 -0.00173377   0.00268751    -0.00999623   0.00216997     0.00999623  -0.00216997
 -0.01461342  -0.00070696    -0.01001776  -0.00033440     0.01265133  -0.00266665
  0.01461342   0.00070696     0.01265133  -0.00266665    -0.01001776  -0.00033440
    6    4
  0.00504123   0.00040705    -0.00099646  -0.00048529    -0.00068349  -0.00237931
 -0.00099646  -0.00048529    -0.00193627   0.00417439    -0.00140414   0.00078268
  0.00068349   0.00237931     0.00140414  -0.00078268    -0.00043255  -0.00094281
    6    5
 -0.00027955   0.00048419     0.00308869  -0.00429708     0.00151779  -0.00355283
  0.00217704  -0.00482343    -0.00192609   0.00333609    -0.00130129   0.00077216
 -0.00231794   0.00309085     0.00001806  -0.00151303     0.00678846  -0.01175796
    6    6
  0.03659784  -0.00000000    -0.00175355  -0.00012505     0.00175355   0.00012505
 -0.00175355   0.00012505     0.03625610  -0.00000000    -0.00807248  -0.00000000
  0.00175355  -0.00012505    -0.00807248  -0.00000000     0.03625610  -0.00000000
    6    7
 -0.00511177  -0.00454663    -0.00245291  -0.00020787     0.00245291   0.00020787
 -0.00245291  -0.00020787    -0.00584457   0.00044571     0.00199276  -0.00190697
  0.00245291   0.00020787     0.00199276  -0.00190697    -0.00584457   0.00044571
    6    8
  0.00058573  -0.00000000     0.00504455  -0.00089152    -0.00504455   0.00089152
 -0.00504455  -0.00089152     0.00208290   0.00000000    -0.00317677   0.00000000
  0.00504455   0.00089152    -0.00317677   0.00000000     0.00208290   0.00000000
    6    9
 -0.01037037  -0.00534498    -0.00487559  -0.00044962     0.00487559   0.00044962
  0.00487559   0.00044962    -0.00642849   0.01101275     0.00470477  -0.00360673
 -0.00487559  -0.00044962     0.00470477  -0.00360673    -0.00642849   0.01101275
    6   10
  0.00504123   0.00040705     0.00068349   0.00237931     0.00099646   0.00048529
 -0.00068349  -0.00237931    -0.00043255  -0.00094281     0.00140414  -0.00078268
  0.00099646   0.00048529    -0.00140414   0.00078268    -0.00193627   0.00417439
    6   11
 -0.00027955   0.00048419    -0.00151779   0.00355283    -0.00308869   0.00429708
  0.00231794  -0.00309085     0.00678846  -0.01175796     0.00001806  -0.00151303
 -0.00217704   0.00482343    -0.00130129   0.00077216    -0.00192609   0.00333609
    7    1
  0.00808195   0.00381279     0.00182872  -0.01594869    -0.00182872   0.01594869
 -0.01468825  -0.00815058    -0.00825763  -0.00279128    -0.00089237   0.00901812
  0.01468825   0.00815058    -0.00089237   0.00901812    -0.00825763  -0.00279128
    7    2
 -0.00173377  -0.00268751    -0.00999623  -0.00216997     0.00999623   0.00216997
 -0.01461342   0.00070696    -0.01001776   0.00033440     0.01265133   0.00266665
  0.01461342  -0.00070696     0.01265133   0.00266665    -0.01001776   0.00033440
    7    3
 -0.00531616  -0.01240315     0.00552479  -0.00152152    -0.00552479   0.00152152
 -0.00088966   0.00160416     0.00561037  -0.00054302    -0.00578683  -0.00252417
  0.00088966  -0.00160416    -0.00578683  -0.00252417     0.00561037  -0.00054302
    7    4
 -0.00027955  -0.00048419     0.00308869   0.00429708     0.00151779   0.00355283
  0.00217704   0.00482343    -0.00192609  -0.00333609    -0.00130129  -0.00077216
 -0.00231794  -0.00309085     0.00001806   0.00151303     0.00678846   0.01175796
    7    5
  0.00504123  -0.00040705    -0.00099646   0.00048529    -0.00068349   0.00237931
 -0.00099646   0.00048529    -0.00193627  -0.00417439    -0.00140414  -0.00078268
  0.00068349  -0.00237931     0.00140414   0.00078268    -0.00043255   0.00094281
    7    6
 -0.00511177   0.00454663    -0.00245291   0.00020787     0.00245291  -0.00020787
 -0.00245291   0.00020787    -0.00584457  -0.00044571     0.00199276   0.00190697
  0.00245291  -0.00020787     0.00199276   0.00190697    -0.00584457  -0.00044571
    7    7
  0.03659784   0.00000000    -0.00175355   0.00012505     0.00175355  -0.00012505
 -0.00175355  -0.00012505     0.03625610   0.00000000    -0.00807248   0.00000000
  0.00175355   0.00012505    -0.00807248   0.00000000     0.03625610   0.00000000
    7    8
 -0.01037037   0.00534498    -0.00487559   0.00044962     0.00487559  -0.00044962
  0.00487559  -0.00044962    -0.00642849  -0.01101275     0.00470477   0.00360673
 -0.00487559   0.00044962     0.00470477   0.00360673    -0.00642849  -0.01101275
    7    9
  0.00058573   0.00000000     0.00504455   0.00089152    -0.00504455  -0.00089152
 -0.00504455   0.00089152     0.00208290  -0.00000000    -0.00317677  -0.00000000
  0.00504455  -0.00089152    -0.00317677   0.00000000     0.00208290  -0.00000000
    7   10
 -0.00027955  -0.00048419    -0.00151779  -0.00355283    -0.00308869  -0.00429708
  0.00231794   0.00309085     0.00678846   0.01175796     0.00001806   0.00151303
 -0.00217704  -0.00482343    -0.00130129  -0.00077216    -0.00192609  -0.00333609
    7   11
  0.00504123  -0.00040705     0.00068349  -0.00237931     0.00099646  -0.00048529
 -0.00068349   0.00237931    -0.00043255   0.00094281     0.00140414   0.00078268
  0.00099646  -0.00048529    -0.00140414  -0.00078268    -0.00193627  -0.00417439
    8    1
  0.00808195  -0.00381279    -0.00182872  -0.01594869     0.00182872   0.01594869
  0.01468825  -0.00815058    -0.00825763   0.00279128    -0.00089237  -0.00901812
 -0.01468825   0.00815058    -0.00089237  -0.00901812    -0.00825763   0.00279128
    8    2
 -0.00531616   0.01240315    -0.00552479  -0.00152152     0.00552479   0.00152152
  0.00088966   0.00160416     0.00561037   0.00054302    -0.00578683   0.00252417
 -0.00088966  -0.00160416    -0.00578683   0.00252417     0.00561037   0.00054302
    8    3
 -0.00173377   0.00268751     0.00999623  -0.00216997    -0.00999623   0.00216997
  0.01461342   0.00070696    -0.01001776  -0.00033440     0.01265133  -0.00266665
 -0.01461342  -0.00070696     0.01265133  -0.00266665    -0.01001776  -0.00033440
    8    4
  0.00504123   0.00040705    -0.00068349  -0.00237931    -0.00099646  -0.00048529
  0.00068349   0.00237931    -0.00043255  -0.00094281     0.00140414  -0.00078268
 -0.00099646  -0.00048529    -0.00140414   0.00078268    -0.00193627   0.00417439
    8    5
 -0.00027955   0.00048419     0.00151779  -0.00355283     0.00308869  -0.00429708
 -0.00231794   0.00309085     0.00678846  -0.01175796     0.00001806  -0.00151303
  0.00217704  -0.00482343    -0.00130129   0.00077216    -0.00192609   0.00333609
    8    6
  0.00058573   0.00000000    -0.00504455   0.00089152     0.00504455  -0.00089152
  0.00504455   0.00089152     0.00208290   0.00000000    -0.00317677  -0.00000000
 -0.00504455  -0.00089152    -0.00317677  -0.00000000     0.00208290   0.00000000
    8    7
 -0.01037037  -0.00534498     0.00487559   0.00044962    -0.00487559  -0.00044962
 -0.00487559  -0.00044962    -0.00642849   0.01101275     0.00470477  -0.00360673
  0.00487559   0.00044962     0.00470477  -0.00360673    -0.00642849   0.01101275
    8    8
  0.03659784  -0.00000000     0.00175355   0.00012505    -0.00175355  -0.00012505
  0.00175355  -0.00012505     0.03625610  -0.00000000    -0.00807248  -0.00000000
 -0.00175355   0.00012505    -0.00807248  -0.00000000     0.03625610  -0.00000000
    8    9
 -0.00511177  -0.00454663     0.00245291   0.00020787    -0.00245291  -0.00020787
  0.00245291   0.00020787    -0.00584457   0.00044571     0.00199276  -0.00190697
 -0.00245291  -0.00020787     0.00199276  -0.00190697    -0.00584457   0.00044571
    8   10
  0.00504123   0.00040705     0.00099646   0.00048529     0.00068349   0.00237931
  0.00099646   0.00048529    -0.00193627   0.00417439    -0.00140414   0.00078268
 -0.00068349  -0.00237931     0.00140414  -0.00078268    -0.00043255  -0.00094281
    8   11
 -0.00027955   0.00048419    -0.00308869   0.00429708    -0.00151779   0.00355283
 -0.00217704   0.00482343    -0.00192609   0.00333609    -0.00130129   0.00077216
  0.00231794  -0.00309085     0.00001806  -0.00151303     0.00678846  -0.01175796
    9    1
  0.00808195   0.00381279    -0.00182872   0.01594869     0.00182872  -0.01594869
  0.01468825   0.00815058    -0.00825763  -0.00279128    -0.00089237   0.00901812
 -0.01468825  -0.00815058    -0.00089237   0.00901812    -0.00825763  -0.00279128
    9    2
 -0.00173377  -0.00268751     0.00999623   0.00216997    -0.00999623  -0.00216997
  0.01461342  -0.00070696    -0.01001776   0.00033440     0.01265133   0.00266665
 -0.01461342   0.00070696     0.01265133   0.00266665    -0.01001776   0.00033440
    9    3
 -0.00531616  -0.01240315    -0.00552479   0.00152152     0.00552479  -0.00152152
  0.00088966  -0.00160416     0.00561037  -0.00054302    -0.00578683  -0.00252417
 -0.00088966   0.00160416    -0.00578683  -0.00252417     0.00561037  -0.00054302
    9    4
 -0.00027955  -0.00048419     0.00151779   0.00355283     0.00308869   0.00429708
 -0.00231794  -0.00309085     0.00678846   0.01175796     0.00001806   0.00151303
  0.00217704   0.00482343    -0.00130129  -0.00077216    -0.00192609  -0.00333609
    9    5
  0.00504123  -0.00040705    -0.00068349   0.00237931    -0.00099646   0.00048529
  0.00068349  -0.00237931    -0.00043255   0.00094281     0.00140414   0.00078268
 -0.00099646   0.00048529    -0.00140414  -0.00078268    -0.00193627  -0.00417439
    9    6
 -0.01037037   0.00534498     0.00487559  -0.00044962    -0.00487559   0.00044962
 -0.00487559   0.00044962    -0.00642849  -0.01101275     0.00470477   0.00360673
  0.00487559  -0.00044962     0.00470477   0.00360673    -0.00642849  -0.01101275
    9    7
  0.00058573   0.00000000    -0.00504455  -0.00089152     0.00504455   0.00089152
  0.00504455  -0.00089152     0.00208290  -0.00000000    -0.00317677   0.00000000
 -0.00504455   0.00089152    -0.00317677  -0.00000000     0.00208290  -0.00000000
    9    8
 -0.00511177   0.00454663     0.00245291  -0.00020787    -0.00245291   0.00020787
  0.00245291  -0.00020787    -0.00584457  -0.00044571     0.00199276   0.00190697
 -0.00245291   0.00020787     0.00199276   0.00190697    -0.00584457  -0.00044571
    9    9
  0.03659784   0.00000000     0.00175355  -0.00012505    -0.00175355   0.00012505
  0.00175355   0.00012505     0.03625610   0.00000000    -0.00807248   0.00000000
 -0.00175355  -0.00012505    -0.00807248   0.00000000     0.03625610   0.00000000
    9   10
 -0.00027955  -0.00048419    -0.00308869  -0.00429708    -0.00151779  -0.00355283
 -0.00217704  -0.00482343    -0.00192609  -0.00333609    -0.00130129  -0.00077216
  0.00231794   0.00309085     0.00001806   0.00151303     0.00678846   0.01175796
    9   11
  0.00504123  -0.00040705     0.00099646  -0.00048529     0.00068349  -0.00237931
  0.00099646  -0.00048529    -0.00193627  -0.00417439    -0.00140414  -0.00078268
 -0.00068349   0.00237931     0.00140414   0.00078268    -0.00043255   0.00094281
   10    1
 -0.00734295   0.00509278    -0.01289761  -0.00955807    -0.01289761  -0.00955807
 -0.01440274   0.00864511     0.00654614  -0.00575567     0.00736373   0.00528187
 -0.01440274   0.00864511     0.00736373   0.00528187     0.00654614  -0.00575567
   10    2
 -0.00808337   0.01080550     0.00408008   0.00402385     0.00408008   0.00402385
 -0.00183407   0.00003161    -0.00327545  -0.00458722    -0.00070742  -0.00627363
 -0.00183407   0.00003161    -0.00070742  -0.00627363    -0.00327545  -0.00458722
   10    3
 -0.00173377  -0.00268751     0.00999623   0.00216997     0.00999623   0.00216997
  0.01461342  -0.00070696    -0.01001776   0.00033440    -0.01265133  -0.00266665
  0.01461342  -0.00070696    -0.01265133  -0.00266665    -0.01001776   0.00033440
   10    4
  0.00058573   0.00000000    -0.00504455  -0.00089152    -0.00504455  -0.00089152
  0.00504455  -0.00089152     0.00208290  -0.00000000     0.00317677   0.00000000
  0.00504455  -0.00089152     0.00317677   0.00000000     0.00208290  -0.00000000
   10    5
  0.00981407   0.00630852    -0.00282718  -0.00399758    -0.00282718  -0.00399758
  0.00282718   0.00399758    -0.00632308   0.01107362    -0.00077114   0.00587781
  0.00282718   0.00399758    -0.00077114   0.00587781    -0.00632308   0.01107362
   10    6
  0.00504123  -0.00040705    -0.00068349   0.00237931     0.00099646  -0.00048529
  0.00068349  -0.00237931    -0.00043255   0.00094281    -0.00140414  -0.00078268
  0.00099646  -0.00048529     0.00140414   0.00078268    -0.00193627  -0.00417439
   10    7
 -0.00027955   0.00048419     0.00231794  -0.00309085    -0.00217704   0.00482343
 -0.00151779   0.00355283     0.00678846  -0.01175796    -0.00130129   0.00077216
 -0.00308869   0.00429708     0.00001806  -0.00151303    -0.00192609   0.00333609
   10    8
  0.00504123  -0.00040705     0.00099646  -0.00048529    -0.00068349   0.00237931
  0.00099646  -0.00048529    -0.00193627  -0.00417439     0.00140414   0.00078268
  0.00068349  -0.00237931    -0.00140414  -0.00078268    -0.00043255   0.00094281
   10    9
 -0.00027955   0.00048419    -0.00217704   0.00482343     0.00231794  -0.00309085
 -0.00308869   0.00429708    -0.00192609   0.00333609     0.00001806  -0.00151303
 -0.00151779   0.00355283    -0.00130129   0.00077216     0.00678846  -0.01175796
   10   10
  0.03659784   0.00000000     0.00175355  -0.00012505     0.00175355  -0.00012505
  0.00175355   0.00012505     0.03625610   0.00000000     0.00807248  -0.00000000
  0.00175355   0.00012505     0.00807248  -0.00000000     0.03625610   0.00000000
   10   11
  0.00649338   0.00215360    -0.00140647  -0.00202035    -0.00140647  -0.00202035
 -0.00140647  -0.00202035     0.00253629   0.00528440    -0.00065510   0.00267927
 -0.00140647  -0.00202035    -0.00065510   0.00267927     0.00253629   0.00528440
   11    1
 -0.00734295  -0.00509278    -0.01289761   0.00955807    -0.01289761   0.00955807
 -0.01440274  -0.00864511     0.00654614   0.00575567     0.00736373  -0.00528187
 -0.01440274  -0.00864511     0.00736373  -0.00528187     0.00654614   0.00575567
   11    2
 -0.00173377   0.00268751     0.00999623  -0.00216997     0.00999623  -0.00216997
  0.01461342   0.00070696    -0.01001776  -0.00033440    -0.01265133   0.00266665
  0.01461342   0.00070696    -0.01265133   0.00266665    -0.01001776  -0.00033440
   11    3
 -0.00808337  -0.01080550     0.00408008  -0.00402385     0.00408008  -0.00402385
 -0.00183407  -0.00003161    -0.00327545   0.00458722    -0.00070742   0.00627363
 -0.00183407  -0.00003161    -0.00070742   0.00627363    -0.00327545   0.00458722
   11    4
  0.00981407  -0.00630852    -0.00282718   0.00399758    -0.00282718   0.00399758
  0.00282718  -0.00399758    -0.00632308  -0.01107362    -0.00077114  -0.00587781
  0.00282718  -0.00399758    -0.00077114  -0.00587781    -0.00632308  -0.01107362
   11    5
  0.00058573  -0.00000000    -0.00504455   0.00089152    -0.00504455   0.00089152
  0.00504455   0.00089152     0.00208290   0.00000000     0.00317677   0.00000000
  0.00504455   0.00089152     0.00317677  -0.00000000     0.00208290   0.00000000
   11    6
 -0.00027955  -0.00048419     0.00231794   0.00309085    -0.00217704  -0.00482343
 -0.00151779  -0.00355283     0.00678846   0.01175796    -0.00130129  -0.00077216
 -0.00308869  -0.00429708     0.00001806   0.00151303    -0.00192609  -0.00333609
   11    7
  0.00504123   0.00040705    -0.00068349  -0.00237931     0.00099646   0.00048529
  0.00068349   0.00237931    -0.00043255  -0.00094281    -0.00140414   0.00078268
  0.00099646   0.00048529     0.00140414  -0.00078268    -0.00193627   0.00417439
   11    8
 -0.00027955  -0.00048419    -0.00217704  -0.00482343     0.00231794   0.00309085
 -0.00308869  -0.00429708    -0.00192609  -0.00333609     0.00001806   0.00151303
 -0.00151779  -0.00355283    -0.00130129  -0.00077216     0.00678846   0.01175796
   11    9
  0.00504123   0.00040705     0.00099646   0.00048529    -0.00068349  -0.00237931
  0.00099646   0.00048529    -0.00193627   0.00417439     0.00140414  -0.00078268
  0.00068349   0.00237931    -0.00140414   0.00078268    -0.00043255  -0.00094281
   11   10
  0.00649338  -0.00215360    -0.00140647   0.00202035    -0.00140647   0.00202035
 -0.00140647   0.00202035     0.00253629  -0.00528440    -0.00065510  -0.00267927
 -0.00140647   0.00202035    -0.00065510  -0.00267927     0.00253629  -0.00528440
   11   11
  0.03659784  -0.00000000     0.00175355   0.00012505     0.00175355   0.00012505
  0.00175355  -0.00012505     0.03625610  -0.00000000     0.00807248   0.00000000
  0.00175355  -0.00012505     0.00807248   0.00000000     0.03625610  -0.00000000

     Dynamical  Matrix in cartesian axes

     q = (   -0.471404521   0.000000000   0.000000000 ) 

    1    1
  0.28153137   0.00000000     0.00000000   0.00000000     0.00000000   0.00000000
  0.00000000   0.00000000     0.13935168   0.00000000    -0.00000000   0.00000000
 -0.00000000   0.00000000    -0.00000000   0.00000000     0.13935168   0.00000000
    1    2
  0.01174040  -0.02033496    -0.00000000  -0.00000000    -0.00000000   0.00000000
 -0.00000000   0.00000000    -0.01255378   0.02174379    -0.02911452  -0.01680927
 -0.00000000  -0.00000000    -0.02911452  -0.01680927    -0.01255378   0.02174379
    1    3
  0.01174040   0.02033496    -0.00000000  -0.00000000    -0.00000000   0.00000000
 -0.00000000  -0.00000000    -0.01255378  -0.02174379    -0.02911452   0.01680927
 -0.00000000   0.00000000    -0.02911452   0.01680927    -0.01255378  -0.02174379
    1    4
 -0.00734295   0.00509278     0.01440274  -0.00864511     0.01440274  -0.00864511
  0.01289761   0.00955807     0.00654614  -0.00575567     0.00736373   0.00528187
  0.01289761   0.00955807     0.00736373   0.00528187     0.00654614  -0.00575567
    1    5
 -0.00734295  -0.00509278     0.01440274   0.00864511     0.01440274   0.00864511
  0.01289761  -0.00955807     0.00654614   0.00575567     0.00736373  -0.00528187
  0.01289761  -0.00955807     0.00736373  -0.00528187     0.00654614   0.00575567
    1    6
  0.00808195  -0.00381279    -0.01468825   0.00815058     0.01468825  -0.00815058
  0.00182872   0.01594869    -0.00825763   0.00279128    -0.00089237  -0.00901812
 -0.00182872  -0.01594869    -0.00089237  -0.00901812    -0.00825763   0.00279128
    1    7
  0.00808195   0.00381279    -0.01468825  -0.00815058     0.01468825   0.00815058
  0.00182872  -0.01594869    -0.00825763  -0.00279128    -0.00089237   0.00901812
 -0.00182872   0.01594869    -0.00089237   0.00901812    -0.00825763  -0.00279128
    1    8
  0.00808195  -0.00381279     0.01468825  -0.00815058    -0.01468825   0.00815058
 -0.00182872  -0.01594869    -0.00825763   0.00279128    -0.00089237  -0.00901812
  0.00182872   0.01594869    -0.00089237  -0.00901812    -0.00825763   0.00279128
    1    9
  0.00808195   0.00381279     0.01468825   0.00815058    -0.01468825  -0.00815058
 -0.00182872   0.01594869    -0.00825763  -0.00279128    -0.00089237   0.00901812
  0.00182872  -0.01594869    -0.00089237   0.00901812    -0.00825763  -0.00279128
    1   10
 -0.00734295   0.00509278    -0.01440274   0.00864511    -0.01440274   0.00864511
 -0.01289761  -0.00955807     0.00654614  -0.00575567     0.00736373   0.00528187
 -0.01289761  -0.00955807     0.00736373   0.00528187     0.00654614  -0.00575567
    1   11
 -0.00734295  -0.00509278    -0.01440274  -0.00864511    -0.01440274  -0.00864511
 -0.01289761   0.00955807     0.00654614   0.00575567     0.00736373  -0.00528187
 -0.01289761   0.00955807     0.00736373  -0.00528187     0.00654614   0.00575567
    2    1
  0.01174040   0.02033496    -0.00000000   0.00000000    -0.00000000   0.00000000
 -0.00000000   0.00000000    -0.01255378  -0.02174379    -0.02911452   0.01680927
 -0.00000000  -0.00000000    -0.02911452   0.01680927    -0.01255378  -0.02174379
    2    2
  0.07080490   0.00000000     0.00000000  -0.00000000     0.00000000  -0.00000000
 -0.00000000  -0.00000000     0.04017469   0.00000000     0.00000000   0.00000000
 -0.00000000  -0.00000000     0.00000000   0.00000000     0.04017469  -0.00000000
    2    3
  0.00179300  -0.00310557    -0.00000000  -0.00000000    -0.00000000  -0.00000000
 -0.00000000  -0.00000000    -0.00118569   0.00205367     0.01332999   0.00769607
 -0.00000000  -0.00000000     0.01332999   0.00769607    -0.00118569   0.00205367
    2    4
 -0.00808337   0.01080550     0.00183407  -0.00003161     0.00183407  -0.00003161
 -0.00408008  -0.00402385    -0.00327545  -0.00458722    -0.00070742  -0.00627363
 -0.00408008  -0.00402385    -0.00070742  -0.00627363    -0.00327545  -0.00458722
    2    5
 -0.00173377   0.00268751    -0.01461342  -0.00070696    -0.01461342  -0.00070696
 -0.00999623   0.00216997    -0.01001776  -0.00033440    -0.01265133   0.00266665
 -0.00999623   0.00216997    -0.01265133   0.00266665    -0.01001776  -0.00033440
    2    6
 -0.00531616   0.01240315    -0.00088966  -0.00160416     0.00088966   0.00160416
  0.00552479   0.00152152     0.00561037   0.00054302    -0.00578683   0.00252417
 -0.00552479  -0.00152152    -0.00578683   0.00252417     0.00561037   0.00054302
    2    7
 -0.00173377  -0.00268751    -0.01461342   0.00070696     0.01461342  -0.00070696
 -0.00999623  -0.00216997    -0.01001776   0.00033440     0.01265133   0.00266665
  0.00999623   0.00216997     0.01265133   0.00266665    -0.01001776   0.00033440
    2    8
 -0.00531616   0.01240315     0.00088966   0.00160416    -0.00088966  -0.00160416
 -0.00552479  -0.00152152     0.00561037   0.00054302    -0.00578683   0.00252417
  0.00552479   0.00152152    -0.00578683   0.00252417     0.00561037   0.00054302
    2    9
 -0.00173377  -0.00268751     0.01461342  -0.00070696    -0.01461342   0.00070696
  0.00999623   0.00216997    -0.01001776   0.00033440     0.01265133   0.00266665
 -0.00999623  -0.00216997     0.01265133   0.00266665    -0.01001776   0.00033440
    2   10
 -0.00808337   0.01080550    -0.00183407   0.00003161    -0.00183407   0.00003161
  0.00408008   0.00402385    -0.00327545  -0.00458722    -0.00070742  -0.00627363
  0.00408008   0.00402385    -0.00070742  -0.00627363    -0.00327545  -0.00458722
    2   11
 -0.00173377   0.00268751     0.01461342   0.00070696     0.01461342   0.00070696
  0.00999623  -0.00216997    -0.01001776  -0.00033440    -0.01265133   0.00266665
  0.00999623  -0.00216997    -0.01265133   0.00266665    -0.01001776  -0.00033440
    3    1
  0.01174040  -0.02033496    -0.00000000  -0.00000000    -0.00000000   0.00000000
 -0.00000000  -0.00000000    -0.01255378   0.02174379    -0.02911452  -0.01680927
 -0.00000000   0.00000000    -0.02911452  -0.01680927    -0.01255378   0.02174379
    3    2
  0.00179300   0.00310557    -0.00000000   0.00000000    -0.00000000   0.00000000
 -0.00000000   0.00000000    -0.00118569  -0.00205367     0.01332999  -0.00769607
 -0.00000000   0.00000000     0.01332999  -0.00769607    -0.00118569  -0.00205367
    3    3
  0.07080490  -0.00000000     0.00000000   0.00000000     0.00000000   0.00000000
 -0.00000000   0.00000000     0.04017469  -0.00000000     0.00000000  -0.00000000
 -0.00000000   0.00000000     0.00000000  -0.00000000     0.04017469   0.00000000
    3    4
 -0.00173377  -0.00268751    -0.01461342   0.00070696    -0.01461342   0.00070696
 -0.00999623  -0.00216997    -0.01001776   0.00033440    -0.01265133  -0.00266665
 -0.00999623  -0.00216997    -0.01265133  -0.00266665    -0.01001776   0.00033440
    3    5
 -0.00808337  -0.01080550     0.00183407   0.00003161     0.00183407   0.00003161
 -0.00408008   0.00402385    -0.00327545   0.00458722    -0.00070742   0.00627363
 -0.00408008   0.00402385    -0.00070742   0.00627363    -0.00327545   0.00458722
    3    6
 -0.00173377   0.00268751    -0.01461342  -0.00070696     0.01461342   0.00070696
 -0.00999623   0.00216997    -0.01001776  -0.00033440     0.01265133  -0.00266665
  0.00999623  -0.00216997     0.01265133  -0.00266665    -0.01001776  -0.00033440
    3    7
 -0.00531616  -0.01240315    -0.00088966   0.00160416     0.00088966  -0.00160416
  0.00552479  -0.00152152     0.00561037  -0.00054302    -0.00578683  -0.00252417
 -0.00552479   0.00152152    -0.00578683  -0.00252417     0.00561037  -0.00054302
    3    8
 -0.00173377   0.00268751     0.01461342   0.00070696    -0.01461342  -0.00070696
  0.00999623  -0.00216997    -0.01001776  -0.00033440     0.01265133  -0.00266665
 -0.00999623   0.00216997     0.01265133  -0.00266665    -0.01001776  -0.00033440
    3    9
 -0.00531616  -0.01240315     0.00088966  -0.00160416    -0.00088966   0.00160416
 -0.00552479   0.00152152     0.00561037  -0.00054302    -0.00578683  -0.00252417
  0.00552479  -0.00152152    -0.00578683  -0.00252417     0.00561037  -0.00054302
    3   10
 -0.00173377  -0.00268751     0.01461342  -0.00070696     0.01461342  -0.00070696
  0.00999623   0.00216997    -0.01001776   0.00033440    -0.01265133  -0.00266665
  0.00999623   0.00216997    -0.01265133  -0.00266665    -0.01001776   0.00033440
    3   11
 -0.00808337  -0.01080550    -0.00183407  -0.00003161    -0.00183407  -0.00003161
  0.00408008  -0.00402385    -0.00327545   0.00458722    -0.00070742   0.00627363
  0.00408008  -0.00402385    -0.00070742   0.00627363    -0.00327545   0.00458722
    4    1
 -0.00734295  -0.00509278     0.01289761  -0.00955807     0.01289761  -0.00955807
