  4.500000000000000E-002   1.62466440089185        5.30948034695369     
           8

     Dynamical  Matrix in cartesian axes

     q = (    0.235702260   0.235702260  -0.235702260 ) 

    1    1
  0.11768963   0.00000000     0.02487497   0.00000000    -0.02487497   0.00000000
  0.02487497   0.00000000     0.11768963   0.00000000    -0.02487497   0.00000000
 -0.02487497   0.00000000    -0.02487497   0.00000000     0.11768963   0.00000000
    1    2
  0.00576762  -0.00423522     0.01290576  -0.00970646    -0.01290576   0.00970646
  0.01290576  -0.00970646     0.00576762  -0.00423522    -0.01290576   0.00970646
 -0.01290576   0.00970646    -0.01290576   0.00970646     0.00576762  -0.00423522
    1    3
  0.00576762   0.00423522     0.01290576   0.00970646    -0.01290576  -0.00970646
  0.01290576   0.00970646     0.00576762   0.00423522    -0.01290576  -0.00970646
 -0.01290576  -0.00970646    -0.01290576  -0.00970646     0.00576762   0.00423522
    1    4
 -0.01431555  -0.00265746     0.00447688  -0.00510113     0.00531594  -0.00498882
  0.00447688  -0.00510113    -0.01431555  -0.00265746     0.00531594  -0.00498882
  0.00633238  -0.00110892     0.00633238  -0.00110892     0.00033946   0.01646090
    1    5
 -0.01431555   0.00265746     0.00447688   0.00510113     0.00531594   0.00498882
  0.00447688   0.00510113    -0.01431555   0.00265746     0.00531594   0.00498882
  0.00633238   0.00110892     0.00633238   0.00110892     0.00033946  -0.01646090
    1    6
 -0.02021254   0.00311955    -0.00113589  -0.00478076     0.00113589   0.00478076
 -0.00113589  -0.00478076    -0.02021254   0.00311955     0.00113589   0.00478076
  0.00113589   0.00478076     0.00113589   0.00478076    -0.02021254   0.00311955
    1    7
 -0.02021254  -0.00311955    -0.00113589   0.00478076     0.00113589  -0.00478076
 -0.00113589   0.00478076    -0.02021254  -0.00311955     0.00113589  -0.00478076
  0.00113589  -0.00478076     0.00113589  -0.00478076    -0.02021254  -0.00311955
    1    8
  0.00033946   0.01646090    -0.00633238   0.00110892     0.00633238  -0.00110892
 -0.00531594   0.00498882    -0.01431555  -0.00265746    -0.00447688   0.00510113
  0.00531594  -0.00498882    -0.00447688   0.00510113    -0.01431555  -0.00265746
    1    9
  0.00033946  -0.01646090    -0.00633238  -0.00110892     0.00633238   0.00110892
 -0.00531594  -0.00498882    -0.01431555   0.00265746    -0.00447688  -0.00510113
  0.00531594   0.00498882    -0.00447688  -0.00510113    -0.01431555   0.00265746
    1   10
 -0.01431555  -0.00265746    -0.00531594   0.00498882    -0.00447688   0.00510113
 -0.00633238   0.00110892     0.00033946   0.01646090     0.00633238  -0.00110892
 -0.00447688   0.00510113     0.00531594  -0.00498882    -0.01431555  -0.00265746
    1   11
 -0.01431555   0.00265746    -0.00531594  -0.00498882    -0.00447688  -0.00510113
 -0.00633238  -0.00110892     0.00033946  -0.01646090     0.00633238   0.00110892
 -0.00447688  -0.00510113     0.00531594   0.00498882    -0.01431555   0.00265746
    2    1
  0.00576762   0.00423522     0.01290576   0.00970646    -0.01290576  -0.00970646
  0.01290576   0.00970646     0.00576762   0.00423522    -0.01290576  -0.00970646
 -0.01290576  -0.00970646    -0.01290576  -0.00970646     0.00576762   0.00423522
    2    2
  0.02927105  -0.00000000     0.01036262   0.00000000    -0.01036262  -0.00000000
  0.01036262   0.00000000     0.02927105  -0.00000000    -0.01036262  -0.00000000
 -0.01036262  -0.00000000    -0.01036262  -0.00000000     0.02927105  -0.00000000
    2    3
 -0.00470289   0.00691831    -0.00163883   0.00669156     0.00163883  -0.00669156
 -0.00163883   0.00669156    -0.00470289   0.00691831     0.00163883  -0.00669156
  0.00163883  -0.00669156     0.00163883  -0.00669156    -0.00470289   0.00691831
    2    4
 -0.00291233  -0.00114765     0.00099999  -0.00238001     0.00229386   0.00173851
  0.00099999  -0.00238001    -0.00291233  -0.00114765     0.00229386   0.00173851
 -0.00151440   0.00406188    -0.00151440   0.00406188    -0.00034935  -0.00191282
    2    5
 -0.00616033   0.00404883    -0.00612815  -0.00006715    -0.00344534   0.00298488
 -0.00612815  -0.00006715    -0.00616033   0.00404883    -0.00344534   0.00298488
 -0.00347871  -0.00212612    -0.00347871  -0.00212612    -0.00357517  -0.00227486
    2    6
  0.00483428  -0.00179087     0.00352596  -0.00388803    -0.00352596   0.00388803
  0.00352596  -0.00388803     0.00483428  -0.00179087    -0.00352596   0.00388803
 -0.00352596   0.00388803    -0.00352596   0.00388803     0.00483428  -0.00179087
    2    7
 -0.00975822   0.00322602    -0.01047635   0.00265431     0.01047635  -0.00265431
 -0.01047635   0.00265431    -0.00975822   0.00322602     0.01047635  -0.00265431
  0.01047635  -0.00265431     0.01047635  -0.00265431    -0.00975822   0.00322602
    2    8
 -0.00034935  -0.00191282     0.00151440  -0.00406188    -0.00151440   0.00406188
 -0.00229386  -0.00173851    -0.00291233  -0.00114765    -0.00099999   0.00238001
  0.00229386   0.00173851    -0.00099999   0.00238001    -0.00291233  -0.00114765
    2    9
 -0.00357517  -0.00227486     0.00347871   0.00212612    -0.00347871  -0.00212612
  0.00344534  -0.00298488    -0.00616033   0.00404883     0.00612815   0.00006715
 -0.00344534   0.00298488     0.00612815   0.00006715    -0.00616033   0.00404883
    2   10
 -0.00291233  -0.00114765    -0.00229386  -0.00173851    -0.00099999   0.00238001
  0.00151440  -0.00406188    -0.00034935  -0.00191282    -0.00151440   0.00406188
 -0.00099999   0.00238001     0.00229386   0.00173851    -0.00291233  -0.00114765
    2   11
 -0.00616033   0.00404883     0.00344534  -0.00298488     0.00612815   0.00006715
  0.00347871   0.00212612    -0.00357517  -0.00227486    -0.00347871  -0.00212612
  0.00612815   0.00006715    -0.00344534   0.00298488    -0.00616033   0.00404883
    3    1
  0.00576762  -0.00423522     0.01290576  -0.00970646    -0.01290576   0.00970646
  0.01290576  -0.00970646     0.00576762  -0.00423522    -0.01290576   0.00970646
 -0.01290576   0.00970646    -0.01290576   0.00970646     0.00576762  -0.00423522
    3    2
 -0.00470289  -0.00691831    -0.00163883  -0.00669156     0.00163883   0.00669156
 -0.00163883  -0.00669156    -0.00470289  -0.00691831     0.00163883   0.00669156
  0.00163883   0.00669156     0.00163883   0.00669156    -0.00470289  -0.00691831
    3    3
  0.02927105   0.00000000     0.01036262  -0.00000000    -0.01036262   0.00000000
  0.01036262  -0.00000000     0.02927105   0.00000000    -0.01036262   0.00000000
 -0.01036262   0.00000000    -0.01036262   0.00000000     0.02927105   0.00000000
    3    4
 -0.00616033  -0.00404883    -0.00612815   0.00006715    -0.00344534  -0.00298488
 -0.00612815   0.00006715    -0.00616033  -0.00404883    -0.00344534  -0.00298488
 -0.00347871   0.00212612    -0.00347871   0.00212612    -0.00357517   0.00227486
    3    5
 -0.00291233   0.00114765     0.00099999   0.00238001     0.00229386  -0.00173851
  0.00099999   0.00238001    -0.00291233   0.00114765     0.00229386  -0.00173851
 -0.00151440  -0.00406188    -0.00151440  -0.00406188    -0.00034935   0.00191282
    3    6
 -0.00975822  -0.00322602    -0.01047635  -0.00265431     0.01047635   0.00265431
 -0.01047635  -0.00265431    -0.00975822  -0.00322602     0.01047635   0.00265431
  0.01047635   0.00265431     0.01047635   0.00265431    -0.00975822  -0.00322602
    3    7
  0.00483428   0.00179087     0.00352596   0.00388803    -0.00352596  -0.00388803
  0.00352596   0.00388803     0.00483428   0.00179087    -0.00352596  -0.00388803
 -0.00352596  -0.00388803    -0.00352596  -0.00388803     0.00483428   0.00179087
    3    8
 -0.00357517   0.00227486     0.00347871  -0.00212612    -0.00347871   0.00212612
  0.00344534   0.00298488    -0.00616033  -0.00404883     0.00612815  -0.00006715
 -0.00344534  -0.00298488     0.00612815  -0.00006715    -0.00616033  -0.00404883
    3    9
 -0.00034935   0.00191282     0.00151440   0.00406188    -0.00151440  -0.00406188
 -0.00229386   0.00173851    -0.00291233   0.00114765    -0.00099999  -0.00238001
  0.00229386  -0.00173851    -0.00099999  -0.00238001    -0.00291233   0.00114765
    3   10
 -0.00616033  -0.00404883     0.00344534   0.00298488     0.00612815  -0.00006715
  0.00347871  -0.00212612    -0.00357517   0.00227486    -0.00347871   0.00212612
  0.00612815  -0.00006715    -0.00344534  -0.00298488    -0.00616033  -0.00404883
    3   11
 -0.00291233   0.00114765    -0.00229386   0.00173851    -0.00099999  -0.00238001
  0.00151440   0.00406188    -0.00034935   0.00191282    -0.00151440  -0.00406188
 -0.00099999  -0.00238001     0.00229386  -0.00173851    -0.00291233   0.00114765
    4    1
 -0.01431555   0.00265746     0.00447688   0.00510113     0.00633238   0.00110892
  0.00447688   0.00510113    -0.01431555   0.00265746     0.00633238   0.00110892
  0.00531594   0.00498882     0.00531594   0.00498882     0.00033946  -0.01646090
    4    2
 -0.00291233   0.00114765     0.00099999   0.00238001    -0.00151440  -0.00406188
  0.00099999   0.00238001    -0.00291233   0.00114765    -0.00151440  -0.00406188
  0.00229386  -0.00173851     0.00229386  -0.00173851    -0.00034935   0.00191282
    4    3
 -0.00616033   0.00404883    -0.00612815  -0.00006715    -0.00347871  -0.00212612
 -0.00612815  -0.00006715    -0.00616033   0.00404883    -0.00347871  -0.00212612
 -0.00344534   0.00298488    -0.00344534   0.00298488    -0.00357517  -0.00227486
    4    4
  0.02290472   0.00000000     0.00198565   0.00000000    -0.00200231   0.00119387
  0.00198565  -0.00000000     0.02290472  -0.00000000    -0.00200231   0.00119387
 -0.00200231  -0.00119387    -0.00200231  -0.00119387     0.01601169   0.00000000
    4    5
  0.00230736   0.00008592     0.00089741   0.00034222     0.00035163   0.00006135
  0.00089741   0.00034222     0.00230736   0.00008592     0.00035163   0.00006135
  0.00035163   0.00006135     0.00035163   0.00006135    -0.00036501  -0.00071060
    4    6
  0.00344420  -0.00165393    -0.00138844  -0.00052131    -0.00072924  -0.00006366
 -0.00138844  -0.00052131     0.00344420  -0.00165393    -0.00072924  -0.00006366
  0.00002067  -0.00149214     0.00002067  -0.00149214    -0.00231484   0.00395332
    4    7
  0.00134640   0.00120913    -0.00016728  -0.00127552     0.00202116   0.00027034
 -0.00016728  -0.00127552     0.00134640   0.00120913     0.00202116   0.00027034
 -0.00110301   0.00208227    -0.00110301   0.00208227    -0.00616621   0.00126833
    4    8
  0.00065309  -0.00226231     0.00026747   0.00221087     0.00014544  -0.00000000
  0.00012073  -0.00009289     0.00465809   0.00000000    -0.00026747   0.00221087
  0.00009056   0.00000000    -0.00012073  -0.00009289     0.00065309   0.00226231
    4    9
  0.00195093   0.00250527    -0.00385772  -0.00002788     0.00489350   0.00000995
  0.00039128  -0.00067596     0.00542346  -0.00854323     0.00385772   0.00002788
 -0.00079578  -0.00201583    -0.00039128   0.00067596     0.00195093   0.00250527
    4   10
  0.00465809   0.00000000     0.00012073  -0.00009289    -0.00026747   0.00221087
  0.00026747   0.00221087     0.00065309  -0.00226231     0.00014544   0.00000000
 -0.00012073  -0.00009289     0.00009056   0.00000000     0.00065309   0.00226231
    4   11
  0.00542346  -0.00854323     0.00039128  -0.00067596     0.00385772   0.00002788
 -0.00385772  -0.00002788     0.00195093   0.00250527     0.00489350   0.00000995
 -0.00039128   0.00067596    -0.00079578  -0.00201583     0.00195093   0.00250527
    5    1
 -0.01431555  -0.00265746     0.00447688  -0.00510113     0.00633238  -0.00110892
  0.00447688  -0.00510113    -0.01431555  -0.00265746     0.00633238  -0.00110892
  0.00531594  -0.00498882     0.00531594  -0.00498882     0.00033946   0.01646090
    5    2
 -0.00616033  -0.00404883    -0.00612815   0.00006715    -0.00347871   0.00212612
 -0.00612815   0.00006715    -0.00616033  -0.00404883    -0.00347871   0.00212612
 -0.00344534  -0.00298488    -0.00344534  -0.00298488    -0.00357517   0.00227486
    5    3
 -0.00291233  -0.00114765     0.00099999  -0.00238001    -0.00151440   0.00406188
  0.00099999  -0.00238001    -0.00291233  -0.00114765    -0.00151440   0.00406188
  0.00229386   0.00173851     0.00229386   0.00173851    -0.00034935  -0.00191282
    5    4
  0.00230736  -0.00008592     0.00089741  -0.00034222     0.00035163  -0.00006135
  0.00089741  -0.00034222     0.00230736  -0.00008592     0.00035163  -0.00006135
  0.00035163  -0.00006135     0.00035163  -0.00006135    -0.00036501   0.00071060
    5    5
  0.02290472  -0.00000000     0.00198565  -0.00000000    -0.00200231  -0.00119387
  0.00198565   0.00000000     0.02290472   0.00000000    -0.00200231  -0.00119387
 -0.00200231   0.00119387    -0.00200231   0.00119387     0.01601169  -0.00000000
    5    6
  0.00134640  -0.00120913    -0.00016728   0.00127552     0.00202116  -0.00027034
 -0.00016728   0.00127552     0.00134640  -0.00120913     0.00202116  -0.00027034
 -0.00110301  -0.00208227    -0.00110301  -0.00208227    -0.00616621  -0.00126833
    5    7
  0.00344420   0.00165393    -0.00138844   0.00052131    -0.00072924   0.00006366
 -0.00138844   0.00052131     0.00344420   0.00165393    -0.00072924   0.00006366
  0.00002067   0.00149214     0.00002067   0.00149214    -0.00231484  -0.00395332
    5    8
  0.00195093  -0.00250527    -0.00385772   0.00002788     0.00489350  -0.00000995
  0.00039128   0.00067596     0.00542346   0.00854323     0.00385772  -0.00002788
 -0.00079578   0.00201583    -0.00039128  -0.00067596     0.00195093  -0.00250527
    5    9
  0.00065309   0.00226231     0.00026747  -0.00221087     0.00014544   0.00000000
  0.00012073   0.00009289     0.00465809   0.00000000    -0.00026747  -0.00221087
  0.00009056  -0.00000000    -0.00012073   0.00009289     0.00065309  -0.00226231
    5   10
  0.00542346   0.00854323     0.00039128   0.00067596     0.00385772  -0.00002788
 -0.00385772   0.00002788     0.00195093  -0.00250527     0.00489350  -0.00000995
 -0.00039128  -0.00067596    -0.00079578   0.00201583     0.00195093  -0.00250527
    5   11
  0.00465809  -0.00000000     0.00012073   0.00009289    -0.00026747  -0.00221087
  0.00026747  -0.00221087     0.00065309   0.00226231     0.00014544   0.00000000
 -0.00012073   0.00009289     0.00009056   0.00000000     0.00065309  -0.00226231
    6    1
 -0.02021254  -0.00311955    -0.00113589   0.00478076     0.00113589  -0.00478076
 -0.00113589   0.00478076    -0.02021254  -0.00311955     0.00113589  -0.00478076
  0.00113589  -0.00478076     0.00113589  -0.00478076    -0.02021254  -0.00311955
    6    2
  0.00483428   0.00179087     0.00352596   0.00388803    -0.00352596  -0.00388803
  0.00352596   0.00388803     0.00483428   0.00179087    -0.00352596  -0.00388803
 -0.00352596  -0.00388803    -0.00352596  -0.00388803     0.00483428   0.00179087
    6    3
 -0.00975822   0.00322602    -0.01047635   0.00265431     0.01047635  -0.00265431
 -0.01047635   0.00265431    -0.00975822   0.00322602     0.01047635  -0.00265431
  0.01047635  -0.00265431     0.01047635  -0.00265431    -0.00975822   0.00322602
    6    4
  0.00344420   0.00165393    -0.00138844   0.00052131     0.00002067   0.00149214
 -0.00138844   0.00052131     0.00344420   0.00165393     0.00002067   0.00149214
 -0.00072924   0.00006366    -0.00072924   0.00006366    -0.00231484  -0.00395332
    6    5
  0.00134640   0.00120913    -0.00016728  -0.00127552    -0.00110301   0.00208227
 -0.00016728  -0.00127552     0.00134640   0.00120913    -0.00110301   0.00208227
  0.00202116   0.00027034     0.00202116   0.00027034    -0.00616621   0.00126833
    6    6
  0.02390996   0.00000000     0.00455364  -0.00000000    -0.00455364   0.00000000
  0.00455364  -0.00000000     0.02390996   0.00000000    -0.00455364   0.00000000
 -0.00455364   0.00000000    -0.00455364   0.00000000     0.02390996   0.00000000
    6    7
 -0.00389655   0.00106439    -0.00184255   0.00051815     0.00184255  -0.00051815
 -0.00184255   0.00051815    -0.00389655   0.00106439     0.00184255  -0.00051815
  0.00184255  -0.00051815     0.00184255  -0.00051815    -0.00389655   0.00106439
    6    8
 -0.00231484  -0.00395332     0.00072924  -0.00006366    -0.00072924   0.00006366
 -0.00002067  -0.00149214     0.00344420   0.00165393     0.00138844  -0.00052131
  0.00002067   0.00149214     0.00138844  -0.00052131     0.00344420   0.00165393
    6    9
 -0.00616621   0.00126833    -0.00202116  -0.00027034     0.00202116   0.00027034
  0.00110301  -0.00208227     0.00134640   0.00120913     0.00016728   0.00127552
 -0.00110301   0.00208227     0.00016728   0.00127552     0.00134640   0.00120913
    6   10
  0.00344420   0.00165393    -0.00002067  -0.00149214     0.00138844  -0.00052131
  0.00072924  -0.00006366    -0.00231484  -0.00395332    -0.00072924   0.00006366
  0.00138844  -0.00052131     0.00002067   0.00149214     0.00344420   0.00165393
    6   11
  0.00134640   0.00120913     0.00110301  -0.00208227     0.00016728   0.00127552
 -0.00202116  -0.00027034    -0.00616621   0.00126833     0.00202116   0.00027034
  0.00016728   0.00127552    -0.00110301   0.00208227     0.00134640   0.00120913
    7    1
 -0.02021254   0.00311955    -0.00113589  -0.00478076     0.00113589   0.00478076
 -0.00113589  -0.00478076    -0.02021254   0.00311955     0.00113589   0.00478076
  0.00113589   0.00478076     0.00113589   0.00478076    -0.02021254   0.00311955
    7    2
 -0.00975822  -0.00322602    -0.01047635  -0.00265431     0.01047635   0.00265431
 -0.01047635  -0.00265431    -0.00975822  -0.00322602     0.01047635   0.00265431
  0.01047635   0.00265431     0.01047635   0.00265431    -0.00975822  -0.00322602
    7    3
  0.00483428  -0.00179087     0.00352596  -0.00388803    -0.00352596   0.00388803
  0.00352596  -0.00388803     0.00483428  -0.00179087    -0.00352596   0.00388803
 -0.00352596   0.00388803    -0.00352596   0.00388803     0.00483428  -0.00179087
    7    4
  0.00134640  -0.00120913    -0.00016728   0.00127552    -0.00110301  -0.00208227
 -0.00016728   0.00127552     0.00134640  -0.00120913    -0.00110301  -0.00208227
  0.00202116  -0.00027034     0.00202116  -0.00027034    -0.00616621  -0.00126833
    7    5
  0.00344420  -0.00165393    -0.00138844  -0.00052131     0.00002067  -0.00149214
 -0.00138844  -0.00052131     0.00344420  -0.00165393     0.00002067  -0.00149214
 -0.00072924  -0.00006366    -0.00072924  -0.00006366    -0.00231484   0.00395332
    7    6
 -0.00389655  -0.00106439    -0.00184255  -0.00051815     0.00184255   0.00051815
 -0.00184255  -0.00051815    -0.00389655  -0.00106439     0.00184255   0.00051815
  0.00184255   0.00051815     0.00184255   0.00051815    -0.00389655  -0.00106439
    7    7
  0.02390996  -0.00000000     0.00455364   0.00000000    -0.00455364  -0.00000000
  0.00455364   0.00000000     0.02390996  -0.00000000    -0.00455364  -0.00000000
 -0.00455364  -0.00000000    -0.00455364  -0.00000000     0.02390996  -0.00000000
    7    8
 -0.00616621  -0.00126833    -0.00202116   0.00027034     0.00202116  -0.00027034
  0.00110301   0.00208227     0.00134640  -0.00120913     0.00016728  -0.00127552
 -0.00110301  -0.00208227     0.00016728  -0.00127552     0.00134640  -0.00120913
    7    9
 -0.00231484   0.00395332     0.00072924   0.00006366    -0.00072924  -0.00006366
 -0.00002067   0.00149214     0.00344420  -0.00165393     0.00138844   0.00052131
  0.00002067  -0.00149214     0.00138844   0.00052131     0.00344420  -0.00165393
    7   10
  0.00134640  -0.00120913     0.00110301   0.00208227     0.00016728  -0.00127552
 -0.00202116   0.00027034    -0.00616621  -0.00126833     0.00202116  -0.00027034
  0.00016728  -0.00127552    -0.00110301  -0.00208227     0.00134640  -0.00120913
    7   11
  0.00344420  -0.00165393    -0.00002067   0.00149214     0.00138844   0.00052131
  0.00072924   0.00006366    -0.00231484   0.00395332    -0.00072924  -0.00006366
  0.00138844   0.00052131     0.00002067  -0.00149214     0.00344420  -0.00165393
    8    1
  0.00033946  -0.01646090    -0.00531594  -0.00498882     0.00531594   0.00498882
 -0.00633238  -0.00110892    -0.01431555   0.00265746    -0.00447688  -0.00510113
  0.00633238   0.00110892    -0.00447688  -0.00510113    -0.01431555   0.00265746
    8    2
 -0.00034935   0.00191282    -0.00229386   0.00173851     0.00229386  -0.00173851
  0.00151440   0.00406188    -0.00291233   0.00114765    -0.00099999  -0.00238001
 -0.00151440  -0.00406188    -0.00099999  -0.00238001    -0.00291233   0.00114765
    8    3
 -0.00357517  -0.00227486     0.00344534  -0.00298488    -0.00344534   0.00298488
  0.00347871   0.00212612    -0.00616033   0.00404883     0.00612815   0.00006715
 -0.00347871  -0.00212612     0.00612815   0.00006715    -0.00616033   0.00404883
    8    4
  0.00065309   0.00226231     0.00012073   0.00009289     0.00009056   0.00000000
  0.00026747  -0.00221087     0.00465809  -0.00000000    -0.00012073   0.00009289
  0.00014544  -0.00000000    -0.00026747  -0.00221087     0.00065309  -0.00226231
    8    5
  0.00195093   0.00250527     0.00039128  -0.00067596    -0.00079578  -0.00201583
 -0.00385772  -0.00002788     0.00542346  -0.00854323    -0.00039128   0.00067596
  0.00489350   0.00000995     0.00385772   0.00002788     0.00195093   0.00250527
    8    6
 -0.00231484   0.00395332    -0.00002067   0.00149214     0.00002067  -0.00149214
  0.00072924   0.00006366     0.00344420  -0.00165393     0.00138844   0.00052131
 -0.00072924  -0.00006366     0.00138844   0.00052131     0.00344420  -0.00165393
    8    7
 -0.00616621   0.00126833     0.00110301  -0.00208227    -0.00110301   0.00208227
 -0.00202116  -0.00027034     0.00134640   0.00120913     0.00016728   0.00127552
  0.00202116   0.00027034     0.00016728   0.00127552     0.00134640   0.00120913
    8    8
  0.01601169   0.00000000     0.00200231   0.00119387    -0.00200231  -0.00119387
  0.00200231  -0.00119387     0.02290472  -0.00000000    -0.00198565   0.00000000
 -0.00200231   0.00119387    -0.00198565   0.00000000     0.02290472  -0.00000000
    8    9
 -0.00036501  -0.00071060    -0.00035163  -0.00006135     0.00035163   0.00006135
 -0.00035163  -0.00006135     0.00230736   0.00008592    -0.00089741  -0.00034222
  0.00035163   0.00006135    -0.00089741  -0.00034222     0.00230736   0.00008592
    8   10
  0.00065309   0.00226231    -0.00009056   0.00000000    -0.00012073  -0.00009289
 -0.00014544   0.00000000     0.00065309  -0.00226231    -0.00026747  -0.00221087
 -0.00026747   0.00221087    -0.00012073   0.00009289     0.00465809  -0.00000000
    8   11
  0.00195093   0.00250527     0.00079578   0.00201583    -0.00039128   0.00067596
 -0.00489350  -0.00000995     0.00195093   0.00250527     0.00385772   0.00002788
  0.00385772   0.00002788    -0.00039128   0.00067596     0.00542346  -0.00854323
    9    1
  0.00033946   0.01646090    -0.00531594   0.00498882     0.00531594  -0.00498882
 -0.00633238   0.00110892    -0.01431555  -0.00265746    -0.00447688   0.00510113
  0.00633238  -0.00110892    -0.00447688   0.00510113    -0.01431555  -0.00265746
    9    2
 -0.00357517   0.00227486     0.00344534   0.00298488    -0.00344534  -0.00298488
  0.00347871  -0.00212612    -0.00616033  -0.00404883     0.00612815  -0.00006715
 -0.00347871   0.00212612     0.00612815  -0.00006715    -0.00616033  -0.00404883
    9    3
 -0.00034935  -0.00191282    -0.00229386  -0.00173851     0.00229386   0.00173851
  0.00151440  -0.00406188    -0.00291233  -0.00114765    -0.00099999   0.00238001
 -0.00151440   0.00406188    -0.00099999   0.00238001    -0.00291233  -0.00114765
    9    4
  0.00195093  -0.00250527     0.00039128   0.00067596    -0.00079578   0.00201583
 -0.00385772   0.00002788     0.00542346   0.00854323    -0.00039128  -0.00067596
  0.00489350  -0.00000995     0.00385772  -0.00002788     0.00195093  -0.00250527
    9    5
  0.00065309  -0.00226231     0.00012073  -0.00009289     0.00009056  -0.00000000
  0.00026747   0.00221087     0.00465809  -0.00000000    -0.00012073  -0.00009289
  0.00014544   0.00000000    -0.00026747   0.00221087     0.00065309   0.00226231
    9    6
 -0.00616621  -0.00126833     0.00110301   0.00208227    -0.00110301  -0.00208227
 -0.00202116   0.00027034     0.00134640  -0.00120913     0.00016728  -0.00127552
  0.00202116  -0.00027034     0.00016728  -0.00127552     0.00134640  -0.00120913
    9    7
 -0.00231484  -0.00395332    -0.00002067  -0.00149214     0.00002067   0.00149214
  0.00072924  -0.00006366     0.00344420   0.00165393     0.00138844  -0.00052131
 -0.00072924   0.00006366     0.00138844  -0.00052131     0.00344420   0.00165393
    9    8
 -0.00036501   0.00071060    -0.00035163   0.00006135     0.00035163  -0.00006135
 -0.00035163   0.00006135     0.00230736  -0.00008592    -0.00089741   0.00034222
  0.00035163  -0.00006135    -0.00089741   0.00034222     0.00230736  -0.00008592
    9    9
  0.01601169  -0.00000000     0.00200231  -0.00119387    -0.00200231   0.00119387
  0.00200231   0.00119387     0.02290472   0.00000000    -0.00198565  -0.00000000
 -0.00200231  -0.00119387    -0.00198565  -0.00000000     0.02290472   0.00000000
    9   10
  0.00195093  -0.00250527     0.00079578  -0.00201583    -0.00039128  -0.00067596
 -0.00489350   0.00000995     0.00195093  -0.00250527     0.00385772  -0.00002788
  0.00385772  -0.00002788    -0.00039128  -0.00067596     0.00542346   0.00854323
    9   11
  0.00065309  -0.00226231    -0.00009056  -0.00000000    -0.00012073   0.00009289
 -0.00014544   0.00000000     0.00065309   0.00226231    -0.00026747   0.00221087
 -0.00026747  -0.00221087    -0.00012073  -0.00009289     0.00465809   0.00000000
   10    1
 -0.01431555   0.00265746    -0.00633238  -0.00110892    -0.00447688  -0.00510113
 -0.00531594  -0.00498882     0.00033946  -0.01646090     0.00531594   0.00498882
 -0.00447688  -0.00510113     0.00633238   0.00110892    -0.01431555   0.00265746
   10    2
 -0.00291233   0.00114765     0.00151440   0.00406188    -0.00099999  -0.00238001
 -0.00229386   0.00173851    -0.00034935   0.00191282     0.00229386  -0.00173851
 -0.00099999  -0.00238001    -0.00151440  -0.00406188    -0.00291233   0.00114765
   10    3
 -0.00616033   0.00404883     0.00347871   0.00212612     0.00612815   0.00006715
  0.00344534  -0.00298488    -0.00357517  -0.00227486    -0.00344534   0.00298488
  0.00612815   0.00006715    -0.00347871  -0.00212612    -0.00616033   0.00404883
   10    4
  0.00465809  -0.00000000     0.00026747  -0.00221087    -0.00012073   0.00009289
  0.00012073   0.00009289     0.00065309   0.00226231     0.00009056  -0.00000000
 -0.00026747  -0.00221087     0.00014544  -0.00000000     0.00065309  -0.00226231
   10    5
  0.00542346  -0.00854323    -0.00385772  -0.00002788    -0.00039128   0.00067596
  0.00039128  -0.00067596     0.00195093   0.00250527    -0.00079578  -0.00201583
  0.00385772   0.00002788     0.00489350   0.00000995     0.00195093   0.00250527
   10    6
  0.00344420  -0.00165393     0.00072924   0.00006366     0.00138844   0.00052131
 -0.00002067   0.00149214    -0.00231484   0.00395332     0.00002067  -0.00149214
  0.00138844   0.00052131    -0.00072924  -0.00006366     0.00344420  -0.00165393
   10    7
  0.00134640   0.00120913    -0.00202116  -0.00027034     0.00016728   0.00127552
  0.00110301  -0.00208227    -0.00616621   0.00126833    -0.00110301   0.00208227
  0.00016728   0.00127552     0.00202116   0.00027034     0.00134640   0.00120913
   10    8
  0.00065309  -0.00226231    -0.00014544  -0.00000000    -0.00026747  -0.00221087
 -0.00009056  -0.00000000     0.00065309   0.00226231    -0.00012073  -0.00009289
 -0.00012073   0.00009289    -0.00026747   0.00221087     0.00465809  -0.00000000
   10    9
  0.00195093   0.00250527    -0.00489350  -0.00000995     0.00385772   0.00002788
  0.00079578   0.00201583     0.00195093   0.00250527    -0.00039128   0.00067596
 -0.00039128   0.00067596     0.00385772   0.00002788     0.00542346  -0.00854323
   10   10
  0.02290472   0.00000000     0.00200231  -0.00119387    -0.00198565  -0.00000000
  0.00200231   0.00119387     0.01601169  -0.00000000    -0.00200231  -0.00119387
 -0.00198565  -0.00000000    -0.00200231   0.00119387     0.02290472   0.00000000
   10   11
  0.00230736   0.00008592    -0.00035163  -0.00006135    -0.00089741  -0.00034222
 -0.00035163  -0.00006135    -0.00036501  -0.00071060     0.00035163   0.00006135
 -0.00089741  -0.00034222     0.00035163   0.00006135     0.00230736   0.00008592
   11    1
 -0.01431555  -0.00265746    -0.00633238   0.00110892    -0.00447688   0.00510113
 -0.00531594   0.00498882     0.00033946   0.01646090     0.00531594  -0.00498882
 -0.00447688   0.00510113     0.00633238  -0.00110892    -0.01431555  -0.00265746
   11    2
 -0.00616033  -0.00404883     0.00347871  -0.00212612     0.00612815  -0.00006715
  0.00344534   0.00298488    -0.00357517   0.00227486    -0.00344534  -0.00298488
  0.00612815  -0.00006715    -0.00347871   0.00212612    -0.00616033  -0.00404883
   11    3
 -0.00291233  -0.00114765     0.00151440  -0.00406188    -0.00099999   0.00238001
 -0.00229386  -0.00173851    -0.00034935  -0.00191282     0.00229386   0.00173851
 -0.00099999   0.00238001    -0.00151440   0.00406188    -0.00291233  -0.00114765
   11    4
  0.00542346   0.00854323    -0.00385772   0.00002788    -0.00039128  -0.00067596
  0.00039128   0.00067596     0.00195093  -0.00250527    -0.00079578   0.00201583
  0.00385772  -0.00002788     0.00489350  -0.00000995     0.00195093  -0.00250527
   11    5
  0.00465809   0.00000000     0.00026747   0.00221087    -0.00012073  -0.00009289
  0.00012073  -0.00009289     0.00065309  -0.00226231     0.00009056   0.00000000
 -0.00026747   0.00221087     0.00014544   0.00000000     0.00065309   0.00226231
   11    6
  0.00134640  -0.00120913    -0.00202116   0.00027034     0.00016728  -0.00127552
  0.00110301   0.00208227    -0.00616621  -0.00126833    -0.00110301  -0.00208227
  0.00016728  -0.00127552     0.00202116  -0.00027034     0.00134640  -0.00120913
   11    7
  0.00344420   0.00165393     0.00072924  -0.00006366     0.00138844  -0.00052131
 -0.00002067  -0.00149214    -0.00231484  -0.00395332     0.00002067   0.00149214
  0.00138844  -0.00052131    -0.00072924   0.00006366     0.00344420   0.00165393
   11    8
  0.00195093  -0.00250527    -0.00489350   0.00000995     0.00385772  -0.00002788
  0.00079578  -0.00201583     0.00195093  -0.00250527    -0.00039128  -0.00067596
 -0.00039128  -0.00067596     0.00385772  -0.00002788     0.00542346   0.00854323
   11    9
  0.00065309   0.00226231    -0.00014544   0.00000000    -0.00026747   0.00221087
 -0.00009056   0.00000000     0.00065309  -0.00226231    -0.00012073   0.00009289
 -0.00012073  -0.00009289    -0.00026747  -0.00221087     0.00465809   0.00000000
   11   10
  0.00230736  -0.00008592    -0.00035163   0.00006135    -0.00089741   0.00034222
 -0.00035163   0.00006135    -0.00036501   0.00071060     0.00035163  -0.00006135
 -0.00089741   0.00034222     0.00035163  -0.00006135     0.00230736  -0.00008592
   11   11
  0.02290472  -0.00000000     0.00200231   0.00119387    -0.00198565   0.00000000
  0.00200231  -0.00119387     0.01601169   0.00000000    -0.00200231   0.00119387
 -0.00198565   0.00000000    -0.00200231  -0.00119387     0.02290472  -0.00000000

     Dynamical  Matrix in cartesian axes

     q = (    0.235702260  -0.235702260  -0.235702260 ) 

    1    1
  0.11768963   0.00000000    -0.02487497   0.00000000    -0.02487497   0.00000000
 -0.02487497   0.00000000     0.11768963   0.00000000     0.02487497   0.00000000
 -0.02487497   0.00000000     0.02487497   0.00000000     0.11768963   0.00000000
    1    2
  0.00576762   0.00423522    -0.01290576  -0.00970646    -0.01290576  -0.00970646
 -0.01290576  -0.00970646     0.00576762   0.00423522     0.01290576   0.00970646
 -0.01290576  -0.00970646     0.01290576   0.00970646     0.00576762   0.00423522
    1    3
  0.00576762  -0.00423522    -0.01290576   0.00970646    -0.01290576   0.00970646
 -0.01290576   0.00970646     0.00576762  -0.00423522     0.01290576  -0.00970646
 -0.01290576   0.00970646     0.01290576  -0.00970646     0.00576762  -0.00423522
    1    4
  0.00033946  -0.01646090     0.00633238   0.00110892     0.00633238   0.00110892
  0.00531594   0.00498882    -0.01431555   0.00265746     0.00447688   0.00510113
  0.00531594   0.00498882     0.00447688   0.00510113    -0.01431555   0.00265746
    1    5
  0.00033946   0.01646090     0.00633238  -0.00110892     0.00633238  -0.00110892
  0.00531594  -0.00498882    -0.01431555  -0.00265746     0.00447688  -0.00510113
  0.00531594  -0.00498882     0.00447688  -0.00510113    -0.01431555  -0.00265746
    1    6
 -0.01431555   0.00265746     0.00531594   0.00498882    -0.00447688  -0.00510113
  0.00633238   0.00110892     0.00033946  -0.01646090    -0.00633238  -0.00110892
 -0.00447688  -0.00510113    -0.00531594  -0.00498882    -0.01431555   0.00265746
    1    7
 -0.01431555  -0.00265746     0.00531594  -0.00498882    -0.00447688   0.00510113
  0.00633238  -0.00110892     0.00033946   0.01646090    -0.00633238   0.00110892
 -0.00447688   0.00510113    -0.00531594   0.00498882    -0.01431555  -0.00265746
    1    8
 -0.01431555   0.00265746    -0.00447688  -0.00510113     0.00531594   0.00498882
 -0.00447688  -0.00510113    -0.01431555   0.00265746    -0.00531594  -0.00498882
  0.00633238   0.00110892    -0.00633238  -0.00110892     0.00033946  -0.01646090
    1    9
 -0.01431555  -0.00265746    -0.00447688   0.00510113     0.00531594  -0.00498882
 -0.00447688   0.00510113    -0.01431555  -0.00265746    -0.00531594   0.00498882
  0.00633238  -0.00110892    -0.00633238   0.00110892     0.00033946   0.01646090
    1   10
 -0.02021254  -0.00311955     0.00113589  -0.00478076     0.00113589  -0.00478076
  0.00113589  -0.00478076    -0.02021254  -0.00311955    -0.00113589   0.00478076
  0.00113589  -0.00478076    -0.00113589   0.00478076    -0.02021254  -0.00311955
    1   11
 -0.02021254   0.00311955     0.00113589   0.00478076     0.00113589   0.00478076
  0.00113589   0.00478076    -0.02021254   0.00311955    -0.00113589  -0.00478076
  0.00113589   0.00478076    -0.00113589  -0.00478076    -0.02021254   0.00311955
    2    1
  0.00576762  -0.00423522    -0.01290576   0.00970646    -0.01290576   0.00970646
 -0.01290576   0.00970646     0.00576762  -0.00423522     0.01290576  -0.00970646
 -0.01290576   0.00970646     0.01290576  -0.00970646     0.00576762  -0.00423522
    2    2
  0.02927105   0.00000000    -0.01036262   0.00000000    -0.01036262   0.00000000
 -0.01036262   0.00000000     0.02927105   0.00000000     0.01036262  -0.00000000
 -0.01036262   0.00000000     0.01036262  -0.00000000     0.02927105   0.00000000
    2    3
 -0.00470289  -0.00691831     0.00163883   0.00669156     0.00163883   0.00669156
  0.00163883   0.00669156    -0.00470289  -0.00691831    -0.00163883  -0.00669156
  0.00163883   0.00669156    -0.00163883  -0.00669156    -0.00470289  -0.00691831
    2    4
 -0.00034935   0.00191282    -0.00151440  -0.00406188    -0.00151440  -0.00406188
  0.00229386  -0.00173851    -0.00291233   0.00114765     0.00099999   0.00238001
  0.00229386  -0.00173851     0.00099999   0.00238001    -0.00291233   0.00114765
    2    5
 -0.00357517   0.00227486    -0.00347871   0.00212612    -0.00347871   0.00212612
 -0.00344534  -0.00298488    -0.00616033  -0.00404883    -0.00612815   0.00006715
 -0.00344534  -0.00298488    -0.00612815   0.00006715    -0.00616033  -0.00404883
    2    6
 -0.00291233   0.00114765     0.00229386  -0.00173851    -0.00099999  -0.00238001
 -0.00151440  -0.00406188    -0.00034935   0.00191282     0.00151440   0.00406188
 -0.00099999  -0.00238001    -0.00229386   0.00173851    -0.00291233   0.00114765
    2    7
 -0.00616033  -0.00404883    -0.00344534  -0.00298488     0.00612815  -0.00006715
 -0.00347871   0.00212612    -0.00357517   0.00227486     0.00347871  -0.00212612
  0.00612815  -0.00006715     0.00344534   0.00298488    -0.00616033  -0.00404883
    2    8
 -0.00291233   0.00114765    -0.00099999  -0.00238001     0.00229386  -0.00173851
 -0.00099999  -0.00238001    -0.00291233   0.00114765    -0.00229386   0.00173851
 -0.00151440  -0.00406188     0.00151440   0.00406188    -0.00034935   0.00191282
    2    9
 -0.00616033  -0.00404883     0.00612815  -0.00006715    -0.00344534  -0.00298488
  0.00612815  -0.00006715    -0.00616033  -0.00404883     0.00344534   0.00298488
 -0.00347871   0.00212612     0.00347871  -0.00212612    -0.00357517   0.00227486
    2   10
  0.00483428   0.00179087    -0.00352596  -0.00388803    -0.00352596  -0.00388803
 -0.00352596  -0.00388803     0.00483428   0.00179087     0.00352596   0.00388803
 -0.00352596  -0.00388803     0.00352596   0.00388803     0.00483428   0.00179087
    2   11
 -0.00975822  -0.00322602     0.01047635   0.00265431     0.01047635   0.00265431
  0.01047635   0.00265431    -0.00975822  -0.00322602    -0.01047635  -0.00265431
  0.01047635   0.00265431    -0.01047635  -0.00265431    -0.00975822  -0.00322602
    3    1
  0.00576762   0.00423522    -0.01290576  -0.00970646    -0.01290576  -0.00970646
 -0.01290576  -0.00970646     0.00576762   0.00423522     0.01290576   0.00970646
 -0.01290576  -0.00970646     0.01290576   0.00970646     0.00576762   0.00423522
    3    2
 -0.00470289   0.00691831     0.00163883  -0.00669156     0.00163883  -0.00669156
  0.00163883  -0.00669156    -0.00470289   0.00691831    -0.00163883   0.00669156
  0.00163883  -0.00669156    -0.00163883   0.00669156    -0.00470289   0.00691831
    3    3
  0.02927105  -0.00000000    -0.01036262  -0.00000000    -0.01036262  -0.00000000
 -0.01036262  -0.00000000     0.02927105  -0.00000000     0.01036262   0.00000000
 -0.01036262  -0.00000000     0.01036262   0.00000000     0.02927105  -0.00000000
    3    4
 -0.00357517  -0.00227486    -0.00347871  -0.00212612    -0.00347871  -0.00212612
 -0.00344534   0.00298488    -0.00616033   0.00404883    -0.00612815  -0.00006715
 -0.00344534   0.00298488    -0.00612815  -0.00006715    -0.00616033   0.00404883
    3    5
 -0.00034935  -0.00191282    -0.00151440   0.00406188    -0.00151440   0.00406188
  0.00229386   0.00173851    -0.00291233  -0.00114765     0.00099999  -0.00238001
  0.00229386   0.00173851     0.00099999  -0.00238001    -0.00291233  -0.00114765
    3    6
 -0.00616033   0.00404883    -0.00344534   0.00298488     0.00612815   0.00006715
 -0.00347871  -0.00212612    -0.00357517  -0.00227486     0.00347871   0.00212612
  0.00612815   0.00006715     0.00344534  -0.00298488    -0.00616033   0.00404883
    3    7
 -0.00291233  -0.00114765     0.00229386   0.00173851    -0.00099999   0.00238001
 -0.00151440   0.00406188    -0.00034935  -0.00191282     0.00151440  -0.00406188
 -0.00099999   0.00238001    -0.00229386  -0.00173851    -0.00291233  -0.00114765
    3    8
 -0.00616033   0.00404883     0.00612815   0.00006715    -0.00344534   0.00298488
  0.00612815   0.00006715    -0.00616033   0.00404883     0.00344534  -0.00298488
 -0.00347871  -0.00212612     0.00347871   0.00212612    -0.00357517  -0.00227486
    3    9
 -0.00291233  -0.00114765    -0.00099999   0.00238001     0.00229386   0.00173851
 -0.00099999   0.00238001    -0.00291233  -0.00114765    -0.00229386  -0.00173851
 -0.00151440   0.00406188     0.00151440  -0.00406188    -0.00034935  -0.00191282
    3   10
 -0.00975822   0.00322602     0.01047635  -0.00265431     0.01047635  -0.00265431
  0.01047635  -0.00265431    -0.00975822   0.00322602    -0.01047635   0.00265431
  0.01047635  -0.00265431    -0.01047635   0.00265431    -0.00975822   0.00322602
    3   11
  0.00483428  -0.00179087    -0.00352596   0.00388803    -0.00352596   0.00388803
 -0.00352596   0.00388803     0.00483428  -0.00179087     0.00352596  -0.00388803
 -0.00352596   0.00388803     0.00352596  -0.00388803     0.00483428  -0.00179087
    4    1
  0.00033946   0.01646090     0.00531594  -0.00498882     0.00531594  -0.00498882
