  4.000000000000000E-002   1.62541921959059        5.08886714123503     
           3

     Dynamical  Matrix in cartesian axes

     q = (   -0.707106781   0.000000000   0.000000000 ) 

    1    1
  0.20821986   0.00000000     0.00000000   0.00000000    -0.00000000   0.00000000
  0.00000000   0.00000000     0.08504925   0.00000000     0.00000000   0.00000000
 -0.00000000   0.00000000     0.00000000   0.00000000     0.08504925   0.00000000
    1    2
  0.00000000  -0.00000000    -0.00000000  -0.00000000    -0.00000000  -0.00000000
  0.00000000  -0.00000000    -0.00000000  -0.00000000    -0.02425311  -0.00000000
  0.00000000  -0.00000000    -0.02425311  -0.00000000     0.00000000  -0.00000000
    1    3
  0.00000000   0.00000000     0.00000000   0.00000000    -0.00000000   0.00000000
 -0.00000000  -0.00000000     0.00000000   0.00000000    -0.02425311   0.00000000
  0.00000000  -0.00000000    -0.02425311   0.00000000     0.00000000   0.00000000
    1    4
  0.00202181  -0.00000000     0.01462926  -0.00000000     0.01462926  -0.00000000
  0.00151444  -0.00000000     0.00458133  -0.00000000     0.00259837  -0.00000000
  0.00151444  -0.00000000     0.00259837  -0.00000000     0.00458133  -0.00000000
    1    5
  0.00202181  -0.00000000     0.01462926  -0.00000000     0.01462926  -0.00000000
  0.00151444  -0.00000000     0.00458133  -0.00000000     0.00259837  -0.00000000
  0.00151444  -0.00000000     0.00259837  -0.00000000     0.00458133  -0.00000000
    1    6
 -0.00202181   0.00000000    -0.01462926   0.00000000     0.01462926  -0.00000000
 -0.00151444   0.00000000    -0.00458133   0.00000000     0.00259837  -0.00000000
  0.00151444  -0.00000000     0.00259837  -0.00000000    -0.00458133   0.00000000
    1    7
 -0.00202181   0.00000000    -0.01462926   0.00000000     0.01462926  -0.00000000
 -0.00151444   0.00000000    -0.00458133   0.00000000     0.00259837  -0.00000000
  0.00151444  -0.00000000     0.00259837  -0.00000000    -0.00458133   0.00000000
    1    8
 -0.00202181   0.00000000     0.01462926  -0.00000000    -0.01462926   0.00000000
  0.00151444  -0.00000000    -0.00458133   0.00000000     0.00259837  -0.00000000
 -0.00151444   0.00000000     0.00259837  -0.00000000    -0.00458133   0.00000000
    1    9
 -0.00202181   0.00000000     0.01462926  -0.00000000    -0.01462926   0.00000000
  0.00151444  -0.00000000    -0.00458133   0.00000000     0.00259837  -0.00000000
 -0.00151444   0.00000000     0.00259837  -0.00000000    -0.00458133   0.00000000
    1   10
  0.00202181  -0.00000000    -0.01462926   0.00000000    -0.01462926   0.00000000
 -0.00151444   0.00000000     0.00458133  -0.00000000     0.00259837  -0.00000000
 -0.00151444   0.00000000     0.00259837  -0.00000000     0.00458133  -0.00000000
    1   11
  0.00202181  -0.00000000    -0.01462926   0.00000000    -0.01462926   0.00000000
 -0.00151444   0.00000000     0.00458133  -0.00000000     0.00259837  -0.00000000
 -0.00151444   0.00000000     0.00259837  -0.00000000     0.00458133  -0.00000000
    2    1
  0.00000000   0.00000000     0.00000000  -0.00000000     0.00000000   0.00000000
 -0.00000000   0.00000000     0.00000000   0.00000000    -0.02425311   0.00000000
 -0.00000000  -0.00000000    -0.02425311   0.00000000    -0.00000000   0.00000000
    2    2
  0.07807715   0.00000000     0.00000000   0.00000000     0.00000000   0.00000000
 -0.00000000   0.00000000     0.06042452   0.00000000    -0.00000000   0.00000000
  0.00000000   0.00000000    -0.00000000   0.00000000     0.06042452   0.00000000
    2    3
  0.00032481  -0.00000000    -0.00000000   0.00000000    -0.00000000   0.00000000
 -0.00000000   0.00000000    -0.02997095   0.00000000     0.00000000   0.00000000
 -0.00000000   0.00000000     0.00000000   0.00000000    -0.02997095   0.00000000
    2    4
 -0.01087601   0.00000000     0.00117668  -0.00000000     0.00117668  -0.00000000
  0.01390812  -0.00000000     0.00913164  -0.00000000     0.01740140  -0.00000000
  0.01390812  -0.00000000     0.01740140  -0.00000000     0.00913164  -0.00000000
    2    5
  0.00299291  -0.00000000    -0.01583433   0.00000000    -0.01583433   0.00000000
 -0.01586781   0.00000000    -0.01877945   0.00000000    -0.02099022   0.00000000
 -0.01586781   0.00000000    -0.02099022   0.00000000    -0.01877945   0.00000000
    2    6
 -0.01087601   0.00000000     0.00117668  -0.00000000    -0.00117668   0.00000000
  0.01390812  -0.00000000     0.00913164  -0.00000000    -0.01740140   0.00000000
 -0.01390812   0.00000000    -0.01740140   0.00000000     0.00913164  -0.00000000
    2    7
  0.00299291  -0.00000000    -0.01583433   0.00000000     0.01583433  -0.00000000
 -0.01586781   0.00000000    -0.01877945   0.00000000     0.02099022  -0.00000000
  0.01586781  -0.00000000     0.02099022  -0.00000000    -0.01877945   0.00000000
    2    8
 -0.01087601   0.00000000    -0.00117668   0.00000000     0.00117668  -0.00000000
 -0.01390812   0.00000000     0.00913164  -0.00000000    -0.01740140   0.00000000
  0.01390812  -0.00000000    -0.01740140   0.00000000     0.00913164  -0.00000000
    2    9
  0.00299291  -0.00000000     0.01583433  -0.00000000    -0.01583433   0.00000000
  0.01586781  -0.00000000    -0.01877945   0.00000000     0.02099022  -0.00000000
 -0.01586781   0.00000000     0.02099022  -0.00000000    -0.01877945   0.00000000
    2   10
 -0.01087601   0.00000000    -0.00117668   0.00000000    -0.00117668   0.00000000
 -0.01390812   0.00000000     0.00913164  -0.00000000     0.01740140  -0.00000000
 -0.01390812   0.00000000     0.01740140  -0.00000000     0.00913164  -0.00000000
    2   11
  0.00299291  -0.00000000     0.01583433  -0.00000000     0.01583433  -0.00000000
  0.01586781  -0.00000000    -0.01877945   0.00000000    -0.02099022   0.00000000
  0.01586781  -0.00000000    -0.02099022   0.00000000    -0.01877945   0.00000000
    3    1
 -0.00000000  -0.00000000     0.00000000   0.00000000    -0.00000000   0.00000000
  0.00000000   0.00000000    -0.00000000  -0.00000000    -0.02425311  -0.00000000
 -0.00000000   0.00000000    -0.02425311  -0.00000000     0.00000000  -0.00000000
    3    2
  0.00032481   0.00000000    -0.00000000  -0.00000000    -0.00000000  -0.00000000
 -0.00000000   0.00000000    -0.02997095  -0.00000000     0.00000000  -0.00000000
 -0.00000000  -0.00000000     0.00000000  -0.00000000    -0.02997095  -0.00000000
    3    3
  0.07807715   0.00000000     0.00000000   0.00000000    -0.00000000   0.00000000
  0.00000000   0.00000000     0.06042452   0.00000000    -0.00000000   0.00000000
  0.00000000   0.00000000    -0.00000000   0.00000000     0.06042452   0.00000000
    3    4
  0.00299291  -0.00000000    -0.01583433   0.00000000    -0.01583433   0.00000000
 -0.01586781   0.00000000    -0.01877945   0.00000000    -0.02099022   0.00000000
 -0.01586781   0.00000000    -0.02099022   0.00000000    -0.01877945   0.00000000
    3    5
 -0.01087601   0.00000000     0.00117668  -0.00000000     0.00117668  -0.00000000
  0.01390812  -0.00000000     0.00913164  -0.00000000     0.01740140  -0.00000000
  0.01390812  -0.00000000     0.01740140  -0.00000000     0.00913164  -0.00000000
    3    6
  0.00299291  -0.00000000    -0.01583433   0.00000000     0.01583433  -0.00000000
 -0.01586781   0.00000000    -0.01877945   0.00000000     0.02099022  -0.00000000
  0.01586781  -0.00000000     0.02099022  -0.00000000    -0.01877945   0.00000000
    3    7
 -0.01087601  -0.00000000     0.00117668   0.00000000    -0.00117668  -0.00000000
  0.01390812   0.00000000     0.00913164   0.00000000    -0.01740140  -0.00000000
 -0.01390812  -0.00000000    -0.01740140  -0.00000000     0.00913164   0.00000000
    3    8
  0.00299291  -0.00000000     0.01583433  -0.00000000    -0.01583433   0.00000000
  0.01586781  -0.00000000    -0.01877945   0.00000000     0.02099022  -0.00000000
 -0.01586781   0.00000000     0.02099022  -0.00000000    -0.01877945   0.00000000
    3    9
 -0.01087601  -0.00000000    -0.00117668  -0.00000000     0.00117668   0.00000000
 -0.01390812  -0.00000000     0.00913164   0.00000000    -0.01740140  -0.00000000
  0.01390812   0.00000000    -0.01740140  -0.00000000     0.00913164   0.00000000
    3   10
  0.00299291  -0.00000000     0.01583433  -0.00000000     0.01583433  -0.00000000
  0.01586781  -0.00000000    -0.01877945   0.00000000    -0.02099022   0.00000000
  0.01586781  -0.00000000    -0.02099022   0.00000000    -0.01877945   0.00000000
    3   11
 -0.01087601   0.00000000    -0.00117668   0.00000000    -0.00117668   0.00000000
 -0.01390812   0.00000000     0.00913164  -0.00000000     0.01740140  -0.00000000
 -0.01390812   0.00000000     0.01740140  -0.00000000     0.00913164  -0.00000000
    4    1
  0.00202181   0.00000000     0.00151444   0.00000000     0.00151444   0.00000000
  0.01462926   0.00000000     0.00458133   0.00000000     0.00259837   0.00000000
  0.01462926   0.00000000     0.00259837   0.00000000     0.00458133   0.00000000
    4    2
 -0.01087601  -0.00000000     0.01390812   0.00000000     0.01390812   0.00000000
  0.00117668   0.00000000     0.00913164   0.00000000     0.01740140   0.00000000
  0.00117668   0.00000000     0.01740140   0.00000000     0.00913164   0.00000000
    4    3
  0.00299291   0.00000000    -0.01586781  -0.00000000    -0.01586781  -0.00000000
 -0.01583433  -0.00000000    -0.01877945  -0.00000000    -0.02099022  -0.00000000
 -0.01583433  -0.00000000    -0.02099022  -0.00000000    -0.01877945  -0.00000000
    4    4
  0.03947699   0.00000000     0.00291821   0.00000000     0.00291821   0.00000000
  0.00291821   0.00000000     0.04748280   0.00000000     0.01784014   0.00000000
  0.00291821   0.00000000     0.01784014   0.00000000     0.04748280   0.00000000
    4    5
 -0.00412398  -0.00000000    -0.00653752  -0.00000000    -0.00653752  -0.00000000
 -0.00653752  -0.00000000    -0.01659590  -0.00000000    -0.01265924  -0.00000000
 -0.00653752  -0.00000000    -0.01265924  -0.00000000    -0.01659590  -0.00000000
    4    6
  0.00123894   0.00000000    -0.00448121  -0.00000000     0.00026509   0.00000000
 -0.00448121  -0.00000000    -0.00349763  -0.00000000     0.00304173   0.00000000
 -0.00026509  -0.00000000    -0.00304173  -0.00000000    -0.00116193  -0.00000000
    4    7
 -0.00567443  -0.00000000     0.00351483   0.00000000    -0.00191175  -0.00000000
  0.00351483   0.00000000     0.00250202   0.00000000    -0.00150710  -0.00000000
  0.00191175   0.00000000     0.00150710   0.00000000     0.01567975   0.00000000
    4    8
  0.00123894   0.00000000     0.00026509   0.00000000    -0.00448121  -0.00000000
 -0.00026509  -0.00000000    -0.00116193  -0.00000000    -0.00304173  -0.00000000
 -0.00448121  -0.00000000     0.00304173   0.00000000    -0.00349763  -0.00000000
    4    9
 -0.00567443  -0.00000000    -0.00191175  -0.00000000     0.00351483   0.00000000
  0.00191175   0.00000000     0.01567975   0.00000000     0.00150710   0.00000000
  0.00351483   0.00000000    -0.00150710  -0.00000000     0.00250202   0.00000000
    4   10
 -0.01375351  -0.00000000     0.00798100   0.00000000     0.00798100   0.00000000
 -0.00798100   0.00000000     0.01002213  -0.00000000     0.01048922   0.00000000
 -0.00798100   0.00000000     0.01048922   0.00000000     0.01002213  -0.00000000
    4   11
 -0.00294791  -0.00000000    -0.01461205  -0.00000000    -0.01461205  -0.00000000
  0.01461205   0.00000000    -0.01635459  -0.00000000    -0.01121809  -0.00000000
  0.01461205   0.00000000    -0.01121809  -0.00000000    -0.01635459  -0.00000000
    5    1
  0.00202181   0.00000000     0.00151444   0.00000000     0.00151444   0.00000000
  0.01462926   0.00000000     0.00458133   0.00000000     0.00259837   0.00000000
  0.01462926   0.00000000     0.00259837   0.00000000     0.00458133   0.00000000
    5    2
  0.00299291   0.00000000    -0.01586781  -0.00000000    -0.01586781  -0.00000000
 -0.01583433  -0.00000000    -0.01877945  -0.00000000    -0.02099022  -0.00000000
 -0.01583433  -0.00000000    -0.02099022  -0.00000000    -0.01877945  -0.00000000
    5    3
 -0.01087601  -0.00000000     0.01390812   0.00000000     0.01390812   0.00000000
  0.00117668   0.00000000     0.00913164   0.00000000     0.01740140   0.00000000
  0.00117668   0.00000000     0.01740140   0.00000000     0.00913164   0.00000000
    5    4
 -0.00412398   0.00000000    -0.00653752   0.00000000    -0.00653752   0.00000000
 -0.00653752   0.00000000    -0.01659590   0.00000000    -0.01265924   0.00000000
 -0.00653752   0.00000000    -0.01265924   0.00000000    -0.01659590   0.00000000
    5    5
  0.03947699   0.00000000     0.00291821   0.00000000     0.00291821   0.00000000
  0.00291821   0.00000000     0.04748280   0.00000000     0.01784014   0.00000000
  0.00291821   0.00000000     0.01784014   0.00000000     0.04748280   0.00000000
    5    6
 -0.00567443   0.00000000     0.00351483  -0.00000000    -0.00191175   0.00000000
  0.00351483  -0.00000000     0.00250202  -0.00000000    -0.00150710   0.00000000
  0.00191175  -0.00000000     0.00150710  -0.00000000     0.01567975  -0.00000000
    5    7
  0.00123894   0.00000000    -0.00448121  -0.00000000     0.00026509   0.00000000
 -0.00448121  -0.00000000    -0.00349763  -0.00000000     0.00304173   0.00000000
 -0.00026509  -0.00000000    -0.00304173  -0.00000000    -0.00116193  -0.00000000
    5    8
 -0.00567443   0.00000000    -0.00191175   0.00000000     0.00351483  -0.00000000
  0.00191175  -0.00000000     0.01567975  -0.00000000     0.00150710  -0.00000000
  0.00351483  -0.00000000    -0.00150710   0.00000000     0.00250202  -0.00000000
    5    9
  0.00123894   0.00000000     0.00026509   0.00000000    -0.00448121  -0.00000000
 -0.00026509  -0.00000000    -0.00116193  -0.00000000    -0.00304173  -0.00000000
 -0.00448121  -0.00000000     0.00304173   0.00000000    -0.00349763  -0.00000000
    5   10
 -0.00294791   0.00000000    -0.01461205   0.00000000    -0.01461205   0.00000000
  0.01461205  -0.00000000    -0.01635459   0.00000000    -0.01121809   0.00000000
  0.01461205  -0.00000000    -0.01121809   0.00000000    -0.01635459   0.00000000
    5   11
 -0.01375351   0.00000000     0.00798100  -0.00000000     0.00798100  -0.00000000
 -0.00798100  -0.00000000     0.01002213   0.00000000     0.01048922  -0.00000000
 -0.00798100  -0.00000000     0.01048922  -0.00000000     0.01002213   0.00000000
    6    1
 -0.00202181  -0.00000000    -0.00151444  -0.00000000     0.00151444   0.00000000
 -0.01462926  -0.00000000    -0.00458133  -0.00000000     0.00259837   0.00000000
  0.01462926   0.00000000     0.00259837   0.00000000    -0.00458133  -0.00000000
    6    2
 -0.01087601  -0.00000000     0.01390812   0.00000000    -0.01390812  -0.00000000
  0.00117668   0.00000000     0.00913164   0.00000000    -0.01740140  -0.00000000
 -0.00117668  -0.00000000    -0.01740140  -0.00000000     0.00913164   0.00000000
    6    3
  0.00299291   0.00000000    -0.01586781  -0.00000000     0.01586781   0.00000000
 -0.01583433  -0.00000000    -0.01877945  -0.00000000     0.02099022   0.00000000
  0.01583433   0.00000000     0.02099022   0.00000000    -0.01877945  -0.00000000
    6    4
  0.00123894  -0.00000000    -0.00448121   0.00000000    -0.00026509   0.00000000
 -0.00448121   0.00000000    -0.00349763   0.00000000    -0.00304173   0.00000000
  0.00026509  -0.00000000     0.00304173  -0.00000000    -0.00116193   0.00000000
    6    5
 -0.00567443  -0.00000000     0.00351483   0.00000000     0.00191175   0.00000000
  0.00351483   0.00000000     0.00250202   0.00000000     0.00150710   0.00000000
 -0.00191175  -0.00000000    -0.00150710  -0.00000000     0.01567975   0.00000000
    6    6
  0.03947699   0.00000000     0.00291821   0.00000000    -0.00291821   0.00000000
  0.00291821   0.00000000     0.04748280   0.00000000    -0.01784014   0.00000000
 -0.00291821   0.00000000    -0.01784014   0.00000000     0.04748280   0.00000000
    6    7
 -0.00412398  -0.00000000    -0.00653752  -0.00000000     0.00653752   0.00000000
 -0.00653752  -0.00000000    -0.01659590  -0.00000000     0.01265924   0.00000000
  0.00653752   0.00000000     0.01265924   0.00000000    -0.01659590  -0.00000000
    6    8
 -0.01375351   0.00000000     0.00798100  -0.00000000    -0.00798100   0.00000000
 -0.00798100  -0.00000000     0.01002213  -0.00000000    -0.01048922   0.00000000
  0.00798100   0.00000000    -0.01048922   0.00000000     0.01002213  -0.00000000
    6    9
 -0.00294791  -0.00000000    -0.01461205  -0.00000000     0.01461205   0.00000000
  0.01461205   0.00000000    -0.01635459  -0.00000000     0.01121809   0.00000000
 -0.01461205  -0.00000000     0.01121809   0.00000000    -0.01635459  -0.00000000
    6   10
  0.00123894  -0.00000000     0.00026509  -0.00000000     0.00448121  -0.00000000
 -0.00026509   0.00000000    -0.00116193   0.00000000     0.00304173  -0.00000000
  0.00448121  -0.00000000    -0.00304173   0.00000000    -0.00349763   0.00000000
    6   11
 -0.00567443  -0.00000000    -0.00191175  -0.00000000    -0.00351483  -0.00000000
  0.00191175   0.00000000     0.01567975   0.00000000    -0.00150710  -0.00000000
 -0.00351483  -0.00000000     0.00150710   0.00000000     0.00250202   0.00000000
    7    1
 -0.00202181  -0.00000000    -0.00151444  -0.00000000     0.00151444   0.00000000
 -0.01462926  -0.00000000    -0.00458133  -0.00000000     0.00259837   0.00000000
  0.01462926   0.00000000     0.00259837   0.00000000    -0.00458133  -0.00000000
    7    2
  0.00299291   0.00000000    -0.01586781  -0.00000000     0.01586781   0.00000000
 -0.01583433  -0.00000000    -0.01877945  -0.00000000     0.02099022   0.00000000
  0.01583433   0.00000000     0.02099022   0.00000000    -0.01877945  -0.00000000
    7    3
 -0.01087601   0.00000000     0.01390812  -0.00000000    -0.01390812   0.00000000
  0.00117668  -0.00000000     0.00913164  -0.00000000    -0.01740140   0.00000000
 -0.00117668   0.00000000    -0.01740140   0.00000000     0.00913164  -0.00000000
    7    4
 -0.00567443   0.00000000     0.00351483  -0.00000000     0.00191175  -0.00000000
  0.00351483  -0.00000000     0.00250202  -0.00000000     0.00150710  -0.00000000
 -0.00191175   0.00000000    -0.00150710   0.00000000     0.01567975  -0.00000000
    7    5
  0.00123894  -0.00000000    -0.00448121   0.00000000    -0.00026509   0.00000000
 -0.00448121   0.00000000    -0.00349763   0.00000000    -0.00304173   0.00000000
  0.00026509  -0.00000000     0.00304173  -0.00000000    -0.00116193   0.00000000
    7    6
 -0.00412398   0.00000000    -0.00653752   0.00000000     0.00653752  -0.00000000
 -0.00653752   0.00000000    -0.01659590   0.00000000     0.01265924  -0.00000000
  0.00653752  -0.00000000     0.01265924  -0.00000000    -0.01659590   0.00000000
    7    7
  0.03947699   0.00000000     0.00291821   0.00000000    -0.00291821   0.00000000
  0.00291821   0.00000000     0.04748280   0.00000000    -0.01784014   0.00000000
 -0.00291821   0.00000000    -0.01784014   0.00000000     0.04748280   0.00000000
    7    8
 -0.00294791   0.00000000    -0.01461205   0.00000000     0.01461205  -0.00000000
  0.01461205  -0.00000000    -0.01635459   0.00000000     0.01121809  -0.00000000
 -0.01461205   0.00000000     0.01121809  -0.00000000    -0.01635459   0.00000000
    7    9
 -0.01375351   0.00000000     0.00798100   0.00000000    -0.00798100   0.00000000
 -0.00798100   0.00000000     0.01002213   0.00000000    -0.01048922   0.00000000
  0.00798100   0.00000000    -0.01048922   0.00000000     0.01002213   0.00000000
    7   10
 -0.00567443   0.00000000    -0.00191175   0.00000000    -0.00351483   0.00000000
  0.00191175  -0.00000000     0.01567975  -0.00000000    -0.00150710   0.00000000
 -0.00351483   0.00000000     0.00150710  -0.00000000     0.00250202  -0.00000000
    7   11
  0.00123894  -0.00000000     0.00026509  -0.00000000     0.00448121  -0.00000000
 -0.00026509   0.00000000    -0.00116193   0.00000000     0.00304173  -0.00000000
  0.00448121  -0.00000000    -0.00304173   0.00000000    -0.00349763   0.00000000
    8    1
 -0.00202181  -0.00000000     0.00151444   0.00000000    -0.00151444  -0.00000000
  0.01462926   0.00000000    -0.00458133  -0.00000000     0.00259837   0.00000000
 -0.01462926  -0.00000000     0.00259837   0.00000000    -0.00458133  -0.00000000
    8    2
 -0.01087601  -0.00000000    -0.01390812  -0.00000000     0.01390812   0.00000000
 -0.00117668  -0.00000000     0.00913164   0.00000000    -0.01740140  -0.00000000
  0.00117668   0.00000000    -0.01740140  -0.00000000     0.00913164   0.00000000
    8    3
  0.00299291   0.00000000     0.01586781   0.00000000    -0.01586781  -0.00000000
  0.01583433   0.00000000    -0.01877945  -0.00000000     0.02099022   0.00000000
 -0.01583433  -0.00000000     0.02099022   0.00000000    -0.01877945  -0.00000000
    8    4
  0.00123894  -0.00000000    -0.00026509   0.00000000    -0.00448121   0.00000000
  0.00026509  -0.00000000    -0.00116193   0.00000000     0.00304173  -0.00000000
 -0.00448121   0.00000000    -0.00304173   0.00000000    -0.00349763   0.00000000
    8    5
 -0.00567443  -0.00000000     0.00191175   0.00000000     0.00351483   0.00000000
 -0.00191175  -0.00000000     0.01567975   0.00000000    -0.00150710  -0.00000000
  0.00351483   0.00000000     0.00150710   0.00000000     0.00250202   0.00000000
    8    6
 -0.01375351   0.00000000    -0.00798100   0.00000000     0.00798100  -0.00000000
  0.00798100   0.00000000     0.01002213  -0.00000000    -0.01048922   0.00000000
 -0.00798100  -0.00000000    -0.01048922   0.00000000     0.01002213  -0.00000000
    8    7
 -0.00294791  -0.00000000     0.01461205   0.00000000    -0.01461205  -0.00000000
 -0.01461205  -0.00000000    -0.01635459  -0.00000000     0.01121809   0.00000000
  0.01461205   0.00000000     0.01121809   0.00000000    -0.01635459  -0.00000000
    8    8
  0.03947699   0.00000000    -0.00291821   0.00000000     0.00291821   0.00000000
 -0.00291821   0.00000000     0.04748280   0.00000000    -0.01784014   0.00000000
  0.00291821   0.00000000    -0.01784014   0.00000000     0.04748280   0.00000000
    8    9
 -0.00412398  -0.00000000     0.00653752   0.00000000    -0.00653752  -0.00000000
  0.00653752   0.00000000    -0.01659590  -0.00000000     0.01265924   0.00000000
 -0.00653752  -0.00000000     0.01265924   0.00000000    -0.01659590  -0.00000000
    8   10
  0.00123894  -0.00000000     0.00448121  -0.00000000     0.00026509  -0.00000000
  0.00448121  -0.00000000    -0.00349763   0.00000000    -0.00304173   0.00000000
 -0.00026509   0.00000000     0.00304173  -0.00000000    -0.00116193   0.00000000
    8   11
 -0.00567443  -0.00000000    -0.00351483  -0.00000000    -0.00191175  -0.00000000
 -0.00351483  -0.00000000     0.00250202   0.00000000     0.00150710   0.00000000
  0.00191175   0.00000000    -0.00150710  -0.00000000     0.01567975   0.00000000
    9    1
 -0.00202181  -0.00000000     0.00151444   0.00000000    -0.00151444  -0.00000000
  0.01462926   0.00000000    -0.00458133  -0.00000000     0.00259837   0.00000000
 -0.01462926  -0.00000000     0.00259837   0.00000000    -0.00458133  -0.00000000
    9    2
  0.00299291   0.00000000     0.01586781   0.00000000    -0.01586781  -0.00000000
  0.01583433   0.00000000    -0.01877945  -0.00000000     0.02099022   0.00000000
 -0.01583433  -0.00000000     0.02099022   0.00000000    -0.01877945  -0.00000000
    9    3
 -0.01087601   0.00000000    -0.01390812   0.00000000     0.01390812  -0.00000000
 -0.00117668   0.00000000     0.00913164  -0.00000000    -0.01740140   0.00000000
  0.00117668  -0.00000000    -0.01740140   0.00000000     0.00913164  -0.00000000
    9    4
 -0.00567443   0.00000000     0.00191175  -0.00000000     0.00351483  -0.00000000
 -0.00191175   0.00000000     0.01567975  -0.00000000    -0.00150710   0.00000000
  0.00351483  -0.00000000     0.00150710  -0.00000000     0.00250202  -0.00000000
    9    5
  0.00123894  -0.00000000    -0.00026509   0.00000000    -0.00448121   0.00000000
  0.00026509  -0.00000000    -0.00116193   0.00000000     0.00304173  -0.00000000
 -0.00448121   0.00000000    -0.00304173   0.00000000    -0.00349763   0.00000000
    9    6
 -0.00294791   0.00000000     0.01461205  -0.00000000    -0.01461205   0.00000000
 -0.01461205   0.00000000    -0.01635459   0.00000000     0.01121809  -0.00000000
  0.01461205  -0.00000000     0.01121809  -0.00000000    -0.01635459   0.00000000
    9    7
 -0.01375351   0.00000000    -0.00798100   0.00000000     0.00798100   0.00000000
  0.00798100   0.00000000     0.01002213   0.00000000    -0.01048922   0.00000000
 -0.00798100   0.00000000    -0.01048922   0.00000000     0.01002213   0.00000000
    9    8
 -0.00412398   0.00000000     0.00653752  -0.00000000    -0.00653752   0.00000000
  0.00653752  -0.00000000    -0.01659590   0.00000000     0.01265924  -0.00000000
 -0.00653752   0.00000000     0.01265924  -0.00000000    -0.01659590   0.00000000
    9    9
  0.03947699   0.00000000    -0.00291821   0.00000000     0.00291821   0.00000000
 -0.00291821   0.00000000     0.04748280   0.00000000    -0.01784014   0.00000000
  0.00291821   0.00000000    -0.01784014   0.00000000     0.04748280   0.00000000
    9   10
 -0.00567443   0.00000000    -0.00351483   0.00000000    -0.00191175   0.00000000
 -0.00351483   0.00000000     0.00250202  -0.00000000     0.00150710  -0.00000000
  0.00191175  -0.00000000    -0.00150710   0.00000000     0.01567975  -0.00000000
    9   11
  0.00123894  -0.00000000     0.00448121  -0.00000000     0.00026509  -0.00000000
  0.00448121  -0.00000000    -0.00349763   0.00000000    -0.00304173   0.00000000
 -0.00026509   0.00000000     0.00304173  -0.00000000    -0.00116193   0.00000000
   10    1
  0.00202181   0.00000000    -0.00151444  -0.00000000    -0.00151444  -0.00000000
 -0.01462926  -0.00000000     0.00458133   0.00000000     0.00259837   0.00000000
 -0.01462926  -0.00000000     0.00259837   0.00000000     0.00458133   0.00000000
   10    2
 -0.01087601  -0.00000000    -0.01390812  -0.00000000    -0.01390812  -0.00000000
 -0.00117668  -0.00000000     0.00913164   0.00000000     0.01740140   0.00000000
 -0.00117668  -0.00000000     0.01740140   0.00000000     0.00913164   0.00000000
   10    3
  0.00299291   0.00000000     0.01586781   0.00000000     0.01586781   0.00000000
  0.01583433   0.00000000    -0.01877945  -0.00000000    -0.02099022  -0.00000000
  0.01583433   0.00000000    -0.02099022  -0.00000000    -0.01877945  -0.00000000
   10    4
 -0.01375351  -0.00000000    -0.00798100  -0.00000000    -0.00798100  -0.00000000
  0.00798100  -0.00000000     0.01002213  -0.00000000     0.01048922   0.00000000
  0.00798100  -0.00000000     0.01048922   0.00000000     0.01002213  -0.00000000
   10    5
 -0.00294791  -0.00000000     0.01461205   0.00000000     0.01461205   0.00000000
 -0.01461205  -0.00000000    -0.01635459  -0.00000000    -0.01121809  -0.00000000
 -0.01461205  -0.00000000    -0.01121809  -0.00000000    -0.01635459  -0.00000000
   10    6
  0.00123894   0.00000000    -0.00026509  -0.00000000     0.00448121   0.00000000
  0.00026509   0.00000000    -0.00116193  -0.00000000    -0.00304173  -0.00000000
  0.00448121   0.00000000     0.00304173   0.00000000    -0.00349763  -0.00000000
   10    7
 -0.00567443  -0.00000000     0.00191175   0.00000000    -0.00351483  -0.00000000
 -0.00191175  -0.00000000     0.01567975   0.00000000     0.00150710   0.00000000
 -0.00351483  -0.00000000    -0.00150710  -0.00000000     0.00250202   0.00000000
   10    8
  0.00123894   0.00000000     0.00448121   0.00000000    -0.00026509  -0.00000000
  0.00448121   0.00000000    -0.00349763  -0.00000000     0.00304173   0.00000000
  0.00026509   0.00000000    -0.00304173  -0.00000000    -0.00116193  -0.00000000
   10    9
 -0.00567443  -0.00000000    -0.00351483  -0.00000000     0.00191175   0.00000000
 -0.00351483  -0.00000000     0.00250202   0.00000000    -0.00150710  -0.00000000
 -0.00191175  -0.00000000     0.00150710   0.00000000     0.01567975   0.00000000
   10   10
  0.03947699   0.00000000    -0.00291821   0.00000000    -0.00291821   0.00000000
 -0.00291821   0.00000000     0.04748280   0.00000000     0.01784014   0.00000000
 -0.00291821   0.00000000     0.01784014   0.00000000     0.04748280   0.00000000
   10   11
 -0.00412398  -0.00000000     0.00653752   0.00000000     0.00653752   0.00000000
  0.00653752   0.00000000    -0.01659590  -0.00000000    -0.01265924  -0.00000000
  0.00653752   0.00000000    -0.01265924  -0.00000000    -0.01659590  -0.00000000
   11    1
  0.00202181   0.00000000    -0.00151444  -0.00000000    -0.00151444  -0.00000000
 -0.01462926  -0.00000000     0.00458133   0.00000000     0.00259837   0.00000000
 -0.01462926  -0.00000000     0.00259837   0.00000000     0.00458133   0.00000000
   11    2
  0.00299291   0.00000000     0.01586781   0.00000000     0.01586781   0.00000000
  0.01583433   0.00000000    -0.01877945  -0.00000000    -0.02099022  -0.00000000
  0.01583433   0.00000000    -0.02099022  -0.00000000    -0.01877945  -0.00000000
   11    3
 -0.01087601  -0.00000000    -0.01390812  -0.00000000    -0.01390812  -0.00000000
 -0.00117668  -0.00000000     0.00913164   0.00000000     0.01740140   0.00000000
 -0.00117668  -0.00000000     0.01740140   0.00000000     0.00913164   0.00000000
   11    4
 -0.00294791   0.00000000     0.01461205  -0.00000000     0.01461205  -0.00000000
 -0.01461205   0.00000000    -0.01635459   0.00000000    -0.01121809   0.00000000
 -0.01461205   0.00000000    -0.01121809   0.00000000    -0.01635459   0.00000000
   11    5
 -0.01375351   0.00000000    -0.00798100   0.00000000    -0.00798100   0.00000000
  0.00798100   0.00000000     0.01002213   0.00000000     0.01048922  -0.00000000
  0.00798100   0.00000000     0.01048922  -0.00000000     0.01002213   0.00000000
   11    6
 -0.00567443   0.00000000     0.00191175  -0.00000000    -0.00351483   0.00000000
 -0.00191175   0.00000000     0.01567975  -0.00000000     0.00150710  -0.00000000
 -0.00351483   0.00000000    -0.00150710   0.00000000     0.00250202  -0.00000000
   11    7
  0.00123894   0.00000000    -0.00026509  -0.00000000     0.00448121   0.00000000
  0.00026509   0.00000000    -0.00116193  -0.00000000    -0.00304173  -0.00000000
  0.00448121   0.00000000     0.00304173   0.00000000    -0.00349763  -0.00000000
   11    8
 -0.00567443   0.00000000    -0.00351483   0.00000000     0.00191175  -0.00000000
 -0.00351483   0.00000000     0.00250202  -0.00000000    -0.00150710   0.00000000
 -0.00191175   0.00000000     0.00150710  -0.00000000     0.01567975  -0.00000000
   11    9
  0.00123894   0.00000000     0.00448121   0.00000000    -0.00026509  -0.00000000
  0.00448121   0.00000000    -0.00349763  -0.00000000     0.00304173   0.00000000
  0.00026509   0.00000000    -0.00304173  -0.00000000    -0.00116193  -0.00000000
   11   10
 -0.00412398   0.00000000     0.00653752  -0.00000000     0.00653752  -0.00000000
  0.00653752  -0.00000000    -0.01659590   0.00000000    -0.01265924   0.00000000
  0.00653752  -0.00000000    -0.01265924   0.00000000    -0.01659590   0.00000000
   11   11
  0.03947699   0.00000000    -0.00291821   0.00000000    -0.00291821   0.00000000
 -0.00291821   0.00000000     0.04748280   0.00000000     0.01784014   0.00000000
 -0.00291821   0.00000000     0.01784014   0.00000000     0.04748280   0.00000000

     Dynamical  Matrix in cartesian axes

     q = (    0.000000000   0.000000000  -0.707106781 ) 

    1    1
  0.08504925   0.00000000     0.00000000   0.00000000     0.00000000   0.00000000
  0.00000000   0.00000000     0.08504925   0.00000000    -0.00000000   0.00000000
  0.00000000   0.00000000    -0.00000000   0.00000000     0.20821986   0.00000000
    1    2
  0.00000000  -0.00000000    -0.02425311  -0.00000000     0.00000000  -0.00000000
 -0.02425311  -0.00000000    -0.00000000  -0.00000000     0.00000000   0.00000000
  0.00000000   0.00000000    -0.00000000  -0.00000000    -0.00000000  -0.00000000
    1    3
  0.00000000   0.00000000    -0.02425311   0.00000000     0.00000000  -0.00000000
 -0.02425311   0.00000000    -0.00000000   0.00000000     0.00000000   0.00000000
  0.00000000   0.00000000     0.00000000   0.00000000     0.00000000   0.00000000
    1    4
  0.00458133  -0.00000000     0.00259837  -0.00000000     0.00151444  -0.00000000
  0.00259837  -0.00000000     0.00458133  -0.00000000     0.00151444  -0.00000000
  0.01462926  -0.00000000     0.01462926  -0.00000000     0.00202181  -0.00000000
    1    5
  0.00458133  -0.00000000     0.00259837  -0.00000000     0.00151444  -0.00000000
  0.00259837  -0.00000000     0.00458133  -0.00000000     0.00151444  -0.00000000
  0.01462926  -0.00000000     0.01462926  -0.00000000     0.00202181  -0.00000000
    1    6
  0.00458133  -0.00000000     0.00259837  -0.00000000    -0.00151444   0.00000000
  0.00259837  -0.00000000     0.00458133  -0.00000000    -0.00151444   0.00000000
 -0.01462926   0.00000000    -0.01462926   0.00000000     0.00202181  -0.00000000
    1    7
  0.00458133  -0.00000000     0.00259837  -0.00000000    -0.00151444   0.00000000
  0.00259837  -0.00000000     0.00458133  -0.00000000    -0.00151444   0.00000000
 -0.01462926   0.00000000    -0.01462926   0.00000000     0.00202181  -0.00000000
    1    8
 -0.00458133   0.00000000     0.00259837  -0.00000000    -0.00151444   0.00000000
  0.00259837  -0.00000000    -0.00458133   0.00000000     0.00151444  -0.00000000
 -0.01462926   0.00000000     0.01462926  -0.00000000    -0.00202181   0.00000000
    1    9
 -0.00458133   0.00000000     0.00259837  -0.00000000    -0.00151444   0.00000000
  0.00259837  -0.00000000    -0.00458133   0.00000000     0.00151444  -0.00000000
 -0.01462926   0.00000000     0.01462926  -0.00000000    -0.00202181   0.00000000
    1   10
 -0.00458133   0.00000000     0.00259837  -0.00000000     0.00151444  -0.00000000
  0.00259837  -0.00000000    -0.00458133   0.00000000    -0.00151444   0.00000000
  0.01462926  -0.00000000    -0.01462926   0.00000000    -0.00202181   0.00000000
    1   11
 -0.00458133   0.00000000     0.00259837  -0.00000000     0.00151444  -0.00000000
  0.00259837  -0.00000000    -0.00458133   0.00000000    -0.00151444   0.00000000
  0.01462926  -0.00000000    -0.01462926   0.00000000    -0.00202181   0.00000000
    2    1
  0.00000000   0.00000000    -0.02425311   0.00000000     0.00000000  -0.00000000
 -0.02425311   0.00000000    -0.00000000   0.00000000     0.00000000  -0.00000000
  0.00000000  -0.00000000     0.00000000   0.00000000    -0.00000000   0.00000000
    2    2
  0.06042452   0.00000000    -0.00000000   0.00000000     0.00000000   0.00000000
 -0.00000000   0.00000000     0.06042452   0.00000000    -0.00000000   0.00000000
  0.00000000   0.00000000     0.00000000   0.00000000     0.07807715   0.00000000
    2    3
 -0.02997095   0.00000000     0.00000000   0.00000000    -0.00000000   0.00000000
  0.00000000   0.00000000    -0.02997095   0.00000000    -0.00000000   0.00000000
 -0.00000000   0.00000000    -0.00000000   0.00000000     0.00032481  -0.00000000
    2    4
  0.00913164  -0.00000000     0.01740140  -0.00000000     0.01390812  -0.00000000
  0.01740140  -0.00000000     0.00913164  -0.00000000     0.01390812  -0.00000000
  0.00117668  -0.00000000     0.00117668  -0.00000000    -0.01087601   0.00000000
    2    5
 -0.01877945   0.00000000    -0.02099022   0.00000000    -0.01586781   0.00000000
 -0.02099022   0.00000000    -0.01877945   0.00000000    -0.01586781   0.00000000
 -0.01583433   0.00000000    -0.01583433   0.00000000     0.00299291  -0.00000000
    2    6
  0.00913164  -0.00000000     0.01740140  -0.00000000    -0.01390812   0.00000000
  0.01740140  -0.00000000     0.00913164  -0.00000000    -0.01390812   0.00000000
 -0.00117668   0.00000000    -0.00117668   0.00000000    -0.01087601   0.00000000
    2    7
 -0.01877945   0.00000000    -0.02099022   0.00000000     0.01586781  -0.00000000
 -0.02099022   0.00000000    -0.01877945   0.00000000     0.01586781  -0.00000000
  0.01583433  -0.00000000     0.01583433  -0.00000000     0.00299291  -0.00000000
    2    8
  0.00913164  -0.00000000    -0.01740140   0.00000000     0.01390812  -0.00000000
 -0.01740140   0.00000000     0.00913164  -0.00000000    -0.01390812   0.00000000
  0.00117668  -0.00000000    -0.00117668   0.00000000    -0.01087601   0.00000000
    2    9
 -0.01877945   0.00000000     0.02099022  -0.00000000    -0.01586781   0.00000000
  0.02099022  -0.00000000    -0.01877945   0.00000000     0.01586781  -0.00000000
 -0.01583433   0.00000000     0.01583433  -0.00000000     0.00299291  -0.00000000
    2   10
  0.00913164  -0.00000000    -0.01740140   0.00000000    -0.01390812   0.00000000
 -0.01740140   0.00000000     0.00913164  -0.00000000     0.01390812  -0.00000000
 -0.00117668   0.00000000     0.00117668  -0.00000000    -0.01087601   0.00000000
    2   11
 -0.01877945   0.00000000     0.02099022  -0.00000000     0.01586781  -0.00000000
  0.02099022  -0.00000000    -0.01877945   0.00000000    -0.01586781   0.00000000
  0.01583433  -0.00000000    -0.01583433   0.00000000     0.00299291  -0.00000000
    3    1
 -0.00000000  -0.00000000    -0.02425311  -0.00000000     0.00000000   0.00000000
 -0.02425311  -0.00000000    -0.00000000  -0.00000000     0.00000000   0.00000000
  0.00000000   0.00000000     0.00000000   0.00000000    -0.00000000  -0.00000000
    3    2
 -0.02997095  -0.00000000     0.00000000  -0.00000000    -0.00000000  -0.00000000
  0.00000000  -0.00000000    -0.02997095  -0.00000000    -0.00000000  -0.00000000
 -0.00000000   0.00000000    -0.00000000  -0.00000000     0.00032481   0.00000000
    3    3
  0.06042452   0.00000000    -0.00000000   0.00000000     0.00000000   0.00000000
 -0.00000000   0.00000000     0.06042452   0.00000000     0.00000000   0.00000000
  0.00000000   0.00000000     0.00000000   0.00000000     0.07807715   0.00000000
    3    4
 -0.01877945   0.00000000    -0.02099022   0.00000000    -0.01586781   0.00000000
 -0.02099022   0.00000000    -0.01877945   0.00000000    -0.01586781   0.00000000
 -0.01583433   0.00000000    -0.01583433   0.00000000     0.00299291  -0.00000000
    3    5
  0.00913164  -0.00000000     0.01740140  -0.00000000     0.01390812  -0.00000000
  0.01740140  -0.00000000     0.00913164  -0.00000000     0.01390812  -0.00000000
  0.00117668  -0.00000000     0.00117668  -0.00000000    -0.01087601   0.00000000
    3    6
 -0.01877945   0.00000000    -0.02099022   0.00000000     0.01586781  -0.00000000
 -0.02099022   0.00000000    -0.01877945   0.00000000     0.01586781  -0.00000000
  0.01583433  -0.00000000     0.01583433  -0.00000000     0.00299291  -0.00000000
    3    7
  0.00913164  -0.00000000     0.01740140  -0.00000000    -0.01390812   0.00000000
  0.01740140  -0.00000000     0.00913164  -0.00000000    -0.01390812   0.00000000
 -0.00117668   0.00000000    -0.00117668   0.00000000    -0.01087601   0.00000000
    3    8
 -0.01877945   0.00000000     0.02099022  -0.00000000    -0.01586781   0.00000000
  0.02099022  -0.00000000    -0.01877945   0.00000000     0.01586781  -0.00000000
 -0.01583433   0.00000000     0.01583433  -0.00000000     0.00299291  -0.00000000
    3    9
  0.00913164   0.00000000    -0.01740140  -0.00000000     0.01390812   0.00000000
 -0.01740140  -0.00000000     0.00913164   0.00000000    -0.01390812  -0.00000000
  0.00117668   0.00000000    -0.00117668  -0.00000000    -0.01087601  -0.00000000
    3   10
 -0.01877945   0.00000000     0.02099022  -0.00000000     0.01586781  -0.00000000
  0.02099022  -0.00000000    -0.01877945   0.00000000    -0.01586781   0.00000000
  0.01583433  -0.00000000    -0.01583433   0.00000000     0.00299291  -0.00000000
    3   11
  0.00913164   0.00000000    -0.01740140  -0.00000000    -0.01390812  -0.00000000
 -0.01740140  -0.00000000     0.00913164   0.00000000     0.01390812   0.00000000
 -0.00117668  -0.00000000     0.00117668   0.00000000    -0.01087601  -0.00000000
    4    1
  0.00458133   0.00000000     0.00259837   0.00000000     0.01462926   0.00000000
