  3.500000000000000E-002   1.62595643165958        4.90373158411627     
           3

     Dynamical  Matrix in cartesian axes

     q = (   -0.707106781   0.000000000   0.000000000 ) 

    1    1
  0.19382259   0.00000000    -0.00000000   0.00000000    -0.00000000   0.00000000
  0.00000000   0.00000000     0.08157502   0.00000000     0.00000000   0.00000000
  0.00000000   0.00000000     0.00000000   0.00000000     0.08157502   0.00000000
    1    2
  0.00000000  -0.00000000    -0.00000000   0.00000000     0.00000000   0.00000000
 -0.00000000   0.00000000     0.00000000  -0.00000000    -0.02437486  -0.00000000
 -0.00000000   0.00000000    -0.02437486  -0.00000000    -0.00000000  -0.00000000
    1    3
 -0.00000000   0.00000000     0.00000000  -0.00000000     0.00000000  -0.00000000
 -0.00000000  -0.00000000     0.00000000   0.00000000    -0.02437486   0.00000000
  0.00000000  -0.00000000    -0.02437486   0.00000000     0.00000000   0.00000000
    1    4
  0.00300647  -0.00000000     0.01433133  -0.00000000     0.01433133  -0.00000000
  0.00118611  -0.00000000     0.00443492  -0.00000000     0.00303196  -0.00000000
  0.00118611  -0.00000000     0.00303196  -0.00000000     0.00443492  -0.00000000
    1    5
  0.00300647  -0.00000000     0.01433133  -0.00000000     0.01433133  -0.00000000
  0.00118611  -0.00000000     0.00443492  -0.00000000     0.00303196  -0.00000000
  0.00118611  -0.00000000     0.00303196  -0.00000000     0.00443492  -0.00000000
    1    6
 -0.00300647   0.00000000    -0.01433133   0.00000000     0.01433133  -0.00000000
 -0.00118611   0.00000000    -0.00443492   0.00000000     0.00303196  -0.00000000
  0.00118611  -0.00000000     0.00303196  -0.00000000    -0.00443492   0.00000000
    1    7
 -0.00300647   0.00000000    -0.01433133   0.00000000     0.01433133  -0.00000000
 -0.00118611   0.00000000    -0.00443492   0.00000000     0.00303196  -0.00000000
  0.00118611  -0.00000000     0.00303196  -0.00000000    -0.00443492   0.00000000
    1    8
 -0.00300647   0.00000000     0.01433133  -0.00000000    -0.01433133   0.00000000
  0.00118611  -0.00000000    -0.00443492   0.00000000     0.00303196  -0.00000000
 -0.00118611   0.00000000     0.00303196  -0.00000000    -0.00443492   0.00000000
    1    9
 -0.00300647   0.00000000     0.01433133  -0.00000000    -0.01433133   0.00000000
  0.00118611  -0.00000000    -0.00443492   0.00000000     0.00303196  -0.00000000
 -0.00118611   0.00000000     0.00303196  -0.00000000    -0.00443492   0.00000000
    1   10
  0.00300647  -0.00000000    -0.01433133   0.00000000    -0.01433133   0.00000000
 -0.00118611   0.00000000     0.00443492  -0.00000000     0.00303196  -0.00000000
 -0.00118611   0.00000000     0.00303196  -0.00000000     0.00443492  -0.00000000
    1   11
  0.00300647  -0.00000000    -0.01433133   0.00000000    -0.01433133   0.00000000
 -0.00118611   0.00000000     0.00443492  -0.00000000     0.00303196  -0.00000000
 -0.00118611   0.00000000     0.00303196  -0.00000000     0.00443492  -0.00000000
    2    1
  0.00000000   0.00000000    -0.00000000  -0.00000000    -0.00000000   0.00000000
 -0.00000000  -0.00000000     0.00000000   0.00000000    -0.02437486   0.00000000
 -0.00000000  -0.00000000    -0.02437486   0.00000000     0.00000000   0.00000000
    2    2
  0.07946574   0.00000000    -0.00000000   0.00000000     0.00000000   0.00000000
 -0.00000000   0.00000000     0.06208454   0.00000000     0.00000000   0.00000000
  0.00000000   0.00000000     0.00000000   0.00000000     0.06208454   0.00000000
    2    3
 -0.00127633   0.00000000    -0.00000000   0.00000000    -0.00000000   0.00000000
 -0.00000000   0.00000000    -0.03076460   0.00000000     0.00000000   0.00000000
 -0.00000000   0.00000000     0.00000000   0.00000000    -0.03076460   0.00000000
    2    4
 -0.01139963   0.00000000     0.00164079  -0.00000000     0.00164079  -0.00000000
  0.01426929  -0.00000000     0.00963570  -0.00000000     0.01850563  -0.00000000
  0.01426929  -0.00000000     0.01850563  -0.00000000     0.00963570  -0.00000000
    2    5
  0.00343370  -0.00000000    -0.01615291   0.00000000    -0.01615291   0.00000000
 -0.01583744   0.00000000    -0.01965761   0.00000000    -0.02215787   0.00000000
 -0.01583744   0.00000000    -0.02215787   0.00000000    -0.01965761   0.00000000
    2    6
 -0.01139963   0.00000000     0.00164079  -0.00000000    -0.00164079   0.00000000
  0.01426929  -0.00000000     0.00963570  -0.00000000    -0.01850563   0.00000000
 -0.01426929   0.00000000    -0.01850563   0.00000000     0.00963570  -0.00000000
    2    7
  0.00343370  -0.00000000    -0.01615291   0.00000000     0.01615291  -0.00000000
 -0.01583744   0.00000000    -0.01965761   0.00000000     0.02215787  -0.00000000
  0.01583744  -0.00000000     0.02215787  -0.00000000    -0.01965761   0.00000000
    2    8
 -0.01139963   0.00000000    -0.00164079   0.00000000     0.00164079  -0.00000000
 -0.01426929   0.00000000     0.00963570  -0.00000000    -0.01850563   0.00000000
  0.01426929  -0.00000000    -0.01850563   0.00000000     0.00963570  -0.00000000
    2    9
  0.00343370  -0.00000000     0.01615291  -0.00000000    -0.01615291   0.00000000
  0.01583744  -0.00000000    -0.01965761   0.00000000     0.02215787  -0.00000000
 -0.01583744   0.00000000     0.02215787  -0.00000000    -0.01965761   0.00000000
    2   10
 -0.01139963   0.00000000    -0.00164079   0.00000000    -0.00164079   0.00000000
 -0.01426929   0.00000000     0.00963570  -0.00000000     0.01850563  -0.00000000
 -0.01426929   0.00000000     0.01850563  -0.00000000     0.00963570  -0.00000000
    2   11
  0.00343370  -0.00000000     0.01615291  -0.00000000     0.01615291  -0.00000000
  0.01583744  -0.00000000    -0.01965761   0.00000000    -0.02215787   0.00000000
  0.01583744  -0.00000000    -0.02215787   0.00000000    -0.01965761   0.00000000
    3    1
  0.00000000  -0.00000000    -0.00000000  -0.00000000    -0.00000000  -0.00000000
 -0.00000000   0.00000000     0.00000000  -0.00000000    -0.02437486  -0.00000000
  0.00000000  -0.00000000    -0.02437486  -0.00000000     0.00000000  -0.00000000
    3    2
 -0.00127633  -0.00000000     0.00000000   0.00000000    -0.00000000  -0.00000000
 -0.00000000   0.00000000    -0.03076460  -0.00000000     0.00000000  -0.00000000
 -0.00000000   0.00000000    -0.00000000  -0.00000000    -0.03076460  -0.00000000
    3    3
  0.07946574   0.00000000     0.00000000   0.00000000     0.00000000   0.00000000
  0.00000000   0.00000000     0.06208454   0.00000000     0.00000000   0.00000000
 -0.00000000   0.00000000     0.00000000   0.00000000     0.06208454   0.00000000
    3    4
  0.00343370  -0.00000000    -0.01615291   0.00000000    -0.01615291   0.00000000
 -0.01583744   0.00000000    -0.01965761   0.00000000    -0.02215787   0.00000000
 -0.01583744   0.00000000    -0.02215787   0.00000000    -0.01965761   0.00000000
    3    5
 -0.01139963   0.00000000     0.00164079  -0.00000000     0.00164079  -0.00000000
  0.01426929  -0.00000000     0.00963570  -0.00000000     0.01850563  -0.00000000
  0.01426929  -0.00000000     0.01850563  -0.00000000     0.00963570  -0.00000000
    3    6
  0.00343370  -0.00000000    -0.01615291   0.00000000     0.01615291  -0.00000000
 -0.01583744   0.00000000    -0.01965761   0.00000000     0.02215787  -0.00000000
  0.01583744  -0.00000000     0.02215787  -0.00000000    -0.01965761   0.00000000
    3    7
 -0.01139963  -0.00000000     0.00164079   0.00000000    -0.00164079  -0.00000000
  0.01426929   0.00000000     0.00963570   0.00000000    -0.01850563  -0.00000000
 -0.01426929  -0.00000000    -0.01850563  -0.00000000     0.00963570   0.00000000
    3    8
  0.00343370  -0.00000000     0.01615291  -0.00000000    -0.01615291   0.00000000
  0.01583744  -0.00000000    -0.01965761   0.00000000     0.02215787  -0.00000000
 -0.01583744   0.00000000     0.02215787  -0.00000000    -0.01965761   0.00000000
    3    9
 -0.01139963  -0.00000000    -0.00164079  -0.00000000     0.00164079   0.00000000
 -0.01426929  -0.00000000     0.00963570   0.00000000    -0.01850563  -0.00000000
  0.01426929   0.00000000    -0.01850563  -0.00000000     0.00963570   0.00000000
    3   10
  0.00343370  -0.00000000     0.01615291  -0.00000000     0.01615291  -0.00000000
  0.01583744  -0.00000000    -0.01965761   0.00000000    -0.02215787   0.00000000
  0.01583744  -0.00000000    -0.02215787   0.00000000    -0.01965761   0.00000000
    3   11
 -0.01139963   0.00000000    -0.00164079   0.00000000    -0.00164079   0.00000000
 -0.01426929   0.00000000     0.00963570  -0.00000000     0.01850563  -0.00000000
 -0.01426929   0.00000000     0.01850563  -0.00000000     0.00963570  -0.00000000
    4    1
  0.00300647   0.00000000     0.00118611   0.00000000     0.00118611   0.00000000
  0.01433133   0.00000000     0.00443492   0.00000000     0.00303196   0.00000000
  0.01433133   0.00000000     0.00303196   0.00000000     0.00443492   0.00000000
    4    2
 -0.01139963  -0.00000000     0.01426929   0.00000000     0.01426929   0.00000000
  0.00164079   0.00000000     0.00963570   0.00000000     0.01850563   0.00000000
  0.00164079   0.00000000     0.01850563   0.00000000     0.00963570   0.00000000
    4    3
  0.00343370   0.00000000    -0.01583744  -0.00000000    -0.01583744  -0.00000000
 -0.01615291  -0.00000000    -0.01965761  -0.00000000    -0.02215787  -0.00000000
 -0.01615291  -0.00000000    -0.02215787  -0.00000000    -0.01965761  -0.00000000
    4    4
  0.03925998   0.00000000     0.00327922   0.00000000     0.00327922   0.00000000
  0.00327922   0.00000000     0.04833178   0.00000000     0.01962439   0.00000000
  0.00327922   0.00000000     0.01962439   0.00000000     0.04833178   0.00000000
    4    5
 -0.00395991  -0.00000000    -0.00694065  -0.00000000    -0.00694065  -0.00000000
 -0.00694065  -0.00000000    -0.01747590  -0.00000000    -0.01418437  -0.00000000
 -0.00694065  -0.00000000    -0.01418437  -0.00000000    -0.01747590  -0.00000000
    4    6
  0.00132947   0.00000000    -0.00484105  -0.00000000     0.00019699   0.00000000
 -0.00484105  -0.00000000    -0.00407976  -0.00000000     0.00312930   0.00000000
 -0.00019699  -0.00000000    -0.00312930  -0.00000000    -0.00138691  -0.00000000
    4    7
 -0.00579298  -0.00000000     0.00349928   0.00000000    -0.00194119  -0.00000000
  0.00349928   0.00000000     0.00283487   0.00000000    -0.00167429  -0.00000000
  0.00194119   0.00000000     0.00167429   0.00000000     0.01645654   0.00000000
    4    8
  0.00132947   0.00000000     0.00019699   0.00000000    -0.00484105  -0.00000000
 -0.00019699  -0.00000000    -0.00138691  -0.00000000    -0.00312930  -0.00000000
 -0.00484105  -0.00000000     0.00312930   0.00000000    -0.00407976  -0.00000000
    4    9
 -0.00579298  -0.00000000    -0.00194119  -0.00000000     0.00349928   0.00000000
  0.00194119   0.00000000     0.01645654   0.00000000     0.00167429   0.00000000
  0.00349928   0.00000000    -0.00167429  -0.00000000     0.00283487   0.00000000
    4   10
 -0.01357787  -0.00000000     0.00836193   0.00000000     0.00836193   0.00000000
 -0.00836193   0.00000000     0.01038284   0.00000000     0.01169852  -0.00000000
 -0.00836193   0.00000000     0.01169852  -0.00000000     0.01038284   0.00000000
    4   11
 -0.00391954  -0.00000000    -0.01566781  -0.00000000    -0.01566781  -0.00000000
  0.01566781   0.00000000    -0.01658034  -0.00000000    -0.01231431  -0.00000000
  0.01566781   0.00000000    -0.01231431  -0.00000000    -0.01658034  -0.00000000
    5    1
  0.00300647   0.00000000     0.00118611   0.00000000     0.00118611   0.00000000
  0.01433133   0.00000000     0.00443492   0.00000000     0.00303196   0.00000000
  0.01433133   0.00000000     0.00303196   0.00000000     0.00443492   0.00000000
    5    2
  0.00343370   0.00000000    -0.01583744  -0.00000000    -0.01583744  -0.00000000
 -0.01615291  -0.00000000    -0.01965761  -0.00000000    -0.02215787  -0.00000000
 -0.01615291  -0.00000000    -0.02215787  -0.00000000    -0.01965761  -0.00000000
    5    3
 -0.01139963  -0.00000000     0.01426929   0.00000000     0.01426929   0.00000000
  0.00164079   0.00000000     0.00963570   0.00000000     0.01850563   0.00000000
  0.00164079   0.00000000     0.01850563   0.00000000     0.00963570   0.00000000
    5    4
 -0.00395991   0.00000000    -0.00694065   0.00000000    -0.00694065   0.00000000
 -0.00694065   0.00000000    -0.01747590   0.00000000    -0.01418437   0.00000000
 -0.00694065   0.00000000    -0.01418437   0.00000000    -0.01747590   0.00000000
    5    5
  0.03925998   0.00000000     0.00327922   0.00000000     0.00327922   0.00000000
  0.00327922   0.00000000     0.04833178   0.00000000     0.01962439   0.00000000
  0.00327922   0.00000000     0.01962439   0.00000000     0.04833178   0.00000000
    5    6
 -0.00579298   0.00000000     0.00349928  -0.00000000    -0.00194119   0.00000000
  0.00349928  -0.00000000     0.00283487  -0.00000000    -0.00167429   0.00000000
  0.00194119  -0.00000000     0.00167429  -0.00000000     0.01645654  -0.00000000
    5    7
  0.00132947   0.00000000    -0.00484105  -0.00000000     0.00019699   0.00000000
 -0.00484105  -0.00000000    -0.00407976  -0.00000000     0.00312930   0.00000000
 -0.00019699  -0.00000000    -0.00312930  -0.00000000    -0.00138691  -0.00000000
    5    8
 -0.00579298   0.00000000    -0.00194119   0.00000000     0.00349928  -0.00000000
  0.00194119  -0.00000000     0.01645654  -0.00000000     0.00167429  -0.00000000
  0.00349928  -0.00000000    -0.00167429   0.00000000     0.00283487  -0.00000000
    5    9
  0.00132947   0.00000000     0.00019699   0.00000000    -0.00484105  -0.00000000
 -0.00019699  -0.00000000    -0.00138691  -0.00000000    -0.00312930  -0.00000000
 -0.00484105  -0.00000000     0.00312930   0.00000000    -0.00407976  -0.00000000
    5   10
 -0.00391954   0.00000000    -0.01566781   0.00000000    -0.01566781   0.00000000
  0.01566781  -0.00000000    -0.01658034   0.00000000    -0.01231431   0.00000000
  0.01566781  -0.00000000    -0.01231431   0.00000000    -0.01658034   0.00000000
    5   11
 -0.01357787   0.00000000     0.00836193  -0.00000000     0.00836193  -0.00000000
 -0.00836193  -0.00000000     0.01038284  -0.00000000     0.01169852   0.00000000
 -0.00836193  -0.00000000     0.01169852   0.00000000     0.01038284  -0.00000000
    6    1
 -0.00300647  -0.00000000    -0.00118611  -0.00000000     0.00118611   0.00000000
 -0.01433133  -0.00000000    -0.00443492  -0.00000000     0.00303196   0.00000000
  0.01433133   0.00000000     0.00303196   0.00000000    -0.00443492  -0.00000000
    6    2
 -0.01139963  -0.00000000     0.01426929   0.00000000    -0.01426929  -0.00000000
  0.00164079   0.00000000     0.00963570   0.00000000    -0.01850563  -0.00000000
 -0.00164079  -0.00000000    -0.01850563  -0.00000000     0.00963570   0.00000000
    6    3
  0.00343370   0.00000000    -0.01583744  -0.00000000     0.01583744   0.00000000
 -0.01615291  -0.00000000    -0.01965761  -0.00000000     0.02215787   0.00000000
  0.01615291   0.00000000     0.02215787   0.00000000    -0.01965761  -0.00000000
    6    4
  0.00132947  -0.00000000    -0.00484105   0.00000000    -0.00019699   0.00000000
 -0.00484105   0.00000000    -0.00407976   0.00000000    -0.00312930   0.00000000
  0.00019699  -0.00000000     0.00312930  -0.00000000    -0.00138691   0.00000000
    6    5
 -0.00579298  -0.00000000     0.00349928   0.00000000     0.00194119   0.00000000
  0.00349928   0.00000000     0.00283487   0.00000000     0.00167429   0.00000000
 -0.00194119  -0.00000000    -0.00167429  -0.00000000     0.01645654   0.00000000
    6    6
  0.03925998   0.00000000     0.00327922   0.00000000    -0.00327922   0.00000000
  0.00327922   0.00000000     0.04833178   0.00000000    -0.01962439   0.00000000
 -0.00327922   0.00000000    -0.01962439   0.00000000     0.04833178   0.00000000
    6    7
 -0.00395991  -0.00000000    -0.00694065  -0.00000000     0.00694065   0.00000000
 -0.00694065  -0.00000000    -0.01747590  -0.00000000     0.01418437   0.00000000
  0.00694065   0.00000000     0.01418437   0.00000000    -0.01747590  -0.00000000
    6    8
 -0.01357787  -0.00000000     0.00836193  -0.00000000    -0.00836193   0.00000000
 -0.00836193  -0.00000000     0.01038284   0.00000000    -0.01169852  -0.00000000
  0.00836193   0.00000000    -0.01169852  -0.00000000     0.01038284   0.00000000
    6    9
 -0.00391954  -0.00000000    -0.01566781  -0.00000000     0.01566781   0.00000000
  0.01566781   0.00000000    -0.01658034  -0.00000000     0.01231431   0.00000000
 -0.01566781  -0.00000000     0.01231431   0.00000000    -0.01658034  -0.00000000
    6   10
  0.00132947  -0.00000000     0.00019699  -0.00000000     0.00484105  -0.00000000
 -0.00019699   0.00000000    -0.00138691   0.00000000     0.00312930  -0.00000000
  0.00484105  -0.00000000    -0.00312930   0.00000000    -0.00407976   0.00000000
    6   11
 -0.00579298  -0.00000000    -0.00194119  -0.00000000    -0.00349928  -0.00000000
  0.00194119   0.00000000     0.01645654   0.00000000    -0.00167429  -0.00000000
 -0.00349928  -0.00000000     0.00167429   0.00000000     0.00283487   0.00000000
    7    1
 -0.00300647  -0.00000000    -0.00118611  -0.00000000     0.00118611   0.00000000
 -0.01433133  -0.00000000    -0.00443492  -0.00000000     0.00303196   0.00000000
  0.01433133   0.00000000     0.00303196   0.00000000    -0.00443492  -0.00000000
    7    2
  0.00343370   0.00000000    -0.01583744  -0.00000000     0.01583744   0.00000000
 -0.01615291  -0.00000000    -0.01965761  -0.00000000     0.02215787   0.00000000
  0.01615291   0.00000000     0.02215787   0.00000000    -0.01965761  -0.00000000
    7    3
 -0.01139963   0.00000000     0.01426929  -0.00000000    -0.01426929   0.00000000
  0.00164079  -0.00000000     0.00963570  -0.00000000    -0.01850563   0.00000000
 -0.00164079   0.00000000    -0.01850563   0.00000000     0.00963570  -0.00000000
    7    4
 -0.00579298   0.00000000     0.00349928  -0.00000000     0.00194119  -0.00000000
  0.00349928  -0.00000000     0.00283487  -0.00000000     0.00167429  -0.00000000
 -0.00194119   0.00000000    -0.00167429   0.00000000     0.01645654  -0.00000000
    7    5
  0.00132947  -0.00000000    -0.00484105   0.00000000    -0.00019699   0.00000000
 -0.00484105   0.00000000    -0.00407976   0.00000000    -0.00312930   0.00000000
  0.00019699  -0.00000000     0.00312930  -0.00000000    -0.00138691   0.00000000
    7    6
 -0.00395991   0.00000000    -0.00694065   0.00000000     0.00694065  -0.00000000
 -0.00694065   0.00000000    -0.01747590   0.00000000     0.01418437  -0.00000000
  0.00694065  -0.00000000     0.01418437  -0.00000000    -0.01747590   0.00000000
    7    7
  0.03925998   0.00000000     0.00327922   0.00000000    -0.00327922   0.00000000
  0.00327922   0.00000000     0.04833178   0.00000000    -0.01962439   0.00000000
 -0.00327922   0.00000000    -0.01962439   0.00000000     0.04833178   0.00000000
    7    8
 -0.00391954   0.00000000    -0.01566781   0.00000000     0.01566781  -0.00000000
  0.01566781  -0.00000000    -0.01658034   0.00000000     0.01231431  -0.00000000
 -0.01566781   0.00000000     0.01231431  -0.00000000    -0.01658034   0.00000000
    7    9
 -0.01357787   0.00000000     0.00836193   0.00000000    -0.00836193   0.00000000
 -0.00836193   0.00000000     0.01038284   0.00000000    -0.01169852   0.00000000
  0.00836193   0.00000000    -0.01169852   0.00000000     0.01038284   0.00000000
    7   10
 -0.00579298   0.00000000    -0.00194119   0.00000000    -0.00349928   0.00000000
  0.00194119  -0.00000000     0.01645654  -0.00000000    -0.00167429   0.00000000
 -0.00349928   0.00000000     0.00167429  -0.00000000     0.00283487  -0.00000000
    7   11
  0.00132947  -0.00000000     0.00019699  -0.00000000     0.00484105  -0.00000000
 -0.00019699   0.00000000    -0.00138691   0.00000000     0.00312930  -0.00000000
  0.00484105  -0.00000000    -0.00312930   0.00000000    -0.00407976   0.00000000
    8    1
 -0.00300647  -0.00000000     0.00118611   0.00000000    -0.00118611  -0.00000000
  0.01433133   0.00000000    -0.00443492  -0.00000000     0.00303196   0.00000000
 -0.01433133  -0.00000000     0.00303196   0.00000000    -0.00443492  -0.00000000
    8    2
 -0.01139963  -0.00000000    -0.01426929  -0.00000000     0.01426929   0.00000000
 -0.00164079  -0.00000000     0.00963570   0.00000000    -0.01850563  -0.00000000
  0.00164079   0.00000000    -0.01850563  -0.00000000     0.00963570   0.00000000
    8    3
  0.00343370   0.00000000     0.01583744   0.00000000    -0.01583744  -0.00000000
  0.01615291   0.00000000    -0.01965761  -0.00000000     0.02215787   0.00000000
 -0.01615291  -0.00000000     0.02215787   0.00000000    -0.01965761  -0.00000000
    8    4
  0.00132947  -0.00000000    -0.00019699   0.00000000    -0.00484105   0.00000000
  0.00019699  -0.00000000    -0.00138691   0.00000000     0.00312930  -0.00000000
 -0.00484105   0.00000000    -0.00312930   0.00000000    -0.00407976   0.00000000
    8    5
 -0.00579298  -0.00000000     0.00194119   0.00000000     0.00349928   0.00000000
 -0.00194119  -0.00000000     0.01645654   0.00000000    -0.00167429  -0.00000000
  0.00349928   0.00000000     0.00167429   0.00000000     0.00283487   0.00000000
    8    6
 -0.01357787   0.00000000    -0.00836193   0.00000000     0.00836193  -0.00000000
  0.00836193   0.00000000     0.01038284   0.00000000    -0.01169852  -0.00000000
 -0.00836193  -0.00000000    -0.01169852  -0.00000000     0.01038284   0.00000000
    8    7
 -0.00391954  -0.00000000     0.01566781   0.00000000    -0.01566781  -0.00000000
 -0.01566781  -0.00000000    -0.01658034  -0.00000000     0.01231431   0.00000000
  0.01566781   0.00000000     0.01231431   0.00000000    -0.01658034  -0.00000000
    8    8
  0.03925998   0.00000000    -0.00327922   0.00000000     0.00327922   0.00000000
 -0.00327922   0.00000000     0.04833178   0.00000000    -0.01962439   0.00000000
  0.00327922   0.00000000    -0.01962439   0.00000000     0.04833178   0.00000000
    8    9
 -0.00395991  -0.00000000     0.00694065   0.00000000    -0.00694065  -0.00000000
  0.00694065   0.00000000    -0.01747590  -0.00000000     0.01418437   0.00000000
 -0.00694065  -0.00000000     0.01418437   0.00000000    -0.01747590  -0.00000000
    8   10
  0.00132947  -0.00000000     0.00484105  -0.00000000     0.00019699  -0.00000000
  0.00484105  -0.00000000    -0.00407976   0.00000000    -0.00312930   0.00000000
 -0.00019699   0.00000000     0.00312930  -0.00000000    -0.00138691   0.00000000
    8   11
 -0.00579298  -0.00000000    -0.00349928  -0.00000000    -0.00194119  -0.00000000
 -0.00349928  -0.00000000     0.00283487   0.00000000     0.00167429   0.00000000
  0.00194119   0.00000000    -0.00167429  -0.00000000     0.01645654   0.00000000
    9    1
 -0.00300647  -0.00000000     0.00118611   0.00000000    -0.00118611  -0.00000000
  0.01433133   0.00000000    -0.00443492  -0.00000000     0.00303196   0.00000000
 -0.01433133  -0.00000000     0.00303196   0.00000000    -0.00443492  -0.00000000
    9    2
  0.00343370   0.00000000     0.01583744   0.00000000    -0.01583744  -0.00000000
  0.01615291   0.00000000    -0.01965761  -0.00000000     0.02215787   0.00000000
 -0.01615291  -0.00000000     0.02215787   0.00000000    -0.01965761  -0.00000000
    9    3
 -0.01139963   0.00000000    -0.01426929   0.00000000     0.01426929  -0.00000000
 -0.00164079   0.00000000     0.00963570  -0.00000000    -0.01850563   0.00000000
  0.00164079  -0.00000000    -0.01850563   0.00000000     0.00963570  -0.00000000
    9    4
 -0.00579298   0.00000000     0.00194119  -0.00000000     0.00349928  -0.00000000
 -0.00194119   0.00000000     0.01645654  -0.00000000    -0.00167429   0.00000000
  0.00349928  -0.00000000     0.00167429  -0.00000000     0.00283487  -0.00000000
    9    5
  0.00132947  -0.00000000    -0.00019699   0.00000000    -0.00484105   0.00000000
  0.00019699  -0.00000000    -0.00138691   0.00000000     0.00312930  -0.00000000
 -0.00484105   0.00000000    -0.00312930   0.00000000    -0.00407976   0.00000000
    9    6
 -0.00391954   0.00000000     0.01566781  -0.00000000    -0.01566781   0.00000000
 -0.01566781   0.00000000    -0.01658034   0.00000000     0.01231431  -0.00000000
  0.01566781  -0.00000000     0.01231431  -0.00000000    -0.01658034   0.00000000
    9    7
 -0.01357787   0.00000000    -0.00836193   0.00000000     0.00836193   0.00000000
  0.00836193   0.00000000     0.01038284   0.00000000    -0.01169852   0.00000000
 -0.00836193   0.00000000    -0.01169852   0.00000000     0.01038284   0.00000000
    9    8
 -0.00395991   0.00000000     0.00694065  -0.00000000    -0.00694065   0.00000000
  0.00694065  -0.00000000    -0.01747590   0.00000000     0.01418437  -0.00000000
 -0.00694065   0.00000000     0.01418437  -0.00000000    -0.01747590   0.00000000
    9    9
  0.03925998   0.00000000    -0.00327922   0.00000000     0.00327922   0.00000000
 -0.00327922   0.00000000     0.04833178   0.00000000    -0.01962439   0.00000000
  0.00327922   0.00000000    -0.01962439   0.00000000     0.04833178   0.00000000
    9   10
 -0.00579298   0.00000000    -0.00349928   0.00000000    -0.00194119   0.00000000
 -0.00349928   0.00000000     0.00283487  -0.00000000     0.00167429  -0.00000000
  0.00194119  -0.00000000    -0.00167429   0.00000000     0.01645654  -0.00000000
    9   11
  0.00132947  -0.00000000     0.00484105  -0.00000000     0.00019699  -0.00000000
  0.00484105  -0.00000000    -0.00407976   0.00000000    -0.00312930   0.00000000
 -0.00019699   0.00000000     0.00312930  -0.00000000    -0.00138691   0.00000000
   10    1
  0.00300647   0.00000000    -0.00118611  -0.00000000    -0.00118611  -0.00000000
 -0.01433133  -0.00000000     0.00443492   0.00000000     0.00303196   0.00000000
 -0.01433133  -0.00000000     0.00303196   0.00000000     0.00443492   0.00000000
   10    2
 -0.01139963  -0.00000000    -0.01426929  -0.00000000    -0.01426929  -0.00000000
 -0.00164079  -0.00000000     0.00963570   0.00000000     0.01850563   0.00000000
 -0.00164079  -0.00000000     0.01850563   0.00000000     0.00963570   0.00000000
   10    3
  0.00343370   0.00000000     0.01583744   0.00000000     0.01583744   0.00000000
  0.01615291   0.00000000    -0.01965761  -0.00000000    -0.02215787  -0.00000000
  0.01615291   0.00000000    -0.02215787  -0.00000000    -0.01965761  -0.00000000
   10    4
 -0.01357787  -0.00000000    -0.00836193  -0.00000000    -0.00836193  -0.00000000
  0.00836193  -0.00000000     0.01038284   0.00000000     0.01169852  -0.00000000
  0.00836193  -0.00000000     0.01169852  -0.00000000     0.01038284   0.00000000
   10    5
 -0.00391954  -0.00000000     0.01566781   0.00000000     0.01566781   0.00000000
 -0.01566781  -0.00000000    -0.01658034  -0.00000000    -0.01231431  -0.00000000
 -0.01566781  -0.00000000    -0.01231431  -0.00000000    -0.01658034  -0.00000000
   10    6
  0.00132947   0.00000000    -0.00019699  -0.00000000     0.00484105   0.00000000
  0.00019699   0.00000000    -0.00138691  -0.00000000    -0.00312930  -0.00000000
  0.00484105   0.00000000     0.00312930   0.00000000    -0.00407976  -0.00000000
   10    7
 -0.00579298  -0.00000000     0.00194119   0.00000000    -0.00349928  -0.00000000
 -0.00194119  -0.00000000     0.01645654   0.00000000     0.00167429   0.00000000
 -0.00349928  -0.00000000    -0.00167429  -0.00000000     0.00283487   0.00000000
   10    8
  0.00132947   0.00000000     0.00484105   0.00000000    -0.00019699  -0.00000000
  0.00484105   0.00000000    -0.00407976  -0.00000000     0.00312930   0.00000000
  0.00019699   0.00000000    -0.00312930  -0.00000000    -0.00138691  -0.00000000
   10    9
 -0.00579298  -0.00000000    -0.00349928  -0.00000000     0.00194119   0.00000000
 -0.00349928  -0.00000000     0.00283487   0.00000000    -0.00167429  -0.00000000
 -0.00194119  -0.00000000     0.00167429   0.00000000     0.01645654   0.00000000
   10   10
  0.03925998   0.00000000    -0.00327922   0.00000000    -0.00327922   0.00000000
 -0.00327922   0.00000000     0.04833178   0.00000000     0.01962439   0.00000000
 -0.00327922   0.00000000     0.01962439   0.00000000     0.04833178   0.00000000
   10   11
 -0.00395991  -0.00000000     0.00694065   0.00000000     0.00694065   0.00000000
  0.00694065   0.00000000    -0.01747590  -0.00000000    -0.01418437  -0.00000000
  0.00694065   0.00000000    -0.01418437  -0.00000000    -0.01747590  -0.00000000
   11    1
  0.00300647   0.00000000    -0.00118611  -0.00000000    -0.00118611  -0.00000000
 -0.01433133  -0.00000000     0.00443492   0.00000000     0.00303196   0.00000000
 -0.01433133  -0.00000000     0.00303196   0.00000000     0.00443492   0.00000000
   11    2
  0.00343370   0.00000000     0.01583744   0.00000000     0.01583744   0.00000000
  0.01615291   0.00000000    -0.01965761  -0.00000000    -0.02215787  -0.00000000
  0.01615291   0.00000000    -0.02215787  -0.00000000    -0.01965761  -0.00000000
   11    3
 -0.01139963  -0.00000000    -0.01426929  -0.00000000    -0.01426929  -0.00000000
 -0.00164079  -0.00000000     0.00963570   0.00000000     0.01850563   0.00000000
 -0.00164079  -0.00000000     0.01850563   0.00000000     0.00963570   0.00000000
   11    4
 -0.00391954   0.00000000     0.01566781  -0.00000000     0.01566781  -0.00000000
 -0.01566781   0.00000000    -0.01658034   0.00000000    -0.01231431   0.00000000
 -0.01566781   0.00000000    -0.01231431   0.00000000    -0.01658034   0.00000000
   11    5
 -0.01357787   0.00000000    -0.00836193   0.00000000    -0.00836193   0.00000000
  0.00836193   0.00000000     0.01038284  -0.00000000     0.01169852   0.00000000
  0.00836193   0.00000000     0.01169852   0.00000000     0.01038284  -0.00000000
   11    6
 -0.00579298   0.00000000     0.00194119  -0.00000000    -0.00349928   0.00000000
 -0.00194119   0.00000000     0.01645654  -0.00000000     0.00167429  -0.00000000
 -0.00349928   0.00000000    -0.00167429   0.00000000     0.00283487  -0.00000000
   11    7
  0.00132947   0.00000000    -0.00019699  -0.00000000     0.00484105   0.00000000
  0.00019699   0.00000000    -0.00138691  -0.00000000    -0.00312930  -0.00000000
  0.00484105   0.00000000     0.00312930   0.00000000    -0.00407976  -0.00000000
   11    8
 -0.00579298   0.00000000    -0.00349928   0.00000000     0.00194119  -0.00000000
 -0.00349928   0.00000000     0.00283487  -0.00000000    -0.00167429   0.00000000
 -0.00194119   0.00000000     0.00167429  -0.00000000     0.01645654  -0.00000000
   11    9
  0.00132947   0.00000000     0.00484105   0.00000000    -0.00019699  -0.00000000
  0.00484105   0.00000000    -0.00407976  -0.00000000     0.00312930   0.00000000
  0.00019699   0.00000000    -0.00312930  -0.00000000    -0.00138691  -0.00000000
   11   10
 -0.00395991   0.00000000     0.00694065  -0.00000000     0.00694065  -0.00000000
  0.00694065  -0.00000000    -0.01747590   0.00000000    -0.01418437   0.00000000
  0.00694065  -0.00000000    -0.01418437   0.00000000    -0.01747590   0.00000000
   11   11
  0.03925998   0.00000000    -0.00327922   0.00000000    -0.00327922   0.00000000
 -0.00327922   0.00000000     0.04833178   0.00000000     0.01962439   0.00000000
 -0.00327922   0.00000000     0.01962439   0.00000000     0.04833178   0.00000000

     Dynamical  Matrix in cartesian axes

     q = (    0.000000000   0.000000000  -0.707106781 ) 

    1    1
  0.08157502   0.00000000     0.00000000   0.00000000    -0.00000000   0.00000000
  0.00000000   0.00000000     0.08157502   0.00000000     0.00000000   0.00000000
 -0.00000000   0.00000000    -0.00000000   0.00000000     0.19382259   0.00000000
    1    2
 -0.00000000  -0.00000000    -0.02437486  -0.00000000     0.00000000   0.00000000
 -0.02437486  -0.00000000     0.00000000  -0.00000000     0.00000000   0.00000000
  0.00000000   0.00000000     0.00000000   0.00000000     0.00000000  -0.00000000
    1    3
  0.00000000   0.00000000    -0.02437486   0.00000000    -0.00000000  -0.00000000
 -0.02437486   0.00000000     0.00000000   0.00000000    -0.00000000   0.00000000
  0.00000000   0.00000000    -0.00000000  -0.00000000     0.00000000   0.00000000
    1    4
  0.00443492  -0.00000000     0.00303196  -0.00000000     0.00118611  -0.00000000
  0.00303196  -0.00000000     0.00443492  -0.00000000     0.00118611  -0.00000000
  0.01433133  -0.00000000     0.01433133  -0.00000000     0.00300647  -0.00000000
    1    5
  0.00443492  -0.00000000     0.00303196  -0.00000000     0.00118611  -0.00000000
  0.00303196  -0.00000000     0.00443492  -0.00000000     0.00118611  -0.00000000
  0.01433133  -0.00000000     0.01433133  -0.00000000     0.00300647  -0.00000000
    1    6
  0.00443492  -0.00000000     0.00303196  -0.00000000    -0.00118611   0.00000000
  0.00303196  -0.00000000     0.00443492  -0.00000000    -0.00118611   0.00000000
 -0.01433133   0.00000000    -0.01433133   0.00000000     0.00300647  -0.00000000
    1    7
  0.00443492  -0.00000000     0.00303196  -0.00000000    -0.00118611   0.00000000
  0.00303196  -0.00000000     0.00443492  -0.00000000    -0.00118611   0.00000000
 -0.01433133   0.00000000    -0.01433133   0.00000000     0.00300647  -0.00000000
    1    8
 -0.00443492   0.00000000     0.00303196  -0.00000000    -0.00118611   0.00000000
  0.00303196  -0.00000000    -0.00443492   0.00000000     0.00118611  -0.00000000
 -0.01433133   0.00000000     0.01433133  -0.00000000    -0.00300647   0.00000000
    1    9
 -0.00443492   0.00000000     0.00303196  -0.00000000    -0.00118611   0.00000000
  0.00303196  -0.00000000    -0.00443492   0.00000000     0.00118611  -0.00000000
 -0.01433133   0.00000000     0.01433133  -0.00000000    -0.00300647   0.00000000
    1   10
 -0.00443492   0.00000000     0.00303196  -0.00000000     0.00118611  -0.00000000
  0.00303196  -0.00000000    -0.00443492   0.00000000    -0.00118611   0.00000000
  0.01433133  -0.00000000    -0.01433133   0.00000000    -0.00300647   0.00000000
    1   11
 -0.00443492   0.00000000     0.00303196  -0.00000000     0.00118611  -0.00000000
  0.00303196  -0.00000000    -0.00443492   0.00000000    -0.00118611   0.00000000
  0.01433133  -0.00000000    -0.01433133   0.00000000    -0.00300647   0.00000000
    2    1
  0.00000000   0.00000000    -0.02437486   0.00000000    -0.00000000   0.00000000
 -0.02437486   0.00000000     0.00000000   0.00000000    -0.00000000   0.00000000
 -0.00000000  -0.00000000    -0.00000000   0.00000000     0.00000000   0.00000000
    2    2
  0.06208454   0.00000000     0.00000000   0.00000000     0.00000000   0.00000000
  0.00000000   0.00000000     0.06208454   0.00000000    -0.00000000   0.00000000
 -0.00000000   0.00000000    -0.00000000   0.00000000     0.07946574   0.00000000
    2    3
 -0.03076460   0.00000000     0.00000000   0.00000000     0.00000000  -0.00000000
  0.00000000   0.00000000    -0.03076460   0.00000000    -0.00000000  -0.00000000
 -0.00000000  -0.00000000    -0.00000000  -0.00000000    -0.00127633   0.00000000
    2    4
  0.00963570  -0.00000000     0.01850563  -0.00000000     0.01426929  -0.00000000
  0.01850563  -0.00000000     0.00963570  -0.00000000     0.01426929  -0.00000000
  0.00164079  -0.00000000     0.00164079  -0.00000000    -0.01139963   0.00000000
    2    5
 -0.01965761   0.00000000    -0.02215787   0.00000000    -0.01583744   0.00000000
 -0.02215787   0.00000000    -0.01965761   0.00000000    -0.01583744   0.00000000
 -0.01615291   0.00000000    -0.01615291   0.00000000     0.00343370  -0.00000000
    2    6
  0.00963570  -0.00000000     0.01850563  -0.00000000    -0.01426929   0.00000000
  0.01850563  -0.00000000     0.00963570  -0.00000000    -0.01426929   0.00000000
 -0.00164079   0.00000000    -0.00164079   0.00000000    -0.01139963   0.00000000
    2    7
 -0.01965761   0.00000000    -0.02215787   0.00000000     0.01583744  -0.00000000
 -0.02215787   0.00000000    -0.01965761   0.00000000     0.01583744  -0.00000000
  0.01615291  -0.00000000     0.01615291  -0.00000000     0.00343370  -0.00000000
    2    8
  0.00963570  -0.00000000    -0.01850563   0.00000000     0.01426929  -0.00000000
 -0.01850563   0.00000000     0.00963570  -0.00000000    -0.01426929   0.00000000
  0.00164079  -0.00000000    -0.00164079   0.00000000    -0.01139963   0.00000000
    2    9
 -0.01965761   0.00000000     0.02215787  -0.00000000    -0.01583744   0.00000000
  0.02215787  -0.00000000    -0.01965761   0.00000000     0.01583744  -0.00000000
 -0.01615291   0.00000000     0.01615291  -0.00000000     0.00343370  -0.00000000
    2   10
  0.00963570  -0.00000000    -0.01850563   0.00000000    -0.01426929   0.00000000
 -0.01850563   0.00000000     0.00963570  -0.00000000     0.01426929  -0.00000000
 -0.00164079   0.00000000     0.00164079  -0.00000000    -0.01139963   0.00000000
    2   11
 -0.01965761   0.00000000     0.02215787  -0.00000000     0.01583744  -0.00000000
  0.02215787  -0.00000000    -0.01965761   0.00000000    -0.01583744   0.00000000
  0.01615291  -0.00000000    -0.01615291   0.00000000     0.00343370  -0.00000000
    3    1
  0.00000000  -0.00000000    -0.02437486  -0.00000000     0.00000000  -0.00000000
 -0.02437486  -0.00000000     0.00000000  -0.00000000    -0.00000000   0.00000000
 -0.00000000   0.00000000     0.00000000  -0.00000000     0.00000000  -0.00000000
    3    2
 -0.03076460  -0.00000000     0.00000000  -0.00000000    -0.00000000   0.00000000
  0.00000000  -0.00000000    -0.03076460  -0.00000000    -0.00000000   0.00000000
  0.00000000   0.00000000     0.00000000   0.00000000    -0.00127633  -0.00000000
    3    3
  0.06208454   0.00000000     0.00000000   0.00000000    -0.00000000   0.00000000
  0.00000000   0.00000000     0.06208454   0.00000000    -0.00000000   0.00000000
 -0.00000000   0.00000000    -0.00000000   0.00000000     0.07946574   0.00000000
    3    4
 -0.01965761   0.00000000    -0.02215787   0.00000000    -0.01583744   0.00000000
 -0.02215787   0.00000000    -0.01965761   0.00000000    -0.01583744   0.00000000
 -0.01615291   0.00000000    -0.01615291   0.00000000     0.00343370  -0.00000000
    3    5
  0.00963570  -0.00000000     0.01850563  -0.00000000     0.01426929  -0.00000000
  0.01850563  -0.00000000     0.00963570  -0.00000000     0.01426929  -0.00000000
  0.00164079  -0.00000000     0.00164079  -0.00000000    -0.01139963   0.00000000
    3    6
 -0.01965761   0.00000000    -0.02215787   0.00000000     0.01583744  -0.00000000
 -0.02215787   0.00000000    -0.01965761   0.00000000     0.01583744  -0.00000000
  0.01615291  -0.00000000     0.01615291  -0.00000000     0.00343370  -0.00000000
    3    7
  0.00963570  -0.00000000     0.01850563  -0.00000000    -0.01426929   0.00000000
  0.01850563  -0.00000000     0.00963570  -0.00000000    -0.01426929   0.00000000
 -0.00164079   0.00000000    -0.00164079   0.00000000    -0.01139963   0.00000000
    3    8
 -0.01965761   0.00000000     0.02215787  -0.00000000    -0.01583744   0.00000000
  0.02215787  -0.00000000    -0.01965761   0.00000000     0.01583744  -0.00000000
 -0.01615291   0.00000000     0.01615291  -0.00000000     0.00343370  -0.00000000
    3    9
  0.00963570   0.00000000    -0.01850563  -0.00000000     0.01426929   0.00000000
 -0.01850563  -0.00000000     0.00963570   0.00000000    -0.01426929  -0.00000000
  0.00164079   0.00000000    -0.00164079  -0.00000000    -0.01139963  -0.00000000
    3   10
 -0.01965761   0.00000000     0.02215787  -0.00000000     0.01583744  -0.00000000
  0.02215787  -0.00000000    -0.01965761   0.00000000    -0.01583744   0.00000000
  0.01615291  -0.00000000    -0.01615291   0.00000000     0.00343370  -0.00000000
    3   11
  0.00963570   0.00000000    -0.01850563  -0.00000000    -0.01426929  -0.00000000
 -0.01850563  -0.00000000     0.00963570   0.00000000     0.01426929   0.00000000
 -0.00164079  -0.00000000     0.00164079   0.00000000    -0.01139963  -0.00000000
    4    1
  0.00443492   0.00000000     0.00303196   0.00000000     0.01433133   0.00000000
