  5.000000000000000E-003   1.62511788006490        4.79468378787768     
           6

     Dynamical  Matrix in cartesian axes

     q = (    0.471404521   0.000000000   0.000000000 ) 

    1    1
  0.30440496   0.00000000     0.00000000   0.00000000     0.00000000   0.00000000
  0.00000000   0.00000000     0.08520826   0.00000000    -0.00000000   0.00000000
 -0.00000000   0.00000000    -0.00000000   0.00000000     0.08520826   0.00000000
    1    2
  0.04646679   0.08048283     0.00000000   0.00000000    -0.00000000  -0.00000000
 -0.00000000   0.00000000    -0.00727709  -0.01260429    -0.01816613   0.01048822
 -0.00000000  -0.00000000    -0.01816613   0.01048822    -0.00727709  -0.01260429
    1    3
  0.04646679  -0.08048283     0.00000000  -0.00000000    -0.00000000   0.00000000
 -0.00000000  -0.00000000    -0.00727709   0.01260429    -0.01816613  -0.01048822
 -0.00000000   0.00000000    -0.01816613  -0.01048822    -0.00727709   0.01260429
    1    4
  0.02321552  -0.02109309    -0.01358568   0.01679256    -0.01358568   0.01679256
  0.00869184  -0.00363047     0.00345533   0.00200040     0.00751140   0.00661819
  0.00869184  -0.00363047     0.00751140   0.00661819     0.00345533   0.00200040
    1    5
  0.02321552   0.02109309    -0.01358568  -0.01679256    -0.01358568  -0.01679256
  0.00869184   0.00363047     0.00345533  -0.00200040     0.00751140  -0.00661819
  0.00869184   0.00363047     0.00751140  -0.00661819     0.00345533  -0.00200040
    1    6
  0.00665939  -0.03065177    -0.00774995   0.02016183     0.00774995  -0.02016183
 -0.00120184  -0.00934259    -0.00346007  -0.00199221     0.00948722   0.00319597
  0.00120184   0.00934259     0.00948722   0.00319597    -0.00346007  -0.00199221
    1    7
  0.00665939   0.03065177    -0.00774995  -0.02016183     0.00774995   0.02016183
 -0.00120184   0.00934259    -0.00346007   0.00199221     0.00948722  -0.00319597
  0.00120184  -0.00934259     0.00948722  -0.00319597    -0.00346007   0.00199221
    1    8
  0.00665939  -0.03065177     0.00774995  -0.02016183    -0.00774995   0.02016183
  0.00120184   0.00934259    -0.00346007  -0.00199221     0.00948722   0.00319597
 -0.00120184  -0.00934259     0.00948722   0.00319597    -0.00346007  -0.00199221
    1    9
  0.00665939   0.03065177     0.00774995   0.02016183    -0.00774995  -0.02016183
  0.00120184  -0.00934259    -0.00346007   0.00199221     0.00948722  -0.00319597
 -0.00120184   0.00934259     0.00948722  -0.00319597    -0.00346007   0.00199221
    1   10
  0.02321552  -0.02109309     0.01358568  -0.01679256     0.01358568  -0.01679256
 -0.00869184   0.00363047     0.00345533   0.00200040     0.00751140   0.00661819
 -0.00869184   0.00363047     0.00751140   0.00661819     0.00345533   0.00200040
    1   11
  0.02321552   0.02109309     0.01358568   0.01679256     0.01358568   0.01679256
 -0.00869184  -0.00363047     0.00345533  -0.00200040     0.00751140  -0.00661819
 -0.00869184  -0.00363047     0.00751140  -0.00661819     0.00345533  -0.00200040
    2    1
  0.04646679  -0.08048283    -0.00000000  -0.00000000    -0.00000000   0.00000000
 -0.00000000   0.00000000    -0.00727709   0.01260429    -0.01816613  -0.01048822
 -0.00000000  -0.00000000    -0.01816613  -0.01048822    -0.00727709   0.01260429
    2    2
  0.14041096  -0.00000000     0.00000000  -0.00000000    -0.00000000   0.00000000
  0.00000000   0.00000000     0.01986230   0.00000000    -0.00000000   0.00000000
 -0.00000000  -0.00000000    -0.00000000   0.00000000     0.01986230   0.00000000
    2    3
 -0.01534279  -0.02657450     0.00000000  -0.00000000    -0.00000000   0.00000000
 -0.00000000   0.00000000     0.00149803   0.00259467     0.01009193  -0.00582658
  0.00000000  -0.00000000     0.01009193  -0.00582658     0.00149803   0.00259467
    2    4
 -0.00465222  -0.03921434    -0.00171125   0.01450618    -0.00171125   0.01450618
 -0.00368624   0.00155991    -0.00169666  -0.00131391    -0.00214072   0.00171563
 -0.00368624   0.00155991    -0.00214072   0.00171563    -0.00169666  -0.00131391
    2    5
  0.01728456  -0.01229807    -0.03248885   0.00952446    -0.03248885   0.00952446
 -0.00573553  -0.00056592    -0.00566737   0.00250670    -0.00492548   0.00065284
 -0.00573553  -0.00056592    -0.00492548   0.00065284    -0.00566737   0.00250670
    2    6
 -0.03163451  -0.02363611     0.01341834   0.00577111    -0.01341834  -0.00577111
  0.00319404  -0.00241242    -0.00028955  -0.00212631    -0.00255614   0.00099610
 -0.00319404   0.00241242    -0.00255614   0.00099610    -0.00028955  -0.00212631
    2    7
  0.01728456   0.01229807    -0.03248885  -0.00952446     0.03248885   0.00952446
 -0.00573553   0.00056592    -0.00566737  -0.00250670     0.00492548   0.00065284
  0.00573553  -0.00056592     0.00492548   0.00065284    -0.00566737  -0.00250670
    2    8
 -0.03163451  -0.02363611    -0.01341834  -0.00577111     0.01341834   0.00577111
 -0.00319404   0.00241242    -0.00028955  -0.00212631    -0.00255614   0.00099610
  0.00319404  -0.00241242    -0.00255614   0.00099610    -0.00028955  -0.00212631
    2    9
  0.01728456   0.01229807     0.03248885   0.00952446    -0.03248885  -0.00952446
  0.00573553  -0.00056592    -0.00566737  -0.00250670     0.00492548   0.00065284
 -0.00573553   0.00056592     0.00492548   0.00065284    -0.00566737  -0.00250670
    2   10
 -0.00465222  -0.03921434     0.00171125  -0.01450618     0.00171125  -0.01450618
  0.00368624  -0.00155991    -0.00169666  -0.00131391    -0.00214072   0.00171563
  0.00368624  -0.00155991    -0.00214072   0.00171563    -0.00169666  -0.00131391
    2   11
  0.01728456  -0.01229807     0.03248885  -0.00952446     0.03248885  -0.00952446
  0.00573553   0.00056592    -0.00566737   0.00250670    -0.00492548   0.00065284
  0.00573553   0.00056592    -0.00492548   0.00065284    -0.00566737   0.00250670
    3    1
  0.04646679   0.08048283    -0.00000000   0.00000000    -0.00000000  -0.00000000
 -0.00000000  -0.00000000    -0.00727709  -0.01260429    -0.01816613   0.01048822
 -0.00000000   0.00000000    -0.01816613   0.01048822    -0.00727709  -0.01260429
    3    2
 -0.01534279   0.02657450     0.00000000   0.00000000    -0.00000000  -0.00000000
 -0.00000000  -0.00000000     0.00149803  -0.00259467     0.01009193   0.00582658
  0.00000000   0.00000000     0.01009193   0.00582658     0.00149803  -0.00259467
    3    3
  0.14041096   0.00000000     0.00000000   0.00000000    -0.00000000  -0.00000000
  0.00000000  -0.00000000     0.01986230  -0.00000000    -0.00000000  -0.00000000
 -0.00000000   0.00000000    -0.00000000  -0.00000000     0.01986230  -0.00000000
    3    4
  0.01728456   0.01229807    -0.03248885  -0.00952446    -0.03248885  -0.00952446
 -0.00573553   0.00056592    -0.00566737  -0.00250670    -0.00492548  -0.00065284
 -0.00573553   0.00056592    -0.00492548  -0.00065284    -0.00566737  -0.00250670
    3    5
 -0.00465222   0.03921434    -0.00171125  -0.01450618    -0.00171125  -0.01450618
 -0.00368624  -0.00155991    -0.00169666   0.00131391    -0.00214072  -0.00171563
 -0.00368624  -0.00155991    -0.00214072  -0.00171563    -0.00169666   0.00131391
    3    6
  0.01728456  -0.01229807    -0.03248885   0.00952446     0.03248885  -0.00952446
 -0.00573553  -0.00056592    -0.00566737   0.00250670     0.00492548  -0.00065284
  0.00573553   0.00056592     0.00492548  -0.00065284    -0.00566737   0.00250670
    3    7
 -0.03163451   0.02363611     0.01341834  -0.00577111    -0.01341834   0.00577111
  0.00319404   0.00241242    -0.00028955   0.00212631    -0.00255614  -0.00099610
 -0.00319404  -0.00241242    -0.00255614  -0.00099610    -0.00028955   0.00212631
    3    8
  0.01728456  -0.01229807     0.03248885  -0.00952446    -0.03248885   0.00952446
  0.00573553   0.00056592    -0.00566737   0.00250670     0.00492548  -0.00065284
 -0.00573553  -0.00056592     0.00492548  -0.00065284    -0.00566737   0.00250670
    3    9
 -0.03163451   0.02363611    -0.01341834   0.00577111     0.01341834  -0.00577111
 -0.00319404  -0.00241242    -0.00028955   0.00212631    -0.00255614  -0.00099610
  0.00319404   0.00241242    -0.00255614  -0.00099610    -0.00028955   0.00212631
    3   10
  0.01728456   0.01229807     0.03248885   0.00952446     0.03248885   0.00952446
  0.00573553  -0.00056592    -0.00566737  -0.00250670    -0.00492548  -0.00065284
  0.00573553  -0.00056592    -0.00492548  -0.00065284    -0.00566737  -0.00250670
    3   11
 -0.00465222   0.03921434     0.00171125   0.01450618     0.00171125   0.01450618
  0.00368624   0.00155991    -0.00169666   0.00131391    -0.00214072  -0.00171563
  0.00368624   0.00155991    -0.00214072  -0.00171563    -0.00169666   0.00131391
    4    1
  0.02321552   0.02109309     0.00869184   0.00363047     0.00869184   0.00363047
 -0.01358568  -0.01679256     0.00345533  -0.00200040     0.00751140  -0.00661819
 -0.01358568  -0.01679256     0.00751140  -0.00661819     0.00345533  -0.00200040
    4    2
 -0.00465222   0.03921434    -0.00368624  -0.00155991    -0.00368624  -0.00155991
 -0.00171125  -0.01450618    -0.00169666   0.00131391    -0.00214072  -0.00171563
 -0.00171125  -0.01450618    -0.00214072  -0.00171563    -0.00169666   0.00131391
    4    3
  0.01728456  -0.01229807    -0.00573553  -0.00056592    -0.00573553  -0.00056592
 -0.03248885   0.00952446    -0.00566737   0.00250670    -0.00492548   0.00065284
 -0.03248885   0.00952446    -0.00492548   0.00065284    -0.00566737   0.00250670
    4    4
  0.04924374  -0.00000000    -0.00964733  -0.00261919    -0.00964733  -0.00261919
 -0.00964733   0.00261919     0.03780141  -0.00000000     0.00467646  -0.00000000
 -0.00964733   0.00261919     0.00467646   0.00000000     0.03780141  -0.00000000
    4    5
  0.01656402  -0.00034543    -0.00244616  -0.00224134    -0.00244616  -0.00224134
 -0.00244616  -0.00224134     0.00812727   0.00040872    -0.00639540   0.00884459
 -0.00244616  -0.00224134    -0.00639540   0.00884459     0.00812727   0.00040872
    4    6
  0.01566268   0.00138566    -0.00850235   0.00662351     0.01016600  -0.00643937
 -0.00850235   0.00662351     0.00000150  -0.01184500    -0.01034734   0.00140218
 -0.01016600   0.00643937     0.01034734  -0.00140218    -0.00310927   0.00861463
    4    7
  0.00404330  -0.00700320     0.00095991  -0.00782338     0.00061385   0.00746947
  0.00629529  -0.00474299    -0.00521592   0.00903423    -0.00219278   0.00551522
  0.00677567  -0.00320313     0.00367993  -0.00465662     0.00963501  -0.01668833
    4    8
  0.01566268   0.00138566     0.01016600  -0.00643937    -0.00850235   0.00662351
 -0.01016600   0.00643937    -0.00310927   0.00861463     0.01034734  -0.00140218
 -0.00850235   0.00662351    -0.01034734   0.00140218     0.00000150  -0.01184500
    4    9
  0.00404330  -0.00700320     0.00061385   0.00746947     0.00095991  -0.00782338
  0.00677567  -0.00320313     0.00963501  -0.01668833     0.00367993  -0.00465662
  0.00629529  -0.00474299    -0.00219278   0.00551522    -0.00521592   0.00903423
    4   10
  0.02287533  -0.00000000     0.01028558   0.00546016     0.01028558   0.00546016
 -0.01028558   0.00546016    -0.01881943   0.00000000     0.00355882  -0.00000000
 -0.01028558   0.00546016     0.00355882   0.00000000    -0.01881943  -0.00000000
    4   11
  0.01955241   0.01301721     0.00755030   0.00608825     0.00755030   0.00608825
 -0.00755030  -0.00608825    -0.01246624   0.00081700     0.00490149  -0.00443739
 -0.00755030  -0.00608825     0.00490149  -0.00443739    -0.01246624   0.00081700
    5    1
  0.02321552  -0.02109309     0.00869184  -0.00363047     0.00869184  -0.00363047
 -0.01358568   0.01679256     0.00345533   0.00200040     0.00751140   0.00661819
 -0.01358568   0.01679256     0.00751140   0.00661819     0.00345533   0.00200040
    5    2
  0.01728456   0.01229807    -0.00573553   0.00056592    -0.00573553   0.00056592
 -0.03248885  -0.00952446    -0.00566737  -0.00250670    -0.00492548  -0.00065284
 -0.03248885  -0.00952446    -0.00492548  -0.00065284    -0.00566737  -0.00250670
    5    3
 -0.00465222  -0.03921434    -0.00368624   0.00155991    -0.00368624   0.00155991
 -0.00171125   0.01450618    -0.00169666  -0.00131391    -0.00214072   0.00171563
 -0.00171125   0.01450618    -0.00214072   0.00171563    -0.00169666  -0.00131391
    5    4
  0.01656402   0.00034543    -0.00244616   0.00224134    -0.00244616   0.00224134
 -0.00244616   0.00224134     0.00812727  -0.00040872    -0.00639540  -0.00884459
 -0.00244616   0.00224134    -0.00639540  -0.00884459     0.00812727  -0.00040872
    5    5
  0.04924374   0.00000000    -0.00964733   0.00261919    -0.00964733   0.00261919
 -0.00964733  -0.00261919     0.03780141   0.00000000     0.00467646   0.00000000
 -0.00964733  -0.00261919     0.00467646  -0.00000000     0.03780141   0.00000000
    5    6
  0.00404330   0.00700320     0.00095991   0.00782338     0.00061385  -0.00746947
  0.00629529   0.00474299    -0.00521592  -0.00903423    -0.00219278  -0.00551522
  0.00677567   0.00320313     0.00367993   0.00465662     0.00963501   0.01668833
    5    7
  0.01566268  -0.00138566    -0.00850235  -0.00662351     0.01016600   0.00643937
 -0.00850235  -0.00662351     0.00000150   0.01184500    -0.01034734  -0.00140218
 -0.01016600  -0.00643937     0.01034734   0.00140218    -0.00310927  -0.00861463
    5    8
  0.00404330   0.00700320     0.00061385  -0.00746947     0.00095991   0.00782338
  0.00677567   0.00320313     0.00963501   0.01668833     0.00367993   0.00465662
  0.00629529   0.00474299    -0.00219278  -0.00551522    -0.00521592  -0.00903423
    5    9
  0.01566268  -0.00138566     0.01016600   0.00643937    -0.00850235  -0.00662351
 -0.01016600  -0.00643937    -0.00310927  -0.00861463     0.01034734   0.00140218
 -0.00850235  -0.00662351    -0.01034734  -0.00140218     0.00000150   0.01184500
    5   10
  0.01955241  -0.01301721     0.00755030  -0.00608825     0.00755030  -0.00608825
 -0.00755030   0.00608825    -0.01246624  -0.00081700     0.00490149   0.00443739
 -0.00755030   0.00608825     0.00490149   0.00443739    -0.01246624  -0.00081700
    5   11
  0.02287533   0.00000000     0.01028558  -0.00546016     0.01028558  -0.00546016
 -0.01028558  -0.00546016    -0.01881943   0.00000000     0.00355882   0.00000000
 -0.01028558  -0.00546016     0.00355882  -0.00000000    -0.01881943   0.00000000
    6    1
  0.00665939   0.03065177    -0.00120184   0.00934259     0.00120184  -0.00934259
 -0.00774995  -0.02016183    -0.00346007   0.00199221     0.00948722  -0.00319597
  0.00774995   0.02016183     0.00948722  -0.00319597    -0.00346007   0.00199221
    6    2
 -0.03163451   0.02363611     0.00319404   0.00241242    -0.00319404  -0.00241242
  0.01341834  -0.00577111    -0.00028955   0.00212631    -0.00255614  -0.00099610
 -0.01341834   0.00577111    -0.00255614  -0.00099610    -0.00028955   0.00212631
    6    3
  0.01728456   0.01229807    -0.00573553   0.00056592     0.00573553  -0.00056592
 -0.03248885  -0.00952446    -0.00566737  -0.00250670     0.00492548   0.00065284
  0.03248885   0.00952446     0.00492548   0.00065284    -0.00566737  -0.00250670
    6    4
  0.01566268  -0.00138566    -0.00850235  -0.00662351    -0.01016600  -0.00643937
 -0.00850235  -0.00662351     0.00000150   0.01184500     0.01034734   0.00140218
  0.01016600   0.00643937    -0.01034734  -0.00140218    -0.00310927  -0.00861463
    6    5
  0.00404330  -0.00700320     0.00629529  -0.00474299     0.00677567  -0.00320313
  0.00095991  -0.00782338    -0.00521592   0.00903423     0.00367993  -0.00465662
  0.00061385   0.00746947    -0.00219278   0.00551522     0.00963501  -0.01668833
    6    6
  0.04924374   0.00000000    -0.00964733   0.00261919     0.00964733  -0.00261919
 -0.00964733  -0.00261919     0.03780141   0.00000000    -0.00467646  -0.00000000
  0.00964733   0.00261919    -0.00467646  -0.00000000     0.03780141   0.00000000
    6    7
 -0.00798285  -0.01451758     0.00316413   0.00099776    -0.00316413  -0.00099776
  0.00316413   0.00099776    -0.00441760  -0.00683406     0.00446194  -0.00996088
 -0.00316413  -0.00099776     0.00446194  -0.00996088    -0.00441760  -0.00683406
    6    8
  0.02287533   0.00000000     0.01028558  -0.00546016    -0.01028558   0.00546016
 -0.01028558  -0.00546016    -0.01881943   0.00000000    -0.00355882   0.00000000
  0.01028558   0.00546016    -0.00355882   0.00000000    -0.01881943   0.00000000
    6    9
 -0.02104944  -0.01042428    -0.00904773  -0.00349463     0.00904773   0.00349463
  0.00904773   0.00349463     0.00552558   0.01120458    -0.00139215   0.00646351
 -0.00904773  -0.00349463    -0.00139215   0.00646351     0.00552558   0.01120458
    6   10
  0.01566268  -0.00138566     0.01016600   0.00643937     0.00850235   0.00662351
 -0.01016600  -0.00643937    -0.00310927  -0.00861463    -0.01034734  -0.00140218
  0.00850235   0.00662351     0.01034734   0.00140218     0.00000150   0.01184500
    6   11
  0.00404330  -0.00700320    -0.00677567   0.00320313    -0.00629529   0.00474299
 -0.00061385  -0.00746947     0.00963501  -0.01668833    -0.00219278   0.00551522
 -0.00095991   0.00782338     0.00367993  -0.00465662    -0.00521592   0.00903423
    7    1
  0.00665939  -0.03065177    -0.00120184  -0.00934259     0.00120184   0.00934259
 -0.00774995   0.02016183    -0.00346007  -0.00199221     0.00948722   0.00319597
  0.00774995  -0.02016183     0.00948722   0.00319597    -0.00346007  -0.00199221
    7    2
  0.01728456  -0.01229807    -0.00573553  -0.00056592     0.00573553   0.00056592
 -0.03248885   0.00952446    -0.00566737   0.00250670     0.00492548  -0.00065284
  0.03248885  -0.00952446     0.00492548  -0.00065284    -0.00566737   0.00250670
    7    3
 -0.03163451  -0.02363611     0.00319404  -0.00241242    -0.00319404   0.00241242
  0.01341834   0.00577111    -0.00028955  -0.00212631    -0.00255614   0.00099610
 -0.01341834  -0.00577111    -0.00255614   0.00099610    -0.00028955  -0.00212631
    7    4
  0.00404330   0.00700320     0.00629529   0.00474299     0.00677567   0.00320313
  0.00095991   0.00782338    -0.00521592  -0.00903423     0.00367993   0.00465662
  0.00061385  -0.00746947    -0.00219278  -0.00551522     0.00963501   0.01668833
    7    5
  0.01566268   0.00138566    -0.00850235   0.00662351    -0.01016600   0.00643937
 -0.00850235   0.00662351     0.00000150  -0.01184500     0.01034734  -0.00140218
  0.01016600  -0.00643937    -0.01034734   0.00140218    -0.00310927   0.00861463
    7    6
 -0.00798285   0.01451758     0.00316413  -0.00099776    -0.00316413   0.00099776
  0.00316413  -0.00099776    -0.00441760   0.00683406     0.00446194   0.00996088
 -0.00316413   0.00099776     0.00446194   0.00996088    -0.00441760   0.00683406
    7    7
  0.04924374  -0.00000000    -0.00964733  -0.00261919     0.00964733   0.00261919
 -0.00964733   0.00261919     0.03780141  -0.00000000    -0.00467646   0.00000000
  0.00964733  -0.00261919    -0.00467646   0.00000000     0.03780141  -0.00000000
    7    8
 -0.02104944   0.01042428    -0.00904773   0.00349463     0.00904773  -0.00349463
  0.00904773  -0.00349463     0.00552558  -0.01120458    -0.00139215  -0.00646351
 -0.00904773   0.00349463    -0.00139215  -0.00646351     0.00552558  -0.01120458
    7    9
  0.02287533  -0.00000000     0.01028558   0.00546016    -0.01028558  -0.00546016
 -0.01028558   0.00546016    -0.01881943  -0.00000000    -0.00355882   0.00000000
  0.01028558  -0.00546016    -0.00355882   0.00000000    -0.01881943  -0.00000000
    7   10
  0.00404330   0.00700320    -0.00677567  -0.00320313    -0.00629529  -0.00474299
 -0.00061385   0.00746947     0.00963501   0.01668833    -0.00219278  -0.00551522
 -0.00095991  -0.00782338     0.00367993   0.00465662    -0.00521592  -0.00903423
    7   11
  0.01566268   0.00138566     0.01016600  -0.00643937     0.00850235  -0.00662351
 -0.01016600   0.00643937    -0.00310927   0.00861463    -0.01034734   0.00140218
  0.00850235  -0.00662351     0.01034734  -0.00140218     0.00000150  -0.01184500
    8    1
  0.00665939   0.03065177     0.00120184  -0.00934259    -0.00120184   0.00934259
  0.00774995   0.02016183    -0.00346007   0.00199221     0.00948722  -0.00319597
 -0.00774995  -0.02016183     0.00948722  -0.00319597    -0.00346007   0.00199221
    8    2
 -0.03163451   0.02363611    -0.00319404  -0.00241242     0.00319404   0.00241242
 -0.01341834   0.00577111    -0.00028955   0.00212631    -0.00255614  -0.00099610
  0.01341834  -0.00577111    -0.00255614  -0.00099610    -0.00028955   0.00212631
    8    3
  0.01728456   0.01229807     0.00573553  -0.00056592    -0.00573553   0.00056592
  0.03248885   0.00952446    -0.00566737  -0.00250670     0.00492548   0.00065284
 -0.03248885  -0.00952446     0.00492548   0.00065284    -0.00566737  -0.00250670
    8    4
  0.01566268  -0.00138566    -0.01016600  -0.00643937    -0.00850235  -0.00662351
  0.01016600   0.00643937    -0.00310927  -0.00861463    -0.01034734  -0.00140218
 -0.00850235  -0.00662351     0.01034734   0.00140218     0.00000150   0.01184500
    8    5
  0.00404330  -0.00700320     0.00677567  -0.00320313     0.00629529  -0.00474299
  0.00061385   0.00746947     0.00963501  -0.01668833    -0.00219278   0.00551522
  0.00095991  -0.00782338     0.00367993  -0.00465662    -0.00521592   0.00903423
    8    6
  0.02287533   0.00000000    -0.01028558   0.00546016     0.01028558  -0.00546016
  0.01028558   0.00546016    -0.01881943  -0.00000000    -0.00355882   0.00000000
 -0.01028558  -0.00546016    -0.00355882   0.00000000    -0.01881943  -0.00000000
    8    7
 -0.02104944  -0.01042428     0.00904773   0.00349463    -0.00904773  -0.00349463
 -0.00904773  -0.00349463     0.00552558   0.01120458    -0.00139215   0.00646351
  0.00904773   0.00349463    -0.00139215   0.00646351     0.00552558   0.01120458
    8    8
  0.04924374   0.00000000     0.00964733  -0.00261919    -0.00964733   0.00261919
  0.00964733   0.00261919     0.03780141  -0.00000000    -0.00467646   0.00000000
 -0.00964733  -0.00261919    -0.00467646   0.00000000     0.03780141  -0.00000000
    8    9
 -0.00798285  -0.01451758    -0.00316413  -0.00099776     0.00316413   0.00099776
 -0.00316413  -0.00099776    -0.00441760  -0.00683406     0.00446194  -0.00996088
  0.00316413   0.00099776     0.00446194  -0.00996088    -0.00441760  -0.00683406
    8   10
  0.01566268  -0.00138566     0.00850235   0.00662351     0.01016600   0.00643937
  0.00850235   0.00662351     0.00000150   0.01184500     0.01034734   0.00140218
 -0.01016600  -0.00643937    -0.01034734  -0.00140218    -0.00310927  -0.00861463
    8   11
  0.00404330  -0.00700320    -0.00629529   0.00474299    -0.00677567   0.00320313
 -0.00095991   0.00782338    -0.00521592   0.00903423     0.00367993  -0.00465662
 -0.00061385  -0.00746947    -0.00219278   0.00551522     0.00963501  -0.01668833
    9    1
  0.00665939  -0.03065177     0.00120184   0.00934259    -0.00120184  -0.00934259
  0.00774995  -0.02016183    -0.00346007  -0.00199221     0.00948722   0.00319597
 -0.00774995   0.02016183     0.00948722   0.00319597    -0.00346007  -0.00199221
    9    2
  0.01728456  -0.01229807     0.00573553   0.00056592    -0.00573553  -0.00056592
  0.03248885  -0.00952446    -0.00566737   0.00250670     0.00492548  -0.00065284
 -0.03248885   0.00952446     0.00492548  -0.00065284    -0.00566737   0.00250670
    9    3
 -0.03163451  -0.02363611    -0.00319404   0.00241242     0.00319404  -0.00241242
 -0.01341834  -0.00577111    -0.00028955  -0.00212631    -0.00255614   0.00099610
  0.01341834   0.00577111    -0.00255614   0.00099610    -0.00028955  -0.00212631
    9    4
  0.00404330   0.00700320     0.00677567   0.00320313     0.00629529   0.00474299
  0.00061385  -0.00746947     0.00963501   0.01668833    -0.00219278  -0.00551522
  0.00095991   0.00782338     0.00367993   0.00465662    -0.00521592  -0.00903423
    9    5
  0.01566268   0.00138566    -0.01016600   0.00643937    -0.00850235   0.00662351
  0.01016600  -0.00643937    -0.00310927   0.00861463    -0.01034734   0.00140218
 -0.00850235   0.00662351     0.01034734  -0.00140218     0.00000150  -0.01184500
    9    6
 -0.02104944   0.01042428     0.00904773  -0.00349463    -0.00904773   0.00349463
 -0.00904773   0.00349463     0.00552558  -0.01120458    -0.00139215  -0.00646351
  0.00904773  -0.00349463    -0.00139215  -0.00646351     0.00552558  -0.01120458
    9    7
  0.02287533  -0.00000000    -0.01028558  -0.00546016     0.01028558   0.00546016
  0.01028558  -0.00546016    -0.01881943  -0.00000000    -0.00355882   0.00000000
 -0.01028558   0.00546016    -0.00355882   0.00000000    -0.01881943  -0.00000000
    9    8
 -0.00798285   0.01451758    -0.00316413   0.00099776     0.00316413  -0.00099776
 -0.00316413   0.00099776    -0.00441760   0.00683406     0.00446194   0.00996088
  0.00316413  -0.00099776     0.00446194   0.00996088    -0.00441760   0.00683406
    9    9
  0.04924374  -0.00000000     0.00964733   0.00261919    -0.00964733  -0.00261919
  0.00964733  -0.00261919     0.03780141   0.00000000    -0.00467646  -0.00000000
 -0.00964733   0.00261919    -0.00467646  -0.00000000     0.03780141   0.00000000
    9   10
  0.00404330   0.00700320    -0.00629529  -0.00474299    -0.00677567  -0.00320313
 -0.00095991  -0.00782338    -0.00521592  -0.00903423     0.00367993   0.00465662
 -0.00061385   0.00746947    -0.00219278  -0.00551522     0.00963501   0.01668833
    9   11
  0.01566268   0.00138566     0.00850235  -0.00662351     0.01016600  -0.00643937
  0.00850235  -0.00662351     0.00000150  -0.01184500     0.01034734  -0.00140218
 -0.01016600   0.00643937    -0.01034734   0.00140218    -0.00310927   0.00861463
   10    1
  0.02321552   0.02109309    -0.00869184  -0.00363047    -0.00869184  -0.00363047
  0.01358568   0.01679256     0.00345533  -0.00200040     0.00751140  -0.00661819
  0.01358568   0.01679256     0.00751140  -0.00661819     0.00345533  -0.00200040
   10    2
 -0.00465222   0.03921434     0.00368624   0.00155991     0.00368624   0.00155991
  0.00171125   0.01450618    -0.00169666   0.00131391    -0.00214072  -0.00171563
  0.00171125   0.01450618    -0.00214072  -0.00171563    -0.00169666   0.00131391
   10    3
  0.01728456  -0.01229807     0.00573553   0.00056592     0.00573553   0.00056592
  0.03248885  -0.00952446    -0.00566737   0.00250670    -0.00492548   0.00065284
  0.03248885  -0.00952446    -0.00492548   0.00065284    -0.00566737   0.00250670
   10    4
  0.02287533   0.00000000    -0.01028558  -0.00546016    -0.01028558  -0.00546016
  0.01028558  -0.00546016    -0.01881943  -0.00000000     0.00355882   0.00000000
  0.01028558  -0.00546016     0.00355882   0.00000000    -0.01881943  -0.00000000
   10    5
  0.01955241   0.01301721    -0.00755030  -0.00608825    -0.00755030  -0.00608825
  0.00755030   0.00608825    -0.01246624   0.00081700     0.00490149  -0.00443739
  0.00755030   0.00608825     0.00490149  -0.00443739    -0.01246624   0.00081700
   10    6
  0.01566268   0.00138566    -0.01016600   0.00643937     0.00850235  -0.00662351
  0.01016600  -0.00643937    -0.00310927   0.00861463     0.01034734  -0.00140218
  0.00850235  -0.00662351    -0.01034734   0.00140218     0.00000150  -0.01184500
   10    7
  0.00404330  -0.00700320    -0.00061385  -0.00746947    -0.00095991   0.00782338
 -0.00677567   0.00320313     0.00963501  -0.01668833     0.00367993  -0.00465662
 -0.00629529   0.00474299    -0.00219278   0.00551522    -0.00521592   0.00903423
   10    8
  0.01566268   0.00138566     0.00850235  -0.00662351    -0.01016600   0.00643937
  0.00850235  -0.00662351     0.00000150  -0.01184500    -0.01034734   0.00140218
  0.01016600  -0.00643937     0.01034734  -0.00140218    -0.00310927   0.00861463
   10    9
  0.00404330  -0.00700320    -0.00095991   0.00782338    -0.00061385  -0.00746947
 -0.00629529   0.00474299    -0.00521592   0.00903423    -0.00219278   0.00551522
 -0.00677567   0.00320313     0.00367993  -0.00465662     0.00963501  -0.01668833
   10   10
  0.04924374  -0.00000000     0.00964733   0.00261919     0.00964733   0.00261919
  0.00964733  -0.00261919     0.03780141  -0.00000000     0.00467646   0.00000000
  0.00964733  -0.00261919     0.00467646  -0.00000000     0.03780141  -0.00000000
   10   11
  0.01656402  -0.00034543     0.00244616   0.00224134     0.00244616   0.00224134
  0.00244616   0.00224134     0.00812727   0.00040872    -0.00639540   0.00884459
  0.00244616   0.00224134    -0.00639540   0.00884459     0.00812727   0.00040872
   11    1
  0.02321552  -0.02109309    -0.00869184   0.00363047    -0.00869184   0.00363047
  0.01358568  -0.01679256     0.00345533   0.00200040     0.00751140   0.00661819
  0.01358568  -0.01679256     0.00751140   0.00661819     0.00345533   0.00200040
   11    2
  0.01728456   0.01229807     0.00573553  -0.00056592     0.00573553  -0.00056592
  0.03248885   0.00952446    -0.00566737  -0.00250670    -0.00492548  -0.00065284
  0.03248885   0.00952446    -0.00492548  -0.00065284    -0.00566737  -0.00250670
   11    3
 -0.00465222  -0.03921434     0.00368624  -0.00155991     0.00368624  -0.00155991
  0.00171125  -0.01450618    -0.00169666  -0.00131391    -0.00214072   0.00171563
  0.00171125  -0.01450618    -0.00214072   0.00171563    -0.00169666  -0.00131391
   11    4
  0.01955241  -0.01301721    -0.00755030   0.00608825    -0.00755030   0.00608825
  0.00755030  -0.00608825    -0.01246624  -0.00081700     0.00490149   0.00443739
  0.00755030  -0.00608825     0.00490149   0.00443739    -0.01246624  -0.00081700
   11    5
  0.02287533  -0.00000000    -0.01028558   0.00546016    -0.01028558   0.00546016
  0.01028558   0.00546016    -0.01881943  -0.00000000     0.00355882   0.00000000
  0.01028558   0.00546016     0.00355882   0.00000000    -0.01881943  -0.00000000
   11    6
  0.00404330   0.00700320    -0.00061385   0.00746947    -0.00095991  -0.00782338
 -0.00677567  -0.00320313     0.00963501   0.01668833     0.00367993   0.00465662
 -0.00629529  -0.00474299    -0.00219278  -0.00551522    -0.00521592  -0.00903423
   11    7
  0.01566268  -0.00138566    -0.01016600  -0.00643937     0.00850235   0.00662351
  0.01016600   0.00643937    -0.00310927  -0.00861463     0.01034734   0.00140218
  0.00850235   0.00662351    -0.01034734  -0.00140218     0.00000150   0.01184500
   11    8
  0.00404330   0.00700320    -0.00095991  -0.00782338    -0.00061385   0.00746947
 -0.00629529  -0.00474299    -0.00521592  -0.00903423    -0.00219278  -0.00551522
 -0.00677567  -0.00320313     0.00367993   0.00465662     0.00963501   0.01668833
   11    9
  0.01566268  -0.00138566     0.00850235   0.00662351    -0.01016600  -0.00643937
  0.00850235   0.00662351     0.00000150   0.01184500    -0.01034734  -0.00140218
  0.01016600   0.00643937     0.01034734   0.00140218    -0.00310927  -0.00861463
   11   10
  0.01656402   0.00034543     0.00244616  -0.00224134     0.00244616  -0.00224134
  0.00244616  -0.00224134     0.00812727  -0.00040872    -0.00639540  -0.00884459
  0.00244616  -0.00224134    -0.00639540  -0.00884459     0.00812727  -0.00040872
   11   11
  0.04924374   0.00000000     0.00964733  -0.00261919     0.00964733  -0.00261919
  0.00964733   0.00261919     0.03780141   0.00000000     0.00467646  -0.00000000
  0.00964733   0.00261919     0.00467646   0.00000000     0.03780141   0.00000000

     Dynamical  Matrix in cartesian axes

     q = (   -0.471404521   0.000000000   0.000000000 ) 

    1    1
  0.30440496   0.00000000     0.00000000   0.00000000     0.00000000   0.00000000
 -0.00000000   0.00000000     0.08520826   0.00000000    -0.00000000   0.00000000
 -0.00000000   0.00000000     0.00000000   0.00000000     0.08520826   0.00000000
    1    2
  0.04646679  -0.08048283     0.00000000   0.00000000     0.00000000  -0.00000000
 -0.00000000  -0.00000000    -0.00727709   0.01260429    -0.01816613  -0.01048822
 -0.00000000   0.00000000    -0.01816613  -0.01048822    -0.00727709   0.01260429
    1    3
  0.04646679   0.08048283     0.00000000   0.00000000     0.00000000   0.00000000
  0.00000000  -0.00000000    -0.00727709  -0.01260429    -0.01816613   0.01048822
  0.00000000   0.00000000    -0.01816613   0.01048822    -0.00727709  -0.01260429
    1    4
  0.02321552   0.02109309    -0.01358568  -0.01679256    -0.01358568  -0.01679256
  0.00869184   0.00363047     0.00345533  -0.00200040     0.00751140  -0.00661819
  0.00869184   0.00363047     0.00751140  -0.00661819     0.00345533  -0.00200040
    1    5
  0.02321552  -0.02109309    -0.01358568   0.01679256    -0.01358568   0.01679256
  0.00869184  -0.00363047     0.00345533   0.00200040     0.00751140   0.00661819
  0.00869184  -0.00363047     0.00751140   0.00661819     0.00345533   0.00200040
    1    6
  0.00665939   0.03065177    -0.00774995  -0.02016183     0.00774995   0.02016183
 -0.00120184   0.00934259    -0.00346007   0.00199221     0.00948722  -0.00319597
  0.00120184  -0.00934259     0.00948722  -0.00319597    -0.00346007   0.00199221
    1    7
  0.00665939  -0.03065177    -0.00774995   0.02016183     0.00774995  -0.02016183
 -0.00120184  -0.00934259    -0.00346007  -0.00199221     0.00948722   0.00319597
  0.00120184   0.00934259     0.00948722   0.00319597    -0.00346007  -0.00199221
    1    8
  0.00665939   0.03065177     0.00774995   0.02016183    -0.00774995  -0.02016183
  0.00120184  -0.00934259    -0.00346007   0.00199221     0.00948722  -0.00319597
 -0.00120184   0.00934259     0.00948722  -0.00319597    -0.00346007   0.00199221
    1    9
  0.00665939  -0.03065177     0.00774995  -0.02016183    -0.00774995   0.02016183
  0.00120184   0.00934259    -0.00346007  -0.00199221     0.00948722   0.00319597
 -0.00120184  -0.00934259     0.00948722   0.00319597    -0.00346007  -0.00199221
    1   10
  0.02321552   0.02109309     0.01358568   0.01679256     0.01358568   0.01679256
 -0.00869184  -0.00363047     0.00345533  -0.00200040     0.00751140  -0.00661819
 -0.00869184  -0.00363047     0.00751140  -0.00661819     0.00345533  -0.00200040
    1   11
  0.02321552  -0.02109309     0.01358568  -0.01679256     0.01358568  -0.01679256
 -0.00869184   0.00363047     0.00345533   0.00200040     0.00751140   0.00661819
 -0.00869184   0.00363047     0.00751140   0.00661819     0.00345533   0.00200040
    2    1
  0.04646679   0.08048283    -0.00000000   0.00000000     0.00000000  -0.00000000
 -0.00000000  -0.00000000    -0.00727709  -0.01260429    -0.01816613   0.01048822
  0.00000000   0.00000000    -0.01816613   0.01048822    -0.00727709  -0.01260429
    2    2
  0.14041096   0.00000000     0.00000000  -0.00000000     0.00000000   0.00000000
 -0.00000000   0.00000000     0.01986230   0.00000000    -0.00000000  -0.00000000
  0.00000000  -0.00000000    -0.00000000  -0.00000000     0.01986230  -0.00000000
    2    3
 -0.01534279   0.02657450     0.00000000   0.00000000     0.00000000  -0.00000000
  0.00000000   0.00000000     0.00149803  -0.00259467     0.01009193   0.00582658
  0.00000000  -0.00000000     0.01009193   0.00582658     0.00149803  -0.00259467
    2    4
 -0.00465222   0.03921434    -0.00171125  -0.01450618    -0.00171125  -0.01450618
 -0.00368624  -0.00155991    -0.00169666   0.00131391    -0.00214072  -0.00171563
 -0.00368624  -0.00155991    -0.00214072  -0.00171563    -0.00169666   0.00131391
    2    5
  0.01728456   0.01229807    -0.03248885  -0.00952446    -0.03248885  -0.00952446
 -0.00573553   0.00056592    -0.00566737  -0.00250670    -0.00492548  -0.00065284
 -0.00573553   0.00056592    -0.00492548  -0.00065284    -0.00566737  -0.00250670
    2    6
 -0.03163451   0.02363611     0.01341834  -0.00577111    -0.01341834   0.00577111
  0.00319404   0.00241242    -0.00028955   0.00212631    -0.00255614  -0.00099610
 -0.00319404  -0.00241242    -0.00255614  -0.00099610    -0.00028955   0.00212631
    2    7
  0.01728456  -0.01229807    -0.03248885   0.00952446     0.03248885  -0.00952446
 -0.00573553  -0.00056592    -0.00566737   0.00250670     0.00492548  -0.00065284
  0.00573553   0.00056592     0.00492548  -0.00065284    -0.00566737   0.00250670
    2    8
 -0.03163451   0.02363611    -0.01341834   0.00577111     0.01341834  -0.00577111
 -0.00319404  -0.00241242    -0.00028955   0.00212631    -0.00255614  -0.00099610
  0.00319404   0.00241242    -0.00255614  -0.00099610    -0.00028955   0.00212631
    2    9
  0.01728456  -0.01229807     0.03248885  -0.00952446    -0.03248885   0.00952446
  0.00573553   0.00056592    -0.00566737   0.00250670     0.00492548  -0.00065284
 -0.00573553  -0.00056592     0.00492548  -0.00065284    -0.00566737   0.00250670
    2   10
 -0.00465222   0.03921434     0.00171125   0.01450618     0.00171125   0.01450618
  0.00368624   0.00155991    -0.00169666   0.00131391    -0.00214072  -0.00171563
  0.00368624   0.00155991    -0.00214072  -0.00171563    -0.00169666   0.00131391
    2   11
  0.01728456   0.01229807     0.03248885   0.00952446     0.03248885   0.00952446
  0.00573553  -0.00056592    -0.00566737  -0.00250670    -0.00492548  -0.00065284
  0.00573553  -0.00056592    -0.00492548  -0.00065284    -0.00566737  -0.00250670
    3    1
  0.04646679  -0.08048283     0.00000000   0.00000000     0.00000000  -0.00000000
  0.00000000   0.00000000    -0.00727709   0.01260429    -0.01816613  -0.01048822
 -0.00000000   0.00000000    -0.01816613  -0.01048822    -0.00727709   0.01260429
    3    2
 -0.01534279  -0.02657450     0.00000000  -0.00000000     0.00000000   0.00000000
  0.00000000  -0.00000000     0.00149803   0.00259467     0.01009193  -0.00582658
  0.00000000   0.00000000     0.01009193  -0.00582658     0.00149803   0.00259467
    3    3
  0.14041096  -0.00000000     0.00000000   0.00000000     0.00000000  -0.00000000
 -0.00000000  -0.00000000     0.01986230  -0.00000000    -0.00000000   0.00000000
  0.00000000   0.00000000    -0.00000000   0.00000000     0.01986230   0.00000000
    3    4
  0.01728456  -0.01229807    -0.03248885   0.00952446    -0.03248885   0.00952446
 -0.00573553  -0.00056592    -0.00566737   0.00250670    -0.00492548   0.00065284
 -0.00573553  -0.00056592    -0.00492548   0.00065284    -0.00566737   0.00250670
    3    5
 -0.00465222  -0.03921434    -0.00171125   0.01450618    -0.00171125   0.01450618
 -0.00368624   0.00155991    -0.00169666  -0.00131391    -0.00214072   0.00171563
 -0.00368624   0.00155991    -0.00214072   0.00171563    -0.00169666  -0.00131391
    3    6
  0.01728456   0.01229807    -0.03248885  -0.00952446     0.03248885   0.00952446
 -0.00573553   0.00056592    -0.00566737  -0.00250670     0.00492548   0.00065284
  0.00573553  -0.00056592     0.00492548   0.00065284    -0.00566737  -0.00250670
    3    7
 -0.03163451  -0.02363611     0.01341834   0.00577111    -0.01341834  -0.00577111
  0.00319404  -0.00241242    -0.00028955  -0.00212631    -0.00255614   0.00099610
 -0.00319404   0.00241242    -0.00255614   0.00099610    -0.00028955  -0.00212631
    3    8
  0.01728456   0.01229807     0.03248885   0.00952446    -0.03248885  -0.00952446
  0.00573553  -0.00056592    -0.00566737  -0.00250670     0.00492548   0.00065284
 -0.00573553   0.00056592     0.00492548   0.00065284    -0.00566737  -0.00250670
    3    9
 -0.03163451  -0.02363611    -0.01341834  -0.00577111     0.01341834   0.00577111
 -0.00319404   0.00241242    -0.00028955  -0.00212631    -0.00255614   0.00099610
  0.00319404  -0.00241242    -0.00255614   0.00099610    -0.00028955  -0.00212631
    3   10
  0.01728456  -0.01229807     0.03248885  -0.00952446     0.03248885  -0.00952446
  0.00573553   0.00056592    -0.00566737   0.00250670    -0.00492548   0.00065284
  0.00573553   0.00056592    -0.00492548   0.00065284    -0.00566737   0.00250670
    3   11
 -0.00465222  -0.03921434     0.00171125  -0.01450618     0.00171125  -0.01450618
  0.00368624  -0.00155991    -0.00169666  -0.00131391    -0.00214072   0.00171563
  0.00368624  -0.00155991    -0.00214072   0.00171563    -0.00169666  -0.00131391
    4    1
  0.02321552  -0.02109309     0.00869184  -0.00363047     0.00869184  -0.00363047
