  5.000000000000000E-003   1.62511788006490        4.79468378787768     
           3

     Dynamical  Matrix in cartesian axes

     q = (   -0.707106781   0.000000000   0.000000000 ) 

    1    1
  0.12239682   0.00000000    -0.00000000   0.00000000     0.00000000   0.00000000
 -0.00000000   0.00000000     0.03611670   0.00000000    -0.00000000   0.00000000
  0.00000000   0.00000000    -0.00000000   0.00000000     0.03611670   0.00000000
    1    2
 -0.00000000  -0.00000000     0.00000000   0.00000000     0.00000000  -0.00000000
  0.00000000   0.00000000     0.00000000   0.00000000    -0.01793209  -0.00000000
  0.00000000   0.00000000    -0.01793209  -0.00000000    -0.00000000   0.00000000
    1    3
 -0.00000000   0.00000000     0.00000000   0.00000000     0.00000000   0.00000000
  0.00000000   0.00000000     0.00000000  -0.00000000    -0.01793209   0.00000000
  0.00000000   0.00000000    -0.01793209   0.00000000     0.00000000  -0.00000000
    1    4
 -0.01078150   0.00000000     0.00496689  -0.00000000     0.00496689  -0.00000000
 -0.00059621   0.00000000     0.00317601  -0.00000000     0.00870316  -0.00000000
 -0.00059621   0.00000000     0.00870316  -0.00000000     0.00317601  -0.00000000
    1    5
 -0.01078150   0.00000000     0.00496689  -0.00000000     0.00496689  -0.00000000
 -0.00059621   0.00000000     0.00317601  -0.00000000     0.00870316  -0.00000000
 -0.00059621   0.00000000     0.00870316  -0.00000000     0.00317601  -0.00000000
    1    6
  0.01078150  -0.00000000    -0.00496689   0.00000000     0.00496689  -0.00000000
  0.00059621  -0.00000000    -0.00317601   0.00000000     0.00870316  -0.00000000
 -0.00059621   0.00000000     0.00870316  -0.00000000    -0.00317601   0.00000000
    1    7
  0.01078150  -0.00000000    -0.00496689   0.00000000     0.00496689  -0.00000000
  0.00059621  -0.00000000    -0.00317601   0.00000000     0.00870316  -0.00000000
 -0.00059621   0.00000000     0.00870316  -0.00000000    -0.00317601   0.00000000
    1    8
  0.01078150  -0.00000000     0.00496689  -0.00000000    -0.00496689   0.00000000
 -0.00059621   0.00000000    -0.00317601   0.00000000     0.00870316  -0.00000000
  0.00059621  -0.00000000     0.00870316  -0.00000000    -0.00317601   0.00000000
    1    9
  0.01078150  -0.00000000     0.00496689  -0.00000000    -0.00496689   0.00000000
 -0.00059621   0.00000000    -0.00317601   0.00000000     0.00870316  -0.00000000
  0.00059621  -0.00000000     0.00870316  -0.00000000    -0.00317601   0.00000000
    1   10
 -0.01078150   0.00000000    -0.00496689   0.00000000    -0.00496689   0.00000000
  0.00059621  -0.00000000     0.00317601  -0.00000000     0.00870316  -0.00000000
  0.00059621  -0.00000000     0.00870316  -0.00000000     0.00317601  -0.00000000
    1   11
 -0.01078150   0.00000000    -0.00496689   0.00000000    -0.00496689   0.00000000
  0.00059621  -0.00000000     0.00317601  -0.00000000     0.00870316  -0.00000000
  0.00059621  -0.00000000     0.00870316  -0.00000000     0.00317601  -0.00000000
    2    1
 -0.00000000   0.00000000     0.00000000  -0.00000000     0.00000000  -0.00000000
 -0.00000000  -0.00000000     0.00000000  -0.00000000    -0.01793209   0.00000000
  0.00000000  -0.00000000    -0.01793209   0.00000000    -0.00000000  -0.00000000
    2    2
  0.25347774   0.00000000     0.00000000   0.00000000     0.00000000   0.00000000
  0.00000000   0.00000000     0.05760625   0.00000000     0.00000000   0.00000000
  0.00000000   0.00000000     0.00000000   0.00000000     0.05760625   0.00000000
    2    3
 -0.06967020   0.00000000     0.00000000   0.00000000     0.00000000   0.00000000
  0.00000000  -0.00000000    -0.02339667   0.00000000     0.00000000  -0.00000000
  0.00000000   0.00000000     0.00000000  -0.00000000    -0.02339667   0.00000000
    2    4
 -0.02010348   0.00000000     0.01093746  -0.00000000     0.01093746  -0.00000000
  0.00752236  -0.00000000     0.00399757  -0.00000000     0.02495783  -0.00000000
  0.00752236  -0.00000000     0.02495783  -0.00000000     0.00399757  -0.00000000
    2    5
 -0.00131709   0.00000000    -0.04798604   0.00000000    -0.04798604   0.00000000
 -0.00927590   0.00000000    -0.01971682   0.00000000    -0.02850923   0.00000000
 -0.00927590   0.00000000    -0.02850923   0.00000000    -0.01971682   0.00000000
    2    6
 -0.02010348   0.00000000     0.01093746  -0.00000000    -0.01093746   0.00000000
  0.00752236  -0.00000000     0.00399757  -0.00000000    -0.02495783   0.00000000
 -0.00752236   0.00000000    -0.02495783   0.00000000     0.00399757  -0.00000000
    2    7
 -0.00131709   0.00000000    -0.04798604   0.00000000     0.04798604  -0.00000000
 -0.00927590   0.00000000    -0.01971682   0.00000000     0.02850923  -0.00000000
  0.00927590  -0.00000000     0.02850923  -0.00000000    -0.01971682   0.00000000
    2    8
 -0.02010348   0.00000000    -0.01093746   0.00000000     0.01093746  -0.00000000
 -0.00752236   0.00000000     0.00399757  -0.00000000    -0.02495783   0.00000000
  0.00752236  -0.00000000    -0.02495783   0.00000000     0.00399757  -0.00000000
    2    9
 -0.00131709   0.00000000     0.04798604  -0.00000000    -0.04798604   0.00000000
  0.00927590  -0.00000000    -0.01971682   0.00000000     0.02850923  -0.00000000
 -0.00927590   0.00000000     0.02850923  -0.00000000    -0.01971682   0.00000000
    2   10
 -0.02010348   0.00000000    -0.01093746   0.00000000    -0.01093746   0.00000000
 -0.00752236   0.00000000     0.00399757  -0.00000000     0.02495783  -0.00000000
 -0.00752236   0.00000000     0.02495783  -0.00000000     0.00399757  -0.00000000
    2   11
 -0.00131709   0.00000000     0.04798604  -0.00000000     0.04798604  -0.00000000
  0.00927590  -0.00000000    -0.01971682   0.00000000    -0.02850923   0.00000000
  0.00927590  -0.00000000    -0.02850923   0.00000000    -0.01971682   0.00000000
    3    1
 -0.00000000  -0.00000000     0.00000000   0.00000000     0.00000000   0.00000000
  0.00000000   0.00000000    -0.00000000   0.00000000    -0.01793209  -0.00000000
 -0.00000000   0.00000000    -0.01793209  -0.00000000     0.00000000   0.00000000
    3    2
 -0.06967020  -0.00000000     0.00000000   0.00000000    -0.00000000  -0.00000000
  0.00000000  -0.00000000    -0.02339667  -0.00000000    -0.00000000   0.00000000
 -0.00000000   0.00000000    -0.00000000   0.00000000    -0.02339667  -0.00000000
    3    3
  0.25347774   0.00000000     0.00000000   0.00000000     0.00000000   0.00000000
  0.00000000   0.00000000     0.05760625   0.00000000     0.00000000   0.00000000
  0.00000000   0.00000000     0.00000000   0.00000000     0.05760625   0.00000000
    3    4
 -0.00131709   0.00000000    -0.04798604   0.00000000    -0.04798604   0.00000000
 -0.00927590   0.00000000    -0.01971682   0.00000000    -0.02850923   0.00000000
 -0.00927590   0.00000000    -0.02850923   0.00000000    -0.01971682   0.00000000
    3    5
 -0.02010348   0.00000000     0.01093746  -0.00000000     0.01093746  -0.00000000
  0.00752236  -0.00000000     0.00399757  -0.00000000     0.02495783  -0.00000000
  0.00752236  -0.00000000     0.02495783  -0.00000000     0.00399757  -0.00000000
    3    6
 -0.00131709   0.00000000    -0.04798604   0.00000000     0.04798604  -0.00000000
 -0.00927590   0.00000000    -0.01971682   0.00000000     0.02850923  -0.00000000
  0.00927590  -0.00000000     0.02850923  -0.00000000    -0.01971682   0.00000000
    3    7
 -0.02010348  -0.00000000     0.01093746   0.00000000    -0.01093746  -0.00000000
  0.00752236   0.00000000     0.00399757   0.00000000    -0.02495783  -0.00000000
 -0.00752236  -0.00000000    -0.02495783  -0.00000000     0.00399757   0.00000000
    3    8
 -0.00131709   0.00000000     0.04798604  -0.00000000    -0.04798604   0.00000000
  0.00927590  -0.00000000    -0.01971682   0.00000000     0.02850923  -0.00000000
 -0.00927590   0.00000000     0.02850923  -0.00000000    -0.01971682   0.00000000
    3    9
 -0.02010348  -0.00000000    -0.01093746  -0.00000000     0.01093746   0.00000000
 -0.00752236  -0.00000000     0.00399757   0.00000000    -0.02495783  -0.00000000
  0.00752236   0.00000000    -0.02495783  -0.00000000     0.00399757   0.00000000
    3   10
 -0.00131709   0.00000000     0.04798604  -0.00000000     0.04798604  -0.00000000
  0.00927590  -0.00000000    -0.01971682   0.00000000    -0.02850923   0.00000000
  0.00927590  -0.00000000    -0.02850923   0.00000000    -0.01971682   0.00000000
    3   11
 -0.02010348   0.00000000    -0.01093746   0.00000000    -0.01093746   0.00000000
 -0.00752236   0.00000000     0.00399757  -0.00000000     0.02495783  -0.00000000
 -0.00752236   0.00000000     0.02495783  -0.00000000     0.00399757  -0.00000000
    4    1
 -0.01078150  -0.00000000    -0.00059621  -0.00000000    -0.00059621  -0.00000000
  0.00496689   0.00000000     0.00317601   0.00000000     0.00870316   0.00000000
  0.00496689   0.00000000     0.00870316   0.00000000     0.00317601   0.00000000
    4    2
 -0.02010348  -0.00000000     0.00752236   0.00000000     0.00752236   0.00000000
  0.01093746   0.00000000     0.00399757   0.00000000     0.02495783   0.00000000
  0.01093746   0.00000000     0.02495783   0.00000000     0.00399757   0.00000000
    4    3
 -0.00131709  -0.00000000    -0.00927590  -0.00000000    -0.00927590  -0.00000000
 -0.04798604  -0.00000000    -0.01971682  -0.00000000    -0.02850923  -0.00000000
 -0.04798604  -0.00000000    -0.02850923  -0.00000000    -0.01971682  -0.00000000
    4    4
  0.05313663   0.00000000    -0.01131775   0.00000000    -0.01131775   0.00000000
 -0.01131775   0.00000000     0.08198483   0.00000000     0.03635574   0.00000000
 -0.01131775   0.00000000     0.03635574   0.00000000     0.08198483   0.00000000
    4    5
 -0.01790417  -0.00000000     0.00910816   0.00000000     0.00910816   0.00000000
  0.00910816   0.00000000    -0.02474647  -0.00000000    -0.03000860  -0.00000000
  0.00910816   0.00000000    -0.03000860  -0.00000000    -0.02474647  -0.00000000
    4    6
  0.01153979   0.00000000     0.00036954   0.00000000    -0.00435563  -0.00000000
  0.00036954  -0.00000000    -0.02019269  -0.00000000     0.00509530   0.00000000
  0.00435563   0.00000000    -0.00509530  -0.00000000    -0.00518271  -0.00000000
    4    7
 -0.01608533  -0.00000000     0.00738716   0.00000000    -0.00197550  -0.00000000
  0.00738716   0.00000000     0.01019785   0.00000000    -0.00870256  -0.00000000
  0.00197550   0.00000000     0.00870256   0.00000000     0.03158160   0.00000000
    4    8
  0.01153979   0.00000000    -0.00435563  -0.00000000     0.00036954   0.00000000
  0.00435563   0.00000000    -0.00518271  -0.00000000    -0.00509530  -0.00000000
  0.00036954  -0.00000000     0.00509530   0.00000000    -0.02019269  -0.00000000
    4    9
 -0.01608533  -0.00000000    -0.00197550  -0.00000000     0.00738716   0.00000000
  0.00197550   0.00000000     0.03158160   0.00000000     0.00870256   0.00000000
  0.00738716   0.00000000    -0.00870256  -0.00000000     0.01019785   0.00000000
    4   10
  0.01990430  -0.00000000     0.01983177   0.00000000     0.01983177   0.00000000
 -0.01983177   0.00000000    -0.01120253  -0.00000000     0.00562036   0.00000000
 -0.01983177   0.00000000     0.00562036   0.00000000    -0.01120253  -0.00000000
    4   11
 -0.03341105  -0.00000000    -0.02522861  -0.00000000    -0.02522861  -0.00000000
  0.02522861   0.00000000    -0.01585238  -0.00000000    -0.00447782  -0.00000000
  0.02522861   0.00000000    -0.00447782  -0.00000000    -0.01585238  -0.00000000
    5    1
 -0.01078150  -0.00000000    -0.00059621  -0.00000000    -0.00059621  -0.00000000
  0.00496689   0.00000000     0.00317601   0.00000000     0.00870316   0.00000000
  0.00496689   0.00000000     0.00870316   0.00000000     0.00317601   0.00000000
    5    2
 -0.00131709  -0.00000000    -0.00927590  -0.00000000    -0.00927590  -0.00000000
 -0.04798604  -0.00000000    -0.01971682  -0.00000000    -0.02850923  -0.00000000
 -0.04798604  -0.00000000    -0.02850923  -0.00000000    -0.01971682  -0.00000000
    5    3
 -0.02010348  -0.00000000     0.00752236   0.00000000     0.00752236   0.00000000
  0.01093746   0.00000000     0.00399757   0.00000000     0.02495783   0.00000000
  0.01093746   0.00000000     0.02495783   0.00000000     0.00399757   0.00000000
    5    4
 -0.01790417   0.00000000     0.00910816  -0.00000000     0.00910816  -0.00000000
  0.00910816  -0.00000000    -0.02474647   0.00000000    -0.03000860   0.00000000
  0.00910816  -0.00000000    -0.03000860   0.00000000    -0.02474647   0.00000000
    5    5
  0.05313663   0.00000000    -0.01131775   0.00000000    -0.01131775   0.00000000
 -0.01131775   0.00000000     0.08198483   0.00000000     0.03635574   0.00000000
 -0.01131775   0.00000000     0.03635574   0.00000000     0.08198483   0.00000000
    5    6
 -0.01608533   0.00000000     0.00738716  -0.00000000    -0.00197550   0.00000000
  0.00738716  -0.00000000     0.01019785  -0.00000000    -0.00870256   0.00000000
  0.00197550  -0.00000000     0.00870256  -0.00000000     0.03158160  -0.00000000
    5    7
  0.01153979   0.00000000     0.00036954   0.00000000    -0.00435563  -0.00000000
  0.00036954   0.00000000    -0.02019269  -0.00000000     0.00509530   0.00000000
  0.00435563   0.00000000    -0.00509530  -0.00000000    -0.00518271  -0.00000000
    5    8
 -0.01608533   0.00000000    -0.00197550   0.00000000     0.00738716  -0.00000000
  0.00197550  -0.00000000     0.03158160  -0.00000000     0.00870256  -0.00000000
  0.00738716  -0.00000000    -0.00870256   0.00000000     0.01019785  -0.00000000
    5    9
  0.01153979   0.00000000    -0.00435563  -0.00000000     0.00036954   0.00000000
  0.00435563   0.00000000    -0.00518271  -0.00000000    -0.00509530  -0.00000000
  0.00036954   0.00000000     0.00509530   0.00000000    -0.02019269  -0.00000000
    5   10
 -0.03341105   0.00000000    -0.02522861   0.00000000    -0.02522861   0.00000000
  0.02522861  -0.00000000    -0.01585238   0.00000000    -0.00447782   0.00000000
  0.02522861  -0.00000000    -0.00447782   0.00000000    -0.01585238   0.00000000
    5   11
  0.01990430   0.00000000     0.01983177  -0.00000000     0.01983177  -0.00000000
 -0.01983177  -0.00000000    -0.01120253   0.00000000     0.00562036  -0.00000000
 -0.01983177  -0.00000000     0.00562036  -0.00000000    -0.01120253   0.00000000
    6    1
  0.01078150   0.00000000     0.00059621   0.00000000    -0.00059621  -0.00000000
 -0.00496689  -0.00000000    -0.00317601  -0.00000000     0.00870316   0.00000000
  0.00496689   0.00000000     0.00870316   0.00000000    -0.00317601  -0.00000000
    6    2
 -0.02010348  -0.00000000     0.00752236   0.00000000    -0.00752236  -0.00000000
  0.01093746   0.00000000     0.00399757   0.00000000    -0.02495783  -0.00000000
 -0.01093746  -0.00000000    -0.02495783  -0.00000000     0.00399757   0.00000000
    6    3
 -0.00131709  -0.00000000    -0.00927590  -0.00000000     0.00927590   0.00000000
 -0.04798604  -0.00000000    -0.01971682  -0.00000000     0.02850923   0.00000000
  0.04798604   0.00000000     0.02850923   0.00000000    -0.01971682  -0.00000000
    6    4
  0.01153979  -0.00000000     0.00036954   0.00000000     0.00435563  -0.00000000
  0.00036954  -0.00000000    -0.02019269   0.00000000    -0.00509530   0.00000000
 -0.00435563   0.00000000     0.00509530  -0.00000000    -0.00518271   0.00000000
    6    5
 -0.01608533  -0.00000000     0.00738716   0.00000000     0.00197550   0.00000000
  0.00738716   0.00000000     0.01019785   0.00000000     0.00870256   0.00000000
 -0.00197550  -0.00000000    -0.00870256  -0.00000000     0.03158160   0.00000000
    6    6
  0.05313663   0.00000000    -0.01131775   0.00000000     0.01131775   0.00000000
 -0.01131775   0.00000000     0.08198483   0.00000000    -0.03635574   0.00000000
  0.01131775   0.00000000    -0.03635574   0.00000000     0.08198483   0.00000000
    6    7
 -0.01790417  -0.00000000     0.00910816   0.00000000    -0.00910816  -0.00000000
  0.00910816   0.00000000    -0.02474647  -0.00000000     0.03000860   0.00000000
 -0.00910816  -0.00000000     0.03000860   0.00000000    -0.02474647  -0.00000000
    6    8
  0.01990430   0.00000000     0.01983177  -0.00000000    -0.01983177   0.00000000
 -0.01983177  -0.00000000    -0.01120253   0.00000000    -0.00562036  -0.00000000
  0.01983177   0.00000000    -0.00562036  -0.00000000    -0.01120253   0.00000000
    6    9
 -0.03341105  -0.00000000    -0.02522861  -0.00000000     0.02522861   0.00000000
  0.02522861   0.00000000    -0.01585238  -0.00000000     0.00447782   0.00000000
 -0.02522861  -0.00000000     0.00447782   0.00000000    -0.01585238  -0.00000000
    6   10
  0.01153979  -0.00000000    -0.00435563   0.00000000    -0.00036954  -0.00000000
  0.00435563  -0.00000000    -0.00518271   0.00000000     0.00509530  -0.00000000
 -0.00036954   0.00000000    -0.00509530   0.00000000    -0.02019269   0.00000000
    6   11
 -0.01608533  -0.00000000    -0.00197550  -0.00000000    -0.00738716  -0.00000000
  0.00197550   0.00000000     0.03158160   0.00000000    -0.00870256  -0.00000000
 -0.00738716  -0.00000000     0.00870256   0.00000000     0.01019785   0.00000000
    7    1
  0.01078150   0.00000000     0.00059621   0.00000000    -0.00059621  -0.00000000
 -0.00496689  -0.00000000    -0.00317601  -0.00000000     0.00870316   0.00000000
  0.00496689   0.00000000     0.00870316   0.00000000    -0.00317601  -0.00000000
    7    2
 -0.00131709  -0.00000000    -0.00927590  -0.00000000     0.00927590   0.00000000
 -0.04798604  -0.00000000    -0.01971682  -0.00000000     0.02850923   0.00000000
  0.04798604   0.00000000     0.02850923   0.00000000    -0.01971682  -0.00000000
    7    3
 -0.02010348   0.00000000     0.00752236  -0.00000000    -0.00752236   0.00000000
  0.01093746  -0.00000000     0.00399757  -0.00000000    -0.02495783   0.00000000
 -0.01093746   0.00000000    -0.02495783   0.00000000     0.00399757  -0.00000000
    7    4
 -0.01608533   0.00000000     0.00738716  -0.00000000     0.00197550  -0.00000000
  0.00738716  -0.00000000     0.01019785  -0.00000000     0.00870256  -0.00000000
 -0.00197550   0.00000000    -0.00870256   0.00000000     0.03158160  -0.00000000
    7    5
  0.01153979  -0.00000000     0.00036954  -0.00000000     0.00435563  -0.00000000
  0.00036954  -0.00000000    -0.02019269   0.00000000    -0.00509530   0.00000000
 -0.00435563   0.00000000     0.00509530  -0.00000000    -0.00518271   0.00000000
    7    6
 -0.01790417   0.00000000     0.00910816  -0.00000000    -0.00910816   0.00000000
  0.00910816  -0.00000000    -0.02474647   0.00000000     0.03000860  -0.00000000
 -0.00910816   0.00000000     0.03000860  -0.00000000    -0.02474647   0.00000000
    7    7
  0.05313663   0.00000000    -0.01131775   0.00000000     0.01131775   0.00000000
 -0.01131775   0.00000000     0.08198483   0.00000000    -0.03635574   0.00000000
  0.01131775   0.00000000    -0.03635574   0.00000000     0.08198483   0.00000000
    7    8
 -0.03341105   0.00000000    -0.02522861   0.00000000     0.02522861  -0.00000000
  0.02522861  -0.00000000    -0.01585238   0.00000000     0.00447782  -0.00000000
 -0.02522861   0.00000000     0.00447782  -0.00000000    -0.01585238   0.00000000
    7    9
  0.01990430   0.00000000     0.01983177   0.00000000    -0.01983177   0.00000000
 -0.01983177   0.00000000    -0.01120253   0.00000000    -0.00562036   0.00000000
  0.01983177   0.00000000    -0.00562036   0.00000000    -0.01120253   0.00000000
    7   10
 -0.01608533   0.00000000    -0.00197550   0.00000000    -0.00738716   0.00000000
  0.00197550  -0.00000000     0.03158160  -0.00000000    -0.00870256   0.00000000
 -0.00738716   0.00000000     0.00870256  -0.00000000     0.01019785  -0.00000000
    7   11
  0.01153979  -0.00000000    -0.00435563   0.00000000    -0.00036954   0.00000000
  0.00435563  -0.00000000    -0.00518271   0.00000000     0.00509530  -0.00000000
 -0.00036954   0.00000000    -0.00509530   0.00000000    -0.02019269   0.00000000
    8    1
  0.01078150   0.00000000    -0.00059621  -0.00000000     0.00059621   0.00000000
  0.00496689   0.00000000    -0.00317601  -0.00000000     0.00870316   0.00000000
 -0.00496689  -0.00000000     0.00870316   0.00000000    -0.00317601  -0.00000000
    8    2
 -0.02010348  -0.00000000    -0.00752236  -0.00000000     0.00752236   0.00000000
 -0.01093746  -0.00000000     0.00399757   0.00000000    -0.02495783  -0.00000000
  0.01093746   0.00000000    -0.02495783  -0.00000000     0.00399757   0.00000000
    8    3
 -0.00131709  -0.00000000     0.00927590   0.00000000    -0.00927590  -0.00000000
  0.04798604   0.00000000    -0.01971682  -0.00000000     0.02850923   0.00000000
 -0.04798604  -0.00000000     0.02850923   0.00000000    -0.01971682  -0.00000000
    8    4
  0.01153979  -0.00000000     0.00435563  -0.00000000     0.00036954   0.00000000
 -0.00435563   0.00000000    -0.00518271   0.00000000     0.00509530  -0.00000000
  0.00036954  -0.00000000    -0.00509530   0.00000000    -0.02019269   0.00000000
    8    5
 -0.01608533  -0.00000000     0.00197550   0.00000000     0.00738716   0.00000000
 -0.00197550  -0.00000000     0.03158160   0.00000000    -0.00870256  -0.00000000
  0.00738716   0.00000000     0.00870256   0.00000000     0.01019785   0.00000000
    8    6
  0.01990430   0.00000000    -0.01983177   0.00000000     0.01983177  -0.00000000
  0.01983177   0.00000000    -0.01120253   0.00000000    -0.00562036  -0.00000000
 -0.01983177  -0.00000000    -0.00562036  -0.00000000    -0.01120253   0.00000000
    8    7
 -0.03341105  -0.00000000     0.02522861   0.00000000    -0.02522861  -0.00000000
 -0.02522861  -0.00000000    -0.01585238  -0.00000000     0.00447782   0.00000000
  0.02522861   0.00000000     0.00447782   0.00000000    -0.01585238  -0.00000000
    8    8
  0.05313663   0.00000000     0.01131775   0.00000000    -0.01131775   0.00000000
  0.01131775   0.00000000     0.08198483   0.00000000    -0.03635574   0.00000000
 -0.01131775   0.00000000    -0.03635574   0.00000000     0.08198483   0.00000000
    8    9
 -0.01790417  -0.00000000    -0.00910816  -0.00000000     0.00910816   0.00000000
 -0.00910816  -0.00000000    -0.02474647  -0.00000000     0.03000860   0.00000000
  0.00910816   0.00000000     0.03000860   0.00000000    -0.02474647  -0.00000000
    8   10
  0.01153979  -0.00000000    -0.00036954  -0.00000000    -0.00435563   0.00000000
 -0.00036954   0.00000000    -0.02019269   0.00000000    -0.00509530   0.00000000
  0.00435563  -0.00000000     0.00509530  -0.00000000    -0.00518271   0.00000000
    8   11
 -0.01608533  -0.00000000    -0.00738716  -0.00000000    -0.00197550  -0.00000000
 -0.00738716  -0.00000000     0.01019785   0.00000000     0.00870256   0.00000000
  0.00197550   0.00000000    -0.00870256  -0.00000000     0.03158160   0.00000000
    9    1
  0.01078150   0.00000000    -0.00059621  -0.00000000     0.00059621   0.00000000
  0.00496689   0.00000000    -0.00317601  -0.00000000     0.00870316   0.00000000
 -0.00496689  -0.00000000     0.00870316   0.00000000    -0.00317601  -0.00000000
    9    2
 -0.00131709  -0.00000000     0.00927590   0.00000000    -0.00927590  -0.00000000
  0.04798604   0.00000000    -0.01971682  -0.00000000     0.02850923   0.00000000
 -0.04798604  -0.00000000     0.02850923   0.00000000    -0.01971682  -0.00000000
    9    3
 -0.02010348   0.00000000    -0.00752236   0.00000000     0.00752236  -0.00000000
 -0.01093746   0.00000000     0.00399757  -0.00000000    -0.02495783   0.00000000
  0.01093746  -0.00000000    -0.02495783   0.00000000     0.00399757  -0.00000000
    9    4
 -0.01608533   0.00000000     0.00197550  -0.00000000     0.00738716  -0.00000000
 -0.00197550   0.00000000     0.03158160  -0.00000000    -0.00870256   0.00000000
  0.00738716  -0.00000000     0.00870256  -0.00000000     0.01019785  -0.00000000
    9    5
  0.01153979  -0.00000000     0.00435563  -0.00000000     0.00036954  -0.00000000
 -0.00435563   0.00000000    -0.00518271   0.00000000     0.00509530  -0.00000000
  0.00036954  -0.00000000    -0.00509530   0.00000000    -0.02019269   0.00000000
    9    6
 -0.03341105   0.00000000     0.02522861  -0.00000000    -0.02522861   0.00000000
 -0.02522861   0.00000000    -0.01585238   0.00000000     0.00447782  -0.00000000
  0.02522861  -0.00000000     0.00447782  -0.00000000    -0.01585238   0.00000000
    9    7
  0.01990430   0.00000000    -0.01983177   0.00000000     0.01983177   0.00000000
  0.01983177   0.00000000    -0.01120253   0.00000000    -0.00562036   0.00000000
 -0.01983177   0.00000000    -0.00562036   0.00000000    -0.01120253   0.00000000
    9    8
 -0.01790417   0.00000000    -0.00910816   0.00000000     0.00910816  -0.00000000
 -0.00910816   0.00000000    -0.02474647   0.00000000     0.03000860  -0.00000000
  0.00910816  -0.00000000     0.03000860  -0.00000000    -0.02474647   0.00000000
    9    9
  0.05313663   0.00000000     0.01131775   0.00000000    -0.01131775   0.00000000
  0.01131775   0.00000000     0.08198483   0.00000000    -0.03635574   0.00000000
 -0.01131775   0.00000000    -0.03635574   0.00000000     0.08198483   0.00000000
    9   10
 -0.01608533   0.00000000    -0.00738716   0.00000000    -0.00197550   0.00000000
 -0.00738716   0.00000000     0.01019785  -0.00000000     0.00870256  -0.00000000
  0.00197550  -0.00000000    -0.00870256   0.00000000     0.03158160  -0.00000000
    9   11
  0.01153979  -0.00000000    -0.00036954   0.00000000    -0.00435563   0.00000000
 -0.00036954   0.00000000    -0.02019269   0.00000000    -0.00509530   0.00000000
  0.00435563  -0.00000000     0.00509530  -0.00000000    -0.00518271   0.00000000
   10    1
 -0.01078150  -0.00000000     0.00059621   0.00000000     0.00059621   0.00000000
 -0.00496689  -0.00000000     0.00317601   0.00000000     0.00870316   0.00000000
 -0.00496689  -0.00000000     0.00870316   0.00000000     0.00317601   0.00000000
   10    2
 -0.02010348  -0.00000000    -0.00752236  -0.00000000    -0.00752236  -0.00000000
 -0.01093746  -0.00000000     0.00399757   0.00000000     0.02495783   0.00000000
 -0.01093746  -0.00000000     0.02495783   0.00000000     0.00399757   0.00000000
   10    3
 -0.00131709  -0.00000000     0.00927590   0.00000000     0.00927590   0.00000000
  0.04798604   0.00000000    -0.01971682  -0.00000000    -0.02850923  -0.00000000
  0.04798604   0.00000000    -0.02850923  -0.00000000    -0.01971682  -0.00000000
   10    4
  0.01990430  -0.00000000    -0.01983177  -0.00000000    -0.01983177  -0.00000000
  0.01983177  -0.00000000    -0.01120253  -0.00000000     0.00562036   0.00000000
  0.01983177  -0.00000000     0.00562036   0.00000000    -0.01120253  -0.00000000
   10    5
 -0.03341105  -0.00000000     0.02522861   0.00000000     0.02522861   0.00000000
 -0.02522861  -0.00000000    -0.01585238  -0.00000000    -0.00447782  -0.00000000
 -0.02522861  -0.00000000    -0.00447782  -0.00000000    -0.01585238  -0.00000000
   10    6
  0.01153979   0.00000000     0.00435563   0.00000000    -0.00036954  -0.00000000
 -0.00435563  -0.00000000    -0.00518271  -0.00000000    -0.00509530  -0.00000000
 -0.00036954   0.00000000     0.00509530   0.00000000    -0.02019269  -0.00000000
   10    7
 -0.01608533  -0.00000000     0.00197550   0.00000000    -0.00738716  -0.00000000
 -0.00197550  -0.00000000     0.03158160   0.00000000     0.00870256   0.00000000
 -0.00738716  -0.00000000    -0.00870256  -0.00000000     0.01019785   0.00000000
   10    8
  0.01153979   0.00000000    -0.00036954  -0.00000000     0.00435563   0.00000000
 -0.00036954   0.00000000    -0.02019269  -0.00000000     0.00509530   0.00000000
 -0.00435563  -0.00000000    -0.00509530  -0.00000000    -0.00518271  -0.00000000
   10    9
 -0.01608533  -0.00000000    -0.00738716  -0.00000000     0.00197550   0.00000000
 -0.00738716  -0.00000000     0.01019785   0.00000000    -0.00870256  -0.00000000
 -0.00197550  -0.00000000     0.00870256   0.00000000     0.03158160   0.00000000
   10   10
  0.05313663   0.00000000     0.01131775   0.00000000     0.01131775   0.00000000
  0.01131775   0.00000000     0.08198483   0.00000000     0.03635574   0.00000000
  0.01131775   0.00000000     0.03635574   0.00000000     0.08198483   0.00000000
   10   11
 -0.01790417  -0.00000000    -0.00910816  -0.00000000    -0.00910816  -0.00000000
 -0.00910816  -0.00000000    -0.02474647  -0.00000000    -0.03000860  -0.00000000
 -0.00910816  -0.00000000    -0.03000860  -0.00000000    -0.02474647  -0.00000000
   11    1
 -0.01078150  -0.00000000     0.00059621   0.00000000     0.00059621   0.00000000
 -0.00496689  -0.00000000     0.00317601   0.00000000     0.00870316   0.00000000
 -0.00496689  -0.00000000     0.00870316   0.00000000     0.00317601   0.00000000
   11    2
 -0.00131709  -0.00000000     0.00927590   0.00000000     0.00927590   0.00000000
  0.04798604   0.00000000    -0.01971682  -0.00000000    -0.02850923  -0.00000000
  0.04798604   0.00000000    -0.02850923  -0.00000000    -0.01971682  -0.00000000
   11    3
 -0.02010348  -0.00000000    -0.00752236  -0.00000000    -0.00752236  -0.00000000
 -0.01093746  -0.00000000     0.00399757   0.00000000     0.02495783   0.00000000
 -0.01093746  -0.00000000     0.02495783   0.00000000     0.00399757   0.00000000
   11    4
 -0.03341105   0.00000000     0.02522861  -0.00000000     0.02522861  -0.00000000
 -0.02522861   0.00000000    -0.01585238   0.00000000    -0.00447782   0.00000000
 -0.02522861   0.00000000    -0.00447782   0.00000000    -0.01585238   0.00000000
   11    5
  0.01990430   0.00000000    -0.01983177   0.00000000    -0.01983177   0.00000000
  0.01983177   0.00000000    -0.01120253   0.00000000     0.00562036  -0.00000000
  0.01983177   0.00000000     0.00562036  -0.00000000    -0.01120253   0.00000000
   11    6
 -0.01608533   0.00000000     0.00197550  -0.00000000    -0.00738716   0.00000000
 -0.00197550   0.00000000     0.03158160  -0.00000000     0.00870256  -0.00000000
 -0.00738716   0.00000000    -0.00870256   0.00000000     0.01019785  -0.00000000
   11    7
  0.01153979   0.00000000     0.00435563   0.00000000    -0.00036954  -0.00000000
 -0.00435563  -0.00000000    -0.00518271  -0.00000000    -0.00509530  -0.00000000
 -0.00036954  -0.00000000     0.00509530   0.00000000    -0.02019269  -0.00000000
   11    8
 -0.01608533   0.00000000    -0.00738716   0.00000000     0.00197550  -0.00000000
 -0.00738716   0.00000000     0.01019785  -0.00000000    -0.00870256   0.00000000
 -0.00197550   0.00000000     0.00870256  -0.00000000     0.03158160  -0.00000000
   11    9
  0.01153979   0.00000000    -0.00036954  -0.00000000     0.00435563   0.00000000
 -0.00036954  -0.00000000    -0.02019269  -0.00000000     0.00509530   0.00000000
 -0.00435563  -0.00000000    -0.00509530  -0.00000000    -0.00518271  -0.00000000
   11   10
 -0.01790417   0.00000000    -0.00910816   0.00000000    -0.00910816   0.00000000
 -0.00910816   0.00000000    -0.02474647   0.00000000    -0.03000860   0.00000000
 -0.00910816   0.00000000    -0.03000860   0.00000000    -0.02474647   0.00000000
   11   11
  0.05313663   0.00000000     0.01131775   0.00000000     0.01131775   0.00000000
  0.01131775   0.00000000     0.08198483   0.00000000     0.03635574   0.00000000
  0.01131775   0.00000000     0.03635574   0.00000000     0.08198483   0.00000000

     Dynamical  Matrix in cartesian axes

     q = (    0.000000000   0.000000000  -0.707106781 ) 

    1    1
  0.03611670   0.00000000    -0.00000000   0.00000000    -0.00000000   0.00000000
 -0.00000000   0.00000000     0.03611670   0.00000000    -0.00000000   0.00000000
 -0.00000000   0.00000000    -0.00000000   0.00000000     0.12239682   0.00000000
    1    2
  0.00000000   0.00000000    -0.01793209  -0.00000000     0.00000000  -0.00000000
 -0.01793209  -0.00000000    -0.00000000   0.00000000     0.00000000  -0.00000000
  0.00000000  -0.00000000     0.00000000  -0.00000000     0.00000000  -0.00000000
    1    3
  0.00000000  -0.00000000    -0.01793209   0.00000000    -0.00000000   0.00000000
 -0.01793209   0.00000000     0.00000000  -0.00000000    -0.00000000   0.00000000
 -0.00000000   0.00000000    -0.00000000   0.00000000     0.00000000   0.00000000
    1    4
  0.00317601  -0.00000000     0.00870316  -0.00000000    -0.00059621   0.00000000
  0.00870316  -0.00000000     0.00317601  -0.00000000    -0.00059621   0.00000000
  0.00496689  -0.00000000     0.00496689  -0.00000000    -0.01078150   0.00000000
    1    5
  0.00317601  -0.00000000     0.00870316  -0.00000000    -0.00059621   0.00000000
  0.00870316  -0.00000000     0.00317601  -0.00000000    -0.00059621   0.00000000
  0.00496689  -0.00000000     0.00496689  -0.00000000    -0.01078150   0.00000000
    1    6
  0.00317601  -0.00000000     0.00870316  -0.00000000     0.00059621  -0.00000000
  0.00870316  -0.00000000     0.00317601  -0.00000000     0.00059621  -0.00000000
 -0.00496689   0.00000000    -0.00496689   0.00000000    -0.01078150   0.00000000
    1    7
  0.00317601  -0.00000000     0.00870316  -0.00000000     0.00059621  -0.00000000
  0.00870316  -0.00000000     0.00317601  -0.00000000     0.00059621  -0.00000000
 -0.00496689   0.00000000    -0.00496689   0.00000000    -0.01078150   0.00000000
    1    8
 -0.00317601   0.00000000     0.00870316  -0.00000000     0.00059621  -0.00000000
  0.00870316  -0.00000000    -0.00317601   0.00000000    -0.00059621   0.00000000
 -0.00496689   0.00000000     0.00496689  -0.00000000     0.01078150  -0.00000000
    1    9
 -0.00317601   0.00000000     0.00870316  -0.00000000     0.00059621  -0.00000000
  0.00870316  -0.00000000    -0.00317601   0.00000000    -0.00059621   0.00000000
 -0.00496689   0.00000000     0.00496689  -0.00000000     0.01078150  -0.00000000
    1   10
 -0.00317601   0.00000000     0.00870316  -0.00000000    -0.00059621   0.00000000
  0.00870316  -0.00000000    -0.00317601   0.00000000     0.00059621  -0.00000000
  0.00496689  -0.00000000    -0.00496689   0.00000000     0.01078150  -0.00000000
    1   11
 -0.00317601   0.00000000     0.00870316  -0.00000000    -0.00059621   0.00000000
  0.00870316  -0.00000000    -0.00317601   0.00000000     0.00059621  -0.00000000
  0.00496689  -0.00000000    -0.00496689   0.00000000     0.01078150  -0.00000000
    2    1
 -0.00000000  -0.00000000    -0.01793209   0.00000000     0.00000000   0.00000000
 -0.01793209   0.00000000     0.00000000  -0.00000000     0.00000000  -0.00000000
  0.00000000  -0.00000000     0.00000000   0.00000000     0.00000000   0.00000000
    2    2
  0.05760625   0.00000000     0.00000000   0.00000000    -0.00000000   0.00000000
  0.00000000   0.00000000     0.05760625   0.00000000     0.00000000   0.00000000
  0.00000000   0.00000000    -0.00000000   0.00000000     0.25347774   0.00000000
    2    3
 -0.02339667   0.00000000    -0.00000000  -0.00000000     0.00000000   0.00000000
 -0.00000000  -0.00000000    -0.02339667   0.00000000     0.00000000   0.00000000
 -0.00000000   0.00000000     0.00000000   0.00000000    -0.06967020   0.00000000
    2    4
  0.00399757  -0.00000000     0.02495783  -0.00000000     0.00752236  -0.00000000
  0.02495783  -0.00000000     0.00399757  -0.00000000     0.00752236  -0.00000000
  0.01093746  -0.00000000     0.01093746  -0.00000000    -0.02010348   0.00000000
    2    5
 -0.01971682   0.00000000    -0.02850923   0.00000000    -0.00927590   0.00000000
 -0.02850923   0.00000000    -0.01971682   0.00000000    -0.00927590   0.00000000
 -0.04798604   0.00000000    -0.04798604   0.00000000    -0.00131709   0.00000000
    2    6
  0.00399757  -0.00000000     0.02495783  -0.00000000    -0.00752236   0.00000000
  0.02495783  -0.00000000     0.00399757  -0.00000000    -0.00752236   0.00000000
 -0.01093746   0.00000000    -0.01093746   0.00000000    -0.02010348   0.00000000
    2    7
 -0.01971682   0.00000000    -0.02850923   0.00000000     0.00927590  -0.00000000
 -0.02850923   0.00000000    -0.01971682   0.00000000     0.00927590  -0.00000000
  0.04798604  -0.00000000     0.04798604  -0.00000000    -0.00131709   0.00000000
    2    8
  0.00399757  -0.00000000    -0.02495783   0.00000000     0.00752236  -0.00000000
 -0.02495783   0.00000000     0.00399757  -0.00000000    -0.00752236   0.00000000
  0.01093746  -0.00000000    -0.01093746   0.00000000    -0.02010348   0.00000000
    2    9
 -0.01971682   0.00000000     0.02850923  -0.00000000    -0.00927590   0.00000000
  0.02850923  -0.00000000    -0.01971682   0.00000000     0.00927590  -0.00000000
 -0.04798604   0.00000000     0.04798604  -0.00000000    -0.00131709   0.00000000
    2   10
  0.00399757  -0.00000000    -0.02495783   0.00000000    -0.00752236   0.00000000
 -0.02495783   0.00000000     0.00399757  -0.00000000     0.00752236  -0.00000000
 -0.01093746   0.00000000     0.01093746  -0.00000000    -0.02010348   0.00000000
    2   11
 -0.01971682   0.00000000     0.02850923  -0.00000000     0.00927590  -0.00000000
  0.02850923  -0.00000000    -0.01971682   0.00000000    -0.00927590   0.00000000
  0.04798604  -0.00000000    -0.04798604   0.00000000    -0.00131709   0.00000000
    3    1
  0.00000000   0.00000000    -0.01793209  -0.00000000     0.00000000   0.00000000
 -0.01793209  -0.00000000     0.00000000   0.00000000    -0.00000000   0.00000000
  0.00000000  -0.00000000    -0.00000000   0.00000000     0.00000000  -0.00000000
    3    2
 -0.02339667  -0.00000000    -0.00000000   0.00000000     0.00000000  -0.00000000
  0.00000000   0.00000000    -0.02339667  -0.00000000     0.00000000   0.00000000
 -0.00000000  -0.00000000     0.00000000  -0.00000000    -0.06967020  -0.00000000
    3    3
  0.05760625   0.00000000     0.00000000   0.00000000     0.00000000   0.00000000
  0.00000000   0.00000000     0.05760625   0.00000000    -0.00000000   0.00000000
  0.00000000   0.00000000     0.00000000   0.00000000     0.25347774   0.00000000
    3    4
 -0.01971682   0.00000000    -0.02850923   0.00000000    -0.00927590   0.00000000
 -0.02850923   0.00000000    -0.01971682   0.00000000    -0.00927590   0.00000000
 -0.04798604   0.00000000    -0.04798604   0.00000000    -0.00131709   0.00000000
    3    5
  0.00399757  -0.00000000     0.02495783  -0.00000000     0.00752236  -0.00000000
  0.02495783  -0.00000000     0.00399757  -0.00000000     0.00752236  -0.00000000
  0.01093746  -0.00000000     0.01093746  -0.00000000    -0.02010348   0.00000000
    3    6
 -0.01971682   0.00000000    -0.02850923   0.00000000     0.00927590  -0.00000000
 -0.02850923   0.00000000    -0.01971682   0.00000000     0.00927590  -0.00000000
  0.04798604  -0.00000000     0.04798604  -0.00000000    -0.00131709   0.00000000
    3    7
  0.00399757  -0.00000000     0.02495783  -0.00000000    -0.00752236   0.00000000
  0.02495783  -0.00000000     0.00399757  -0.00000000    -0.00752236   0.00000000
 -0.01093746   0.00000000    -0.01093746   0.00000000    -0.02010348   0.00000000
    3    8
 -0.01971682   0.00000000     0.02850923  -0.00000000    -0.00927590   0.00000000
  0.02850923  -0.00000000    -0.01971682   0.00000000     0.00927590  -0.00000000
 -0.04798604   0.00000000     0.04798604  -0.00000000    -0.00131709   0.00000000
    3    9
  0.00399757   0.00000000    -0.02495783  -0.00000000     0.00752236   0.00000000
 -0.02495783  -0.00000000     0.00399757   0.00000000    -0.00752236  -0.00000000
  0.01093746   0.00000000    -0.01093746  -0.00000000    -0.02010348  -0.00000000
    3   10
 -0.01971682   0.00000000     0.02850923  -0.00000000     0.00927590  -0.00000000
  0.02850923  -0.00000000    -0.01971682   0.00000000    -0.00927590   0.00000000
  0.04798604  -0.00000000    -0.04798604   0.00000000    -0.00131709   0.00000000
    3   11
  0.00399757   0.00000000    -0.02495783  -0.00000000    -0.00752236  -0.00000000
 -0.02495783  -0.00000000     0.00399757   0.00000000     0.00752236   0.00000000
 -0.01093746  -0.00000000     0.01093746   0.00000000    -0.02010348  -0.00000000
    4    1
  0.00317601   0.00000000     0.00870316   0.00000000     0.00496689   0.00000000
