  1.500000000000000E-002   1.62611031437266        4.44829059121779     
           4

     Dynamical  Matrix in cartesian axes

     q = (   -0.353553391  -0.353553391   0.353553391 ) 

    1    1
  0.00510076   0.00000000     0.00079646   0.00000000    -0.00079646   0.00000000
  0.00079646   0.00000000     0.00510076   0.00000000    -0.00079646   0.00000000
 -0.00079646   0.00000000    -0.00079646   0.00000000     0.00510076   0.00000000
    1    2
  0.00091793   0.00000000     0.00053886   0.00000000    -0.00053886   0.00000000
  0.00053886   0.00000000     0.00091793   0.00000000    -0.00053886   0.00000000
 -0.00053886   0.00000000    -0.00053886   0.00000000     0.00091793   0.00000000
    1    3
  0.00091793   0.00000000     0.00053886   0.00000000    -0.00053886   0.00000000
  0.00053886   0.00000000     0.00091793   0.00000000    -0.00053886   0.00000000
 -0.00053886   0.00000000    -0.00053886   0.00000000     0.00091793   0.00000000
    1    4
 -0.00150916   0.00000000     0.00020902  -0.00000000    -0.00021057   0.00000000
  0.00020902  -0.00000000    -0.00150916   0.00000000    -0.00021057   0.00000000
 -0.00020651   0.00000000    -0.00020651   0.00000000     0.00077418  -0.00000000
    1    5
 -0.00150916   0.00000000     0.00020902  -0.00000000    -0.00021057   0.00000000
  0.00020902  -0.00000000    -0.00150916   0.00000000    -0.00021057   0.00000000
 -0.00020651   0.00000000    -0.00020651   0.00000000     0.00077418  -0.00000000
    1    6
 -0.00135500   0.00000000    -0.00052013   0.00000000     0.00052013  -0.00000000
 -0.00052013   0.00000000    -0.00135500   0.00000000     0.00052013  -0.00000000
  0.00052013  -0.00000000     0.00052013  -0.00000000    -0.00135500   0.00000000
    1    7
 -0.00135500   0.00000000    -0.00052013   0.00000000     0.00052013  -0.00000000
 -0.00052013   0.00000000    -0.00135500   0.00000000     0.00052013  -0.00000000
  0.00052013  -0.00000000     0.00052013  -0.00000000    -0.00135500   0.00000000
    1    8
  0.00077418  -0.00000000     0.00020651  -0.00000000    -0.00020651   0.00000000
  0.00021057  -0.00000000    -0.00150916   0.00000000    -0.00020902   0.00000000
 -0.00021057   0.00000000    -0.00020902   0.00000000    -0.00150916   0.00000000
    1    9
  0.00077418  -0.00000000     0.00020651  -0.00000000    -0.00020651   0.00000000
  0.00021057  -0.00000000    -0.00150916   0.00000000    -0.00020902   0.00000000
 -0.00021057   0.00000000    -0.00020902   0.00000000    -0.00150916   0.00000000
    1   10
 -0.00150916   0.00000000     0.00021057  -0.00000000    -0.00020902   0.00000000
  0.00020651  -0.00000000     0.00077418  -0.00000000    -0.00020651   0.00000000
 -0.00020902   0.00000000    -0.00021057   0.00000000    -0.00150916   0.00000000
    1   11
 -0.00150916   0.00000000     0.00021057  -0.00000000    -0.00020902   0.00000000
  0.00020651  -0.00000000     0.00077418  -0.00000000    -0.00020651   0.00000000
 -0.00020902   0.00000000    -0.00021057   0.00000000    -0.00150916   0.00000000
    2    1
  0.00091793   0.00000000     0.00053886   0.00000000    -0.00053886   0.00000000
  0.00053886   0.00000000     0.00091793   0.00000000    -0.00053886   0.00000000
 -0.00053886   0.00000000    -0.00053886   0.00000000     0.00091793   0.00000000
    2    2
  0.00334981   0.00000000     0.00004265   0.00000000    -0.00004265   0.00000000
  0.00004265   0.00000000     0.00334981   0.00000000    -0.00004265   0.00000000
 -0.00004265   0.00000000    -0.00004265   0.00000000     0.00334981   0.00000000
    2    3
 -0.00171010   0.00000000     0.00003818   0.00000000    -0.00003818   0.00000000
  0.00003818   0.00000000    -0.00171010   0.00000000    -0.00003818   0.00000000
 -0.00003818   0.00000000    -0.00003818   0.00000000    -0.00171010   0.00000000
    2    4
 -0.00036276   0.00000000     0.00041754  -0.00000000     0.00029909  -0.00000000
  0.00041754  -0.00000000    -0.00036276   0.00000000     0.00029909  -0.00000000
  0.00088277  -0.00000000     0.00088277  -0.00000000     0.00010005  -0.00000000
    2    5
 -0.00080491   0.00000000    -0.00042577   0.00000000    -0.00078434   0.00000000
 -0.00042577   0.00000000    -0.00080491   0.00000000    -0.00078434   0.00000000
 -0.00142311   0.00000000    -0.00142311   0.00000000     0.00010927  -0.00000000
    2    6
 -0.00023067   0.00000000    -0.00004614   0.00000000     0.00004614  -0.00000000
 -0.00004614   0.00000000    -0.00023067   0.00000000     0.00004614  -0.00000000
  0.00004614  -0.00000000     0.00004614  -0.00000000    -0.00023067   0.00000000
    2    7
 -0.00025551   0.00000000    -0.00058784   0.00000000     0.00058784  -0.00000000
 -0.00058784   0.00000000    -0.00025551   0.00000000     0.00058784  -0.00000000
  0.00058784  -0.00000000     0.00058784  -0.00000000    -0.00025551   0.00000000
    2    8
  0.00010005  -0.00000000    -0.00088277   0.00000000     0.00088277  -0.00000000
 -0.00029909   0.00000000    -0.00036276   0.00000000    -0.00041754   0.00000000
  0.00029909  -0.00000000    -0.00041754   0.00000000    -0.00036276   0.00000000
    2    9
  0.00010927  -0.00000000     0.00142311  -0.00000000    -0.00142311   0.00000000
  0.00078434  -0.00000000    -0.00080491   0.00000000     0.00042577  -0.00000000
 -0.00078434   0.00000000     0.00042577  -0.00000000    -0.00080491   0.00000000
    2   10
 -0.00036276   0.00000000    -0.00029909   0.00000000    -0.00041754   0.00000000
 -0.00088277   0.00000000     0.00010005  -0.00000000     0.00088277  -0.00000000
 -0.00041754   0.00000000     0.00029909  -0.00000000    -0.00036276   0.00000000
    2   11
 -0.00080491   0.00000000     0.00078434  -0.00000000     0.00042577  -0.00000000
  0.00142311  -0.00000000     0.00010927  -0.00000000    -0.00142311   0.00000000
  0.00042577  -0.00000000    -0.00078434   0.00000000    -0.00080491   0.00000000
    3    1
  0.00091793   0.00000000     0.00053886   0.00000000    -0.00053886   0.00000000
  0.00053886   0.00000000     0.00091793   0.00000000    -0.00053886   0.00000000
 -0.00053886   0.00000000    -0.00053886   0.00000000     0.00091793   0.00000000
    3    2
 -0.00171010   0.00000000     0.00003818   0.00000000    -0.00003818   0.00000000
  0.00003818   0.00000000    -0.00171010   0.00000000    -0.00003818   0.00000000
 -0.00003818   0.00000000    -0.00003818   0.00000000    -0.00171010   0.00000000
    3    3
  0.00334981   0.00000000     0.00004265   0.00000000    -0.00004265   0.00000000
  0.00004265   0.00000000     0.00334981   0.00000000    -0.00004265   0.00000000
 -0.00004265   0.00000000    -0.00004265   0.00000000     0.00334981   0.00000000
    3    4
 -0.00080491   0.00000000    -0.00042577   0.00000000    -0.00078434   0.00000000
 -0.00042577   0.00000000    -0.00080491   0.00000000    -0.00078434   0.00000000
 -0.00142311   0.00000000    -0.00142311   0.00000000     0.00010927  -0.00000000
    3    5
 -0.00036276   0.00000000     0.00041754  -0.00000000     0.00029909  -0.00000000
  0.00041754  -0.00000000    -0.00036276   0.00000000     0.00029909  -0.00000000
  0.00088277  -0.00000000     0.00088277  -0.00000000     0.00010005  -0.00000000
    3    6
 -0.00025551   0.00000000    -0.00058784   0.00000000     0.00058784  -0.00000000
 -0.00058784   0.00000000    -0.00025551   0.00000000     0.00058784  -0.00000000
  0.00058784  -0.00000000     0.00058784  -0.00000000    -0.00025551   0.00000000
    3    7
 -0.00023067   0.00000000    -0.00004614  -0.00000000     0.00004614   0.00000000
 -0.00004614  -0.00000000    -0.00023067   0.00000000     0.00004614   0.00000000
  0.00004614  -0.00000000     0.00004614  -0.00000000    -0.00023067   0.00000000
    3    8
  0.00010927  -0.00000000     0.00142311  -0.00000000    -0.00142311   0.00000000
  0.00078434  -0.00000000    -0.00080491   0.00000000     0.00042577  -0.00000000
 -0.00078434   0.00000000     0.00042577  -0.00000000    -0.00080491   0.00000000
    3    9
  0.00010005  -0.00000000    -0.00088277   0.00000000     0.00088277  -0.00000000
 -0.00029909   0.00000000    -0.00036276   0.00000000    -0.00041754   0.00000000
  0.00029909  -0.00000000    -0.00041754   0.00000000    -0.00036276   0.00000000
    3   10
 -0.00080491   0.00000000     0.00078434  -0.00000000     0.00042577  -0.00000000
  0.00142311  -0.00000000     0.00010927  -0.00000000    -0.00142311   0.00000000
  0.00042577  -0.00000000    -0.00078434   0.00000000    -0.00080491   0.00000000
    3   11
 -0.00036276   0.00000000    -0.00029909   0.00000000    -0.00041754   0.00000000
 -0.00088277   0.00000000     0.00010005  -0.00000000     0.00088277  -0.00000000
 -0.00041754   0.00000000     0.00029909  -0.00000000    -0.00036276   0.00000000
    4    1
 -0.00150916  -0.00000000     0.00020902   0.00000000    -0.00020651  -0.00000000
  0.00020902   0.00000000    -0.00150916  -0.00000000    -0.00020651  -0.00000000
 -0.00021057  -0.00000000    -0.00021057  -0.00000000     0.00077418   0.00000000
    4    2
 -0.00036276  -0.00000000     0.00041754   0.00000000     0.00088277   0.00000000
  0.00041754   0.00000000    -0.00036276  -0.00000000     0.00088277   0.00000000
  0.00029909   0.00000000     0.00029909   0.00000000     0.00010005   0.00000000
    4    3
 -0.00080491  -0.00000000    -0.00042577  -0.00000000    -0.00142311  -0.00000000
 -0.00042577  -0.00000000    -0.00080491  -0.00000000    -0.00142311  -0.00000000
 -0.00078434  -0.00000000    -0.00078434  -0.00000000     0.00010927   0.00000000
    4    4
  0.00253094   0.00000000     0.00034109   0.00000000     0.00017307   0.00000000
  0.00034109   0.00000000     0.00253094   0.00000000     0.00017307   0.00000000
  0.00017307   0.00000000     0.00017307   0.00000000     0.00083756   0.00000000
    4    5
  0.00012577   0.00000000    -0.00082786  -0.00000000    -0.00014329  -0.00000000
 -0.00082786  -0.00000000     0.00012577   0.00000000    -0.00014329  -0.00000000
 -0.00014329  -0.00000000    -0.00014329  -0.00000000     0.00011901   0.00000000
    4    6
 -0.00014298   0.00000000    -0.00021473   0.00000000    -0.00001930   0.00000000
 -0.00021473   0.00000000    -0.00014298   0.00000000    -0.00001930   0.00000000
  0.00007434  -0.00000000     0.00007434  -0.00000000    -0.00039306   0.00000000
    4    7
  0.00043089   0.00000000     0.00044857   0.00000000    -0.00018636  -0.00000000
  0.00044857   0.00000000     0.00043089   0.00000000    -0.00018636  -0.00000000
  0.00017383   0.00000000     0.00017383   0.00000000    -0.00044849  -0.00000000
    4    8
  0.00004551  -0.00000000    -0.00047993   0.00000000     0.00070104  -0.00000000
  0.00001551  -0.00000000     0.00068719  -0.00000000     0.00047993  -0.00000000
 -0.00023660   0.00000000    -0.00001551   0.00000000     0.00004551  -0.00000000
    4    9
 -0.00012100   0.00000000    -0.00053135   0.00000000     0.00066399  -0.00000000
 -0.00007706   0.00000000     0.00160360  -0.00000000     0.00053135  -0.00000000
  0.00007820  -0.00000000     0.00007706  -0.00000000    -0.00012100   0.00000000
    4   10
  0.00068719  -0.00000000     0.00001551  -0.00000000     0.00047993  -0.00000000
 -0.00047993   0.00000000     0.00004551  -0.00000000     0.00070104  -0.00000000
 -0.00001551   0.00000000    -0.00023660   0.00000000     0.00004551  -0.00000000
    4   11
  0.00160360  -0.00000000    -0.00007706   0.00000000     0.00053135  -0.00000000
 -0.00053135   0.00000000    -0.00012100   0.00000000     0.00066399  -0.00000000
  0.00007706  -0.00000000     0.00007820  -0.00000000    -0.00012100   0.00000000
    5    1
 -0.00150916  -0.00000000     0.00020902   0.00000000    -0.00020651  -0.00000000
  0.00020902   0.00000000    -0.00150916  -0.00000000    -0.00020651  -0.00000000
 -0.00021057  -0.00000000    -0.00021057  -0.00000000     0.00077418   0.00000000
    5    2
 -0.00080491  -0.00000000    -0.00042577  -0.00000000    -0.00142311  -0.00000000
 -0.00042577  -0.00000000    -0.00080491  -0.00000000    -0.00142311  -0.00000000
 -0.00078434  -0.00000000    -0.00078434  -0.00000000     0.00010927   0.00000000
    5    3
 -0.00036276  -0.00000000     0.00041754   0.00000000     0.00088277   0.00000000
  0.00041754   0.00000000    -0.00036276  -0.00000000     0.00088277   0.00000000
  0.00029909   0.00000000     0.00029909   0.00000000     0.00010005   0.00000000
    5    4
  0.00012577  -0.00000000    -0.00082786   0.00000000    -0.00014329   0.00000000
 -0.00082786   0.00000000     0.00012577  -0.00000000    -0.00014329   0.00000000
 -0.00014329   0.00000000    -0.00014329   0.00000000     0.00011901  -0.00000000
    5    5
  0.00253094   0.00000000     0.00034109   0.00000000     0.00017307   0.00000000
  0.00034109   0.00000000     0.00253094   0.00000000     0.00017307   0.00000000
  0.00017307   0.00000000     0.00017307   0.00000000     0.00083756   0.00000000
    5    6
  0.00043089  -0.00000000     0.00044857  -0.00000000    -0.00018636   0.00000000
  0.00044857  -0.00000000     0.00043089  -0.00000000    -0.00018636   0.00000000
  0.00017383  -0.00000000     0.00017383  -0.00000000    -0.00044849   0.00000000
    5    7
 -0.00014298   0.00000000    -0.00021473   0.00000000    -0.00001930   0.00000000
 -0.00021473   0.00000000    -0.00014298   0.00000000    -0.00001930   0.00000000
  0.00007434  -0.00000000     0.00007434  -0.00000000    -0.00039306   0.00000000
    5    8
 -0.00012100   0.00000000    -0.00053135   0.00000000     0.00066399   0.00000000
 -0.00007706   0.00000000     0.00160360   0.00000000     0.00053135   0.00000000
  0.00007820   0.00000000     0.00007706   0.00000000    -0.00012100   0.00000000
    5    9
  0.00004551  -0.00000000    -0.00047993   0.00000000     0.00070104  -0.00000000
  0.00001551  -0.00000000     0.00068719  -0.00000000     0.00047993  -0.00000000
 -0.00023660   0.00000000    -0.00001551   0.00000000     0.00004551  -0.00000000
    5   10
  0.00160360  -0.00000000    -0.00007706   0.00000000     0.00053135  -0.00000000
 -0.00053135   0.00000000    -0.00012100   0.00000000     0.00066399  -0.00000000
  0.00007706  -0.00000000     0.00007820  -0.00000000    -0.00012100   0.00000000
    5   11
  0.00068719  -0.00000000     0.00001551  -0.00000000     0.00047993  -0.00000000
 -0.00047993   0.00000000     0.00004551  -0.00000000     0.00070104  -0.00000000
 -0.00001551   0.00000000    -0.00023660   0.00000000     0.00004551  -0.00000000
    6    1
 -0.00135500  -0.00000000    -0.00052013  -0.00000000     0.00052013   0.00000000
 -0.00052013  -0.00000000    -0.00135500  -0.00000000     0.00052013   0.00000000
  0.00052013   0.00000000     0.00052013   0.00000000    -0.00135500  -0.00000000
    6    2
 -0.00023067  -0.00000000    -0.00004614  -0.00000000     0.00004614   0.00000000
 -0.00004614  -0.00000000    -0.00023067  -0.00000000     0.00004614   0.00000000
  0.00004614   0.00000000     0.00004614   0.00000000    -0.00023067  -0.00000000
    6    3
 -0.00025551  -0.00000000    -0.00058784  -0.00000000     0.00058784   0.00000000
 -0.00058784  -0.00000000    -0.00025551  -0.00000000     0.00058784   0.00000000
  0.00058784   0.00000000     0.00058784   0.00000000    -0.00025551  -0.00000000
    6    4
 -0.00014298  -0.00000000    -0.00021473  -0.00000000     0.00007434   0.00000000
 -0.00021473  -0.00000000    -0.00014298  -0.00000000     0.00007434   0.00000000
 -0.00001930  -0.00000000    -0.00001930  -0.00000000    -0.00039306  -0.00000000
    6    5
  0.00043089   0.00000000     0.00044857   0.00000000     0.00017383   0.00000000
  0.00044857   0.00000000     0.00043089   0.00000000     0.00017383   0.00000000
 -0.00018636  -0.00000000    -0.00018636  -0.00000000    -0.00044849  -0.00000000
    6    6
  0.00108876   0.00000000     0.00043254   0.00000000    -0.00043254   0.00000000
  0.00043254   0.00000000     0.00108876   0.00000000    -0.00043254   0.00000000
 -0.00043254   0.00000000    -0.00043254   0.00000000     0.00108876   0.00000000
    6    7
  0.00011360  -0.00000000     0.00001029  -0.00000000    -0.00001029   0.00000000
  0.00001029  -0.00000000     0.00011360  -0.00000000    -0.00001029  -0.00000000
 -0.00001029   0.00000000    -0.00001029  -0.00000000     0.00011360  -0.00000000
    6    8
 -0.00039306  -0.00000000     0.00001930   0.00000000    -0.00001930   0.00000000
 -0.00007434  -0.00000000    -0.00014298  -0.00000000     0.00021473   0.00000000
  0.00007434   0.00000000     0.00021473   0.00000000    -0.00014298  -0.00000000
    6    9
 -0.00044849   0.00000000     0.00018636  -0.00000000    -0.00018636   0.00000000
 -0.00017383   0.00000000     0.00043089  -0.00000000    -0.00044857   0.00000000
  0.00017383  -0.00000000    -0.00044857   0.00000000     0.00043089  -0.00000000
    6   10
 -0.00014298  -0.00000000    -0.00007434   0.00000000     0.00021473   0.00000000
  0.00001930   0.00000000    -0.00039306   0.00000000    -0.00001930  -0.00000000
  0.00021473   0.00000000     0.00007434  -0.00000000    -0.00014298   0.00000000
    6   11
  0.00043089   0.00000000    -0.00017383  -0.00000000    -0.00044857  -0.00000000
  0.00018636   0.00000000    -0.00044849  -0.00000000    -0.00018636  -0.00000000
 -0.00044857  -0.00000000     0.00017383   0.00000000     0.00043089   0.00000000
    7    1
 -0.00135500  -0.00000000    -0.00052013  -0.00000000     0.00052013   0.00000000
 -0.00052013  -0.00000000    -0.00135500  -0.00000000     0.00052013   0.00000000
  0.00052013   0.00000000     0.00052013   0.00000000    -0.00135500  -0.00000000
    7    2
 -0.00025551  -0.00000000    -0.00058784  -0.00000000     0.00058784   0.00000000
 -0.00058784  -0.00000000    -0.00025551  -0.00000000     0.00058784   0.00000000
  0.00058784   0.00000000     0.00058784   0.00000000    -0.00025551  -0.00000000
    7    3
 -0.00023067  -0.00000000    -0.00004614   0.00000000     0.00004614   0.00000000
 -0.00004614   0.00000000    -0.00023067  -0.00000000     0.00004614   0.00000000
  0.00004614  -0.00000000     0.00004614  -0.00000000    -0.00023067  -0.00000000
    7    4
  0.00043089  -0.00000000     0.00044857  -0.00000000     0.00017383  -0.00000000
  0.00044857  -0.00000000     0.00043089  -0.00000000     0.00017383  -0.00000000
 -0.00018636   0.00000000    -0.00018636   0.00000000    -0.00044849   0.00000000
    7    5
 -0.00014298  -0.00000000    -0.00021473  -0.00000000     0.00007434   0.00000000
 -0.00021473  -0.00000000    -0.00014298  -0.00000000     0.00007434   0.00000000
 -0.00001930  -0.00000000    -0.00001930  -0.00000000    -0.00039306  -0.00000000
    7    6
  0.00011360   0.00000000     0.00001029   0.00000000    -0.00001029  -0.00000000
  0.00001029   0.00000000     0.00011360   0.00000000    -0.00001029   0.00000000
 -0.00001029  -0.00000000    -0.00001029   0.00000000     0.00011360   0.00000000
    7    7
  0.00108876   0.00000000     0.00043254   0.00000000    -0.00043254   0.00000000
  0.00043254   0.00000000     0.00108876   0.00000000    -0.00043254   0.00000000
 -0.00043254   0.00000000    -0.00043254   0.00000000     0.00108876   0.00000000
    7    8
 -0.00044849  -0.00000000     0.00018636  -0.00000000    -0.00018636   0.00000000
 -0.00017383   0.00000000     0.00043089   0.00000000    -0.00044857  -0.00000000
  0.00017383   0.00000000    -0.00044857   0.00000000     0.00043089   0.00000000
    7    9
 -0.00039306   0.00000000     0.00001930  -0.00000000    -0.00001930   0.00000000
 -0.00007434   0.00000000    -0.00014298   0.00000000     0.00021473  -0.00000000
  0.00007434  -0.00000000     0.00021473  -0.00000000    -0.00014298   0.00000000
    7   10
  0.00043089  -0.00000000    -0.00017383   0.00000000    -0.00044857   0.00000000
  0.00018636  -0.00000000    -0.00044849   0.00000000    -0.00018636   0.00000000
 -0.00044857   0.00000000     0.00017383  -0.00000000     0.00043089  -0.00000000
    7   11
 -0.00014298  -0.00000000    -0.00007434  -0.00000000     0.00021473   0.00000000
  0.00001930   0.00000000    -0.00039306  -0.00000000    -0.00001930  -0.00000000
  0.00021473   0.00000000     0.00007434   0.00000000    -0.00014298  -0.00000000
    8    1
  0.00077418   0.00000000     0.00021057   0.00000000    -0.00021057  -0.00000000
  0.00020651   0.00000000    -0.00150916  -0.00000000    -0.00020902  -0.00000000
 -0.00020651  -0.00000000    -0.00020902  -0.00000000    -0.00150916  -0.00000000
    8    2
  0.00010005   0.00000000    -0.00029909  -0.00000000     0.00029909   0.00000000
 -0.00088277  -0.00000000    -0.00036276  -0.00000000    -0.00041754  -0.00000000
  0.00088277   0.00000000    -0.00041754  -0.00000000    -0.00036276  -0.00000000
    8    3
  0.00010927   0.00000000     0.00078434   0.00000000    -0.00078434  -0.00000000
  0.00142311   0.00000000    -0.00080491  -0.00000000     0.00042577   0.00000000
 -0.00142311  -0.00000000     0.00042577   0.00000000    -0.00080491  -0.00000000
    8    4
  0.00004551   0.00000000     0.00001551   0.00000000    -0.00023660  -0.00000000
 -0.00047993  -0.00000000     0.00068719   0.00000000    -0.00001551  -0.00000000
  0.00070104   0.00000000     0.00047993   0.00000000     0.00004551   0.00000000
    8    5
 -0.00012100   0.00000000    -0.00007706   0.00000000     0.00007820   0.00000000
 -0.00053135   0.00000000     0.00160360   0.00000000     0.00007706   0.00000000
  0.00066399   0.00000000     0.00053135   0.00000000    -0.00012100   0.00000000
    8    6
 -0.00039306   0.00000000    -0.00007434   0.00000000     0.00007434  -0.00000000
  0.00001930  -0.00000000    -0.00014298   0.00000000     0.00021473  -0.00000000
 -0.00001930  -0.00000000     0.00021473  -0.00000000    -0.00014298   0.00000000
    8    7
 -0.00044849   0.00000000    -0.00017383  -0.00000000     0.00017383  -0.00000000
  0.00018636   0.00000000     0.00043089  -0.00000000    -0.00044857  -0.00000000
 -0.00018636  -0.00000000    -0.00044857   0.00000000     0.00043089  -0.00000000
    8    8
  0.00083756   0.00000000    -0.00017307   0.00000000     0.00017307   0.00000000
 -0.00017307   0.00000000     0.00253094   0.00000000    -0.00034109   0.00000000
  0.00017307   0.00000000    -0.00034109   0.00000000     0.00253094   0.00000000
    8    9
  0.00011901  -0.00000000     0.00014329  -0.00000000    -0.00014329   0.00000000
  0.00014329  -0.00000000     0.00012577  -0.00000000     0.00082786  -0.00000000
 -0.00014329   0.00000000     0.00082786  -0.00000000     0.00012577  -0.00000000
    8   10
  0.00004551  -0.00000000     0.00023660  -0.00000000    -0.00001551   0.00000000
 -0.00070104   0.00000000     0.00004551  -0.00000000     0.00047993  -0.00000000
  0.00047993  -0.00000000    -0.00001551   0.00000000     0.00068719  -0.00000000
    8   11
 -0.00012100  -0.00000000    -0.00007820  -0.00000000     0.00007706   0.00000000
 -0.00066399  -0.00000000    -0.00012100  -0.00000000     0.00053135   0.00000000
  0.00053135   0.00000000     0.00007706   0.00000000     0.00160360   0.00000000
    9    1
  0.00077418   0.00000000     0.00021057   0.00000000    -0.00021057  -0.00000000
  0.00020651   0.00000000    -0.00150916  -0.00000000    -0.00020902  -0.00000000
 -0.00020651  -0.00000000    -0.00020902  -0.00000000    -0.00150916  -0.00000000
    9    2
  0.00010927   0.00000000     0.00078434   0.00000000    -0.00078434  -0.00000000
  0.00142311   0.00000000    -0.00080491  -0.00000000     0.00042577   0.00000000
 -0.00142311  -0.00000000     0.00042577   0.00000000    -0.00080491  -0.00000000
    9    3
  0.00010005   0.00000000    -0.00029909  -0.00000000     0.00029909   0.00000000
 -0.00088277  -0.00000000    -0.00036276  -0.00000000    -0.00041754  -0.00000000
  0.00088277   0.00000000    -0.00041754  -0.00000000    -0.00036276  -0.00000000
    9    4
 -0.00012100  -0.00000000    -0.00007706  -0.00000000     0.00007820   0.00000000
 -0.00053135  -0.00000000     0.00160360   0.00000000     0.00007706   0.00000000
  0.00066399   0.00000000     0.00053135   0.00000000    -0.00012100  -0.00000000
    9    5
  0.00004551   0.00000000     0.00001551   0.00000000    -0.00023660  -0.00000000
 -0.00047993  -0.00000000     0.00068719   0.00000000    -0.00001551  -0.00000000
  0.00070104   0.00000000     0.00047993   0.00000000     0.00004551   0.00000000
    9    6
 -0.00044849  -0.00000000    -0.00017383  -0.00000000     0.00017383   0.00000000
  0.00018636   0.00000000     0.00043089   0.00000000    -0.00044857  -0.00000000
 -0.00018636  -0.00000000    -0.00044857  -0.00000000     0.00043089   0.00000000
    9    7
 -0.00039306  -0.00000000    -0.00007434  -0.00000000     0.00007434   0.00000000
  0.00001930   0.00000000    -0.00014298  -0.00000000     0.00021473   0.00000000
 -0.00001930  -0.00000000     0.00021473   0.00000000    -0.00014298  -0.00000000
    9    8
  0.00011901   0.00000000     0.00014329   0.00000000    -0.00014329  -0.00000000
  0.00014329   0.00000000     0.00012577   0.00000000     0.00082786   0.00000000
 -0.00014329  -0.00000000     0.00082786   0.00000000     0.00012577   0.00000000
    9    9
  0.00083756   0.00000000    -0.00017307   0.00000000     0.00017307   0.00000000
 -0.00017307   0.00000000     0.00253094   0.00000000    -0.00034109   0.00000000
  0.00017307   0.00000000    -0.00034109   0.00000000     0.00253094   0.00000000
    9   10
 -0.00012100  -0.00000000    -0.00007820  -0.00000000     0.00007706   0.00000000
 -0.00066399  -0.00000000    -0.00012100  -0.00000000     0.00053135   0.00000000
  0.00053135   0.00000000     0.00007706   0.00000000     0.00160360   0.00000000
    9   11
  0.00004551   0.00000000     0.00023660   0.00000000    -0.00001551  -0.00000000
 -0.00070104  -0.00000000     0.00004551   0.00000000     0.00047993   0.00000000
  0.00047993   0.00000000    -0.00001551  -0.00000000     0.00068719   0.00000000
   10    1
 -0.00150916  -0.00000000     0.00020651   0.00000000    -0.00020902  -0.00000000
  0.00021057   0.00000000     0.00077418   0.00000000    -0.00021057  -0.00000000
 -0.00020902  -0.00000000    -0.00020651  -0.00000000    -0.00150916  -0.00000000
   10    2
 -0.00036276  -0.00000000    -0.00088277  -0.00000000    -0.00041754  -0.00000000
 -0.00029909  -0.00000000     0.00010005   0.00000000     0.00029909   0.00000000
 -0.00041754  -0.00000000     0.00088277   0.00000000    -0.00036276  -0.00000000
   10    3
 -0.00080491  -0.00000000     0.00142311   0.00000000     0.00042577   0.00000000
  0.00078434   0.00000000     0.00010927   0.00000000    -0.00078434  -0.00000000
  0.00042577   0.00000000    -0.00142311  -0.00000000    -0.00080491  -0.00000000
   10    4
  0.00068719   0.00000000    -0.00047993  -0.00000000    -0.00001551  -0.00000000
  0.00001551   0.00000000     0.00004551   0.00000000    -0.00023660  -0.00000000
  0.00047993   0.00000000     0.00070104   0.00000000     0.00004551   0.00000000
   10    5
  0.00160360   0.00000000    -0.00053135  -0.00000000     0.00007706   0.00000000
 -0.00007706  -0.00000000    -0.00012100  -0.00000000     0.00007820   0.00000000
  0.00053135   0.00000000     0.00066399   0.00000000    -0.00012100  -0.00000000
   10    6
 -0.00014298   0.00000000     0.00001930  -0.00000000     0.00021473  -0.00000000
 -0.00007434  -0.00000000    -0.00039306  -0.00000000     0.00007434   0.00000000
  0.00021473  -0.00000000    -0.00001930   0.00000000    -0.00014298  -0.00000000
   10    7
  0.00043089   0.00000000     0.00018636   0.00000000    -0.00044857  -0.00000000
 -0.00017383  -0.00000000    -0.00044849  -0.00000000     0.00017383   0.00000000
 -0.00044857  -0.00000000    -0.00018636  -0.00000000     0.00043089   0.00000000
   10    8
  0.00004551   0.00000000    -0.00070104  -0.00000000     0.00047993   0.00000000
  0.00023660   0.00000000     0.00004551   0.00000000    -0.00001551  -0.00000000
 -0.00001551  -0.00000000     0.00047993   0.00000000     0.00068719   0.00000000
   10    9
 -0.00012100   0.00000000    -0.00066399   0.00000000     0.00053135  -0.00000000
 -0.00007820   0.00000000    -0.00012100   0.00000000     0.00007706  -0.00000000
  0.00007706  -0.00000000     0.00053135  -0.00000000     0.00160360  -0.00000000
   10   10
  0.00253094   0.00000000    -0.00017307   0.00000000    -0.00034109   0.00000000
 -0.00017307   0.00000000     0.00083756   0.00000000     0.00017307   0.00000000
 -0.00034109   0.00000000     0.00017307   0.00000000     0.00253094   0.00000000
   10   11
  0.00012577   0.00000000     0.00014329   0.00000000     0.00082786   0.00000000
  0.00014329   0.00000000     0.00011901   0.00000000    -0.00014329  -0.00000000
  0.00082786   0.00000000    -0.00014329  -0.00000000     0.00012577   0.00000000
   11    1
 -0.00150916  -0.00000000     0.00020651   0.00000000    -0.00020902  -0.00000000
  0.00021057   0.00000000     0.00077418   0.00000000    -0.00021057  -0.00000000
 -0.00020902  -0.00000000    -0.00020651  -0.00000000    -0.00150916  -0.00000000
   11    2
 -0.00080491  -0.00000000     0.00142311   0.00000000     0.00042577   0.00000000
  0.00078434   0.00000000     0.00010927   0.00000000    -0.00078434  -0.00000000
  0.00042577   0.00000000    -0.00142311  -0.00000000    -0.00080491  -0.00000000
   11    3
 -0.00036276  -0.00000000    -0.00088277  -0.00000000    -0.00041754  -0.00000000
 -0.00029909  -0.00000000     0.00010005   0.00000000     0.00029909   0.00000000
 -0.00041754  -0.00000000     0.00088277   0.00000000    -0.00036276  -0.00000000
   11    4
  0.00160360   0.00000000    -0.00053135  -0.00000000     0.00007706   0.00000000
 -0.00007706  -0.00000000    -0.00012100  -0.00000000     0.00007820   0.00000000
  0.00053135   0.00000000     0.00066399   0.00000000    -0.00012100  -0.00000000
   11    5
  0.00068719   0.00000000    -0.00047993  -0.00000000    -0.00001551  -0.00000000
  0.00001551   0.00000000     0.00004551   0.00000000    -0.00023660  -0.00000000
  0.00047993   0.00000000     0.00070104   0.00000000     0.00004551   0.00000000
   11    6
  0.00043089  -0.00000000     0.00018636  -0.00000000    -0.00044857   0.00000000
 -0.00017383   0.00000000    -0.00044849   0.00000000     0.00017383  -0.00000000
 -0.00044857   0.00000000    -0.00018636   0.00000000     0.00043089  -0.00000000
   11    7
 -0.00014298   0.00000000     0.00001930  -0.00000000     0.00021473  -0.00000000
 -0.00007434   0.00000000    -0.00039306   0.00000000     0.00007434  -0.00000000
  0.00021473  -0.00000000    -0.00001930   0.00000000    -0.00014298   0.00000000
   11    8
 -0.00012100   0.00000000    -0.00066399   0.00000000     0.00053135  -0.00000000
 -0.00007820   0.00000000    -0.00012100   0.00000000     0.00007706  -0.00000000
  0.00007706  -0.00000000     0.00053135  -0.00000000     0.00160360  -0.00000000
   11    9
  0.00004551  -0.00000000    -0.00070104   0.00000000     0.00047993  -0.00000000
  0.00023660  -0.00000000     0.00004551  -0.00000000    -0.00001551   0.00000000
 -0.00001551   0.00000000     0.00047993  -0.00000000     0.00068719  -0.00000000
   11   10
  0.00012577  -0.00000000     0.00014329  -0.00000000     0.00082786  -0.00000000
  0.00014329  -0.00000000     0.00011901  -0.00000000    -0.00014329   0.00000000
  0.00082786  -0.00000000    -0.00014329   0.00000000     0.00012577  -0.00000000
   11   11
  0.00253094   0.00000000    -0.00017307   0.00000000    -0.00034109   0.00000000
 -0.00017307   0.00000000     0.00083756   0.00000000     0.00017307   0.00000000
 -0.00034109   0.00000000     0.00017307   0.00000000     0.00253094   0.00000000

     Dynamical  Matrix in cartesian axes

     q = (   -0.353553391   0.353553391   0.353553391 ) 

    1    1
  0.00510076   0.00000000    -0.00079646   0.00000000    -0.00079646   0.00000000
 -0.00079646   0.00000000     0.00510076   0.00000000     0.00079646   0.00000000
 -0.00079646   0.00000000     0.00079646   0.00000000     0.00510076   0.00000000
    1    2
  0.00091793   0.00000000    -0.00053886   0.00000000    -0.00053886   0.00000000
 -0.00053886   0.00000000     0.00091793   0.00000000     0.00053886   0.00000000
 -0.00053886   0.00000000     0.00053886   0.00000000     0.00091793   0.00000000
    1    3
  0.00091793   0.00000000    -0.00053886   0.00000000    -0.00053886   0.00000000
 -0.00053886   0.00000000     0.00091793   0.00000000     0.00053886   0.00000000
 -0.00053886   0.00000000     0.00053886   0.00000000     0.00091793   0.00000000
    1    4
  0.00077418   0.00000000    -0.00020651  -0.00000000    -0.00020651  -0.00000000
 -0.00021057  -0.00000000    -0.00150916  -0.00000000     0.00020902   0.00000000
 -0.00021057  -0.00000000     0.00020902   0.00000000    -0.00150916  -0.00000000
    1    5
  0.00077418   0.00000000    -0.00020651  -0.00000000    -0.00020651  -0.00000000
 -0.00021057  -0.00000000    -0.00150916  -0.00000000     0.00020902   0.00000000
 -0.00021057  -0.00000000     0.00020902   0.00000000    -0.00150916  -0.00000000
    1    6
 -0.00150916  -0.00000000    -0.00021057  -0.00000000    -0.00020902  -0.00000000
 -0.00020651  -0.00000000     0.00077418   0.00000000     0.00020651   0.00000000
 -0.00020902  -0.00000000     0.00021057   0.00000000    -0.00150916  -0.00000000
    1    7
 -0.00150916  -0.00000000    -0.00021057  -0.00000000    -0.00020902  -0.00000000
 -0.00020651  -0.00000000     0.00077418   0.00000000     0.00020651   0.00000000
 -0.00020902  -0.00000000     0.00021057   0.00000000    -0.00150916  -0.00000000
    1    8
 -0.00150916  -0.00000000    -0.00020902  -0.00000000    -0.00021057  -0.00000000
 -0.00020902  -0.00000000    -0.00150916  -0.00000000     0.00021057   0.00000000
 -0.00020651  -0.00000000     0.00020651   0.00000000     0.00077418   0.00000000
    1    9
 -0.00150916  -0.00000000    -0.00020902  -0.00000000    -0.00021057  -0.00000000
 -0.00020902  -0.00000000    -0.00150916  -0.00000000     0.00021057   0.00000000
 -0.00020651  -0.00000000     0.00020651   0.00000000     0.00077418   0.00000000
    1   10
 -0.00135500  -0.00000000     0.00052013   0.00000000     0.00052013   0.00000000
  0.00052013   0.00000000    -0.00135500  -0.00000000    -0.00052013  -0.00000000
  0.00052013   0.00000000    -0.00052013  -0.00000000    -0.00135500  -0.00000000
    1   11
 -0.00135500  -0.00000000     0.00052013   0.00000000     0.00052013   0.00000000
  0.00052013   0.00000000    -0.00135500  -0.00000000    -0.00052013  -0.00000000
  0.00052013   0.00000000    -0.00052013  -0.00000000    -0.00135500  -0.00000000
    2    1
  0.00091793   0.00000000    -0.00053886   0.00000000    -0.00053886   0.00000000
 -0.00053886   0.00000000     0.00091793   0.00000000     0.00053886   0.00000000
 -0.00053886   0.00000000     0.00053886   0.00000000     0.00091793   0.00000000
    2    2
  0.00334981   0.00000000    -0.00004265   0.00000000    -0.00004265   0.00000000
 -0.00004265   0.00000000     0.00334981   0.00000000     0.00004265   0.00000000
 -0.00004265   0.00000000     0.00004265   0.00000000     0.00334981   0.00000000
    2    3
 -0.00171010   0.00000000    -0.00003818   0.00000000    -0.00003818   0.00000000
 -0.00003818   0.00000000    -0.00171010   0.00000000     0.00003818   0.00000000
 -0.00003818   0.00000000     0.00003818   0.00000000    -0.00171010   0.00000000
    2    4
  0.00010005   0.00000000     0.00088277   0.00000000     0.00088277   0.00000000
  0.00029909   0.00000000    -0.00036276  -0.00000000     0.00041754   0.00000000
  0.00029909   0.00000000     0.00041754   0.00000000    -0.00036276  -0.00000000
    2    5
  0.00010927   0.00000000    -0.00142311  -0.00000000    -0.00142311  -0.00000000
 -0.00078434  -0.00000000    -0.00080491  -0.00000000    -0.00042577  -0.00000000
 -0.00078434  -0.00000000    -0.00042577  -0.00000000    -0.00080491  -0.00000000
    2    6
 -0.00036276  -0.00000000     0.00029909   0.00000000    -0.00041754  -0.00000000
  0.00088277   0.00000000     0.00010005   0.00000000    -0.00088277  -0.00000000
 -0.00041754  -0.00000000    -0.00029909  -0.00000000    -0.00036276  -0.00000000
    2    7
 -0.00080491  -0.00000000    -0.00078434  -0.00000000     0.00042577   0.00000000
 -0.00142311  -0.00000000     0.00010927   0.00000000     0.00142311   0.00000000
  0.00042577   0.00000000     0.00078434   0.00000000    -0.00080491  -0.00000000
    2    8
 -0.00036276  -0.00000000    -0.00041754  -0.00000000     0.00029909   0.00000000
 -0.00041754  -0.00000000    -0.00036276  -0.00000000    -0.00029909  -0.00000000
  0.00088277   0.00000000    -0.00088277  -0.00000000     0.00010005   0.00000000
    2    9
 -0.00080491  -0.00000000     0.00042577   0.00000000    -0.00078434  -0.00000000
  0.00042577   0.00000000    -0.00080491  -0.00000000     0.00078434   0.00000000
 -0.00142311  -0.00000000     0.00142311   0.00000000     0.00010927   0.00000000
    2   10
 -0.00023067  -0.00000000     0.00004614   0.00000000     0.00004614   0.00000000
  0.00004614   0.00000000    -0.00023067  -0.00000000    -0.00004614  -0.00000000
  0.00004614   0.00000000    -0.00004614  -0.00000000    -0.00023067  -0.00000000
    2   11
 -0.00025551  -0.00000000     0.00058784   0.00000000     0.00058784   0.00000000
  0.00058784   0.00000000    -0.00025551  -0.00000000    -0.00058784  -0.00000000
  0.00058784   0.00000000    -0.00058784  -0.00000000    -0.00025551  -0.00000000
    3    1
  0.00091793   0.00000000    -0.00053886   0.00000000    -0.00053886   0.00000000
 -0.00053886   0.00000000     0.00091793   0.00000000     0.00053886   0.00000000
 -0.00053886   0.00000000     0.00053886   0.00000000     0.00091793   0.00000000
    3    2
 -0.00171010   0.00000000    -0.00003818   0.00000000    -0.00003818   0.00000000
 -0.00003818   0.00000000    -0.00171010   0.00000000     0.00003818   0.00000000
 -0.00003818   0.00000000     0.00003818   0.00000000    -0.00171010   0.00000000
    3    3
  0.00334981   0.00000000    -0.00004265   0.00000000    -0.00004265   0.00000000
 -0.00004265   0.00000000     0.00334981   0.00000000     0.00004265   0.00000000
 -0.00004265   0.00000000     0.00004265   0.00000000     0.00334981   0.00000000
    3    4
  0.00010927   0.00000000    -0.00142311  -0.00000000    -0.00142311  -0.00000000
 -0.00078434  -0.00000000    -0.00080491  -0.00000000    -0.00042577  -0.00000000
 -0.00078434  -0.00000000    -0.00042577  -0.00000000    -0.00080491  -0.00000000
    3    5
  0.00010005   0.00000000     0.00088277   0.00000000     0.00088277   0.00000000
  0.00029909   0.00000000    -0.00036276  -0.00000000     0.00041754   0.00000000
  0.00029909   0.00000000     0.00041754   0.00000000    -0.00036276  -0.00000000
    3    6
 -0.00080491  -0.00000000    -0.00078434  -0.00000000     0.00042577   0.00000000
 -0.00142311  -0.00000000     0.00010927   0.00000000     0.00142311   0.00000000
  0.00042577   0.00000000     0.00078434   0.00000000    -0.00080491  -0.00000000
    3    7
 -0.00036276  -0.00000000     0.00029909   0.00000000    -0.00041754  -0.00000000
  0.00088277   0.00000000     0.00010005   0.00000000    -0.00088277  -0.00000000
 -0.00041754  -0.00000000    -0.00029909  -0.00000000    -0.00036276  -0.00000000
    3    8
 -0.00080491  -0.00000000     0.00042577   0.00000000    -0.00078434  -0.00000000
  0.00042577   0.00000000    -0.00080491  -0.00000000     0.00078434   0.00000000
 -0.00142311  -0.00000000     0.00142311   0.00000000     0.00010927   0.00000000
    3    9
 -0.00036276  -0.00000000    -0.00041754  -0.00000000     0.00029909   0.00000000
 -0.00041754  -0.00000000    -0.00036276  -0.00000000    -0.00029909  -0.00000000
  0.00088277   0.00000000    -0.00088277  -0.00000000     0.00010005   0.00000000
    3   10
 -0.00025551  -0.00000000     0.00058784   0.00000000     0.00058784   0.00000000
  0.00058784   0.00000000    -0.00025551  -0.00000000    -0.00058784  -0.00000000
  0.00058784   0.00000000    -0.00058784  -0.00000000    -0.00025551  -0.00000000
    3   11
 -0.00023067  -0.00000000     0.00004614   0.00000000     0.00004614   0.00000000
  0.00004614   0.00000000    -0.00023067  -0.00000000    -0.00004614  -0.00000000
  0.00004614   0.00000000    -0.00004614  -0.00000000    -0.00023067  -0.00000000
    4    1
  0.00077418  -0.00000000    -0.00021057   0.00000000    -0.00021057   0.00000000
