  4.000000000000000E-002   1.62541921959059        5.08886714123503     
           6

     Dynamical  Matrix in cartesian axes

     q = (    0.235702260   0.000000000   0.000000000 ) 

    1    1
  0.34601533   0.00000000     0.00000000   0.00000000    -0.00000000   0.00000000
  0.00000000   0.00000000     0.10675378   0.00000000    -0.00000000   0.00000000
 -0.00000000   0.00000000    -0.00000000   0.00000000     0.10675378   0.00000000
    1    2
  0.04033185   0.02328560    -0.00000000  -0.00000000     0.00000000   0.00000000
 -0.00000000   0.00000000    -0.01504464  -0.00868603    -0.00607610   0.01052411
 -0.00000000   0.00000000    -0.00607610   0.01052411    -0.01504464  -0.00868603
    1    3
  0.04033185  -0.02328560    -0.00000000   0.00000000     0.00000000   0.00000000
 -0.00000000   0.00000000    -0.01504464   0.00868603    -0.00607610  -0.01052411
 -0.00000000   0.00000000    -0.00607610  -0.01052411    -0.01504464   0.00868603
    1    4
 -0.04653969   0.00223664     0.00570063   0.00162209     0.00570063   0.00162209
  0.01118146  -0.00444554    -0.00194605   0.00738142     0.01116549  -0.00581823
  0.01118146  -0.00444554     0.01116549  -0.00581823    -0.00194605   0.00738142
    1    5
 -0.04653969  -0.00223664     0.00570063  -0.00162209     0.00570063  -0.00162209
  0.01118146   0.00444554    -0.00194605  -0.00738142     0.01116549   0.00581823
  0.01118146   0.00444554     0.01116549   0.00581823    -0.00194605  -0.00738142
    1    6
 -0.02520684   0.03918623     0.00144555  -0.00574794    -0.00144555   0.00574794
  0.00944068  -0.00746066    -0.00736552  -0.00200538    -0.01062148   0.00676049
 -0.00944068   0.00746066    -0.01062148   0.00676049    -0.00736552  -0.00200538
    1    7
 -0.02520684  -0.03918623     0.00144555   0.00574794    -0.00144555  -0.00574794
  0.00944068   0.00746066    -0.00736552   0.00200538    -0.01062148  -0.00676049
 -0.00944068  -0.00746066    -0.01062148  -0.00676049    -0.00736552   0.00200538
    1    8
 -0.02520684   0.03918623    -0.00144555   0.00574794     0.00144555  -0.00574794
 -0.00944068   0.00746066    -0.00736552  -0.00200538    -0.01062148   0.00676049
  0.00944068  -0.00746066    -0.01062148   0.00676049    -0.00736552  -0.00200538
    1    9
 -0.02520684  -0.03918623    -0.00144555  -0.00574794     0.00144555   0.00574794
 -0.00944068  -0.00746066    -0.00736552   0.00200538    -0.01062148  -0.00676049
  0.00944068   0.00746066    -0.01062148  -0.00676049    -0.00736552   0.00200538
    1   10
 -0.04653969   0.00223664    -0.00570063  -0.00162209    -0.00570063  -0.00162209
 -0.01118146   0.00444554    -0.00194605   0.00738142     0.01116549  -0.00581823
 -0.01118146   0.00444554     0.01116549  -0.00581823    -0.00194605   0.00738142
    1   11
 -0.04653969  -0.00223664    -0.00570063   0.00162209    -0.00570063   0.00162209
 -0.01118146  -0.00444554    -0.00194605  -0.00738142     0.01116549   0.00581823
 -0.01118146  -0.00444554     0.01116549   0.00581823    -0.00194605  -0.00738142
    2    1
  0.04033185  -0.02328560     0.00000000   0.00000000     0.00000000   0.00000000
 -0.00000000   0.00000000    -0.01504464   0.00868603    -0.00607610  -0.01052411
  0.00000000   0.00000000    -0.00607610  -0.01052411    -0.01504464   0.00868603
    2    2
  0.06832926   0.00000000     0.00000000  -0.00000000    -0.00000000   0.00000000
  0.00000000   0.00000000     0.02876424  -0.00000000     0.00000000   0.00000000
  0.00000000  -0.00000000     0.00000000   0.00000000     0.02876424  -0.00000000
    2    3
 -0.00295468   0.00511765     0.00000000  -0.00000000     0.00000000  -0.00000000
  0.00000000  -0.00000000    -0.00481358   0.00833736     0.00634681   0.00366433
  0.00000000  -0.00000000     0.00634681   0.00366433    -0.00481358   0.00833736
    2    4
  0.00347132  -0.00347269     0.00401979   0.00153473     0.00401979   0.00153473
 -0.00145389  -0.00194766    -0.00389235  -0.00205236    -0.00368793  -0.00145983
 -0.00145389  -0.00194766    -0.00368793  -0.00145983    -0.00389235  -0.00205236
    2    5
 -0.01037147   0.00132371    -0.01430633   0.00349151    -0.01430633   0.00349151
 -0.00658100  -0.00223382    -0.00419508  -0.00012457    -0.01002749  -0.00162745
 -0.00658100  -0.00223382    -0.01002749  -0.00162745    -0.00419508  -0.00012457
    2    6
  0.00127177  -0.00474260    -0.00333902  -0.00271388     0.00333902   0.00271388
  0.00241367   0.00028528     0.00372357   0.00234469    -0.00310821  -0.00246393
 -0.00241367  -0.00028528    -0.00310821  -0.00246393     0.00372357   0.00234469
    2    7
 -0.01037147  -0.00132371    -0.01430633  -0.00349151     0.01430633   0.00349151
 -0.00658100   0.00223382    -0.00419508   0.00012457     0.01002749  -0.00162745
  0.00658100  -0.00223382     0.01002749  -0.00162745    -0.00419508   0.00012457
    2    8
  0.00127177  -0.00474260     0.00333902   0.00271388    -0.00333902  -0.00271388
 -0.00241367  -0.00028528     0.00372357   0.00234469    -0.00310821  -0.00246393
  0.00241367   0.00028528    -0.00310821  -0.00246393     0.00372357   0.00234469
    2    9
 -0.01037147  -0.00132371     0.01430633   0.00349151    -0.01430633  -0.00349151
  0.00658100  -0.00223382    -0.00419508   0.00012457     0.01002749  -0.00162745
 -0.00658100   0.00223382     0.01002749  -0.00162745    -0.00419508   0.00012457
    2   10
  0.00347132  -0.00347269    -0.00401979  -0.00153473    -0.00401979  -0.00153473
  0.00145389   0.00194766    -0.00389235  -0.00205236    -0.00368793  -0.00145983
  0.00145389   0.00194766    -0.00368793  -0.00145983    -0.00389235  -0.00205236
    2   11
 -0.01037147   0.00132371     0.01430633  -0.00349151     0.01430633  -0.00349151
  0.00658100   0.00223382    -0.00419508  -0.00012457    -0.01002749  -0.00162745
  0.00658100   0.00223382    -0.01002749  -0.00162745    -0.00419508  -0.00012457
    3    1
  0.04033185   0.02328560     0.00000000   0.00000000     0.00000000   0.00000000
 -0.00000000   0.00000000    -0.01504464  -0.00868603    -0.00607610   0.01052411
  0.00000000   0.00000000    -0.00607610   0.01052411    -0.01504464  -0.00868603
    3    2
 -0.00295468  -0.00511765     0.00000000   0.00000000     0.00000000   0.00000000
  0.00000000   0.00000000    -0.00481358  -0.00833736     0.00634681  -0.00366433
  0.00000000   0.00000000     0.00634681  -0.00366433    -0.00481358  -0.00833736
    3    3
  0.06832926  -0.00000000     0.00000000   0.00000000    -0.00000000  -0.00000000
  0.00000000  -0.00000000     0.02876424   0.00000000     0.00000000  -0.00000000
  0.00000000   0.00000000     0.00000000  -0.00000000     0.02876424   0.00000000
    3    4
 -0.01037147  -0.00132371    -0.01430633  -0.00349151    -0.01430633  -0.00349151
 -0.00658100   0.00223382    -0.00419508   0.00012457    -0.01002749   0.00162745
 -0.00658100   0.00223382    -0.01002749   0.00162745    -0.00419508   0.00012457
    3    5
  0.00347132   0.00347269     0.00401979  -0.00153473     0.00401979  -0.00153473
 -0.00145389   0.00194766    -0.00389235   0.00205236    -0.00368793   0.00145983
 -0.00145389   0.00194766    -0.00368793   0.00145983    -0.00389235   0.00205236
    3    6
 -0.01037147   0.00132371    -0.01430633   0.00349151     0.01430633  -0.00349151
 -0.00658100  -0.00223382    -0.00419508  -0.00012457     0.01002749   0.00162745
  0.00658100   0.00223382     0.01002749   0.00162745    -0.00419508  -0.00012457
    3    7
  0.00127177   0.00474260    -0.00333902   0.00271388     0.00333902  -0.00271388
  0.00241367  -0.00028528     0.00372357  -0.00234469    -0.00310821   0.00246393
 -0.00241367   0.00028528    -0.00310821   0.00246393     0.00372357  -0.00234469
    3    8
 -0.01037147   0.00132371     0.01430633  -0.00349151    -0.01430633   0.00349151
  0.00658100   0.00223382    -0.00419508  -0.00012457     0.01002749   0.00162745
 -0.00658100  -0.00223382     0.01002749   0.00162745    -0.00419508  -0.00012457
    3    9
  0.00127177   0.00474260     0.00333902  -0.00271388    -0.00333902   0.00271388
 -0.00241367   0.00028528     0.00372357  -0.00234469    -0.00310821   0.00246393
  0.00241367  -0.00028528    -0.00310821   0.00246393     0.00372357  -0.00234469
    3   10
 -0.01037147  -0.00132371     0.01430633   0.00349151     0.01430633   0.00349151
  0.00658100  -0.00223382    -0.00419508   0.00012457    -0.01002749   0.00162745
  0.00658100  -0.00223382    -0.01002749   0.00162745    -0.00419508   0.00012457
    3   11
  0.00347132   0.00347269    -0.00401979   0.00153473    -0.00401979   0.00153473
  0.00145389  -0.00194766    -0.00389235   0.00205236    -0.00368793   0.00145983
  0.00145389  -0.00194766    -0.00368793   0.00145983    -0.00389235   0.00205236
    4    1
 -0.04653969  -0.00223664     0.01118146   0.00444554     0.01118146   0.00444554
  0.00570063  -0.00162209    -0.00194605  -0.00738142     0.01116549   0.00581823
  0.00570063  -0.00162209     0.01116549   0.00581823    -0.00194605  -0.00738142
    4    2
  0.00347132   0.00347269    -0.00145389   0.00194766    -0.00145389   0.00194766
  0.00401979  -0.00153473    -0.00389235   0.00205236    -0.00368793   0.00145983
  0.00401979  -0.00153473    -0.00368793   0.00145983    -0.00389235   0.00205236
    4    3
 -0.01037147   0.00132371    -0.00658100  -0.00223382    -0.00658100  -0.00223382
 -0.01430633   0.00349151    -0.00419508  -0.00012457    -0.01002749  -0.00162745
 -0.01430633   0.00349151    -0.01002749  -0.00162745    -0.00419508  -0.00012457
    4    4
  0.04397714  -0.00000000    -0.00146565   0.00275226    -0.00146565   0.00275226
 -0.00146565  -0.00275226     0.03455700  -0.00000000     0.00505150   0.00000000
 -0.00146565  -0.00275226     0.00505150  -0.00000000     0.03455700   0.00000000
    4    5
  0.00888727  -0.00812716     0.00055768  -0.00238404     0.00055768  -0.00238404
  0.00055768  -0.00238404     0.00188129  -0.00570154     0.00264460  -0.00067564
  0.00055768  -0.00238404     0.00264460  -0.00067564     0.00188129  -0.00570154
    4    6
  0.00238362  -0.01612125    -0.00083421  -0.00072928     0.00077427   0.00154116
 -0.00083421  -0.00072928    -0.00668576  -0.00522277     0.00062942   0.00075290
 -0.00077427  -0.00154116    -0.00062942  -0.00075290     0.00150937   0.00309210
    4    7
  0.00793020   0.01373551    -0.00159295  -0.00177291     0.00109832   0.00414863
 -0.00073891  -0.00226599     0.00444304   0.00769556    -0.00004733   0.00054814
 -0.00304366  -0.00302549    -0.00049837  -0.00023308    -0.00845856  -0.01465066
    4    8
  0.00238362  -0.01612125     0.00077427   0.00154116    -0.00083421  -0.00072928
 -0.00077427  -0.00154116     0.00150937   0.00309210    -0.00062942  -0.00075290
 -0.00083421  -0.00072928     0.00062942   0.00075290    -0.00668576  -0.00522277
    4    9
  0.00793020   0.01373551     0.00109832   0.00414863    -0.00159295  -0.00177291
 -0.00304366  -0.00302549    -0.00845856  -0.01465066    -0.00049837  -0.00023308
 -0.00073891  -0.00226599    -0.00004733   0.00054814     0.00444304   0.00769556
    4   10
  0.01612555  -0.00000000     0.00034038  -0.00129692     0.00034038  -0.00129692
 -0.00034038  -0.00129692    -0.00730875   0.00000000     0.00029237   0.00000000
 -0.00034038  -0.00129692     0.00029237   0.00000000    -0.00730875  -0.00000000
    4   11
  0.01305784  -0.01801119     0.00452207  -0.00184843     0.00452207  -0.00184843
 -0.00452207   0.00184843     0.00721893   0.00991045     0.00585111  -0.00077521
 -0.00452207   0.00184843     0.00585111  -0.00077521     0.00721893   0.00991045
    5    1
 -0.04653969   0.00223664     0.01118146  -0.00444554     0.01118146  -0.00444554
  0.00570063   0.00162209    -0.00194605   0.00738142     0.01116549  -0.00581823
  0.00570063   0.00162209     0.01116549  -0.00581823    -0.00194605   0.00738142
    5    2
 -0.01037147  -0.00132371    -0.00658100   0.00223382    -0.00658100   0.00223382
 -0.01430633  -0.00349151    -0.00419508   0.00012457    -0.01002749   0.00162745
 -0.01430633  -0.00349151    -0.01002749   0.00162745    -0.00419508   0.00012457
    5    3
  0.00347132  -0.00347269    -0.00145389  -0.00194766    -0.00145389  -0.00194766
  0.00401979   0.00153473    -0.00389235  -0.00205236    -0.00368793  -0.00145983
  0.00401979   0.00153473    -0.00368793  -0.00145983    -0.00389235  -0.00205236
    5    4
  0.00888727   0.00812716     0.00055768   0.00238404     0.00055768   0.00238404
  0.00055768   0.00238404     0.00188129   0.00570154     0.00264460   0.00067564
  0.00055768   0.00238404     0.00264460   0.00067564     0.00188129   0.00570154
    5    5
  0.04397714   0.00000000    -0.00146565  -0.00275226    -0.00146565  -0.00275226
 -0.00146565   0.00275226     0.03455700   0.00000000     0.00505150  -0.00000000
 -0.00146565   0.00275226     0.00505150   0.00000000     0.03455700  -0.00000000
    5    6
  0.00793020  -0.01373551    -0.00159295   0.00177291     0.00109832  -0.00414863
 -0.00073891   0.00226599     0.00444304  -0.00769556    -0.00004733  -0.00054814
 -0.00304366   0.00302549    -0.00049837   0.00023308    -0.00845856   0.01465066
    5    7
  0.00238362   0.01612125    -0.00083421   0.00072928     0.00077427  -0.00154116
 -0.00083421   0.00072928    -0.00668576   0.00522277     0.00062942  -0.00075290
 -0.00077427   0.00154116    -0.00062942   0.00075290     0.00150937  -0.00309210
    5    8
  0.00793020  -0.01373551     0.00109832  -0.00414863    -0.00159295   0.00177291
 -0.00304366   0.00302549    -0.00845856   0.01465066    -0.00049837   0.00023308
 -0.00073891   0.00226599    -0.00004733  -0.00054814     0.00444304  -0.00769556
    5    9
  0.00238362   0.01612125     0.00077427  -0.00154116    -0.00083421   0.00072928
 -0.00077427   0.00154116     0.00150937  -0.00309210    -0.00062942   0.00075290
 -0.00083421   0.00072928     0.00062942  -0.00075290    -0.00668576   0.00522277
    5   10
  0.01305784   0.01801119     0.00452207   0.00184843     0.00452207   0.00184843
 -0.00452207  -0.00184843     0.00721893  -0.00991045     0.00585111   0.00077521
 -0.00452207  -0.00184843     0.00585111   0.00077521     0.00721893  -0.00991045
    5   11
  0.01612555   0.00000000     0.00034038   0.00129692     0.00034038   0.00129692
 -0.00034038   0.00129692    -0.00730875  -0.00000000     0.00029237   0.00000000
 -0.00034038   0.00129692     0.00029237  -0.00000000    -0.00730875   0.00000000
    6    1
 -0.02520684  -0.03918623     0.00944068   0.00746066    -0.00944068  -0.00746066
  0.00144555   0.00574794    -0.00736552   0.00200538    -0.01062148  -0.00676049
 -0.00144555  -0.00574794    -0.01062148  -0.00676049    -0.00736552   0.00200538
    6    2
  0.00127177   0.00474260     0.00241367  -0.00028528    -0.00241367   0.00028528
 -0.00333902   0.00271388     0.00372357  -0.00234469    -0.00310821   0.00246393
  0.00333902  -0.00271388    -0.00310821   0.00246393     0.00372357  -0.00234469
    6    3
 -0.01037147  -0.00132371    -0.00658100   0.00223382     0.00658100  -0.00223382
 -0.01430633  -0.00349151    -0.00419508   0.00012457     0.01002749  -0.00162745
  0.01430633   0.00349151     0.01002749  -0.00162745    -0.00419508   0.00012457
    6    4
  0.00238362   0.01612125    -0.00083421   0.00072928    -0.00077427   0.00154116
 -0.00083421   0.00072928    -0.00668576   0.00522277    -0.00062942   0.00075290
  0.00077427  -0.00154116     0.00062942  -0.00075290     0.00150937  -0.00309210
    6    5
  0.00793020   0.01373551    -0.00073891  -0.00226599    -0.00304366  -0.00302549
 -0.00159295  -0.00177291     0.00444304   0.00769556    -0.00049837  -0.00023308
  0.00109832   0.00414863    -0.00004733   0.00054814    -0.00845856  -0.01465066
    6    6
  0.04397714   0.00000000    -0.00146565  -0.00275226     0.00146565   0.00275226
 -0.00146565   0.00275226     0.03455700  -0.00000000    -0.00505150   0.00000000
  0.00146565  -0.00275226    -0.00505150   0.00000000     0.03455700  -0.00000000
    6    7
 -0.01148196   0.00363302    -0.00234348  -0.00070906     0.00234348   0.00070906
 -0.00234348  -0.00070906    -0.00587832  -0.00122153     0.00190742  -0.00195247
  0.00234348   0.00070906     0.00190742  -0.00195247    -0.00587832  -0.00122153
    6    8
  0.01612555   0.00000000     0.00034038   0.00129692    -0.00034038  -0.00129692
 -0.00034038   0.00129692    -0.00730875  -0.00000000    -0.00029237   0.00000000
  0.00034038  -0.00129692    -0.00029237   0.00000000    -0.00730875  -0.00000000
    6    9
 -0.02212707   0.00230283    -0.00386182   0.00299201     0.00386182  -0.00299201
  0.00386182  -0.00299201     0.00497323   0.01120700     0.00359691  -0.00467961
 -0.00386182   0.00299201     0.00359691  -0.00467961     0.00497323   0.01120700
    6   10
  0.00238362   0.01612125     0.00077427  -0.00154116     0.00083421  -0.00072928
 -0.00077427   0.00154116     0.00150937  -0.00309210     0.00062942  -0.00075290
  0.00083421  -0.00072928    -0.00062942   0.00075290    -0.00668576   0.00522277
    6   11
  0.00793020   0.01373551     0.00304366   0.00302549     0.00073891   0.00226599
 -0.00109832  -0.00414863    -0.00845856  -0.01465066    -0.00004733   0.00054814
  0.00159295   0.00177291    -0.00049837  -0.00023308     0.00444304   0.00769556
    7    1
 -0.02520684   0.03918623     0.00944068  -0.00746066    -0.00944068   0.00746066
  0.00144555  -0.00574794    -0.00736552  -0.00200538    -0.01062148   0.00676049
 -0.00144555   0.00574794    -0.01062148   0.00676049    -0.00736552  -0.00200538
    7    2
 -0.01037147   0.00132371    -0.00658100  -0.00223382     0.00658100   0.00223382
 -0.01430633   0.00349151    -0.00419508  -0.00012457     0.01002749   0.00162745
  0.01430633  -0.00349151     0.01002749   0.00162745    -0.00419508  -0.00012457
    7    3
  0.00127177  -0.00474260     0.00241367   0.00028528    -0.00241367  -0.00028528
 -0.00333902  -0.00271388     0.00372357   0.00234469    -0.00310821  -0.00246393
  0.00333902   0.00271388    -0.00310821  -0.00246393     0.00372357   0.00234469
    7    4
  0.00793020  -0.01373551    -0.00073891   0.00226599    -0.00304366   0.00302549
 -0.00159295   0.00177291     0.00444304  -0.00769556    -0.00049837   0.00023308
  0.00109832  -0.00414863    -0.00004733  -0.00054814    -0.00845856   0.01465066
    7    5
  0.00238362  -0.01612125    -0.00083421  -0.00072928    -0.00077427  -0.00154116
 -0.00083421  -0.00072928    -0.00668576  -0.00522277    -0.00062942  -0.00075290
  0.00077427   0.00154116     0.00062942   0.00075290     0.00150937   0.00309210
    7    6
 -0.01148196  -0.00363302    -0.00234348   0.00070906     0.00234348  -0.00070906
 -0.00234348   0.00070906    -0.00587832   0.00122153     0.00190742   0.00195247
  0.00234348  -0.00070906     0.00190742   0.00195247    -0.00587832   0.00122153
    7    7
  0.04397714  -0.00000000    -0.00146565   0.00275226     0.00146565  -0.00275226
 -0.00146565  -0.00275226     0.03455700   0.00000000    -0.00505150  -0.00000000
  0.00146565   0.00275226    -0.00505150  -0.00000000     0.03455700   0.00000000
    7    8
 -0.02212707  -0.00230283    -0.00386182  -0.00299201     0.00386182   0.00299201
  0.00386182   0.00299201     0.00497323  -0.01120700     0.00359691   0.00467961
 -0.00386182  -0.00299201     0.00359691   0.00467961     0.00497323  -0.01120700
    7    9
  0.01612555  -0.00000000     0.00034038  -0.00129692    -0.00034038   0.00129692
 -0.00034038  -0.00129692    -0.00730875   0.00000000    -0.00029237  -0.00000000
  0.00034038   0.00129692    -0.00029237  -0.00000000    -0.00730875   0.00000000
    7   10
  0.00793020  -0.01373551     0.00304366  -0.00302549     0.00073891  -0.00226599
 -0.00109832   0.00414863    -0.00845856   0.01465066    -0.00004733  -0.00054814
  0.00159295  -0.00177291    -0.00049837   0.00023308     0.00444304  -0.00769556
    7   11
  0.00238362  -0.01612125     0.00077427   0.00154116     0.00083421   0.00072928
 -0.00077427  -0.00154116     0.00150937   0.00309210     0.00062942   0.00075290
  0.00083421   0.00072928    -0.00062942  -0.00075290    -0.00668576  -0.00522277
    8    1
 -0.02520684  -0.03918623    -0.00944068  -0.00746066     0.00944068   0.00746066
 -0.00144555  -0.00574794    -0.00736552   0.00200538    -0.01062148  -0.00676049
  0.00144555   0.00574794    -0.01062148  -0.00676049    -0.00736552   0.00200538
    8    2
  0.00127177   0.00474260    -0.00241367   0.00028528     0.00241367  -0.00028528
  0.00333902  -0.00271388     0.00372357  -0.00234469    -0.00310821   0.00246393
 -0.00333902   0.00271388    -0.00310821   0.00246393     0.00372357  -0.00234469
    8    3
 -0.01037147  -0.00132371     0.00658100  -0.00223382    -0.00658100   0.00223382
  0.01430633   0.00349151    -0.00419508   0.00012457     0.01002749  -0.00162745
 -0.01430633  -0.00349151     0.01002749  -0.00162745    -0.00419508   0.00012457
    8    4
  0.00238362   0.01612125    -0.00077427   0.00154116    -0.00083421   0.00072928
  0.00077427  -0.00154116     0.00150937  -0.00309210     0.00062942  -0.00075290
 -0.00083421   0.00072928    -0.00062942   0.00075290    -0.00668576   0.00522277
    8    5
  0.00793020   0.01373551    -0.00304366  -0.00302549    -0.00073891  -0.00226599
  0.00109832   0.00414863    -0.00845856  -0.01465066    -0.00004733   0.00054814
 -0.00159295  -0.00177291    -0.00049837  -0.00023308     0.00444304   0.00769556
    8    6
  0.01612555   0.00000000    -0.00034038  -0.00129692     0.00034038   0.00129692
  0.00034038  -0.00129692    -0.00730875  -0.00000000    -0.00029237   0.00000000
 -0.00034038   0.00129692    -0.00029237   0.00000000    -0.00730875  -0.00000000
    8    7
 -0.02212707   0.00230283     0.00386182  -0.00299201    -0.00386182   0.00299201
 -0.00386182   0.00299201     0.00497323   0.01120700     0.00359691  -0.00467961
  0.00386182  -0.00299201     0.00359691  -0.00467961     0.00497323   0.01120700
    8    8
  0.04397714   0.00000000     0.00146565   0.00275226    -0.00146565  -0.00275226
  0.00146565  -0.00275226     0.03455700   0.00000000    -0.00505150  -0.00000000
 -0.00146565   0.00275226    -0.00505150  -0.00000000     0.03455700  -0.00000000
    8    9
 -0.01148196   0.00363302     0.00234348   0.00070906    -0.00234348  -0.00070906
  0.00234348   0.00070906    -0.00587832  -0.00122153     0.00190742  -0.00195247
 -0.00234348  -0.00070906     0.00190742  -0.00195247    -0.00587832  -0.00122153
    8   10
  0.00238362   0.01612125     0.00083421  -0.00072928     0.00077427  -0.00154116
  0.00083421  -0.00072928    -0.00668576   0.00522277    -0.00062942   0.00075290
 -0.00077427   0.00154116     0.00062942  -0.00075290     0.00150937  -0.00309210
    8   11
  0.00793020   0.01373551     0.00073891   0.00226599     0.00304366   0.00302549
  0.00159295   0.00177291     0.00444304   0.00769556    -0.00049837  -0.00023308
 -0.00109832  -0.00414863    -0.00004733   0.00054814    -0.00845856  -0.01465066
    9    1
 -0.02520684   0.03918623    -0.00944068   0.00746066     0.00944068  -0.00746066
 -0.00144555   0.00574794    -0.00736552  -0.00200538    -0.01062148   0.00676049
  0.00144555  -0.00574794    -0.01062148   0.00676049    -0.00736552  -0.00200538
    9    2
 -0.01037147   0.00132371     0.00658100   0.00223382    -0.00658100  -0.00223382
  0.01430633  -0.00349151    -0.00419508  -0.00012457     0.01002749   0.00162745
 -0.01430633   0.00349151     0.01002749   0.00162745    -0.00419508  -0.00012457
    9    3
  0.00127177  -0.00474260    -0.00241367  -0.00028528     0.00241367   0.00028528
  0.00333902   0.00271388     0.00372357   0.00234469    -0.00310821  -0.00246393
 -0.00333902  -0.00271388    -0.00310821  -0.00246393     0.00372357   0.00234469
    9    4
  0.00793020  -0.01373551    -0.00304366   0.00302549    -0.00073891   0.00226599
  0.00109832  -0.00414863    -0.00845856   0.01465066    -0.00004733  -0.00054814
 -0.00159295   0.00177291    -0.00049837   0.00023308     0.00444304  -0.00769556
    9    5
  0.00238362  -0.01612125    -0.00077427  -0.00154116    -0.00083421  -0.00072928
  0.00077427   0.00154116     0.00150937   0.00309210     0.00062942   0.00075290
 -0.00083421  -0.00072928    -0.00062942  -0.00075290    -0.00668576  -0.00522277
    9    6
 -0.02212707  -0.00230283     0.00386182   0.00299201    -0.00386182  -0.00299201
 -0.00386182  -0.00299201     0.00497323  -0.01120700     0.00359691   0.00467961
  0.00386182   0.00299201     0.00359691   0.00467961     0.00497323  -0.01120700
    9    7
  0.01612555  -0.00000000    -0.00034038   0.00129692     0.00034038  -0.00129692
  0.00034038   0.00129692    -0.00730875   0.00000000    -0.00029237  -0.00000000
 -0.00034038  -0.00129692    -0.00029237  -0.00000000    -0.00730875   0.00000000
    9    8
 -0.01148196  -0.00363302     0.00234348  -0.00070906    -0.00234348   0.00070906
  0.00234348  -0.00070906    -0.00587832   0.00122153     0.00190742   0.00195247
 -0.00234348   0.00070906     0.00190742   0.00195247    -0.00587832   0.00122153
    9    9
  0.04397714  -0.00000000     0.00146565  -0.00275226    -0.00146565   0.00275226
  0.00146565   0.00275226     0.03455700  -0.00000000    -0.00505150   0.00000000
 -0.00146565  -0.00275226    -0.00505150   0.00000000     0.03455700   0.00000000
    9   10
  0.00793020  -0.01373551     0.00073891  -0.00226599     0.00304366  -0.00302549
  0.00159295  -0.00177291     0.00444304  -0.00769556    -0.00049837   0.00023308
 -0.00109832   0.00414863    -0.00004733  -0.00054814    -0.00845856   0.01465066
    9   11
  0.00238362  -0.01612125     0.00083421   0.00072928     0.00077427   0.00154116
  0.00083421   0.00072928    -0.00668576  -0.00522277    -0.00062942  -0.00075290
 -0.00077427  -0.00154116     0.00062942   0.00075290     0.00150937   0.00309210
   10    1
 -0.04653969  -0.00223664    -0.01118146  -0.00444554    -0.01118146  -0.00444554
 -0.00570063   0.00162209    -0.00194605  -0.00738142     0.01116549   0.00581823
 -0.00570063   0.00162209     0.01116549   0.00581823    -0.00194605  -0.00738142
   10    2
  0.00347132   0.00347269     0.00145389  -0.00194766     0.00145389  -0.00194766
 -0.00401979   0.00153473    -0.00389235   0.00205236    -0.00368793   0.00145983
 -0.00401979   0.00153473    -0.00368793   0.00145983    -0.00389235   0.00205236
   10    3
 -0.01037147   0.00132371     0.00658100   0.00223382     0.00658100   0.00223382
  0.01430633  -0.00349151    -0.00419508  -0.00012457    -0.01002749  -0.00162745
  0.01430633  -0.00349151    -0.01002749  -0.00162745    -0.00419508  -0.00012457
   10    4
  0.01612555  -0.00000000    -0.00034038   0.00129692    -0.00034038   0.00129692
  0.00034038   0.00129692    -0.00730875   0.00000000     0.00029237   0.00000000
  0.00034038   0.00129692     0.00029237   0.00000000    -0.00730875   0.00000000
   10    5
  0.01305784  -0.01801119    -0.00452207   0.00184843    -0.00452207   0.00184843
  0.00452207  -0.00184843     0.00721893   0.00991045     0.00585111  -0.00077521
  0.00452207  -0.00184843     0.00585111  -0.00077521     0.00721893   0.00991045
   10    6
  0.00238362  -0.01612125    -0.00077427  -0.00154116     0.00083421   0.00072928
  0.00077427   0.00154116     0.00150937   0.00309210    -0.00062942  -0.00075290
  0.00083421   0.00072928     0.00062942   0.00075290    -0.00668576  -0.00522277
   10    7
  0.00793020   0.01373551    -0.00109832  -0.00414863     0.00159295   0.00177291
  0.00304366   0.00302549    -0.00845856  -0.01465066    -0.00049837  -0.00023308
  0.00073891   0.00226599    -0.00004733   0.00054814     0.00444304   0.00769556
   10    8
  0.00238362  -0.01612125     0.00083421   0.00072928    -0.00077427  -0.00154116
  0.00083421   0.00072928    -0.00668576  -0.00522277     0.00062942   0.00075290
  0.00077427   0.00154116    -0.00062942  -0.00075290     0.00150937   0.00309210
   10    9
  0.00793020   0.01373551     0.00159295   0.00177291    -0.00109832  -0.00414863
  0.00073891   0.00226599     0.00444304   0.00769556    -0.00004733   0.00054814
  0.00304366   0.00302549    -0.00049837  -0.00023308    -0.00845856  -0.01465066
   10   10
  0.04397714  -0.00000000     0.00146565  -0.00275226     0.00146565  -0.00275226
  0.00146565   0.00275226     0.03455700   0.00000000     0.00505150  -0.00000000
  0.00146565   0.00275226     0.00505150   0.00000000     0.03455700  -0.00000000
   10   11
  0.00888727  -0.00812716    -0.00055768   0.00238404    -0.00055768   0.00238404
 -0.00055768   0.00238404     0.00188129  -0.00570154     0.00264460  -0.00067564
 -0.00055768   0.00238404     0.00264460  -0.00067564     0.00188129  -0.00570154
   11    1
 -0.04653969   0.00223664    -0.01118146   0.00444554    -0.01118146   0.00444554
 -0.00570063  -0.00162209    -0.00194605   0.00738142     0.01116549  -0.00581823
 -0.00570063  -0.00162209     0.01116549  -0.00581823    -0.00194605   0.00738142
   11    2
 -0.01037147  -0.00132371     0.00658100  -0.00223382     0.00658100  -0.00223382
  0.01430633   0.00349151    -0.00419508   0.00012457    -0.01002749   0.00162745
  0.01430633   0.00349151    -0.01002749   0.00162745    -0.00419508   0.00012457
   11    3
  0.00347132  -0.00347269     0.00145389   0.00194766     0.00145389   0.00194766
 -0.00401979  -0.00153473    -0.00389235  -0.00205236    -0.00368793  -0.00145983
 -0.00401979  -0.00153473    -0.00368793  -0.00145983    -0.00389235  -0.00205236
   11    4
  0.01305784   0.01801119    -0.00452207  -0.00184843    -0.00452207  -0.00184843
  0.00452207   0.00184843     0.00721893  -0.00991045     0.00585111   0.00077521
  0.00452207   0.00184843     0.00585111   0.00077521     0.00721893  -0.00991045
   11    5
  0.01612555   0.00000000    -0.00034038  -0.00129692    -0.00034038  -0.00129692
  0.00034038  -0.00129692    -0.00730875  -0.00000000     0.00029237  -0.00000000
  0.00034038  -0.00129692     0.00029237   0.00000000    -0.00730875  -0.00000000
   11    6
  0.00793020  -0.01373551    -0.00109832   0.00414863     0.00159295  -0.00177291
  0.00304366  -0.00302549    -0.00845856   0.01465066    -0.00049837   0.00023308
  0.00073891  -0.00226599    -0.00004733  -0.00054814     0.00444304  -0.00769556
   11    7
  0.00238362   0.01612125    -0.00077427   0.00154116     0.00083421  -0.00072928
  0.00077427  -0.00154116     0.00150937  -0.00309210    -0.00062942   0.00075290
  0.00083421  -0.00072928     0.00062942  -0.00075290    -0.00668576   0.00522277
   11    8
  0.00793020  -0.01373551     0.00159295  -0.00177291    -0.00109832   0.00414863
  0.00073891  -0.00226599     0.00444304  -0.00769556    -0.00004733  -0.00054814
  0.00304366  -0.00302549    -0.00049837   0.00023308    -0.00845856   0.01465066
   11    9
  0.00238362   0.01612125     0.00083421  -0.00072928    -0.00077427   0.00154116
  0.00083421  -0.00072928    -0.00668576   0.00522277     0.00062942  -0.00075290
  0.00077427  -0.00154116    -0.00062942   0.00075290     0.00150937  -0.00309210
   11   10
  0.00888727   0.00812716    -0.00055768  -0.00238404    -0.00055768  -0.00238404
 -0.00055768  -0.00238404     0.00188129   0.00570154     0.00264460   0.00067564
 -0.00055768  -0.00238404     0.00264460   0.00067564     0.00188129   0.00570154
   11   11
  0.04397714   0.00000000     0.00146565   0.00275226     0.00146565   0.00275226
  0.00146565  -0.00275226     0.03455700  -0.00000000     0.00505150   0.00000000
  0.00146565  -0.00275226     0.00505150  -0.00000000     0.03455700   0.00000000

     Dynamical  Matrix in cartesian axes

     q = (   -0.235702260   0.000000000   0.000000000 ) 

    1    1
  0.34601533   0.00000000     0.00000000   0.00000000    -0.00000000   0.00000000
  0.00000000   0.00000000     0.10675378   0.00000000    -0.00000000   0.00000000
 -0.00000000   0.00000000    -0.00000000   0.00000000     0.10675378   0.00000000
    1    2
  0.04033185  -0.02328560    -0.00000000   0.00000000    -0.00000000  -0.00000000
 -0.00000000   0.00000000    -0.01504464   0.00868603    -0.00607610  -0.01052411
 -0.00000000   0.00000000    -0.00607610  -0.01052411    -0.01504464   0.00868603
    1    3
  0.04033185   0.02328560    -0.00000000  -0.00000000     0.00000000   0.00000000
 -0.00000000  -0.00000000    -0.01504464  -0.00868603    -0.00607610   0.01052411
 -0.00000000   0.00000000    -0.00607610   0.01052411    -0.01504464  -0.00868603
    1    4
 -0.04653969  -0.00223664     0.00570063  -0.00162209     0.00570063  -0.00162209
  0.01118146   0.00444554    -0.00194605  -0.00738142     0.01116549   0.00581823
  0.01118146   0.00444554     0.01116549   0.00581823    -0.00194605  -0.00738142
    1    5
 -0.04653969   0.00223664     0.00570063   0.00162209     0.00570063   0.00162209
  0.01118146  -0.00444554    -0.00194605   0.00738142     0.01116549  -0.00581823
  0.01118146  -0.00444554     0.01116549  -0.00581823    -0.00194605   0.00738142
    1    6
 -0.02520684  -0.03918623     0.00144555   0.00574794    -0.00144555  -0.00574794
  0.00944068   0.00746066    -0.00736552   0.00200538    -0.01062148  -0.00676049
 -0.00944068  -0.00746066    -0.01062148  -0.00676049    -0.00736552   0.00200538
    1    7
 -0.02520684   0.03918623     0.00144555  -0.00574794    -0.00144555   0.00574794
  0.00944068  -0.00746066    -0.00736552  -0.00200538    -0.01062148   0.00676049
 -0.00944068   0.00746066    -0.01062148   0.00676049    -0.00736552  -0.00200538
    1    8
 -0.02520684  -0.03918623    -0.00144555  -0.00574794     0.00144555   0.00574794
 -0.00944068  -0.00746066    -0.00736552   0.00200538    -0.01062148  -0.00676049
  0.00944068   0.00746066    -0.01062148  -0.00676049    -0.00736552   0.00200538
    1    9
 -0.02520684   0.03918623    -0.00144555   0.00574794     0.00144555  -0.00574794
 -0.00944068   0.00746066    -0.00736552  -0.00200538    -0.01062148   0.00676049
  0.00944068  -0.00746066    -0.01062148   0.00676049    -0.00736552  -0.00200538
    1   10
 -0.04653969  -0.00223664    -0.00570063   0.00162209    -0.00570063   0.00162209
 -0.01118146  -0.00444554    -0.00194605  -0.00738142     0.01116549   0.00581823
 -0.01118146  -0.00444554     0.01116549   0.00581823    -0.00194605  -0.00738142
    1   11
 -0.04653969   0.00223664    -0.00570063  -0.00162209    -0.00570063  -0.00162209
 -0.01118146   0.00444554    -0.00194605   0.00738142     0.01116549  -0.00581823
 -0.01118146   0.00444554     0.01116549  -0.00581823    -0.00194605   0.00738142
    2    1
  0.04033185   0.02328560     0.00000000   0.00000000     0.00000000   0.00000000
 -0.00000000   0.00000000    -0.01504464  -0.00868603    -0.00607610   0.01052411
  0.00000000   0.00000000    -0.00607610   0.01052411    -0.01504464  -0.00868603
    2    2
  0.06832926  -0.00000000     0.00000000   0.00000000    -0.00000000   0.00000000
 -0.00000000  -0.00000000     0.02876424   0.00000000     0.00000000  -0.00000000
 -0.00000000   0.00000000     0.00000000  -0.00000000     0.02876424   0.00000000
    2    3
 -0.00295468  -0.00511765    -0.00000000   0.00000000     0.00000000   0.00000000
 -0.00000000   0.00000000    -0.00481358  -0.00833736     0.00634681  -0.00366433
  0.00000000   0.00000000     0.00634681  -0.00366433    -0.00481358  -0.00833736
    2    4
  0.00347132   0.00347269     0.00401979  -0.00153473     0.00401979  -0.00153473
 -0.00145389   0.00194766    -0.00389235   0.00205236    -0.00368793   0.00145983
 -0.00145389   0.00194766    -0.00368793   0.00145983    -0.00389235   0.00205236
    2    5
 -0.01037147  -0.00132371    -0.01430633  -0.00349151    -0.01430633  -0.00349151
 -0.00658100   0.00223382    -0.00419508   0.00012457    -0.01002749   0.00162745
 -0.00658100   0.00223382    -0.01002749   0.00162745    -0.00419508   0.00012457
    2    6
  0.00127177   0.00474260    -0.00333902   0.00271388     0.00333902  -0.00271388
  0.00241367  -0.00028528     0.00372357  -0.00234469    -0.00310821   0.00246393
 -0.00241367   0.00028528    -0.00310821   0.00246393     0.00372357  -0.00234469
    2    7
 -0.01037147   0.00132371    -0.01430633   0.00349151     0.01430633  -0.00349151
 -0.00658100  -0.00223382    -0.00419508  -0.00012457     0.01002749   0.00162745
  0.00658100   0.00223382     0.01002749   0.00162745    -0.00419508  -0.00012457
    2    8
  0.00127177   0.00474260     0.00333902  -0.00271388    -0.00333902   0.00271388
 -0.00241367   0.00028528     0.00372357  -0.00234469    -0.00310821   0.00246393
  0.00241367  -0.00028528    -0.00310821   0.00246393     0.00372357  -0.00234469
    2    9
 -0.01037147   0.00132371     0.01430633  -0.00349151    -0.01430633   0.00349151
  0.00658100   0.00223382    -0.00419508  -0.00012457     0.01002749   0.00162745
 -0.00658100  -0.00223382     0.01002749   0.00162745    -0.00419508  -0.00012457
    2   10
  0.00347132   0.00347269    -0.00401979   0.00153473    -0.00401979   0.00153473
  0.00145389  -0.00194766    -0.00389235   0.00205236    -0.00368793   0.00145983
  0.00145389  -0.00194766    -0.00368793   0.00145983    -0.00389235   0.00205236
    2   11
 -0.01037147  -0.00132371     0.01430633   0.00349151     0.01430633   0.00349151
  0.00658100  -0.00223382    -0.00419508   0.00012457    -0.01002749   0.00162745
  0.00658100  -0.00223382    -0.01002749   0.00162745    -0.00419508   0.00012457
    3    1
  0.04033185  -0.02328560     0.00000000   0.00000000     0.00000000   0.00000000
 -0.00000000   0.00000000    -0.01504464   0.00868603    -0.00607610  -0.01052411
  0.00000000   0.00000000    -0.00607610  -0.01052411    -0.01504464   0.00868603
    3    2
 -0.00295468   0.00511765    -0.00000000  -0.00000000     0.00000000  -0.00000000
 -0.00000000  -0.00000000    -0.00481358   0.00833736     0.00634681   0.00366433
  0.00000000  -0.00000000     0.00634681   0.00366433    -0.00481358   0.00833736
    3    3
  0.06832926   0.00000000     0.00000000  -0.00000000    -0.00000000  -0.00000000
 -0.00000000   0.00000000     0.02876424  -0.00000000     0.00000000   0.00000000
 -0.00000000  -0.00000000     0.00000000   0.00000000     0.02876424  -0.00000000
    3    4
 -0.01037147   0.00132371    -0.01430633   0.00349151    -0.01430633   0.00349151
 -0.00658100  -0.00223382    -0.00419508  -0.00012457    -0.01002749  -0.00162745
 -0.00658100  -0.00223382    -0.01002749  -0.00162745    -0.00419508  -0.00012457
    3    5
  0.00347132  -0.00347269     0.00401979   0.00153473     0.00401979   0.00153473
 -0.00145389  -0.00194766    -0.00389235  -0.00205236    -0.00368793  -0.00145983
 -0.00145389  -0.00194766    -0.00368793  -0.00145983    -0.00389235  -0.00205236
    3    6
 -0.01037147  -0.00132371    -0.01430633  -0.00349151     0.01430633   0.00349151
 -0.00658100   0.00223382    -0.00419508   0.00012457     0.01002749  -0.00162745
  0.00658100  -0.00223382     0.01002749  -0.00162745    -0.00419508   0.00012457
    3    7
  0.00127177  -0.00474260    -0.00333902  -0.00271388     0.00333902   0.00271388
  0.00241367   0.00028528     0.00372357   0.00234469    -0.00310821  -0.00246393
 -0.00241367  -0.00028528    -0.00310821  -0.00246393     0.00372357   0.00234469
    3    8
 -0.01037147  -0.00132371     0.01430633   0.00349151    -0.01430633  -0.00349151
  0.00658100  -0.00223382    -0.00419508   0.00012457     0.01002749  -0.00162745
 -0.00658100   0.00223382     0.01002749  -0.00162745    -0.00419508   0.00012457
    3    9
  0.00127177  -0.00474260     0.00333902   0.00271388    -0.00333902  -0.00271388
 -0.00241367  -0.00028528     0.00372357   0.00234469    -0.00310821  -0.00246393
  0.00241367   0.00028528    -0.00310821  -0.00246393     0.00372357   0.00234469
    3   10
 -0.01037147   0.00132371     0.01430633  -0.00349151     0.01430633  -0.00349151
  0.00658100   0.00223382    -0.00419508  -0.00012457    -0.01002749  -0.00162745
  0.00658100   0.00223382    -0.01002749  -0.00162745    -0.00419508  -0.00012457
    3   11
  0.00347132  -0.00347269    -0.00401979  -0.00153473    -0.00401979  -0.00153473
  0.00145389   0.00194766    -0.00389235  -0.00205236    -0.00368793  -0.00145983
  0.00145389   0.00194766    -0.00368793  -0.00145983    -0.00389235  -0.00205236
    4    1
 -0.04653969   0.00223664     0.01118146  -0.00444554     0.01118146  -0.00444554
