  5.000000000000000E-003   1.62511788006490        4.79468378787768     
           8

     Dynamical  Matrix in cartesian axes

     q = (    0.117851130   0.117851130  -0.117851130 ) 

    1    1
  0.37691168   0.00000000     0.19147394   0.00000000    -0.19147394   0.00000000
  0.19147394   0.00000000     0.37691168   0.00000000    -0.19147394   0.00000000
 -0.19147394   0.00000000    -0.19147394   0.00000000     0.37691168   0.00000000
    1    2
  0.01343994  -0.03820236     0.03033272  -0.02845549    -0.03033272   0.02845549
  0.03033272  -0.02845549     0.01343994  -0.03820236    -0.03033272   0.02845549
 -0.03033272   0.02845549    -0.03033272   0.02845549     0.01343994  -0.03820236
    1    3
  0.01343994   0.03820236     0.03033272   0.02845549    -0.03033272  -0.02845549
  0.03033272   0.02845549     0.01343994   0.03820236    -0.03033272  -0.02845549
 -0.03033272  -0.02845549    -0.03033272  -0.02845549     0.01343994   0.03820236
    1    4
 -0.04055423  -0.00943035    -0.00046627  -0.01541665     0.01903134  -0.02915938
 -0.00046627  -0.01541665    -0.04055423  -0.00943035     0.01903134  -0.02915938
  0.03362474  -0.00906909     0.03362474  -0.00906909    -0.02564873   0.05799181
    1    5
 -0.04055423   0.00943035    -0.00046627   0.01541665     0.01903134   0.02915938
 -0.00046627   0.01541665    -0.04055423   0.00943035     0.01903134   0.02915938
  0.03362474   0.00906909     0.03362474   0.00906909    -0.02564873  -0.05799181
    1    6
 -0.04440272   0.02085118    -0.01469123  -0.00136244     0.01469123   0.00136244
 -0.01469123  -0.00136244    -0.04440272   0.02085118     0.01469123   0.00136244
  0.01469123   0.00136244     0.01469123   0.00136244    -0.04440272   0.02085118
    1    7
 -0.04440272  -0.02085118    -0.01469123   0.00136244     0.01469123  -0.00136244
 -0.01469123   0.00136244    -0.04440272  -0.02085118     0.01469123  -0.00136244
  0.01469123  -0.00136244     0.01469123  -0.00136244    -0.04440272  -0.02085118
    1    8
 -0.02564873   0.05799181    -0.03362474   0.00906909     0.03362474  -0.00906909
 -0.01903134   0.02915938    -0.04055423  -0.00943035     0.00046627   0.01541665
  0.01903134  -0.02915938     0.00046627   0.01541665    -0.04055423  -0.00943035
    1    9
 -0.02564873  -0.05799181    -0.03362474  -0.00906909     0.03362474   0.00906909
 -0.01903134  -0.02915938    -0.04055423   0.00943035     0.00046627  -0.01541665
  0.01903134   0.02915938     0.00046627  -0.01541665    -0.04055423   0.00943035
    1   10
 -0.04055423  -0.00943035    -0.01903134   0.02915938     0.00046627   0.01541665
 -0.03362474   0.00906909    -0.02564873   0.05799181     0.03362474  -0.00906909
  0.00046627   0.01541665     0.01903134  -0.02915938    -0.04055423  -0.00943035
    1   11
 -0.04055423   0.00943035    -0.01903134  -0.02915938     0.00046627  -0.01541665
 -0.03362474  -0.00906909    -0.02564873  -0.05799181     0.03362474   0.00906909
  0.00046627  -0.01541665     0.01903134   0.02915938    -0.04055423   0.00943035
    2    1
  0.01343994   0.03820236     0.03033272   0.02845549    -0.03033272  -0.02845549
  0.03033272   0.02845549     0.01343994   0.03820236    -0.03033272  -0.02845549
 -0.03033272  -0.02845549    -0.03033272  -0.02845549     0.01343994   0.03820236
    2    2
  0.04856534  -0.00000000     0.01421562   0.00000000    -0.01421562  -0.00000000
  0.01421562   0.00000000     0.04856534  -0.00000000    -0.01421562  -0.00000000
 -0.01421562  -0.00000000    -0.01421562  -0.00000000     0.04856534  -0.00000000
    2    3
 -0.01075057   0.01333109    -0.00854550   0.01402744     0.00854550  -0.01402744
 -0.00854550   0.01402744    -0.01075057   0.01333109     0.00854550  -0.01402744
  0.00854550  -0.01402744     0.00854550  -0.01402744    -0.01075057   0.01333109
    2    4
 -0.00710615  -0.00842070     0.00146411  -0.00023767     0.00258970   0.00062799
  0.00146411  -0.00023767    -0.00710615  -0.00842070     0.00258970   0.00062799
  0.00093819   0.00376161     0.00093819   0.00376161    -0.00715385   0.00139624
    2    5
 -0.00869636   0.00139143    -0.01045783  -0.00203701    -0.00961789   0.00766219
 -0.01045783  -0.00203701    -0.00869636   0.00139143    -0.00961789   0.00766219
 -0.00825895   0.00306152    -0.00825895   0.00306152    -0.00326031  -0.00906722
    2    6
  0.00269389  -0.00039103     0.00426829  -0.00609677    -0.00426829   0.00609677
  0.00426829  -0.00609677     0.00269389  -0.00039103    -0.00426829   0.00609677
 -0.00426829   0.00609677    -0.00426829   0.00609677     0.00269389  -0.00039103
    2    7
 -0.00937568  -0.00394455    -0.01907183  -0.00205202     0.01907183   0.00205202
 -0.01907183  -0.00205202    -0.00937568  -0.00394455     0.01907183   0.00205202
  0.01907183   0.00205202     0.01907183   0.00205202    -0.00937568  -0.00394455
    2    8
 -0.00715385   0.00139624    -0.00093819  -0.00376161     0.00093819   0.00376161
 -0.00258970  -0.00062799    -0.00710615  -0.00842070    -0.00146411   0.00023767
  0.00258970   0.00062799    -0.00146411   0.00023767    -0.00710615  -0.00842070
    2    9
 -0.00326031  -0.00906722     0.00825895  -0.00306152    -0.00825895   0.00306152
  0.00961789  -0.00766219    -0.00869636   0.00139143     0.01045783   0.00203701
 -0.00961789   0.00766219     0.01045783   0.00203701    -0.00869636   0.00139143
    2   10
 -0.00710615  -0.00842070    -0.00258970  -0.00062799    -0.00146411   0.00023767
 -0.00093819  -0.00376161    -0.00715385   0.00139624     0.00093819   0.00376161
 -0.00146411   0.00023767     0.00258970   0.00062799    -0.00710615  -0.00842070
    2   11
 -0.00869636   0.00139143     0.00961789  -0.00766219     0.01045783   0.00203701
  0.00825895  -0.00306152    -0.00326031  -0.00906722    -0.00825895   0.00306152
  0.01045783   0.00203701    -0.00961789   0.00766219    -0.00869636   0.00139143
    3    1
  0.01343994  -0.03820236     0.03033272  -0.02845549    -0.03033272   0.02845549
  0.03033272  -0.02845549     0.01343994  -0.03820236    -0.03033272   0.02845549
 -0.03033272   0.02845549    -0.03033272   0.02845549     0.01343994  -0.03820236
    3    2
 -0.01075057  -0.01333109    -0.00854550  -0.01402744     0.00854550   0.01402744
 -0.00854550  -0.01402744    -0.01075057  -0.01333109     0.00854550   0.01402744
  0.00854550   0.01402744     0.00854550   0.01402744    -0.01075057  -0.01333109
    3    3
  0.04856534   0.00000000     0.01421562  -0.00000000    -0.01421562   0.00000000
  0.01421562  -0.00000000     0.04856534   0.00000000    -0.01421562   0.00000000
 -0.01421562   0.00000000    -0.01421562   0.00000000     0.04856534   0.00000000
    3    4
 -0.00869636  -0.00139143    -0.01045783   0.00203701    -0.00961789  -0.00766219
 -0.01045783   0.00203701    -0.00869636  -0.00139143    -0.00961789  -0.00766219
 -0.00825895  -0.00306152    -0.00825895  -0.00306152    -0.00326031   0.00906722
    3    5
 -0.00710615   0.00842070     0.00146411   0.00023767     0.00258970  -0.00062799
  0.00146411   0.00023767    -0.00710615   0.00842070     0.00258970  -0.00062799
  0.00093819  -0.00376161     0.00093819  -0.00376161    -0.00715385  -0.00139624
    3    6
 -0.00937568   0.00394455    -0.01907183   0.00205202     0.01907183  -0.00205202
 -0.01907183   0.00205202    -0.00937568   0.00394455     0.01907183  -0.00205202
  0.01907183  -0.00205202     0.01907183  -0.00205202    -0.00937568   0.00394455
    3    7
  0.00269389   0.00039103     0.00426829   0.00609677    -0.00426829  -0.00609677
  0.00426829   0.00609677     0.00269389   0.00039103    -0.00426829  -0.00609677
 -0.00426829  -0.00609677    -0.00426829  -0.00609677     0.00269389   0.00039103
    3    8
 -0.00326031   0.00906722     0.00825895   0.00306152    -0.00825895  -0.00306152
  0.00961789   0.00766219    -0.00869636  -0.00139143     0.01045783  -0.00203701
 -0.00961789  -0.00766219     0.01045783  -0.00203701    -0.00869636  -0.00139143
    3    9
 -0.00715385  -0.00139624    -0.00093819   0.00376161     0.00093819  -0.00376161
 -0.00258970   0.00062799    -0.00710615   0.00842070    -0.00146411  -0.00023767
  0.00258970  -0.00062799    -0.00146411  -0.00023767    -0.00710615   0.00842070
    3   10
 -0.00869636  -0.00139143     0.00961789   0.00766219     0.01045783  -0.00203701
  0.00825895   0.00306152    -0.00326031   0.00906722    -0.00825895  -0.00306152
  0.01045783  -0.00203701    -0.00961789  -0.00766219    -0.00869636  -0.00139143
    3   11
 -0.00710615   0.00842070    -0.00258970   0.00062799    -0.00146411  -0.00023767
 -0.00093819   0.00376161    -0.00715385  -0.00139624     0.00093819  -0.00376161
 -0.00146411  -0.00023767     0.00258970  -0.00062799    -0.00710615   0.00842070
    4    1
 -0.04055423   0.00943035    -0.00046627   0.01541665     0.03362474   0.00906909
 -0.00046627   0.01541665    -0.04055423   0.00943035     0.03362474   0.00906909
  0.01903134   0.02915938     0.01903134   0.02915938    -0.02564873  -0.05799181
    4    2
 -0.00710615   0.00842070     0.00146411   0.00023767     0.00093819  -0.00376161
  0.00146411   0.00023767    -0.00710615   0.00842070     0.00093819  -0.00376161
  0.00258970  -0.00062799     0.00258970  -0.00062799    -0.00715385  -0.00139624
    4    3
 -0.00869636   0.00139143    -0.01045783  -0.00203701    -0.00825895   0.00306152
 -0.01045783  -0.00203701    -0.00869636   0.00139143    -0.00825895   0.00306152
 -0.00961789   0.00766219    -0.00961789   0.00766219    -0.00326031  -0.00906722
    4    4
  0.04103306   0.00000000     0.00017378  -0.00000000    -0.00579308  -0.00034251
  0.00017378  -0.00000000     0.04103306   0.00000000    -0.00579308  -0.00034251
 -0.00579308   0.00034251    -0.00579308   0.00034251     0.03948992  -0.00000000
    4    5
  0.00608381  -0.00128826    -0.00338752  -0.00308567     0.00219734  -0.00642483
 -0.00338752  -0.00308567     0.00608381  -0.00128826     0.00219734  -0.00642483
  0.00219734  -0.00642483     0.00219734  -0.00642483    -0.00253482   0.01024893
    4    6
  0.00068673  -0.00819965    -0.00034124   0.00296174    -0.00633201   0.00064949
 -0.00034124   0.00296174     0.00068673  -0.00819965    -0.00633201   0.00064949
 -0.00219146  -0.00821078    -0.00219146  -0.00821078     0.00261556   0.00487932
    4    7
  0.00876117   0.00470958     0.00366953  -0.00266862     0.00447815  -0.00050641
  0.00366953  -0.00266862     0.00876117   0.00470958     0.00447815  -0.00050641
 -0.00428412   0.00095289    -0.00428412   0.00095289    -0.01726598   0.01089668
    4    8
  0.00161114  -0.00863016    -0.00051198  -0.00096015     0.00336785  -0.00000000
 -0.00347532   0.00036700     0.00325748   0.00000000     0.00051198  -0.00096015
  0.00014497   0.00000000     0.00347532   0.00036700     0.00161114   0.00863016
    4    9
  0.01104550   0.00786426     0.00126098   0.00686412     0.00030953  -0.01067089
 -0.00330254  -0.00044576    -0.00082258  -0.02379760    -0.00126098  -0.00686412
  0.00216487  -0.00438744     0.00330254   0.00044576     0.01104550   0.00786426
    4   10
  0.00325748   0.00000000    -0.00347532   0.00036700     0.00051198  -0.00096015
 -0.00051198  -0.00096015     0.00161114  -0.00863016     0.00336785  -0.00000000
  0.00347532   0.00036700     0.00014497   0.00000000     0.00161114   0.00863016
    4   11
 -0.00082258  -0.02379760    -0.00330254  -0.00044576    -0.00126098  -0.00686412
  0.00126098   0.00686412     0.01104550   0.00786426     0.00030953  -0.01067089
  0.00330254   0.00044576     0.00216487  -0.00438744     0.01104550   0.00786426
    5    1
 -0.04055423  -0.00943035    -0.00046627  -0.01541665     0.03362474  -0.00906909
 -0.00046627  -0.01541665    -0.04055423  -0.00943035     0.03362474  -0.00906909
  0.01903134  -0.02915938     0.01903134  -0.02915938    -0.02564873   0.05799181
    5    2
 -0.00869636  -0.00139143    -0.01045783   0.00203701    -0.00825895  -0.00306152
 -0.01045783   0.00203701    -0.00869636  -0.00139143    -0.00825895  -0.00306152
 -0.00961789  -0.00766219    -0.00961789  -0.00766219    -0.00326031   0.00906722
    5    3
 -0.00710615  -0.00842070     0.00146411  -0.00023767     0.00093819   0.00376161
  0.00146411  -0.00023767    -0.00710615  -0.00842070     0.00093819   0.00376161
  0.00258970   0.00062799     0.00258970   0.00062799    -0.00715385   0.00139624
    5    4
  0.00608381   0.00128826    -0.00338752   0.00308567     0.00219734   0.00642483
 -0.00338752   0.00308567     0.00608381   0.00128826     0.00219734   0.00642483
  0.00219734   0.00642483     0.00219734   0.00642483    -0.00253482  -0.01024893
    5    5
  0.04103306  -0.00000000     0.00017378   0.00000000    -0.00579308   0.00034251
  0.00017378   0.00000000     0.04103306  -0.00000000    -0.00579308   0.00034251
 -0.00579308  -0.00034251    -0.00579308  -0.00034251     0.03948992   0.00000000
    5    6
  0.00876117  -0.00470958     0.00366953   0.00266862     0.00447815   0.00050641
  0.00366953   0.00266862     0.00876117  -0.00470958     0.00447815   0.00050641
 -0.00428412  -0.00095289    -0.00428412  -0.00095289    -0.01726598  -0.01089668
    5    7
  0.00068673   0.00819965    -0.00034124  -0.00296174    -0.00633201  -0.00064949
 -0.00034124  -0.00296174     0.00068673   0.00819965    -0.00633201  -0.00064949
 -0.00219146   0.00821078    -0.00219146   0.00821078     0.00261556  -0.00487932
    5    8
  0.01104550  -0.00786426     0.00126098  -0.00686412     0.00030953   0.01067089
 -0.00330254   0.00044576    -0.00082258   0.02379760    -0.00126098   0.00686412
  0.00216487   0.00438744     0.00330254  -0.00044576     0.01104550  -0.00786426
    5    9
  0.00161114   0.00863016    -0.00051198   0.00096015     0.00336785   0.00000000
 -0.00347532  -0.00036700     0.00325748   0.00000000     0.00051198   0.00096015
  0.00014497  -0.00000000     0.00347532  -0.00036700     0.00161114  -0.00863016
    5   10
 -0.00082258   0.02379760    -0.00330254   0.00044576    -0.00126098   0.00686412
  0.00126098  -0.00686412     0.01104550  -0.00786426     0.00030953   0.01067089
  0.00330254  -0.00044576     0.00216487   0.00438744     0.01104550  -0.00786426
    5   11
  0.00325748  -0.00000000    -0.00347532  -0.00036700     0.00051198   0.00096015
 -0.00051198   0.00096015     0.00161114   0.00863016     0.00336785   0.00000000
  0.00347532  -0.00036700     0.00014497  -0.00000000     0.00161114  -0.00863016
    6    1
 -0.04440272  -0.02085118    -0.01469123   0.00136244     0.01469123  -0.00136244
 -0.01469123   0.00136244    -0.04440272  -0.02085118     0.01469123  -0.00136244
  0.01469123  -0.00136244     0.01469123  -0.00136244    -0.04440272  -0.02085118
    6    2
  0.00269389   0.00039103     0.00426829   0.00609677    -0.00426829  -0.00609677
  0.00426829   0.00609677     0.00269389   0.00039103    -0.00426829  -0.00609677
 -0.00426829  -0.00609677    -0.00426829  -0.00609677     0.00269389   0.00039103
    6    3
 -0.00937568  -0.00394455    -0.01907183  -0.00205202     0.01907183   0.00205202
 -0.01907183  -0.00205202    -0.00937568  -0.00394455     0.01907183   0.00205202
  0.01907183   0.00205202     0.01907183   0.00205202    -0.00937568  -0.00394455
    6    4
  0.00068673   0.00819965    -0.00034124  -0.00296174    -0.00219146   0.00821078
 -0.00034124  -0.00296174     0.00068673   0.00819965    -0.00219146   0.00821078
 -0.00633201  -0.00064949    -0.00633201  -0.00064949     0.00261556  -0.00487932
    6    5
  0.00876117   0.00470958     0.00366953  -0.00266862    -0.00428412   0.00095289
  0.00366953  -0.00266862     0.00876117   0.00470958    -0.00428412   0.00095289
  0.00447815  -0.00050641     0.00447815  -0.00050641    -0.01726598   0.01089668
    6    6
  0.04066723  -0.00000000     0.00622919   0.00000000    -0.00622919  -0.00000000
  0.00622919   0.00000000     0.04066723  -0.00000000    -0.00622919  -0.00000000
 -0.00622919  -0.00000000    -0.00622919  -0.00000000     0.04066723  -0.00000000
    6    7
 -0.00434367   0.00114457    -0.00477279   0.00700799     0.00477279  -0.00700799
 -0.00477279   0.00700799    -0.00434367   0.00114457     0.00477279  -0.00700799
  0.00477279  -0.00700799     0.00477279  -0.00700799    -0.00434367   0.00114457
    6    8
  0.00261556  -0.00487932     0.00633201   0.00064949    -0.00633201  -0.00064949
  0.00219146  -0.00821078     0.00068673   0.00819965     0.00034124   0.00296174
 -0.00219146   0.00821078     0.00034124   0.00296174     0.00068673   0.00819965
    6    9
 -0.01726598   0.01089668    -0.00447815   0.00050641     0.00447815  -0.00050641
  0.00428412  -0.00095289     0.00876117   0.00470958    -0.00366953   0.00266862
 -0.00428412   0.00095289    -0.00366953   0.00266862     0.00876117   0.00470958
    6   10
  0.00068673   0.00819965     0.00219146  -0.00821078     0.00034124   0.00296174
  0.00633201   0.00064949     0.00261556  -0.00487932    -0.00633201  -0.00064949
  0.00034124   0.00296174    -0.00219146   0.00821078     0.00068673   0.00819965
    6   11
  0.00876117   0.00470958     0.00428412  -0.00095289    -0.00366953   0.00266862
 -0.00447815   0.00050641    -0.01726598   0.01089668     0.00447815  -0.00050641
 -0.00366953   0.00266862    -0.00428412   0.00095289     0.00876117   0.00470958
    7    1
 -0.04440272   0.02085118    -0.01469123  -0.00136244     0.01469123   0.00136244
 -0.01469123  -0.00136244    -0.04440272   0.02085118     0.01469123   0.00136244
  0.01469123   0.00136244     0.01469123   0.00136244    -0.04440272   0.02085118
    7    2
 -0.00937568   0.00394455    -0.01907183   0.00205202     0.01907183  -0.00205202
 -0.01907183   0.00205202    -0.00937568   0.00394455     0.01907183  -0.00205202
  0.01907183  -0.00205202     0.01907183  -0.00205202    -0.00937568   0.00394455
    7    3
  0.00269389  -0.00039103     0.00426829  -0.00609677    -0.00426829   0.00609677
  0.00426829  -0.00609677     0.00269389  -0.00039103    -0.00426829   0.00609677
 -0.00426829   0.00609677    -0.00426829   0.00609677     0.00269389  -0.00039103
    7    4
  0.00876117  -0.00470958     0.00366953   0.00266862    -0.00428412  -0.00095289
  0.00366953   0.00266862     0.00876117  -0.00470958    -0.00428412  -0.00095289
  0.00447815   0.00050641     0.00447815   0.00050641    -0.01726598  -0.01089668
    7    5
  0.00068673  -0.00819965    -0.00034124   0.00296174    -0.00219146  -0.00821078
 -0.00034124   0.00296174     0.00068673  -0.00819965    -0.00219146  -0.00821078
 -0.00633201   0.00064949    -0.00633201   0.00064949     0.00261556   0.00487932
    7    6
 -0.00434367  -0.00114457    -0.00477279  -0.00700799     0.00477279   0.00700799
 -0.00477279  -0.00700799    -0.00434367  -0.00114457     0.00477279   0.00700799
  0.00477279   0.00700799     0.00477279   0.00700799    -0.00434367  -0.00114457
    7    7
  0.04066723   0.00000000     0.00622919  -0.00000000    -0.00622919   0.00000000
  0.00622919  -0.00000000     0.04066723   0.00000000    -0.00622919   0.00000000
 -0.00622919   0.00000000    -0.00622919   0.00000000     0.04066723   0.00000000
    7    8
 -0.01726598  -0.01089668    -0.00447815  -0.00050641     0.00447815   0.00050641
  0.00428412   0.00095289     0.00876117  -0.00470958    -0.00366953  -0.00266862
 -0.00428412  -0.00095289    -0.00366953  -0.00266862     0.00876117  -0.00470958
    7    9
  0.00261556   0.00487932     0.00633201  -0.00064949    -0.00633201   0.00064949
  0.00219146   0.00821078     0.00068673  -0.00819965     0.00034124  -0.00296174
 -0.00219146  -0.00821078     0.00034124  -0.00296174     0.00068673  -0.00819965
    7   10
  0.00876117  -0.00470958     0.00428412   0.00095289    -0.00366953  -0.00266862
 -0.00447815  -0.00050641    -0.01726598  -0.01089668     0.00447815   0.00050641
 -0.00366953  -0.00266862    -0.00428412  -0.00095289     0.00876117  -0.00470958
    7   11
  0.00068673  -0.00819965     0.00219146   0.00821078     0.00034124  -0.00296174
  0.00633201  -0.00064949     0.00261556   0.00487932    -0.00633201   0.00064949
  0.00034124  -0.00296174    -0.00219146  -0.00821078     0.00068673  -0.00819965
    8    1
 -0.02564873  -0.05799181    -0.01903134  -0.02915938     0.01903134   0.02915938
 -0.03362474  -0.00906909    -0.04055423   0.00943035     0.00046627  -0.01541665
  0.03362474   0.00906909     0.00046627  -0.01541665    -0.04055423   0.00943035
    8    2
 -0.00715385  -0.00139624    -0.00258970   0.00062799     0.00258970  -0.00062799
 -0.00093819   0.00376161    -0.00710615   0.00842070    -0.00146411  -0.00023767
  0.00093819  -0.00376161    -0.00146411  -0.00023767    -0.00710615   0.00842070
    8    3
 -0.00326031  -0.00906722     0.00961789  -0.00766219    -0.00961789   0.00766219
  0.00825895  -0.00306152    -0.00869636   0.00139143     0.01045783   0.00203701
 -0.00825895   0.00306152     0.01045783   0.00203701    -0.00869636   0.00139143
    8    4
  0.00161114   0.00863016    -0.00347532  -0.00036700     0.00014497   0.00000000
 -0.00051198   0.00096015     0.00325748   0.00000000     0.00347532  -0.00036700
  0.00336785  -0.00000000     0.00051198   0.00096015     0.00161114  -0.00863016
    8    5
  0.01104550   0.00786426    -0.00330254  -0.00044576     0.00216487  -0.00438744
  0.00126098   0.00686412    -0.00082258  -0.02379760     0.00330254   0.00044576
  0.00030953  -0.01067089    -0.00126098  -0.00686412     0.01104550   0.00786426
    8    6
  0.00261556   0.00487932     0.00219146   0.00821078    -0.00219146  -0.00821078
  0.00633201  -0.00064949     0.00068673  -0.00819965     0.00034124  -0.00296174
 -0.00633201   0.00064949     0.00034124  -0.00296174     0.00068673  -0.00819965
    8    7
 -0.01726598   0.01089668     0.00428412  -0.00095289    -0.00428412   0.00095289
 -0.00447815   0.00050641     0.00876117   0.00470958    -0.00366953   0.00266862
  0.00447815  -0.00050641    -0.00366953   0.00266862     0.00876117   0.00470958
    8    8
  0.03948992  -0.00000000     0.00579308  -0.00034251    -0.00579308   0.00034251
  0.00579308   0.00034251     0.04103306   0.00000000    -0.00017378   0.00000000
 -0.00579308  -0.00034251    -0.00017378   0.00000000     0.04103306   0.00000000
    8    9
 -0.00253482   0.01024893    -0.00219734   0.00642483     0.00219734  -0.00642483
 -0.00219734   0.00642483     0.00608381  -0.00128826     0.00338752   0.00308567
  0.00219734  -0.00642483     0.00338752   0.00308567     0.00608381  -0.00128826
    8   10
  0.00161114   0.00863016    -0.00014497  -0.00000000     0.00347532   0.00036700
 -0.00336785   0.00000000     0.00161114  -0.00863016     0.00051198   0.00096015
  0.00051198  -0.00096015     0.00347532  -0.00036700     0.00325748   0.00000000
    8   11
  0.01104550   0.00786426    -0.00216487   0.00438744     0.00330254   0.00044576
 -0.00030953   0.01067089     0.01104550   0.00786426    -0.00126098  -0.00686412
 -0.00126098  -0.00686412     0.00330254   0.00044576    -0.00082258  -0.02379760
    9    1
 -0.02564873   0.05799181    -0.01903134   0.02915938     0.01903134  -0.02915938
 -0.03362474   0.00906909    -0.04055423  -0.00943035     0.00046627   0.01541665
  0.03362474  -0.00906909     0.00046627   0.01541665    -0.04055423  -0.00943035
    9    2
 -0.00326031   0.00906722     0.00961789   0.00766219    -0.00961789  -0.00766219
  0.00825895   0.00306152    -0.00869636  -0.00139143     0.01045783  -0.00203701
 -0.00825895  -0.00306152     0.01045783  -0.00203701    -0.00869636  -0.00139143
    9    3
 -0.00715385   0.00139624    -0.00258970  -0.00062799     0.00258970   0.00062799
 -0.00093819  -0.00376161    -0.00710615  -0.00842070    -0.00146411   0.00023767
  0.00093819   0.00376161    -0.00146411   0.00023767    -0.00710615  -0.00842070
    9    4
  0.01104550  -0.00786426    -0.00330254   0.00044576     0.00216487   0.00438744
  0.00126098  -0.00686412    -0.00082258   0.02379760     0.00330254  -0.00044576
  0.00030953   0.01067089    -0.00126098   0.00686412     0.01104550  -0.00786426
    9    5
  0.00161114  -0.00863016    -0.00347532   0.00036700     0.00014497   0.00000000
 -0.00051198  -0.00096015     0.00325748  -0.00000000     0.00347532   0.00036700
  0.00336785   0.00000000     0.00051198  -0.00096015     0.00161114   0.00863016
    9    6
 -0.01726598  -0.01089668     0.00428412   0.00095289    -0.00428412  -0.00095289
 -0.00447815  -0.00050641     0.00876117  -0.00470958    -0.00366953  -0.00266862
  0.00447815   0.00050641    -0.00366953  -0.00266862     0.00876117  -0.00470958
    9    7
  0.00261556  -0.00487932     0.00219146  -0.00821078    -0.00219146   0.00821078
  0.00633201   0.00064949     0.00068673   0.00819965     0.00034124   0.00296174
 -0.00633201  -0.00064949     0.00034124   0.00296174     0.00068673   0.00819965
    9    8
 -0.00253482  -0.01024893    -0.00219734  -0.00642483     0.00219734   0.00642483
 -0.00219734  -0.00642483     0.00608381   0.00128826     0.00338752  -0.00308567
  0.00219734   0.00642483     0.00338752  -0.00308567     0.00608381   0.00128826
    9    9
  0.03948992   0.00000000     0.00579308   0.00034251    -0.00579308  -0.00034251
  0.00579308  -0.00034251     0.04103306  -0.00000000    -0.00017378  -0.00000000
 -0.00579308   0.00034251    -0.00017378  -0.00000000     0.04103306  -0.00000000
    9   10
  0.01104550  -0.00786426    -0.00216487  -0.00438744     0.00330254  -0.00044576
 -0.00030953  -0.01067089     0.01104550  -0.00786426    -0.00126098   0.00686412
 -0.00126098   0.00686412     0.00330254  -0.00044576    -0.00082258   0.02379760
    9   11
  0.00161114  -0.00863016    -0.00014497   0.00000000     0.00347532  -0.00036700
 -0.00336785  -0.00000000     0.00161114   0.00863016     0.00051198  -0.00096015
  0.00051198   0.00096015     0.00347532   0.00036700     0.00325748  -0.00000000
   10    1
 -0.04055423   0.00943035    -0.03362474  -0.00906909     0.00046627  -0.01541665
 -0.01903134  -0.02915938    -0.02564873  -0.05799181     0.01903134   0.02915938
  0.00046627  -0.01541665     0.03362474   0.00906909    -0.04055423   0.00943035
   10    2
 -0.00710615   0.00842070    -0.00093819   0.00376161    -0.00146411  -0.00023767
 -0.00258970   0.00062799    -0.00715385  -0.00139624     0.00258970  -0.00062799
 -0.00146411  -0.00023767     0.00093819  -0.00376161    -0.00710615   0.00842070
   10    3
 -0.00869636   0.00139143     0.00825895  -0.00306152     0.01045783   0.00203701
  0.00961789  -0.00766219    -0.00326031  -0.00906722    -0.00961789   0.00766219
  0.01045783   0.00203701    -0.00825895   0.00306152    -0.00869636   0.00139143
   10    4
  0.00325748  -0.00000000    -0.00051198   0.00096015     0.00347532  -0.00036700
 -0.00347532  -0.00036700     0.00161114   0.00863016     0.00014497   0.00000000
  0.00051198   0.00096015     0.00336785  -0.00000000     0.00161114  -0.00863016
   10    5
 -0.00082258  -0.02379760     0.00126098   0.00686412     0.00330254   0.00044576
 -0.00330254  -0.00044576     0.01104550   0.00786426     0.00216487  -0.00438744
 -0.00126098  -0.00686412     0.00030953  -0.01067089     0.01104550   0.00786426
   10    6
  0.00068673  -0.00819965     0.00633201  -0.00064949     0.00034124  -0.00296174
  0.00219146   0.00821078     0.00261556   0.00487932    -0.00219146  -0.00821078
  0.00034124  -0.00296174    -0.00633201   0.00064949     0.00068673  -0.00819965
   10    7
  0.00876117   0.00470958    -0.00447815   0.00050641    -0.00366953   0.00266862
  0.00428412  -0.00095289    -0.01726598   0.01089668    -0.00428412   0.00095289
 -0.00366953   0.00266862     0.00447815  -0.00050641     0.00876117   0.00470958
   10    8
  0.00161114  -0.00863016    -0.00336785   0.00000000     0.00051198   0.00096015
 -0.00014497   0.00000000     0.00161114   0.00863016     0.00347532   0.00036700
  0.00347532  -0.00036700     0.00051198  -0.00096015     0.00325748  -0.00000000
   10    9
  0.01104550   0.00786426    -0.00030953   0.01067089    -0.00126098  -0.00686412
 -0.00216487   0.00438744     0.01104550   0.00786426     0.00330254   0.00044576
  0.00330254   0.00044576    -0.00126098  -0.00686412    -0.00082258  -0.02379760
   10   10
  0.04103306   0.00000000     0.00579308   0.00034251    -0.00017378   0.00000000
  0.00579308  -0.00034251     0.03948992  -0.00000000    -0.00579308   0.00034251
 -0.00017378   0.00000000    -0.00579308  -0.00034251     0.04103306   0.00000000
   10   11
  0.00608381  -0.00128826    -0.00219734   0.00642483     0.00338752   0.00308567
 -0.00219734   0.00642483    -0.00253482   0.01024893     0.00219734  -0.00642483
  0.00338752   0.00308567     0.00219734  -0.00642483     0.00608381  -0.00128826
   11    1
 -0.04055423  -0.00943035    -0.03362474   0.00906909     0.00046627   0.01541665
 -0.01903134   0.02915938    -0.02564873   0.05799181     0.01903134  -0.02915938
  0.00046627   0.01541665     0.03362474  -0.00906909    -0.04055423  -0.00943035
   11    2
 -0.00869636  -0.00139143     0.00825895   0.00306152     0.01045783  -0.00203701
  0.00961789   0.00766219    -0.00326031   0.00906722    -0.00961789  -0.00766219
  0.01045783  -0.00203701    -0.00825895  -0.00306152    -0.00869636  -0.00139143
   11    3
 -0.00710615  -0.00842070    -0.00093819  -0.00376161    -0.00146411   0.00023767
 -0.00258970  -0.00062799    -0.00715385   0.00139624     0.00258970   0.00062799
 -0.00146411   0.00023767     0.00093819   0.00376161    -0.00710615  -0.00842070
   11    4
 -0.00082258   0.02379760     0.00126098  -0.00686412     0.00330254  -0.00044576
 -0.00330254   0.00044576     0.01104550  -0.00786426     0.00216487   0.00438744
 -0.00126098   0.00686412     0.00030953   0.01067089     0.01104550  -0.00786426
   11    5
  0.00325748   0.00000000    -0.00051198  -0.00096015     0.00347532   0.00036700
 -0.00347532   0.00036700     0.00161114  -0.00863016     0.00014497  -0.00000000
  0.00051198  -0.00096015     0.00336785   0.00000000     0.00161114   0.00863016
   11    6
  0.00876117  -0.00470958    -0.00447815  -0.00050641    -0.00366953  -0.00266862
  0.00428412   0.00095289    -0.01726598  -0.01089668    -0.00428412  -0.00095289
 -0.00366953  -0.00266862     0.00447815   0.00050641     0.00876117  -0.00470958
   11    7
  0.00068673   0.00819965     0.00633201   0.00064949     0.00034124   0.00296174
  0.00219146  -0.00821078     0.00261556  -0.00487932    -0.00219146   0.00821078
  0.00034124   0.00296174    -0.00633201  -0.00064949     0.00068673   0.00819965
   11    8
  0.01104550  -0.00786426    -0.00030953  -0.01067089    -0.00126098   0.00686412
 -0.00216487  -0.00438744     0.01104550  -0.00786426     0.00330254  -0.00044576
  0.00330254  -0.00044576    -0.00126098   0.00686412    -0.00082258   0.02379760
   11    9
  0.00161114   0.00863016    -0.00336785  -0.00000000     0.00051198  -0.00096015
 -0.00014497  -0.00000000     0.00161114  -0.00863016     0.00347532  -0.00036700
  0.00347532   0.00036700     0.00051198   0.00096015     0.00325748   0.00000000
   11   10
  0.00608381   0.00128826    -0.00219734  -0.00642483     0.00338752  -0.00308567
 -0.00219734  -0.00642483    -0.00253482  -0.01024893     0.00219734   0.00642483
  0.00338752  -0.00308567     0.00219734   0.00642483     0.00608381   0.00128826
   11   11
  0.04103306  -0.00000000     0.00579308  -0.00034251    -0.00017378  -0.00000000
  0.00579308   0.00034251     0.03948992   0.00000000    -0.00579308  -0.00034251
 -0.00017378  -0.00000000    -0.00579308   0.00034251     0.04103306  -0.00000000

     Dynamical  Matrix in cartesian axes

     q = (    0.117851130  -0.117851130  -0.117851130 ) 

    1    1
  0.37691168   0.00000000    -0.19147394   0.00000000    -0.19147394   0.00000000
 -0.19147394   0.00000000     0.37691168   0.00000000     0.19147394   0.00000000
 -0.19147394   0.00000000     0.19147394   0.00000000     0.37691168   0.00000000
    1    2
  0.01343994   0.03820236    -0.03033272  -0.02845549    -0.03033272  -0.02845549
 -0.03033272  -0.02845549     0.01343994   0.03820236     0.03033272   0.02845549
 -0.03033272  -0.02845549     0.03033272   0.02845549     0.01343994   0.03820236
    1    3
  0.01343994  -0.03820236    -0.03033272   0.02845549    -0.03033272   0.02845549
 -0.03033272   0.02845549     0.01343994  -0.03820236     0.03033272  -0.02845549
 -0.03033272   0.02845549     0.03033272  -0.02845549     0.01343994  -0.03820236
    1    4
 -0.02564873  -0.05799181     0.03362474   0.00906909     0.03362474   0.00906909
  0.01903134   0.02915938    -0.04055423   0.00943035    -0.00046627   0.01541665
  0.01903134   0.02915938    -0.00046627   0.01541665    -0.04055423   0.00943035
    1    5
 -0.02564873   0.05799181     0.03362474  -0.00906909     0.03362474  -0.00906909
  0.01903134  -0.02915938    -0.04055423  -0.00943035    -0.00046627  -0.01541665
  0.01903134  -0.02915938    -0.00046627  -0.01541665    -0.04055423  -0.00943035
    1    6
 -0.04055423   0.00943035     0.01903134   0.02915938     0.00046627  -0.01541665
  0.03362474   0.00906909    -0.02564873  -0.05799181    -0.03362474  -0.00906909
  0.00046627  -0.01541665    -0.01903134  -0.02915938    -0.04055423   0.00943035
    1    7
 -0.04055423  -0.00943035     0.01903134  -0.02915938     0.00046627   0.01541665
  0.03362474  -0.00906909    -0.02564873   0.05799181    -0.03362474   0.00906909
  0.00046627   0.01541665    -0.01903134   0.02915938    -0.04055423  -0.00943035
    1    8
 -0.04055423   0.00943035     0.00046627  -0.01541665     0.01903134   0.02915938
  0.00046627  -0.01541665    -0.04055423   0.00943035    -0.01903134  -0.02915938
  0.03362474   0.00906909    -0.03362474  -0.00906909    -0.02564873  -0.05799181
    1    9
 -0.04055423  -0.00943035     0.00046627   0.01541665     0.01903134  -0.02915938
  0.00046627   0.01541665    -0.04055423  -0.00943035    -0.01903134   0.02915938
  0.03362474  -0.00906909    -0.03362474   0.00906909    -0.02564873   0.05799181
    1   10
 -0.04440272  -0.02085118     0.01469123  -0.00136244     0.01469123  -0.00136244
  0.01469123  -0.00136244    -0.04440272  -0.02085118    -0.01469123   0.00136244
  0.01469123  -0.00136244    -0.01469123   0.00136244    -0.04440272  -0.02085118
    1   11
 -0.04440272   0.02085118     0.01469123   0.00136244     0.01469123   0.00136244
  0.01469123   0.00136244    -0.04440272   0.02085118    -0.01469123  -0.00136244
  0.01469123   0.00136244    -0.01469123  -0.00136244    -0.04440272   0.02085118
    2    1
  0.01343994  -0.03820236    -0.03033272   0.02845549    -0.03033272   0.02845549
 -0.03033272   0.02845549     0.01343994  -0.03820236     0.03033272  -0.02845549
 -0.03033272   0.02845549     0.03033272  -0.02845549     0.01343994  -0.03820236
    2    2
  0.04856534   0.00000000    -0.01421562   0.00000000    -0.01421562   0.00000000
 -0.01421562   0.00000000     0.04856534   0.00000000     0.01421562  -0.00000000
 -0.01421562   0.00000000     0.01421562  -0.00000000     0.04856534   0.00000000
    2    3
 -0.01075057  -0.01333109     0.00854550   0.01402744     0.00854550   0.01402744
  0.00854550   0.01402744    -0.01075057  -0.01333109    -0.00854550  -0.01402744
  0.00854550   0.01402744    -0.00854550  -0.01402744    -0.01075057  -0.01333109
    2    4
 -0.00715385  -0.00139624     0.00093819  -0.00376161     0.00093819  -0.00376161
  0.00258970  -0.00062799    -0.00710615   0.00842070     0.00146411   0.00023767
  0.00258970  -0.00062799     0.00146411   0.00023767    -0.00710615   0.00842070
    2    5
 -0.00326031   0.00906722    -0.00825895  -0.00306152    -0.00825895  -0.00306152
 -0.00961789  -0.00766219    -0.00869636  -0.00139143    -0.01045783   0.00203701
 -0.00961789  -0.00766219    -0.01045783   0.00203701    -0.00869636  -0.00139143
    2    6
 -0.00710615   0.00842070     0.00258970  -0.00062799    -0.00146411  -0.00023767
  0.00093819  -0.00376161    -0.00715385  -0.00139624    -0.00093819   0.00376161
 -0.00146411  -0.00023767    -0.00258970   0.00062799    -0.00710615   0.00842070
    2    7
 -0.00869636  -0.00139143    -0.00961789  -0.00766219     0.01045783  -0.00203701
 -0.00825895  -0.00306152    -0.00326031   0.00906722     0.00825895   0.00306152
  0.01045783  -0.00203701     0.00961789   0.00766219    -0.00869636  -0.00139143
    2    8
 -0.00710615   0.00842070    -0.00146411  -0.00023767     0.00258970  -0.00062799
 -0.00146411  -0.00023767    -0.00710615   0.00842070    -0.00258970   0.00062799
  0.00093819  -0.00376161    -0.00093819   0.00376161    -0.00715385  -0.00139624
    2    9
 -0.00869636  -0.00139143     0.01045783  -0.00203701    -0.00961789  -0.00766219
  0.01045783  -0.00203701    -0.00869636  -0.00139143     0.00961789   0.00766219
 -0.00825895  -0.00306152     0.00825895   0.00306152    -0.00326031   0.00906722
    2   10
  0.00269389   0.00039103    -0.00426829  -0.00609677    -0.00426829  -0.00609677
 -0.00426829  -0.00609677     0.00269389   0.00039103     0.00426829   0.00609677
 -0.00426829  -0.00609677     0.00426829   0.00609677     0.00269389   0.00039103
    2   11
 -0.00937568   0.00394455     0.01907183  -0.00205202     0.01907183  -0.00205202
  0.01907183  -0.00205202    -0.00937568   0.00394455    -0.01907183   0.00205202
  0.01907183  -0.00205202    -0.01907183   0.00205202    -0.00937568   0.00394455
    3    1
  0.01343994   0.03820236    -0.03033272  -0.02845549    -0.03033272  -0.02845549
 -0.03033272  -0.02845549     0.01343994   0.03820236     0.03033272   0.02845549
 -0.03033272  -0.02845549     0.03033272   0.02845549     0.01343994   0.03820236
    3    2
 -0.01075057   0.01333109     0.00854550  -0.01402744     0.00854550  -0.01402744
  0.00854550  -0.01402744    -0.01075057   0.01333109    -0.00854550   0.01402744
  0.00854550  -0.01402744    -0.00854550   0.01402744    -0.01075057   0.01333109
    3    3
  0.04856534  -0.00000000    -0.01421562  -0.00000000    -0.01421562  -0.00000000
 -0.01421562  -0.00000000     0.04856534  -0.00000000     0.01421562   0.00000000
 -0.01421562  -0.00000000     0.01421562   0.00000000     0.04856534  -0.00000000
    3    4
 -0.00326031  -0.00906722    -0.00825895   0.00306152    -0.00825895   0.00306152
 -0.00961789   0.00766219    -0.00869636   0.00139143    -0.01045783  -0.00203701
 -0.00961789   0.00766219    -0.01045783  -0.00203701    -0.00869636   0.00139143
    3    5
 -0.00715385   0.00139624     0.00093819   0.00376161     0.00093819   0.00376161
  0.00258970   0.00062799    -0.00710615  -0.00842070     0.00146411  -0.00023767
  0.00258970   0.00062799     0.00146411  -0.00023767    -0.00710615  -0.00842070
    3    6
 -0.00869636   0.00139143    -0.00961789   0.00766219     0.01045783   0.00203701
 -0.00825895   0.00306152    -0.00326031  -0.00906722     0.00825895  -0.00306152
  0.01045783   0.00203701     0.00961789  -0.00766219    -0.00869636   0.00139143
    3    7
 -0.00710615  -0.00842070     0.00258970   0.00062799    -0.00146411   0.00023767
  0.00093819   0.00376161    -0.00715385   0.00139624    -0.00093819  -0.00376161
 -0.00146411   0.00023767    -0.00258970  -0.00062799    -0.00710615  -0.00842070
    3    8
 -0.00869636   0.00139143     0.01045783   0.00203701    -0.00961789   0.00766219
  0.01045783   0.00203701    -0.00869636   0.00139143     0.00961789  -0.00766219
 -0.00825895   0.00306152     0.00825895  -0.00306152    -0.00326031  -0.00906722
    3    9
 -0.00710615  -0.00842070    -0.00146411   0.00023767     0.00258970   0.00062799
 -0.00146411   0.00023767    -0.00710615  -0.00842070    -0.00258970  -0.00062799
  0.00093819   0.00376161    -0.00093819  -0.00376161    -0.00715385   0.00139624
    3   10
 -0.00937568  -0.00394455     0.01907183   0.00205202     0.01907183   0.00205202
  0.01907183   0.00205202    -0.00937568  -0.00394455    -0.01907183  -0.00205202
  0.01907183   0.00205202    -0.01907183  -0.00205202    -0.00937568  -0.00394455
    3   11
  0.00269389  -0.00039103    -0.00426829   0.00609677    -0.00426829   0.00609677
 -0.00426829   0.00609677     0.00269389  -0.00039103     0.00426829  -0.00609677
 -0.00426829   0.00609677     0.00426829  -0.00609677     0.00269389  -0.00039103
    4    1
 -0.02564873   0.05799181     0.01903134  -0.02915938     0.01903134  -0.02915938
