  2.500000000000000E-002   1.62642784585186        4.63499580460467     
           6

     Dynamical  Matrix in cartesian axes

     q = (    0.471404521   0.000000000   0.000000000 ) 

    1    1
  0.24601796   0.00000000    -0.00000000   0.00000000     0.00000000   0.00000000
  0.00000000   0.00000000     0.09766947   0.00000000     0.00000000   0.00000000
 -0.00000000   0.00000000     0.00000000   0.00000000     0.09766947   0.00000000
    1    2
  0.01430067   0.02476949     0.00000000   0.00000000     0.00000000  -0.00000000
 -0.00000000  -0.00000000    -0.01251805  -0.02168189    -0.02600418   0.01501352
  0.00000000   0.00000000    -0.02600418   0.01501352    -0.01251805  -0.02168189
    1    3
  0.01430067  -0.02476949     0.00000000  -0.00000000     0.00000000   0.00000000
 -0.00000000   0.00000000    -0.01251805   0.02168189    -0.02600418  -0.01501352
  0.00000000  -0.00000000    -0.02600418  -0.01501352    -0.01251805   0.02168189
    1    4
 -0.00312933  -0.00710112     0.01000822   0.01020156     0.01000822   0.01020156
  0.01091302  -0.00627687     0.00851230   0.00005303     0.00818055  -0.00067481
  0.01091302  -0.00627687     0.00818055  -0.00067481     0.00851230   0.00005303
    1    5
 -0.00312933   0.00710112     0.01000822  -0.01020156     0.01000822  -0.01020156
  0.01091302   0.00627687     0.00851230  -0.00005303     0.00818055   0.00067481
  0.01091302   0.00627687     0.00818055   0.00067481     0.00851230  -0.00005303
    1    6
  0.00771442  -0.00084048    -0.01383892  -0.00356659     0.01383892   0.00356659
 -0.00002058  -0.01258939    -0.00430208  -0.00734535     0.00350587   0.00742197
  0.00002058   0.01258939     0.00350587   0.00742197    -0.00430208  -0.00734535
    1    7
  0.00771442   0.00084048    -0.01383892   0.00356659     0.01383892  -0.00356659
 -0.00002058   0.01258939    -0.00430208   0.00734535     0.00350587  -0.00742197
  0.00002058  -0.01258939     0.00350587  -0.00742197    -0.00430208   0.00734535
    1    8
  0.00771442  -0.00084048     0.01383892   0.00356659    -0.01383892  -0.00356659
  0.00002058   0.01258939    -0.00430208  -0.00734535     0.00350587   0.00742197
 -0.00002058  -0.01258939     0.00350587   0.00742197    -0.00430208  -0.00734535
    1    9
  0.00771442   0.00084048     0.01383892  -0.00356659    -0.01383892   0.00356659
  0.00002058  -0.01258939    -0.00430208   0.00734535     0.00350587  -0.00742197
 -0.00002058   0.01258939     0.00350587  -0.00742197    -0.00430208   0.00734535
    1   10
 -0.00312933  -0.00710112    -0.01000822  -0.01020156    -0.01000822  -0.01020156
 -0.01091302   0.00627687     0.00851230   0.00005303     0.00818055  -0.00067481
 -0.01091302   0.00627687     0.00818055  -0.00067481     0.00851230   0.00005303
    1   11
 -0.00312933   0.00710112    -0.01000822   0.01020156    -0.01000822   0.01020156
 -0.01091302  -0.00627687     0.00851230  -0.00005303     0.00818055   0.00067481
 -0.01091302  -0.00627687     0.00818055   0.00067481     0.00851230  -0.00005303
    2    1
  0.01430067  -0.02476949    -0.00000000  -0.00000000     0.00000000   0.00000000
  0.00000000   0.00000000    -0.01251805   0.02168189    -0.02600418  -0.01501352
 -0.00000000  -0.00000000    -0.02600418  -0.01501352    -0.01251805   0.02168189
    2    2
  0.07385238  -0.00000000    -0.00000000   0.00000000     0.00000000  -0.00000000
 -0.00000000  -0.00000000     0.03825378   0.00000000    -0.00000000  -0.00000000
  0.00000000   0.00000000    -0.00000000  -0.00000000     0.03825378   0.00000000
    2    3
 -0.00122316  -0.00211857     0.00000000  -0.00000000    -0.00000000  -0.00000000
  0.00000000  -0.00000000    -0.00147712  -0.00255845     0.01420228  -0.00819969
  0.00000000  -0.00000000     0.01420228  -0.00819969    -0.00147712  -0.00255845
    2    4
 -0.00734497  -0.01395762     0.00186450   0.00216685     0.00186450   0.00216685
 -0.00371382   0.00308622    -0.00311997   0.00434986    -0.00118639   0.00667865
 -0.00371382   0.00308622    -0.00118639   0.00667865    -0.00311997   0.00434986
    2    5
  0.00129026  -0.00327180    -0.01588470   0.00174742    -0.01588470   0.00174742
 -0.00954336  -0.00162737    -0.01025754   0.00094534    -0.01223658  -0.00248677
 -0.00954336  -0.00162737    -0.01223658  -0.00248677    -0.01025754   0.00094534
    2    6
 -0.00841517  -0.01333973     0.00094430   0.00269813    -0.00094430  -0.00269813
  0.00452965  -0.00167315     0.00532708  -0.00052704    -0.00637707  -0.00231188
 -0.00452965   0.00167315    -0.00637707  -0.00231188     0.00532708  -0.00052704
    2    7
  0.00129026   0.00327180    -0.01588470  -0.00174742     0.01588470   0.00174742
 -0.00954336   0.00162737    -0.01025754  -0.00094534     0.01223658  -0.00248677
  0.00954336  -0.00162737     0.01223658  -0.00248677    -0.01025754  -0.00094534
    2    8
 -0.00841517  -0.01333973    -0.00094430  -0.00269813     0.00094430   0.00269813
 -0.00452965   0.00167315     0.00532708  -0.00052704    -0.00637707  -0.00231188
  0.00452965  -0.00167315    -0.00637707  -0.00231188     0.00532708  -0.00052704
    2    9
  0.00129026   0.00327180     0.01588470   0.00174742    -0.01588470  -0.00174742
  0.00954336  -0.00162737    -0.01025754  -0.00094534     0.01223658  -0.00248677
 -0.00954336   0.00162737     0.01223658  -0.00248677    -0.01025754  -0.00094534
    2   10
 -0.00734497  -0.01395762    -0.00186450  -0.00216685    -0.00186450  -0.00216685
  0.00371382  -0.00308622    -0.00311997   0.00434986    -0.00118639   0.00667865
  0.00371382  -0.00308622    -0.00118639   0.00667865    -0.00311997   0.00434986
    2   11
  0.00129026  -0.00327180     0.01588470  -0.00174742     0.01588470  -0.00174742
  0.00954336   0.00162737    -0.01025754   0.00094534    -0.01223658  -0.00248677
  0.00954336   0.00162737    -0.01223658  -0.00248677    -0.01025754   0.00094534
    3    1
  0.01430067   0.02476949    -0.00000000   0.00000000     0.00000000  -0.00000000
  0.00000000  -0.00000000    -0.01251805  -0.02168189    -0.02600418   0.01501352
 -0.00000000   0.00000000    -0.02600418   0.01501352    -0.01251805  -0.02168189
    3    2
 -0.00122316   0.00211857     0.00000000   0.00000000    -0.00000000   0.00000000
  0.00000000   0.00000000    -0.00147712   0.00255845     0.01420228   0.00819969
  0.00000000   0.00000000     0.01420228   0.00819969    -0.00147712   0.00255845
    3    3
  0.07385238   0.00000000    -0.00000000  -0.00000000     0.00000000   0.00000000
 -0.00000000   0.00000000     0.03825378  -0.00000000    -0.00000000   0.00000000
  0.00000000  -0.00000000    -0.00000000   0.00000000     0.03825378  -0.00000000
    3    4
  0.00129026   0.00327180    -0.01588470  -0.00174742    -0.01588470  -0.00174742
 -0.00954336   0.00162737    -0.01025754  -0.00094534    -0.01223658   0.00248677
 -0.00954336   0.00162737    -0.01223658   0.00248677    -0.01025754  -0.00094534
    3    5
 -0.00734497   0.01395762     0.00186450  -0.00216685     0.00186450  -0.00216685
 -0.00371382  -0.00308622    -0.00311997  -0.00434986    -0.00118639  -0.00667865
 -0.00371382  -0.00308622    -0.00118639  -0.00667865    -0.00311997  -0.00434986
    3    6
  0.00129026  -0.00327180    -0.01588470   0.00174742     0.01588470  -0.00174742
 -0.00954336  -0.00162737    -0.01025754   0.00094534     0.01223658   0.00248677
  0.00954336   0.00162737     0.01223658   0.00248677    -0.01025754   0.00094534
    3    7
 -0.00841517   0.01333973     0.00094430  -0.00269813    -0.00094430   0.00269813
  0.00452965   0.00167315     0.00532708   0.00052704    -0.00637707   0.00231188
 -0.00452965  -0.00167315    -0.00637707   0.00231188     0.00532708   0.00052704
    3    8
  0.00129026  -0.00327180     0.01588470  -0.00174742    -0.01588470   0.00174742
  0.00954336   0.00162737    -0.01025754   0.00094534     0.01223658   0.00248677
 -0.00954336  -0.00162737     0.01223658   0.00248677    -0.01025754   0.00094534
    3    9
 -0.00841517   0.01333973    -0.00094430   0.00269813     0.00094430  -0.00269813
 -0.00452965  -0.00167315     0.00532708   0.00052704    -0.00637707   0.00231188
  0.00452965   0.00167315    -0.00637707   0.00231188     0.00532708   0.00052704
    3   10
  0.00129026   0.00327180     0.01588470   0.00174742     0.01588470   0.00174742
  0.00954336  -0.00162737    -0.01025754  -0.00094534    -0.01223658   0.00248677
  0.00954336  -0.00162737    -0.01223658   0.00248677    -0.01025754  -0.00094534
    3   11
 -0.00734497   0.01395762    -0.00186450   0.00216685    -0.00186450   0.00216685
  0.00371382   0.00308622    -0.00311997  -0.00434986    -0.00118639  -0.00667865
  0.00371382   0.00308622    -0.00118639  -0.00667865    -0.00311997  -0.00434986
    4    1
 -0.00312933   0.00710112     0.01091302   0.00627687     0.01091302   0.00627687
  0.01000822  -0.01020156     0.00851230  -0.00005303     0.00818055   0.00067481
  0.01000822  -0.01020156     0.00818055   0.00067481     0.00851230  -0.00005303
    4    2
 -0.00734497   0.01395762    -0.00371382  -0.00308622    -0.00371382  -0.00308622
  0.00186450  -0.00216685    -0.00311997  -0.00434986    -0.00118639  -0.00667865
  0.00186450  -0.00216685    -0.00118639  -0.00667865    -0.00311997  -0.00434986
    4    3
  0.00129026  -0.00327180    -0.00954336  -0.00162737    -0.00954336  -0.00162737
 -0.01588470   0.00174742    -0.01025754   0.00094534    -0.01223658  -0.00248677
 -0.01588470   0.00174742    -0.01223658  -0.00248677    -0.01025754   0.00094534
    4    4
  0.03247562   0.00000000    -0.00121669   0.00026379    -0.00121669   0.00026379
 -0.00121669  -0.00026379     0.03239897   0.00000000     0.01043185  -0.00000000
 -0.00121669  -0.00026379     0.01043185  -0.00000000     0.03239897   0.00000000
    4    5
  0.00564066  -0.00002163     0.00139229   0.00170886     0.00139229   0.00170886
  0.00139229   0.00170886     0.00332332   0.00399143    -0.00210882   0.00393236
  0.00139229   0.00170886    -0.00210882   0.00393236     0.00332332   0.00399143
    4    6
  0.00488260  -0.00129556    -0.00070304   0.00124007     0.00177291  -0.00260891
 -0.00070304   0.00124007    -0.00288972  -0.00521959     0.00051185   0.00083976
 -0.00177291   0.00260891    -0.00051185  -0.00083976    -0.00079569   0.00151285
    4    7
 -0.00042183   0.00073063     0.00228923  -0.00501533    -0.00210454   0.00392186
  0.00319879  -0.00449019    -0.00239138   0.00414199    -0.00038950  -0.00165310
  0.00234416  -0.00378352    -0.00162638   0.00048923     0.00740277  -0.01282198
    4    8
  0.00488260  -0.00129556     0.00177291  -0.00260891    -0.00070304   0.00124007
 -0.00177291   0.00260891    -0.00079569   0.00151285    -0.00051185  -0.00083976
 -0.00070304   0.00124007     0.00051185   0.00083976    -0.00288972  -0.00521959
    4    9
 -0.00042183   0.00073063    -0.00210454   0.00392186     0.00228923  -0.00501533
  0.00234416  -0.00378352     0.00740277  -0.01282198    -0.00162638   0.00048923
  0.00319879  -0.00449019    -0.00038950  -0.00165310    -0.00239138   0.00414199
    4   10
  0.00182493  -0.00000000     0.00605900   0.00148631     0.00605900   0.00148631
 -0.00605900   0.00148631    -0.00118730  -0.00000000     0.00486160  -0.00000000
 -0.00605900   0.00148631     0.00486160   0.00000000    -0.00118730   0.00000000
    4   11
  0.00949582   0.00926789     0.00300447   0.00529474     0.00300447   0.00529474
 -0.00300447  -0.00529474    -0.00652297   0.00853855    -0.00080185   0.00657358
 -0.00300447  -0.00529474    -0.00080185   0.00657358    -0.00652297   0.00853855
    5    1
 -0.00312933  -0.00710112     0.01091302  -0.00627687     0.01091302  -0.00627687
  0.01000822   0.01020156     0.00851230   0.00005303     0.00818055  -0.00067481
  0.01000822   0.01020156     0.00818055  -0.00067481     0.00851230   0.00005303
    5    2
  0.00129026   0.00327180    -0.00954336   0.00162737    -0.00954336   0.00162737
 -0.01588470  -0.00174742    -0.01025754  -0.00094534    -0.01223658   0.00248677
 -0.01588470  -0.00174742    -0.01223658   0.00248677    -0.01025754  -0.00094534
    5    3
 -0.00734497  -0.01395762    -0.00371382   0.00308622    -0.00371382   0.00308622
  0.00186450   0.00216685    -0.00311997   0.00434986    -0.00118639   0.00667865
  0.00186450   0.00216685    -0.00118639   0.00667865    -0.00311997   0.00434986
    5    4
  0.00564066   0.00002163     0.00139229  -0.00170886     0.00139229  -0.00170886
  0.00139229  -0.00170886     0.00332332  -0.00399143    -0.00210882  -0.00393236
  0.00139229  -0.00170886    -0.00210882  -0.00393236     0.00332332  -0.00399143
    5    5
  0.03247562  -0.00000000    -0.00121669  -0.00026379    -0.00121669  -0.00026379
 -0.00121669   0.00026379     0.03239897  -0.00000000     0.01043185   0.00000000
 -0.00121669   0.00026379     0.01043185   0.00000000     0.03239897  -0.00000000
    5    6
 -0.00042183  -0.00073063     0.00228923   0.00501533    -0.00210454  -0.00392186
  0.00319879   0.00449019    -0.00239138  -0.00414199    -0.00038950   0.00165310
  0.00234416   0.00378352    -0.00162638  -0.00048923     0.00740277   0.01282198
    5    7
  0.00488260   0.00129556    -0.00070304  -0.00124007     0.00177291   0.00260891
 -0.00070304  -0.00124007    -0.00288972   0.00521959     0.00051185  -0.00083976
 -0.00177291  -0.00260891    -0.00051185   0.00083976    -0.00079569  -0.00151285
    5    8
 -0.00042183  -0.00073063    -0.00210454  -0.00392186     0.00228923   0.00501533
  0.00234416   0.00378352     0.00740277   0.01282198    -0.00162638  -0.00048923
  0.00319879   0.00449019    -0.00038950   0.00165310    -0.00239138  -0.00414199
    5    9
  0.00488260   0.00129556     0.00177291   0.00260891    -0.00070304  -0.00124007
 -0.00177291  -0.00260891    -0.00079569  -0.00151285    -0.00051185   0.00083976
 -0.00070304  -0.00124007     0.00051185  -0.00083976    -0.00288972   0.00521959
    5   10
  0.00949582  -0.00926789     0.00300447  -0.00529474     0.00300447  -0.00529474
 -0.00300447   0.00529474    -0.00652297  -0.00853855    -0.00080185  -0.00657358
 -0.00300447   0.00529474    -0.00080185  -0.00657358    -0.00652297  -0.00853855
    5   11
  0.00182493  -0.00000000     0.00605900  -0.00148631     0.00605900  -0.00148631
 -0.00605900  -0.00148631    -0.00118730   0.00000000     0.00486160   0.00000000
 -0.00605900  -0.00148631     0.00486160  -0.00000000    -0.00118730  -0.00000000
    6    1
  0.00771442   0.00084048    -0.00002058   0.01258939     0.00002058  -0.01258939
 -0.01383892   0.00356659    -0.00430208   0.00734535     0.00350587  -0.00742197
  0.01383892  -0.00356659     0.00350587  -0.00742197    -0.00430208   0.00734535
    6    2
 -0.00841517   0.01333973     0.00452965   0.00167315    -0.00452965  -0.00167315
  0.00094430  -0.00269813     0.00532708   0.00052704    -0.00637707   0.00231188
 -0.00094430   0.00269813    -0.00637707   0.00231188     0.00532708   0.00052704
    6    3
  0.00129026   0.00327180    -0.00954336   0.00162737     0.00954336  -0.00162737
 -0.01588470  -0.00174742    -0.01025754  -0.00094534     0.01223658  -0.00248677
  0.01588470   0.00174742     0.01223658  -0.00248677    -0.01025754  -0.00094534
    6    4
  0.00488260   0.00129556    -0.00070304  -0.00124007    -0.00177291  -0.00260891
 -0.00070304  -0.00124007    -0.00288972   0.00521959    -0.00051185   0.00083976
  0.00177291   0.00260891     0.00051185  -0.00083976    -0.00079569  -0.00151285
    6    5
 -0.00042183   0.00073063     0.00319879  -0.00449019     0.00234416  -0.00378352
  0.00228923  -0.00501533    -0.00239138   0.00414199    -0.00162638   0.00048923
 -0.00210454   0.00392186    -0.00038950  -0.00165310     0.00740277  -0.01282198
    6    6
  0.03247562   0.00000000    -0.00121669  -0.00026379     0.00121669   0.00026379
 -0.00121669   0.00026379     0.03239897  -0.00000000    -0.01043185  -0.00000000
  0.00121669  -0.00026379    -0.01043185  -0.00000000     0.03239897  -0.00000000
    6    7
 -0.00280160  -0.00489577    -0.00217606  -0.00035133     0.00217606   0.00035133
 -0.00217606  -0.00035133    -0.00511834  -0.00088236     0.00235111  -0.00379248
  0.00217606   0.00035133     0.00235111  -0.00379248    -0.00511834  -0.00088236
    6    8
  0.00182493   0.00000000     0.00605900  -0.00148631    -0.00605900   0.00148631
 -0.00605900  -0.00148631    -0.00118730   0.00000000    -0.00486160  -0.00000000
  0.00605900   0.00148631    -0.00486160  -0.00000000    -0.00118730   0.00000000
    6    9
 -0.01277414  -0.00358967    -0.00608761   0.00004542     0.00608761  -0.00004542
  0.00608761  -0.00004542    -0.00413311   0.00991833     0.00529196  -0.00398122
 -0.00608761   0.00004542     0.00529196  -0.00398122    -0.00413311   0.00991833
    6   10
  0.00488260   0.00129556     0.00177291   0.00260891     0.00070304   0.00124007
 -0.00177291  -0.00260891    -0.00079569  -0.00151285     0.00051185  -0.00083976
  0.00070304   0.00124007    -0.00051185   0.00083976    -0.00288972   0.00521959
    6   11
 -0.00042183   0.00073063    -0.00234416   0.00378352    -0.00319879   0.00449019
  0.00210454  -0.00392186     0.00740277  -0.01282198    -0.00038950  -0.00165310
 -0.00228923   0.00501533    -0.00162638   0.00048923    -0.00239138   0.00414199
    7    1
  0.00771442  -0.00084048    -0.00002058  -0.01258939     0.00002058   0.01258939
 -0.01383892  -0.00356659    -0.00430208  -0.00734535     0.00350587   0.00742197
  0.01383892   0.00356659     0.00350587   0.00742197    -0.00430208  -0.00734535
    7    2
  0.00129026  -0.00327180    -0.00954336  -0.00162737     0.00954336   0.00162737
 -0.01588470   0.00174742    -0.01025754   0.00094534     0.01223658   0.00248677
  0.01588470  -0.00174742     0.01223658   0.00248677    -0.01025754   0.00094534
    7    3
 -0.00841517  -0.01333973     0.00452965  -0.00167315    -0.00452965   0.00167315
  0.00094430   0.00269813     0.00532708  -0.00052704    -0.00637707  -0.00231188
 -0.00094430  -0.00269813    -0.00637707  -0.00231188     0.00532708  -0.00052704
    7    4
 -0.00042183  -0.00073063     0.00319879   0.00449019     0.00234416   0.00378352
  0.00228923   0.00501533    -0.00239138  -0.00414199    -0.00162638  -0.00048923
 -0.00210454  -0.00392186    -0.00038950   0.00165310     0.00740277   0.01282198
    7    5
  0.00488260  -0.00129556    -0.00070304   0.00124007    -0.00177291   0.00260891
 -0.00070304   0.00124007    -0.00288972  -0.00521959    -0.00051185  -0.00083976
  0.00177291  -0.00260891     0.00051185   0.00083976    -0.00079569   0.00151285
    7    6
 -0.00280160   0.00489577    -0.00217606   0.00035133     0.00217606  -0.00035133
 -0.00217606   0.00035133    -0.00511834   0.00088236     0.00235111   0.00379248
  0.00217606  -0.00035133     0.00235111   0.00379248    -0.00511834   0.00088236
    7    7
  0.03247562  -0.00000000    -0.00121669   0.00026379     0.00121669  -0.00026379
 -0.00121669  -0.00026379     0.03239897   0.00000000    -0.01043185   0.00000000
  0.00121669   0.00026379    -0.01043185   0.00000000     0.03239897   0.00000000
    7    8
 -0.01277414   0.00358967    -0.00608761  -0.00004542     0.00608761   0.00004542
  0.00608761   0.00004542    -0.00413311  -0.00991833     0.00529196   0.00398122
 -0.00608761  -0.00004542     0.00529196   0.00398122    -0.00413311  -0.00991833
    7    9
  0.00182493   0.00000000     0.00605900   0.00148631    -0.00605900  -0.00148631
 -0.00605900   0.00148631    -0.00118730   0.00000000    -0.00486160   0.00000000
  0.00605900  -0.00148631    -0.00486160   0.00000000    -0.00118730   0.00000000
    7   10
 -0.00042183  -0.00073063    -0.00234416  -0.00378352    -0.00319879  -0.00449019
  0.00210454   0.00392186     0.00740277   0.01282198    -0.00038950   0.00165310
 -0.00228923  -0.00501533    -0.00162638  -0.00048923    -0.00239138  -0.00414199
    7   11
  0.00488260  -0.00129556     0.00177291  -0.00260891     0.00070304  -0.00124007
 -0.00177291   0.00260891    -0.00079569   0.00151285     0.00051185   0.00083976
  0.00070304  -0.00124007    -0.00051185  -0.00083976    -0.00288972  -0.00521959
    8    1
  0.00771442   0.00084048     0.00002058  -0.01258939    -0.00002058   0.01258939
  0.01383892  -0.00356659    -0.00430208   0.00734535     0.00350587  -0.00742197
 -0.01383892   0.00356659     0.00350587  -0.00742197    -0.00430208   0.00734535
    8    2
 -0.00841517   0.01333973    -0.00452965  -0.00167315     0.00452965   0.00167315
 -0.00094430   0.00269813     0.00532708   0.00052704    -0.00637707   0.00231188
  0.00094430  -0.00269813    -0.00637707   0.00231188     0.00532708   0.00052704
    8    3
  0.00129026   0.00327180     0.00954336  -0.00162737    -0.00954336   0.00162737
  0.01588470   0.00174742    -0.01025754  -0.00094534     0.01223658  -0.00248677
 -0.01588470  -0.00174742     0.01223658  -0.00248677    -0.01025754  -0.00094534
    8    4
  0.00488260   0.00129556    -0.00177291  -0.00260891    -0.00070304  -0.00124007
  0.00177291   0.00260891    -0.00079569  -0.00151285     0.00051185  -0.00083976
 -0.00070304  -0.00124007    -0.00051185   0.00083976    -0.00288972   0.00521959
    8    5
 -0.00042183   0.00073063     0.00234416  -0.00378352     0.00319879  -0.00449019
 -0.00210454   0.00392186     0.00740277  -0.01282198    -0.00038950  -0.00165310
  0.00228923  -0.00501533    -0.00162638   0.00048923    -0.00239138   0.00414199
    8    6
  0.00182493   0.00000000    -0.00605900   0.00148631     0.00605900  -0.00148631
  0.00605900   0.00148631    -0.00118730   0.00000000    -0.00486160  -0.00000000
 -0.00605900  -0.00148631    -0.00486160  -0.00000000    -0.00118730   0.00000000
    8    7
 -0.01277414  -0.00358967     0.00608761  -0.00004542    -0.00608761   0.00004542
 -0.00608761   0.00004542    -0.00413311   0.00991833     0.00529196  -0.00398122
  0.00608761  -0.00004542     0.00529196  -0.00398122    -0.00413311   0.00991833
    8    8
  0.03247562  -0.00000000     0.00121669   0.00026379    -0.00121669  -0.00026379
  0.00121669  -0.00026379     0.03239897  -0.00000000    -0.01043185  -0.00000000
 -0.00121669   0.00026379    -0.01043185  -0.00000000     0.03239897  -0.00000000
    8    9
 -0.00280160  -0.00489577     0.00217606   0.00035133    -0.00217606  -0.00035133
  0.00217606   0.00035133    -0.00511834  -0.00088236     0.00235111  -0.00379248
 -0.00217606  -0.00035133     0.00235111  -0.00379248    -0.00511834  -0.00088236
    8   10
  0.00488260   0.00129556     0.00070304   0.00124007     0.00177291   0.00260891
  0.00070304   0.00124007    -0.00288972   0.00521959    -0.00051185   0.00083976
 -0.00177291  -0.00260891     0.00051185  -0.00083976    -0.00079569  -0.00151285
    8   11
 -0.00042183   0.00073063    -0.00319879   0.00449019    -0.00234416   0.00378352
 -0.00228923   0.00501533    -0.00239138   0.00414199    -0.00162638   0.00048923
  0.00210454  -0.00392186    -0.00038950  -0.00165310     0.00740277  -0.01282198
    9    1
  0.00771442  -0.00084048     0.00002058   0.01258939    -0.00002058  -0.01258939
  0.01383892   0.00356659    -0.00430208  -0.00734535     0.00350587   0.00742197
 -0.01383892  -0.00356659     0.00350587   0.00742197    -0.00430208  -0.00734535
    9    2
  0.00129026  -0.00327180     0.00954336   0.00162737    -0.00954336  -0.00162737
  0.01588470  -0.00174742    -0.01025754   0.00094534     0.01223658   0.00248677
 -0.01588470   0.00174742     0.01223658   0.00248677    -0.01025754   0.00094534
    9    3
 -0.00841517  -0.01333973    -0.00452965   0.00167315     0.00452965  -0.00167315
 -0.00094430  -0.00269813     0.00532708  -0.00052704    -0.00637707  -0.00231188
  0.00094430   0.00269813    -0.00637707  -0.00231188     0.00532708  -0.00052704
    9    4
 -0.00042183  -0.00073063     0.00234416   0.00378352     0.00319879   0.00449019
 -0.00210454  -0.00392186     0.00740277   0.01282198    -0.00038950   0.00165310
  0.00228923   0.00501533    -0.00162638  -0.00048923    -0.00239138  -0.00414199
    9    5
  0.00488260  -0.00129556    -0.00177291   0.00260891    -0.00070304   0.00124007
  0.00177291  -0.00260891    -0.00079569   0.00151285     0.00051185   0.00083976
 -0.00070304   0.00124007    -0.00051185  -0.00083976    -0.00288972  -0.00521959
    9    6
 -0.01277414   0.00358967     0.00608761   0.00004542    -0.00608761  -0.00004542
 -0.00608761  -0.00004542    -0.00413311  -0.00991833     0.00529196   0.00398122
  0.00608761   0.00004542     0.00529196   0.00398122    -0.00413311  -0.00991833
    9    7
  0.00182493  -0.00000000    -0.00605900  -0.00148631     0.00605900   0.00148631
  0.00605900  -0.00148631    -0.00118730  -0.00000000    -0.00486160   0.00000000
 -0.00605900   0.00148631    -0.00486160   0.00000000    -0.00118730   0.00000000
    9    8
 -0.00280160   0.00489577     0.00217606  -0.00035133    -0.00217606   0.00035133
  0.00217606  -0.00035133    -0.00511834   0.00088236     0.00235111   0.00379248
 -0.00217606   0.00035133     0.00235111   0.00379248    -0.00511834   0.00088236
    9    9
  0.03247562   0.00000000     0.00121669  -0.00026379    -0.00121669   0.00026379
  0.00121669   0.00026379     0.03239897   0.00000000    -0.01043185   0.00000000
 -0.00121669  -0.00026379    -0.01043185   0.00000000     0.03239897   0.00000000
    9   10
 -0.00042183  -0.00073063    -0.00319879  -0.00449019    -0.00234416  -0.00378352
 -0.00228923  -0.00501533    -0.00239138  -0.00414199    -0.00162638  -0.00048923
  0.00210454   0.00392186    -0.00038950   0.00165310     0.00740277   0.01282198
    9   11
  0.00488260  -0.00129556     0.00070304  -0.00124007     0.00177291  -0.00260891
  0.00070304  -0.00124007    -0.00288972  -0.00521959    -0.00051185  -0.00083976
 -0.00177291   0.00260891     0.00051185   0.00083976    -0.00079569   0.00151285
   10    1
 -0.00312933   0.00710112    -0.01091302  -0.00627687    -0.01091302  -0.00627687
 -0.01000822   0.01020156     0.00851230  -0.00005303     0.00818055   0.00067481
 -0.01000822   0.01020156     0.00818055   0.00067481     0.00851230  -0.00005303
   10    2
 -0.00734497   0.01395762     0.00371382   0.00308622     0.00371382   0.00308622
 -0.00186450   0.00216685    -0.00311997  -0.00434986    -0.00118639  -0.00667865
 -0.00186450   0.00216685    -0.00118639  -0.00667865    -0.00311997  -0.00434986
   10    3
  0.00129026  -0.00327180     0.00954336   0.00162737     0.00954336   0.00162737
  0.01588470  -0.00174742    -0.01025754   0.00094534    -0.01223658  -0.00248677
  0.01588470  -0.00174742    -0.01223658  -0.00248677    -0.01025754   0.00094534
   10    4
  0.00182493   0.00000000    -0.00605900  -0.00148631    -0.00605900  -0.00148631
  0.00605900  -0.00148631    -0.00118730   0.00000000     0.00486160  -0.00000000
  0.00605900  -0.00148631     0.00486160  -0.00000000    -0.00118730   0.00000000
   10    5
  0.00949582   0.00926789    -0.00300447  -0.00529474    -0.00300447  -0.00529474
  0.00300447   0.00529474    -0.00652297   0.00853855    -0.00080185   0.00657358
  0.00300447   0.00529474    -0.00080185   0.00657358    -0.00652297   0.00853855
   10    6
  0.00488260  -0.00129556    -0.00177291   0.00260891     0.00070304  -0.00124007
  0.00177291  -0.00260891    -0.00079569   0.00151285    -0.00051185  -0.00083976
  0.00070304  -0.00124007     0.00051185   0.00083976    -0.00288972  -0.00521959
   10    7
 -0.00042183   0.00073063     0.00210454  -0.00392186    -0.00228923   0.00501533
 -0.00234416   0.00378352     0.00740277  -0.01282198    -0.00162638   0.00048923
 -0.00319879   0.00449019    -0.00038950  -0.00165310    -0.00239138   0.00414199
   10    8
  0.00488260  -0.00129556     0.00070304  -0.00124007    -0.00177291   0.00260891
  0.00070304  -0.00124007    -0.00288972  -0.00521959     0.00051185   0.00083976
  0.00177291  -0.00260891    -0.00051185  -0.00083976    -0.00079569   0.00151285
   10    9
 -0.00042183   0.00073063    -0.00228923   0.00501533     0.00210454  -0.00392186
 -0.00319879   0.00449019    -0.00239138   0.00414199    -0.00038950  -0.00165310
 -0.00234416   0.00378352    -0.00162638   0.00048923     0.00740277  -0.01282198
   10   10
  0.03247562   0.00000000     0.00121669  -0.00026379     0.00121669  -0.00026379
  0.00121669   0.00026379     0.03239897  -0.00000000     0.01043185  -0.00000000
  0.00121669   0.00026379     0.01043185  -0.00000000     0.03239897   0.00000000
   10   11
  0.00564066  -0.00002163    -0.00139229  -0.00170886    -0.00139229  -0.00170886
 -0.00139229  -0.00170886     0.00332332   0.00399143    -0.00210882   0.00393236
 -0.00139229  -0.00170886    -0.00210882   0.00393236     0.00332332   0.00399143
   11    1
 -0.00312933  -0.00710112    -0.01091302   0.00627687    -0.01091302   0.00627687
 -0.01000822  -0.01020156     0.00851230   0.00005303     0.00818055  -0.00067481
 -0.01000822  -0.01020156     0.00818055  -0.00067481     0.00851230   0.00005303
   11    2
  0.00129026   0.00327180     0.00954336  -0.00162737     0.00954336  -0.00162737
  0.01588470   0.00174742    -0.01025754  -0.00094534    -0.01223658   0.00248677
  0.01588470   0.00174742    -0.01223658   0.00248677    -0.01025754  -0.00094534
   11    3
 -0.00734497  -0.01395762     0.00371382  -0.00308622     0.00371382  -0.00308622
 -0.00186450  -0.00216685    -0.00311997   0.00434986    -0.00118639   0.00667865
 -0.00186450  -0.00216685    -0.00118639   0.00667865    -0.00311997   0.00434986
   11    4
  0.00949582  -0.00926789    -0.00300447   0.00529474    -0.00300447   0.00529474
  0.00300447  -0.00529474    -0.00652297  -0.00853855    -0.00080185  -0.00657358
  0.00300447  -0.00529474    -0.00080185  -0.00657358    -0.00652297  -0.00853855
   11    5
  0.00182493  -0.00000000    -0.00605900   0.00148631    -0.00605900   0.00148631
  0.00605900   0.00148631    -0.00118730  -0.00000000     0.00486160   0.00000000
  0.00605900   0.00148631     0.00486160   0.00000000    -0.00118730  -0.00000000
   11    6
 -0.00042183  -0.00073063     0.00210454   0.00392186    -0.00228923  -0.00501533
 -0.00234416  -0.00378352     0.00740277   0.01282198    -0.00162638  -0.00048923
 -0.00319879  -0.00449019    -0.00038950   0.00165310    -0.00239138  -0.00414199
   11    7
  0.00488260   0.00129556    -0.00177291  -0.00260891     0.00070304   0.00124007
  0.00177291   0.00260891    -0.00079569  -0.00151285    -0.00051185   0.00083976
  0.00070304   0.00124007     0.00051185  -0.00083976    -0.00288972   0.00521959
   11    8
 -0.00042183  -0.00073063    -0.00228923  -0.00501533     0.00210454   0.00392186
 -0.00319879  -0.00449019    -0.00239138  -0.00414199    -0.00038950   0.00165310
 -0.00234416  -0.00378352    -0.00162638  -0.00048923     0.00740277   0.01282198
   11    9
  0.00488260   0.00129556     0.00070304   0.00124007    -0.00177291  -0.00260891
  0.00070304   0.00124007    -0.00288972   0.00521959     0.00051185  -0.00083976
  0.00177291   0.00260891    -0.00051185   0.00083976    -0.00079569  -0.00151285
   11   10
  0.00564066   0.00002163    -0.00139229   0.00170886    -0.00139229   0.00170886
 -0.00139229   0.00170886     0.00332332  -0.00399143    -0.00210882  -0.00393236
 -0.00139229   0.00170886    -0.00210882  -0.00393236     0.00332332  -0.00399143
   11   11
  0.03247562  -0.00000000     0.00121669   0.00026379     0.00121669   0.00026379
  0.00121669  -0.00026379     0.03239897   0.00000000     0.01043185   0.00000000
  0.00121669  -0.00026379     0.01043185   0.00000000     0.03239897  -0.00000000

     Dynamical  Matrix in cartesian axes

     q = (   -0.471404521   0.000000000   0.000000000 ) 

    1    1
  0.24601796   0.00000000    -0.00000000   0.00000000     0.00000000   0.00000000
 -0.00000000   0.00000000     0.09766947   0.00000000     0.00000000   0.00000000
 -0.00000000   0.00000000     0.00000000   0.00000000     0.09766947   0.00000000
    1    2
  0.01430067  -0.02476949    -0.00000000  -0.00000000     0.00000000   0.00000000
 -0.00000000   0.00000000    -0.01251805   0.02168189    -0.02600418  -0.01501352
 -0.00000000  -0.00000000    -0.02600418  -0.01501352    -0.01251805   0.02168189
    1    3
  0.01430067   0.02476949     0.00000000   0.00000000     0.00000000  -0.00000000
 -0.00000000  -0.00000000    -0.01251805  -0.02168189    -0.02600418   0.01501352
  0.00000000   0.00000000    -0.02600418   0.01501352    -0.01251805  -0.02168189
    1    4
 -0.00312933   0.00710112     0.01000822  -0.01020156     0.01000822  -0.01020156
  0.01091302   0.00627687     0.00851230  -0.00005303     0.00818055   0.00067481
  0.01091302   0.00627687     0.00818055   0.00067481     0.00851230  -0.00005303
    1    5
 -0.00312933  -0.00710112     0.01000822   0.01020156     0.01000822   0.01020156
  0.01091302  -0.00627687     0.00851230   0.00005303     0.00818055  -0.00067481
  0.01091302  -0.00627687     0.00818055  -0.00067481     0.00851230   0.00005303
    1    6
  0.00771442   0.00084048    -0.01383892   0.00356659     0.01383892  -0.00356659
 -0.00002058   0.01258939    -0.00430208   0.00734535     0.00350587  -0.00742197
  0.00002058  -0.01258939     0.00350587  -0.00742197    -0.00430208   0.00734535
    1    7
  0.00771442  -0.00084048    -0.01383892  -0.00356659     0.01383892   0.00356659
 -0.00002058  -0.01258939    -0.00430208  -0.00734535     0.00350587   0.00742197
  0.00002058   0.01258939     0.00350587   0.00742197    -0.00430208  -0.00734535
    1    8
  0.00771442   0.00084048     0.01383892  -0.00356659    -0.01383892   0.00356659
  0.00002058  -0.01258939    -0.00430208   0.00734535     0.00350587  -0.00742197
 -0.00002058   0.01258939     0.00350587  -0.00742197    -0.00430208   0.00734535
    1    9
  0.00771442  -0.00084048     0.01383892   0.00356659    -0.01383892  -0.00356659
  0.00002058   0.01258939    -0.00430208  -0.00734535     0.00350587   0.00742197
 -0.00002058  -0.01258939     0.00350587   0.00742197    -0.00430208  -0.00734535
    1   10
 -0.00312933   0.00710112    -0.01000822   0.01020156    -0.01000822   0.01020156
 -0.01091302  -0.00627687     0.00851230  -0.00005303     0.00818055   0.00067481
 -0.01091302  -0.00627687     0.00818055   0.00067481     0.00851230  -0.00005303
    1   11
 -0.00312933  -0.00710112    -0.01000822  -0.01020156    -0.01000822  -0.01020156
 -0.01091302   0.00627687     0.00851230   0.00005303     0.00818055  -0.00067481
 -0.01091302   0.00627687     0.00818055  -0.00067481     0.00851230   0.00005303
    2    1
  0.01430067   0.02476949    -0.00000000  -0.00000000    -0.00000000   0.00000000
 -0.00000000   0.00000000    -0.01251805  -0.02168189    -0.02600418   0.01501352
 -0.00000000  -0.00000000    -0.02600418   0.01501352    -0.01251805  -0.02168189
    2    2
  0.07385238   0.00000000     0.00000000  -0.00000000     0.00000000  -0.00000000
  0.00000000   0.00000000     0.03825378  -0.00000000     0.00000000   0.00000000
  0.00000000  -0.00000000     0.00000000   0.00000000     0.03825378   0.00000000
    2    3
 -0.00122316   0.00211857    -0.00000000   0.00000000     0.00000000   0.00000000
 -0.00000000   0.00000000    -0.00147712   0.00255845     0.01420228   0.00819969
 -0.00000000   0.00000000     0.01420228   0.00819969    -0.00147712   0.00255845
    2    4
 -0.00734497   0.01395762     0.00186450  -0.00216685     0.00186450  -0.00216685
 -0.00371382  -0.00308622    -0.00311997  -0.00434986    -0.00118639  -0.00667865
 -0.00371382  -0.00308622    -0.00118639  -0.00667865    -0.00311997  -0.00434986
    2    5
  0.00129026   0.00327180    -0.01588470  -0.00174742    -0.01588470  -0.00174742
 -0.00954336   0.00162737    -0.01025754  -0.00094534    -0.01223658   0.00248677
 -0.00954336   0.00162737    -0.01223658   0.00248677    -0.01025754  -0.00094534
    2    6
 -0.00841517   0.01333973     0.00094430  -0.00269813    -0.00094430   0.00269813
  0.00452965   0.00167315     0.00532708   0.00052704    -0.00637707   0.00231188
 -0.00452965  -0.00167315    -0.00637707   0.00231188     0.00532708   0.00052704
    2    7
  0.00129026  -0.00327180    -0.01588470   0.00174742     0.01588470  -0.00174742
 -0.00954336  -0.00162737    -0.01025754   0.00094534     0.01223658   0.00248677
  0.00954336   0.00162737     0.01223658   0.00248677    -0.01025754   0.00094534
    2    8
 -0.00841517   0.01333973    -0.00094430   0.00269813     0.00094430  -0.00269813
 -0.00452965  -0.00167315     0.00532708   0.00052704    -0.00637707   0.00231188
  0.00452965   0.00167315    -0.00637707   0.00231188     0.00532708   0.00052704
    2    9
  0.00129026  -0.00327180     0.01588470  -0.00174742    -0.01588470   0.00174742
  0.00954336   0.00162737    -0.01025754   0.00094534     0.01223658   0.00248677
 -0.00954336  -0.00162737     0.01223658   0.00248677    -0.01025754   0.00094534
    2   10
 -0.00734497   0.01395762    -0.00186450   0.00216685    -0.00186450   0.00216685
  0.00371382   0.00308622    -0.00311997  -0.00434986    -0.00118639  -0.00667865
  0.00371382   0.00308622    -0.00118639  -0.00667865    -0.00311997  -0.00434986
    2   11
  0.00129026   0.00327180     0.01588470   0.00174742     0.01588470   0.00174742
  0.00954336  -0.00162737    -0.01025754  -0.00094534    -0.01223658   0.00248677
  0.00954336  -0.00162737    -0.01223658   0.00248677    -0.01025754  -0.00094534
    3    1
  0.01430067  -0.02476949     0.00000000   0.00000000     0.00000000  -0.00000000
 -0.00000000  -0.00000000    -0.01251805   0.02168189    -0.02600418  -0.01501352
  0.00000000   0.00000000    -0.02600418  -0.01501352    -0.01251805   0.02168189
    3    2
 -0.00122316  -0.00211857    -0.00000000  -0.00000000     0.00000000  -0.00000000
 -0.00000000  -0.00000000    -0.00147712  -0.00255845     0.01420228  -0.00819969
 -0.00000000  -0.00000000     0.01420228  -0.00819969    -0.00147712  -0.00255845
    3    3
  0.07385238  -0.00000000     0.00000000   0.00000000     0.00000000   0.00000000
  0.00000000  -0.00000000     0.03825378   0.00000000     0.00000000  -0.00000000
  0.00000000   0.00000000     0.00000000  -0.00000000     0.03825378  -0.00000000
    3    4
  0.00129026  -0.00327180    -0.01588470   0.00174742    -0.01588470   0.00174742
 -0.00954336  -0.00162737    -0.01025754   0.00094534    -0.01223658  -0.00248677
 -0.00954336  -0.00162737    -0.01223658  -0.00248677    -0.01025754   0.00094534
    3    5
 -0.00734497  -0.01395762     0.00186450   0.00216685     0.00186450   0.00216685
 -0.00371382   0.00308622    -0.00311997   0.00434986    -0.00118639   0.00667865
 -0.00371382   0.00308622    -0.00118639   0.00667865    -0.00311997   0.00434986
    3    6
  0.00129026   0.00327180    -0.01588470  -0.00174742     0.01588470   0.00174742
 -0.00954336   0.00162737    -0.01025754  -0.00094534     0.01223658  -0.00248677
  0.00954336  -0.00162737     0.01223658  -0.00248677    -0.01025754  -0.00094534
    3    7
 -0.00841517  -0.01333973     0.00094430   0.00269813    -0.00094430  -0.00269813
  0.00452965  -0.00167315     0.00532708  -0.00052704    -0.00637707  -0.00231188
 -0.00452965   0.00167315    -0.00637707  -0.00231188     0.00532708  -0.00052704
    3    8
  0.00129026   0.00327180     0.01588470   0.00174742    -0.01588470  -0.00174742
  0.00954336  -0.00162737    -0.01025754  -0.00094534     0.01223658  -0.00248677
 -0.00954336   0.00162737     0.01223658  -0.00248677    -0.01025754  -0.00094534
    3    9
 -0.00841517  -0.01333973    -0.00094430  -0.00269813     0.00094430   0.00269813
 -0.00452965   0.00167315     0.00532708  -0.00052704    -0.00637707  -0.00231188
  0.00452965  -0.00167315    -0.00637707  -0.00231188     0.00532708  -0.00052704
    3   10
  0.00129026  -0.00327180     0.01588470  -0.00174742     0.01588470  -0.00174742
  0.00954336   0.00162737    -0.01025754   0.00094534    -0.01223658  -0.00248677
  0.00954336   0.00162737    -0.01223658  -0.00248677    -0.01025754   0.00094534
    3   11
 -0.00734497  -0.01395762    -0.00186450  -0.00216685    -0.00186450  -0.00216685
  0.00371382  -0.00308622    -0.00311997   0.00434986    -0.00118639   0.00667865
  0.00371382  -0.00308622    -0.00118639   0.00667865    -0.00311997   0.00434986
    4    1
 -0.00312933  -0.00710112     0.01091302  -0.00627687     0.01091302  -0.00627687
