  3.500000000000000E-002   1.62595643165958        4.90373158411627     
           8

     Dynamical  Matrix in cartesian axes

     q = (    0.117851130   0.117851130  -0.117851130 ) 

    1    1
  0.20043835   0.00000000     0.05231969   0.00000000    -0.05231969   0.00000000
  0.05231969   0.00000000     0.20043835   0.00000000    -0.05231969   0.00000000
 -0.05231969   0.00000000    -0.05231969   0.00000000     0.20043835   0.00000000
    1    2
  0.00384273  -0.00995108     0.01613222  -0.01195486    -0.01613222   0.01195486
  0.01613222  -0.01195486     0.00384273  -0.00995108    -0.01613222   0.01195486
 -0.01613222   0.01195486    -0.01613222   0.01195486     0.00384273  -0.00995108
    1    3
  0.00384273   0.00995108     0.01613222   0.01195486    -0.01613222  -0.01195486
  0.01613222   0.01195486     0.00384273   0.00995108    -0.01613222  -0.01195486
 -0.01613222  -0.01195486    -0.01613222  -0.01195486     0.00384273   0.00995108
    1    4
 -0.02130971  -0.01221230     0.00789186  -0.00534127     0.01246680  -0.00546065
  0.00789186  -0.00534127    -0.02130971  -0.01221230     0.01246680  -0.00546065
  0.01313856  -0.00194590     0.01313856  -0.00194590    -0.01084162   0.02564562
    1    5
 -0.02130971   0.01221230     0.00789186   0.00534127     0.01246680   0.00546065
  0.00789186   0.00534127    -0.02130971   0.01221230     0.01246680   0.00546065
  0.01313856   0.00194590     0.01313856   0.00194590    -0.01084162  -0.02564562
    1    6
 -0.02307945   0.00928753     0.00021062  -0.00796236    -0.00021062   0.00796236
  0.00021062  -0.00796236    -0.02307945   0.00928753    -0.00021062   0.00796236
 -0.00021062   0.00796236    -0.00021062   0.00796236    -0.02307945   0.00928753
    1    7
 -0.02307945  -0.00928753     0.00021062   0.00796236    -0.00021062  -0.00796236
  0.00021062   0.00796236    -0.02307945  -0.00928753    -0.00021062  -0.00796236
 -0.00021062  -0.00796236    -0.00021062  -0.00796236    -0.02307945  -0.00928753
    1    8
 -0.01084162   0.02564562    -0.01313856   0.00194590     0.01313856  -0.00194590
 -0.01246680   0.00546065    -0.02130971  -0.01221230    -0.00789186   0.00534127
  0.01246680  -0.00546065    -0.00789186   0.00534127    -0.02130971  -0.01221230
    1    9
 -0.01084162  -0.02564562    -0.01313856  -0.00194590     0.01313856   0.00194590
 -0.01246680  -0.00546065    -0.02130971   0.01221230    -0.00789186  -0.00534127
  0.01246680   0.00546065    -0.00789186  -0.00534127    -0.02130971   0.01221230
    1   10
 -0.02130971  -0.01221230    -0.01246680   0.00546065    -0.00789186   0.00534127
 -0.01313856   0.00194590    -0.01084162   0.02564562     0.01313856  -0.00194590
 -0.00789186   0.00534127     0.01246680  -0.00546065    -0.02130971  -0.01221230
    1   11
 -0.02130971   0.01221230    -0.01246680  -0.00546065    -0.00789186  -0.00534127
 -0.01313856  -0.00194590    -0.01084162  -0.02564562     0.01313856   0.00194590
 -0.00789186  -0.00534127     0.01246680   0.00546065    -0.02130971   0.01221230
    2    1
  0.00384273   0.00995108     0.01613222   0.01195486    -0.01613222  -0.01195486
  0.01613222   0.01195486     0.00384273   0.00995108    -0.01613222  -0.01195486
 -0.01613222  -0.01195486    -0.01613222  -0.01195486     0.00384273   0.00995108
    2    2
  0.03847001  -0.00000000     0.01198853   0.00000000    -0.01198853  -0.00000000
  0.01198853   0.00000000     0.03847001  -0.00000000    -0.01198853  -0.00000000
 -0.01198853  -0.00000000    -0.01198853  -0.00000000     0.03847001  -0.00000000
    2    3
 -0.01505586   0.00784728    -0.00330008   0.00158947     0.00330008  -0.00158947
 -0.00330008   0.00158947    -0.01505586   0.00784728     0.00330008  -0.00158947
  0.00330008  -0.00158947     0.00330008  -0.00158947    -0.01505586   0.00784728
    2    4
 -0.00100039   0.00126771     0.00349038  -0.00042251     0.00375907   0.00331601
  0.00349038  -0.00042251    -0.00100039   0.00126771     0.00375907   0.00331601
 -0.00131971  -0.00263389    -0.00131971  -0.00263389     0.00060756  -0.00299836
    2    5
 -0.00214835   0.00353735    -0.00885974   0.00058476    -0.00595674   0.00475084
 -0.00885974   0.00058476    -0.00214835   0.00353735    -0.00595674   0.00475084
 -0.00447939  -0.00328739    -0.00447939  -0.00328739    -0.00391458  -0.00078965
    2    6
  0.00492541  -0.00086270     0.00655021  -0.00145638    -0.00655021   0.00145638
  0.00655021  -0.00145638     0.00492541  -0.00086270    -0.00655021   0.00145638
 -0.00655021   0.00145638    -0.00655021   0.00145638     0.00492541  -0.00086270
    2    7
 -0.01182743   0.00167262    -0.01568096   0.00246929     0.01568096  -0.00246929
 -0.01568096   0.00246929    -0.01182743   0.00167262     0.01568096  -0.00246929
  0.01568096  -0.00246929     0.01568096  -0.00246929    -0.01182743   0.00167262
    2    8
  0.00060756  -0.00299836     0.00131971   0.00263389    -0.00131971  -0.00263389
 -0.00375907  -0.00331601    -0.00100039   0.00126771    -0.00349038   0.00042251
  0.00375907   0.00331601    -0.00349038   0.00042251    -0.00100039   0.00126771
    2    9
 -0.00391458  -0.00078965     0.00447939   0.00328739    -0.00447939  -0.00328739
  0.00595674  -0.00475084    -0.00214835   0.00353735     0.00885974  -0.00058476
 -0.00595674   0.00475084     0.00885974  -0.00058476    -0.00214835   0.00353735
    2   10
 -0.00100039   0.00126771    -0.00375907  -0.00331601    -0.00349038   0.00042251
  0.00131971   0.00263389     0.00060756  -0.00299836    -0.00131971  -0.00263389
 -0.00349038   0.00042251     0.00375907   0.00331601    -0.00100039   0.00126771
    2   11
 -0.00214835   0.00353735     0.00595674  -0.00475084     0.00885974  -0.00058476
  0.00447939   0.00328739    -0.00391458  -0.00078965    -0.00447939  -0.00328739
  0.00885974  -0.00058476    -0.00595674   0.00475084    -0.00214835   0.00353735
    3    1
  0.00384273  -0.00995108     0.01613222  -0.01195486    -0.01613222   0.01195486
  0.01613222  -0.01195486     0.00384273  -0.00995108    -0.01613222   0.01195486
 -0.01613222   0.01195486    -0.01613222   0.01195486     0.00384273  -0.00995108
    3    2
 -0.01505586  -0.00784728    -0.00330008  -0.00158947     0.00330008   0.00158947
 -0.00330008  -0.00158947    -0.01505586  -0.00784728     0.00330008   0.00158947
  0.00330008   0.00158947     0.00330008   0.00158947    -0.01505586  -0.00784728
    3    3
  0.03847001   0.00000000     0.01198853  -0.00000000    -0.01198853   0.00000000
  0.01198853  -0.00000000     0.03847001   0.00000000    -0.01198853   0.00000000
 -0.01198853   0.00000000    -0.01198853   0.00000000     0.03847001   0.00000000
    3    4
 -0.00214835  -0.00353735    -0.00885974  -0.00058476    -0.00595674  -0.00475084
 -0.00885974  -0.00058476    -0.00214835  -0.00353735    -0.00595674  -0.00475084
 -0.00447939   0.00328739    -0.00447939   0.00328739    -0.00391458   0.00078965
    3    5
 -0.00100039  -0.00126771     0.00349038   0.00042251     0.00375907  -0.00331601
  0.00349038   0.00042251    -0.00100039  -0.00126771     0.00375907  -0.00331601
 -0.00131971   0.00263389    -0.00131971   0.00263389     0.00060756   0.00299836
    3    6
 -0.01182743  -0.00167262    -0.01568096  -0.00246929     0.01568096   0.00246929
 -0.01568096  -0.00246929    -0.01182743  -0.00167262     0.01568096   0.00246929
  0.01568096   0.00246929     0.01568096   0.00246929    -0.01182743  -0.00167262
    3    7
  0.00492541   0.00086270     0.00655021   0.00145638    -0.00655021  -0.00145638
  0.00655021   0.00145638     0.00492541   0.00086270    -0.00655021  -0.00145638
 -0.00655021  -0.00145638    -0.00655021  -0.00145638     0.00492541   0.00086270
    3    8
 -0.00391458   0.00078965     0.00447939  -0.00328739    -0.00447939   0.00328739
  0.00595674   0.00475084    -0.00214835  -0.00353735     0.00885974   0.00058476
 -0.00595674  -0.00475084     0.00885974   0.00058476    -0.00214835  -0.00353735
    3    9
  0.00060756   0.00299836     0.00131971  -0.00263389    -0.00131971   0.00263389
 -0.00375907   0.00331601    -0.00100039  -0.00126771    -0.00349038  -0.00042251
  0.00375907  -0.00331601    -0.00349038  -0.00042251    -0.00100039  -0.00126771
    3   10
 -0.00214835  -0.00353735     0.00595674   0.00475084     0.00885974   0.00058476
  0.00447939  -0.00328739    -0.00391458   0.00078965    -0.00447939   0.00328739
  0.00885974   0.00058476    -0.00595674  -0.00475084    -0.00214835  -0.00353735
    3   11
 -0.00100039  -0.00126771    -0.00375907   0.00331601    -0.00349038  -0.00042251
  0.00131971  -0.00263389     0.00060756   0.00299836    -0.00131971   0.00263389
 -0.00349038  -0.00042251     0.00375907  -0.00331601    -0.00100039  -0.00126771
    4    1
 -0.02130971   0.01221230     0.00789186   0.00534127     0.01313856   0.00194590
  0.00789186   0.00534127    -0.02130971   0.01221230     0.01313856   0.00194590
  0.01246680   0.00546065     0.01246680   0.00546065    -0.01084162  -0.02564562
    4    2
 -0.00100039  -0.00126771     0.00349038   0.00042251    -0.00131971   0.00263389
  0.00349038   0.00042251    -0.00100039  -0.00126771    -0.00131971   0.00263389
  0.00375907  -0.00331601     0.00375907  -0.00331601     0.00060756   0.00299836
    4    3
 -0.00214835   0.00353735    -0.00885974   0.00058476    -0.00447939  -0.00328739
 -0.00885974   0.00058476    -0.00214835   0.00353735    -0.00447939  -0.00328739
 -0.00595674   0.00475084    -0.00595674   0.00475084    -0.00391458  -0.00078965
    4    4
  0.03052465  -0.00000000     0.00238206  -0.00000000     0.00061576   0.00144536
  0.00238206  -0.00000000     0.03052465  -0.00000000     0.00061576   0.00144536
  0.00061576  -0.00144536     0.00061576  -0.00144536     0.02559846  -0.00000000
    4    5
 -0.00160502  -0.00538431    -0.00222285  -0.00148473    -0.00246619  -0.00274433
 -0.00222285  -0.00148473    -0.00160502  -0.00538431    -0.00246619  -0.00274433
 -0.00246619  -0.00274433    -0.00246619  -0.00274433    -0.00392726   0.00100884
    4    6
 -0.00233856  -0.00784435    -0.00256168  -0.00168554     0.00103723   0.00163818
 -0.00256168  -0.00168554    -0.00233856  -0.00784435     0.00103723   0.00163818
 -0.00150450  -0.00312000    -0.00150450  -0.00312000     0.00337812   0.00547271
    4    7
  0.00891579   0.00491294     0.00196015   0.00180695     0.00058920  -0.00204432
  0.00196015   0.00180695     0.00891579   0.00491294     0.00058920  -0.00204432
 -0.00075328   0.00358953    -0.00075328   0.00358953    -0.01227109  -0.00085974
    4    8
 -0.00646169  -0.00355259     0.00298972   0.00055014    -0.00400753  -0.00000000
 -0.00297823   0.00164939     0.00760318   0.00000000    -0.00298972   0.00055014
 -0.00134490  -0.00000000     0.00297823   0.00164939    -0.00646169   0.00355259
    4    9
  0.00848476   0.00570160    -0.00282985   0.00244520     0.00314427  -0.00117448
 -0.00020478  -0.00069725    -0.00689456  -0.01405976     0.00282985  -0.00244520
 -0.00017516  -0.00085628     0.00020478   0.00069725     0.00848476   0.00570160
    4   10
  0.00760318   0.00000000    -0.00297823   0.00164939    -0.00298972   0.00055014
  0.00298972   0.00055014    -0.00646169  -0.00355259    -0.00400753  -0.00000000
  0.00297823   0.00164939    -0.00134490  -0.00000000    -0.00646169   0.00355259
    4   11
 -0.00689456  -0.01405976    -0.00020478  -0.00069725     0.00282985  -0.00244520
 -0.00282985   0.00244520     0.00848476   0.00570160     0.00314427  -0.00117448
  0.00020478   0.00069725    -0.00017516  -0.00085628     0.00848476   0.00570160
    5    1
 -0.02130971  -0.01221230     0.00789186  -0.00534127     0.01313856  -0.00194590
  0.00789186  -0.00534127    -0.02130971  -0.01221230     0.01313856  -0.00194590
  0.01246680  -0.00546065     0.01246680  -0.00546065    -0.01084162   0.02564562
    5    2
 -0.00214835  -0.00353735    -0.00885974  -0.00058476    -0.00447939   0.00328739
 -0.00885974  -0.00058476    -0.00214835  -0.00353735    -0.00447939   0.00328739
 -0.00595674  -0.00475084    -0.00595674  -0.00475084    -0.00391458   0.00078965
    5    3
 -0.00100039   0.00126771     0.00349038  -0.00042251    -0.00131971  -0.00263389
  0.00349038  -0.00042251    -0.00100039   0.00126771    -0.00131971  -0.00263389
  0.00375907   0.00331601     0.00375907   0.00331601     0.00060756  -0.00299836
    5    4
 -0.00160502   0.00538431    -0.00222285   0.00148473    -0.00246619   0.00274433
 -0.00222285   0.00148473    -0.00160502   0.00538431    -0.00246619   0.00274433
 -0.00246619   0.00274433    -0.00246619   0.00274433    -0.00392726  -0.00100884
    5    5
  0.03052465   0.00000000     0.00238206   0.00000000     0.00061576  -0.00144536
  0.00238206   0.00000000     0.03052465   0.00000000     0.00061576  -0.00144536
  0.00061576   0.00144536     0.00061576   0.00144536     0.02559846   0.00000000
    5    6
  0.00891579  -0.00491294     0.00196015  -0.00180695     0.00058920   0.00204432
  0.00196015  -0.00180695     0.00891579  -0.00491294     0.00058920   0.00204432
 -0.00075328  -0.00358953    -0.00075328  -0.00358953    -0.01227109   0.00085974
    5    7
 -0.00233856   0.00784435    -0.00256168   0.00168554     0.00103723  -0.00163818
 -0.00256168   0.00168554    -0.00233856   0.00784435     0.00103723  -0.00163818
 -0.00150450   0.00312000    -0.00150450   0.00312000     0.00337812  -0.00547271
    5    8
  0.00848476  -0.00570160    -0.00282985  -0.00244520     0.00314427   0.00117448
 -0.00020478   0.00069725    -0.00689456   0.01405976     0.00282985   0.00244520
 -0.00017516   0.00085628     0.00020478  -0.00069725     0.00848476  -0.00570160
    5    9
 -0.00646169   0.00355259     0.00298972  -0.00055014    -0.00400753  -0.00000000
 -0.00297823  -0.00164939     0.00760318  -0.00000000    -0.00298972  -0.00055014
 -0.00134490   0.00000000     0.00297823  -0.00164939    -0.00646169  -0.00355259
    5   10
 -0.00689456   0.01405976    -0.00020478   0.00069725     0.00282985   0.00244520
 -0.00282985  -0.00244520     0.00848476  -0.00570160     0.00314427   0.00117448
  0.00020478  -0.00069725    -0.00017516   0.00085628     0.00848476  -0.00570160
    5   11
  0.00760318  -0.00000000    -0.00297823  -0.00164939    -0.00298972  -0.00055014
  0.00298972  -0.00055014    -0.00646169   0.00355259    -0.00400753  -0.00000000
  0.00297823  -0.00164939    -0.00134490   0.00000000    -0.00646169  -0.00355259
    6    1
 -0.02307945  -0.00928753     0.00021062   0.00796236    -0.00021062  -0.00796236
  0.00021062   0.00796236    -0.02307945  -0.00928753    -0.00021062  -0.00796236
 -0.00021062  -0.00796236    -0.00021062  -0.00796236    -0.02307945  -0.00928753
    6    2
  0.00492541   0.00086270     0.00655021   0.00145638    -0.00655021  -0.00145638
  0.00655021   0.00145638     0.00492541   0.00086270    -0.00655021  -0.00145638
 -0.00655021  -0.00145638    -0.00655021  -0.00145638     0.00492541   0.00086270
    6    3
 -0.01182743   0.00167262    -0.01568096   0.00246929     0.01568096  -0.00246929
 -0.01568096   0.00246929    -0.01182743   0.00167262     0.01568096  -0.00246929
  0.01568096  -0.00246929     0.01568096  -0.00246929    -0.01182743   0.00167262
    6    4
 -0.00233856   0.00784435    -0.00256168   0.00168554    -0.00150450   0.00312000
 -0.00256168   0.00168554    -0.00233856   0.00784435    -0.00150450   0.00312000
  0.00103723  -0.00163818     0.00103723  -0.00163818     0.00337812  -0.00547271
    6    5
  0.00891579   0.00491294     0.00196015   0.00180695    -0.00075328   0.00358953
  0.00196015   0.00180695     0.00891579   0.00491294    -0.00075328   0.00358953
  0.00058920  -0.00204432     0.00058920  -0.00204432    -0.01227109  -0.00085974
    6    6
  0.03497674  -0.00000000     0.00743208   0.00000000    -0.00743208  -0.00000000
  0.00743208   0.00000000     0.03497674  -0.00000000    -0.00743208  -0.00000000
 -0.00743208  -0.00000000    -0.00743208  -0.00000000     0.03497674  -0.00000000
    6    7
 -0.01283283   0.00322391    -0.00733852   0.00156990     0.00733852  -0.00156990
 -0.00733852   0.00156990    -0.01283283   0.00322391     0.00733852  -0.00156990
  0.00733852  -0.00156990     0.00733852  -0.00156990    -0.01283283   0.00322391
    6    8
  0.00337812  -0.00547271    -0.00103723   0.00163818     0.00103723  -0.00163818
  0.00150450  -0.00312000    -0.00233856   0.00784435     0.00256168  -0.00168554
 -0.00150450   0.00312000     0.00256168  -0.00168554    -0.00233856   0.00784435
    6    9
 -0.01227109  -0.00085974    -0.00058920   0.00204432     0.00058920  -0.00204432
  0.00075328  -0.00358953     0.00891579   0.00491294    -0.00196015  -0.00180695
 -0.00075328   0.00358953    -0.00196015  -0.00180695     0.00891579   0.00491294
    6   10
 -0.00233856   0.00784435     0.00150450  -0.00312000     0.00256168  -0.00168554
 -0.00103723   0.00163818     0.00337812  -0.00547271     0.00103723  -0.00163818
  0.00256168  -0.00168554    -0.00150450   0.00312000    -0.00233856   0.00784435
    6   11
  0.00891579   0.00491294     0.00075328  -0.00358953    -0.00196015  -0.00180695
 -0.00058920   0.00204432    -0.01227109  -0.00085974     0.00058920  -0.00204432
 -0.00196015  -0.00180695    -0.00075328   0.00358953     0.00891579   0.00491294
    7    1
 -0.02307945   0.00928753     0.00021062  -0.00796236    -0.00021062   0.00796236
  0.00021062  -0.00796236    -0.02307945   0.00928753    -0.00021062   0.00796236
 -0.00021062   0.00796236    -0.00021062   0.00796236    -0.02307945   0.00928753
    7    2
 -0.01182743  -0.00167262    -0.01568096  -0.00246929     0.01568096   0.00246929
 -0.01568096  -0.00246929    -0.01182743  -0.00167262     0.01568096   0.00246929
  0.01568096   0.00246929     0.01568096   0.00246929    -0.01182743  -0.00167262
    7    3
  0.00492541  -0.00086270     0.00655021  -0.00145638    -0.00655021   0.00145638
  0.00655021  -0.00145638     0.00492541  -0.00086270    -0.00655021   0.00145638
 -0.00655021   0.00145638    -0.00655021   0.00145638     0.00492541  -0.00086270
    7    4
  0.00891579  -0.00491294     0.00196015  -0.00180695    -0.00075328  -0.00358953
  0.00196015  -0.00180695     0.00891579  -0.00491294    -0.00075328  -0.00358953
  0.00058920   0.00204432     0.00058920   0.00204432    -0.01227109   0.00085974
    7    5
 -0.00233856  -0.00784435    -0.00256168  -0.00168554    -0.00150450  -0.00312000
 -0.00256168  -0.00168554    -0.00233856  -0.00784435    -0.00150450  -0.00312000
  0.00103723   0.00163818     0.00103723   0.00163818     0.00337812   0.00547271
    7    6
 -0.01283283  -0.00322391    -0.00733852  -0.00156990     0.00733852   0.00156990
 -0.00733852  -0.00156990    -0.01283283  -0.00322391     0.00733852   0.00156990
  0.00733852   0.00156990     0.00733852   0.00156990    -0.01283283  -0.00322391
    7    7
  0.03497674   0.00000000     0.00743208  -0.00000000    -0.00743208   0.00000000
  0.00743208  -0.00000000     0.03497674   0.00000000    -0.00743208   0.00000000
 -0.00743208   0.00000000    -0.00743208   0.00000000     0.03497674   0.00000000
    7    8
 -0.01227109   0.00085974    -0.00058920  -0.00204432     0.00058920   0.00204432
  0.00075328   0.00358953     0.00891579  -0.00491294    -0.00196015   0.00180695
 -0.00075328  -0.00358953    -0.00196015   0.00180695     0.00891579  -0.00491294
    7    9
  0.00337812   0.00547271    -0.00103723  -0.00163818     0.00103723   0.00163818
  0.00150450   0.00312000    -0.00233856  -0.00784435     0.00256168   0.00168554
 -0.00150450  -0.00312000     0.00256168   0.00168554    -0.00233856  -0.00784435
    7   10
  0.00891579  -0.00491294     0.00075328   0.00358953    -0.00196015   0.00180695
 -0.00058920  -0.00204432    -0.01227109   0.00085974     0.00058920   0.00204432
 -0.00196015   0.00180695    -0.00075328  -0.00358953     0.00891579  -0.00491294
    7   11
 -0.00233856  -0.00784435     0.00150450   0.00312000     0.00256168   0.00168554
 -0.00103723  -0.00163818     0.00337812   0.00547271     0.00103723   0.00163818
  0.00256168   0.00168554    -0.00150450  -0.00312000    -0.00233856  -0.00784435
    8    1
 -0.01084162  -0.02564562    -0.01246680  -0.00546065     0.01246680   0.00546065
 -0.01313856  -0.00194590    -0.02130971   0.01221230    -0.00789186  -0.00534127
  0.01313856   0.00194590    -0.00789186  -0.00534127    -0.02130971   0.01221230
    8    2
  0.00060756   0.00299836    -0.00375907   0.00331601     0.00375907  -0.00331601
  0.00131971  -0.00263389    -0.00100039  -0.00126771    -0.00349038  -0.00042251
 -0.00131971   0.00263389    -0.00349038  -0.00042251    -0.00100039  -0.00126771
    8    3
 -0.00391458  -0.00078965     0.00595674  -0.00475084    -0.00595674   0.00475084
  0.00447939   0.00328739    -0.00214835   0.00353735     0.00885974  -0.00058476
 -0.00447939  -0.00328739     0.00885974  -0.00058476    -0.00214835   0.00353735
    8    4
 -0.00646169   0.00355259    -0.00297823  -0.00164939    -0.00134490  -0.00000000
  0.00298972  -0.00055014     0.00760318   0.00000000     0.00297823  -0.00164939
 -0.00400753   0.00000000    -0.00298972  -0.00055014    -0.00646169  -0.00355259
    8    5
  0.00848476   0.00570160    -0.00020478  -0.00069725    -0.00017516  -0.00085628
 -0.00282985   0.00244520    -0.00689456  -0.01405976     0.00020478   0.00069725
  0.00314427  -0.00117448     0.00282985  -0.00244520     0.00848476   0.00570160
    8    6
  0.00337812   0.00547271     0.00150450   0.00312000    -0.00150450  -0.00312000
 -0.00103723  -0.00163818    -0.00233856  -0.00784435     0.00256168   0.00168554
  0.00103723   0.00163818     0.00256168   0.00168554    -0.00233856  -0.00784435
    8    7
 -0.01227109  -0.00085974     0.00075328  -0.00358953    -0.00075328   0.00358953
 -0.00058920   0.00204432     0.00891579   0.00491294    -0.00196015  -0.00180695
  0.00058920  -0.00204432    -0.00196015  -0.00180695     0.00891579   0.00491294
    8    8
  0.02559846  -0.00000000    -0.00061576   0.00144536     0.00061576  -0.00144536
 -0.00061576  -0.00144536     0.03052465   0.00000000    -0.00238206   0.00000000
  0.00061576   0.00144536    -0.00238206   0.00000000     0.03052465   0.00000000
    8    9
 -0.00392726   0.00100884     0.00246619   0.00274433    -0.00246619  -0.00274433
  0.00246619   0.00274433    -0.00160502  -0.00538431     0.00222285   0.00148473
 -0.00246619  -0.00274433     0.00222285   0.00148473    -0.00160502  -0.00538431
    8   10
 -0.00646169   0.00355259     0.00134490  -0.00000000     0.00297823   0.00164939
  0.00400753  -0.00000000    -0.00646169  -0.00355259    -0.00298972  -0.00055014
 -0.00298972   0.00055014     0.00297823  -0.00164939     0.00760318  -0.00000000
    8   11
  0.00848476   0.00570160     0.00017516   0.00085628     0.00020478   0.00069725
 -0.00314427   0.00117448     0.00848476   0.00570160     0.00282985  -0.00244520
  0.00282985  -0.00244520     0.00020478   0.00069725    -0.00689456  -0.01405976
    9    1
 -0.01084162   0.02564562    -0.01246680   0.00546065     0.01246680  -0.00546065
 -0.01313856   0.00194590    -0.02130971  -0.01221230    -0.00789186   0.00534127
  0.01313856  -0.00194590    -0.00789186   0.00534127    -0.02130971  -0.01221230
    9    2
 -0.00391458   0.00078965     0.00595674   0.00475084    -0.00595674  -0.00475084
  0.00447939  -0.00328739    -0.00214835  -0.00353735     0.00885974   0.00058476
 -0.00447939   0.00328739     0.00885974   0.00058476    -0.00214835  -0.00353735
    9    3
  0.00060756  -0.00299836    -0.00375907  -0.00331601     0.00375907   0.00331601
  0.00131971   0.00263389    -0.00100039   0.00126771    -0.00349038   0.00042251
 -0.00131971  -0.00263389    -0.00349038   0.00042251    -0.00100039   0.00126771
    9    4
  0.00848476  -0.00570160    -0.00020478   0.00069725    -0.00017516   0.00085628
 -0.00282985  -0.00244520    -0.00689456   0.01405976     0.00020478  -0.00069725
  0.00314427   0.00117448     0.00282985   0.00244520     0.00848476  -0.00570160
    9    5
 -0.00646169  -0.00355259    -0.00297823   0.00164939    -0.00134490  -0.00000000
  0.00298972   0.00055014     0.00760318   0.00000000     0.00297823   0.00164939
 -0.00400753   0.00000000    -0.00298972   0.00055014    -0.00646169   0.00355259
    9    6
 -0.01227109   0.00085974     0.00075328   0.00358953    -0.00075328  -0.00358953
 -0.00058920  -0.00204432     0.00891579  -0.00491294    -0.00196015   0.00180695
  0.00058920   0.00204432    -0.00196015   0.00180695     0.00891579  -0.00491294
    9    7
  0.00337812  -0.00547271     0.00150450  -0.00312000    -0.00150450   0.00312000
 -0.00103723   0.00163818    -0.00233856   0.00784435     0.00256168  -0.00168554
  0.00103723  -0.00163818     0.00256168  -0.00168554    -0.00233856   0.00784435
    9    8
 -0.00392726  -0.00100884     0.00246619  -0.00274433    -0.00246619   0.00274433
  0.00246619  -0.00274433    -0.00160502   0.00538431     0.00222285  -0.00148473
 -0.00246619   0.00274433     0.00222285  -0.00148473    -0.00160502   0.00538431
    9    9
  0.02559846   0.00000000    -0.00061576  -0.00144536     0.00061576   0.00144536
 -0.00061576   0.00144536     0.03052465  -0.00000000    -0.00238206  -0.00000000
  0.00061576  -0.00144536    -0.00238206  -0.00000000     0.03052465  -0.00000000
    9   10
  0.00848476  -0.00570160     0.00017516  -0.00085628     0.00020478  -0.00069725
 -0.00314427  -0.00117448     0.00848476  -0.00570160     0.00282985   0.00244520
  0.00282985   0.00244520     0.00020478  -0.00069725    -0.00689456   0.01405976
    9   11
 -0.00646169  -0.00355259     0.00134490   0.00000000     0.00297823  -0.00164939
  0.00400753  -0.00000000    -0.00646169   0.00355259    -0.00298972   0.00055014
 -0.00298972  -0.00055014     0.00297823   0.00164939     0.00760318  -0.00000000
   10    1
 -0.02130971   0.01221230    -0.01313856  -0.00194590    -0.00789186  -0.00534127
 -0.01246680  -0.00546065    -0.01084162  -0.02564562     0.01246680   0.00546065
 -0.00789186  -0.00534127     0.01313856   0.00194590    -0.02130971   0.01221230
   10    2
 -0.00100039  -0.00126771     0.00131971  -0.00263389    -0.00349038  -0.00042251
 -0.00375907   0.00331601     0.00060756   0.00299836     0.00375907  -0.00331601
 -0.00349038  -0.00042251    -0.00131971   0.00263389    -0.00100039  -0.00126771
   10    3
 -0.00214835   0.00353735     0.00447939   0.00328739     0.00885974  -0.00058476
  0.00595674  -0.00475084    -0.00391458  -0.00078965    -0.00595674   0.00475084
  0.00885974  -0.00058476    -0.00447939  -0.00328739    -0.00214835   0.00353735
   10    4
  0.00760318   0.00000000     0.00298972  -0.00055014     0.00297823  -0.00164939
 -0.00297823  -0.00164939    -0.00646169   0.00355259    -0.00134490  -0.00000000
 -0.00298972  -0.00055014    -0.00400753   0.00000000    -0.00646169  -0.00355259
   10    5
 -0.00689456  -0.01405976    -0.00282985   0.00244520     0.00020478   0.00069725
 -0.00020478  -0.00069725     0.00848476   0.00570160    -0.00017516  -0.00085628
  0.00282985  -0.00244520     0.00314427  -0.00117448     0.00848476   0.00570160
   10    6
 -0.00233856  -0.00784435    -0.00103723  -0.00163818     0.00256168   0.00168554
  0.00150450   0.00312000     0.00337812   0.00547271    -0.00150450  -0.00312000
  0.00256168   0.00168554     0.00103723   0.00163818    -0.00233856  -0.00784435
   10    7
  0.00891579   0.00491294    -0.00058920   0.00204432    -0.00196015  -0.00180695
  0.00075328  -0.00358953    -0.01227109  -0.00085974    -0.00075328   0.00358953
 -0.00196015  -0.00180695     0.00058920  -0.00204432     0.00891579   0.00491294
   10    8
 -0.00646169  -0.00355259     0.00400753   0.00000000    -0.00298972  -0.00055014
  0.00134490   0.00000000    -0.00646169   0.00355259     0.00297823   0.00164939
  0.00297823  -0.00164939    -0.00298972   0.00055014     0.00760318   0.00000000
   10    9
  0.00848476   0.00570160    -0.00314427   0.00117448     0.00282985  -0.00244520
  0.00017516   0.00085628     0.00848476   0.00570160     0.00020478   0.00069725
  0.00020478   0.00069725     0.00282985  -0.00244520    -0.00689456  -0.01405976
   10   10
  0.03052465   0.00000000    -0.00061576  -0.00144536    -0.00238206   0.00000000
 -0.00061576   0.00144536     0.02559846   0.00000000     0.00061576  -0.00144536
 -0.00238206   0.00000000     0.00061576   0.00144536     0.03052465   0.00000000
   10   11
 -0.00160502  -0.00538431     0.00246619   0.00274433     0.00222285   0.00148473
  0.00246619   0.00274433    -0.00392726   0.00100884    -0.00246619  -0.00274433
  0.00222285   0.00148473    -0.00246619  -0.00274433    -0.00160502  -0.00538431
   11    1
 -0.02130971  -0.01221230    -0.01313856   0.00194590    -0.00789186   0.00534127
 -0.01246680   0.00546065    -0.01084162   0.02564562     0.01246680  -0.00546065
 -0.00789186   0.00534127     0.01313856  -0.00194590    -0.02130971  -0.01221230
   11    2
 -0.00214835  -0.00353735     0.00447939  -0.00328739     0.00885974   0.00058476
  0.00595674   0.00475084    -0.00391458   0.00078965    -0.00595674  -0.00475084
  0.00885974   0.00058476    -0.00447939   0.00328739    -0.00214835  -0.00353735
   11    3
 -0.00100039   0.00126771     0.00131971   0.00263389    -0.00349038   0.00042251
 -0.00375907  -0.00331601     0.00060756  -0.00299836     0.00375907   0.00331601
 -0.00349038   0.00042251    -0.00131971  -0.00263389    -0.00100039   0.00126771
   11    4
 -0.00689456   0.01405976    -0.00282985  -0.00244520     0.00020478  -0.00069725
 -0.00020478   0.00069725     0.00848476  -0.00570160    -0.00017516   0.00085628
  0.00282985   0.00244520     0.00314427   0.00117448     0.00848476  -0.00570160
   11    5
  0.00760318  -0.00000000     0.00298972   0.00055014     0.00297823   0.00164939
 -0.00297823   0.00164939    -0.00646169  -0.00355259    -0.00134490  -0.00000000
 -0.00298972   0.00055014    -0.00400753  -0.00000000    -0.00646169   0.00355259
   11    6
  0.00891579  -0.00491294    -0.00058920  -0.00204432    -0.00196015   0.00180695
  0.00075328   0.00358953    -0.01227109   0.00085974    -0.00075328  -0.00358953
 -0.00196015   0.00180695     0.00058920   0.00204432     0.00891579  -0.00491294
   11    7
 -0.00233856   0.00784435    -0.00103723   0.00163818     0.00256168  -0.00168554
  0.00150450  -0.00312000     0.00337812  -0.00547271    -0.00150450   0.00312000
  0.00256168  -0.00168554     0.00103723  -0.00163818    -0.00233856   0.00784435
   11    8
  0.00848476  -0.00570160    -0.00314427  -0.00117448     0.00282985   0.00244520
  0.00017516  -0.00085628     0.00848476  -0.00570160     0.00020478  -0.00069725
  0.00020478  -0.00069725     0.00282985   0.00244520    -0.00689456   0.01405976
   11    9
 -0.00646169   0.00355259     0.00400753   0.00000000    -0.00298972   0.00055014
  0.00134490  -0.00000000    -0.00646169  -0.00355259     0.00297823  -0.00164939
  0.00297823   0.00164939    -0.00298972  -0.00055014     0.00760318  -0.00000000
   11   10
 -0.00160502   0.00538431     0.00246619  -0.00274433     0.00222285  -0.00148473
  0.00246619  -0.00274433    -0.00392726  -0.00100884    -0.00246619   0.00274433
  0.00222285  -0.00148473    -0.00246619   0.00274433    -0.00160502   0.00538431
   11   11
  0.03052465  -0.00000000    -0.00061576   0.00144536    -0.00238206  -0.00000000
 -0.00061576  -0.00144536     0.02559846  -0.00000000     0.00061576   0.00144536
 -0.00238206  -0.00000000     0.00061576  -0.00144536     0.03052465  -0.00000000

     Dynamical  Matrix in cartesian axes

     q = (    0.117851130  -0.117851130  -0.117851130 ) 

    1    1
  0.20043835   0.00000000    -0.05231969   0.00000000    -0.05231969   0.00000000
 -0.05231969   0.00000000     0.20043835   0.00000000     0.05231969   0.00000000
 -0.05231969   0.00000000     0.05231969   0.00000000     0.20043835   0.00000000
    1    2
  0.00384273   0.00995108    -0.01613222  -0.01195486    -0.01613222  -0.01195486
 -0.01613222  -0.01195486     0.00384273   0.00995108     0.01613222   0.01195486
 -0.01613222  -0.01195486     0.01613222   0.01195486     0.00384273   0.00995108
    1    3
  0.00384273  -0.00995108    -0.01613222   0.01195486    -0.01613222   0.01195486
 -0.01613222   0.01195486     0.00384273  -0.00995108     0.01613222  -0.01195486
 -0.01613222   0.01195486     0.01613222  -0.01195486     0.00384273  -0.00995108
    1    4
 -0.01084162  -0.02564562     0.01313856   0.00194590     0.01313856   0.00194590
  0.01246680   0.00546065    -0.02130971   0.01221230     0.00789186   0.00534127
  0.01246680   0.00546065     0.00789186   0.00534127    -0.02130971   0.01221230
    1    5
 -0.01084162   0.02564562     0.01313856  -0.00194590     0.01313856  -0.00194590
  0.01246680  -0.00546065    -0.02130971  -0.01221230     0.00789186  -0.00534127
  0.01246680  -0.00546065     0.00789186  -0.00534127    -0.02130971  -0.01221230
    1    6
 -0.02130971   0.01221230     0.01246680   0.00546065    -0.00789186  -0.00534127
  0.01313856   0.00194590    -0.01084162  -0.02564562    -0.01313856  -0.00194590
 -0.00789186  -0.00534127    -0.01246680  -0.00546065    -0.02130971   0.01221230
    1    7
 -0.02130971  -0.01221230     0.01246680  -0.00546065    -0.00789186   0.00534127
  0.01313856  -0.00194590    -0.01084162   0.02564562    -0.01313856   0.00194590
 -0.00789186   0.00534127    -0.01246680   0.00546065    -0.02130971  -0.01221230
    1    8
 -0.02130971   0.01221230    -0.00789186  -0.00534127     0.01246680   0.00546065
 -0.00789186  -0.00534127    -0.02130971   0.01221230    -0.01246680  -0.00546065
  0.01313856   0.00194590    -0.01313856  -0.00194590    -0.01084162  -0.02564562
    1    9
 -0.02130971  -0.01221230    -0.00789186   0.00534127     0.01246680  -0.00546065
 -0.00789186   0.00534127    -0.02130971  -0.01221230    -0.01246680   0.00546065
  0.01313856  -0.00194590    -0.01313856   0.00194590    -0.01084162   0.02564562
    1   10
 -0.02307945  -0.00928753    -0.00021062  -0.00796236    -0.00021062  -0.00796236
 -0.00021062  -0.00796236    -0.02307945  -0.00928753     0.00021062   0.00796236
 -0.00021062  -0.00796236     0.00021062   0.00796236    -0.02307945  -0.00928753
    1   11
 -0.02307945   0.00928753    -0.00021062   0.00796236    -0.00021062   0.00796236
 -0.00021062   0.00796236    -0.02307945   0.00928753     0.00021062  -0.00796236
 -0.00021062   0.00796236     0.00021062  -0.00796236    -0.02307945   0.00928753
    2    1
  0.00384273  -0.00995108    -0.01613222   0.01195486    -0.01613222   0.01195486
 -0.01613222   0.01195486     0.00384273  -0.00995108     0.01613222  -0.01195486
 -0.01613222   0.01195486     0.01613222  -0.01195486     0.00384273  -0.00995108
    2    2
  0.03847001   0.00000000    -0.01198853   0.00000000    -0.01198853   0.00000000
 -0.01198853   0.00000000     0.03847001   0.00000000     0.01198853  -0.00000000
 -0.01198853   0.00000000     0.01198853  -0.00000000     0.03847001   0.00000000
    2    3
 -0.01505586  -0.00784728     0.00330008   0.00158947     0.00330008   0.00158947
  0.00330008   0.00158947    -0.01505586  -0.00784728    -0.00330008  -0.00158947
  0.00330008   0.00158947    -0.00330008  -0.00158947    -0.01505586  -0.00784728
    2    4
  0.00060756   0.00299836    -0.00131971   0.00263389    -0.00131971   0.00263389
  0.00375907  -0.00331601    -0.00100039  -0.00126771     0.00349038   0.00042251
  0.00375907  -0.00331601     0.00349038   0.00042251    -0.00100039  -0.00126771
    2    5
 -0.00391458   0.00078965    -0.00447939   0.00328739    -0.00447939   0.00328739
 -0.00595674  -0.00475084    -0.00214835  -0.00353735    -0.00885974  -0.00058476
 -0.00595674  -0.00475084    -0.00885974  -0.00058476    -0.00214835  -0.00353735
    2    6
 -0.00100039  -0.00126771     0.00375907  -0.00331601    -0.00349038  -0.00042251
 -0.00131971   0.00263389     0.00060756   0.00299836     0.00131971  -0.00263389
 -0.00349038  -0.00042251    -0.00375907   0.00331601    -0.00100039  -0.00126771
    2    7
 -0.00214835  -0.00353735    -0.00595674  -0.00475084     0.00885974   0.00058476
 -0.00447939   0.00328739    -0.00391458   0.00078965     0.00447939  -0.00328739
  0.00885974   0.00058476     0.00595674   0.00475084    -0.00214835  -0.00353735
    2    8
 -0.00100039  -0.00126771    -0.00349038  -0.00042251     0.00375907  -0.00331601
 -0.00349038  -0.00042251    -0.00100039  -0.00126771    -0.00375907   0.00331601
 -0.00131971   0.00263389     0.00131971  -0.00263389     0.00060756   0.00299836
    2    9
 -0.00214835  -0.00353735     0.00885974   0.00058476    -0.00595674  -0.00475084
  0.00885974   0.00058476    -0.00214835  -0.00353735     0.00595674   0.00475084
 -0.00447939   0.00328739     0.00447939  -0.00328739    -0.00391458   0.00078965
    2   10
  0.00492541   0.00086270    -0.00655021  -0.00145638    -0.00655021  -0.00145638
 -0.00655021  -0.00145638     0.00492541   0.00086270     0.00655021   0.00145638
 -0.00655021  -0.00145638     0.00655021   0.00145638     0.00492541   0.00086270
    2   11
 -0.01182743  -0.00167262     0.01568096   0.00246929     0.01568096   0.00246929
  0.01568096   0.00246929    -0.01182743  -0.00167262    -0.01568096  -0.00246929
  0.01568096   0.00246929    -0.01568096  -0.00246929    -0.01182743  -0.00167262
    3    1
  0.00384273   0.00995108    -0.01613222  -0.01195486    -0.01613222  -0.01195486
 -0.01613222  -0.01195486     0.00384273   0.00995108     0.01613222   0.01195486
 -0.01613222  -0.01195486     0.01613222   0.01195486     0.00384273   0.00995108
    3    2
 -0.01505586   0.00784728     0.00330008  -0.00158947     0.00330008  -0.00158947
  0.00330008  -0.00158947    -0.01505586   0.00784728    -0.00330008   0.00158947
  0.00330008  -0.00158947    -0.00330008   0.00158947    -0.01505586   0.00784728
    3    3
  0.03847001  -0.00000000    -0.01198853  -0.00000000    -0.01198853  -0.00000000
 -0.01198853  -0.00000000     0.03847001  -0.00000000     0.01198853   0.00000000
 -0.01198853  -0.00000000     0.01198853   0.00000000     0.03847001  -0.00000000
    3    4
 -0.00391458  -0.00078965    -0.00447939  -0.00328739    -0.00447939  -0.00328739
 -0.00595674   0.00475084    -0.00214835   0.00353735    -0.00885974   0.00058476
 -0.00595674   0.00475084    -0.00885974   0.00058476    -0.00214835   0.00353735
    3    5
  0.00060756  -0.00299836    -0.00131971  -0.00263389    -0.00131971  -0.00263389
  0.00375907   0.00331601    -0.00100039   0.00126771     0.00349038  -0.00042251
  0.00375907   0.00331601     0.00349038  -0.00042251    -0.00100039   0.00126771
    3    6
 -0.00214835   0.00353735    -0.00595674   0.00475084     0.00885974  -0.00058476
 -0.00447939  -0.00328739    -0.00391458  -0.00078965     0.00447939   0.00328739
  0.00885974  -0.00058476     0.00595674  -0.00475084    -0.00214835   0.00353735
    3    7
 -0.00100039   0.00126771     0.00375907   0.00331601    -0.00349038   0.00042251
 -0.00131971  -0.00263389     0.00060756  -0.00299836     0.00131971   0.00263389
 -0.00349038   0.00042251    -0.00375907  -0.00331601    -0.00100039   0.00126771
    3    8
 -0.00214835   0.00353735     0.00885974  -0.00058476    -0.00595674   0.00475084
  0.00885974  -0.00058476    -0.00214835   0.00353735     0.00595674  -0.00475084
 -0.00447939  -0.00328739     0.00447939   0.00328739    -0.00391458  -0.00078965
    3    9
 -0.00100039   0.00126771    -0.00349038   0.00042251     0.00375907   0.00331601
 -0.00349038   0.00042251    -0.00100039   0.00126771    -0.00375907  -0.00331601
 -0.00131971  -0.00263389     0.00131971   0.00263389     0.00060756  -0.00299836
    3   10
 -0.01182743   0.00167262     0.01568096  -0.00246929     0.01568096  -0.00246929
  0.01568096  -0.00246929    -0.01182743   0.00167262    -0.01568096   0.00246929
  0.01568096  -0.00246929    -0.01568096   0.00246929    -0.01182743   0.00167262
    3   11
  0.00492541  -0.00086270    -0.00655021   0.00145638    -0.00655021   0.00145638
 -0.00655021   0.00145638     0.00492541  -0.00086270     0.00655021  -0.00145638
 -0.00655021   0.00145638     0.00655021  -0.00145638     0.00492541  -0.00086270
    4    1
 -0.01084162   0.02564562     0.01246680  -0.00546065     0.01246680  -0.00546065
