  4.000000000000000E-002   1.62541921959059        5.08886714123503     
           8

     Dynamical  Matrix in cartesian axes

     q = (    0.117851130   0.117851130  -0.117851130 ) 

    1    1
  0.20957824   0.00000000     0.04808722   0.00000000    -0.04808722   0.00000000
  0.04808722   0.00000000     0.20957824   0.00000000    -0.04808722   0.00000000
 -0.04808722   0.00000000    -0.04808722   0.00000000     0.20957824   0.00000000
    1    2
  0.00288437  -0.00899187     0.01569619  -0.01158677    -0.01569619   0.01158677
  0.01569619  -0.01158677     0.00288437  -0.00899187    -0.01569619   0.01158677
 -0.01569619   0.01158677    -0.01569619   0.01158677     0.00288437  -0.00899187
    1    3
  0.00288437   0.00899187     0.01569619   0.01158677    -0.01569619  -0.01158677
  0.01569619   0.01158677     0.00288437   0.00899187    -0.01569619  -0.01158677
 -0.01569619  -0.01158677    -0.01569619  -0.01158677     0.00288437   0.00899187
    1    4
 -0.02230234  -0.01247566     0.00864327  -0.00479975     0.01258891  -0.00509172
  0.00864327  -0.00479975    -0.02230234  -0.01247566     0.01258891  -0.00509172
  0.01363607  -0.00226108     0.01363607  -0.00226108    -0.01140484   0.02641158
    1    5
 -0.02230234   0.01247566     0.00864327   0.00479975     0.01258891   0.00509172
  0.00864327   0.00479975    -0.02230234   0.01247566     0.01258891   0.00509172
  0.01363607   0.00226108     0.01363607   0.00226108    -0.01140484  -0.02641158
    1    6
 -0.02367222   0.01067905     0.00108603  -0.00776846    -0.00108603   0.00776846
  0.00108603  -0.00776846    -0.02367222   0.01067905    -0.00108603   0.00776846
 -0.00108603   0.00776846    -0.00108603   0.00776846    -0.02367222   0.01067905
    1    7
 -0.02367222  -0.01067905     0.00108603   0.00776846    -0.00108603  -0.00776846
  0.00108603   0.00776846    -0.02367222  -0.01067905    -0.00108603  -0.00776846
 -0.00108603  -0.00776846    -0.00108603  -0.00776846    -0.02367222  -0.01067905
    1    8
 -0.01140484   0.02641158    -0.01363607   0.00226108     0.01363607  -0.00226108
 -0.01258891   0.00509172    -0.02230234  -0.01247566    -0.00864327   0.00479975
  0.01258891  -0.00509172    -0.00864327   0.00479975    -0.02230234  -0.01247566
    1    9
 -0.01140484  -0.02641158    -0.01363607  -0.00226108     0.01363607   0.00226108
 -0.01258891  -0.00509172    -0.02230234   0.01247566    -0.00864327  -0.00479975
  0.01258891   0.00509172    -0.00864327  -0.00479975    -0.02230234   0.01247566
    1   10
 -0.02230234  -0.01247566    -0.01258891   0.00509172    -0.00864327   0.00479975
 -0.01363607   0.00226108    -0.01140484   0.02641158     0.01363607  -0.00226108
 -0.00864327   0.00479975     0.01258891  -0.00509172    -0.02230234  -0.01247566
    1   11
 -0.02230234   0.01247566    -0.01258891  -0.00509172    -0.00864327  -0.00479975
 -0.01363607  -0.00226108    -0.01140484  -0.02641158     0.01363607   0.00226108
 -0.00864327  -0.00479975     0.01258891   0.00509172    -0.02230234   0.01247566
    2    1
  0.00288437   0.00899187     0.01569619   0.01158677    -0.01569619  -0.01158677
  0.01569619   0.01158677     0.00288437   0.00899187    -0.01569619  -0.01158677
 -0.01569619  -0.01158677    -0.01569619  -0.01158677     0.00288437   0.00899187
    2    2
  0.03801024  -0.00000000     0.01111693   0.00000000    -0.01111693  -0.00000000
  0.01111693   0.00000000     0.03801024  -0.00000000    -0.01111693  -0.00000000
 -0.01111693  -0.00000000    -0.01111693  -0.00000000     0.03801024  -0.00000000
    2    3
 -0.01425146   0.00755902    -0.00261452   0.00116054     0.00261452  -0.00116054
 -0.00261452   0.00116054    -0.01425146   0.00755902     0.00261452  -0.00116054
  0.00261452  -0.00116054     0.00261452  -0.00116054    -0.01425146   0.00755902
    2    4
 -0.00096378   0.00118456     0.00331842  -0.00049269     0.00359609   0.00304071
  0.00331842  -0.00049269    -0.00096378   0.00118456     0.00359609   0.00304071
 -0.00107984  -0.00261316    -0.00107984  -0.00261316     0.00054189  -0.00301643
    2    5
 -0.00224878   0.00308439    -0.00887427   0.00031676    -0.00616523   0.00434670
 -0.00887427   0.00031676    -0.00224878   0.00308439    -0.00616523   0.00434670
 -0.00485313  -0.00289052    -0.00485313  -0.00289052    -0.00382558  -0.00052606
    2    6
  0.00435596  -0.00071907     0.00571797  -0.00137277    -0.00571797   0.00137277
  0.00571797  -0.00137277     0.00435596  -0.00071907    -0.00571797   0.00137277
 -0.00571797   0.00137277    -0.00571797   0.00137277     0.00435596  -0.00071907
    2    7
 -0.01115622   0.00173797    -0.01496791   0.00231147     0.01496791  -0.00231147
 -0.01496791   0.00231147    -0.01115622   0.00173797     0.01496791  -0.00231147
  0.01496791  -0.00231147     0.01496791  -0.00231147    -0.01115622   0.00173797
    2    8
  0.00054189  -0.00301643     0.00107984   0.00261316    -0.00107984  -0.00261316
 -0.00359609  -0.00304071    -0.00096378   0.00118456    -0.00331842   0.00049269
  0.00359609   0.00304071    -0.00331842   0.00049269    -0.00096378   0.00118456
    2    9
 -0.00382558  -0.00052606     0.00485313   0.00289052    -0.00485313  -0.00289052
  0.00616523  -0.00434670    -0.00224878   0.00308439     0.00887427  -0.00031676
 -0.00616523   0.00434670     0.00887427  -0.00031676    -0.00224878   0.00308439
    2   10
 -0.00096378   0.00118456    -0.00359609  -0.00304071    -0.00331842   0.00049269
  0.00107984   0.00261316     0.00054189  -0.00301643    -0.00107984  -0.00261316
 -0.00331842   0.00049269     0.00359609   0.00304071    -0.00096378   0.00118456
    2   11
 -0.00224878   0.00308439     0.00616523  -0.00434670     0.00887427  -0.00031676
  0.00485313   0.00289052    -0.00382558  -0.00052606    -0.00485313  -0.00289052
  0.00887427  -0.00031676    -0.00616523   0.00434670    -0.00224878   0.00308439
    3    1
  0.00288437  -0.00899187     0.01569619  -0.01158677    -0.01569619   0.01158677
  0.01569619  -0.01158677     0.00288437  -0.00899187    -0.01569619   0.01158677
 -0.01569619   0.01158677    -0.01569619   0.01158677     0.00288437  -0.00899187
    3    2
 -0.01425146  -0.00755902    -0.00261452  -0.00116054     0.00261452   0.00116054
 -0.00261452  -0.00116054    -0.01425146  -0.00755902     0.00261452   0.00116054
  0.00261452   0.00116054     0.00261452   0.00116054    -0.01425146  -0.00755902
    3    3
  0.03801024   0.00000000     0.01111693  -0.00000000    -0.01111693   0.00000000
  0.01111693  -0.00000000     0.03801024   0.00000000    -0.01111693   0.00000000
 -0.01111693   0.00000000    -0.01111693   0.00000000     0.03801024   0.00000000
    3    4
 -0.00224878  -0.00308439    -0.00887427  -0.00031676    -0.00616523  -0.00434670
 -0.00887427  -0.00031676    -0.00224878  -0.00308439    -0.00616523  -0.00434670
 -0.00485313   0.00289052    -0.00485313   0.00289052    -0.00382558   0.00052606
    3    5
 -0.00096378  -0.00118456     0.00331842   0.00049269     0.00359609  -0.00304071
  0.00331842   0.00049269    -0.00096378  -0.00118456     0.00359609  -0.00304071
 -0.00107984   0.00261316    -0.00107984   0.00261316     0.00054189   0.00301643
    3    6
 -0.01115622  -0.00173797    -0.01496791  -0.00231147     0.01496791   0.00231147
 -0.01496791  -0.00231147    -0.01115622  -0.00173797     0.01496791   0.00231147
  0.01496791   0.00231147     0.01496791   0.00231147    -0.01115622  -0.00173797
    3    7
  0.00435596   0.00071907     0.00571797   0.00137277    -0.00571797  -0.00137277
  0.00571797   0.00137277     0.00435596   0.00071907    -0.00571797  -0.00137277
 -0.00571797  -0.00137277    -0.00571797  -0.00137277     0.00435596   0.00071907
    3    8
 -0.00382558   0.00052606     0.00485313  -0.00289052    -0.00485313   0.00289052
  0.00616523   0.00434670    -0.00224878  -0.00308439     0.00887427   0.00031676
 -0.00616523  -0.00434670     0.00887427   0.00031676    -0.00224878  -0.00308439
    3    9
  0.00054189   0.00301643     0.00107984  -0.00261316    -0.00107984   0.00261316
 -0.00359609   0.00304071    -0.00096378  -0.00118456    -0.00331842  -0.00049269
  0.00359609  -0.00304071    -0.00331842  -0.00049269    -0.00096378  -0.00118456
    3   10
 -0.00224878  -0.00308439     0.00616523   0.00434670     0.00887427   0.00031676
  0.00485313  -0.00289052    -0.00382558   0.00052606    -0.00485313   0.00289052
  0.00887427   0.00031676    -0.00616523  -0.00434670    -0.00224878  -0.00308439
    3   11
 -0.00096378  -0.00118456    -0.00359609   0.00304071    -0.00331842  -0.00049269
  0.00107984  -0.00261316     0.00054189   0.00301643    -0.00107984   0.00261316
 -0.00331842  -0.00049269     0.00359609  -0.00304071    -0.00096378  -0.00118456
    4    1
 -0.02230234   0.01247566     0.00864327   0.00479975     0.01363607   0.00226108
  0.00864327   0.00479975    -0.02230234   0.01247566     0.01363607   0.00226108
  0.01258891   0.00509172     0.01258891   0.00509172    -0.01140484  -0.02641158
    4    2
 -0.00096378  -0.00118456     0.00331842   0.00049269    -0.00107984   0.00261316
  0.00331842   0.00049269    -0.00096378  -0.00118456    -0.00107984   0.00261316
  0.00359609  -0.00304071     0.00359609  -0.00304071     0.00054189   0.00301643
    4    3
 -0.00224878   0.00308439    -0.00887427   0.00031676    -0.00485313  -0.00289052
 -0.00887427   0.00031676    -0.00224878   0.00308439    -0.00485313  -0.00289052
 -0.00616523   0.00434670    -0.00616523   0.00434670    -0.00382558  -0.00052606
    4    4
  0.03163695  -0.00000000     0.00188725  -0.00000000     0.00019175   0.00146510
  0.00188725  -0.00000000     0.03163695  -0.00000000     0.00019175   0.00146510
  0.00019175  -0.00146510     0.00019175  -0.00146510     0.02682686  -0.00000000
    4    5
 -0.00186183  -0.00555118    -0.00232881  -0.00155704    -0.00235847  -0.00263184
 -0.00232881  -0.00155704    -0.00186183  -0.00555118    -0.00235847  -0.00263184
 -0.00235847  -0.00263184    -0.00235847  -0.00263184    -0.00387450   0.00057165
    4    6
 -0.00248450  -0.00757639    -0.00266662  -0.00132617     0.00105986   0.00144440
 -0.00266662  -0.00132617    -0.00248450  -0.00757639     0.00105986   0.00144440
 -0.00140210  -0.00267851    -0.00140210  -0.00267851     0.00350713   0.00524452
    4    7
  0.00920294   0.00497356     0.00185787   0.00156925     0.00056900  -0.00193618
  0.00185787   0.00156925     0.00920294   0.00497356     0.00056900  -0.00193618
 -0.00091231   0.00329791    -0.00091231   0.00329791    -0.01274181  -0.00062899
    4    8
 -0.00626927  -0.00367392     0.00283882   0.00048496    -0.00383326  -0.00000000
 -0.00284042   0.00155040     0.00733706   0.00000000    -0.00283882   0.00048496
 -0.00121558   0.00000000     0.00284042   0.00155040    -0.00626927   0.00367392
    4    9
  0.00875495   0.00570871    -0.00270331   0.00239594     0.00294719  -0.00116828
 -0.00030781  -0.00083119    -0.00703352  -0.01423705     0.00270331  -0.00239594
 -0.00022475  -0.00101754     0.00030781   0.00083119     0.00875495   0.00570871
    4   10
  0.00733706  -0.00000000    -0.00284042   0.00155040    -0.00283882   0.00048496
  0.00283882   0.00048496    -0.00626927  -0.00367392    -0.00383326   0.00000000
  0.00284042   0.00155040    -0.00121558  -0.00000000    -0.00626927   0.00367392
    4   11
 -0.00703352  -0.01423705    -0.00030781  -0.00083119     0.00270331  -0.00239594
 -0.00270331   0.00239594     0.00875495   0.00570871     0.00294719  -0.00116828
  0.00030781   0.00083119    -0.00022475  -0.00101754     0.00875495   0.00570871
    5    1
 -0.02230234  -0.01247566     0.00864327  -0.00479975     0.01363607  -0.00226108
  0.00864327  -0.00479975    -0.02230234  -0.01247566     0.01363607  -0.00226108
  0.01258891  -0.00509172     0.01258891  -0.00509172    -0.01140484   0.02641158
    5    2
 -0.00224878  -0.00308439    -0.00887427  -0.00031676    -0.00485313   0.00289052
 -0.00887427  -0.00031676    -0.00224878  -0.00308439    -0.00485313   0.00289052
 -0.00616523  -0.00434670    -0.00616523  -0.00434670    -0.00382558   0.00052606
    5    3
 -0.00096378   0.00118456     0.00331842  -0.00049269    -0.00107984  -0.00261316
  0.00331842  -0.00049269    -0.00096378   0.00118456    -0.00107984  -0.00261316
  0.00359609   0.00304071     0.00359609   0.00304071     0.00054189  -0.00301643
    5    4
 -0.00186183   0.00555118    -0.00232881   0.00155704    -0.00235847   0.00263184
 -0.00232881   0.00155704    -0.00186183   0.00555118    -0.00235847   0.00263184
 -0.00235847   0.00263184    -0.00235847   0.00263184    -0.00387450  -0.00057165
    5    5
  0.03163695   0.00000000     0.00188725   0.00000000     0.00019175  -0.00146510
  0.00188725   0.00000000     0.03163695   0.00000000     0.00019175  -0.00146510
  0.00019175   0.00146510     0.00019175   0.00146510     0.02682686   0.00000000
    5    6
  0.00920294  -0.00497356     0.00185787  -0.00156925     0.00056900   0.00193618
  0.00185787  -0.00156925     0.00920294  -0.00497356     0.00056900   0.00193618
 -0.00091231  -0.00329791    -0.00091231  -0.00329791    -0.01274181   0.00062899
    5    7
 -0.00248450   0.00757639    -0.00266662   0.00132617     0.00105986  -0.00144440
 -0.00266662   0.00132617    -0.00248450   0.00757639     0.00105986  -0.00144440
 -0.00140210   0.00267851    -0.00140210   0.00267851     0.00350713  -0.00524452
    5    8
  0.00875495  -0.00570871    -0.00270331  -0.00239594     0.00294719   0.00116828
 -0.00030781   0.00083119    -0.00703352   0.01423705     0.00270331   0.00239594
 -0.00022475   0.00101754     0.00030781  -0.00083119     0.00875495  -0.00570871
    5    9
 -0.00626927   0.00367392     0.00283882  -0.00048496    -0.00383326  -0.00000000
 -0.00284042  -0.00155040     0.00733706   0.00000000    -0.00283882  -0.00048496
 -0.00121558  -0.00000000     0.00284042  -0.00155040    -0.00626927  -0.00367392
    5   10
 -0.00703352   0.01423705    -0.00030781   0.00083119     0.00270331   0.00239594
 -0.00270331  -0.00239594     0.00875495  -0.00570871     0.00294719   0.00116828
  0.00030781  -0.00083119    -0.00022475   0.00101754     0.00875495  -0.00570871
    5   11
  0.00733706  -0.00000000    -0.00284042  -0.00155040    -0.00283882  -0.00048496
  0.00283882  -0.00048496    -0.00626927   0.00367392    -0.00383326  -0.00000000
  0.00284042  -0.00155040    -0.00121558  -0.00000000    -0.00626927  -0.00367392
    6    1
 -0.02367222  -0.01067905     0.00108603   0.00776846    -0.00108603  -0.00776846
  0.00108603   0.00776846    -0.02367222  -0.01067905    -0.00108603  -0.00776846
 -0.00108603  -0.00776846    -0.00108603  -0.00776846    -0.02367222  -0.01067905
    6    2
  0.00435596   0.00071907     0.00571797   0.00137277    -0.00571797  -0.00137277
  0.00571797   0.00137277     0.00435596   0.00071907    -0.00571797  -0.00137277
 -0.00571797  -0.00137277    -0.00571797  -0.00137277     0.00435596   0.00071907
    6    3
 -0.01115622   0.00173797    -0.01496791   0.00231147     0.01496791  -0.00231147
 -0.01496791   0.00231147    -0.01115622   0.00173797     0.01496791  -0.00231147
  0.01496791  -0.00231147     0.01496791  -0.00231147    -0.01115622   0.00173797
    6    4
 -0.00248450   0.00757639    -0.00266662   0.00132617    -0.00140210   0.00267851
 -0.00266662   0.00132617    -0.00248450   0.00757639    -0.00140210   0.00267851
  0.00105986  -0.00144440     0.00105986  -0.00144440     0.00350713  -0.00524452
    6    5
  0.00920294   0.00497356     0.00185787   0.00156925    -0.00091231   0.00329791
  0.00185787   0.00156925     0.00920294   0.00497356    -0.00091231   0.00329791
  0.00056900  -0.00193618     0.00056900  -0.00193618    -0.01274181  -0.00062899
    6    6
  0.03542213  -0.00000000     0.00636707   0.00000000    -0.00636707  -0.00000000
  0.00636707   0.00000000     0.03542213  -0.00000000    -0.00636707  -0.00000000
 -0.00636707  -0.00000000    -0.00636707  -0.00000000     0.03542213  -0.00000000
    6    7
 -0.01209063   0.00326618    -0.00662282   0.00147563     0.00662282  -0.00147563
 -0.00662282   0.00147563    -0.01209063   0.00326618     0.00662282  -0.00147563
  0.00662282  -0.00147563     0.00662282  -0.00147563    -0.01209063   0.00326618
    6    8
  0.00350713  -0.00524452    -0.00105986   0.00144440     0.00105986  -0.00144440
  0.00140210  -0.00267851    -0.00248450   0.00757639     0.00266662  -0.00132617
 -0.00140210   0.00267851     0.00266662  -0.00132617    -0.00248450   0.00757639
    6    9
 -0.01274181  -0.00062899    -0.00056900   0.00193618     0.00056900  -0.00193618
  0.00091231  -0.00329791     0.00920294   0.00497356    -0.00185787  -0.00156925
 -0.00091231   0.00329791    -0.00185787  -0.00156925     0.00920294   0.00497356
    6   10
 -0.00248450   0.00757639     0.00140210  -0.00267851     0.00266662  -0.00132617
 -0.00105986   0.00144440     0.00350713  -0.00524452     0.00105986  -0.00144440
  0.00266662  -0.00132617    -0.00140210   0.00267851    -0.00248450   0.00757639
    6   11
  0.00920294   0.00497356     0.00091231  -0.00329791    -0.00185787  -0.00156925
 -0.00056900   0.00193618    -0.01274181  -0.00062899     0.00056900  -0.00193618
 -0.00185787  -0.00156925    -0.00091231   0.00329791     0.00920294   0.00497356
    7    1
 -0.02367222   0.01067905     0.00108603  -0.00776846    -0.00108603   0.00776846
  0.00108603  -0.00776846    -0.02367222   0.01067905    -0.00108603   0.00776846
 -0.00108603   0.00776846    -0.00108603   0.00776846    -0.02367222   0.01067905
    7    2
 -0.01115622  -0.00173797    -0.01496791  -0.00231147     0.01496791   0.00231147
 -0.01496791  -0.00231147    -0.01115622  -0.00173797     0.01496791   0.00231147
  0.01496791   0.00231147     0.01496791   0.00231147    -0.01115622  -0.00173797
    7    3
  0.00435596  -0.00071907     0.00571797  -0.00137277    -0.00571797   0.00137277
  0.00571797  -0.00137277     0.00435596  -0.00071907    -0.00571797   0.00137277
 -0.00571797   0.00137277    -0.00571797   0.00137277     0.00435596  -0.00071907
    7    4
  0.00920294  -0.00497356     0.00185787  -0.00156925    -0.00091231  -0.00329791
  0.00185787  -0.00156925     0.00920294  -0.00497356    -0.00091231  -0.00329791
  0.00056900   0.00193618     0.00056900   0.00193618    -0.01274181   0.00062899
    7    5
 -0.00248450  -0.00757639    -0.00266662  -0.00132617    -0.00140210  -0.00267851
 -0.00266662  -0.00132617    -0.00248450  -0.00757639    -0.00140210  -0.00267851
  0.00105986   0.00144440     0.00105986   0.00144440     0.00350713   0.00524452
    7    6
 -0.01209063  -0.00326618    -0.00662282  -0.00147563     0.00662282   0.00147563
 -0.00662282  -0.00147563    -0.01209063  -0.00326618     0.00662282   0.00147563
  0.00662282   0.00147563     0.00662282   0.00147563    -0.01209063  -0.00326618
    7    7
  0.03542213   0.00000000     0.00636707  -0.00000000    -0.00636707   0.00000000
  0.00636707  -0.00000000     0.03542213   0.00000000    -0.00636707   0.00000000
 -0.00636707   0.00000000    -0.00636707   0.00000000     0.03542213   0.00000000
    7    8
 -0.01274181   0.00062899    -0.00056900  -0.00193618     0.00056900   0.00193618
  0.00091231   0.00329791     0.00920294  -0.00497356    -0.00185787   0.00156925
 -0.00091231  -0.00329791    -0.00185787   0.00156925     0.00920294  -0.00497356
    7    9
  0.00350713   0.00524452    -0.00105986  -0.00144440     0.00105986   0.00144440
  0.00140210   0.00267851    -0.00248450  -0.00757639     0.00266662   0.00132617
 -0.00140210  -0.00267851     0.00266662   0.00132617    -0.00248450  -0.00757639
    7   10
  0.00920294  -0.00497356     0.00091231   0.00329791    -0.00185787   0.00156925
 -0.00056900  -0.00193618    -0.01274181   0.00062899     0.00056900   0.00193618
 -0.00185787   0.00156925    -0.00091231  -0.00329791     0.00920294  -0.00497356
    7   11
 -0.00248450  -0.00757639     0.00140210   0.00267851     0.00266662   0.00132617
 -0.00105986  -0.00144440     0.00350713   0.00524452     0.00105986   0.00144440
  0.00266662   0.00132617    -0.00140210  -0.00267851    -0.00248450  -0.00757639
    8    1
 -0.01140484  -0.02641158    -0.01258891  -0.00509172     0.01258891   0.00509172
 -0.01363607  -0.00226108    -0.02230234   0.01247566    -0.00864327  -0.00479975
  0.01363607   0.00226108    -0.00864327  -0.00479975    -0.02230234   0.01247566
    8    2
  0.00054189   0.00301643    -0.00359609   0.00304071     0.00359609  -0.00304071
  0.00107984  -0.00261316    -0.00096378  -0.00118456    -0.00331842  -0.00049269
 -0.00107984   0.00261316    -0.00331842  -0.00049269    -0.00096378  -0.00118456
    8    3
 -0.00382558  -0.00052606     0.00616523  -0.00434670    -0.00616523   0.00434670
  0.00485313   0.00289052    -0.00224878   0.00308439     0.00887427  -0.00031676
 -0.00485313  -0.00289052     0.00887427  -0.00031676    -0.00224878   0.00308439
    8    4
 -0.00626927   0.00367392    -0.00284042  -0.00155040    -0.00121558   0.00000000
  0.00283882  -0.00048496     0.00733706   0.00000000     0.00284042  -0.00155040
 -0.00383326   0.00000000    -0.00283882  -0.00048496    -0.00626927  -0.00367392
    8    5
  0.00875495   0.00570871    -0.00030781  -0.00083119    -0.00022475  -0.00101754
 -0.00270331   0.00239594    -0.00703352  -0.01423705     0.00030781   0.00083119
  0.00294719  -0.00116828     0.00270331  -0.00239594     0.00875495   0.00570871
    8    6
  0.00350713   0.00524452     0.00140210   0.00267851    -0.00140210  -0.00267851
 -0.00105986  -0.00144440    -0.00248450  -0.00757639     0.00266662   0.00132617
  0.00105986   0.00144440     0.00266662   0.00132617    -0.00248450  -0.00757639
    8    7
 -0.01274181  -0.00062899     0.00091231  -0.00329791    -0.00091231   0.00329791
 -0.00056900   0.00193618     0.00920294   0.00497356    -0.00185787  -0.00156925
  0.00056900  -0.00193618    -0.00185787  -0.00156925     0.00920294   0.00497356
    8    8
  0.02682686  -0.00000000    -0.00019175   0.00146510     0.00019175  -0.00146510
 -0.00019175  -0.00146510     0.03163695   0.00000000    -0.00188725   0.00000000
  0.00019175   0.00146510    -0.00188725   0.00000000     0.03163695   0.00000000
    8    9
 -0.00387450   0.00057165     0.00235847   0.00263184    -0.00235847  -0.00263184
  0.00235847   0.00263184    -0.00186183  -0.00555118     0.00232881   0.00155704
 -0.00235847  -0.00263184     0.00232881   0.00155704    -0.00186183  -0.00555118
    8   10
 -0.00626927   0.00367392     0.00121558   0.00000000     0.00284042   0.00155040
  0.00383326  -0.00000000    -0.00626927  -0.00367392    -0.00283882  -0.00048496
 -0.00283882   0.00048496     0.00284042  -0.00155040     0.00733706   0.00000000
    8   11
  0.00875495   0.00570871     0.00022475   0.00101754     0.00030781   0.00083119
 -0.00294719   0.00116828     0.00875495   0.00570871     0.00270331  -0.00239594
  0.00270331  -0.00239594     0.00030781   0.00083119    -0.00703352  -0.01423705
    9    1
 -0.01140484   0.02641158    -0.01258891   0.00509172     0.01258891  -0.00509172
 -0.01363607   0.00226108    -0.02230234  -0.01247566    -0.00864327   0.00479975
  0.01363607  -0.00226108    -0.00864327   0.00479975    -0.02230234  -0.01247566
    9    2
 -0.00382558   0.00052606     0.00616523   0.00434670    -0.00616523  -0.00434670
  0.00485313  -0.00289052    -0.00224878  -0.00308439     0.00887427   0.00031676
 -0.00485313   0.00289052     0.00887427   0.00031676    -0.00224878  -0.00308439
    9    3
  0.00054189  -0.00301643    -0.00359609  -0.00304071     0.00359609   0.00304071
  0.00107984   0.00261316    -0.00096378   0.00118456    -0.00331842   0.00049269
 -0.00107984  -0.00261316    -0.00331842   0.00049269    -0.00096378   0.00118456
    9    4
  0.00875495  -0.00570871    -0.00030781   0.00083119    -0.00022475   0.00101754
 -0.00270331  -0.00239594    -0.00703352   0.01423705     0.00030781  -0.00083119
  0.00294719   0.00116828     0.00270331   0.00239594     0.00875495  -0.00570871
    9    5
 -0.00626927  -0.00367392    -0.00284042   0.00155040    -0.00121558   0.00000000
  0.00283882   0.00048496     0.00733706  -0.00000000     0.00284042   0.00155040
 -0.00383326   0.00000000    -0.00283882   0.00048496    -0.00626927   0.00367392
    9    6
 -0.01274181   0.00062899     0.00091231   0.00329791    -0.00091231  -0.00329791
 -0.00056900  -0.00193618     0.00920294  -0.00497356    -0.00185787   0.00156925
  0.00056900   0.00193618    -0.00185787   0.00156925     0.00920294  -0.00497356
    9    7
  0.00350713  -0.00524452     0.00140210  -0.00267851    -0.00140210   0.00267851
 -0.00105986   0.00144440    -0.00248450   0.00757639     0.00266662  -0.00132617
  0.00105986  -0.00144440     0.00266662  -0.00132617    -0.00248450   0.00757639
    9    8
 -0.00387450  -0.00057165     0.00235847  -0.00263184    -0.00235847   0.00263184
  0.00235847  -0.00263184    -0.00186183   0.00555118     0.00232881  -0.00155704
 -0.00235847   0.00263184     0.00232881  -0.00155704    -0.00186183   0.00555118
    9    9
  0.02682686   0.00000000    -0.00019175  -0.00146510     0.00019175   0.00146510
 -0.00019175   0.00146510     0.03163695  -0.00000000    -0.00188725  -0.00000000
  0.00019175  -0.00146510    -0.00188725  -0.00000000     0.03163695  -0.00000000
    9   10
  0.00875495  -0.00570871     0.00022475  -0.00101754     0.00030781  -0.00083119
 -0.00294719  -0.00116828     0.00875495  -0.00570871     0.00270331   0.00239594
  0.00270331   0.00239594     0.00030781  -0.00083119    -0.00703352   0.01423705
    9   11
 -0.00626927  -0.00367392     0.00121558   0.00000000     0.00284042  -0.00155040
  0.00383326   0.00000000    -0.00626927   0.00367392    -0.00283882   0.00048496
 -0.00283882  -0.00048496     0.00284042   0.00155040     0.00733706  -0.00000000
   10    1
 -0.02230234   0.01247566    -0.01363607  -0.00226108    -0.00864327  -0.00479975
 -0.01258891  -0.00509172    -0.01140484  -0.02641158     0.01258891   0.00509172
 -0.00864327  -0.00479975     0.01363607   0.00226108    -0.02230234   0.01247566
   10    2
 -0.00096378  -0.00118456     0.00107984  -0.00261316    -0.00331842  -0.00049269
 -0.00359609   0.00304071     0.00054189   0.00301643     0.00359609  -0.00304071
 -0.00331842  -0.00049269    -0.00107984   0.00261316    -0.00096378  -0.00118456
   10    3
 -0.00224878   0.00308439     0.00485313   0.00289052     0.00887427  -0.00031676
  0.00616523  -0.00434670    -0.00382558  -0.00052606    -0.00616523   0.00434670
  0.00887427  -0.00031676    -0.00485313  -0.00289052    -0.00224878   0.00308439
   10    4
  0.00733706   0.00000000     0.00283882  -0.00048496     0.00284042  -0.00155040
 -0.00284042  -0.00155040    -0.00626927   0.00367392    -0.00121558   0.00000000
 -0.00283882  -0.00048496    -0.00383326  -0.00000000    -0.00626927  -0.00367392
   10    5
 -0.00703352  -0.01423705    -0.00270331   0.00239594     0.00030781   0.00083119
 -0.00030781  -0.00083119     0.00875495   0.00570871    -0.00022475  -0.00101754
  0.00270331  -0.00239594     0.00294719  -0.00116828     0.00875495   0.00570871
   10    6
 -0.00248450  -0.00757639    -0.00105986  -0.00144440     0.00266662   0.00132617
  0.00140210   0.00267851     0.00350713   0.00524452    -0.00140210  -0.00267851
  0.00266662   0.00132617     0.00105986   0.00144440    -0.00248450  -0.00757639
   10    7
  0.00920294   0.00497356    -0.00056900   0.00193618    -0.00185787  -0.00156925
  0.00091231  -0.00329791    -0.01274181  -0.00062899    -0.00091231   0.00329791
 -0.00185787  -0.00156925     0.00056900  -0.00193618     0.00920294   0.00497356
   10    8
 -0.00626927  -0.00367392     0.00383326  -0.00000000    -0.00283882  -0.00048496
  0.00121558  -0.00000000    -0.00626927   0.00367392     0.00284042   0.00155040
  0.00284042  -0.00155040    -0.00283882   0.00048496     0.00733706   0.00000000
   10    9
  0.00875495   0.00570871    -0.00294719   0.00116828     0.00270331  -0.00239594
  0.00022475   0.00101754     0.00875495   0.00570871     0.00030781   0.00083119
  0.00030781   0.00083119     0.00270331  -0.00239594    -0.00703352  -0.01423705
   10   10
  0.03163695   0.00000000    -0.00019175  -0.00146510    -0.00188725   0.00000000
 -0.00019175   0.00146510     0.02682686   0.00000000     0.00019175  -0.00146510
 -0.00188725   0.00000000     0.00019175   0.00146510     0.03163695   0.00000000
   10   11
 -0.00186183  -0.00555118     0.00235847   0.00263184     0.00232881   0.00155704
  0.00235847   0.00263184    -0.00387450   0.00057165    -0.00235847  -0.00263184
  0.00232881   0.00155704    -0.00235847  -0.00263184    -0.00186183  -0.00555118
   11    1
 -0.02230234  -0.01247566    -0.01363607   0.00226108    -0.00864327   0.00479975
 -0.01258891   0.00509172    -0.01140484   0.02641158     0.01258891  -0.00509172
 -0.00864327   0.00479975     0.01363607  -0.00226108    -0.02230234  -0.01247566
   11    2
 -0.00224878  -0.00308439     0.00485313  -0.00289052     0.00887427   0.00031676
  0.00616523   0.00434670    -0.00382558   0.00052606    -0.00616523  -0.00434670
  0.00887427   0.00031676    -0.00485313   0.00289052    -0.00224878  -0.00308439
   11    3
 -0.00096378   0.00118456     0.00107984   0.00261316    -0.00331842   0.00049269
 -0.00359609  -0.00304071     0.00054189  -0.00301643     0.00359609   0.00304071
 -0.00331842   0.00049269    -0.00107984  -0.00261316    -0.00096378   0.00118456
   11    4
 -0.00703352   0.01423705    -0.00270331  -0.00239594     0.00030781  -0.00083119
 -0.00030781   0.00083119     0.00875495  -0.00570871    -0.00022475   0.00101754
  0.00270331   0.00239594     0.00294719   0.00116828     0.00875495  -0.00570871
   11    5
  0.00733706   0.00000000     0.00283882   0.00048496     0.00284042   0.00155040
 -0.00284042   0.00155040    -0.00626927  -0.00367392    -0.00121558  -0.00000000
 -0.00283882   0.00048496    -0.00383326   0.00000000    -0.00626927   0.00367392
   11    6
  0.00920294  -0.00497356    -0.00056900  -0.00193618    -0.00185787   0.00156925
  0.00091231   0.00329791    -0.01274181   0.00062899    -0.00091231  -0.00329791
 -0.00185787   0.00156925     0.00056900   0.00193618     0.00920294  -0.00497356
   11    7
 -0.00248450   0.00757639    -0.00105986   0.00144440     0.00266662  -0.00132617
  0.00140210  -0.00267851     0.00350713  -0.00524452    -0.00140210   0.00267851
  0.00266662  -0.00132617     0.00105986  -0.00144440    -0.00248450   0.00757639
   11    8
  0.00875495  -0.00570871    -0.00294719  -0.00116828     0.00270331   0.00239594
  0.00022475  -0.00101754     0.00875495  -0.00570871     0.00030781  -0.00083119
  0.00030781  -0.00083119     0.00270331   0.00239594    -0.00703352   0.01423705
   11    9
 -0.00626927   0.00367392     0.00383326   0.00000000    -0.00283882   0.00048496
  0.00121558   0.00000000    -0.00626927  -0.00367392     0.00284042  -0.00155040
  0.00284042   0.00155040    -0.00283882  -0.00048496     0.00733706   0.00000000
   11   10
 -0.00186183   0.00555118     0.00235847  -0.00263184     0.00232881  -0.00155704
  0.00235847  -0.00263184    -0.00387450  -0.00057165    -0.00235847   0.00263184
  0.00232881  -0.00155704    -0.00235847   0.00263184    -0.00186183   0.00555118
   11   11
  0.03163695  -0.00000000    -0.00019175   0.00146510    -0.00188725  -0.00000000
 -0.00019175  -0.00146510     0.02682686  -0.00000000     0.00019175   0.00146510
 -0.00188725  -0.00000000     0.00019175  -0.00146510     0.03163695  -0.00000000

     Dynamical  Matrix in cartesian axes

     q = (    0.117851130  -0.117851130  -0.117851130 ) 

    1    1
  0.20957824   0.00000000    -0.04808722   0.00000000    -0.04808722   0.00000000
 -0.04808722   0.00000000     0.20957824   0.00000000     0.04808722   0.00000000
 -0.04808722   0.00000000     0.04808722   0.00000000     0.20957824   0.00000000
    1    2
  0.00288437   0.00899187    -0.01569619  -0.01158677    -0.01569619  -0.01158677
 -0.01569619  -0.01158677     0.00288437   0.00899187     0.01569619   0.01158677
 -0.01569619  -0.01158677     0.01569619   0.01158677     0.00288437   0.00899187
    1    3
  0.00288437  -0.00899187    -0.01569619   0.01158677    -0.01569619   0.01158677
 -0.01569619   0.01158677     0.00288437  -0.00899187     0.01569619  -0.01158677
 -0.01569619   0.01158677     0.01569619  -0.01158677     0.00288437  -0.00899187
    1    4
 -0.01140484  -0.02641158     0.01363607   0.00226108     0.01363607   0.00226108
  0.01258891   0.00509172    -0.02230234   0.01247566     0.00864327   0.00479975
  0.01258891   0.00509172     0.00864327   0.00479975    -0.02230234   0.01247566
    1    5
 -0.01140484   0.02641158     0.01363607  -0.00226108     0.01363607  -0.00226108
  0.01258891  -0.00509172    -0.02230234  -0.01247566     0.00864327  -0.00479975
  0.01258891  -0.00509172     0.00864327  -0.00479975    -0.02230234  -0.01247566
    1    6
 -0.02230234   0.01247566     0.01258891   0.00509172    -0.00864327  -0.00479975
  0.01363607   0.00226108    -0.01140484  -0.02641158    -0.01363607  -0.00226108
 -0.00864327  -0.00479975    -0.01258891  -0.00509172    -0.02230234   0.01247566
    1    7
 -0.02230234  -0.01247566     0.01258891  -0.00509172    -0.00864327   0.00479975
  0.01363607  -0.00226108    -0.01140484   0.02641158    -0.01363607   0.00226108
 -0.00864327   0.00479975    -0.01258891   0.00509172    -0.02230234  -0.01247566
    1    8
 -0.02230234   0.01247566    -0.00864327  -0.00479975     0.01258891   0.00509172
 -0.00864327  -0.00479975    -0.02230234   0.01247566    -0.01258891  -0.00509172
  0.01363607   0.00226108    -0.01363607  -0.00226108    -0.01140484  -0.02641158
    1    9
 -0.02230234  -0.01247566    -0.00864327   0.00479975     0.01258891  -0.00509172
 -0.00864327   0.00479975    -0.02230234  -0.01247566    -0.01258891   0.00509172
  0.01363607  -0.00226108    -0.01363607   0.00226108    -0.01140484   0.02641158
    1   10
 -0.02367222  -0.01067905    -0.00108603  -0.00776846    -0.00108603  -0.00776846
 -0.00108603  -0.00776846    -0.02367222  -0.01067905     0.00108603   0.00776846
 -0.00108603  -0.00776846     0.00108603   0.00776846    -0.02367222  -0.01067905
    1   11
 -0.02367222   0.01067905    -0.00108603   0.00776846    -0.00108603   0.00776846
 -0.00108603   0.00776846    -0.02367222   0.01067905     0.00108603  -0.00776846
 -0.00108603   0.00776846     0.00108603  -0.00776846    -0.02367222   0.01067905
    2    1
  0.00288437  -0.00899187    -0.01569619   0.01158677    -0.01569619   0.01158677
 -0.01569619   0.01158677     0.00288437  -0.00899187     0.01569619  -0.01158677
 -0.01569619   0.01158677     0.01569619  -0.01158677     0.00288437  -0.00899187
    2    2
  0.03801024   0.00000000    -0.01111693   0.00000000    -0.01111693   0.00000000
 -0.01111693   0.00000000     0.03801024   0.00000000     0.01111693  -0.00000000
 -0.01111693   0.00000000     0.01111693  -0.00000000     0.03801024   0.00000000
    2    3
 -0.01425146  -0.00755902     0.00261452   0.00116054     0.00261452   0.00116054
  0.00261452   0.00116054    -0.01425146  -0.00755902    -0.00261452  -0.00116054
  0.00261452   0.00116054    -0.00261452  -0.00116054    -0.01425146  -0.00755902
    2    4
  0.00054189   0.00301643    -0.00107984   0.00261316    -0.00107984   0.00261316
  0.00359609  -0.00304071    -0.00096378  -0.00118456     0.00331842   0.00049269
  0.00359609  -0.00304071     0.00331842   0.00049269    -0.00096378  -0.00118456
    2    5
 -0.00382558   0.00052606    -0.00485313   0.00289052    -0.00485313   0.00289052
 -0.00616523  -0.00434670    -0.00224878  -0.00308439    -0.00887427  -0.00031676
 -0.00616523  -0.00434670    -0.00887427  -0.00031676    -0.00224878  -0.00308439
    2    6
 -0.00096378  -0.00118456     0.00359609  -0.00304071    -0.00331842  -0.00049269
 -0.00107984   0.00261316     0.00054189   0.00301643     0.00107984  -0.00261316
 -0.00331842  -0.00049269    -0.00359609   0.00304071    -0.00096378  -0.00118456
    2    7
 -0.00224878  -0.00308439    -0.00616523  -0.00434670     0.00887427   0.00031676
 -0.00485313   0.00289052    -0.00382558   0.00052606     0.00485313  -0.00289052
  0.00887427   0.00031676     0.00616523   0.00434670    -0.00224878  -0.00308439
    2    8
 -0.00096378  -0.00118456    -0.00331842  -0.00049269     0.00359609  -0.00304071
 -0.00331842  -0.00049269    -0.00096378  -0.00118456    -0.00359609   0.00304071
 -0.00107984   0.00261316     0.00107984  -0.00261316     0.00054189   0.00301643
    2    9
 -0.00224878  -0.00308439     0.00887427   0.00031676    -0.00616523  -0.00434670
  0.00887427   0.00031676    -0.00224878  -0.00308439     0.00616523   0.00434670
 -0.00485313   0.00289052     0.00485313  -0.00289052    -0.00382558   0.00052606
    2   10
  0.00435596   0.00071907    -0.00571797  -0.00137277    -0.00571797  -0.00137277
 -0.00571797  -0.00137277     0.00435596   0.00071907     0.00571797   0.00137277
 -0.00571797  -0.00137277     0.00571797   0.00137277     0.00435596   0.00071907
    2   11
 -0.01115622  -0.00173797     0.01496791   0.00231147     0.01496791   0.00231147
  0.01496791   0.00231147    -0.01115622  -0.00173797    -0.01496791  -0.00231147
  0.01496791   0.00231147    -0.01496791  -0.00231147    -0.01115622  -0.00173797
    3    1
  0.00288437   0.00899187    -0.01569619  -0.01158677    -0.01569619  -0.01158677
 -0.01569619  -0.01158677     0.00288437   0.00899187     0.01569619   0.01158677
 -0.01569619  -0.01158677     0.01569619   0.01158677     0.00288437   0.00899187
    3    2
 -0.01425146   0.00755902     0.00261452  -0.00116054     0.00261452  -0.00116054
  0.00261452  -0.00116054    -0.01425146   0.00755902    -0.00261452   0.00116054
  0.00261452  -0.00116054    -0.00261452   0.00116054    -0.01425146   0.00755902
    3    3
  0.03801024  -0.00000000    -0.01111693  -0.00000000    -0.01111693  -0.00000000
 -0.01111693  -0.00000000     0.03801024  -0.00000000     0.01111693   0.00000000
 -0.01111693  -0.00000000     0.01111693   0.00000000     0.03801024  -0.00000000
    3    4
 -0.00382558  -0.00052606    -0.00485313  -0.00289052    -0.00485313  -0.00289052
 -0.00616523   0.00434670    -0.00224878   0.00308439    -0.00887427   0.00031676
 -0.00616523   0.00434670    -0.00887427   0.00031676    -0.00224878   0.00308439
    3    5
  0.00054189  -0.00301643    -0.00107984  -0.00261316    -0.00107984  -0.00261316
  0.00359609   0.00304071    -0.00096378   0.00118456     0.00331842  -0.00049269
  0.00359609   0.00304071     0.00331842  -0.00049269    -0.00096378   0.00118456
    3    6
 -0.00224878   0.00308439    -0.00616523   0.00434670     0.00887427  -0.00031676
 -0.00485313  -0.00289052    -0.00382558  -0.00052606     0.00485313   0.00289052
  0.00887427  -0.00031676     0.00616523  -0.00434670    -0.00224878   0.00308439
    3    7
 -0.00096378   0.00118456     0.00359609   0.00304071    -0.00331842   0.00049269
 -0.00107984  -0.00261316     0.00054189  -0.00301643     0.00107984   0.00261316
 -0.00331842   0.00049269    -0.00359609  -0.00304071    -0.00096378   0.00118456
    3    8
 -0.00224878   0.00308439     0.00887427  -0.00031676    -0.00616523   0.00434670
  0.00887427  -0.00031676    -0.00224878   0.00308439     0.00616523  -0.00434670
 -0.00485313  -0.00289052     0.00485313   0.00289052    -0.00382558  -0.00052606
    3    9
 -0.00096378   0.00118456    -0.00331842   0.00049269     0.00359609   0.00304071
 -0.00331842   0.00049269    -0.00096378   0.00118456    -0.00359609  -0.00304071
 -0.00107984  -0.00261316     0.00107984   0.00261316     0.00054189  -0.00301643
    3   10
 -0.01115622   0.00173797     0.01496791  -0.00231147     0.01496791  -0.00231147
  0.01496791  -0.00231147    -0.01115622   0.00173797    -0.01496791   0.00231147
  0.01496791  -0.00231147    -0.01496791   0.00231147    -0.01115622   0.00173797
    3   11
  0.00435596  -0.00071907    -0.00571797   0.00137277    -0.00571797   0.00137277
 -0.00571797   0.00137277     0.00435596  -0.00071907     0.00571797  -0.00137277
 -0.00571797   0.00137277     0.00571797  -0.00137277     0.00435596  -0.00071907
    4    1
 -0.01140484   0.02641158     0.01258891  -0.00509172     0.01258891  -0.00509172
