  4.500000000000000E-002   1.62466440089185        5.30948034695369     
           6

     Dynamical  Matrix in cartesian axes

     q = (    0.471404521   0.000000000   0.000000000 ) 

    1    1
  0.27196748   0.00000000    -0.00000000   0.00000000     0.00000000   0.00000000
  0.00000000   0.00000000     0.12639832   0.00000000     0.00000000   0.00000000
  0.00000000   0.00000000     0.00000000   0.00000000     0.12639832   0.00000000
    1    2
  0.01201602   0.02081236    -0.00000000  -0.00000000     0.00000000   0.00000000
 -0.00000000   0.00000000    -0.01251037  -0.02166859    -0.02806435   0.01620296
 -0.00000000  -0.00000000    -0.02806435   0.01620296    -0.01251037  -0.02166859
    1    3
  0.01201602  -0.02081236    -0.00000000   0.00000000     0.00000000  -0.00000000
 -0.00000000  -0.00000000    -0.01251037   0.02166859    -0.02806435  -0.01620296
 -0.00000000   0.00000000    -0.02806435  -0.01620296    -0.01251037   0.02166859
    1    4
 -0.00656943  -0.00539450     0.01369011   0.00895271     0.01369011   0.00895271
  0.01243447  -0.00887611     0.00679165   0.00426084     0.00759525  -0.00424270
  0.01243447  -0.00887611     0.00759525  -0.00424270     0.00679165   0.00426084
    1    5
 -0.00656943   0.00539450     0.01369011  -0.00895271     0.01369011  -0.00895271
  0.01243447   0.00887611     0.00679165  -0.00426084     0.00759525   0.00424270
  0.01243447   0.00887611     0.00759525   0.00424270     0.00679165  -0.00426084
    1    6
  0.00795649   0.00299204    -0.01459833  -0.00737963     0.01459833   0.00737963
  0.00146970  -0.01520662    -0.00708583  -0.00375132     0.00012334   0.00869903
 -0.00146970   0.01520662     0.00012334   0.00869903    -0.00708583  -0.00375132
    1    7
  0.00795649  -0.00299204    -0.01459833   0.00737963     0.01459833  -0.00737963
  0.00146970   0.01520662    -0.00708583   0.00375132     0.00012334  -0.00869903
 -0.00146970  -0.01520662     0.00012334  -0.00869903    -0.00708583   0.00375132
    1    8
  0.00795649   0.00299204     0.01459833   0.00737963    -0.01459833  -0.00737963
 -0.00146970   0.01520662    -0.00708583  -0.00375132     0.00012334   0.00869903
  0.00146970  -0.01520662     0.00012334   0.00869903    -0.00708583  -0.00375132
    1    9
  0.00795649  -0.00299204     0.01459833  -0.00737963    -0.01459833   0.00737963
 -0.00146970  -0.01520662    -0.00708583   0.00375132     0.00012334  -0.00869903
  0.00146970   0.01520662     0.00012334  -0.00869903    -0.00708583   0.00375132
    1   10
 -0.00656943  -0.00539450    -0.01369011  -0.00895271    -0.01369011  -0.00895271
 -0.01243447   0.00887611     0.00679165   0.00426084     0.00759525  -0.00424270
 -0.01243447   0.00887611     0.00759525  -0.00424270     0.00679165   0.00426084
    1   11
 -0.00656943   0.00539450    -0.01369011   0.00895271    -0.01369011   0.00895271
 -0.01243447  -0.00887611     0.00679165  -0.00426084     0.00759525   0.00424270
 -0.01243447  -0.00887611     0.00759525   0.00424270     0.00679165  -0.00426084
    2    1
  0.01201602  -0.02081236    -0.00000000  -0.00000000     0.00000000  -0.00000000
 -0.00000000   0.00000000    -0.01251037   0.02166859    -0.02806435  -0.01620296
  0.00000000  -0.00000000    -0.02806435  -0.01620296    -0.01251037   0.02166859
    2    2
  0.07060707  -0.00000000     0.00000000   0.00000000     0.00000000  -0.00000000
  0.00000000   0.00000000     0.03951713  -0.00000000    -0.00000000  -0.00000000
 -0.00000000   0.00000000    -0.00000000  -0.00000000     0.03951713   0.00000000
    2    3
  0.00136029   0.00235609    -0.00000000   0.00000000    -0.00000000  -0.00000000
 -0.00000000   0.00000000    -0.00127221  -0.00220354     0.01357113  -0.00783530
  0.00000000   0.00000000     0.01357113  -0.00783530    -0.00127221  -0.00220354
    2    4
 -0.00796435  -0.01114271     0.00190517   0.00028103     0.00190517   0.00028103
 -0.00402942   0.00376548    -0.00320850   0.00459877    -0.00081695   0.00642351
 -0.00402942   0.00376548    -0.00081695   0.00642351    -0.00320850   0.00459877
    2    5
 -0.00129398  -0.00267281    -0.01467418   0.00079406    -0.01467418   0.00079406
 -0.00985059  -0.00204144    -0.01004829   0.00045894    -0.01254238  -0.00269240
 -0.00985059  -0.00204144    -0.01254238  -0.00269240    -0.01004829   0.00045894
    2    6
 -0.00566769  -0.01246868    -0.00070921   0.00179044     0.00070921  -0.00179044
  0.00527571  -0.00160683     0.00558690  -0.00047926    -0.00597140  -0.00250425
 -0.00527571   0.00160683    -0.00597140  -0.00250425     0.00558690  -0.00047926
    2    7
 -0.00129398   0.00267281    -0.01467418  -0.00079406     0.01467418   0.00079406
 -0.00985059   0.00204144    -0.01004829  -0.00045894     0.01254238  -0.00269240
  0.00985059  -0.00204144     0.01254238  -0.00269240    -0.01004829  -0.00045894
    2    8
 -0.00566769  -0.01246868     0.00070921  -0.00179044    -0.00070921   0.00179044
 -0.00527571   0.00160683     0.00558690  -0.00047926    -0.00597140  -0.00250425
  0.00527571  -0.00160683    -0.00597140  -0.00250425     0.00558690  -0.00047926
    2    9
 -0.00129398   0.00267281     0.01467418   0.00079406    -0.01467418  -0.00079406
  0.00985059  -0.00204144    -0.01004829  -0.00045894     0.01254238  -0.00269240
 -0.00985059   0.00204144     0.01254238  -0.00269240    -0.01004829  -0.00045894
    2   10
 -0.00796435  -0.01114271    -0.00190517  -0.00028103    -0.00190517  -0.00028103
  0.00402942  -0.00376548    -0.00320850   0.00459877    -0.00081695   0.00642351
  0.00402942  -0.00376548    -0.00081695   0.00642351    -0.00320850   0.00459877
    2   11
 -0.00129398  -0.00267281     0.01467418  -0.00079406     0.01467418  -0.00079406
  0.00985059   0.00204144    -0.01004829   0.00045894    -0.01254238  -0.00269240
  0.00985059   0.00204144    -0.01254238  -0.00269240    -0.01004829   0.00045894
    3    1
  0.01201602   0.02081236    -0.00000000   0.00000000     0.00000000   0.00000000
 -0.00000000  -0.00000000    -0.01251037  -0.02166859    -0.02806435   0.01620296
  0.00000000   0.00000000    -0.02806435   0.01620296    -0.01251037  -0.02166859
    3    2
  0.00136029  -0.00235609    -0.00000000  -0.00000000    -0.00000000   0.00000000
 -0.00000000  -0.00000000    -0.00127221   0.00220354     0.01357113   0.00783530
  0.00000000  -0.00000000     0.01357113   0.00783530    -0.00127221   0.00220354
    3    3
  0.07060707   0.00000000     0.00000000  -0.00000000     0.00000000   0.00000000
  0.00000000  -0.00000000     0.03951713   0.00000000    -0.00000000   0.00000000
 -0.00000000  -0.00000000    -0.00000000   0.00000000     0.03951713  -0.00000000
    3    4
 -0.00129398   0.00267281    -0.01467418  -0.00079406    -0.01467418  -0.00079406
 -0.00985059   0.00204144    -0.01004829  -0.00045894    -0.01254238   0.00269240
 -0.00985059   0.00204144    -0.01254238   0.00269240    -0.01004829  -0.00045894
    3    5
 -0.00796435   0.01114271     0.00190517  -0.00028103     0.00190517  -0.00028103
 -0.00402942  -0.00376548    -0.00320850  -0.00459877    -0.00081695  -0.00642351
 -0.00402942  -0.00376548    -0.00081695  -0.00642351    -0.00320850  -0.00459877
    3    6
 -0.00129398  -0.00267281    -0.01467418   0.00079406     0.01467418  -0.00079406
 -0.00985059  -0.00204144    -0.01004829   0.00045894     0.01254238   0.00269240
  0.00985059   0.00204144     0.01254238   0.00269240    -0.01004829   0.00045894
    3    7
 -0.00566769   0.01246868    -0.00070921  -0.00179044     0.00070921   0.00179044
  0.00527571   0.00160683     0.00558690   0.00047926    -0.00597140   0.00250425
 -0.00527571  -0.00160683    -0.00597140   0.00250425     0.00558690   0.00047926
    3    8
 -0.00129398  -0.00267281     0.01467418  -0.00079406    -0.01467418   0.00079406
  0.00985059   0.00204144    -0.01004829   0.00045894     0.01254238   0.00269240
 -0.00985059  -0.00204144     0.01254238   0.00269240    -0.01004829   0.00045894
    3    9
 -0.00566769   0.01246868     0.00070921   0.00179044    -0.00070921  -0.00179044
 -0.00527571  -0.00160683     0.00558690   0.00047926    -0.00597140   0.00250425
  0.00527571   0.00160683    -0.00597140   0.00250425     0.00558690   0.00047926
    3   10
 -0.00129398   0.00267281     0.01467418   0.00079406     0.01467418   0.00079406
  0.00985059  -0.00204144    -0.01004829  -0.00045894    -0.01254238   0.00269240
  0.00985059  -0.00204144    -0.01254238   0.00269240    -0.01004829  -0.00045894
    3   11
 -0.00796435   0.01114271    -0.00190517   0.00028103    -0.00190517   0.00028103
  0.00402942   0.00376548    -0.00320850  -0.00459877    -0.00081695  -0.00642351
  0.00402942   0.00376548    -0.00081695  -0.00642351    -0.00320850  -0.00459877
    4    1
 -0.00656943   0.00539450     0.01243447   0.00887611     0.01243447   0.00887611
  0.01369011  -0.00895271     0.00679165  -0.00426084     0.00759525   0.00424270
  0.01369011  -0.00895271     0.00759525   0.00424270     0.00679165  -0.00426084
    4    2
 -0.00796435   0.01114271    -0.00402942  -0.00376548    -0.00402942  -0.00376548
  0.00190517  -0.00028103    -0.00320850  -0.00459877    -0.00081695  -0.00642351
  0.00190517  -0.00028103    -0.00081695  -0.00642351    -0.00320850  -0.00459877
    4    3
 -0.00129398  -0.00267281    -0.00985059  -0.00204144    -0.00985059  -0.00204144
 -0.01467418   0.00079406    -0.01004829   0.00045894    -0.01254238  -0.00269240
 -0.01467418   0.00079406    -0.01254238  -0.00269240    -0.01004829   0.00045894
    4    4
  0.03539677   0.00000000    -0.00158991   0.00011178    -0.00158991   0.00011178
 -0.00158991  -0.00011178     0.03508689   0.00000000     0.00863529  -0.00000000
 -0.00158991  -0.00011178     0.00863529  -0.00000000     0.03508689   0.00000000
    4    5
  0.00630249   0.00180393     0.00146838   0.00194733     0.00146838   0.00194733
  0.00146838   0.00194733     0.00264753   0.00511636    -0.00094068   0.00276595
  0.00146838   0.00194733    -0.00094068   0.00276595     0.00264753   0.00511636
    4    6
  0.00501320  -0.00058436    -0.00086141   0.00056665     0.00085564  -0.00240266
 -0.00086141   0.00056665    -0.00214296  -0.00430949     0.00131305   0.00079407
 -0.00085564   0.00240266    -0.00131305  -0.00079407    -0.00045022   0.00099274
    4    7
 -0.00032263   0.00055882     0.00214798  -0.00481336    -0.00225916   0.00321386
  0.00309450  -0.00426688    -0.00198183   0.00343263    -0.00002121  -0.00160694
  0.00165371  -0.00356342    -0.00140226   0.00078510     0.00681165  -0.01179812
    4    8
  0.00501320  -0.00058436     0.00085564  -0.00240266    -0.00086141   0.00056665
 -0.00085564   0.00240266    -0.00045022   0.00099274    -0.00131305  -0.00079407
 -0.00086141   0.00056665     0.00131305   0.00079407    -0.00214296  -0.00430949
    4    9
 -0.00032263   0.00055882    -0.00225916   0.00321386     0.00214798  -0.00481336
  0.00165371  -0.00356342     0.00681165  -0.01179812    -0.00140226   0.00078510
  0.00309450  -0.00426688    -0.00002121  -0.00160694    -0.00198183   0.00343263
    4   10
  0.00073617   0.00000000     0.00516215   0.00095175     0.00516215   0.00095175
 -0.00516215   0.00095175     0.00159241   0.00000000     0.00345347  -0.00000000
 -0.00516215   0.00095175     0.00345347  -0.00000000     0.00159241   0.00000000
    4   11
  0.00965616   0.00674239     0.00283907   0.00412151     0.00283907   0.00412151
 -0.00283907  -0.00412151    -0.00627030   0.01086387    -0.00084337   0.00606346
 -0.00283907  -0.00412151    -0.00084337   0.00606346    -0.00627030   0.01086387
    5    1
 -0.00656943  -0.00539450     0.01243447  -0.00887611     0.01243447  -0.00887611
  0.01369011   0.00895271     0.00679165   0.00426084     0.00759525  -0.00424270
  0.01369011   0.00895271     0.00759525  -0.00424270     0.00679165   0.00426084
    5    2
 -0.00129398   0.00267281    -0.00985059   0.00204144    -0.00985059   0.00204144
 -0.01467418  -0.00079406    -0.01004829  -0.00045894    -0.01254238   0.00269240
 -0.01467418  -0.00079406    -0.01254238   0.00269240    -0.01004829  -0.00045894
    5    3
 -0.00796435  -0.01114271    -0.00402942   0.00376548    -0.00402942   0.00376548
  0.00190517   0.00028103    -0.00320850   0.00459877    -0.00081695   0.00642351
  0.00190517   0.00028103    -0.00081695   0.00642351    -0.00320850   0.00459877
    5    4
  0.00630249  -0.00180393     0.00146838  -0.00194733     0.00146838  -0.00194733
  0.00146838  -0.00194733     0.00264753  -0.00511636    -0.00094068  -0.00276595
  0.00146838  -0.00194733    -0.00094068  -0.00276595     0.00264753  -0.00511636
    5    5
  0.03539677  -0.00000000    -0.00158991  -0.00011178    -0.00158991  -0.00011178
 -0.00158991   0.00011178     0.03508689  -0.00000000     0.00863529   0.00000000
 -0.00158991   0.00011178     0.00863529   0.00000000     0.03508689  -0.00000000
    5    6
 -0.00032263  -0.00055882     0.00214798   0.00481336    -0.00225916  -0.00321386
  0.00309450   0.00426688    -0.00198183  -0.00343263    -0.00002121   0.00160694
  0.00165371   0.00356342    -0.00140226  -0.00078510     0.00681165   0.01179812
    5    7
  0.00501320   0.00058436    -0.00086141  -0.00056665     0.00085564   0.00240266
 -0.00086141  -0.00056665    -0.00214296   0.00430949     0.00131305  -0.00079407
 -0.00085564  -0.00240266    -0.00131305   0.00079407    -0.00045022  -0.00099274
    5    8
 -0.00032263  -0.00055882    -0.00225916  -0.00321386     0.00214798   0.00481336
  0.00165371   0.00356342     0.00681165   0.01179812    -0.00140226  -0.00078510
  0.00309450   0.00426688    -0.00002121   0.00160694    -0.00198183  -0.00343263
    5    9
  0.00501320   0.00058436     0.00085564   0.00240266    -0.00086141  -0.00056665
 -0.00085564  -0.00240266    -0.00045022  -0.00099274    -0.00131305   0.00079407
 -0.00086141  -0.00056665     0.00131305  -0.00079407    -0.00214296   0.00430949
    5   10
  0.00965616  -0.00674239     0.00283907  -0.00412151     0.00283907  -0.00412151
 -0.00283907   0.00412151    -0.00627030  -0.01086387    -0.00084337  -0.00606346
 -0.00283907   0.00412151    -0.00084337  -0.00606346    -0.00627030  -0.01086387
    5   11
  0.00073617  -0.00000000     0.00516215  -0.00095175     0.00516215  -0.00095175
 -0.00516215  -0.00095175     0.00159241  -0.00000000     0.00345347   0.00000000
 -0.00516215  -0.00095175     0.00345347   0.00000000     0.00159241  -0.00000000
    6    1
  0.00795649  -0.00299204     0.00146970   0.01520662    -0.00146970  -0.01520662
 -0.01459833   0.00737963    -0.00708583   0.00375132     0.00012334  -0.00869903
  0.01459833  -0.00737963     0.00012334  -0.00869903    -0.00708583   0.00375132
    6    2
 -0.00566769   0.01246868     0.00527571   0.00160683    -0.00527571  -0.00160683
 -0.00070921  -0.00179044     0.00558690   0.00047926    -0.00597140   0.00250425
  0.00070921   0.00179044    -0.00597140   0.00250425     0.00558690   0.00047926
    6    3
 -0.00129398   0.00267281    -0.00985059   0.00204144     0.00985059  -0.00204144
 -0.01467418  -0.00079406    -0.01004829  -0.00045894     0.01254238  -0.00269240
  0.01467418   0.00079406     0.01254238  -0.00269240    -0.01004829  -0.00045894
    6    4
  0.00501320   0.00058436    -0.00086141  -0.00056665    -0.00085564  -0.00240266
 -0.00086141  -0.00056665    -0.00214296   0.00430949    -0.00131305   0.00079407
  0.00085564   0.00240266     0.00131305  -0.00079407    -0.00045022  -0.00099274
    6    5
 -0.00032263   0.00055882     0.00309450  -0.00426688     0.00165371  -0.00356342
  0.00214798  -0.00481336    -0.00198183   0.00343263    -0.00140226   0.00078510
 -0.00225916   0.00321386    -0.00002121  -0.00160694     0.00681165  -0.01179812
    6    6
  0.03539677  -0.00000000    -0.00158991  -0.00011178     0.00158991   0.00011178
 -0.00158991   0.00011178     0.03508689  -0.00000000    -0.00863529  -0.00000000
  0.00158991  -0.00011178    -0.00863529  -0.00000000     0.03508689  -0.00000000
    6    7
 -0.00471349  -0.00455616    -0.00242063  -0.00029798     0.00242063   0.00029798
 -0.00242063  -0.00029798    -0.00575466   0.00026535     0.00192504  -0.00219763
  0.00242063   0.00029798     0.00192504  -0.00219763    -0.00575466   0.00026535
    6    8
  0.00073617  -0.00000000     0.00516215  -0.00095175    -0.00516215   0.00095175
 -0.00516215  -0.00095175     0.00159241  -0.00000000    -0.00345347  -0.00000000
  0.00516215   0.00095175    -0.00345347   0.00000000     0.00159241  -0.00000000
    6    9
 -0.01066716  -0.00499129    -0.00498886  -0.00039796     0.00498886   0.00039796
  0.00498886   0.00039796    -0.00627324   0.01086218     0.00482943  -0.00376211
 -0.00498886  -0.00039796     0.00482943  -0.00376211    -0.00627324   0.01086218
    6   10
  0.00501320   0.00058436     0.00085564   0.00240266     0.00086141   0.00056665
 -0.00085564  -0.00240266    -0.00045022  -0.00099274     0.00131305  -0.00079407
  0.00086141   0.00056665    -0.00131305   0.00079407    -0.00214296   0.00430949
    6   11
 -0.00032263   0.00055882    -0.00165371   0.00356342    -0.00309450   0.00426688
  0.00225916  -0.00321386     0.00681165  -0.01179812    -0.00002121  -0.00160694
 -0.00214798   0.00481336    -0.00140226   0.00078510    -0.00198183   0.00343263
    7    1
  0.00795649   0.00299204     0.00146970  -0.01520662    -0.00146970   0.01520662
 -0.01459833  -0.00737963    -0.00708583  -0.00375132     0.00012334   0.00869903
  0.01459833   0.00737963     0.00012334   0.00869903    -0.00708583  -0.00375132
    7    2
 -0.00129398  -0.00267281    -0.00985059  -0.00204144     0.00985059   0.00204144
 -0.01467418   0.00079406    -0.01004829   0.00045894     0.01254238   0.00269240
  0.01467418  -0.00079406     0.01254238   0.00269240    -0.01004829   0.00045894
    7    3
 -0.00566769  -0.01246868     0.00527571  -0.00160683    -0.00527571   0.00160683
 -0.00070921   0.00179044     0.00558690  -0.00047926    -0.00597140  -0.00250425
  0.00070921  -0.00179044    -0.00597140  -0.00250425     0.00558690  -0.00047926
    7    4
 -0.00032263  -0.00055882     0.00309450   0.00426688     0.00165371   0.00356342
  0.00214798   0.00481336    -0.00198183  -0.00343263    -0.00140226  -0.00078510
 -0.00225916  -0.00321386    -0.00002121   0.00160694     0.00681165   0.01179812
    7    5
  0.00501320  -0.00058436    -0.00086141   0.00056665    -0.00085564   0.00240266
 -0.00086141   0.00056665    -0.00214296  -0.00430949    -0.00131305  -0.00079407
  0.00085564  -0.00240266     0.00131305   0.00079407    -0.00045022   0.00099274
    7    6
 -0.00471349   0.00455616    -0.00242063   0.00029798     0.00242063  -0.00029798
 -0.00242063   0.00029798    -0.00575466  -0.00026535     0.00192504   0.00219763
  0.00242063  -0.00029798     0.00192504   0.00219763    -0.00575466  -0.00026535
    7    7
  0.03539677   0.00000000    -0.00158991   0.00011178     0.00158991  -0.00011178
 -0.00158991  -0.00011178     0.03508689   0.00000000    -0.00863529   0.00000000
  0.00158991   0.00011178    -0.00863529   0.00000000     0.03508689   0.00000000
    7    8
 -0.01066716   0.00499129    -0.00498886   0.00039796     0.00498886  -0.00039796
  0.00498886  -0.00039796    -0.00627324  -0.01086218     0.00482943   0.00376211
 -0.00498886   0.00039796     0.00482943   0.00376211    -0.00627324  -0.01086218
    7    9
  0.00073617   0.00000000     0.00516215   0.00095175    -0.00516215  -0.00095175
 -0.00516215   0.00095175     0.00159241   0.00000000    -0.00345347  -0.00000000
  0.00516215  -0.00095175    -0.00345347  -0.00000000     0.00159241   0.00000000
    7   10
 -0.00032263  -0.00055882    -0.00165371  -0.00356342    -0.00309450  -0.00426688
  0.00225916   0.00321386     0.00681165   0.01179812    -0.00002121   0.00160694
 -0.00214798  -0.00481336    -0.00140226  -0.00078510    -0.00198183  -0.00343263
    7   11
  0.00501320  -0.00058436     0.00085564  -0.00240266     0.00086141  -0.00056665
 -0.00085564   0.00240266    -0.00045022   0.00099274     0.00131305   0.00079407
  0.00086141  -0.00056665    -0.00131305  -0.00079407    -0.00214296  -0.00430949
    8    1
  0.00795649  -0.00299204    -0.00146970  -0.01520662     0.00146970   0.01520662
  0.01459833  -0.00737963    -0.00708583   0.00375132     0.00012334  -0.00869903
 -0.01459833   0.00737963     0.00012334  -0.00869903    -0.00708583   0.00375132
    8    2
 -0.00566769   0.01246868    -0.00527571  -0.00160683     0.00527571   0.00160683
  0.00070921   0.00179044     0.00558690   0.00047926    -0.00597140   0.00250425
 -0.00070921  -0.00179044    -0.00597140   0.00250425     0.00558690   0.00047926
    8    3
 -0.00129398   0.00267281     0.00985059  -0.00204144    -0.00985059   0.00204144
  0.01467418   0.00079406    -0.01004829  -0.00045894     0.01254238  -0.00269240
 -0.01467418  -0.00079406     0.01254238  -0.00269240    -0.01004829  -0.00045894
    8    4
  0.00501320   0.00058436    -0.00085564  -0.00240266    -0.00086141  -0.00056665
  0.00085564   0.00240266    -0.00045022  -0.00099274     0.00131305  -0.00079407
 -0.00086141  -0.00056665    -0.00131305   0.00079407    -0.00214296   0.00430949
    8    5
 -0.00032263   0.00055882     0.00165371  -0.00356342     0.00309450  -0.00426688
 -0.00225916   0.00321386     0.00681165  -0.01179812    -0.00002121  -0.00160694
  0.00214798  -0.00481336    -0.00140226   0.00078510    -0.00198183   0.00343263
    8    6
  0.00073617  -0.00000000    -0.00516215   0.00095175     0.00516215  -0.00095175
  0.00516215   0.00095175     0.00159241  -0.00000000    -0.00345347  -0.00000000
 -0.00516215  -0.00095175    -0.00345347   0.00000000     0.00159241  -0.00000000
    8    7
 -0.01066716  -0.00499129     0.00498886   0.00039796    -0.00498886  -0.00039796
 -0.00498886  -0.00039796    -0.00627324   0.01086218     0.00482943  -0.00376211
  0.00498886   0.00039796     0.00482943  -0.00376211    -0.00627324   0.01086218
    8    8
  0.03539677  -0.00000000     0.00158991   0.00011178    -0.00158991  -0.00011178
  0.00158991  -0.00011178     0.03508689  -0.00000000    -0.00863529  -0.00000000
 -0.00158991   0.00011178    -0.00863529  -0.00000000     0.03508689  -0.00000000
    8    9
 -0.00471349  -0.00455616     0.00242063   0.00029798    -0.00242063  -0.00029798
  0.00242063   0.00029798    -0.00575466   0.00026535     0.00192504  -0.00219763
 -0.00242063  -0.00029798     0.00192504  -0.00219763    -0.00575466   0.00026535
    8   10
  0.00501320   0.00058436     0.00086141   0.00056665     0.00085564   0.00240266
  0.00086141   0.00056665    -0.00214296   0.00430949    -0.00131305   0.00079407
 -0.00085564  -0.00240266     0.00131305  -0.00079407    -0.00045022  -0.00099274
    8   11
 -0.00032263   0.00055882    -0.00309450   0.00426688    -0.00165371   0.00356342
 -0.00214798   0.00481336    -0.00198183   0.00343263    -0.00140226   0.00078510
  0.00225916  -0.00321386    -0.00002121  -0.00160694     0.00681165  -0.01179812
    9    1
  0.00795649   0.00299204    -0.00146970   0.01520662     0.00146970  -0.01520662
  0.01459833   0.00737963    -0.00708583  -0.00375132     0.00012334   0.00869903
 -0.01459833  -0.00737963     0.00012334   0.00869903    -0.00708583  -0.00375132
    9    2
 -0.00129398  -0.00267281     0.00985059   0.00204144    -0.00985059  -0.00204144
  0.01467418  -0.00079406    -0.01004829   0.00045894     0.01254238   0.00269240
 -0.01467418   0.00079406     0.01254238   0.00269240    -0.01004829   0.00045894
    9    3
 -0.00566769  -0.01246868    -0.00527571   0.00160683     0.00527571  -0.00160683
  0.00070921  -0.00179044     0.00558690  -0.00047926    -0.00597140  -0.00250425
 -0.00070921   0.00179044    -0.00597140  -0.00250425     0.00558690  -0.00047926
    9    4
 -0.00032263  -0.00055882     0.00165371   0.00356342     0.00309450   0.00426688
 -0.00225916  -0.00321386     0.00681165   0.01179812    -0.00002121   0.00160694
  0.00214798   0.00481336    -0.00140226  -0.00078510    -0.00198183  -0.00343263
    9    5
  0.00501320  -0.00058436    -0.00085564   0.00240266    -0.00086141   0.00056665
  0.00085564  -0.00240266    -0.00045022   0.00099274     0.00131305   0.00079407
 -0.00086141   0.00056665    -0.00131305  -0.00079407    -0.00214296  -0.00430949
    9    6
 -0.01066716   0.00499129     0.00498886  -0.00039796    -0.00498886   0.00039796
 -0.00498886   0.00039796    -0.00627324  -0.01086218     0.00482943   0.00376211
  0.00498886  -0.00039796     0.00482943   0.00376211    -0.00627324  -0.01086218
    9    7
  0.00073617   0.00000000    -0.00516215  -0.00095175     0.00516215   0.00095175
  0.00516215  -0.00095175     0.00159241   0.00000000    -0.00345347   0.00000000
 -0.00516215   0.00095175    -0.00345347   0.00000000     0.00159241   0.00000000
    9    8
 -0.00471349   0.00455616     0.00242063  -0.00029798    -0.00242063   0.00029798
  0.00242063  -0.00029798    -0.00575466  -0.00026535     0.00192504   0.00219763
 -0.00242063   0.00029798     0.00192504   0.00219763    -0.00575466  -0.00026535
    9    9
  0.03539677   0.00000000     0.00158991  -0.00011178    -0.00158991   0.00011178
  0.00158991   0.00011178     0.03508689   0.00000000    -0.00863529   0.00000000
 -0.00158991  -0.00011178    -0.00863529   0.00000000     0.03508689   0.00000000
    9   10
 -0.00032263  -0.00055882    -0.00309450  -0.00426688    -0.00165371  -0.00356342
 -0.00214798  -0.00481336    -0.00198183  -0.00343263    -0.00140226  -0.00078510
  0.00225916   0.00321386    -0.00002121   0.00160694     0.00681165   0.01179812
    9   11
  0.00501320  -0.00058436     0.00086141  -0.00056665     0.00085564  -0.00240266
  0.00086141  -0.00056665    -0.00214296  -0.00430949    -0.00131305  -0.00079407
 -0.00085564   0.00240266     0.00131305   0.00079407    -0.00045022   0.00099274
   10    1
 -0.00656943   0.00539450    -0.01243447  -0.00887611    -0.01243447  -0.00887611
 -0.01369011   0.00895271     0.00679165  -0.00426084     0.00759525   0.00424270
 -0.01369011   0.00895271     0.00759525   0.00424270     0.00679165  -0.00426084
   10    2
 -0.00796435   0.01114271     0.00402942   0.00376548     0.00402942   0.00376548
 -0.00190517   0.00028103    -0.00320850  -0.00459877    -0.00081695  -0.00642351
 -0.00190517   0.00028103    -0.00081695  -0.00642351    -0.00320850  -0.00459877
   10    3
 -0.00129398  -0.00267281     0.00985059   0.00204144     0.00985059   0.00204144
  0.01467418  -0.00079406    -0.01004829   0.00045894    -0.01254238  -0.00269240
  0.01467418  -0.00079406    -0.01254238  -0.00269240    -0.01004829   0.00045894
   10    4
  0.00073617   0.00000000    -0.00516215  -0.00095175    -0.00516215  -0.00095175
  0.00516215  -0.00095175     0.00159241   0.00000000     0.00345347  -0.00000000
  0.00516215  -0.00095175     0.00345347   0.00000000     0.00159241  -0.00000000
   10    5
  0.00965616   0.00674239    -0.00283907  -0.00412151    -0.00283907  -0.00412151
  0.00283907   0.00412151    -0.00627030   0.01086387    -0.00084337   0.00606346
  0.00283907   0.00412151    -0.00084337   0.00606346    -0.00627030   0.01086387
   10    6
  0.00501320  -0.00058436    -0.00085564   0.00240266     0.00086141  -0.00056665
  0.00085564  -0.00240266    -0.00045022   0.00099274    -0.00131305  -0.00079407
  0.00086141  -0.00056665     0.00131305   0.00079407    -0.00214296  -0.00430949
   10    7
 -0.00032263   0.00055882     0.00225916  -0.00321386    -0.00214798   0.00481336
 -0.00165371   0.00356342     0.00681165  -0.01179812    -0.00140226   0.00078510
 -0.00309450   0.00426688    -0.00002121  -0.00160694    -0.00198183   0.00343263
   10    8
  0.00501320  -0.00058436     0.00086141  -0.00056665    -0.00085564   0.00240266
  0.00086141  -0.00056665    -0.00214296  -0.00430949     0.00131305   0.00079407
  0.00085564  -0.00240266    -0.00131305  -0.00079407    -0.00045022   0.00099274
   10    9
 -0.00032263   0.00055882    -0.00214798   0.00481336     0.00225916  -0.00321386
 -0.00309450   0.00426688    -0.00198183   0.00343263    -0.00002121  -0.00160694
 -0.00165371   0.00356342    -0.00140226   0.00078510     0.00681165  -0.01179812
   10   10
  0.03539677   0.00000000     0.00158991  -0.00011178     0.00158991  -0.00011178
  0.00158991   0.00011178     0.03508689   0.00000000     0.00863529  -0.00000000
  0.00158991   0.00011178     0.00863529  -0.00000000     0.03508689   0.00000000
   10   11
  0.00630249   0.00180393    -0.00146838  -0.00194733    -0.00146838  -0.00194733
 -0.00146838  -0.00194733     0.00264753   0.00511636    -0.00094068   0.00276595
 -0.00146838  -0.00194733    -0.00094068   0.00276595     0.00264753   0.00511636
   11    1
 -0.00656943  -0.00539450    -0.01243447   0.00887611    -0.01243447   0.00887611
 -0.01369011  -0.00895271     0.00679165   0.00426084     0.00759525  -0.00424270
 -0.01369011  -0.00895271     0.00759525  -0.00424270     0.00679165   0.00426084
   11    2
 -0.00129398   0.00267281     0.00985059  -0.00204144     0.00985059  -0.00204144
  0.01467418   0.00079406    -0.01004829  -0.00045894    -0.01254238   0.00269240
  0.01467418   0.00079406    -0.01254238   0.00269240    -0.01004829  -0.00045894
   11    3
 -0.00796435  -0.01114271     0.00402942  -0.00376548     0.00402942  -0.00376548
 -0.00190517  -0.00028103    -0.00320850   0.00459877    -0.00081695   0.00642351
 -0.00190517  -0.00028103    -0.00081695   0.00642351    -0.00320850   0.00459877
   11    4
  0.00965616  -0.00674239    -0.00283907   0.00412151    -0.00283907   0.00412151
  0.00283907  -0.00412151    -0.00627030  -0.01086387    -0.00084337  -0.00606346
  0.00283907  -0.00412151    -0.00084337  -0.00606346    -0.00627030  -0.01086387
   11    5
  0.00073617   0.00000000    -0.00516215   0.00095175    -0.00516215   0.00095175
  0.00516215   0.00095175     0.00159241  -0.00000000     0.00345347  -0.00000000
  0.00516215   0.00095175     0.00345347   0.00000000     0.00159241  -0.00000000
   11    6
 -0.00032263  -0.00055882     0.00225916   0.00321386    -0.00214798  -0.00481336
 -0.00165371  -0.00356342     0.00681165   0.01179812    -0.00140226  -0.00078510
 -0.00309450  -0.00426688    -0.00002121   0.00160694    -0.00198183  -0.00343263
   11    7
  0.00501320   0.00058436    -0.00085564  -0.00240266     0.00086141   0.00056665
  0.00085564   0.00240266    -0.00045022  -0.00099274    -0.00131305   0.00079407
  0.00086141   0.00056665     0.00131305  -0.00079407    -0.00214296   0.00430949
   11    8
 -0.00032263  -0.00055882    -0.00214798  -0.00481336     0.00225916   0.00321386
 -0.00309450  -0.00426688    -0.00198183  -0.00343263    -0.00002121   0.00160694
 -0.00165371  -0.00356342    -0.00140226  -0.00078510     0.00681165   0.01179812
   11    9
  0.00501320   0.00058436     0.00086141   0.00056665    -0.00085564  -0.00240266
  0.00086141   0.00056665    -0.00214296   0.00430949     0.00131305  -0.00079407
  0.00085564   0.00240266    -0.00131305   0.00079407    -0.00045022  -0.00099274
   11   10
  0.00630249  -0.00180393    -0.00146838   0.00194733    -0.00146838   0.00194733
 -0.00146838   0.00194733     0.00264753  -0.00511636    -0.00094068  -0.00276595
 -0.00146838   0.00194733    -0.00094068  -0.00276595     0.00264753  -0.00511636
   11   11
  0.03539677  -0.00000000     0.00158991   0.00011178     0.00158991   0.00011178
  0.00158991  -0.00011178     0.03508689  -0.00000000     0.00863529   0.00000000
  0.00158991  -0.00011178     0.00863529   0.00000000     0.03508689  -0.00000000

     Dynamical  Matrix in cartesian axes

     q = (   -0.471404521   0.000000000   0.000000000 ) 

    1    1
  0.27196748   0.00000000     0.00000000   0.00000000    -0.00000000   0.00000000
  0.00000000   0.00000000     0.12639832   0.00000000     0.00000000   0.00000000
 -0.00000000   0.00000000     0.00000000   0.00000000     0.12639832   0.00000000
    1    2
  0.01201602  -0.02081236     0.00000000   0.00000000    -0.00000000  -0.00000000
 -0.00000000  -0.00000000    -0.01251037   0.02166859    -0.02806435  -0.01620296
  0.00000000  -0.00000000    -0.02806435  -0.01620296    -0.01251037   0.02166859
    1    3
  0.01201602   0.02081236    -0.00000000  -0.00000000     0.00000000   0.00000000
 -0.00000000   0.00000000    -0.01251037  -0.02166859    -0.02806435   0.01620296
 -0.00000000   0.00000000    -0.02806435   0.01620296    -0.01251037  -0.02166859
    1    4
 -0.00656943   0.00539450     0.01369011  -0.00895271     0.01369011  -0.00895271
  0.01243447   0.00887611     0.00679165  -0.00426084     0.00759525   0.00424270
  0.01243447   0.00887611     0.00759525   0.00424270     0.00679165  -0.00426084
    1    5
 -0.00656943  -0.00539450     0.01369011   0.00895271     0.01369011   0.00895271
  0.01243447  -0.00887611     0.00679165   0.00426084     0.00759525  -0.00424270
  0.01243447  -0.00887611     0.00759525  -0.00424270     0.00679165   0.00426084
    1    6
  0.00795649  -0.00299204    -0.01459833   0.00737963     0.01459833  -0.00737963
  0.00146970   0.01520662    -0.00708583   0.00375132     0.00012334  -0.00869903
 -0.00146970  -0.01520662     0.00012334  -0.00869903    -0.00708583   0.00375132
    1    7
  0.00795649   0.00299204    -0.01459833  -0.00737963     0.01459833   0.00737963
  0.00146970  -0.01520662    -0.00708583  -0.00375132     0.00012334   0.00869903
 -0.00146970   0.01520662     0.00012334   0.00869903    -0.00708583  -0.00375132
    1    8
  0.00795649  -0.00299204     0.01459833  -0.00737963    -0.01459833   0.00737963
 -0.00146970  -0.01520662    -0.00708583   0.00375132     0.00012334  -0.00869903
  0.00146970   0.01520662     0.00012334  -0.00869903    -0.00708583   0.00375132
    1    9
  0.00795649   0.00299204     0.01459833   0.00737963    -0.01459833  -0.00737963
 -0.00146970   0.01520662    -0.00708583  -0.00375132     0.00012334   0.00869903
  0.00146970  -0.01520662     0.00012334   0.00869903    -0.00708583  -0.00375132
    1   10
 -0.00656943   0.00539450    -0.01369011   0.00895271    -0.01369011   0.00895271
 -0.01243447  -0.00887611     0.00679165  -0.00426084     0.00759525   0.00424270
 -0.01243447  -0.00887611     0.00759525   0.00424270     0.00679165  -0.00426084
    1   11
 -0.00656943  -0.00539450    -0.01369011  -0.00895271    -0.01369011  -0.00895271
 -0.01243447   0.00887611     0.00679165   0.00426084     0.00759525  -0.00424270
 -0.01243447   0.00887611     0.00759525  -0.00424270     0.00679165   0.00426084
    2    1
  0.01201602   0.02081236    -0.00000000   0.00000000     0.00000000  -0.00000000
  0.00000000  -0.00000000    -0.01251037  -0.02166859    -0.02806435   0.01620296
  0.00000000   0.00000000    -0.02806435   0.01620296    -0.01251037  -0.02166859
    2    2
  0.07060707   0.00000000     0.00000000  -0.00000000    -0.00000000  -0.00000000
  0.00000000  -0.00000000     0.03951713  -0.00000000    -0.00000000   0.00000000
 -0.00000000  -0.00000000    -0.00000000   0.00000000     0.03951713  -0.00000000
    2    3
  0.00136029  -0.00235609    -0.00000000   0.00000000     0.00000000   0.00000000
 -0.00000000   0.00000000    -0.00127221   0.00220354     0.01357113   0.00783530
  0.00000000   0.00000000     0.01357113   0.00783530    -0.00127221   0.00220354
    2    4
 -0.00796435   0.01114271     0.00190517  -0.00028103     0.00190517  -0.00028103
 -0.00402942  -0.00376548    -0.00320850  -0.00459877    -0.00081695  -0.00642351
 -0.00402942  -0.00376548    -0.00081695  -0.00642351    -0.00320850  -0.00459877
    2    5
 -0.00129398   0.00267281    -0.01467418  -0.00079406    -0.01467418  -0.00079406
 -0.00985059   0.00204144    -0.01004829  -0.00045894    -0.01254238   0.00269240
 -0.00985059   0.00204144    -0.01254238   0.00269240    -0.01004829  -0.00045894
    2    6
 -0.00566769   0.01246868    -0.00070921  -0.00179044     0.00070921   0.00179044
  0.00527571   0.00160683     0.00558690   0.00047926    -0.00597140   0.00250425
 -0.00527571  -0.00160683    -0.00597140   0.00250425     0.00558690   0.00047926
    2    7
 -0.00129398  -0.00267281    -0.01467418   0.00079406     0.01467418  -0.00079406
 -0.00985059  -0.00204144    -0.01004829   0.00045894     0.01254238   0.00269240
  0.00985059   0.00204144     0.01254238   0.00269240    -0.01004829   0.00045894
    2    8
 -0.00566769   0.01246868     0.00070921   0.00179044    -0.00070921  -0.00179044
 -0.00527571  -0.00160683     0.00558690   0.00047926    -0.00597140   0.00250425
  0.00527571   0.00160683    -0.00597140   0.00250425     0.00558690   0.00047926
    2    9
 -0.00129398  -0.00267281     0.01467418  -0.00079406    -0.01467418   0.00079406
  0.00985059   0.00204144    -0.01004829   0.00045894     0.01254238   0.00269240
 -0.00985059  -0.00204144     0.01254238   0.00269240    -0.01004829   0.00045894
    2   10
 -0.00796435   0.01114271    -0.00190517   0.00028103    -0.00190517   0.00028103
  0.00402942   0.00376548    -0.00320850  -0.00459877    -0.00081695  -0.00642351
  0.00402942   0.00376548    -0.00081695  -0.00642351    -0.00320850  -0.00459877
    2   11
 -0.00129398   0.00267281     0.01467418   0.00079406     0.01467418   0.00079406
  0.00985059  -0.00204144    -0.01004829  -0.00045894    -0.01254238   0.00269240
  0.00985059  -0.00204144    -0.01254238   0.00269240    -0.01004829  -0.00045894
    3    1
  0.01201602  -0.02081236    -0.00000000  -0.00000000     0.00000000   0.00000000
  0.00000000   0.00000000    -0.01251037   0.02166859    -0.02806435  -0.01620296
  0.00000000  -0.00000000    -0.02806435  -0.01620296    -0.01251037   0.02166859
    3    2
  0.00136029   0.00235609    -0.00000000  -0.00000000     0.00000000  -0.00000000
 -0.00000000  -0.00000000    -0.00127221  -0.00220354     0.01357113  -0.00783530
  0.00000000  -0.00000000     0.01357113  -0.00783530    -0.00127221  -0.00220354
    3    3
  0.07060707  -0.00000000     0.00000000   0.00000000    -0.00000000   0.00000000
  0.00000000   0.00000000     0.03951713   0.00000000    -0.00000000  -0.00000000
 -0.00000000   0.00000000    -0.00000000  -0.00000000     0.03951713   0.00000000
    3    4
 -0.00129398  -0.00267281    -0.01467418   0.00079406    -0.01467418   0.00079406
 -0.00985059  -0.00204144    -0.01004829   0.00045894    -0.01254238  -0.00269240
 -0.00985059  -0.00204144    -0.01254238  -0.00269240    -0.01004829   0.00045894
    3    5
 -0.00796435  -0.01114271     0.00190517   0.00028103     0.00190517   0.00028103
 -0.00402942   0.00376548    -0.00320850   0.00459877    -0.00081695   0.00642351
 -0.00402942   0.00376548    -0.00081695   0.00642351    -0.00320850   0.00459877
    3    6
 -0.00129398   0.00267281    -0.01467418  -0.00079406     0.01467418   0.00079406
 -0.00985059   0.00204144    -0.01004829  -0.00045894     0.01254238  -0.00269240
  0.00985059  -0.00204144     0.01254238  -0.00269240    -0.01004829  -0.00045894
    3    7
 -0.00566769  -0.01246868    -0.00070921   0.00179044     0.00070921  -0.00179044
  0.00527571  -0.00160683     0.00558690  -0.00047926    -0.00597140  -0.00250425
 -0.00527571   0.00160683    -0.00597140  -0.00250425     0.00558690  -0.00047926
    3    8
 -0.00129398   0.00267281     0.01467418   0.00079406    -0.01467418  -0.00079406
  0.00985059  -0.00204144    -0.01004829  -0.00045894     0.01254238  -0.00269240
 -0.00985059   0.00204144     0.01254238  -0.00269240    -0.01004829  -0.00045894
    3    9
 -0.00566769  -0.01246868     0.00070921  -0.00179044    -0.00070921   0.00179044
 -0.00527571   0.00160683     0.00558690  -0.00047926    -0.00597140  -0.00250425
  0.00527571  -0.00160683    -0.00597140  -0.00250425     0.00558690  -0.00047926
    3   10
 -0.00129398  -0.00267281     0.01467418  -0.00079406     0.01467418  -0.00079406
  0.00985059   0.00204144    -0.01004829   0.00045894    -0.01254238  -0.00269240
  0.00985059   0.00204144    -0.01254238  -0.00269240    -0.01004829   0.00045894
    3   11
 -0.00796435  -0.01114271    -0.00190517  -0.00028103    -0.00190517  -0.00028103
  0.00402942  -0.00376548    -0.00320850   0.00459877    -0.00081695   0.00642351
  0.00402942  -0.00376548    -0.00081695   0.00642351    -0.00320850   0.00459877
    4    1
 -0.00656943  -0.00539450     0.01243447  -0.00887611     0.01243447  -0.00887611
