  2.500000000000000E-002   1.62642784585186        4.63499580460467     
           6

     Dynamical  Matrix in cartesian axes

     q = (    0.235702260   0.000000000   0.000000000 ) 

    1    1
  0.36606382   0.00000000     0.00000000   0.00000000     0.00000000   0.00000000
 -0.00000000   0.00000000     0.08525466   0.00000000     0.00000000   0.00000000
  0.00000000   0.00000000     0.00000000   0.00000000     0.08525466   0.00000000
    1    2
  0.04602235   0.02657102     0.00000000   0.00000000    -0.00000000  -0.00000000
  0.00000000  -0.00000000    -0.01456924  -0.00841155    -0.00533026   0.00923228
  0.00000000   0.00000000    -0.00533026   0.00923228    -0.01456924  -0.00841155
    1    3
  0.04602235  -0.02657102     0.00000000  -0.00000000    -0.00000000   0.00000000
  0.00000000   0.00000000    -0.01456924   0.00841155    -0.00533026  -0.00923228
  0.00000000  -0.00000000    -0.00533026  -0.00923228    -0.01456924   0.00841155
    1    4
 -0.05222492   0.00423888     0.00214487  -0.00236414     0.00214487  -0.00236414
  0.00992776  -0.00539544     0.00071295   0.00642631     0.00941904  -0.00477386
  0.00992776  -0.00539544     0.00941904  -0.00477386     0.00071295   0.00642631
    1    5
 -0.05222492  -0.00423888     0.00214487   0.00236414     0.00214487   0.00236414
  0.00992776   0.00539544     0.00071295  -0.00642631     0.00941904   0.00477386
  0.00992776   0.00539544     0.00941904   0.00477386     0.00071295  -0.00642631
    1    6
 -0.02978344   0.04310867     0.00311984  -0.00067544    -0.00311984   0.00067544
  0.00963647  -0.00589997    -0.00520887  -0.00383059    -0.00884380   0.00577020
 -0.00963647   0.00589997    -0.00884380   0.00577020    -0.00520887  -0.00383059
    1    7
 -0.02978344  -0.04310867     0.00311984   0.00067544    -0.00311984  -0.00067544
  0.00963647   0.00589997    -0.00520887   0.00383059    -0.00884380  -0.00577020
 -0.00963647  -0.00589997    -0.00884380  -0.00577020    -0.00520887   0.00383059
    1    8
 -0.02978344   0.04310867    -0.00311984   0.00067544     0.00311984  -0.00067544
 -0.00963647   0.00589997    -0.00520887  -0.00383059    -0.00884380   0.00577020
  0.00963647  -0.00589997    -0.00884380   0.00577020    -0.00520887  -0.00383059
    1    9
 -0.02978344  -0.04310867    -0.00311984  -0.00067544     0.00311984   0.00067544
 -0.00963647  -0.00589997    -0.00520887   0.00383059    -0.00884380  -0.00577020
  0.00963647   0.00589997    -0.00884380  -0.00577020    -0.00520887   0.00383059
    1   10
 -0.05222492   0.00423888    -0.00214487   0.00236414    -0.00214487   0.00236414
 -0.00992776   0.00539544     0.00071295   0.00642631     0.00941904  -0.00477386
 -0.00992776   0.00539544     0.00941904  -0.00477386     0.00071295   0.00642631
    1   11
 -0.05222492  -0.00423888    -0.00214487  -0.00236414    -0.00214487  -0.00236414
 -0.00992776  -0.00539544     0.00071295  -0.00642631     0.00941904   0.00477386
 -0.00992776  -0.00539544     0.00941904   0.00477386     0.00071295  -0.00642631
    2    1
  0.04602235  -0.02657102    -0.00000000   0.00000000    -0.00000000  -0.00000000
  0.00000000  -0.00000000    -0.01456924   0.00841155    -0.00533026  -0.00923228
 -0.00000000   0.00000000    -0.00533026  -0.00923228    -0.01456924   0.00841155
    2    2
  0.07692694  -0.00000000    -0.00000000  -0.00000000     0.00000000   0.00000000
 -0.00000000   0.00000000     0.02728524   0.00000000     0.00000000   0.00000000
  0.00000000  -0.00000000     0.00000000   0.00000000     0.02728524   0.00000000
    2    3
 -0.00488939   0.00846868     0.00000000   0.00000000     0.00000000   0.00000000
  0.00000000   0.00000000    -0.00480414   0.00832102     0.00623816   0.00360160
  0.00000000   0.00000000     0.00623816   0.00360160    -0.00480414   0.00832102
    2    4
  0.00369194  -0.00336351     0.00454292   0.00057978     0.00454292   0.00057978
 -0.00107893  -0.00120229    -0.00429543  -0.00256738    -0.00364595  -0.00171279
 -0.00107893  -0.00120229    -0.00364595  -0.00171279    -0.00429543  -0.00256738
    2    5
 -0.01131712   0.00169501    -0.01647208   0.00523341    -0.01647208   0.00523341
 -0.00625644  -0.00212471    -0.00420832  -0.00048632    -0.00968982  -0.00160326
 -0.00625644  -0.00212471    -0.00968982  -0.00160326    -0.00420832  -0.00048632
    2    6
  0.00106692  -0.00487907    -0.00277356  -0.00364439     0.00277356   0.00364439
  0.00158068   0.00033324     0.00437113   0.00243626    -0.00330629  -0.00230109
 -0.00158068  -0.00033324    -0.00330629  -0.00230109     0.00437113   0.00243626
    2    7
 -0.01131712  -0.00169501    -0.01647208  -0.00523341     0.01647208   0.00523341
 -0.00625644   0.00212471    -0.00420832   0.00048632     0.00968982  -0.00160326
  0.00625644  -0.00212471     0.00968982  -0.00160326    -0.00420832   0.00048632
    2    8
  0.00106692  -0.00487907     0.00277356   0.00364439    -0.00277356  -0.00364439
 -0.00158068  -0.00033324     0.00437113   0.00243626    -0.00330629  -0.00230109
  0.00158068   0.00033324    -0.00330629  -0.00230109     0.00437113   0.00243626
    2    9
 -0.01131712  -0.00169501     0.01647208   0.00523341    -0.01647208  -0.00523341
  0.00625644  -0.00212471    -0.00420832   0.00048632     0.00968982  -0.00160326
 -0.00625644   0.00212471     0.00968982  -0.00160326    -0.00420832   0.00048632
    2   10
  0.00369194  -0.00336351    -0.00454292  -0.00057978    -0.00454292  -0.00057978
  0.00107893   0.00120229    -0.00429543  -0.00256738    -0.00364595  -0.00171279
  0.00107893   0.00120229    -0.00364595  -0.00171279    -0.00429543  -0.00256738
    2   11
 -0.01131712   0.00169501     0.01647208  -0.00523341     0.01647208  -0.00523341
  0.00625644   0.00212471    -0.00420832  -0.00048632    -0.00968982  -0.00160326
  0.00625644   0.00212471    -0.00968982  -0.00160326    -0.00420832  -0.00048632
    3    1
  0.04602235   0.02657102    -0.00000000  -0.00000000    -0.00000000   0.00000000
  0.00000000   0.00000000    -0.01456924  -0.00841155    -0.00533026   0.00923228
 -0.00000000  -0.00000000    -0.00533026   0.00923228    -0.01456924  -0.00841155
    3    2
 -0.00488939  -0.00846868     0.00000000   0.00000000     0.00000000  -0.00000000
  0.00000000   0.00000000    -0.00480414  -0.00832102     0.00623816  -0.00360160
  0.00000000   0.00000000     0.00623816  -0.00360160    -0.00480414  -0.00832102
    3    3
  0.07692694   0.00000000    -0.00000000   0.00000000     0.00000000  -0.00000000
 -0.00000000  -0.00000000     0.02728524  -0.00000000     0.00000000  -0.00000000
  0.00000000   0.00000000     0.00000000  -0.00000000     0.02728524  -0.00000000
    3    4
 -0.01131712  -0.00169501    -0.01647208  -0.00523341    -0.01647208  -0.00523341
 -0.00625644   0.00212471    -0.00420832   0.00048632    -0.00968982   0.00160326
 -0.00625644   0.00212471    -0.00968982   0.00160326    -0.00420832   0.00048632
    3    5
  0.00369194   0.00336351     0.00454292  -0.00057978     0.00454292  -0.00057978
 -0.00107893   0.00120229    -0.00429543   0.00256738    -0.00364595   0.00171279
 -0.00107893   0.00120229    -0.00364595   0.00171279    -0.00429543   0.00256738
    3    6
 -0.01131712   0.00169501    -0.01647208   0.00523341     0.01647208  -0.00523341
 -0.00625644  -0.00212471    -0.00420832  -0.00048632     0.00968982   0.00160326
  0.00625644   0.00212471     0.00968982   0.00160326    -0.00420832  -0.00048632
    3    7
  0.00106692   0.00487907    -0.00277356   0.00364439     0.00277356  -0.00364439
  0.00158068  -0.00033324     0.00437113  -0.00243626    -0.00330629   0.00230109
 -0.00158068   0.00033324    -0.00330629   0.00230109     0.00437113  -0.00243626
    3    8
 -0.01131712   0.00169501     0.01647208  -0.00523341    -0.01647208   0.00523341
  0.00625644   0.00212471    -0.00420832  -0.00048632     0.00968982   0.00160326
 -0.00625644  -0.00212471     0.00968982   0.00160326    -0.00420832  -0.00048632
    3    9
  0.00106692   0.00487907     0.00277356  -0.00364439    -0.00277356   0.00364439
 -0.00158068   0.00033324     0.00437113  -0.00243626    -0.00330629   0.00230109
  0.00158068  -0.00033324    -0.00330629   0.00230109     0.00437113  -0.00243626
    3   10
 -0.01131712  -0.00169501     0.01647208   0.00523341     0.01647208   0.00523341
  0.00625644  -0.00212471    -0.00420832   0.00048632    -0.00968982   0.00160326
  0.00625644  -0.00212471    -0.00968982   0.00160326    -0.00420832   0.00048632
    3   11
  0.00369194   0.00336351    -0.00454292   0.00057978    -0.00454292   0.00057978
  0.00107893  -0.00120229    -0.00429543   0.00256738    -0.00364595   0.00171279
  0.00107893  -0.00120229    -0.00364595   0.00171279    -0.00429543   0.00256738
    4    1
 -0.05222492  -0.00423888     0.00992776   0.00539544     0.00992776   0.00539544
  0.00214487   0.00236414     0.00071295  -0.00642631     0.00941904   0.00477386
  0.00214487   0.00236414     0.00941904   0.00477386     0.00071295  -0.00642631
    4    2
  0.00369194   0.00336351    -0.00107893   0.00120229    -0.00107893   0.00120229
  0.00454292  -0.00057978    -0.00429543   0.00256738    -0.00364595   0.00171279
  0.00454292  -0.00057978    -0.00364595   0.00171279    -0.00429543   0.00256738
    4    3
 -0.01131712   0.00169501    -0.00625644  -0.00212471    -0.00625644  -0.00212471
 -0.01647208   0.00523341    -0.00420832  -0.00048632    -0.00968982  -0.00160326
 -0.01647208   0.00523341    -0.00968982  -0.00160326    -0.00420832  -0.00048632
    4    4
  0.04500719  -0.00000000    -0.00121229   0.00282397    -0.00121229   0.00282397
 -0.00121229  -0.00282397     0.03336524   0.00000000     0.00594205  -0.00000000
 -0.00121229  -0.00282397     0.00594205  -0.00000000     0.03336524   0.00000000
    4    5
  0.01055278  -0.00678085     0.00041215  -0.00252893     0.00041215  -0.00252893
  0.00041215  -0.00252893     0.00101042  -0.00575735     0.00322225   0.00012157
  0.00041215  -0.00252893     0.00322225   0.00012157     0.00101042  -0.00575735
    4    6
  0.00236975  -0.01784318    -0.00043943  -0.00047434     0.00053596   0.00150176
 -0.00043943  -0.00047434    -0.00608153  -0.00537051    -0.00057535   0.00118077
 -0.00053596  -0.00150176     0.00057535  -0.00118077     0.00105412   0.00366932
    4    7
  0.00917017   0.01588320    -0.00222095  -0.00223243     0.00165596   0.00489229
 -0.00082286  -0.00303962     0.00420239   0.00727875     0.00049030   0.00173803
 -0.00340887  -0.00388025    -0.00126003  -0.00129363    -0.00829476  -0.01436695
    4    8
  0.00236975  -0.01784318     0.00053596   0.00150176    -0.00043943  -0.00047434
 -0.00053596  -0.00150176     0.00105412   0.00366932     0.00057535  -0.00118077
 -0.00043943  -0.00047434    -0.00057535   0.00118077    -0.00608153  -0.00537051
    4    9
  0.00917017   0.01588320     0.00165596   0.00489229    -0.00222095  -0.00223243
 -0.00340887  -0.00388025    -0.00829476  -0.01436695    -0.00126003  -0.00129363
 -0.00082286  -0.00303962     0.00049030   0.00173803     0.00420239   0.00727875
    4   10
  0.01803203  -0.00000000     0.00031708  -0.00122375     0.00031708  -0.00122375
 -0.00031708  -0.00122375    -0.00863420   0.00000000     0.00146991   0.00000000
 -0.00031708  -0.00122375     0.00146991   0.00000000    -0.00863420   0.00000000
    4   11
  0.01671954  -0.01895919     0.00528576  -0.00170653     0.00528576  -0.00170653
 -0.00528576   0.00170653     0.00688145   0.00884418     0.00688582  -0.00146176
 -0.00528576   0.00170653     0.00688582  -0.00146176     0.00688145   0.00884418
    5    1
 -0.05222492   0.00423888     0.00992776  -0.00539544     0.00992776  -0.00539544
  0.00214487  -0.00236414     0.00071295   0.00642631     0.00941904  -0.00477386
  0.00214487  -0.00236414     0.00941904  -0.00477386     0.00071295   0.00642631
    5    2
 -0.01131712  -0.00169501    -0.00625644   0.00212471    -0.00625644   0.00212471
 -0.01647208  -0.00523341    -0.00420832   0.00048632    -0.00968982   0.00160326
 -0.01647208  -0.00523341    -0.00968982   0.00160326    -0.00420832   0.00048632
    5    3
  0.00369194  -0.00336351    -0.00107893  -0.00120229    -0.00107893  -0.00120229
  0.00454292   0.00057978    -0.00429543  -0.00256738    -0.00364595  -0.00171279
  0.00454292   0.00057978    -0.00364595  -0.00171279    -0.00429543  -0.00256738
    5    4
  0.01055278   0.00678085     0.00041215   0.00252893     0.00041215   0.00252893
  0.00041215   0.00252893     0.00101042   0.00575735     0.00322225  -0.00012157
  0.00041215   0.00252893     0.00322225  -0.00012157     0.00101042   0.00575735
    5    5
  0.04500719   0.00000000    -0.00121229  -0.00282397    -0.00121229  -0.00282397
 -0.00121229   0.00282397     0.03336524  -0.00000000     0.00594205   0.00000000
 -0.00121229   0.00282397     0.00594205   0.00000000     0.03336524  -0.00000000
    5    6
  0.00917017  -0.01588320    -0.00222095   0.00223243     0.00165596  -0.00489229
 -0.00082286   0.00303962     0.00420239  -0.00727875     0.00049030  -0.00173803
 -0.00340887   0.00388025    -0.00126003   0.00129363    -0.00829476   0.01436695
    5    7
  0.00236975   0.01784318    -0.00043943   0.00047434     0.00053596  -0.00150176
 -0.00043943   0.00047434    -0.00608153   0.00537051    -0.00057535  -0.00118077
 -0.00053596   0.00150176     0.00057535   0.00118077     0.00105412  -0.00366932
    5    8
  0.00917017  -0.01588320     0.00165596  -0.00489229    -0.00222095   0.00223243
 -0.00340887   0.00388025    -0.00829476   0.01436695    -0.00126003   0.00129363
 -0.00082286   0.00303962     0.00049030  -0.00173803     0.00420239  -0.00727875
    5    9
  0.00236975   0.01784318     0.00053596  -0.00150176    -0.00043943   0.00047434
 -0.00053596   0.00150176     0.00105412  -0.00366932     0.00057535   0.00118077
 -0.00043943   0.00047434    -0.00057535  -0.00118077    -0.00608153   0.00537051
    5   10
  0.01671954   0.01895919     0.00528576   0.00170653     0.00528576   0.00170653
 -0.00528576  -0.00170653     0.00688145  -0.00884418     0.00688582   0.00146176
 -0.00528576  -0.00170653     0.00688582   0.00146176     0.00688145  -0.00884418
    5   11
  0.01803203   0.00000000     0.00031708   0.00122375     0.00031708   0.00122375
 -0.00031708   0.00122375    -0.00863420  -0.00000000     0.00146991   0.00000000
 -0.00031708   0.00122375     0.00146991   0.00000000    -0.00863420  -0.00000000
    6    1
 -0.02978344  -0.04310867     0.00963647   0.00589997    -0.00963647  -0.00589997
  0.00311984   0.00067544    -0.00520887   0.00383059    -0.00884380  -0.00577020
 -0.00311984  -0.00067544    -0.00884380  -0.00577020    -0.00520887   0.00383059
    6    2
  0.00106692   0.00487907     0.00158068  -0.00033324    -0.00158068   0.00033324
 -0.00277356   0.00364439     0.00437113  -0.00243626    -0.00330629   0.00230109
  0.00277356  -0.00364439    -0.00330629   0.00230109     0.00437113  -0.00243626
    6    3
 -0.01131712  -0.00169501    -0.00625644   0.00212471     0.00625644  -0.00212471
 -0.01647208  -0.00523341    -0.00420832   0.00048632     0.00968982  -0.00160326
  0.01647208   0.00523341     0.00968982  -0.00160326    -0.00420832   0.00048632
    6    4
  0.00236975   0.01784318    -0.00043943   0.00047434    -0.00053596   0.00150176
 -0.00043943   0.00047434    -0.00608153   0.00537051     0.00057535   0.00118077
  0.00053596  -0.00150176    -0.00057535  -0.00118077     0.00105412  -0.00366932
    6    5
  0.00917017   0.01588320    -0.00082286  -0.00303962    -0.00340887  -0.00388025
 -0.00222095  -0.00223243     0.00420239   0.00727875    -0.00126003  -0.00129363
  0.00165596   0.00489229     0.00049030   0.00173803    -0.00829476  -0.01436695
    6    6
  0.04500719   0.00000000    -0.00121229  -0.00282397     0.00121229   0.00282397
 -0.00121229   0.00282397     0.03336524   0.00000000    -0.00594205  -0.00000000
  0.00121229  -0.00282397    -0.00594205  -0.00000000     0.03336524  -0.00000000
    6    7
 -0.01114878   0.00574856    -0.00239619  -0.00090753     0.00239619   0.00090753
 -0.00239619  -0.00090753    -0.00549123  -0.00200363     0.00150585  -0.00285133
  0.00239619   0.00090753     0.00150585  -0.00285133    -0.00549123  -0.00200363
    6    8
  0.01803203   0.00000000     0.00031708   0.00122375    -0.00031708  -0.00122375
 -0.00031708   0.00122375    -0.00863420  -0.00000000    -0.00146991   0.00000000
  0.00031708  -0.00122375    -0.00146991   0.00000000    -0.00863420  -0.00000000
    6    9
 -0.02477891   0.00499995    -0.00412078   0.00372434     0.00412078  -0.00372434
  0.00412078  -0.00372434     0.00421856   0.01038160     0.00470883  -0.00523241
 -0.00412078   0.00372434     0.00470883  -0.00523241     0.00421856   0.01038160
    6   10
  0.00236975   0.01784318     0.00053596  -0.00150176     0.00043943  -0.00047434
 -0.00053596   0.00150176     0.00105412  -0.00366932    -0.00057535  -0.00118077
  0.00043943  -0.00047434     0.00057535   0.00118077    -0.00608153   0.00537051
    6   11
  0.00917017   0.01588320     0.00340887   0.00388025     0.00082286   0.00303962
 -0.00165596  -0.00489229    -0.00829476  -0.01436695     0.00049030   0.00173803
  0.00222095   0.00223243    -0.00126003  -0.00129363     0.00420239   0.00727875
    7    1
 -0.02978344   0.04310867     0.00963647  -0.00589997    -0.00963647   0.00589997
  0.00311984  -0.00067544    -0.00520887  -0.00383059    -0.00884380   0.00577020
 -0.00311984   0.00067544    -0.00884380   0.00577020    -0.00520887  -0.00383059
    7    2
 -0.01131712   0.00169501    -0.00625644  -0.00212471     0.00625644   0.00212471
 -0.01647208   0.00523341    -0.00420832  -0.00048632     0.00968982   0.00160326
  0.01647208  -0.00523341     0.00968982   0.00160326    -0.00420832  -0.00048632
    7    3
  0.00106692  -0.00487907     0.00158068   0.00033324    -0.00158068  -0.00033324
 -0.00277356  -0.00364439     0.00437113   0.00243626    -0.00330629  -0.00230109
  0.00277356   0.00364439    -0.00330629  -0.00230109     0.00437113   0.00243626
    7    4
  0.00917017  -0.01588320    -0.00082286   0.00303962    -0.00340887   0.00388025
 -0.00222095   0.00223243     0.00420239  -0.00727875    -0.00126003   0.00129363
  0.00165596  -0.00489229     0.00049030  -0.00173803    -0.00829476   0.01436695
    7    5
  0.00236975  -0.01784318    -0.00043943  -0.00047434    -0.00053596  -0.00150176
 -0.00043943  -0.00047434    -0.00608153  -0.00537051     0.00057535  -0.00118077
  0.00053596   0.00150176    -0.00057535   0.00118077     0.00105412   0.00366932
    7    6
 -0.01114878  -0.00574856    -0.00239619   0.00090753     0.00239619  -0.00090753
 -0.00239619   0.00090753    -0.00549123   0.00200363     0.00150585   0.00285133
  0.00239619  -0.00090753     0.00150585   0.00285133    -0.00549123   0.00200363
    7    7
  0.04500719  -0.00000000    -0.00121229   0.00282397     0.00121229  -0.00282397
 -0.00121229  -0.00282397     0.03336524  -0.00000000    -0.00594205   0.00000000
  0.00121229   0.00282397    -0.00594205   0.00000000     0.03336524   0.00000000
    7    8
 -0.02477891  -0.00499995    -0.00412078  -0.00372434     0.00412078   0.00372434
  0.00412078   0.00372434     0.00421856  -0.01038160     0.00470883   0.00523241
 -0.00412078  -0.00372434     0.00470883   0.00523241     0.00421856  -0.01038160
    7    9
  0.01803203  -0.00000000     0.00031708  -0.00122375    -0.00031708   0.00122375
 -0.00031708  -0.00122375    -0.00863420   0.00000000    -0.00146991  -0.00000000
  0.00031708   0.00122375    -0.00146991  -0.00000000    -0.00863420   0.00000000
    7   10
  0.00917017  -0.01588320     0.00340887  -0.00388025     0.00082286  -0.00303962
 -0.00165596   0.00489229    -0.00829476   0.01436695     0.00049030  -0.00173803
  0.00222095  -0.00223243    -0.00126003   0.00129363     0.00420239  -0.00727875
    7   11
  0.00236975  -0.01784318     0.00053596   0.00150176     0.00043943   0.00047434
 -0.00053596  -0.00150176     0.00105412   0.00366932    -0.00057535   0.00118077
  0.00043943   0.00047434     0.00057535  -0.00118077    -0.00608153  -0.00537051
    8    1
 -0.02978344  -0.04310867    -0.00963647  -0.00589997     0.00963647   0.00589997
 -0.00311984  -0.00067544    -0.00520887   0.00383059    -0.00884380  -0.00577020
  0.00311984   0.00067544    -0.00884380  -0.00577020    -0.00520887   0.00383059
    8    2
  0.00106692   0.00487907    -0.00158068   0.00033324     0.00158068  -0.00033324
  0.00277356  -0.00364439     0.00437113  -0.00243626    -0.00330629   0.00230109
 -0.00277356   0.00364439    -0.00330629   0.00230109     0.00437113  -0.00243626
    8    3
 -0.01131712  -0.00169501     0.00625644  -0.00212471    -0.00625644   0.00212471
  0.01647208   0.00523341    -0.00420832   0.00048632     0.00968982  -0.00160326
 -0.01647208  -0.00523341     0.00968982  -0.00160326    -0.00420832   0.00048632
    8    4
  0.00236975   0.01784318    -0.00053596   0.00150176    -0.00043943   0.00047434
  0.00053596  -0.00150176     0.00105412  -0.00366932    -0.00057535  -0.00118077
 -0.00043943   0.00047434     0.00057535   0.00118077    -0.00608153   0.00537051
    8    5
  0.00917017   0.01588320    -0.00340887  -0.00388025    -0.00082286  -0.00303962
  0.00165596   0.00489229    -0.00829476  -0.01436695     0.00049030   0.00173803
 -0.00222095  -0.00223243    -0.00126003  -0.00129363     0.00420239   0.00727875
    8    6
  0.01803203   0.00000000    -0.00031708  -0.00122375     0.00031708   0.00122375
  0.00031708  -0.00122375    -0.00863420  -0.00000000    -0.00146991   0.00000000
 -0.00031708   0.00122375    -0.00146991   0.00000000    -0.00863420  -0.00000000
    8    7
 -0.02477891   0.00499995     0.00412078  -0.00372434    -0.00412078   0.00372434
 -0.00412078   0.00372434     0.00421856   0.01038160     0.00470883  -0.00523241
  0.00412078  -0.00372434     0.00470883  -0.00523241     0.00421856   0.01038160
    8    8
  0.04500719   0.00000000     0.00121229   0.00282397    -0.00121229  -0.00282397
  0.00121229  -0.00282397     0.03336524  -0.00000000    -0.00594205   0.00000000
 -0.00121229   0.00282397    -0.00594205  -0.00000000     0.03336524  -0.00000000
    8    9
 -0.01114878   0.00574856     0.00239619   0.00090753    -0.00239619  -0.00090753
  0.00239619   0.00090753    -0.00549123  -0.00200363     0.00150585  -0.00285133
 -0.00239619  -0.00090753     0.00150585  -0.00285133    -0.00549123  -0.00200363
    8   10
  0.00236975   0.01784318     0.00043943  -0.00047434     0.00053596  -0.00150176
  0.00043943  -0.00047434    -0.00608153   0.00537051     0.00057535   0.00118077
 -0.00053596   0.00150176    -0.00057535  -0.00118077     0.00105412  -0.00366932
    8   11
  0.00917017   0.01588320     0.00082286   0.00303962     0.00340887   0.00388025
  0.00222095   0.00223243     0.00420239   0.00727875    -0.00126003  -0.00129363
 -0.00165596  -0.00489229     0.00049030   0.00173803    -0.00829476  -0.01436695
    9    1
 -0.02978344   0.04310867    -0.00963647   0.00589997     0.00963647  -0.00589997
 -0.00311984   0.00067544    -0.00520887  -0.00383059    -0.00884380   0.00577020
  0.00311984  -0.00067544    -0.00884380   0.00577020    -0.00520887  -0.00383059
    9    2
 -0.01131712   0.00169501     0.00625644   0.00212471    -0.00625644  -0.00212471
  0.01647208  -0.00523341    -0.00420832  -0.00048632     0.00968982   0.00160326
 -0.01647208   0.00523341     0.00968982   0.00160326    -0.00420832  -0.00048632
    9    3
  0.00106692  -0.00487907    -0.00158068  -0.00033324     0.00158068   0.00033324
  0.00277356   0.00364439     0.00437113   0.00243626    -0.00330629  -0.00230109
 -0.00277356  -0.00364439    -0.00330629  -0.00230109     0.00437113   0.00243626
    9    4
  0.00917017  -0.01588320    -0.00340887   0.00388025    -0.00082286   0.00303962
  0.00165596  -0.00489229    -0.00829476   0.01436695     0.00049030  -0.00173803
 -0.00222095   0.00223243    -0.00126003   0.00129363     0.00420239  -0.00727875
    9    5
  0.00236975  -0.01784318    -0.00053596  -0.00150176    -0.00043943  -0.00047434
  0.00053596   0.00150176     0.00105412   0.00366932    -0.00057535   0.00118077
 -0.00043943  -0.00047434     0.00057535  -0.00118077    -0.00608153  -0.00537051
    9    6
 -0.02477891  -0.00499995     0.00412078   0.00372434    -0.00412078  -0.00372434
 -0.00412078  -0.00372434     0.00421856  -0.01038160     0.00470883   0.00523241
  0.00412078   0.00372434     0.00470883   0.00523241     0.00421856  -0.01038160
    9    7
  0.01803203  -0.00000000    -0.00031708   0.00122375     0.00031708  -0.00122375
  0.00031708   0.00122375    -0.00863420   0.00000000    -0.00146991  -0.00000000
 -0.00031708  -0.00122375    -0.00146991  -0.00000000    -0.00863420   0.00000000
    9    8
 -0.01114878  -0.00574856     0.00239619  -0.00090753    -0.00239619   0.00090753
  0.00239619  -0.00090753    -0.00549123   0.00200363     0.00150585   0.00285133
 -0.00239619   0.00090753     0.00150585   0.00285133    -0.00549123   0.00200363
    9    9
  0.04500719  -0.00000000     0.00121229  -0.00282397    -0.00121229   0.00282397
  0.00121229   0.00282397     0.03336524   0.00000000    -0.00594205  -0.00000000
 -0.00121229  -0.00282397    -0.00594205   0.00000000     0.03336524   0.00000000
    9   10
  0.00917017  -0.01588320     0.00082286  -0.00303962     0.00340887  -0.00388025
  0.00222095  -0.00223243     0.00420239  -0.00727875    -0.00126003   0.00129363
 -0.00165596   0.00489229     0.00049030  -0.00173803    -0.00829476   0.01436695
    9   11
  0.00236975  -0.01784318     0.00043943   0.00047434     0.00053596   0.00150176
  0.00043943   0.00047434    -0.00608153  -0.00537051     0.00057535  -0.00118077
 -0.00053596  -0.00150176    -0.00057535   0.00118077     0.00105412   0.00366932
   10    1
 -0.05222492  -0.00423888    -0.00992776  -0.00539544    -0.00992776  -0.00539544
 -0.00214487  -0.00236414     0.00071295  -0.00642631     0.00941904   0.00477386
 -0.00214487  -0.00236414     0.00941904   0.00477386     0.00071295  -0.00642631
   10    2
  0.00369194   0.00336351     0.00107893  -0.00120229     0.00107893  -0.00120229
 -0.00454292   0.00057978    -0.00429543   0.00256738    -0.00364595   0.00171279
 -0.00454292   0.00057978    -0.00364595   0.00171279    -0.00429543   0.00256738
   10    3
 -0.01131712   0.00169501     0.00625644   0.00212471     0.00625644   0.00212471
  0.01647208  -0.00523341    -0.00420832  -0.00048632    -0.00968982  -0.00160326
  0.01647208  -0.00523341    -0.00968982  -0.00160326    -0.00420832  -0.00048632
   10    4
  0.01803203   0.00000000    -0.00031708   0.00122375    -0.00031708   0.00122375
  0.00031708   0.00122375    -0.00863420   0.00000000     0.00146991   0.00000000
  0.00031708   0.00122375     0.00146991   0.00000000    -0.00863420   0.00000000
   10    5
  0.01671954  -0.01895919    -0.00528576   0.00170653    -0.00528576   0.00170653
  0.00528576  -0.00170653     0.00688145   0.00884418     0.00688582  -0.00146176
  0.00528576  -0.00170653     0.00688582  -0.00146176     0.00688145   0.00884418
   10    6
  0.00236975  -0.01784318    -0.00053596  -0.00150176     0.00043943   0.00047434
  0.00053596   0.00150176     0.00105412   0.00366932     0.00057535  -0.00118077
  0.00043943   0.00047434    -0.00057535   0.00118077    -0.00608153  -0.00537051
   10    7
  0.00917017   0.01588320    -0.00165596  -0.00489229     0.00222095   0.00223243
  0.00340887   0.00388025    -0.00829476  -0.01436695    -0.00126003  -0.00129363
  0.00082286   0.00303962     0.00049030   0.00173803     0.00420239   0.00727875
   10    8
  0.00236975  -0.01784318     0.00043943   0.00047434    -0.00053596  -0.00150176
  0.00043943   0.00047434    -0.00608153  -0.00537051    -0.00057535   0.00118077
  0.00053596   0.00150176     0.00057535  -0.00118077     0.00105412   0.00366932
   10    9
  0.00917017   0.01588320     0.00222095   0.00223243    -0.00165596  -0.00489229
  0.00082286   0.00303962     0.00420239   0.00727875     0.00049030   0.00173803
  0.00340887   0.00388025    -0.00126003  -0.00129363    -0.00829476  -0.01436695
   10   10
  0.04500719   0.00000000     0.00121229  -0.00282397     0.00121229  -0.00282397
  0.00121229   0.00282397     0.03336524  -0.00000000     0.00594205   0.00000000
  0.00121229   0.00282397     0.00594205  -0.00000000     0.03336524   0.00000000
   10   11
  0.01055278  -0.00678085    -0.00041215   0.00252893    -0.00041215   0.00252893
 -0.00041215   0.00252893     0.00101042  -0.00575735     0.00322225   0.00012157
 -0.00041215   0.00252893     0.00322225   0.00012157     0.00101042  -0.00575735
   11    1
 -0.05222492   0.00423888    -0.00992776   0.00539544    -0.00992776   0.00539544
 -0.00214487   0.00236414     0.00071295   0.00642631     0.00941904  -0.00477386
 -0.00214487   0.00236414     0.00941904  -0.00477386     0.00071295   0.00642631
   11    2
 -0.01131712  -0.00169501     0.00625644  -0.00212471     0.00625644  -0.00212471
  0.01647208   0.00523341    -0.00420832   0.00048632    -0.00968982   0.00160326
  0.01647208   0.00523341    -0.00968982   0.00160326    -0.00420832   0.00048632
   11    3
  0.00369194  -0.00336351     0.00107893   0.00120229     0.00107893   0.00120229
 -0.00454292  -0.00057978    -0.00429543  -0.00256738    -0.00364595  -0.00171279
 -0.00454292  -0.00057978    -0.00364595  -0.00171279    -0.00429543  -0.00256738
   11    4
  0.01671954   0.01895919    -0.00528576  -0.00170653    -0.00528576  -0.00170653
  0.00528576   0.00170653     0.00688145  -0.00884418     0.00688582   0.00146176
  0.00528576   0.00170653     0.00688582   0.00146176     0.00688145  -0.00884418
   11    5
  0.01803203   0.00000000    -0.00031708  -0.00122375    -0.00031708  -0.00122375
  0.00031708  -0.00122375    -0.00863420  -0.00000000     0.00146991  -0.00000000
  0.00031708  -0.00122375     0.00146991  -0.00000000    -0.00863420  -0.00000000
   11    6
  0.00917017  -0.01588320    -0.00165596   0.00489229     0.00222095  -0.00223243
  0.00340887  -0.00388025    -0.00829476   0.01436695    -0.00126003   0.00129363
  0.00082286  -0.00303962     0.00049030  -0.00173803     0.00420239  -0.00727875
   11    7
  0.00236975   0.01784318    -0.00053596   0.00150176     0.00043943  -0.00047434
  0.00053596  -0.00150176     0.00105412  -0.00366932     0.00057535   0.00118077
  0.00043943  -0.00047434    -0.00057535  -0.00118077    -0.00608153   0.00537051
   11    8
  0.00917017  -0.01588320     0.00222095  -0.00223243    -0.00165596   0.00489229
  0.00082286  -0.00303962     0.00420239  -0.00727875     0.00049030  -0.00173803
  0.00340887  -0.00388025    -0.00126003   0.00129363    -0.00829476   0.01436695
   11    9
  0.00236975   0.01784318     0.00043943  -0.00047434    -0.00053596   0.00150176
  0.00043943  -0.00047434    -0.00608153   0.00537051    -0.00057535  -0.00118077
  0.00053596  -0.00150176     0.00057535   0.00118077     0.00105412  -0.00366932
   11   10
  0.01055278   0.00678085    -0.00041215  -0.00252893    -0.00041215  -0.00252893
 -0.00041215  -0.00252893     0.00101042   0.00575735     0.00322225  -0.00012157
 -0.00041215  -0.00252893     0.00322225  -0.00012157     0.00101042   0.00575735
   11   11
  0.04500719  -0.00000000     0.00121229   0.00282397     0.00121229   0.00282397
  0.00121229  -0.00282397     0.03336524   0.00000000     0.00594205  -0.00000000
  0.00121229  -0.00282397     0.00594205   0.00000000     0.03336524  -0.00000000

     Dynamical  Matrix in cartesian axes

     q = (   -0.235702260   0.000000000   0.000000000 ) 

    1    1
  0.36606382   0.00000000     0.00000000   0.00000000     0.00000000   0.00000000
  0.00000000   0.00000000     0.08525466   0.00000000     0.00000000   0.00000000
 -0.00000000   0.00000000     0.00000000   0.00000000     0.08525466   0.00000000
    1    2
  0.04602235  -0.02657102     0.00000000   0.00000000    -0.00000000  -0.00000000
  0.00000000   0.00000000    -0.01456924   0.00841155    -0.00533026  -0.00923228
 -0.00000000  -0.00000000    -0.00533026  -0.00923228    -0.01456924   0.00841155
    1    3
  0.04602235   0.02657102     0.00000000  -0.00000000     0.00000000   0.00000000
 -0.00000000  -0.00000000    -0.01456924  -0.00841155    -0.00533026   0.00923228
 -0.00000000   0.00000000    -0.00533026   0.00923228    -0.01456924  -0.00841155
    1    4
 -0.05222492  -0.00423888     0.00214487   0.00236414     0.00214487   0.00236414
  0.00992776   0.00539544     0.00071295  -0.00642631     0.00941904   0.00477386
  0.00992776   0.00539544     0.00941904   0.00477386     0.00071295  -0.00642631
    1    5
 -0.05222492   0.00423888     0.00214487  -0.00236414     0.00214487  -0.00236414
  0.00992776  -0.00539544     0.00071295   0.00642631     0.00941904  -0.00477386
  0.00992776  -0.00539544     0.00941904  -0.00477386     0.00071295   0.00642631
    1    6
 -0.02978344  -0.04310867     0.00311984   0.00067544    -0.00311984  -0.00067544
  0.00963647   0.00589997    -0.00520887   0.00383059    -0.00884380  -0.00577020
 -0.00963647  -0.00589997    -0.00884380  -0.00577020    -0.00520887   0.00383059
    1    7
 -0.02978344   0.04310867     0.00311984  -0.00067544    -0.00311984   0.00067544
  0.00963647  -0.00589997    -0.00520887  -0.00383059    -0.00884380   0.00577020
 -0.00963647   0.00589997    -0.00884380   0.00577020    -0.00520887  -0.00383059
    1    8
 -0.02978344  -0.04310867    -0.00311984  -0.00067544     0.00311984   0.00067544
 -0.00963647  -0.00589997    -0.00520887   0.00383059    -0.00884380  -0.00577020
  0.00963647   0.00589997    -0.00884380  -0.00577020    -0.00520887   0.00383059
    1    9
 -0.02978344   0.04310867    -0.00311984   0.00067544     0.00311984  -0.00067544
 -0.00963647   0.00589997    -0.00520887  -0.00383059    -0.00884380   0.00577020
  0.00963647  -0.00589997    -0.00884380   0.00577020    -0.00520887  -0.00383059
    1   10
 -0.05222492  -0.00423888    -0.00214487  -0.00236414    -0.00214487  -0.00236414
 -0.00992776  -0.00539544     0.00071295  -0.00642631     0.00941904   0.00477386
 -0.00992776  -0.00539544     0.00941904   0.00477386     0.00071295  -0.00642631
    1   11
 -0.05222492   0.00423888    -0.00214487   0.00236414    -0.00214487   0.00236414
 -0.00992776   0.00539544     0.00071295   0.00642631     0.00941904  -0.00477386
 -0.00992776   0.00539544     0.00941904  -0.00477386     0.00071295   0.00642631
    2    1
  0.04602235   0.02657102     0.00000000  -0.00000000    -0.00000000  -0.00000000
  0.00000000  -0.00000000    -0.01456924  -0.00841155    -0.00533026   0.00923228
 -0.00000000  -0.00000000    -0.00533026   0.00923228    -0.01456924  -0.00841155
    2    2
  0.07692694   0.00000000     0.00000000   0.00000000    -0.00000000   0.00000000
 -0.00000000   0.00000000     0.02728524  -0.00000000     0.00000000  -0.00000000
  0.00000000  -0.00000000     0.00000000  -0.00000000     0.02728524  -0.00000000
    2    3
 -0.00488939  -0.00846868    -0.00000000  -0.00000000     0.00000000  -0.00000000
  0.00000000   0.00000000    -0.00480414  -0.00832102     0.00623816  -0.00360160
  0.00000000  -0.00000000     0.00623816  -0.00360160    -0.00480414  -0.00832102
    2    4
  0.00369194   0.00336351     0.00454292  -0.00057978     0.00454292  -0.00057978
 -0.00107893   0.00120229    -0.00429543   0.00256738    -0.00364595   0.00171279
 -0.00107893   0.00120229    -0.00364595   0.00171279    -0.00429543   0.00256738
    2    5
 -0.01131712  -0.00169501    -0.01647208  -0.00523341    -0.01647208  -0.00523341
 -0.00625644   0.00212471    -0.00420832   0.00048632    -0.00968982   0.00160326
 -0.00625644   0.00212471    -0.00968982   0.00160326    -0.00420832   0.00048632
    2    6
  0.00106692   0.00487907    -0.00277356   0.00364439     0.00277356  -0.00364439
  0.00158068  -0.00033324     0.00437113  -0.00243626    -0.00330629   0.00230109
 -0.00158068   0.00033324    -0.00330629   0.00230109     0.00437113  -0.00243626
    2    7
 -0.01131712   0.00169501    -0.01647208   0.00523341     0.01647208  -0.00523341
 -0.00625644  -0.00212471    -0.00420832  -0.00048632     0.00968982   0.00160326
  0.00625644   0.00212471     0.00968982   0.00160326    -0.00420832  -0.00048632
    2    8
  0.00106692   0.00487907     0.00277356  -0.00364439    -0.00277356   0.00364439
 -0.00158068   0.00033324     0.00437113  -0.00243626    -0.00330629   0.00230109
  0.00158068  -0.00033324    -0.00330629   0.00230109     0.00437113  -0.00243626
    2    9
 -0.01131712   0.00169501     0.01647208  -0.00523341    -0.01647208   0.00523341
  0.00625644   0.00212471    -0.00420832  -0.00048632     0.00968982   0.00160326
 -0.00625644  -0.00212471     0.00968982   0.00160326    -0.00420832  -0.00048632
    2   10
  0.00369194   0.00336351    -0.00454292   0.00057978    -0.00454292   0.00057978
  0.00107893  -0.00120229    -0.00429543   0.00256738    -0.00364595   0.00171279
  0.00107893  -0.00120229    -0.00364595   0.00171279    -0.00429543   0.00256738
    2   11
 -0.01131712  -0.00169501     0.01647208   0.00523341     0.01647208   0.00523341
  0.00625644  -0.00212471    -0.00420832   0.00048632    -0.00968982   0.00160326
  0.00625644  -0.00212471    -0.00968982   0.00160326    -0.00420832   0.00048632
    3    1
  0.04602235  -0.02657102     0.00000000   0.00000000     0.00000000  -0.00000000
  0.00000000  -0.00000000    -0.01456924   0.00841155    -0.00533026  -0.00923228
 -0.00000000   0.00000000    -0.00533026  -0.00923228    -0.01456924   0.00841155
    3    2
 -0.00488939   0.00846868    -0.00000000   0.00000000     0.00000000   0.00000000
  0.00000000  -0.00000000    -0.00480414   0.00832102     0.00623816   0.00360160
  0.00000000   0.00000000     0.00623816   0.00360160    -0.00480414   0.00832102
    3    3
  0.07692694  -0.00000000     0.00000000  -0.00000000    -0.00000000  -0.00000000
 -0.00000000  -0.00000000     0.02728524   0.00000000     0.00000000   0.00000000
  0.00000000   0.00000000     0.00000000   0.00000000     0.02728524   0.00000000
    3    4
 -0.01131712   0.00169501    -0.01647208   0.00523341    -0.01647208   0.00523341
 -0.00625644  -0.00212471    -0.00420832  -0.00048632    -0.00968982  -0.00160326
 -0.00625644  -0.00212471    -0.00968982  -0.00160326    -0.00420832  -0.00048632
    3    5
  0.00369194  -0.00336351     0.00454292   0.00057978     0.00454292   0.00057978
 -0.00107893  -0.00120229    -0.00429543  -0.00256738    -0.00364595  -0.00171279
 -0.00107893  -0.00120229    -0.00364595  -0.00171279    -0.00429543  -0.00256738
    3    6
 -0.01131712  -0.00169501    -0.01647208  -0.00523341     0.01647208   0.00523341
 -0.00625644   0.00212471    -0.00420832   0.00048632     0.00968982  -0.00160326
  0.00625644  -0.00212471     0.00968982  -0.00160326    -0.00420832   0.00048632
    3    7
  0.00106692  -0.00487907    -0.00277356  -0.00364439     0.00277356   0.00364439
  0.00158068   0.00033324     0.00437113   0.00243626    -0.00330629  -0.00230109
 -0.00158068  -0.00033324    -0.00330629  -0.00230109     0.00437113   0.00243626
    3    8
 -0.01131712  -0.00169501     0.01647208   0.00523341    -0.01647208  -0.00523341
  0.00625644  -0.00212471    -0.00420832   0.00048632     0.00968982  -0.00160326
 -0.00625644   0.00212471     0.00968982  -0.00160326    -0.00420832   0.00048632
    3    9
  0.00106692  -0.00487907     0.00277356   0.00364439    -0.00277356  -0.00364439
 -0.00158068  -0.00033324     0.00437113   0.00243626    -0.00330629  -0.00230109
  0.00158068   0.00033324    -0.00330629  -0.00230109     0.00437113   0.00243626
    3   10
 -0.01131712   0.00169501     0.01647208  -0.00523341     0.01647208  -0.00523341
  0.00625644   0.00212471    -0.00420832  -0.00048632    -0.00968982  -0.00160326
  0.00625644   0.00212471    -0.00968982  -0.00160326    -0.00420832  -0.00048632
    3   11
  0.00369194  -0.00336351    -0.00454292  -0.00057978    -0.00454292  -0.00057978
  0.00107893   0.00120229    -0.00429543  -0.00256738    -0.00364595  -0.00171279
  0.00107893   0.00120229    -0.00364595  -0.00171279    -0.00429543  -0.00256738
    4    1
 -0.05222492   0.00423888     0.00992776  -0.00539544     0.00992776  -0.00539544
