  3.000000000000000E-002   1.62628693009849        4.75506765457283     
           6

     Dynamical  Matrix in cartesian axes

     q = (    0.471404521   0.000000000   0.000000000 ) 

    1    1
  0.24946981   0.00000000     0.00000000   0.00000000     0.00000000   0.00000000
  0.00000000   0.00000000     0.10125213   0.00000000     0.00000000   0.00000000
  0.00000000   0.00000000     0.00000000   0.00000000     0.10125213   0.00000000
    1    2
  0.01311872   0.02272229     0.00000000   0.00000000     0.00000000  -0.00000000
  0.00000000  -0.00000000    -0.01253924  -0.02171861    -0.02627767   0.01517142
  0.00000000   0.00000000    -0.02627767   0.01517142    -0.01253924  -0.02171861
    1    3
  0.01311872  -0.02272229     0.00000000  -0.00000000     0.00000000   0.00000000
  0.00000000   0.00000000    -0.01253924   0.02171861    -0.02627767  -0.01517142
  0.00000000  -0.00000000    -0.02627767  -0.01517142    -0.01253924   0.02171861
    1    4
 -0.00433412  -0.00632580     0.01111962   0.00969281     0.01111962   0.00969281
  0.01121916  -0.00680796     0.00820043   0.00066815     0.00805096  -0.00143541
  0.01121916  -0.00680796     0.00805096  -0.00143541     0.00820043   0.00066815
    1    5
 -0.00433412   0.00632580     0.01111962  -0.00969281     0.01111962  -0.00969281
  0.01121916   0.00680796     0.00820043  -0.00066815     0.00805096   0.00143541
  0.01121916   0.00680796     0.00805096   0.00143541     0.00820043  -0.00066815
    1    6
  0.00764537   0.00059056    -0.01395403  -0.00478347     0.01395403   0.00478347
  0.00028628  -0.01312006    -0.00467885  -0.00676770     0.00278238   0.00769005
 -0.00028628   0.01312006     0.00278238   0.00769005    -0.00467885  -0.00676770
    1    7
  0.00764537  -0.00059056    -0.01395403   0.00478347     0.01395403  -0.00478347
  0.00028628   0.01312006    -0.00467885   0.00676770     0.00278238  -0.00769005
 -0.00028628  -0.01312006     0.00278238  -0.00769005    -0.00467885   0.00676770
    1    8
  0.00764537   0.00059056     0.01395403   0.00478347    -0.01395403  -0.00478347
 -0.00028628   0.01312006    -0.00467885  -0.00676770     0.00278238   0.00769005
  0.00028628  -0.01312006     0.00278238   0.00769005    -0.00467885  -0.00676770
    1    9
  0.00764537  -0.00059056     0.01395403  -0.00478347    -0.01395403   0.00478347
 -0.00028628  -0.01312006    -0.00467885   0.00676770     0.00278238  -0.00769005
  0.00028628   0.01312006     0.00278238  -0.00769005    -0.00467885   0.00676770
    1   10
 -0.00433412  -0.00632580    -0.01111962  -0.00969281    -0.01111962  -0.00969281
 -0.01121916   0.00680796     0.00820043   0.00066815     0.00805096  -0.00143541
 -0.01121916   0.00680796     0.00805096  -0.00143541     0.00820043   0.00066815
    1   11
 -0.00433412   0.00632580    -0.01111962   0.00969281    -0.01111962   0.00969281
 -0.01121916  -0.00680796     0.00820043  -0.00066815     0.00805096   0.00143541
 -0.01121916  -0.00680796     0.00805096   0.00143541     0.00820043  -0.00066815
    2    1
  0.01311872  -0.02272229    -0.00000000   0.00000000    -0.00000000  -0.00000000
  0.00000000  -0.00000000    -0.01253924   0.02171861    -0.02627767  -0.01517142
 -0.00000000   0.00000000    -0.02627767  -0.01517142    -0.01253924   0.02171861
    2    2
  0.07205387  -0.00000000     0.00000000  -0.00000000    -0.00000000  -0.00000000
 -0.00000000  -0.00000000     0.03864597   0.00000000    -0.00000000  -0.00000000
  0.00000000  -0.00000000    -0.00000000  -0.00000000     0.03864597   0.00000000
    2    3
 -0.00031775  -0.00055036    -0.00000000   0.00000000    -0.00000000  -0.00000000
 -0.00000000  -0.00000000    -0.00149197  -0.00258417     0.01408504  -0.00813200
 -0.00000000   0.00000000     0.01408504  -0.00813200    -0.00149197  -0.00258417
    2    4
 -0.00753262  -0.01279035     0.00191543   0.00146998     0.00191543   0.00146998
 -0.00379280   0.00320383    -0.00312341   0.00449940    -0.00107996   0.00672057
 -0.00379280   0.00320383    -0.00107996   0.00672057    -0.00312341   0.00449940
    2    5
  0.00034604  -0.00291636    -0.01533148   0.00139662    -0.01533148   0.00139662
 -0.00961880  -0.00170861    -0.01027136   0.00081587    -0.01240221  -0.00263228
 -0.00961880  -0.00170861    -0.01240221  -0.00263228    -0.01027136   0.00081587
    2    6
 -0.00731046  -0.01291861     0.00031533   0.00239380    -0.00031533  -0.00239380
  0.00467100  -0.00168275     0.00545830  -0.00045526    -0.00636016  -0.00242501
 -0.00467100   0.00168275    -0.00636016  -0.00242501     0.00545830  -0.00045526
    2    7
  0.00034604   0.00291636    -0.01533148  -0.00139662     0.01533148   0.00139662
 -0.00961880   0.00170861    -0.01027136  -0.00081587     0.01240221  -0.00263228
  0.00961880  -0.00170861     0.01240221  -0.00263228    -0.01027136  -0.00081587
    2    8
 -0.00731046  -0.01291861    -0.00031533  -0.00239380     0.00031533   0.00239380
 -0.00467100   0.00168275     0.00545830  -0.00045526    -0.00636016  -0.00242501
  0.00467100  -0.00168275    -0.00636016  -0.00242501     0.00545830  -0.00045526
    2    9
  0.00034604   0.00291636     0.01533148   0.00139662    -0.01533148  -0.00139662
  0.00961880  -0.00170861    -0.01027136  -0.00081587     0.01240221  -0.00263228
 -0.00961880   0.00170861     0.01240221  -0.00263228    -0.01027136  -0.00081587
    2   10
 -0.00753262  -0.01279035    -0.00191543  -0.00146998    -0.00191543  -0.00146998
  0.00379280  -0.00320383    -0.00312341   0.00449940    -0.00107996   0.00672057
  0.00379280  -0.00320383    -0.00107996   0.00672057    -0.00312341   0.00449940
    2   11
  0.00034604  -0.00291636     0.01533148  -0.00139662     0.01533148  -0.00139662
  0.00961880   0.00170861    -0.01027136   0.00081587    -0.01240221  -0.00263228
  0.00961880   0.00170861    -0.01240221  -0.00263228    -0.01027136   0.00081587
    3    1
  0.01311872   0.02272229    -0.00000000  -0.00000000    -0.00000000   0.00000000
  0.00000000   0.00000000    -0.01253924  -0.02171861    -0.02627767   0.01517142
 -0.00000000  -0.00000000    -0.02627767   0.01517142    -0.01253924  -0.02171861
    3    2
 -0.00031775   0.00055036    -0.00000000  -0.00000000    -0.00000000   0.00000000
 -0.00000000   0.00000000    -0.00149197   0.00258417     0.01408504   0.00813200
 -0.00000000  -0.00000000     0.01408504   0.00813200    -0.00149197   0.00258417
    3    3
  0.07205387   0.00000000     0.00000000   0.00000000    -0.00000000   0.00000000
 -0.00000000   0.00000000     0.03864597  -0.00000000    -0.00000000   0.00000000
  0.00000000   0.00000000    -0.00000000   0.00000000     0.03864597  -0.00000000
    3    4
  0.00034604   0.00291636    -0.01533148  -0.00139662    -0.01533148  -0.00139662
 -0.00961880   0.00170861    -0.01027136  -0.00081587    -0.01240221   0.00263228
 -0.00961880   0.00170861    -0.01240221   0.00263228    -0.01027136  -0.00081587
    3    5
 -0.00753262   0.01279035     0.00191543  -0.00146998     0.00191543  -0.00146998
 -0.00379280  -0.00320383    -0.00312341  -0.00449940    -0.00107996  -0.00672057
 -0.00379280  -0.00320383    -0.00107996  -0.00672057    -0.00312341  -0.00449940
    3    6
  0.00034604  -0.00291636    -0.01533148   0.00139662     0.01533148  -0.00139662
 -0.00961880  -0.00170861    -0.01027136   0.00081587     0.01240221   0.00263228
  0.00961880   0.00170861     0.01240221   0.00263228    -0.01027136   0.00081587
    3    7
 -0.00731046   0.01291861     0.00031533  -0.00239380    -0.00031533   0.00239380
  0.00467100   0.00168275     0.00545830   0.00045526    -0.00636016   0.00242501
 -0.00467100  -0.00168275    -0.00636016   0.00242501     0.00545830   0.00045526
    3    8
  0.00034604  -0.00291636     0.01533148  -0.00139662    -0.01533148   0.00139662
  0.00961880   0.00170861    -0.01027136   0.00081587     0.01240221   0.00263228
 -0.00961880  -0.00170861     0.01240221   0.00263228    -0.01027136   0.00081587
    3    9
 -0.00731046   0.01291861    -0.00031533   0.00239380     0.00031533  -0.00239380
 -0.00467100  -0.00168275     0.00545830   0.00045526    -0.00636016   0.00242501
  0.00467100   0.00168275    -0.00636016   0.00242501     0.00545830   0.00045526
    3   10
  0.00034604   0.00291636     0.01533148   0.00139662     0.01533148   0.00139662
  0.00961880  -0.00170861    -0.01027136  -0.00081587    -0.01240221   0.00263228
  0.00961880  -0.00170861    -0.01240221   0.00263228    -0.01027136  -0.00081587
    3   11
 -0.00753262   0.01279035    -0.00191543   0.00146998    -0.00191543   0.00146998
  0.00379280   0.00320383    -0.00312341  -0.00449940    -0.00107996  -0.00672057
  0.00379280   0.00320383    -0.00107996  -0.00672057    -0.00312341  -0.00449940
    4    1
 -0.00433412   0.00632580     0.01121916   0.00680796     0.01121916   0.00680796
  0.01111962  -0.00969281     0.00820043  -0.00066815     0.00805096   0.00143541
  0.01111962  -0.00969281     0.00805096   0.00143541     0.00820043  -0.00066815
    4    2
 -0.00753262   0.01279035    -0.00379280  -0.00320383    -0.00379280  -0.00320383
  0.00191543  -0.00146998    -0.00312341  -0.00449940    -0.00107996  -0.00672057
  0.00191543  -0.00146998    -0.00107996  -0.00672057    -0.00312341  -0.00449940
    4    3
  0.00034604  -0.00291636    -0.00961880  -0.00170861    -0.00961880  -0.00170861
 -0.01533148   0.00139662    -0.01027136   0.00081587    -0.01240221  -0.00263228
 -0.01533148   0.00139662    -0.01240221  -0.00263228    -0.01027136   0.00081587
    4    4
  0.03281159   0.00000000    -0.00117240   0.00016847    -0.00117240   0.00016847
 -0.00117240  -0.00016847     0.03267216   0.00000000     0.01016057  -0.00000000
 -0.00117240  -0.00016847     0.01016057  -0.00000000     0.03267216   0.00000000
    4    5
  0.00582545   0.00043669     0.00143904   0.00182117     0.00143904   0.00182117
  0.00143904   0.00182117     0.00311864   0.00434416    -0.00183597   0.00351970
  0.00143904   0.00182117    -0.00183597   0.00351970     0.00311864   0.00434416
    4    6
  0.00487435  -0.00117334    -0.00060615   0.00103242     0.00148386  -0.00253931
 -0.00060615   0.00103242    -0.00274653  -0.00493834     0.00084716   0.00083068
 -0.00148386   0.00253931    -0.00084716  -0.00083068    -0.00073281   0.00133675
    4    7
 -0.00044394   0.00076892     0.00222490  -0.00489238    -0.00217313   0.00367676
  0.00312447  -0.00437301    -0.00223294   0.00386757    -0.00030333  -0.00171188
  0.00209760  -0.00372037    -0.00163420   0.00059324     0.00717897  -0.01243435
    4    8
  0.00487435  -0.00117334     0.00148386  -0.00253931    -0.00060615   0.00103242
 -0.00148386   0.00253931    -0.00073281   0.00133675    -0.00084716  -0.00083068
 -0.00060615   0.00103242     0.00084716   0.00083068    -0.00274653  -0.00493834
    4    9
 -0.00044394   0.00076892    -0.00217313   0.00367676     0.00222490  -0.00489238
  0.00209760  -0.00372037     0.00717897  -0.01243435    -0.00163420   0.00059324
  0.00312447  -0.00437301    -0.00030333  -0.00171188    -0.00223294   0.00386757
    4   10
  0.00146435   0.00000000     0.00579064   0.00132815     0.00579064   0.00132815
 -0.00579064   0.00132815    -0.00031728   0.00000000     0.00458582   0.00000000
 -0.00579064   0.00132815     0.00458582   0.00000000    -0.00031728   0.00000000
    4   11
  0.00949762   0.00857098     0.00294597   0.00493166     0.00294597   0.00493166
 -0.00294597  -0.00493166    -0.00632978   0.00923817    -0.00094303   0.00667126
 -0.00294597  -0.00493166    -0.00094303   0.00667126    -0.00632978   0.00923817
    5    1
 -0.00433412  -0.00632580     0.01121916  -0.00680796     0.01121916  -0.00680796
  0.01111962   0.00969281     0.00820043   0.00066815     0.00805096  -0.00143541
  0.01111962   0.00969281     0.00805096  -0.00143541     0.00820043   0.00066815
    5    2
  0.00034604   0.00291636    -0.00961880   0.00170861    -0.00961880   0.00170861
 -0.01533148  -0.00139662    -0.01027136  -0.00081587    -0.01240221   0.00263228
 -0.01533148  -0.00139662    -0.01240221   0.00263228    -0.01027136  -0.00081587
    5    3
 -0.00753262  -0.01279035    -0.00379280   0.00320383    -0.00379280   0.00320383
  0.00191543   0.00146998    -0.00312341   0.00449940    -0.00107996   0.00672057
  0.00191543   0.00146998    -0.00107996   0.00672057    -0.00312341   0.00449940
    5    4
  0.00582545  -0.00043669     0.00143904  -0.00182117     0.00143904  -0.00182117
  0.00143904  -0.00182117     0.00311864  -0.00434416    -0.00183597  -0.00351970
  0.00143904  -0.00182117    -0.00183597  -0.00351970     0.00311864  -0.00434416
    5    5
  0.03281159  -0.00000000    -0.00117240  -0.00016847    -0.00117240  -0.00016847
 -0.00117240   0.00016847     0.03267216  -0.00000000     0.01016057   0.00000000
 -0.00117240   0.00016847     0.01016057   0.00000000     0.03267216  -0.00000000
    5    6
 -0.00044394  -0.00076892     0.00222490   0.00489238    -0.00217313  -0.00367676
  0.00312447   0.00437301    -0.00223294  -0.00386757    -0.00030333   0.00171188
  0.00209760   0.00372037    -0.00163420  -0.00059324     0.00717897   0.01243435
    5    7
  0.00487435   0.00117334    -0.00060615  -0.00103242     0.00148386   0.00253931
 -0.00060615  -0.00103242    -0.00274653   0.00493834     0.00084716  -0.00083068
 -0.00148386  -0.00253931    -0.00084716   0.00083068    -0.00073281  -0.00133675
    5    8
 -0.00044394  -0.00076892    -0.00217313  -0.00367676     0.00222490   0.00489238
  0.00209760   0.00372037     0.00717897   0.01243435    -0.00163420  -0.00059324
  0.00312447   0.00437301    -0.00030333   0.00171188    -0.00223294  -0.00386757
    5    9
  0.00487435   0.00117334     0.00148386   0.00253931    -0.00060615  -0.00103242
 -0.00148386  -0.00253931    -0.00073281  -0.00133675    -0.00084716   0.00083068
 -0.00060615  -0.00103242     0.00084716  -0.00083068    -0.00274653   0.00493834
    5   10
  0.00949762  -0.00857098     0.00294597  -0.00493166     0.00294597  -0.00493166
 -0.00294597   0.00493166    -0.00632978  -0.00923817    -0.00094303  -0.00667126
 -0.00294597   0.00493166    -0.00094303  -0.00667126    -0.00632978  -0.00923817
    5   11
  0.00146435  -0.00000000     0.00579064  -0.00132815     0.00579064  -0.00132815
 -0.00579064  -0.00132815    -0.00031728   0.00000000     0.00458582  -0.00000000
 -0.00579064  -0.00132815     0.00458582   0.00000000    -0.00031728  -0.00000000
    6    1
  0.00764537  -0.00059056     0.00028628   0.01312006    -0.00028628  -0.01312006
 -0.01395403   0.00478347    -0.00467885   0.00676770     0.00278238  -0.00769005
  0.01395403  -0.00478347     0.00278238  -0.00769005    -0.00467885   0.00676770
    6    2
 -0.00731046   0.01291861     0.00467100   0.00168275    -0.00467100  -0.00168275
  0.00031533  -0.00239380     0.00545830   0.00045526    -0.00636016   0.00242501
 -0.00031533   0.00239380    -0.00636016   0.00242501     0.00545830   0.00045526
    6    3
  0.00034604   0.00291636    -0.00961880   0.00170861     0.00961880  -0.00170861
 -0.01533148  -0.00139662    -0.01027136  -0.00081587     0.01240221  -0.00263228
  0.01533148   0.00139662     0.01240221  -0.00263228    -0.01027136  -0.00081587
    6    4
  0.00487435   0.00117334    -0.00060615  -0.00103242    -0.00148386  -0.00253931
 -0.00060615  -0.00103242    -0.00274653   0.00493834    -0.00084716   0.00083068
  0.00148386   0.00253931     0.00084716  -0.00083068    -0.00073281  -0.00133675
    6    5
 -0.00044394   0.00076892     0.00312447  -0.00437301     0.00209760  -0.00372037
  0.00222490  -0.00489238    -0.00223294   0.00386757    -0.00163420   0.00059324
 -0.00217313   0.00367676    -0.00030333  -0.00171188     0.00717897  -0.01243435
    6    6
  0.03281159  -0.00000000    -0.00117240  -0.00016847     0.00117240   0.00016847
 -0.00117240   0.00016847     0.03267216  -0.00000000    -0.01016057  -0.00000000
  0.00117240  -0.00016847    -0.01016057  -0.00000000     0.03267216  -0.00000000
    6    7
 -0.00329091  -0.00482664    -0.00229670  -0.00033566     0.00229670   0.00033566
 -0.00229670  -0.00033566    -0.00532147  -0.00052874     0.00213017  -0.00334984
  0.00229670   0.00033566     0.00213017  -0.00334984    -0.00532147  -0.00052874
    6    8
  0.00146435   0.00000000     0.00579064  -0.00132815    -0.00579064   0.00132815
 -0.00579064  -0.00132815    -0.00031728  -0.00000000    -0.00458582   0.00000000
  0.00579064   0.00132815    -0.00458582   0.00000000    -0.00031728   0.00000000
    6    9
 -0.01217150  -0.00393969    -0.00574393  -0.00008545     0.00574393   0.00008545
  0.00574393   0.00008545    -0.00483560   0.01010084     0.00530597  -0.00415232
 -0.00574393  -0.00008545     0.00530597  -0.00415232    -0.00483560   0.01010084
    6   10
  0.00487435   0.00117334     0.00148386   0.00253931     0.00060615   0.00103242
 -0.00148386  -0.00253931    -0.00073281  -0.00133675     0.00084716  -0.00083068
  0.00060615   0.00103242    -0.00084716   0.00083068    -0.00274653   0.00493834
    6   11
 -0.00044394   0.00076892    -0.00209760   0.00372037    -0.00312447   0.00437301
  0.00217313  -0.00367676     0.00717897  -0.01243435    -0.00030333  -0.00171188
 -0.00222490   0.00489238    -0.00163420   0.00059324    -0.00223294   0.00386757
    7    1
  0.00764537   0.00059056     0.00028628  -0.01312006    -0.00028628   0.01312006
 -0.01395403  -0.00478347    -0.00467885  -0.00676770     0.00278238   0.00769005
  0.01395403   0.00478347     0.00278238   0.00769005    -0.00467885  -0.00676770
    7    2
  0.00034604  -0.00291636    -0.00961880  -0.00170861     0.00961880   0.00170861
 -0.01533148   0.00139662    -0.01027136   0.00081587     0.01240221   0.00263228
  0.01533148  -0.00139662     0.01240221   0.00263228    -0.01027136   0.00081587
    7    3
 -0.00731046  -0.01291861     0.00467100  -0.00168275    -0.00467100   0.00168275
  0.00031533   0.00239380     0.00545830  -0.00045526    -0.00636016  -0.00242501
 -0.00031533  -0.00239380    -0.00636016  -0.00242501     0.00545830  -0.00045526
    7    4
 -0.00044394  -0.00076892     0.00312447   0.00437301     0.00209760   0.00372037
  0.00222490   0.00489238    -0.00223294  -0.00386757    -0.00163420  -0.00059324
 -0.00217313  -0.00367676    -0.00030333   0.00171188     0.00717897   0.01243435
    7    5
  0.00487435  -0.00117334    -0.00060615   0.00103242    -0.00148386   0.00253931
 -0.00060615   0.00103242    -0.00274653  -0.00493834    -0.00084716  -0.00083068
  0.00148386  -0.00253931     0.00084716   0.00083068    -0.00073281   0.00133675
    7    6
 -0.00329091   0.00482664    -0.00229670   0.00033566     0.00229670  -0.00033566
 -0.00229670   0.00033566    -0.00532147   0.00052874     0.00213017   0.00334984
  0.00229670  -0.00033566     0.00213017   0.00334984    -0.00532147   0.00052874
    7    7
  0.03281159   0.00000000    -0.00117240   0.00016847     0.00117240  -0.00016847
 -0.00117240  -0.00016847     0.03267216   0.00000000    -0.01016057   0.00000000
  0.00117240   0.00016847    -0.01016057   0.00000000     0.03267216   0.00000000
    7    8
 -0.01217150   0.00393969    -0.00574393   0.00008545     0.00574393  -0.00008545
  0.00574393  -0.00008545    -0.00483560  -0.01010084     0.00530597   0.00415232
 -0.00574393   0.00008545     0.00530597   0.00415232    -0.00483560  -0.01010084
    7    9
  0.00146435  -0.00000000     0.00579064   0.00132815    -0.00579064  -0.00132815
 -0.00579064   0.00132815    -0.00031728   0.00000000    -0.00458582  -0.00000000
  0.00579064  -0.00132815    -0.00458582  -0.00000000    -0.00031728   0.00000000
    7   10
 -0.00044394  -0.00076892    -0.00209760  -0.00372037    -0.00312447  -0.00437301
  0.00217313   0.00367676     0.00717897   0.01243435    -0.00030333   0.00171188
 -0.00222490  -0.00489238    -0.00163420  -0.00059324    -0.00223294  -0.00386757
    7   11
  0.00487435  -0.00117334     0.00148386  -0.00253931     0.00060615  -0.00103242
 -0.00148386   0.00253931    -0.00073281   0.00133675     0.00084716   0.00083068
  0.00060615  -0.00103242    -0.00084716  -0.00083068    -0.00274653  -0.00493834
    8    1
  0.00764537  -0.00059056    -0.00028628  -0.01312006     0.00028628   0.01312006
  0.01395403  -0.00478347    -0.00467885   0.00676770     0.00278238  -0.00769005
 -0.01395403   0.00478347     0.00278238  -0.00769005    -0.00467885   0.00676770
    8    2
 -0.00731046   0.01291861    -0.00467100  -0.00168275     0.00467100   0.00168275
 -0.00031533   0.00239380     0.00545830   0.00045526    -0.00636016   0.00242501
  0.00031533  -0.00239380    -0.00636016   0.00242501     0.00545830   0.00045526
    8    3
  0.00034604   0.00291636     0.00961880  -0.00170861    -0.00961880   0.00170861
  0.01533148   0.00139662    -0.01027136  -0.00081587     0.01240221  -0.00263228
 -0.01533148  -0.00139662     0.01240221  -0.00263228    -0.01027136  -0.00081587
    8    4
  0.00487435   0.00117334    -0.00148386  -0.00253931    -0.00060615  -0.00103242
  0.00148386   0.00253931    -0.00073281  -0.00133675     0.00084716  -0.00083068
 -0.00060615  -0.00103242    -0.00084716   0.00083068    -0.00274653   0.00493834
    8    5
 -0.00044394   0.00076892     0.00209760  -0.00372037     0.00312447  -0.00437301
 -0.00217313   0.00367676     0.00717897  -0.01243435    -0.00030333  -0.00171188
  0.00222490  -0.00489238    -0.00163420   0.00059324    -0.00223294   0.00386757
    8    6
  0.00146435  -0.00000000    -0.00579064   0.00132815     0.00579064  -0.00132815
  0.00579064   0.00132815    -0.00031728  -0.00000000    -0.00458582   0.00000000
 -0.00579064  -0.00132815    -0.00458582   0.00000000    -0.00031728   0.00000000
    8    7
 -0.01217150  -0.00393969     0.00574393   0.00008545    -0.00574393  -0.00008545
 -0.00574393  -0.00008545    -0.00483560   0.01010084     0.00530597  -0.00415232
  0.00574393   0.00008545     0.00530597  -0.00415232    -0.00483560   0.01010084
    8    8
  0.03281159  -0.00000000     0.00117240   0.00016847    -0.00117240  -0.00016847
  0.00117240  -0.00016847     0.03267216  -0.00000000    -0.01016057  -0.00000000
 -0.00117240   0.00016847    -0.01016057  -0.00000000     0.03267216  -0.00000000
    8    9
 -0.00329091  -0.00482664     0.00229670   0.00033566    -0.00229670  -0.00033566
  0.00229670   0.00033566    -0.00532147  -0.00052874     0.00213017  -0.00334984
 -0.00229670  -0.00033566     0.00213017  -0.00334984    -0.00532147  -0.00052874
    8   10
  0.00487435   0.00117334     0.00060615   0.00103242     0.00148386   0.00253931
  0.00060615   0.00103242    -0.00274653   0.00493834    -0.00084716   0.00083068
 -0.00148386  -0.00253931     0.00084716  -0.00083068    -0.00073281  -0.00133675
    8   11
 -0.00044394   0.00076892    -0.00312447   0.00437301    -0.00209760   0.00372037
 -0.00222490   0.00489238    -0.00223294   0.00386757    -0.00163420   0.00059324
  0.00217313  -0.00367676    -0.00030333  -0.00171188     0.00717897  -0.01243435
    9    1
  0.00764537   0.00059056    -0.00028628   0.01312006     0.00028628  -0.01312006
  0.01395403   0.00478347    -0.00467885  -0.00676770     0.00278238   0.00769005
 -0.01395403  -0.00478347     0.00278238   0.00769005    -0.00467885  -0.00676770
    9    2
  0.00034604  -0.00291636     0.00961880   0.00170861    -0.00961880  -0.00170861
  0.01533148  -0.00139662    -0.01027136   0.00081587     0.01240221   0.00263228
 -0.01533148   0.00139662     0.01240221   0.00263228    -0.01027136   0.00081587
    9    3
 -0.00731046  -0.01291861    -0.00467100   0.00168275     0.00467100  -0.00168275
 -0.00031533  -0.00239380     0.00545830  -0.00045526    -0.00636016  -0.00242501
  0.00031533   0.00239380    -0.00636016  -0.00242501     0.00545830  -0.00045526
    9    4
 -0.00044394  -0.00076892     0.00209760   0.00372037     0.00312447   0.00437301
 -0.00217313  -0.00367676     0.00717897   0.01243435    -0.00030333   0.00171188
  0.00222490   0.00489238    -0.00163420  -0.00059324    -0.00223294  -0.00386757
    9    5
  0.00487435  -0.00117334    -0.00148386   0.00253931    -0.00060615   0.00103242
  0.00148386  -0.00253931    -0.00073281   0.00133675     0.00084716   0.00083068
 -0.00060615   0.00103242    -0.00084716  -0.00083068    -0.00274653  -0.00493834
    9    6
 -0.01217150   0.00393969     0.00574393  -0.00008545    -0.00574393   0.00008545
 -0.00574393   0.00008545    -0.00483560  -0.01010084     0.00530597   0.00415232
  0.00574393  -0.00008545     0.00530597   0.00415232    -0.00483560  -0.01010084
    9    7
  0.00146435  -0.00000000    -0.00579064  -0.00132815     0.00579064   0.00132815
  0.00579064  -0.00132815    -0.00031728   0.00000000    -0.00458582   0.00000000
 -0.00579064   0.00132815    -0.00458582  -0.00000000    -0.00031728  -0.00000000
    9    8
 -0.00329091   0.00482664     0.00229670  -0.00033566    -0.00229670   0.00033566
  0.00229670  -0.00033566    -0.00532147   0.00052874     0.00213017   0.00334984
 -0.00229670   0.00033566     0.00213017   0.00334984    -0.00532147   0.00052874
    9    9
  0.03281159   0.00000000     0.00117240  -0.00016847    -0.00117240   0.00016847
  0.00117240   0.00016847     0.03267216   0.00000000    -0.01016057   0.00000000
 -0.00117240  -0.00016847    -0.01016057   0.00000000     0.03267216   0.00000000
    9   10
 -0.00044394  -0.00076892    -0.00312447  -0.00437301    -0.00209760  -0.00372037
 -0.00222490  -0.00489238    -0.00223294  -0.00386757    -0.00163420  -0.00059324
  0.00217313   0.00367676    -0.00030333   0.00171188     0.00717897   0.01243435
    9   11
  0.00487435  -0.00117334     0.00060615  -0.00103242     0.00148386  -0.00253931
  0.00060615  -0.00103242    -0.00274653  -0.00493834    -0.00084716  -0.00083068
 -0.00148386   0.00253931     0.00084716   0.00083068    -0.00073281   0.00133675
   10    1
 -0.00433412   0.00632580    -0.01121916  -0.00680796    -0.01121916  -0.00680796
 -0.01111962   0.00969281     0.00820043  -0.00066815     0.00805096   0.00143541
 -0.01111962   0.00969281     0.00805096   0.00143541     0.00820043  -0.00066815
   10    2
 -0.00753262   0.01279035     0.00379280   0.00320383     0.00379280   0.00320383
 -0.00191543   0.00146998    -0.00312341  -0.00449940    -0.00107996  -0.00672057
 -0.00191543   0.00146998    -0.00107996  -0.00672057    -0.00312341  -0.00449940
   10    3
  0.00034604  -0.00291636     0.00961880   0.00170861     0.00961880   0.00170861
  0.01533148  -0.00139662    -0.01027136   0.00081587    -0.01240221  -0.00263228
  0.01533148  -0.00139662    -0.01240221  -0.00263228    -0.01027136   0.00081587
   10    4
  0.00146435  -0.00000000    -0.00579064  -0.00132815    -0.00579064  -0.00132815
  0.00579064  -0.00132815    -0.00031728   0.00000000     0.00458582   0.00000000
  0.00579064  -0.00132815     0.00458582   0.00000000    -0.00031728  -0.00000000
   10    5
  0.00949762   0.00857098    -0.00294597  -0.00493166    -0.00294597  -0.00493166
  0.00294597   0.00493166    -0.00632978   0.00923817    -0.00094303   0.00667126
  0.00294597   0.00493166    -0.00094303   0.00667126    -0.00632978   0.00923817
   10    6
  0.00487435  -0.00117334    -0.00148386   0.00253931     0.00060615  -0.00103242
  0.00148386  -0.00253931    -0.00073281   0.00133675    -0.00084716  -0.00083068
  0.00060615  -0.00103242     0.00084716   0.00083068    -0.00274653  -0.00493834
   10    7
 -0.00044394   0.00076892     0.00217313  -0.00367676    -0.00222490   0.00489238
 -0.00209760   0.00372037     0.00717897  -0.01243435    -0.00163420   0.00059324
 -0.00312447   0.00437301    -0.00030333  -0.00171188    -0.00223294   0.00386757
   10    8
  0.00487435  -0.00117334     0.00060615  -0.00103242    -0.00148386   0.00253931
  0.00060615  -0.00103242    -0.00274653  -0.00493834     0.00084716   0.00083068
  0.00148386  -0.00253931    -0.00084716  -0.00083068    -0.00073281   0.00133675
   10    9
 -0.00044394   0.00076892    -0.00222490   0.00489238     0.00217313  -0.00367676
 -0.00312447   0.00437301    -0.00223294   0.00386757    -0.00030333  -0.00171188
 -0.00209760   0.00372037    -0.00163420   0.00059324     0.00717897  -0.01243435
   10   10
  0.03281159  -0.00000000     0.00117240  -0.00016847     0.00117240  -0.00016847
  0.00117240   0.00016847     0.03267216   0.00000000     0.01016057  -0.00000000
  0.00117240   0.00016847     0.01016057  -0.00000000     0.03267216   0.00000000
   10   11
  0.00582545   0.00043669    -0.00143904  -0.00182117    -0.00143904  -0.00182117
 -0.00143904  -0.00182117     0.00311864   0.00434416    -0.00183597   0.00351970
 -0.00143904  -0.00182117    -0.00183597   0.00351970     0.00311864   0.00434416
   11    1
 -0.00433412  -0.00632580    -0.01121916   0.00680796    -0.01121916   0.00680796
 -0.01111962  -0.00969281     0.00820043   0.00066815     0.00805096  -0.00143541
 -0.01111962  -0.00969281     0.00805096  -0.00143541     0.00820043   0.00066815
   11    2
  0.00034604   0.00291636     0.00961880  -0.00170861     0.00961880  -0.00170861
  0.01533148   0.00139662    -0.01027136  -0.00081587    -0.01240221   0.00263228
  0.01533148   0.00139662    -0.01240221   0.00263228    -0.01027136  -0.00081587
   11    3
 -0.00753262  -0.01279035     0.00379280  -0.00320383     0.00379280  -0.00320383
 -0.00191543  -0.00146998    -0.00312341   0.00449940    -0.00107996   0.00672057
 -0.00191543  -0.00146998    -0.00107996   0.00672057    -0.00312341   0.00449940
   11    4
  0.00949762  -0.00857098    -0.00294597   0.00493166    -0.00294597   0.00493166
  0.00294597  -0.00493166    -0.00632978  -0.00923817    -0.00094303  -0.00667126
  0.00294597  -0.00493166    -0.00094303  -0.00667126    -0.00632978  -0.00923817
   11    5
  0.00146435   0.00000000    -0.00579064   0.00132815    -0.00579064   0.00132815
  0.00579064   0.00132815    -0.00031728   0.00000000     0.00458582   0.00000000
  0.00579064   0.00132815     0.00458582  -0.00000000    -0.00031728   0.00000000
   11    6
 -0.00044394  -0.00076892     0.00217313   0.00367676    -0.00222490  -0.00489238
 -0.00209760  -0.00372037     0.00717897   0.01243435    -0.00163420  -0.00059324
 -0.00312447  -0.00437301    -0.00030333   0.00171188    -0.00223294  -0.00386757
   11    7
  0.00487435   0.00117334    -0.00148386  -0.00253931     0.00060615   0.00103242
  0.00148386   0.00253931    -0.00073281  -0.00133675    -0.00084716   0.00083068
  0.00060615   0.00103242     0.00084716  -0.00083068    -0.00274653   0.00493834
   11    8
 -0.00044394  -0.00076892    -0.00222490  -0.00489238     0.00217313   0.00367676
 -0.00312447  -0.00437301    -0.00223294  -0.00386757    -0.00030333   0.00171188
 -0.00209760  -0.00372037    -0.00163420  -0.00059324     0.00717897   0.01243435
   11    9
  0.00487435   0.00117334     0.00060615   0.00103242    -0.00148386  -0.00253931
  0.00060615   0.00103242    -0.00274653   0.00493834     0.00084716  -0.00083068
  0.00148386   0.00253931    -0.00084716   0.00083068    -0.00073281  -0.00133675
   11   10
  0.00582545  -0.00043669    -0.00143904   0.00182117    -0.00143904   0.00182117
 -0.00143904   0.00182117     0.00311864  -0.00434416    -0.00183597  -0.00351970
 -0.00143904   0.00182117    -0.00183597  -0.00351970     0.00311864  -0.00434416
   11   11
  0.03281159   0.00000000     0.00117240   0.00016847     0.00117240   0.00016847
  0.00117240  -0.00016847     0.03267216  -0.00000000     0.01016057   0.00000000
  0.00117240  -0.00016847     0.01016057   0.00000000     0.03267216  -0.00000000

     Dynamical  Matrix in cartesian axes

     q = (   -0.471404521   0.000000000   0.000000000 ) 

    1    1
  0.24946981   0.00000000     0.00000000   0.00000000     0.00000000   0.00000000
 -0.00000000   0.00000000     0.10125213   0.00000000     0.00000000   0.00000000
  0.00000000   0.00000000    -0.00000000   0.00000000     0.10125213   0.00000000
    1    2
  0.01311872  -0.02272229     0.00000000   0.00000000     0.00000000  -0.00000000
  0.00000000  -0.00000000    -0.01253924   0.02171861    -0.02627767  -0.01517142
  0.00000000   0.00000000    -0.02627767  -0.01517142    -0.01253924   0.02171861
    1    3
  0.01311872   0.02272229     0.00000000  -0.00000000    -0.00000000   0.00000000
  0.00000000  -0.00000000    -0.01253924  -0.02171861    -0.02627767   0.01517142
  0.00000000   0.00000000    -0.02627767   0.01517142    -0.01253924  -0.02171861
    1    4
 -0.00433412   0.00632580     0.01111962  -0.00969281     0.01111962  -0.00969281
  0.01121916   0.00680796     0.00820043  -0.00066815     0.00805096   0.00143541
  0.01121916   0.00680796     0.00805096   0.00143541     0.00820043  -0.00066815
    1    5
 -0.00433412  -0.00632580     0.01111962   0.00969281     0.01111962   0.00969281
  0.01121916  -0.00680796     0.00820043   0.00066815     0.00805096  -0.00143541
  0.01121916  -0.00680796     0.00805096  -0.00143541     0.00820043   0.00066815
    1    6
  0.00764537  -0.00059056    -0.01395403   0.00478347     0.01395403  -0.00478347
  0.00028628   0.01312006    -0.00467885   0.00676770     0.00278238  -0.00769005
 -0.00028628  -0.01312006     0.00278238  -0.00769005    -0.00467885   0.00676770
    1    7
  0.00764537   0.00059056    -0.01395403  -0.00478347     0.01395403   0.00478347
  0.00028628  -0.01312006    -0.00467885  -0.00676770     0.00278238   0.00769005
 -0.00028628   0.01312006     0.00278238   0.00769005    -0.00467885  -0.00676770
    1    8
  0.00764537  -0.00059056     0.01395403  -0.00478347    -0.01395403   0.00478347
 -0.00028628  -0.01312006    -0.00467885   0.00676770     0.00278238  -0.00769005
  0.00028628   0.01312006     0.00278238  -0.00769005    -0.00467885   0.00676770
    1    9
  0.00764537   0.00059056     0.01395403   0.00478347    -0.01395403  -0.00478347
 -0.00028628   0.01312006    -0.00467885  -0.00676770     0.00278238   0.00769005
  0.00028628  -0.01312006     0.00278238   0.00769005    -0.00467885  -0.00676770
    1   10
 -0.00433412   0.00632580    -0.01111962   0.00969281    -0.01111962   0.00969281
 -0.01121916  -0.00680796     0.00820043  -0.00066815     0.00805096   0.00143541
 -0.01121916  -0.00680796     0.00805096   0.00143541     0.00820043  -0.00066815
    1   11
 -0.00433412  -0.00632580    -0.01111962  -0.00969281    -0.01111962  -0.00969281
 -0.01121916   0.00680796     0.00820043   0.00066815     0.00805096  -0.00143541
 -0.01121916   0.00680796     0.00805096  -0.00143541     0.00820043   0.00066815
    2    1
  0.01311872   0.02272229     0.00000000   0.00000000     0.00000000   0.00000000
 -0.00000000  -0.00000000    -0.01253924  -0.02171861    -0.02627767   0.01517142
  0.00000000   0.00000000    -0.02627767   0.01517142    -0.01253924  -0.02171861
    2    2
  0.07205387  -0.00000000    -0.00000000   0.00000000    -0.00000000   0.00000000
  0.00000000  -0.00000000     0.03864597  -0.00000000     0.00000000   0.00000000
 -0.00000000   0.00000000     0.00000000   0.00000000     0.03864597   0.00000000
    2    3
 -0.00031775   0.00055036    -0.00000000   0.00000000     0.00000000   0.00000000
 -0.00000000   0.00000000    -0.00149197   0.00258417     0.01408504   0.00813200
 -0.00000000  -0.00000000     0.01408504   0.00813200    -0.00149197   0.00258417
    2    4
 -0.00753262   0.01279035     0.00191543  -0.00146998     0.00191543  -0.00146998
 -0.00379280  -0.00320383    -0.00312341  -0.00449940    -0.00107996  -0.00672057
 -0.00379280  -0.00320383    -0.00107996  -0.00672057    -0.00312341  -0.00449940
    2    5
  0.00034604   0.00291636    -0.01533148  -0.00139662    -0.01533148  -0.00139662
 -0.00961880   0.00170861    -0.01027136  -0.00081587    -0.01240221   0.00263228
 -0.00961880   0.00170861    -0.01240221   0.00263228    -0.01027136  -0.00081587
    2    6
 -0.00731046   0.01291861     0.00031533  -0.00239380    -0.00031533   0.00239380
  0.00467100   0.00168275     0.00545830   0.00045526    -0.00636016   0.00242501
 -0.00467100  -0.00168275    -0.00636016   0.00242501     0.00545830   0.00045526
    2    7
  0.00034604  -0.00291636    -0.01533148   0.00139662     0.01533148  -0.00139662
 -0.00961880  -0.00170861    -0.01027136   0.00081587     0.01240221   0.00263228
  0.00961880   0.00170861     0.01240221   0.00263228    -0.01027136   0.00081587
    2    8
 -0.00731046   0.01291861    -0.00031533   0.00239380     0.00031533  -0.00239380
 -0.00467100  -0.00168275     0.00545830   0.00045526    -0.00636016   0.00242501
  0.00467100   0.00168275    -0.00636016   0.00242501     0.00545830   0.00045526
    2    9
  0.00034604  -0.00291636     0.01533148  -0.00139662    -0.01533148   0.00139662
  0.00961880   0.00170861    -0.01027136   0.00081587     0.01240221   0.00263228
 -0.00961880  -0.00170861     0.01240221   0.00263228    -0.01027136   0.00081587
    2   10
 -0.00753262   0.01279035    -0.00191543   0.00146998    -0.00191543   0.00146998
  0.00379280   0.00320383    -0.00312341  -0.00449940    -0.00107996  -0.00672057
  0.00379280   0.00320383    -0.00107996  -0.00672057    -0.00312341  -0.00449940
    2   11
  0.00034604   0.00291636     0.01533148   0.00139662     0.01533148   0.00139662
  0.00961880  -0.00170861    -0.01027136  -0.00081587    -0.01240221   0.00263228
  0.00961880  -0.00170861    -0.01240221   0.00263228    -0.01027136  -0.00081587
    3    1
  0.01311872  -0.02272229    -0.00000000  -0.00000000    -0.00000000  -0.00000000
 -0.00000000  -0.00000000    -0.01253924   0.02171861    -0.02627767  -0.01517142
 -0.00000000   0.00000000    -0.02627767  -0.01517142    -0.01253924   0.02171861
    3    2
 -0.00031775  -0.00055036    -0.00000000  -0.00000000     0.00000000  -0.00000000
 -0.00000000  -0.00000000    -0.00149197  -0.00258417     0.01408504  -0.00813200
 -0.00000000   0.00000000     0.01408504  -0.00813200    -0.00149197  -0.00258417
    3    3
  0.07205387   0.00000000    -0.00000000  -0.00000000    -0.00000000  -0.00000000
  0.00000000   0.00000000     0.03864597   0.00000000     0.00000000  -0.00000000
 -0.00000000  -0.00000000     0.00000000  -0.00000000     0.03864597  -0.00000000
    3    4
  0.00034604  -0.00291636    -0.01533148   0.00139662    -0.01533148   0.00139662
 -0.00961880  -0.00170861    -0.01027136   0.00081587    -0.01240221  -0.00263228
 -0.00961880  -0.00170861    -0.01240221  -0.00263228    -0.01027136   0.00081587
    3    5
 -0.00753262  -0.01279035     0.00191543   0.00146998     0.00191543   0.00146998
 -0.00379280   0.00320383    -0.00312341   0.00449940    -0.00107996   0.00672057
 -0.00379280   0.00320383    -0.00107996   0.00672057    -0.00312341   0.00449940
    3    6
  0.00034604   0.00291636    -0.01533148  -0.00139662     0.01533148   0.00139662
 -0.00961880   0.00170861    -0.01027136  -0.00081587     0.01240221  -0.00263228
  0.00961880  -0.00170861     0.01240221  -0.00263228    -0.01027136  -0.00081587
    3    7
 -0.00731046  -0.01291861     0.00031533   0.00239380    -0.00031533  -0.00239380
  0.00467100  -0.00168275     0.00545830  -0.00045526    -0.00636016  -0.00242501
 -0.00467100   0.00168275    -0.00636016  -0.00242501     0.00545830  -0.00045526
    3    8
  0.00034604   0.00291636     0.01533148   0.00139662    -0.01533148  -0.00139662
  0.00961880  -0.00170861    -0.01027136  -0.00081587     0.01240221  -0.00263228
 -0.00961880   0.00170861     0.01240221  -0.00263228    -0.01027136  -0.00081587
    3    9
 -0.00731046  -0.01291861    -0.00031533  -0.00239380     0.00031533   0.00239380
 -0.00467100   0.00168275     0.00545830  -0.00045526    -0.00636016  -0.00242501
  0.00467100  -0.00168275    -0.00636016  -0.00242501     0.00545830  -0.00045526
    3   10
  0.00034604  -0.00291636     0.01533148  -0.00139662     0.01533148  -0.00139662
  0.00961880   0.00170861    -0.01027136   0.00081587    -0.01240221  -0.00263228
  0.00961880   0.00170861    -0.01240221  -0.00263228    -0.01027136   0.00081587
    3   11
 -0.00753262  -0.01279035    -0.00191543  -0.00146998    -0.00191543  -0.00146998
  0.00379280  -0.00320383    -0.00312341   0.00449940    -0.00107996   0.00672057
  0.00379280  -0.00320383    -0.00107996   0.00672057    -0.00312341   0.00449940
    4    1
 -0.00433412  -0.00632580     0.01121916  -0.00680796     0.01121916  -0.00680796
