  1.000000000000000E-002   1.62564894158596        4.49115391218799     
           8

     Dynamical  Matrix in cartesian axes

     q = (    0.235702260   0.235702260  -0.235702260 ) 

    1    1
  0.04276102   0.00000000     0.01587936   0.00000000    -0.01587936   0.00000000
  0.01587936   0.00000000     0.04276102   0.00000000    -0.01587936   0.00000000
 -0.01587936   0.00000000    -0.01587936   0.00000000     0.04276102   0.00000000
    1    2
  0.01221805  -0.00378982     0.01186703  -0.00662955    -0.01186703   0.00662955
  0.01186703  -0.00662955     0.01221805  -0.00378982    -0.01186703   0.00662955
 -0.01186703   0.00662955    -0.01186703   0.00662955     0.01221805  -0.00378982
    1    3
  0.01221805   0.00378982     0.01186703   0.00662955    -0.01186703  -0.00662955
  0.01186703   0.00662955     0.01221805   0.00378982    -0.01186703  -0.00662955
 -0.01186703  -0.00662955    -0.01186703  -0.00662955     0.01221805   0.00378982
    1    4
 -0.00774885  -0.00702662    -0.00071269  -0.00631200     0.00128487  -0.00016494
 -0.00071269  -0.00631200    -0.00774885  -0.00702662     0.00128487  -0.00016494
  0.00175329   0.00625188     0.00175329   0.00625188    -0.00016716   0.00493918
    1    5
 -0.00774885   0.00702662    -0.00071269   0.00631200     0.00128487   0.00016494
 -0.00071269   0.00631200    -0.00774885   0.00702662     0.00128487   0.00016494
  0.00175329  -0.00625188     0.00175329  -0.00625188    -0.00016716  -0.00493918
    1    6
 -0.01186593  -0.00271312    -0.00442230  -0.00439140     0.00442230   0.00439140
 -0.00442230  -0.00439140    -0.01186593  -0.00271312     0.00442230   0.00439140
  0.00442230   0.00439140     0.00442230   0.00439140    -0.01186593  -0.00271312
    1    7
 -0.01186593   0.00271312    -0.00442230   0.00439140     0.00442230  -0.00439140
 -0.00442230   0.00439140    -0.01186593   0.00271312     0.00442230  -0.00439140
  0.00442230  -0.00439140     0.00442230  -0.00439140    -0.01186593   0.00271312
    1    8
 -0.00016716   0.00493918    -0.00175329  -0.00625188     0.00175329   0.00625188
 -0.00128487   0.00016494    -0.00774885  -0.00702662     0.00071269   0.00631200
  0.00128487  -0.00016494     0.00071269   0.00631200    -0.00774885  -0.00702662
    1    9
 -0.00016716  -0.00493918    -0.00175329   0.00625188     0.00175329  -0.00625188
 -0.00128487  -0.00016494    -0.00774885   0.00702662     0.00071269  -0.00631200
  0.00128487   0.00016494     0.00071269  -0.00631200    -0.00774885   0.00702662
    1   10
 -0.00774885  -0.00702662    -0.00128487   0.00016494     0.00071269   0.00631200
 -0.00175329  -0.00625188    -0.00016716   0.00493918     0.00175329   0.00625188
  0.00071269   0.00631200     0.00128487  -0.00016494    -0.00774885  -0.00702662
    1   11
 -0.00774885   0.00702662    -0.00128487  -0.00016494     0.00071269  -0.00631200
 -0.00175329   0.00625188    -0.00016716  -0.00493918     0.00175329  -0.00625188
  0.00071269  -0.00631200     0.00128487   0.00016494    -0.00774885   0.00702662
    2    1
  0.01221805   0.00378982     0.01186703   0.00662955    -0.01186703  -0.00662955
  0.01186703   0.00662955     0.01221805   0.00378982    -0.01186703  -0.00662955
 -0.01186703  -0.00662955    -0.01186703  -0.00662955     0.01221805   0.00378982
    2    2
  0.02509193  -0.00000000     0.01373509  -0.00000000    -0.01373509   0.00000000
  0.01373509  -0.00000000     0.02509193  -0.00000000    -0.01373509   0.00000000
 -0.01373509   0.00000000    -0.01373509   0.00000000     0.02509193  -0.00000000
    2    3
  0.00496797   0.00447706     0.00477310   0.00827514    -0.00477310  -0.00827514
  0.00477310   0.00827514     0.00496797   0.00447706    -0.00477310  -0.00827514
 -0.00477310  -0.00827514    -0.00477310  -0.00827514     0.00496797   0.00447706
    2    4
 -0.00666113  -0.00414448     0.00077566  -0.00515376     0.00104921   0.00198122
  0.00077566  -0.00515376    -0.00666113  -0.00414448     0.00104921   0.00198122
 -0.00069140   0.00861636    -0.00069140   0.00861636    -0.00038618  -0.00066947
    2    5
 -0.00755532   0.00960089    -0.00669455   0.00502457    -0.00222971  -0.00005182
 -0.00669455   0.00502457    -0.00755532   0.00960089    -0.00222971  -0.00005182
  0.00079063  -0.00569785     0.00079063  -0.00569785    -0.00383630   0.00036933
    2    6
  0.00089431  -0.00286219     0.00041393  -0.00480458    -0.00041393   0.00480458
  0.00041393  -0.00480458     0.00089431  -0.00286219    -0.00041393   0.00480458
 -0.00041393   0.00480458    -0.00041393   0.00480458     0.00089431  -0.00286219
    2    7
 -0.01021314   0.00177774    -0.01033110   0.00272331     0.01033110  -0.00272331
 -0.01033110   0.00272331    -0.01021314   0.00177774     0.01033110  -0.00272331
  0.01033110  -0.00272331     0.01033110  -0.00272331    -0.01021314   0.00177774
    2    8
 -0.00038618  -0.00066947     0.00069140  -0.00861636    -0.00069140   0.00861636
 -0.00104921  -0.00198122    -0.00666113  -0.00414448    -0.00077566   0.00515376
  0.00104921   0.00198122    -0.00077566   0.00515376    -0.00666113  -0.00414448
    2    9
 -0.00383630   0.00036933    -0.00079063   0.00569785     0.00079063  -0.00569785
  0.00222971   0.00005182    -0.00755532   0.00960089     0.00669455  -0.00502457
 -0.00222971  -0.00005182     0.00669455  -0.00502457    -0.00755532   0.00960089
    2   10
 -0.00666113  -0.00414448    -0.00104921  -0.00198122    -0.00077566   0.00515376
  0.00069140  -0.00861636    -0.00038618  -0.00066947    -0.00069140   0.00861636
 -0.00077566   0.00515376     0.00104921   0.00198122    -0.00666113  -0.00414448
    2   11
 -0.00755532   0.00960089     0.00222971   0.00005182     0.00669455  -0.00502457
 -0.00079063   0.00569785    -0.00383630   0.00036933     0.00079063  -0.00569785
  0.00669455  -0.00502457    -0.00222971  -0.00005182    -0.00755532   0.00960089
    3    1
  0.01221805  -0.00378982     0.01186703  -0.00662955    -0.01186703   0.00662955
  0.01186703  -0.00662955     0.01221805  -0.00378982    -0.01186703   0.00662955
 -0.01186703   0.00662955    -0.01186703   0.00662955     0.01221805  -0.00378982
    3    2
  0.00496797  -0.00447706     0.00477310  -0.00827514    -0.00477310   0.00827514
  0.00477310  -0.00827514     0.00496797  -0.00447706    -0.00477310   0.00827514
 -0.00477310   0.00827514    -0.00477310   0.00827514     0.00496797  -0.00447706
    3    3
  0.02509193   0.00000000     0.01373509   0.00000000    -0.01373509  -0.00000000
  0.01373509   0.00000000     0.02509193   0.00000000    -0.01373509  -0.00000000
 -0.01373509  -0.00000000    -0.01373509  -0.00000000     0.02509193   0.00000000
    3    4
 -0.00755532  -0.00960089    -0.00669455  -0.00502457    -0.00222971   0.00005182
 -0.00669455  -0.00502457    -0.00755532  -0.00960089    -0.00222971   0.00005182
  0.00079063   0.00569785     0.00079063   0.00569785    -0.00383630  -0.00036933
    3    5
 -0.00666113   0.00414448     0.00077566   0.00515376     0.00104921  -0.00198122
  0.00077566   0.00515376    -0.00666113   0.00414448     0.00104921  -0.00198122
 -0.00069140  -0.00861636    -0.00069140  -0.00861636    -0.00038618   0.00066947
    3    6
 -0.01021314  -0.00177774    -0.01033110  -0.00272331     0.01033110   0.00272331
 -0.01033110  -0.00272331    -0.01021314  -0.00177774     0.01033110   0.00272331
  0.01033110   0.00272331     0.01033110   0.00272331    -0.01021314  -0.00177774
    3    7
  0.00089431   0.00286219     0.00041393   0.00480458    -0.00041393  -0.00480458
  0.00041393   0.00480458     0.00089431   0.00286219    -0.00041393  -0.00480458
 -0.00041393  -0.00480458    -0.00041393  -0.00480458     0.00089431   0.00286219
    3    8
 -0.00383630  -0.00036933    -0.00079063  -0.00569785     0.00079063   0.00569785
  0.00222971  -0.00005182    -0.00755532  -0.00960089     0.00669455   0.00502457
 -0.00222971   0.00005182     0.00669455   0.00502457    -0.00755532  -0.00960089
    3    9
 -0.00038618   0.00066947     0.00069140   0.00861636    -0.00069140  -0.00861636
 -0.00104921   0.00198122    -0.00666113   0.00414448    -0.00077566  -0.00515376
  0.00104921  -0.00198122    -0.00077566  -0.00515376    -0.00666113   0.00414448
    3   10
 -0.00755532  -0.00960089     0.00222971  -0.00005182     0.00669455   0.00502457
 -0.00079063  -0.00569785    -0.00383630  -0.00036933     0.00079063   0.00569785
  0.00669455   0.00502457    -0.00222971   0.00005182    -0.00755532  -0.00960089
    3   11
 -0.00666113   0.00414448    -0.00104921   0.00198122    -0.00077566  -0.00515376
  0.00069140   0.00861636    -0.00038618   0.00066947    -0.00069140  -0.00861636
 -0.00077566  -0.00515376     0.00104921  -0.00198122    -0.00666113   0.00414448
    4    1
 -0.00774885   0.00702662    -0.00071269   0.00631200     0.00175329  -0.00625188
 -0.00071269   0.00631200    -0.00774885   0.00702662     0.00175329  -0.00625188
  0.00128487   0.00016494     0.00128487   0.00016494    -0.00016716  -0.00493918
    4    2
 -0.00666113   0.00414448     0.00077566   0.00515376    -0.00069140  -0.00861636
  0.00077566   0.00515376    -0.00666113   0.00414448    -0.00069140  -0.00861636
  0.00104921  -0.00198122     0.00104921  -0.00198122    -0.00038618   0.00066947
    4    3
 -0.00755532   0.00960089    -0.00669455   0.00502457     0.00079063  -0.00569785
 -0.00669455   0.00502457    -0.00755532   0.00960089     0.00079063  -0.00569785
 -0.00222971  -0.00005182    -0.00222971  -0.00005182    -0.00383630   0.00036933
    4    4
  0.01744441  -0.00000000     0.00450197   0.00000000    -0.00069744  -0.00115554
  0.00450197   0.00000000     0.01744441  -0.00000000    -0.00069744  -0.00115554
 -0.00069744   0.00115554    -0.00069744   0.00115554     0.00826358  -0.00000000
    4    5
  0.00169110  -0.00344264     0.00152440  -0.00169437     0.00117967   0.00180650
  0.00152440  -0.00169437     0.00169110  -0.00344264     0.00117967   0.00180650
  0.00117967   0.00180650     0.00117967   0.00180650    -0.00093622  -0.00071149
    4    6
  0.00362501  -0.00459989     0.00228252  -0.00227164    -0.00212371   0.00172974
  0.00228252  -0.00227164     0.00362501  -0.00459989    -0.00212371   0.00172974
 -0.00018332  -0.00024151    -0.00018332  -0.00024151    -0.00136850   0.00067743
    4    7
  0.00067778  -0.00182789    -0.00076813  -0.00254294     0.00136472   0.00352025
 -0.00076813  -0.00254294     0.00067778  -0.00182789     0.00136472   0.00352025
 -0.00090843   0.00180779    -0.00090843   0.00180779    -0.00202429   0.00119632
    4    8
  0.00100362  -0.00023422     0.00242481   0.00442968    -0.00069283  -0.00000000
  0.00133544   0.00011378     0.00834289   0.00000000    -0.00242481   0.00442968
  0.00197800   0.00000000    -0.00133544   0.00011378     0.00100362   0.00023422
    4    9
  0.00257376   0.00123022    -0.00481270  -0.00282370     0.00801995   0.00381291
 -0.00217539  -0.00069716     0.00328079  -0.00921461     0.00481270   0.00282370
 -0.00006534  -0.00090484     0.00217539   0.00069716     0.00257376   0.00123022
    4   10
  0.00834289  -0.00000000     0.00133544   0.00011378    -0.00242481   0.00442968
  0.00242481   0.00442968     0.00100362  -0.00023422    -0.00069283   0.00000000
 -0.00133544   0.00011378     0.00197800   0.00000000     0.00100362   0.00023422
    4   11
  0.00328079  -0.00921461    -0.00217539  -0.00069716     0.00481270   0.00282370
 -0.00481270  -0.00282370     0.00257376   0.00123022     0.00801995   0.00381291
  0.00217539   0.00069716    -0.00006534  -0.00090484     0.00257376   0.00123022
    5    1
 -0.00774885  -0.00702662    -0.00071269  -0.00631200     0.00175329   0.00625188
 -0.00071269  -0.00631200    -0.00774885  -0.00702662     0.00175329   0.00625188
  0.00128487  -0.00016494     0.00128487  -0.00016494    -0.00016716   0.00493918
    5    2
 -0.00755532  -0.00960089    -0.00669455  -0.00502457     0.00079063   0.00569785
 -0.00669455  -0.00502457    -0.00755532  -0.00960089     0.00079063   0.00569785
 -0.00222971   0.00005182    -0.00222971   0.00005182    -0.00383630  -0.00036933
    5    3
 -0.00666113  -0.00414448     0.00077566  -0.00515376    -0.00069140   0.00861636
  0.00077566  -0.00515376    -0.00666113  -0.00414448    -0.00069140   0.00861636
  0.00104921   0.00198122     0.00104921   0.00198122    -0.00038618  -0.00066947
    5    4
  0.00169110   0.00344264     0.00152440   0.00169437     0.00117967  -0.00180650
  0.00152440   0.00169437     0.00169110   0.00344264     0.00117967  -0.00180650
  0.00117967  -0.00180650     0.00117967  -0.00180650    -0.00093622   0.00071149
    5    5
  0.01744441   0.00000000     0.00450197  -0.00000000    -0.00069744   0.00115554
  0.00450197  -0.00000000     0.01744441   0.00000000    -0.00069744   0.00115554
 -0.00069744  -0.00115554    -0.00069744  -0.00115554     0.00826358   0.00000000
    5    6
  0.00067778   0.00182789    -0.00076813   0.00254294     0.00136472  -0.00352025
 -0.00076813   0.00254294     0.00067778   0.00182789     0.00136472  -0.00352025
 -0.00090843  -0.00180779    -0.00090843  -0.00180779    -0.00202429  -0.00119632
    5    7
  0.00362501   0.00459989     0.00228252   0.00227164    -0.00212371  -0.00172974
  0.00228252   0.00227164     0.00362501   0.00459989    -0.00212371  -0.00172974
 -0.00018332   0.00024151    -0.00018332   0.00024151    -0.00136850  -0.00067743
    5    8
  0.00257376  -0.00123022    -0.00481270   0.00282370     0.00801995  -0.00381291
 -0.00217539   0.00069716     0.00328079   0.00921461     0.00481270  -0.00282370
 -0.00006534   0.00090484     0.00217539  -0.00069716     0.00257376  -0.00123022
    5    9
  0.00100362   0.00023422     0.00242481  -0.00442968    -0.00069283  -0.00000000
  0.00133544  -0.00011378     0.00834289   0.00000000    -0.00242481  -0.00442968
  0.00197800   0.00000000    -0.00133544  -0.00011378     0.00100362  -0.00023422
    5   10
  0.00328079   0.00921461    -0.00217539   0.00069716     0.00481270  -0.00282370
 -0.00481270   0.00282370     0.00257376  -0.00123022     0.00801995  -0.00381291
  0.00217539  -0.00069716    -0.00006534   0.00090484     0.00257376  -0.00123022
    5   11
  0.00834289   0.00000000     0.00133544  -0.00011378    -0.00242481  -0.00442968
  0.00242481  -0.00442968     0.00100362   0.00023422    -0.00069283  -0.00000000
 -0.00133544  -0.00011378     0.00197800  -0.00000000     0.00100362  -0.00023422
    6    1
 -0.01186593   0.00271312    -0.00442230   0.00439140     0.00442230  -0.00439140
 -0.00442230   0.00439140    -0.01186593   0.00271312     0.00442230  -0.00439140
  0.00442230  -0.00439140     0.00442230  -0.00439140    -0.01186593   0.00271312
    6    2
  0.00089431   0.00286219     0.00041393   0.00480458    -0.00041393  -0.00480458
  0.00041393   0.00480458     0.00089431   0.00286219    -0.00041393  -0.00480458
 -0.00041393  -0.00480458    -0.00041393  -0.00480458     0.00089431   0.00286219
    6    3
 -0.01021314   0.00177774    -0.01033110   0.00272331     0.01033110  -0.00272331
 -0.01033110   0.00272331    -0.01021314   0.00177774     0.01033110  -0.00272331
  0.01033110  -0.00272331     0.01033110  -0.00272331    -0.01021314   0.00177774
    6    4
  0.00362501   0.00459989     0.00228252   0.00227164    -0.00018332   0.00024151
  0.00228252   0.00227164     0.00362501   0.00459989    -0.00018332   0.00024151
 -0.00212371  -0.00172974    -0.00212371  -0.00172974    -0.00136850  -0.00067743
    6    5
  0.00067778  -0.00182789    -0.00076813  -0.00254294    -0.00090843   0.00180779
 -0.00076813  -0.00254294     0.00067778  -0.00182789    -0.00090843   0.00180779
  0.00136472   0.00352025     0.00136472   0.00352025    -0.00202429   0.00119632
    6    6
  0.01274131   0.00000000     0.00671591   0.00000000    -0.00671591  -0.00000000
  0.00671591   0.00000000     0.01274131   0.00000000    -0.00671591  -0.00000000
 -0.00671591  -0.00000000    -0.00671591  -0.00000000     0.01274131   0.00000000
    6    7
 -0.00056587  -0.00116290    -0.00142551  -0.00052251     0.00142551   0.00052251
 -0.00142551  -0.00052251    -0.00056587  -0.00116290     0.00142551   0.00052251
  0.00142551   0.00052251     0.00142551   0.00052251    -0.00056587  -0.00116290
    6    8
 -0.00136850  -0.00067743     0.00212371   0.00172974    -0.00212371  -0.00172974
  0.00018332  -0.00024151     0.00362501   0.00459989    -0.00228252  -0.00227164
 -0.00018332   0.00024151    -0.00228252  -0.00227164     0.00362501   0.00459989
    6    9
 -0.00202429   0.00119632    -0.00136472  -0.00352025     0.00136472   0.00352025
  0.00090843  -0.00180779     0.00067778  -0.00182789     0.00076813   0.00254294
 -0.00090843   0.00180779     0.00076813   0.00254294     0.00067778  -0.00182789
    6   10
  0.00362501   0.00459989     0.00018332  -0.00024151    -0.00228252  -0.00227164
  0.00212371   0.00172974    -0.00136850  -0.00067743    -0.00212371  -0.00172974
 -0.00228252  -0.00227164    -0.00018332   0.00024151     0.00362501   0.00459989
    6   11
  0.00067778  -0.00182789     0.00090843  -0.00180779     0.00076813   0.00254294
 -0.00136472  -0.00352025    -0.00202429   0.00119632     0.00136472   0.00352025
  0.00076813   0.00254294    -0.00090843   0.00180779     0.00067778  -0.00182789
    7    1
 -0.01186593  -0.00271312    -0.00442230  -0.00439140     0.00442230   0.00439140
 -0.00442230  -0.00439140    -0.01186593  -0.00271312     0.00442230   0.00439140
  0.00442230   0.00439140     0.00442230   0.00439140    -0.01186593  -0.00271312
    7    2
 -0.01021314  -0.00177774    -0.01033110  -0.00272331     0.01033110   0.00272331
 -0.01033110  -0.00272331    -0.01021314  -0.00177774     0.01033110   0.00272331
  0.01033110   0.00272331     0.01033110   0.00272331    -0.01021314  -0.00177774
    7    3
  0.00089431  -0.00286219     0.00041393  -0.00480458    -0.00041393   0.00480458
  0.00041393  -0.00480458     0.00089431  -0.00286219    -0.00041393   0.00480458
 -0.00041393   0.00480458    -0.00041393   0.00480458     0.00089431  -0.00286219
    7    4
  0.00067778   0.00182789    -0.00076813   0.00254294    -0.00090843  -0.00180779
 -0.00076813   0.00254294     0.00067778   0.00182789    -0.00090843  -0.00180779
  0.00136472  -0.00352025     0.00136472  -0.00352025    -0.00202429  -0.00119632
    7    5
  0.00362501  -0.00459989     0.00228252  -0.00227164    -0.00018332  -0.00024151
  0.00228252  -0.00227164     0.00362501  -0.00459989    -0.00018332  -0.00024151
 -0.00212371   0.00172974    -0.00212371   0.00172974    -0.00136850   0.00067743
    7    6
 -0.00056587   0.00116290    -0.00142551   0.00052251     0.00142551  -0.00052251
 -0.00142551   0.00052251    -0.00056587   0.00116290     0.00142551  -0.00052251
  0.00142551  -0.00052251     0.00142551  -0.00052251    -0.00056587   0.00116290
    7    7
  0.01274131  -0.00000000     0.00671591  -0.00000000    -0.00671591   0.00000000
  0.00671591  -0.00000000     0.01274131  -0.00000000    -0.00671591   0.00000000
 -0.00671591   0.00000000    -0.00671591   0.00000000     0.01274131  -0.00000000
    7    8
 -0.00202429  -0.00119632    -0.00136472   0.00352025     0.00136472  -0.00352025
  0.00090843   0.00180779     0.00067778   0.00182789     0.00076813  -0.00254294
 -0.00090843  -0.00180779     0.00076813  -0.00254294     0.00067778   0.00182789
    7    9
 -0.00136850   0.00067743     0.00212371  -0.00172974    -0.00212371   0.00172974
  0.00018332   0.00024151     0.00362501  -0.00459989    -0.00228252   0.00227164
 -0.00018332  -0.00024151    -0.00228252   0.00227164     0.00362501  -0.00459989
    7   10
  0.00067778   0.00182789     0.00090843   0.00180779     0.00076813  -0.00254294
 -0.00136472   0.00352025    -0.00202429  -0.00119632     0.00136472  -0.00352025
  0.00076813  -0.00254294    -0.00090843  -0.00180779     0.00067778   0.00182789
    7   11
  0.00362501  -0.00459989     0.00018332   0.00024151    -0.00228252   0.00227164
  0.00212371  -0.00172974    -0.00136850   0.00067743    -0.00212371   0.00172974
 -0.00228252   0.00227164    -0.00018332  -0.00024151     0.00362501  -0.00459989
    8    1
 -0.00016716  -0.00493918    -0.00128487  -0.00016494     0.00128487   0.00016494
 -0.00175329   0.00625188    -0.00774885   0.00702662     0.00071269  -0.00631200
  0.00175329  -0.00625188     0.00071269  -0.00631200    -0.00774885   0.00702662
    8    2
 -0.00038618   0.00066947    -0.00104921   0.00198122     0.00104921  -0.00198122
  0.00069140   0.00861636    -0.00666113   0.00414448    -0.00077566  -0.00515376
 -0.00069140  -0.00861636    -0.00077566  -0.00515376    -0.00666113   0.00414448
    8    3
 -0.00383630   0.00036933     0.00222971   0.00005182    -0.00222971  -0.00005182
 -0.00079063   0.00569785    -0.00755532   0.00960089     0.00669455  -0.00502457
  0.00079063  -0.00569785     0.00669455  -0.00502457    -0.00755532   0.00960089
    8    4
  0.00100362   0.00023422     0.00133544  -0.00011378     0.00197800  -0.00000000
  0.00242481  -0.00442968     0.00834289  -0.00000000    -0.00133544  -0.00011378
 -0.00069283   0.00000000    -0.00242481  -0.00442968     0.00100362  -0.00023422
    8    5
  0.00257376   0.00123022    -0.00217539  -0.00069716    -0.00006534  -0.00090484
 -0.00481270  -0.00282370     0.00328079  -0.00921461     0.00217539   0.00069716
  0.00801995   0.00381291     0.00481270   0.00282370     0.00257376   0.00123022
    8    6
 -0.00136850   0.00067743     0.00018332   0.00024151    -0.00018332  -0.00024151
  0.00212371  -0.00172974     0.00362501  -0.00459989    -0.00228252   0.00227164
 -0.00212371   0.00172974    -0.00228252   0.00227164     0.00362501  -0.00459989
    8    7
 -0.00202429   0.00119632     0.00090843  -0.00180779    -0.00090843   0.00180779
 -0.00136472  -0.00352025     0.00067778  -0.00182789     0.00076813   0.00254294
  0.00136472   0.00352025     0.00076813   0.00254294     0.00067778  -0.00182789
    8    8
  0.00826358  -0.00000000     0.00069744  -0.00115554    -0.00069744   0.00115554
  0.00069744   0.00115554     0.01744441   0.00000000    -0.00450197  -0.00000000
 -0.00069744  -0.00115554    -0.00450197  -0.00000000     0.01744441  -0.00000000
    8    9
 -0.00093622  -0.00071149    -0.00117967  -0.00180650     0.00117967   0.00180650
 -0.00117967  -0.00180650     0.00169110  -0.00344264    -0.00152440   0.00169437
  0.00117967   0.00180650    -0.00152440   0.00169437     0.00169110  -0.00344264
    8   10
  0.00100362   0.00023422    -0.00197800  -0.00000000    -0.00133544   0.00011378
  0.00069283   0.00000000     0.00100362  -0.00023422    -0.00242481  -0.00442968
 -0.00242481   0.00442968    -0.00133544  -0.00011378     0.00834289  -0.00000000
    8   11
  0.00257376   0.00123022     0.00006534   0.00090484     0.00217539   0.00069716
 -0.00801995  -0.00381291     0.00257376   0.00123022     0.00481270   0.00282370
  0.00481270   0.00282370     0.00217539   0.00069716     0.00328079  -0.00921461
    9    1
 -0.00016716   0.00493918    -0.00128487   0.00016494     0.00128487  -0.00016494
 -0.00175329  -0.00625188    -0.00774885  -0.00702662     0.00071269   0.00631200
  0.00175329   0.00625188     0.00071269   0.00631200    -0.00774885  -0.00702662
    9    2
 -0.00383630  -0.00036933     0.00222971  -0.00005182    -0.00222971   0.00005182
 -0.00079063  -0.00569785    -0.00755532  -0.00960089     0.00669455   0.00502457
  0.00079063   0.00569785     0.00669455   0.00502457    -0.00755532  -0.00960089
    9    3
 -0.00038618  -0.00066947    -0.00104921  -0.00198122     0.00104921   0.00198122
  0.00069140  -0.00861636    -0.00666113  -0.00414448    -0.00077566   0.00515376
 -0.00069140   0.00861636    -0.00077566   0.00515376    -0.00666113  -0.00414448
    9    4
  0.00257376  -0.00123022    -0.00217539   0.00069716    -0.00006534   0.00090484
 -0.00481270   0.00282370     0.00328079   0.00921461     0.00217539  -0.00069716
  0.00801995  -0.00381291     0.00481270  -0.00282370     0.00257376  -0.00123022
    9    5
  0.00100362  -0.00023422     0.00133544   0.00011378     0.00197800   0.00000000
  0.00242481   0.00442968     0.00834289  -0.00000000    -0.00133544   0.00011378
 -0.00069283   0.00000000    -0.00242481   0.00442968     0.00100362   0.00023422
    9    6
 -0.00202429  -0.00119632     0.00090843   0.00180779    -0.00090843  -0.00180779
 -0.00136472   0.00352025     0.00067778   0.00182789     0.00076813  -0.00254294
  0.00136472  -0.00352025     0.00076813  -0.00254294     0.00067778   0.00182789
    9    7
 -0.00136850  -0.00067743     0.00018332  -0.00024151    -0.00018332   0.00024151
  0.00212371   0.00172974     0.00362501   0.00459989    -0.00228252  -0.00227164
 -0.00212371  -0.00172974    -0.00228252  -0.00227164     0.00362501   0.00459989
    9    8
 -0.00093622   0.00071149    -0.00117967   0.00180650     0.00117967  -0.00180650
 -0.00117967   0.00180650     0.00169110   0.00344264    -0.00152440  -0.00169437
  0.00117967  -0.00180650    -0.00152440  -0.00169437     0.00169110   0.00344264
    9    9
  0.00826358   0.00000000     0.00069744   0.00115554    -0.00069744  -0.00115554
  0.00069744  -0.00115554     0.01744441  -0.00000000    -0.00450197   0.00000000
 -0.00069744   0.00115554    -0.00450197   0.00000000     0.01744441   0.00000000
    9   10
  0.00257376  -0.00123022     0.00006534  -0.00090484     0.00217539  -0.00069716
 -0.00801995   0.00381291     0.00257376  -0.00123022     0.00481270  -0.00282370
  0.00481270  -0.00282370     0.00217539  -0.00069716     0.00328079   0.00921461
    9   11
  0.00100362  -0.00023422    -0.00197800   0.00000000    -0.00133544  -0.00011378
  0.00069283  -0.00000000     0.00100362   0.00023422    -0.00242481   0.00442968
 -0.00242481  -0.00442968    -0.00133544   0.00011378     0.00834289  -0.00000000
   10    1
 -0.00774885   0.00702662    -0.00175329   0.00625188     0.00071269  -0.00631200
 -0.00128487  -0.00016494    -0.00016716  -0.00493918     0.00128487   0.00016494
  0.00071269  -0.00631200     0.00175329  -0.00625188    -0.00774885   0.00702662
   10    2
 -0.00666113   0.00414448     0.00069140   0.00861636    -0.00077566  -0.00515376
 -0.00104921   0.00198122    -0.00038618   0.00066947     0.00104921  -0.00198122
 -0.00077566  -0.00515376    -0.00069140  -0.00861636    -0.00666113   0.00414448
   10    3
 -0.00755532   0.00960089    -0.00079063   0.00569785     0.00669455  -0.00502457
  0.00222971   0.00005182    -0.00383630   0.00036933    -0.00222971  -0.00005182
  0.00669455  -0.00502457     0.00079063  -0.00569785    -0.00755532   0.00960089
   10    4
  0.00834289  -0.00000000     0.00242481  -0.00442968    -0.00133544  -0.00011378
  0.00133544  -0.00011378     0.00100362   0.00023422     0.00197800   0.00000000
 -0.00242481  -0.00442968    -0.00069283   0.00000000     0.00100362  -0.00023422
   10    5
  0.00328079  -0.00921461    -0.00481270  -0.00282370     0.00217539   0.00069716
 -0.00217539  -0.00069716     0.00257376   0.00123022    -0.00006534  -0.00090484
  0.00481270   0.00282370     0.00801995   0.00381291     0.00257376   0.00123022
   10    6
  0.00362501  -0.00459989     0.00212371  -0.00172974    -0.00228252   0.00227164
  0.00018332   0.00024151    -0.00136850   0.00067743    -0.00018332  -0.00024151
 -0.00228252   0.00227164    -0.00212371   0.00172974     0.00362501  -0.00459989
   10    7
  0.00067778  -0.00182789    -0.00136472  -0.00352025     0.00076813   0.00254294
  0.00090843  -0.00180779    -0.00202429   0.00119632    -0.00090843   0.00180779
  0.00076813   0.00254294     0.00136472   0.00352025     0.00067778  -0.00182789
   10    8
  0.00100362  -0.00023422     0.00069283   0.00000000    -0.00242481  -0.00442968
 -0.00197800  -0.00000000     0.00100362   0.00023422    -0.00133544   0.00011378
 -0.00133544  -0.00011378    -0.00242481   0.00442968     0.00834289   0.00000000
   10    9
  0.00257376   0.00123022    -0.00801995  -0.00381291     0.00481270   0.00282370
  0.00006534   0.00090484     0.00257376   0.00123022     0.00217539   0.00069716
  0.00217539   0.00069716     0.00481270   0.00282370     0.00328079  -0.00921461
   10   10
  0.01744441   0.00000000     0.00069744   0.00115554    -0.00450197  -0.00000000
  0.00069744  -0.00115554     0.00826358  -0.00000000    -0.00069744   0.00115554
 -0.00450197  -0.00000000    -0.00069744  -0.00115554     0.01744441   0.00000000
   10   11
  0.00169110  -0.00344264    -0.00117967  -0.00180650    -0.00152440   0.00169437
 -0.00117967  -0.00180650    -0.00093622  -0.00071149     0.00117967   0.00180650
 -0.00152440   0.00169437     0.00117967   0.00180650     0.00169110  -0.00344264
   11    1
 -0.00774885  -0.00702662    -0.00175329  -0.00625188     0.00071269   0.00631200
 -0.00128487   0.00016494    -0.00016716   0.00493918     0.00128487  -0.00016494
  0.00071269   0.00631200     0.00175329   0.00625188    -0.00774885  -0.00702662
   11    2
 -0.00755532  -0.00960089    -0.00079063  -0.00569785     0.00669455   0.00502457
  0.00222971  -0.00005182    -0.00383630  -0.00036933    -0.00222971   0.00005182
  0.00669455   0.00502457     0.00079063   0.00569785    -0.00755532  -0.00960089
   11    3
 -0.00666113  -0.00414448     0.00069140  -0.00861636    -0.00077566   0.00515376
 -0.00104921  -0.00198122    -0.00038618  -0.00066947     0.00104921   0.00198122
 -0.00077566   0.00515376    -0.00069140   0.00861636    -0.00666113  -0.00414448
   11    4
  0.00328079   0.00921461    -0.00481270   0.00282370     0.00217539  -0.00069716
 -0.00217539   0.00069716     0.00257376  -0.00123022    -0.00006534   0.00090484
  0.00481270  -0.00282370     0.00801995  -0.00381291     0.00257376  -0.00123022
   11    5
  0.00834289   0.00000000     0.00242481   0.00442968    -0.00133544   0.00011378
  0.00133544   0.00011378     0.00100362  -0.00023422     0.00197800   0.00000000
 -0.00242481   0.00442968    -0.00069283   0.00000000     0.00100362   0.00023422
   11    6
  0.00067778   0.00182789    -0.00136472   0.00352025     0.00076813  -0.00254294
  0.00090843   0.00180779    -0.00202429  -0.00119632    -0.00090843  -0.00180779
  0.00076813  -0.00254294     0.00136472  -0.00352025     0.00067778   0.00182789
   11    7
  0.00362501   0.00459989     0.00212371   0.00172974    -0.00228252  -0.00227164
  0.00018332  -0.00024151    -0.00136850  -0.00067743    -0.00018332   0.00024151
 -0.00228252  -0.00227164    -0.00212371  -0.00172974     0.00362501   0.00459989
   11    8
  0.00257376  -0.00123022    -0.00801995   0.00381291     0.00481270  -0.00282370
  0.00006534  -0.00090484     0.00257376  -0.00123022     0.00217539  -0.00069716
  0.00217539  -0.00069716     0.00481270  -0.00282370     0.00328079   0.00921461
   11    9
  0.00100362   0.00023422     0.00069283  -0.00000000    -0.00242481   0.00442968
 -0.00197800   0.00000000     0.00100362  -0.00023422    -0.00133544  -0.00011378
 -0.00133544   0.00011378    -0.00242481  -0.00442968     0.00834289   0.00000000
   11   10
  0.00169110   0.00344264    -0.00117967   0.00180650    -0.00152440  -0.00169437
 -0.00117967   0.00180650    -0.00093622   0.00071149     0.00117967  -0.00180650
 -0.00152440  -0.00169437     0.00117967  -0.00180650     0.00169110   0.00344264
   11   11
  0.01744441  -0.00000000     0.00069744  -0.00115554    -0.00450197   0.00000000
  0.00069744   0.00115554     0.00826358   0.00000000    -0.00069744  -0.00115554
 -0.00450197   0.00000000    -0.00069744   0.00115554     0.01744441  -0.00000000

     Dynamical  Matrix in cartesian axes

     q = (    0.235702260  -0.235702260  -0.235702260 ) 

    1    1
  0.04276102   0.00000000    -0.01587936   0.00000000    -0.01587936   0.00000000
 -0.01587936   0.00000000     0.04276102   0.00000000     0.01587936   0.00000000
 -0.01587936   0.00000000     0.01587936   0.00000000     0.04276102   0.00000000
    1    2
  0.01221805   0.00378982    -0.01186703  -0.00662955    -0.01186703  -0.00662955
 -0.01186703  -0.00662955     0.01221805   0.00378982     0.01186703   0.00662955
 -0.01186703  -0.00662955     0.01186703   0.00662955     0.01221805   0.00378982
    1    3
  0.01221805  -0.00378982    -0.01186703   0.00662955    -0.01186703   0.00662955
 -0.01186703   0.00662955     0.01221805  -0.00378982     0.01186703  -0.00662955
 -0.01186703   0.00662955     0.01186703  -0.00662955     0.01221805  -0.00378982
    1    4
 -0.00016716  -0.00493918     0.00175329  -0.00625188     0.00175329  -0.00625188
  0.00128487   0.00016494    -0.00774885   0.00702662    -0.00071269   0.00631200
  0.00128487   0.00016494    -0.00071269   0.00631200    -0.00774885   0.00702662
    1    5
 -0.00016716   0.00493918     0.00175329   0.00625188     0.00175329   0.00625188
  0.00128487  -0.00016494    -0.00774885  -0.00702662    -0.00071269  -0.00631200
  0.00128487  -0.00016494    -0.00071269  -0.00631200    -0.00774885  -0.00702662
    1    6
 -0.00774885   0.00702662     0.00128487   0.00016494     0.00071269  -0.00631200
  0.00175329  -0.00625188    -0.00016716  -0.00493918    -0.00175329   0.00625188
  0.00071269  -0.00631200    -0.00128487  -0.00016494    -0.00774885   0.00702662
    1    7
 -0.00774885  -0.00702662     0.00128487  -0.00016494     0.00071269   0.00631200
  0.00175329   0.00625188    -0.00016716   0.00493918    -0.00175329  -0.00625188
  0.00071269   0.00631200    -0.00128487   0.00016494    -0.00774885  -0.00702662
    1    8
 -0.00774885   0.00702662     0.00071269  -0.00631200     0.00128487   0.00016494
  0.00071269  -0.00631200    -0.00774885   0.00702662    -0.00128487  -0.00016494
  0.00175329  -0.00625188    -0.00175329   0.00625188    -0.00016716  -0.00493918
    1    9
 -0.00774885  -0.00702662     0.00071269   0.00631200     0.00128487  -0.00016494
  0.00071269   0.00631200    -0.00774885  -0.00702662    -0.00128487   0.00016494
  0.00175329   0.00625188    -0.00175329  -0.00625188    -0.00016716   0.00493918
    1   10
 -0.01186593   0.00271312     0.00442230  -0.00439140     0.00442230  -0.00439140
  0.00442230  -0.00439140    -0.01186593   0.00271312    -0.00442230   0.00439140
  0.00442230  -0.00439140    -0.00442230   0.00439140    -0.01186593   0.00271312
    1   11
 -0.01186593  -0.00271312     0.00442230   0.00439140     0.00442230   0.00439140
  0.00442230   0.00439140    -0.01186593  -0.00271312    -0.00442230  -0.00439140
  0.00442230   0.00439140    -0.00442230  -0.00439140    -0.01186593  -0.00271312
    2    1
  0.01221805  -0.00378982    -0.01186703   0.00662955    -0.01186703   0.00662955
 -0.01186703   0.00662955     0.01221805  -0.00378982     0.01186703  -0.00662955
 -0.01186703   0.00662955     0.01186703  -0.00662955     0.01221805  -0.00378982
    2    2
  0.02509193   0.00000000    -0.01373509  -0.00000000    -0.01373509  -0.00000000
 -0.01373509  -0.00000000     0.02509193   0.00000000     0.01373509   0.00000000
 -0.01373509  -0.00000000     0.01373509   0.00000000     0.02509193   0.00000000
    2    3
  0.00496797  -0.00447706    -0.00477310   0.00827514    -0.00477310   0.00827514
 -0.00477310   0.00827514     0.00496797  -0.00447706     0.00477310  -0.00827514
 -0.00477310   0.00827514     0.00477310  -0.00827514     0.00496797  -0.00447706
    2    4
 -0.00038618   0.00066947    -0.00069140  -0.00861636    -0.00069140  -0.00861636
  0.00104921  -0.00198122    -0.00666113   0.00414448     0.00077566   0.00515376
  0.00104921  -0.00198122     0.00077566   0.00515376    -0.00666113   0.00414448
    2    5
 -0.00383630  -0.00036933     0.00079063   0.00569785     0.00079063   0.00569785
 -0.00222971   0.00005182    -0.00755532  -0.00960089    -0.00669455  -0.00502457
 -0.00222971   0.00005182    -0.00669455  -0.00502457    -0.00755532  -0.00960089
    2    6
 -0.00666113   0.00414448     0.00104921  -0.00198122    -0.00077566  -0.00515376
 -0.00069140  -0.00861636    -0.00038618   0.00066947     0.00069140   0.00861636
 -0.00077566  -0.00515376    -0.00104921   0.00198122    -0.00666113   0.00414448
    2    7
 -0.00755532  -0.00960089    -0.00222971   0.00005182     0.00669455   0.00502457
  0.00079063   0.00569785    -0.00383630  -0.00036933    -0.00079063  -0.00569785
  0.00669455   0.00502457     0.00222971  -0.00005182    -0.00755532  -0.00960089
    2    8
 -0.00666113   0.00414448    -0.00077566  -0.00515376     0.00104921  -0.00198122
 -0.00077566  -0.00515376    -0.00666113   0.00414448    -0.00104921   0.00198122
 -0.00069140  -0.00861636     0.00069140   0.00861636    -0.00038618   0.00066947
    2    9
 -0.00755532  -0.00960089     0.00669455   0.00502457    -0.00222971   0.00005182
  0.00669455   0.00502457    -0.00755532  -0.00960089     0.00222971  -0.00005182
  0.00079063   0.00569785    -0.00079063  -0.00569785    -0.00383630  -0.00036933
    2   10
  0.00089431   0.00286219    -0.00041393  -0.00480458    -0.00041393  -0.00480458
 -0.00041393  -0.00480458     0.00089431   0.00286219     0.00041393   0.00480458
 -0.00041393  -0.00480458     0.00041393   0.00480458     0.00089431   0.00286219
    2   11
 -0.01021314  -0.00177774     0.01033110   0.00272331     0.01033110   0.00272331
  0.01033110   0.00272331    -0.01021314  -0.00177774    -0.01033110  -0.00272331
  0.01033110   0.00272331    -0.01033110  -0.00272331    -0.01021314  -0.00177774
    3    1
  0.01221805   0.00378982    -0.01186703  -0.00662955    -0.01186703  -0.00662955
 -0.01186703  -0.00662955     0.01221805   0.00378982     0.01186703   0.00662955
 -0.01186703  -0.00662955     0.01186703   0.00662955     0.01221805   0.00378982
    3    2
  0.00496797   0.00447706    -0.00477310  -0.00827514    -0.00477310  -0.00827514
 -0.00477310  -0.00827514     0.00496797   0.00447706     0.00477310   0.00827514
 -0.00477310  -0.00827514     0.00477310   0.00827514     0.00496797   0.00447706
    3    3
  0.02509193  -0.00000000    -0.01373509   0.00000000    -0.01373509   0.00000000
 -0.01373509   0.00000000     0.02509193  -0.00000000     0.01373509  -0.00000000
 -0.01373509   0.00000000     0.01373509  -0.00000000     0.02509193  -0.00000000
    3    4
 -0.00383630   0.00036933     0.00079063  -0.00569785     0.00079063  -0.00569785
 -0.00222971  -0.00005182    -0.00755532   0.00960089    -0.00669455   0.00502457
 -0.00222971  -0.00005182    -0.00669455   0.00502457    -0.00755532   0.00960089
    3    5
 -0.00038618  -0.00066947    -0.00069140   0.00861636    -0.00069140   0.00861636
  0.00104921   0.00198122    -0.00666113  -0.00414448     0.00077566  -0.00515376
  0.00104921   0.00198122     0.00077566  -0.00515376    -0.00666113  -0.00414448
    3    6
 -0.00755532   0.00960089    -0.00222971  -0.00005182     0.00669455  -0.00502457
  0.00079063  -0.00569785    -0.00383630   0.00036933    -0.00079063   0.00569785
  0.00669455  -0.00502457     0.00222971   0.00005182    -0.00755532   0.00960089
    3    7
 -0.00666113  -0.00414448     0.00104921   0.00198122    -0.00077566   0.00515376
 -0.00069140   0.00861636    -0.00038618  -0.00066947     0.00069140  -0.00861636
 -0.00077566   0.00515376    -0.00104921  -0.00198122    -0.00666113  -0.00414448
    3    8
 -0.00755532   0.00960089     0.00669455  -0.00502457    -0.00222971  -0.00005182
  0.00669455  -0.00502457    -0.00755532   0.00960089     0.00222971   0.00005182
  0.00079063  -0.00569785    -0.00079063   0.00569785    -0.00383630   0.00036933
    3    9
 -0.00666113  -0.00414448    -0.00077566   0.00515376     0.00104921   0.00198122
 -0.00077566   0.00515376    -0.00666113  -0.00414448    -0.00104921  -0.00198122
 -0.00069140   0.00861636     0.00069140  -0.00861636    -0.00038618  -0.00066947
    3   10
 -0.01021314   0.00177774     0.01033110  -0.00272331     0.01033110  -0.00272331
  0.01033110  -0.00272331    -0.01021314   0.00177774    -0.01033110   0.00272331
  0.01033110  -0.00272331    -0.01033110   0.00272331    -0.01021314   0.00177774
    3   11
  0.00089431  -0.00286219    -0.00041393   0.00480458    -0.00041393   0.00480458
 -0.00041393   0.00480458     0.00089431  -0.00286219     0.00041393  -0.00480458
 -0.00041393   0.00480458     0.00041393  -0.00480458     0.00089431  -0.00286219
    4    1
 -0.00016716   0.00493918     0.00128487  -0.00016494     0.00128487  -0.00016494
