  4.000000000000000E-002   1.62541921959059        5.08886714123503     
           8

     Dynamical  Matrix in cartesian axes

     q = (    0.235702260   0.235702260  -0.235702260 ) 

    1    1
  0.10068058   0.00000000     0.02238221   0.00000000    -0.02238221   0.00000000
  0.02238221   0.00000000     0.10068058   0.00000000    -0.02238221   0.00000000
 -0.02238221   0.00000000    -0.02238221   0.00000000     0.10068058   0.00000000
    1    2
  0.00571963  -0.00364353     0.01193025  -0.00902301    -0.01193025   0.00902301
  0.01193025  -0.00902301     0.00571963  -0.00364353    -0.01193025   0.00902301
 -0.01193025   0.00902301    -0.01193025   0.00902301     0.00571963  -0.00364353
    1    3
  0.00571963   0.00364353     0.01193025   0.00902301    -0.01193025  -0.00902301
  0.01193025   0.00902301     0.00571963   0.00364353    -0.01193025  -0.00902301
 -0.01193025  -0.00902301    -0.01193025  -0.00902301     0.00571963   0.00364353
    1    4
 -0.01234266  -0.00250764     0.00386661  -0.00529729     0.00508655  -0.00424595
  0.00386661  -0.00529729    -0.01234266  -0.00250764     0.00508655  -0.00424595
  0.00562958  -0.00047140     0.00562958  -0.00047140     0.00025980   0.01454743
    1    5
 -0.01234266   0.00250764     0.00386661   0.00529729     0.00508655   0.00424595
  0.00386661   0.00529729    -0.01234266   0.00250764     0.00508655   0.00424595
  0.00562958   0.00047140     0.00562958   0.00047140     0.00025980  -0.01454743
    1    6
 -0.01815615   0.00257038    -0.00121105  -0.00466489     0.00121105   0.00466489
 -0.00121105  -0.00466489    -0.01815615   0.00257038     0.00121105   0.00466489
  0.00121105   0.00466489     0.00121105   0.00466489    -0.01815615   0.00257038
    1    7
 -0.01815615  -0.00257038    -0.00121105   0.00466489     0.00121105  -0.00466489
 -0.00121105   0.00466489    -0.01815615  -0.00257038     0.00121105  -0.00466489
  0.00121105  -0.00466489     0.00121105  -0.00466489    -0.01815615  -0.00257038
    1    8
  0.00025980   0.01454743    -0.00562958   0.00047140     0.00562958  -0.00047140
 -0.00508655   0.00424595    -0.01234266  -0.00250764    -0.00386661   0.00529729
  0.00508655  -0.00424595    -0.00386661   0.00529729    -0.01234266  -0.00250764
    1    9
  0.00025980  -0.01454743    -0.00562958  -0.00047140     0.00562958   0.00047140
 -0.00508655  -0.00424595    -0.01234266   0.00250764    -0.00386661  -0.00529729
  0.00508655   0.00424595    -0.00386661  -0.00529729    -0.01234266   0.00250764
    1   10
 -0.01234266  -0.00250764    -0.00508655   0.00424595    -0.00386661   0.00529729
 -0.00562958   0.00047140     0.00025980   0.01454743     0.00562958  -0.00047140
 -0.00386661   0.00529729     0.00508655  -0.00424595    -0.01234266  -0.00250764
    1   11
 -0.01234266   0.00250764    -0.00508655  -0.00424595    -0.00386661  -0.00529729
 -0.00562958  -0.00047140     0.00025980  -0.01454743     0.00562958   0.00047140
 -0.00386661  -0.00529729     0.00508655   0.00424595    -0.01234266   0.00250764
    2    1
  0.00571963   0.00364353     0.01193025   0.00902301    -0.01193025  -0.00902301
  0.01193025   0.00902301     0.00571963   0.00364353    -0.01193025  -0.00902301
 -0.01193025  -0.00902301    -0.01193025  -0.00902301     0.00571963   0.00364353
    2    2
  0.02773265  -0.00000000     0.01016005  -0.00000000    -0.01016005   0.00000000
  0.01016005  -0.00000000     0.02773265  -0.00000000    -0.01016005   0.00000000
 -0.01016005   0.00000000    -0.01016005   0.00000000     0.02773265  -0.00000000
    2    3
 -0.00439229   0.00656087    -0.00166927   0.00664164     0.00166927  -0.00664164
 -0.00166927   0.00664164    -0.00439229   0.00656087     0.00166927  -0.00664164
  0.00166927  -0.00664164     0.00166927  -0.00664164    -0.00439229   0.00656087
    2    4
 -0.00296152  -0.00108520     0.00108989  -0.00236117     0.00222863   0.00190984
  0.00108989  -0.00236117    -0.00296152  -0.00108520     0.00222863   0.00190984
 -0.00166286   0.00418948    -0.00166286   0.00418948    -0.00040089  -0.00192971
    2    5
 -0.00594303   0.00439896    -0.00574769   0.00003511    -0.00313883   0.00299891
 -0.00574769   0.00003511    -0.00594303   0.00439896    -0.00313883   0.00299891
 -0.00315324  -0.00233894    -0.00315324  -0.00233894    -0.00353036  -0.00217839
    2    6
  0.00489773  -0.00176547     0.00344450  -0.00359017    -0.00344450   0.00359017
  0.00344450  -0.00359017     0.00489773  -0.00176547    -0.00344450   0.00359017
 -0.00344450   0.00359017    -0.00344450   0.00359017     0.00489773  -0.00176547
    2    7
 -0.00955317   0.00323176    -0.00994716   0.00267748     0.00994716  -0.00267748
 -0.00994716   0.00267748    -0.00955317   0.00323176     0.00994716  -0.00267748
  0.00994716  -0.00267748     0.00994716  -0.00267748    -0.00955317   0.00323176
    2    8
 -0.00040089  -0.00192971     0.00166286  -0.00418948    -0.00166286   0.00418948
 -0.00222863  -0.00190984    -0.00296152  -0.00108520    -0.00108989   0.00236117
  0.00222863   0.00190984    -0.00108989   0.00236117    -0.00296152  -0.00108520
    2    9
 -0.00353036  -0.00217839     0.00315324   0.00233894    -0.00315324  -0.00233894
  0.00313883  -0.00299891    -0.00594303   0.00439896     0.00574769  -0.00003511
 -0.00313883   0.00299891     0.00574769  -0.00003511    -0.00594303   0.00439896
    2   10
 -0.00296152  -0.00108520    -0.00222863  -0.00190984    -0.00108989   0.00236117
  0.00166286  -0.00418948    -0.00040089  -0.00192971    -0.00166286   0.00418948
 -0.00108989   0.00236117     0.00222863   0.00190984    -0.00296152  -0.00108520
    2   11
 -0.00594303   0.00439896     0.00313883  -0.00299891     0.00574769  -0.00003511
  0.00315324   0.00233894    -0.00353036  -0.00217839    -0.00315324  -0.00233894
  0.00574769  -0.00003511    -0.00313883   0.00299891    -0.00594303   0.00439896
    3    1
  0.00571963  -0.00364353     0.01193025  -0.00902301    -0.01193025   0.00902301
  0.01193025  -0.00902301     0.00571963  -0.00364353    -0.01193025   0.00902301
 -0.01193025   0.00902301    -0.01193025   0.00902301     0.00571963  -0.00364353
    3    2
 -0.00439229  -0.00656087    -0.00166927  -0.00664164     0.00166927   0.00664164
 -0.00166927  -0.00664164    -0.00439229  -0.00656087     0.00166927   0.00664164
  0.00166927   0.00664164     0.00166927   0.00664164    -0.00439229  -0.00656087
    3    3
  0.02773265   0.00000000     0.01016005   0.00000000    -0.01016005  -0.00000000
  0.01016005   0.00000000     0.02773265   0.00000000    -0.01016005  -0.00000000
 -0.01016005  -0.00000000    -0.01016005  -0.00000000     0.02773265   0.00000000
    3    4
 -0.00594303  -0.00439896    -0.00574769  -0.00003511    -0.00313883  -0.00299891
 -0.00574769  -0.00003511    -0.00594303  -0.00439896    -0.00313883  -0.00299891
 -0.00315324   0.00233894    -0.00315324   0.00233894    -0.00353036   0.00217839
    3    5
 -0.00296152   0.00108520     0.00108989   0.00236117     0.00222863  -0.00190984
  0.00108989   0.00236117    -0.00296152   0.00108520     0.00222863  -0.00190984
 -0.00166286  -0.00418948    -0.00166286  -0.00418948    -0.00040089   0.00192971
    3    6
 -0.00955317  -0.00323176    -0.00994716  -0.00267748     0.00994716   0.00267748
 -0.00994716  -0.00267748    -0.00955317  -0.00323176     0.00994716   0.00267748
  0.00994716   0.00267748     0.00994716   0.00267748    -0.00955317  -0.00323176
    3    7
  0.00489773   0.00176547     0.00344450   0.00359017    -0.00344450  -0.00359017
  0.00344450   0.00359017     0.00489773   0.00176547    -0.00344450  -0.00359017
 -0.00344450  -0.00359017    -0.00344450  -0.00359017     0.00489773   0.00176547
    3    8
 -0.00353036   0.00217839     0.00315324  -0.00233894    -0.00315324   0.00233894
  0.00313883   0.00299891    -0.00594303  -0.00439896     0.00574769   0.00003511
 -0.00313883  -0.00299891     0.00574769   0.00003511    -0.00594303  -0.00439896
    3    9
 -0.00040089   0.00192971     0.00166286   0.00418948    -0.00166286  -0.00418948
 -0.00222863   0.00190984    -0.00296152   0.00108520    -0.00108989  -0.00236117
  0.00222863  -0.00190984    -0.00108989  -0.00236117    -0.00296152   0.00108520
    3   10
 -0.00594303  -0.00439896     0.00313883   0.00299891     0.00574769   0.00003511
  0.00315324  -0.00233894    -0.00353036   0.00217839    -0.00315324   0.00233894
  0.00574769   0.00003511    -0.00313883  -0.00299891    -0.00594303  -0.00439896
    3   11
 -0.00296152   0.00108520    -0.00222863   0.00190984    -0.00108989  -0.00236117
  0.00166286   0.00418948    -0.00040089   0.00192971    -0.00166286  -0.00418948
 -0.00108989  -0.00236117     0.00222863  -0.00190984    -0.00296152   0.00108520
    4    1
 -0.01234266   0.00250764     0.00386661   0.00529729     0.00562958   0.00047140
  0.00386661   0.00529729    -0.01234266   0.00250764     0.00562958   0.00047140
  0.00508655   0.00424595     0.00508655   0.00424595     0.00025980  -0.01454743
    4    2
 -0.00296152   0.00108520     0.00108989   0.00236117    -0.00166286  -0.00418948
  0.00108989   0.00236117    -0.00296152   0.00108520    -0.00166286  -0.00418948
  0.00222863  -0.00190984     0.00222863  -0.00190984    -0.00040089   0.00192971
    4    3
 -0.00594303   0.00439896    -0.00574769   0.00003511    -0.00315324  -0.00233894
 -0.00574769   0.00003511    -0.00594303   0.00439896    -0.00315324  -0.00233894
 -0.00313883   0.00299891    -0.00313883   0.00299891    -0.00353036  -0.00217839
    4    4
  0.02114623  -0.00000000     0.00216548  -0.00000000    -0.00159046   0.00114666
  0.00216548   0.00000000     0.02114623   0.00000000    -0.00159046   0.00114666
 -0.00159046  -0.00114666    -0.00159046  -0.00114666     0.01444773   0.00000000
    4    5
  0.00219193   0.00023834     0.00102643   0.00036815     0.00040621   0.00014279
  0.00102643   0.00036815     0.00219193   0.00023834     0.00040621   0.00014279
  0.00040621   0.00014279     0.00040621   0.00014279    -0.00047260  -0.00045211
    4    6
  0.00313522  -0.00164426    -0.00123211  -0.00050930    -0.00066959   0.00009441
 -0.00123211  -0.00050930     0.00313522  -0.00164426    -0.00066959   0.00009441
  0.00013321  -0.00154511     0.00013321  -0.00154511    -0.00224731   0.00368218
    4    7
  0.00105360   0.00100551    -0.00032314  -0.00132678     0.00190304   0.00023073
 -0.00032314  -0.00132678     0.00105360   0.00100551     0.00190304   0.00023073
 -0.00100345   0.00221015    -0.00100345   0.00221015    -0.00558819   0.00098403
    4    8
  0.00052928  -0.00194604     0.00025254   0.00253889     0.00015569   0.00000000
  0.00016805  -0.00006093     0.00470499   0.00000000    -0.00025254   0.00253889
  0.00017004  -0.00000000    -0.00016805  -0.00006093     0.00052928   0.00194604
    4    9
  0.00192785   0.00217954    -0.00387102  -0.00025999     0.00506862   0.00023066
  0.00029017  -0.00062668     0.00491362  -0.00809795     0.00387102   0.00025999
 -0.00089074  -0.00191768    -0.00029017   0.00062668     0.00192785   0.00217954
    4   10
  0.00470499   0.00000000     0.00016805  -0.00006093    -0.00025254   0.00253889
  0.00025254   0.00253889     0.00052928  -0.00194604     0.00015569   0.00000000
 -0.00016805  -0.00006093     0.00017004   0.00000000     0.00052928   0.00194604
    4   11
  0.00491362  -0.00809795     0.00029017  -0.00062668     0.00387102   0.00025999
 -0.00387102  -0.00025999     0.00192785   0.00217954     0.00506862   0.00023066
 -0.00029017   0.00062668    -0.00089074  -0.00191768     0.00192785   0.00217954
    5    1
 -0.01234266  -0.00250764     0.00386661  -0.00529729     0.00562958  -0.00047140
  0.00386661  -0.00529729    -0.01234266  -0.00250764     0.00562958  -0.00047140
  0.00508655  -0.00424595     0.00508655  -0.00424595     0.00025980   0.01454743
    5    2
 -0.00594303  -0.00439896    -0.00574769  -0.00003511    -0.00315324   0.00233894
 -0.00574769  -0.00003511    -0.00594303  -0.00439896    -0.00315324   0.00233894
 -0.00313883  -0.00299891    -0.00313883  -0.00299891    -0.00353036   0.00217839
    5    3
 -0.00296152  -0.00108520     0.00108989  -0.00236117    -0.00166286   0.00418948
  0.00108989  -0.00236117    -0.00296152  -0.00108520    -0.00166286   0.00418948
  0.00222863   0.00190984     0.00222863   0.00190984    -0.00040089  -0.00192971
    5    4
  0.00219193  -0.00023834     0.00102643  -0.00036815     0.00040621  -0.00014279
  0.00102643  -0.00036815     0.00219193  -0.00023834     0.00040621  -0.00014279
  0.00040621  -0.00014279     0.00040621  -0.00014279    -0.00047260   0.00045211
    5    5
  0.02114623   0.00000000     0.00216548   0.00000000    -0.00159046  -0.00114666
  0.00216548  -0.00000000     0.02114623  -0.00000000    -0.00159046  -0.00114666
 -0.00159046   0.00114666    -0.00159046   0.00114666     0.01444773  -0.00000000
    5    6
  0.00105360  -0.00100551    -0.00032314   0.00132678     0.00190304  -0.00023073
 -0.00032314   0.00132678     0.00105360  -0.00100551     0.00190304  -0.00023073
 -0.00100345  -0.00221015    -0.00100345  -0.00221015    -0.00558819  -0.00098403
    5    7
  0.00313522   0.00164426    -0.00123211   0.00050930    -0.00066959  -0.00009441
 -0.00123211   0.00050930     0.00313522   0.00164426    -0.00066959  -0.00009441
  0.00013321   0.00154511     0.00013321   0.00154511    -0.00224731  -0.00368218
    5    8
  0.00192785  -0.00217954    -0.00387102   0.00025999     0.00506862  -0.00023066
  0.00029017   0.00062668     0.00491362   0.00809795     0.00387102  -0.00025999
 -0.00089074   0.00191768    -0.00029017  -0.00062668     0.00192785  -0.00217954
    5    9
  0.00052928   0.00194604     0.00025254  -0.00253889     0.00015569  -0.00000000
  0.00016805   0.00006093     0.00470499   0.00000000    -0.00025254  -0.00253889
  0.00017004   0.00000000    -0.00016805   0.00006093     0.00052928  -0.00194604
    5   10
  0.00491362   0.00809795     0.00029017   0.00062668     0.00387102  -0.00025999
 -0.00387102   0.00025999     0.00192785  -0.00217954     0.00506862  -0.00023066
 -0.00029017  -0.00062668    -0.00089074   0.00191768     0.00192785  -0.00217954
    5   11
  0.00470499  -0.00000000     0.00016805   0.00006093    -0.00025254  -0.00253889
  0.00025254  -0.00253889     0.00052928   0.00194604     0.00015569  -0.00000000
 -0.00016805   0.00006093     0.00017004  -0.00000000     0.00052928  -0.00194604
    6    1
 -0.01815615  -0.00257038    -0.00121105   0.00466489     0.00121105  -0.00466489
 -0.00121105   0.00466489    -0.01815615  -0.00257038     0.00121105  -0.00466489
  0.00121105  -0.00466489     0.00121105  -0.00466489    -0.01815615  -0.00257038
    6    2
  0.00489773   0.00176547     0.00344450   0.00359017    -0.00344450  -0.00359017
  0.00344450   0.00359017     0.00489773   0.00176547    -0.00344450  -0.00359017
 -0.00344450  -0.00359017    -0.00344450  -0.00359017     0.00489773   0.00176547
    6    3
 -0.00955317   0.00323176    -0.00994716   0.00267748     0.00994716  -0.00267748
 -0.00994716   0.00267748    -0.00955317   0.00323176     0.00994716  -0.00267748
  0.00994716  -0.00267748     0.00994716  -0.00267748    -0.00955317   0.00323176
    6    4
  0.00313522   0.00164426    -0.00123211   0.00050930     0.00013321   0.00154511
 -0.00123211   0.00050930     0.00313522   0.00164426     0.00013321   0.00154511
 -0.00066959  -0.00009441    -0.00066959  -0.00009441    -0.00224731  -0.00368218
    6    5
  0.00105360   0.00100551    -0.00032314  -0.00132678    -0.00100345   0.00221015
 -0.00032314  -0.00132678     0.00105360   0.00100551    -0.00100345   0.00221015
  0.00190304   0.00023073     0.00190304   0.00023073    -0.00558819   0.00098403
    6    6
  0.02182899   0.00000000     0.00475586   0.00000000    -0.00475586  -0.00000000
  0.00475586   0.00000000     0.02182899   0.00000000    -0.00475586  -0.00000000
 -0.00475586  -0.00000000    -0.00475586  -0.00000000     0.02182899   0.00000000
    6    7
 -0.00356341   0.00104869    -0.00185740   0.00063074     0.00185740  -0.00063074
 -0.00185740   0.00063074    -0.00356341   0.00104869     0.00185740  -0.00063074
  0.00185740  -0.00063074     0.00185740  -0.00063074    -0.00356341   0.00104869
    6    8
 -0.00224731  -0.00368218     0.00066959   0.00009441    -0.00066959  -0.00009441
 -0.00013321  -0.00154511     0.00313522   0.00164426     0.00123211  -0.00050930
  0.00013321   0.00154511     0.00123211  -0.00050930     0.00313522   0.00164426
    6    9
 -0.00558819   0.00098403    -0.00190304  -0.00023073     0.00190304   0.00023073
  0.00100345  -0.00221015     0.00105360   0.00100551     0.00032314   0.00132678
 -0.00100345   0.00221015     0.00032314   0.00132678     0.00105360   0.00100551
    6   10
  0.00313522   0.00164426    -0.00013321  -0.00154511     0.00123211  -0.00050930
  0.00066959   0.00009441    -0.00224731  -0.00368218    -0.00066959  -0.00009441
  0.00123211  -0.00050930     0.00013321   0.00154511     0.00313522   0.00164426
    6   11
  0.00105360   0.00100551     0.00100345  -0.00221015     0.00032314   0.00132678
 -0.00190304  -0.00023073    -0.00558819   0.00098403     0.00190304   0.00023073
  0.00032314   0.00132678    -0.00100345   0.00221015     0.00105360   0.00100551
    7    1
 -0.01815615   0.00257038    -0.00121105  -0.00466489     0.00121105   0.00466489
 -0.00121105  -0.00466489    -0.01815615   0.00257038     0.00121105   0.00466489
  0.00121105   0.00466489     0.00121105   0.00466489    -0.01815615   0.00257038
    7    2
 -0.00955317  -0.00323176    -0.00994716  -0.00267748     0.00994716   0.00267748
 -0.00994716  -0.00267748    -0.00955317  -0.00323176     0.00994716   0.00267748
  0.00994716   0.00267748     0.00994716   0.00267748    -0.00955317  -0.00323176
    7    3
  0.00489773  -0.00176547     0.00344450  -0.00359017    -0.00344450   0.00359017
  0.00344450  -0.00359017     0.00489773  -0.00176547    -0.00344450   0.00359017
 -0.00344450   0.00359017    -0.00344450   0.00359017     0.00489773  -0.00176547
    7    4
  0.00105360  -0.00100551    -0.00032314   0.00132678    -0.00100345  -0.00221015
 -0.00032314   0.00132678     0.00105360  -0.00100551    -0.00100345  -0.00221015
  0.00190304  -0.00023073     0.00190304  -0.00023073    -0.00558819  -0.00098403
    7    5
  0.00313522  -0.00164426    -0.00123211  -0.00050930     0.00013321  -0.00154511
 -0.00123211  -0.00050930     0.00313522  -0.00164426     0.00013321  -0.00154511
 -0.00066959   0.00009441    -0.00066959   0.00009441    -0.00224731   0.00368218
    7    6
 -0.00356341  -0.00104869    -0.00185740  -0.00063074     0.00185740   0.00063074
 -0.00185740  -0.00063074    -0.00356341  -0.00104869     0.00185740   0.00063074
  0.00185740   0.00063074     0.00185740   0.00063074    -0.00356341  -0.00104869
    7    7
  0.02182899  -0.00000000     0.00475586  -0.00000000    -0.00475586   0.00000000
  0.00475586  -0.00000000     0.02182899  -0.00000000    -0.00475586   0.00000000
 -0.00475586   0.00000000    -0.00475586   0.00000000     0.02182899  -0.00000000
    7    8
 -0.00558819  -0.00098403    -0.00190304   0.00023073     0.00190304  -0.00023073
  0.00100345   0.00221015     0.00105360  -0.00100551     0.00032314  -0.00132678
 -0.00100345  -0.00221015     0.00032314  -0.00132678     0.00105360  -0.00100551
    7    9
 -0.00224731   0.00368218     0.00066959  -0.00009441    -0.00066959   0.00009441
 -0.00013321   0.00154511     0.00313522  -0.00164426     0.00123211   0.00050930
  0.00013321  -0.00154511     0.00123211   0.00050930     0.00313522  -0.00164426
    7   10
  0.00105360  -0.00100551     0.00100345   0.00221015     0.00032314  -0.00132678
 -0.00190304   0.00023073    -0.00558819  -0.00098403     0.00190304  -0.00023073
  0.00032314  -0.00132678    -0.00100345  -0.00221015     0.00105360  -0.00100551
    7   11
  0.00313522  -0.00164426    -0.00013321   0.00154511     0.00123211   0.00050930
  0.00066959  -0.00009441    -0.00224731   0.00368218    -0.00066959   0.00009441
  0.00123211   0.00050930     0.00013321  -0.00154511     0.00313522  -0.00164426
    8    1
  0.00025980  -0.01454743    -0.00508655  -0.00424595     0.00508655   0.00424595
 -0.00562958  -0.00047140    -0.01234266   0.00250764    -0.00386661  -0.00529729
  0.00562958   0.00047140    -0.00386661  -0.00529729    -0.01234266   0.00250764
    8    2
 -0.00040089   0.00192971    -0.00222863   0.00190984     0.00222863  -0.00190984
  0.00166286   0.00418948    -0.00296152   0.00108520    -0.00108989  -0.00236117
 -0.00166286  -0.00418948    -0.00108989  -0.00236117    -0.00296152   0.00108520
    8    3
 -0.00353036  -0.00217839     0.00313883  -0.00299891    -0.00313883   0.00299891
  0.00315324   0.00233894    -0.00594303   0.00439896     0.00574769  -0.00003511
 -0.00315324  -0.00233894     0.00574769  -0.00003511    -0.00594303   0.00439896
    8    4
  0.00052928   0.00194604     0.00016805   0.00006093     0.00017004  -0.00000000
  0.00025254  -0.00253889     0.00470499  -0.00000000    -0.00016805   0.00006093
  0.00015569   0.00000000    -0.00025254  -0.00253889     0.00052928  -0.00194604
    8    5
  0.00192785   0.00217954     0.00029017  -0.00062668    -0.00089074  -0.00191768
 -0.00387102  -0.00025999     0.00491362  -0.00809795    -0.00029017   0.00062668
  0.00506862   0.00023066     0.00387102   0.00025999     0.00192785   0.00217954
    8    6
 -0.00224731   0.00368218    -0.00013321   0.00154511     0.00013321  -0.00154511
  0.00066959  -0.00009441     0.00313522  -0.00164426     0.00123211   0.00050930
 -0.00066959   0.00009441     0.00123211   0.00050930     0.00313522  -0.00164426
    8    7
 -0.00558819   0.00098403     0.00100345  -0.00221015    -0.00100345   0.00221015
 -0.00190304  -0.00023073     0.00105360   0.00100551     0.00032314   0.00132678
  0.00190304   0.00023073     0.00032314   0.00132678     0.00105360   0.00100551
    8    8
  0.01444773  -0.00000000     0.00159046   0.00114666    -0.00159046  -0.00114666
  0.00159046  -0.00114666     0.02114623  -0.00000000    -0.00216548   0.00000000
 -0.00159046   0.00114666    -0.00216548   0.00000000     0.02114623  -0.00000000
    8    9
 -0.00047260  -0.00045211    -0.00040621  -0.00014279     0.00040621   0.00014279
 -0.00040621  -0.00014279     0.00219193   0.00023834    -0.00102643  -0.00036815
  0.00040621   0.00014279    -0.00102643  -0.00036815     0.00219193   0.00023834
    8   10
  0.00052928   0.00194604    -0.00017004   0.00000000    -0.00016805  -0.00006093
 -0.00015569  -0.00000000     0.00052928  -0.00194604    -0.00025254  -0.00253889
 -0.00025254   0.00253889    -0.00016805   0.00006093     0.00470499  -0.00000000
    8   11
  0.00192785   0.00217954     0.00089074   0.00191768    -0.00029017   0.00062668
 -0.00506862  -0.00023066     0.00192785   0.00217954     0.00387102   0.00025999
  0.00387102   0.00025999    -0.00029017   0.00062668     0.00491362  -0.00809795
    9    1
  0.00025980   0.01454743    -0.00508655   0.00424595     0.00508655  -0.00424595
 -0.00562958   0.00047140    -0.01234266  -0.00250764    -0.00386661   0.00529729
  0.00562958  -0.00047140    -0.00386661   0.00529729    -0.01234266  -0.00250764
    9    2
 -0.00353036   0.00217839     0.00313883   0.00299891    -0.00313883  -0.00299891
  0.00315324  -0.00233894    -0.00594303  -0.00439896     0.00574769   0.00003511
 -0.00315324   0.00233894     0.00574769   0.00003511    -0.00594303  -0.00439896
    9    3
 -0.00040089  -0.00192971    -0.00222863  -0.00190984     0.00222863   0.00190984
  0.00166286  -0.00418948    -0.00296152  -0.00108520    -0.00108989   0.00236117
 -0.00166286   0.00418948    -0.00108989   0.00236117    -0.00296152  -0.00108520
    9    4
  0.00192785  -0.00217954     0.00029017   0.00062668    -0.00089074   0.00191768
 -0.00387102   0.00025999     0.00491362   0.00809795    -0.00029017  -0.00062668
  0.00506862  -0.00023066     0.00387102  -0.00025999     0.00192785  -0.00217954
    9    5
  0.00052928  -0.00194604     0.00016805  -0.00006093     0.00017004   0.00000000
  0.00025254   0.00253889     0.00470499  -0.00000000    -0.00016805  -0.00006093
  0.00015569  -0.00000000    -0.00025254   0.00253889     0.00052928   0.00194604
    9    6
 -0.00558819  -0.00098403     0.00100345   0.00221015    -0.00100345  -0.00221015
 -0.00190304   0.00023073     0.00105360  -0.00100551     0.00032314  -0.00132678
  0.00190304  -0.00023073     0.00032314  -0.00132678     0.00105360  -0.00100551
    9    7
 -0.00224731  -0.00368218    -0.00013321  -0.00154511     0.00013321   0.00154511
  0.00066959   0.00009441     0.00313522   0.00164426     0.00123211  -0.00050930
 -0.00066959  -0.00009441     0.00123211  -0.00050930     0.00313522   0.00164426
    9    8
 -0.00047260   0.00045211    -0.00040621   0.00014279     0.00040621  -0.00014279
 -0.00040621   0.00014279     0.00219193  -0.00023834    -0.00102643   0.00036815
  0.00040621  -0.00014279    -0.00102643   0.00036815     0.00219193  -0.00023834
    9    9
  0.01444773   0.00000000     0.00159046  -0.00114666    -0.00159046   0.00114666
  0.00159046   0.00114666     0.02114623   0.00000000    -0.00216548  -0.00000000
 -0.00159046  -0.00114666    -0.00216548  -0.00000000     0.02114623   0.00000000
    9   10
  0.00192785  -0.00217954     0.00089074  -0.00191768    -0.00029017  -0.00062668
 -0.00506862   0.00023066     0.00192785  -0.00217954     0.00387102  -0.00025999
  0.00387102  -0.00025999    -0.00029017  -0.00062668     0.00491362   0.00809795
    9   11
  0.00052928  -0.00194604    -0.00017004  -0.00000000    -0.00016805   0.00006093
 -0.00015569   0.00000000     0.00052928   0.00194604    -0.00025254   0.00253889
 -0.00025254  -0.00253889    -0.00016805  -0.00006093     0.00470499   0.00000000
   10    1
 -0.01234266   0.00250764    -0.00562958  -0.00047140    -0.00386661  -0.00529729
 -0.00508655  -0.00424595     0.00025980  -0.01454743     0.00508655   0.00424595
 -0.00386661  -0.00529729     0.00562958   0.00047140    -0.01234266   0.00250764
   10    2
 -0.00296152   0.00108520     0.00166286   0.00418948    -0.00108989  -0.00236117
 -0.00222863   0.00190984    -0.00040089   0.00192971     0.00222863  -0.00190984
 -0.00108989  -0.00236117    -0.00166286  -0.00418948    -0.00296152   0.00108520
   10    3
 -0.00594303   0.00439896     0.00315324   0.00233894     0.00574769  -0.00003511
  0.00313883  -0.00299891    -0.00353036  -0.00217839    -0.00313883   0.00299891
  0.00574769  -0.00003511    -0.00315324  -0.00233894    -0.00594303   0.00439896
   10    4
  0.00470499  -0.00000000     0.00025254  -0.00253889    -0.00016805   0.00006093
  0.00016805   0.00006093     0.00052928   0.00194604     0.00017004  -0.00000000
 -0.00025254  -0.00253889     0.00015569  -0.00000000     0.00052928  -0.00194604
   10    5
  0.00491362  -0.00809795    -0.00387102  -0.00025999    -0.00029017   0.00062668
  0.00029017  -0.00062668     0.00192785   0.00217954    -0.00089074  -0.00191768
  0.00387102   0.00025999     0.00506862   0.00023066     0.00192785   0.00217954
   10    6
  0.00313522  -0.00164426     0.00066959  -0.00009441     0.00123211   0.00050930
 -0.00013321   0.00154511    -0.00224731   0.00368218     0.00013321  -0.00154511
  0.00123211   0.00050930    -0.00066959   0.00009441     0.00313522  -0.00164426
   10    7
  0.00105360   0.00100551    -0.00190304  -0.00023073     0.00032314   0.00132678
  0.00100345  -0.00221015    -0.00558819   0.00098403    -0.00100345   0.00221015
  0.00032314   0.00132678     0.00190304   0.00023073     0.00105360   0.00100551
   10    8
  0.00052928  -0.00194604    -0.00015569  -0.00000000    -0.00025254  -0.00253889
 -0.00017004  -0.00000000     0.00052928   0.00194604    -0.00016805  -0.00006093
 -0.00016805   0.00006093    -0.00025254   0.00253889     0.00470499  -0.00000000
   10    9
  0.00192785   0.00217954    -0.00506862  -0.00023066     0.00387102   0.00025999
  0.00089074   0.00191768     0.00192785   0.00217954    -0.00029017   0.00062668
 -0.00029017   0.00062668     0.00387102   0.00025999     0.00491362  -0.00809795
   10   10
  0.02114623  -0.00000000     0.00159046  -0.00114666    -0.00216548   0.00000000
  0.00159046   0.00114666     0.01444773  -0.00000000    -0.00159046  -0.00114666
 -0.00216548   0.00000000    -0.00159046   0.00114666     0.02114623  -0.00000000
   10   11
  0.00219193   0.00023834    -0.00040621  -0.00014279    -0.00102643  -0.00036815
 -0.00040621  -0.00014279    -0.00047260  -0.00045211     0.00040621   0.00014279
 -0.00102643  -0.00036815     0.00040621   0.00014279     0.00219193   0.00023834
   11    1
 -0.01234266  -0.00250764    -0.00562958   0.00047140    -0.00386661   0.00529729
 -0.00508655   0.00424595     0.00025980   0.01454743     0.00508655  -0.00424595
 -0.00386661   0.00529729     0.00562958  -0.00047140    -0.01234266  -0.00250764
   11    2
 -0.00594303  -0.00439896     0.00315324  -0.00233894     0.00574769   0.00003511
  0.00313883   0.00299891    -0.00353036   0.00217839    -0.00313883  -0.00299891
  0.00574769   0.00003511    -0.00315324   0.00233894    -0.00594303  -0.00439896
   11    3
 -0.00296152  -0.00108520     0.00166286  -0.00418948    -0.00108989   0.00236117
 -0.00222863  -0.00190984    -0.00040089  -0.00192971     0.00222863   0.00190984
 -0.00108989   0.00236117    -0.00166286   0.00418948    -0.00296152  -0.00108520
   11    4
  0.00491362   0.00809795    -0.00387102   0.00025999    -0.00029017  -0.00062668
  0.00029017   0.00062668     0.00192785  -0.00217954    -0.00089074   0.00191768
  0.00387102  -0.00025999     0.00506862  -0.00023066     0.00192785  -0.00217954
   11    5
  0.00470499   0.00000000     0.00025254   0.00253889    -0.00016805  -0.00006093
  0.00016805  -0.00006093     0.00052928  -0.00194604     0.00017004   0.00000000
 -0.00025254   0.00253889     0.00015569   0.00000000     0.00052928   0.00194604
   11    6
  0.00105360  -0.00100551    -0.00190304   0.00023073     0.00032314  -0.00132678
  0.00100345   0.00221015    -0.00558819  -0.00098403    -0.00100345  -0.00221015
  0.00032314  -0.00132678     0.00190304  -0.00023073     0.00105360  -0.00100551
   11    7
  0.00313522   0.00164426     0.00066959   0.00009441     0.00123211  -0.00050930
 -0.00013321  -0.00154511    -0.00224731  -0.00368218     0.00013321   0.00154511
  0.00123211  -0.00050930    -0.00066959  -0.00009441     0.00313522   0.00164426
   11    8
  0.00192785  -0.00217954    -0.00506862   0.00023066     0.00387102  -0.00025999
  0.00089074  -0.00191768     0.00192785  -0.00217954    -0.00029017  -0.00062668
 -0.00029017  -0.00062668     0.00387102  -0.00025999     0.00491362   0.00809795
   11    9
  0.00052928   0.00194604    -0.00015569   0.00000000    -0.00025254   0.00253889
 -0.00017004   0.00000000     0.00052928  -0.00194604    -0.00016805   0.00006093
 -0.00016805  -0.00006093    -0.00025254  -0.00253889     0.00470499   0.00000000
   11   10
  0.00219193  -0.00023834    -0.00040621   0.00014279    -0.00102643   0.00036815
 -0.00040621   0.00014279    -0.00047260   0.00045211     0.00040621  -0.00014279
 -0.00102643   0.00036815     0.00040621  -0.00014279     0.00219193  -0.00023834
   11   11
  0.02114623   0.00000000     0.00159046   0.00114666    -0.00216548  -0.00000000
  0.00159046  -0.00114666     0.01444773   0.00000000    -0.00159046   0.00114666
 -0.00216548  -0.00000000    -0.00159046  -0.00114666     0.02114623   0.00000000

     Dynamical  Matrix in cartesian axes

     q = (    0.235702260  -0.235702260  -0.235702260 ) 

    1    1
  0.10068058   0.00000000    -0.02238221   0.00000000    -0.02238221   0.00000000
 -0.02238221   0.00000000     0.10068058   0.00000000     0.02238221   0.00000000
 -0.02238221   0.00000000     0.02238221   0.00000000     0.10068058   0.00000000
    1    2
  0.00571963   0.00364353    -0.01193025  -0.00902301    -0.01193025  -0.00902301
 -0.01193025  -0.00902301     0.00571963   0.00364353     0.01193025   0.00902301
 -0.01193025  -0.00902301     0.01193025   0.00902301     0.00571963   0.00364353
    1    3
  0.00571963  -0.00364353    -0.01193025   0.00902301    -0.01193025   0.00902301
 -0.01193025   0.00902301     0.00571963  -0.00364353     0.01193025  -0.00902301
 -0.01193025   0.00902301     0.01193025  -0.00902301     0.00571963  -0.00364353
    1    4
  0.00025980  -0.01454743     0.00562958   0.00047140     0.00562958   0.00047140
  0.00508655   0.00424595    -0.01234266   0.00250764     0.00386661   0.00529729
  0.00508655   0.00424595     0.00386661   0.00529729    -0.01234266   0.00250764
    1    5
  0.00025980   0.01454743     0.00562958  -0.00047140     0.00562958  -0.00047140
  0.00508655  -0.00424595    -0.01234266  -0.00250764     0.00386661  -0.00529729
  0.00508655  -0.00424595     0.00386661  -0.00529729    -0.01234266  -0.00250764
    1    6
 -0.01234266   0.00250764     0.00508655   0.00424595    -0.00386661  -0.00529729
  0.00562958   0.00047140     0.00025980  -0.01454743    -0.00562958  -0.00047140
 -0.00386661  -0.00529729    -0.00508655  -0.00424595    -0.01234266   0.00250764
    1    7
 -0.01234266  -0.00250764     0.00508655  -0.00424595    -0.00386661   0.00529729
  0.00562958  -0.00047140     0.00025980   0.01454743    -0.00562958   0.00047140
 -0.00386661   0.00529729    -0.00508655   0.00424595    -0.01234266  -0.00250764
    1    8
 -0.01234266   0.00250764    -0.00386661  -0.00529729     0.00508655   0.00424595
 -0.00386661  -0.00529729    -0.01234266   0.00250764    -0.00508655  -0.00424595
  0.00562958   0.00047140    -0.00562958  -0.00047140     0.00025980  -0.01454743
    1    9
 -0.01234266  -0.00250764    -0.00386661   0.00529729     0.00508655  -0.00424595
 -0.00386661   0.00529729    -0.01234266  -0.00250764    -0.00508655   0.00424595
  0.00562958  -0.00047140    -0.00562958   0.00047140     0.00025980   0.01454743
    1   10
 -0.01815615  -0.00257038     0.00121105  -0.00466489     0.00121105  -0.00466489
  0.00121105  -0.00466489    -0.01815615  -0.00257038    -0.00121105   0.00466489
  0.00121105  -0.00466489    -0.00121105   0.00466489    -0.01815615  -0.00257038
    1   11
 -0.01815615   0.00257038     0.00121105   0.00466489     0.00121105   0.00466489
  0.00121105   0.00466489    -0.01815615   0.00257038    -0.00121105  -0.00466489
  0.00121105   0.00466489    -0.00121105  -0.00466489    -0.01815615   0.00257038
    2    1
  0.00571963  -0.00364353    -0.01193025   0.00902301    -0.01193025   0.00902301
 -0.01193025   0.00902301     0.00571963  -0.00364353     0.01193025  -0.00902301
 -0.01193025   0.00902301     0.01193025  -0.00902301     0.00571963  -0.00364353
    2    2
  0.02773265   0.00000000    -0.01016005  -0.00000000    -0.01016005  -0.00000000
 -0.01016005  -0.00000000     0.02773265   0.00000000     0.01016005   0.00000000
 -0.01016005  -0.00000000     0.01016005   0.00000000     0.02773265   0.00000000
    2    3
 -0.00439229  -0.00656087     0.00166927   0.00664164     0.00166927   0.00664164
  0.00166927   0.00664164    -0.00439229  -0.00656087    -0.00166927  -0.00664164
  0.00166927   0.00664164    -0.00166927  -0.00664164    -0.00439229  -0.00656087
    2    4
 -0.00040089   0.00192971    -0.00166286  -0.00418948    -0.00166286  -0.00418948
  0.00222863  -0.00190984    -0.00296152   0.00108520     0.00108989   0.00236117
  0.00222863  -0.00190984     0.00108989   0.00236117    -0.00296152   0.00108520
    2    5
 -0.00353036   0.00217839    -0.00315324   0.00233894    -0.00315324   0.00233894
 -0.00313883  -0.00299891    -0.00594303  -0.00439896    -0.00574769  -0.00003511
 -0.00313883  -0.00299891    -0.00574769  -0.00003511    -0.00594303  -0.00439896
    2    6
 -0.00296152   0.00108520     0.00222863  -0.00190984    -0.00108989  -0.00236117
 -0.00166286  -0.00418948    -0.00040089   0.00192971     0.00166286   0.00418948
 -0.00108989  -0.00236117    -0.00222863   0.00190984    -0.00296152   0.00108520
    2    7
 -0.00594303  -0.00439896    -0.00313883  -0.00299891     0.00574769   0.00003511
 -0.00315324   0.00233894    -0.00353036   0.00217839     0.00315324  -0.00233894
  0.00574769   0.00003511     0.00313883   0.00299891    -0.00594303  -0.00439896
    2    8
 -0.00296152   0.00108520    -0.00108989  -0.00236117     0.00222863  -0.00190984
 -0.00108989  -0.00236117    -0.00296152   0.00108520    -0.00222863   0.00190984
 -0.00166286  -0.00418948     0.00166286   0.00418948    -0.00040089   0.00192971
    2    9
 -0.00594303  -0.00439896     0.00574769   0.00003511    -0.00313883  -0.00299891
  0.00574769   0.00003511    -0.00594303  -0.00439896     0.00313883   0.00299891
 -0.00315324   0.00233894     0.00315324  -0.00233894    -0.00353036   0.00217839
    2   10
  0.00489773   0.00176547    -0.00344450  -0.00359017    -0.00344450  -0.00359017
 -0.00344450  -0.00359017     0.00489773   0.00176547     0.00344450   0.00359017
 -0.00344450  -0.00359017     0.00344450   0.00359017     0.00489773   0.00176547
    2   11
 -0.00955317  -0.00323176     0.00994716   0.00267748     0.00994716   0.00267748
  0.00994716   0.00267748    -0.00955317  -0.00323176    -0.00994716  -0.00267748
  0.00994716   0.00267748    -0.00994716  -0.00267748    -0.00955317  -0.00323176
    3    1
  0.00571963   0.00364353    -0.01193025  -0.00902301    -0.01193025  -0.00902301
 -0.01193025  -0.00902301     0.00571963   0.00364353     0.01193025   0.00902301
 -0.01193025  -0.00902301     0.01193025   0.00902301     0.00571963   0.00364353
    3    2
 -0.00439229   0.00656087     0.00166927  -0.00664164     0.00166927  -0.00664164
  0.00166927  -0.00664164    -0.00439229   0.00656087    -0.00166927   0.00664164
  0.00166927  -0.00664164    -0.00166927   0.00664164    -0.00439229   0.00656087
    3    3
  0.02773265  -0.00000000    -0.01016005   0.00000000    -0.01016005   0.00000000
 -0.01016005   0.00000000     0.02773265  -0.00000000     0.01016005  -0.00000000
 -0.01016005   0.00000000     0.01016005  -0.00000000     0.02773265  -0.00000000
    3    4
 -0.00353036  -0.00217839    -0.00315324  -0.00233894    -0.00315324  -0.00233894
 -0.00313883   0.00299891    -0.00594303   0.00439896    -0.00574769   0.00003511
 -0.00313883   0.00299891    -0.00574769   0.00003511    -0.00594303   0.00439896
    3    5
 -0.00040089  -0.00192971    -0.00166286   0.00418948    -0.00166286   0.00418948
  0.00222863   0.00190984    -0.00296152  -0.00108520     0.00108989  -0.00236117
  0.00222863   0.00190984     0.00108989  -0.00236117    -0.00296152  -0.00108520
    3    6
 -0.00594303   0.00439896    -0.00313883   0.00299891     0.00574769  -0.00003511
 -0.00315324  -0.00233894    -0.00353036  -0.00217839     0.00315324   0.00233894
  0.00574769  -0.00003511     0.00313883  -0.00299891    -0.00594303   0.00439896
    3    7
 -0.00296152  -0.00108520     0.00222863   0.00190984    -0.00108989   0.00236117
 -0.00166286   0.00418948    -0.00040089  -0.00192971     0.00166286  -0.00418948
 -0.00108989   0.00236117    -0.00222863  -0.00190984    -0.00296152  -0.00108520
    3    8
 -0.00594303   0.00439896     0.00574769  -0.00003511    -0.00313883   0.00299891
  0.00574769  -0.00003511    -0.00594303   0.00439896     0.00313883  -0.00299891
 -0.00315324  -0.00233894     0.00315324   0.00233894    -0.00353036  -0.00217839
    3    9
 -0.00296152  -0.00108520    -0.00108989   0.00236117     0.00222863   0.00190984
 -0.00108989   0.00236117    -0.00296152  -0.00108520    -0.00222863  -0.00190984
 -0.00166286   0.00418948     0.00166286  -0.00418948    -0.00040089  -0.00192971
    3   10
 -0.00955317   0.00323176     0.00994716  -0.00267748     0.00994716  -0.00267748
  0.00994716  -0.00267748    -0.00955317   0.00323176    -0.00994716   0.00267748
  0.00994716  -0.00267748    -0.00994716   0.00267748    -0.00955317   0.00323176
    3   11
  0.00489773  -0.00176547    -0.00344450   0.00359017    -0.00344450   0.00359017
 -0.00344450   0.00359017     0.00489773  -0.00176547     0.00344450  -0.00359017
 -0.00344450   0.00359017     0.00344450  -0.00359017     0.00489773  -0.00176547
    4    1
  0.00025980   0.01454743     0.00508655  -0.00424595     0.00508655  -0.00424595
