  2.500000000000000E-002   1.62642784585186        4.63499580460467     
           8

     Dynamical  Matrix in cartesian axes

     q = (    0.235702260   0.235702260  -0.235702260 ) 

    1    1
  0.06077574   0.00000000     0.01343956   0.00000000    -0.01343956   0.00000000
  0.01343956   0.00000000     0.06077574   0.00000000    -0.01343956   0.00000000
 -0.01343956   0.00000000    -0.01343956   0.00000000     0.06077574   0.00000000
    1    2
  0.00536155  -0.00221626     0.00924149  -0.00710404    -0.00924149   0.00710404
  0.00924149  -0.00710404     0.00536155  -0.00221626    -0.00924149   0.00710404
 -0.00924149   0.00710404    -0.00924149   0.00710404     0.00536155  -0.00221626
    1    3
  0.00536155   0.00221626     0.00924149   0.00710404    -0.00924149  -0.00710404
  0.00924149   0.00710404     0.00536155   0.00221626    -0.00924149  -0.00710404
 -0.00924149  -0.00710404    -0.00924149  -0.00710404     0.00536155   0.00221626
    1    4
 -0.00760746  -0.00270335     0.00290846  -0.00543303     0.00361382  -0.00181710
  0.00290846  -0.00543303    -0.00760746  -0.00270335     0.00361382  -0.00181710
  0.00331616   0.00146149     0.00331616   0.00146149     0.00022334   0.00939108
    1    5
 -0.00760746   0.00270335     0.00290846   0.00543303     0.00361382   0.00181710
  0.00290846   0.00543303    -0.00760746   0.00270335     0.00361382   0.00181710
  0.00331616  -0.00146149     0.00331616  -0.00146149     0.00022334  -0.00939108
    1    6
 -0.01255627   0.00091402    -0.00100831  -0.00437398     0.00100831   0.00437398
 -0.00100831  -0.00437398    -0.01255627   0.00091402     0.00100831   0.00437398
  0.00100831   0.00437398     0.00100831   0.00437398    -0.01255627   0.00091402
    1    7
 -0.01255627  -0.00091402    -0.00100831   0.00437398     0.00100831  -0.00437398
 -0.00100831   0.00437398    -0.01255627  -0.00091402     0.00100831  -0.00437398
  0.00100831  -0.00437398     0.00100831  -0.00437398    -0.01255627  -0.00091402
    1    8
  0.00022334   0.00939108    -0.00331616  -0.00146149     0.00331616   0.00146149
 -0.00361382   0.00181710    -0.00760746  -0.00270335    -0.00290846   0.00543303
  0.00361382  -0.00181710    -0.00290846   0.00543303    -0.00760746  -0.00270335
    1    9
  0.00022334  -0.00939108    -0.00331616   0.00146149     0.00331616  -0.00146149
 -0.00361382  -0.00181710    -0.00760746   0.00270335    -0.00290846  -0.00543303
  0.00361382   0.00181710    -0.00290846  -0.00543303    -0.00760746   0.00270335
    1   10
 -0.00760746  -0.00270335    -0.00361382   0.00181710    -0.00290846   0.00543303
 -0.00331616  -0.00146149     0.00022334   0.00939108     0.00331616   0.00146149
 -0.00290846   0.00543303     0.00361382  -0.00181710    -0.00760746  -0.00270335
    1   11
 -0.00760746   0.00270335    -0.00361382  -0.00181710    -0.00290846  -0.00543303
 -0.00331616   0.00146149     0.00022334  -0.00939108     0.00331616  -0.00146149
 -0.00290846  -0.00543303     0.00361382   0.00181710    -0.00760746   0.00270335
    2    1
  0.00536155   0.00221626     0.00924149   0.00710404    -0.00924149  -0.00710404
  0.00924149   0.00710404     0.00536155   0.00221626    -0.00924149  -0.00710404
 -0.00924149  -0.00710404    -0.00924149  -0.00710404     0.00536155   0.00221626
    2    2
  0.02316073   0.00000000     0.00914641   0.00000000    -0.00914641  -0.00000000
  0.00914641   0.00000000     0.02316073   0.00000000    -0.00914641  -0.00000000
 -0.00914641  -0.00000000    -0.00914641  -0.00000000     0.02316073  -0.00000000
    2    3
 -0.00250161   0.00500472    -0.00119964   0.00640615     0.00119964  -0.00640615
 -0.00119964   0.00640615    -0.00250161   0.00500472     0.00119964  -0.00640615
  0.00119964  -0.00640615     0.00119964  -0.00640615    -0.00250161   0.00500472
    2    4
 -0.00346653  -0.00099199     0.00134604  -0.00229916     0.00163265   0.00213568
  0.00134604  -0.00229916    -0.00346653  -0.00099199     0.00163265   0.00213568
 -0.00199343   0.00472249    -0.00199343   0.00472249    -0.00065706  -0.00180809
    2    5
 -0.00536331   0.00557045    -0.00476035   0.00078094    -0.00245772   0.00263294
 -0.00476035   0.00078094    -0.00536331   0.00557045    -0.00245772   0.00263294
 -0.00225277  -0.00302889    -0.00225277  -0.00302889    -0.00363269  -0.00150996
    2    6
  0.00483067  -0.00177419     0.00284270  -0.00287708    -0.00284270   0.00287708
  0.00284270  -0.00287708     0.00483067  -0.00177419    -0.00284270   0.00287708
 -0.00284270   0.00287708    -0.00284270   0.00287708     0.00483067  -0.00177419
    2    7
 -0.00857657   0.00281230    -0.00827514   0.00245319     0.00827514  -0.00245319
 -0.00827514   0.00245319    -0.00857657   0.00281230     0.00827514  -0.00245319
  0.00827514  -0.00245319     0.00827514  -0.00245319    -0.00857657   0.00281230
    2    8
 -0.00065706  -0.00180809     0.00199343  -0.00472249    -0.00199343   0.00472249
 -0.00163265  -0.00213568    -0.00346653  -0.00099199    -0.00134604   0.00229916
  0.00163265   0.00213568    -0.00134604   0.00229916    -0.00346653  -0.00099199
    2    9
 -0.00363269  -0.00150996     0.00225277   0.00302889    -0.00225277  -0.00302889
  0.00245772  -0.00263294    -0.00536331   0.00557045     0.00476035  -0.00078094
 -0.00245772   0.00263294     0.00476035  -0.00078094    -0.00536331   0.00557045
    2   10
 -0.00346653  -0.00099199    -0.00163265  -0.00213568    -0.00134604   0.00229916
  0.00199343  -0.00472249    -0.00065706  -0.00180809    -0.00199343   0.00472249
 -0.00134604   0.00229916     0.00163265   0.00213568    -0.00346653  -0.00099199
    2   11
 -0.00536331   0.00557045     0.00245772  -0.00263294     0.00476035  -0.00078094
  0.00225277   0.00302889    -0.00363269  -0.00150996    -0.00225277  -0.00302889
  0.00476035  -0.00078094    -0.00245772   0.00263294    -0.00536331   0.00557045
    3    1
  0.00536155  -0.00221626     0.00924149  -0.00710404    -0.00924149   0.00710404
  0.00924149  -0.00710404     0.00536155  -0.00221626    -0.00924149   0.00710404
 -0.00924149   0.00710404    -0.00924149   0.00710404     0.00536155  -0.00221626
    3    2
 -0.00250161  -0.00500472    -0.00119964  -0.00640615     0.00119964   0.00640615
 -0.00119964  -0.00640615    -0.00250161  -0.00500472     0.00119964   0.00640615
  0.00119964   0.00640615     0.00119964   0.00640615    -0.00250161  -0.00500472
    3    3
  0.02316073  -0.00000000     0.00914641  -0.00000000    -0.00914641   0.00000000
  0.00914641  -0.00000000     0.02316073  -0.00000000    -0.00914641   0.00000000
 -0.00914641   0.00000000    -0.00914641   0.00000000     0.02316073   0.00000000
    3    4
 -0.00536331  -0.00557045    -0.00476035  -0.00078094    -0.00245772  -0.00263294
 -0.00476035  -0.00078094    -0.00536331  -0.00557045    -0.00245772  -0.00263294
 -0.00225277   0.00302889    -0.00225277   0.00302889    -0.00363269   0.00150996
    3    5
 -0.00346653   0.00099199     0.00134604   0.00229916     0.00163265  -0.00213568
  0.00134604   0.00229916    -0.00346653   0.00099199     0.00163265  -0.00213568
 -0.00199343  -0.00472249    -0.00199343  -0.00472249    -0.00065706   0.00180809
    3    6
 -0.00857657  -0.00281230    -0.00827514  -0.00245319     0.00827514   0.00245319
 -0.00827514  -0.00245319    -0.00857657  -0.00281230     0.00827514   0.00245319
  0.00827514   0.00245319     0.00827514   0.00245319    -0.00857657  -0.00281230
    3    7
  0.00483067   0.00177419     0.00284270   0.00287708    -0.00284270  -0.00287708
  0.00284270   0.00287708     0.00483067   0.00177419    -0.00284270  -0.00287708
 -0.00284270  -0.00287708    -0.00284270  -0.00287708     0.00483067   0.00177419
    3    8
 -0.00363269   0.00150996     0.00225277  -0.00302889    -0.00225277   0.00302889
  0.00245772   0.00263294    -0.00536331  -0.00557045     0.00476035   0.00078094
 -0.00245772  -0.00263294     0.00476035   0.00078094    -0.00536331  -0.00557045
    3    9
 -0.00065706   0.00180809     0.00199343   0.00472249    -0.00199343  -0.00472249
 -0.00163265   0.00213568    -0.00346653   0.00099199    -0.00134604  -0.00229916
  0.00163265  -0.00213568    -0.00134604  -0.00229916    -0.00346653   0.00099199
    3   10
 -0.00536331  -0.00557045     0.00245772   0.00263294     0.00476035   0.00078094
  0.00225277  -0.00302889    -0.00363269   0.00150996    -0.00225277   0.00302889
  0.00476035   0.00078094    -0.00245772  -0.00263294    -0.00536331  -0.00557045
    3   11
 -0.00346653   0.00099199    -0.00163265   0.00213568    -0.00134604  -0.00229916
  0.00199343   0.00472249    -0.00065706   0.00180809    -0.00199343  -0.00472249
 -0.00134604  -0.00229916     0.00163265  -0.00213568    -0.00346653   0.00099199
    4    1
 -0.00760746   0.00270335     0.00290846   0.00543303     0.00331616  -0.00146149
  0.00290846   0.00543303    -0.00760746   0.00270335     0.00331616  -0.00146149
  0.00361382   0.00181710     0.00361382   0.00181710     0.00022334  -0.00939108
    4    2
 -0.00346653   0.00099199     0.00134604   0.00229916    -0.00199343  -0.00472249
  0.00134604   0.00229916    -0.00346653   0.00099199    -0.00199343  -0.00472249
  0.00163265  -0.00213568     0.00163265  -0.00213568    -0.00065706   0.00180809
    4    3
 -0.00536331   0.00557045    -0.00476035   0.00078094    -0.00225277  -0.00302889
 -0.00476035   0.00078094    -0.00536331   0.00557045    -0.00225277  -0.00302889
 -0.00245772   0.00263294    -0.00245772   0.00263294    -0.00363269  -0.00150996
    4    4
  0.01675892   0.00000000     0.00225300   0.00000000    -0.00063968   0.00083525
  0.00225300   0.00000000     0.01675892   0.00000000    -0.00063968   0.00083525
 -0.00063968  -0.00083525    -0.00063968  -0.00083525     0.01079085  -0.00000000
    4    5
  0.00217369   0.00043460     0.00144399   0.00040216     0.00076639   0.00050464
  0.00144399   0.00040216     0.00217369   0.00043460     0.00076639   0.00050464
  0.00076639   0.00050464     0.00076639   0.00050464    -0.00043825   0.00003883
    4    6
  0.00218519  -0.00202687    -0.00056375  -0.00043908    -0.00067210   0.00053967
 -0.00056375  -0.00043908     0.00218519  -0.00202687    -0.00067210   0.00053967
  0.00048320  -0.00145217     0.00048320  -0.00145217    -0.00200064   0.00255953
    4    7
  0.00016088   0.00039241    -0.00106591  -0.00165584     0.00171957   0.00049050
 -0.00106591  -0.00165584     0.00016088   0.00039241     0.00171957   0.00049050
 -0.00079210   0.00234496    -0.00079210   0.00234496    -0.00400268   0.00050116
    4    8
  0.00067449  -0.00095186     0.00031932   0.00343729     0.00039003  -0.00000000
  0.00041022   0.00013474     0.00471017   0.00000000    -0.00031932   0.00343729
  0.00073586  -0.00000000    -0.00041022   0.00013474     0.00067449   0.00095186
    4    9
  0.00213567   0.00110073    -0.00382255  -0.00078982     0.00547554   0.00123751
 -0.00014291  -0.00054886     0.00413129  -0.00697774     0.00382255   0.00078982
 -0.00104810  -0.00149215     0.00014291   0.00054886     0.00213567   0.00110073
    4   10
  0.00471017   0.00000000     0.00041022   0.00013474    -0.00031932   0.00343729
  0.00031932   0.00343729     0.00067449  -0.00095186     0.00039003   0.00000000
 -0.00041022   0.00013474     0.00073586   0.00000000     0.00067449   0.00095186
    4   11
  0.00413129  -0.00697774    -0.00014291  -0.00054886     0.00382255   0.00078982
 -0.00382255  -0.00078982     0.00213567   0.00110073     0.00547554   0.00123751
  0.00014291   0.00054886    -0.00104810  -0.00149215     0.00213567   0.00110073
    5    1
 -0.00760746  -0.00270335     0.00290846  -0.00543303     0.00331616   0.00146149
  0.00290846  -0.00543303    -0.00760746  -0.00270335     0.00331616   0.00146149
  0.00361382  -0.00181710     0.00361382  -0.00181710     0.00022334   0.00939108
    5    2
 -0.00536331  -0.00557045    -0.00476035  -0.00078094    -0.00225277   0.00302889
 -0.00476035  -0.00078094    -0.00536331  -0.00557045    -0.00225277   0.00302889
 -0.00245772  -0.00263294    -0.00245772  -0.00263294    -0.00363269   0.00150996
    5    3
 -0.00346653  -0.00099199     0.00134604  -0.00229916    -0.00199343   0.00472249
  0.00134604  -0.00229916    -0.00346653  -0.00099199    -0.00199343   0.00472249
  0.00163265   0.00213568     0.00163265   0.00213568    -0.00065706  -0.00180809
    5    4
  0.00217369  -0.00043460     0.00144399  -0.00040216     0.00076639  -0.00050464
  0.00144399  -0.00040216     0.00217369  -0.00043460     0.00076639  -0.00050464
  0.00076639  -0.00050464     0.00076639  -0.00050464    -0.00043825  -0.00003883
    5    5
  0.01675892  -0.00000000     0.00225300  -0.00000000    -0.00063968  -0.00083525
  0.00225300  -0.00000000     0.01675892  -0.00000000    -0.00063968  -0.00083525
 -0.00063968   0.00083525    -0.00063968   0.00083525     0.01079085   0.00000000
    5    6
  0.00016088  -0.00039241    -0.00106591   0.00165584     0.00171957  -0.00049050
 -0.00106591   0.00165584     0.00016088  -0.00039241     0.00171957  -0.00049050
 -0.00079210  -0.00234496    -0.00079210  -0.00234496    -0.00400268  -0.00050116
    5    7
  0.00218519   0.00202687    -0.00056375   0.00043908    -0.00067210  -0.00053967
 -0.00056375   0.00043908     0.00218519   0.00202687    -0.00067210  -0.00053967
  0.00048320   0.00145217     0.00048320   0.00145217    -0.00200064  -0.00255953
    5    8
  0.00213567  -0.00110073    -0.00382255   0.00078982     0.00547554  -0.00123751
 -0.00014291   0.00054886     0.00413129   0.00697774     0.00382255  -0.00078982
 -0.00104810   0.00149215     0.00014291  -0.00054886     0.00213567  -0.00110073
    5    9
  0.00067449   0.00095186     0.00031932  -0.00343729     0.00039003  -0.00000000
  0.00041022  -0.00013474     0.00471017  -0.00000000    -0.00031932  -0.00343729
  0.00073586   0.00000000    -0.00041022  -0.00013474     0.00067449  -0.00095186
    5   10
  0.00413129   0.00697774    -0.00014291   0.00054886     0.00382255  -0.00078982
 -0.00382255   0.00078982     0.00213567  -0.00110073     0.00547554  -0.00123751
  0.00014291  -0.00054886    -0.00104810   0.00149215     0.00213567  -0.00110073
    5   11
  0.00471017  -0.00000000     0.00041022  -0.00013474    -0.00031932  -0.00343729
  0.00031932  -0.00343729     0.00067449   0.00095186     0.00039003  -0.00000000
 -0.00041022  -0.00013474     0.00073586  -0.00000000     0.00067449  -0.00095186
    6    1
 -0.01255627  -0.00091402    -0.00100831   0.00437398     0.00100831  -0.00437398
 -0.00100831   0.00437398    -0.01255627  -0.00091402     0.00100831  -0.00437398
  0.00100831  -0.00437398     0.00100831  -0.00437398    -0.01255627  -0.00091402
    6    2
  0.00483067   0.00177419     0.00284270   0.00287708    -0.00284270  -0.00287708
  0.00284270   0.00287708     0.00483067   0.00177419    -0.00284270  -0.00287708
 -0.00284270  -0.00287708    -0.00284270  -0.00287708     0.00483067   0.00177419
    6    3
 -0.00857657   0.00281230    -0.00827514   0.00245319     0.00827514  -0.00245319
 -0.00827514   0.00245319    -0.00857657   0.00281230     0.00827514  -0.00245319
  0.00827514  -0.00245319     0.00827514  -0.00245319    -0.00857657   0.00281230
    6    4
  0.00218519   0.00202687    -0.00056375   0.00043908     0.00048320   0.00145217
 -0.00056375   0.00043908     0.00218519   0.00202687     0.00048320   0.00145217
 -0.00067210  -0.00053967    -0.00067210  -0.00053967    -0.00200064  -0.00255953
    6    5
  0.00016088   0.00039241    -0.00106591  -0.00165584    -0.00079210   0.00234496
 -0.00106591  -0.00165584     0.00016088   0.00039241    -0.00079210   0.00234496
  0.00171957   0.00049050     0.00171957   0.00049050    -0.00400268   0.00050116
    6    6
  0.01554324   0.00000000     0.00511593   0.00000000    -0.00511593  -0.00000000
  0.00511593   0.00000000     0.01554324   0.00000000    -0.00511593  -0.00000000
 -0.00511593  -0.00000000    -0.00511593  -0.00000000     0.01554324   0.00000000
    6    7
 -0.00194941   0.00063770    -0.00185652   0.00085410     0.00185652  -0.00085410
 -0.00185652   0.00085410    -0.00194941   0.00063770     0.00185652  -0.00085410
  0.00185652  -0.00085410     0.00185652  -0.00085410    -0.00194941   0.00063770
    6    8
 -0.00200064  -0.00255953     0.00067210   0.00053967    -0.00067210  -0.00053967
 -0.00048320  -0.00145217     0.00218519   0.00202687     0.00056375  -0.00043908
  0.00048320   0.00145217     0.00056375  -0.00043908     0.00218519   0.00202687
    6    9
 -0.00400268   0.00050116    -0.00171957  -0.00049050     0.00171957   0.00049050
  0.00079210  -0.00234496     0.00016088   0.00039241     0.00106591   0.00165584
 -0.00079210   0.00234496     0.00106591   0.00165584     0.00016088   0.00039241
    6   10
  0.00218519   0.00202687    -0.00048320  -0.00145217     0.00056375  -0.00043908
  0.00067210   0.00053967    -0.00200064  -0.00255953    -0.00067210  -0.00053967
  0.00056375  -0.00043908     0.00048320   0.00145217     0.00218519   0.00202687
    6   11
  0.00016088   0.00039241     0.00079210  -0.00234496     0.00106591   0.00165584
 -0.00171957  -0.00049050    -0.00400268   0.00050116     0.00171957   0.00049050
  0.00106591   0.00165584    -0.00079210   0.00234496     0.00016088   0.00039241
    7    1
 -0.01255627   0.00091402    -0.00100831  -0.00437398     0.00100831   0.00437398
 -0.00100831  -0.00437398    -0.01255627   0.00091402     0.00100831   0.00437398
  0.00100831   0.00437398     0.00100831   0.00437398    -0.01255627   0.00091402
    7    2
 -0.00857657  -0.00281230    -0.00827514  -0.00245319     0.00827514   0.00245319
 -0.00827514  -0.00245319    -0.00857657  -0.00281230     0.00827514   0.00245319
  0.00827514   0.00245319     0.00827514   0.00245319    -0.00857657  -0.00281230
    7    3
  0.00483067  -0.00177419     0.00284270  -0.00287708    -0.00284270   0.00287708
  0.00284270  -0.00287708     0.00483067  -0.00177419    -0.00284270   0.00287708
 -0.00284270   0.00287708    -0.00284270   0.00287708     0.00483067  -0.00177419
    7    4
  0.00016088  -0.00039241    -0.00106591   0.00165584    -0.00079210  -0.00234496
 -0.00106591   0.00165584     0.00016088  -0.00039241    -0.00079210  -0.00234496
  0.00171957  -0.00049050     0.00171957  -0.00049050    -0.00400268  -0.00050116
    7    5
  0.00218519  -0.00202687    -0.00056375  -0.00043908     0.00048320  -0.00145217
 -0.00056375  -0.00043908     0.00218519  -0.00202687     0.00048320  -0.00145217
 -0.00067210   0.00053967    -0.00067210   0.00053967    -0.00200064   0.00255953
    7    6
 -0.00194941  -0.00063770    -0.00185652  -0.00085410     0.00185652   0.00085410
 -0.00185652  -0.00085410    -0.00194941  -0.00063770     0.00185652   0.00085410
  0.00185652   0.00085410     0.00185652   0.00085410    -0.00194941  -0.00063770
    7    7
  0.01554324  -0.00000000     0.00511593  -0.00000000    -0.00511593   0.00000000
  0.00511593  -0.00000000     0.01554324  -0.00000000    -0.00511593   0.00000000
 -0.00511593   0.00000000    -0.00511593   0.00000000     0.01554324  -0.00000000
    7    8
 -0.00400268  -0.00050116    -0.00171957   0.00049050     0.00171957  -0.00049050
  0.00079210   0.00234496     0.00016088  -0.00039241     0.00106591  -0.00165584
 -0.00079210  -0.00234496     0.00106591  -0.00165584     0.00016088  -0.00039241
    7    9
 -0.00200064   0.00255953     0.00067210  -0.00053967    -0.00067210   0.00053967
 -0.00048320   0.00145217     0.00218519  -0.00202687     0.00056375   0.00043908
  0.00048320  -0.00145217     0.00056375   0.00043908     0.00218519  -0.00202687
    7   10
  0.00016088  -0.00039241     0.00079210   0.00234496     0.00106591  -0.00165584
 -0.00171957   0.00049050    -0.00400268  -0.00050116     0.00171957  -0.00049050
  0.00106591  -0.00165584    -0.00079210  -0.00234496     0.00016088  -0.00039241
    7   11
  0.00218519  -0.00202687    -0.00048320   0.00145217     0.00056375   0.00043908
  0.00067210  -0.00053967    -0.00200064   0.00255953    -0.00067210   0.00053967
  0.00056375   0.00043908     0.00048320  -0.00145217     0.00218519  -0.00202687
    8    1
  0.00022334  -0.00939108    -0.00361382  -0.00181710     0.00361382   0.00181710
 -0.00331616   0.00146149    -0.00760746   0.00270335    -0.00290846  -0.00543303
  0.00331616  -0.00146149    -0.00290846  -0.00543303    -0.00760746   0.00270335
    8    2
 -0.00065706   0.00180809    -0.00163265   0.00213568     0.00163265  -0.00213568
  0.00199343   0.00472249    -0.00346653   0.00099199    -0.00134604  -0.00229916
 -0.00199343  -0.00472249    -0.00134604  -0.00229916    -0.00346653   0.00099199
    8    3
 -0.00363269  -0.00150996     0.00245772  -0.00263294    -0.00245772   0.00263294
  0.00225277   0.00302889    -0.00536331   0.00557045     0.00476035  -0.00078094
 -0.00225277  -0.00302889     0.00476035  -0.00078094    -0.00536331   0.00557045
    8    4
  0.00067449   0.00095186     0.00041022  -0.00013474     0.00073586  -0.00000000
  0.00031932  -0.00343729     0.00471017  -0.00000000    -0.00041022  -0.00013474
  0.00039003   0.00000000    -0.00031932  -0.00343729     0.00067449  -0.00095186
    8    5
  0.00213567   0.00110073    -0.00014291  -0.00054886    -0.00104810  -0.00149215
 -0.00382255  -0.00078982     0.00413129  -0.00697774     0.00014291   0.00054886
  0.00547554   0.00123751     0.00382255   0.00078982     0.00213567   0.00110073
    8    6
 -0.00200064   0.00255953    -0.00048320   0.00145217     0.00048320  -0.00145217
  0.00067210  -0.00053967     0.00218519  -0.00202687     0.00056375   0.00043908
 -0.00067210   0.00053967     0.00056375   0.00043908     0.00218519  -0.00202687
    8    7
 -0.00400268   0.00050116     0.00079210  -0.00234496    -0.00079210   0.00234496
 -0.00171957  -0.00049050     0.00016088   0.00039241     0.00106591   0.00165584
  0.00171957   0.00049050     0.00106591   0.00165584     0.00016088   0.00039241
    8    8
  0.01079085  -0.00000000     0.00063968   0.00083525    -0.00063968  -0.00083525
  0.00063968  -0.00083525     0.01675892  -0.00000000    -0.00225300   0.00000000
 -0.00063968   0.00083525    -0.00225300   0.00000000     0.01675892  -0.00000000
    8    9
 -0.00043825   0.00003883    -0.00076639  -0.00050464     0.00076639   0.00050464
 -0.00076639  -0.00050464     0.00217369   0.00043460    -0.00144399  -0.00040216
  0.00076639   0.00050464    -0.00144399  -0.00040216     0.00217369   0.00043460
    8   10
  0.00067449   0.00095186    -0.00073586  -0.00000000    -0.00041022   0.00013474
 -0.00039003  -0.00000000     0.00067449  -0.00095186    -0.00031932  -0.00343729
 -0.00031932   0.00343729    -0.00041022  -0.00013474     0.00471017   0.00000000
    8   11
  0.00213567   0.00110073     0.00104810   0.00149215     0.00014291   0.00054886
 -0.00547554  -0.00123751     0.00213567   0.00110073     0.00382255   0.00078982
  0.00382255   0.00078982     0.00014291   0.00054886     0.00413129  -0.00697774
    9    1
  0.00022334   0.00939108    -0.00361382   0.00181710     0.00361382  -0.00181710
 -0.00331616  -0.00146149    -0.00760746  -0.00270335    -0.00290846   0.00543303
  0.00331616   0.00146149    -0.00290846   0.00543303    -0.00760746  -0.00270335
    9    2
 -0.00363269   0.00150996     0.00245772   0.00263294    -0.00245772  -0.00263294
  0.00225277  -0.00302889    -0.00536331  -0.00557045     0.00476035   0.00078094
 -0.00225277   0.00302889     0.00476035   0.00078094    -0.00536331  -0.00557045
    9    3
 -0.00065706  -0.00180809    -0.00163265  -0.00213568     0.00163265   0.00213568
  0.00199343  -0.00472249    -0.00346653  -0.00099199    -0.00134604   0.00229916
 -0.00199343   0.00472249    -0.00134604   0.00229916    -0.00346653  -0.00099199
    9    4
  0.00213567  -0.00110073    -0.00014291   0.00054886    -0.00104810   0.00149215
 -0.00382255   0.00078982     0.00413129   0.00697774     0.00014291  -0.00054886
  0.00547554  -0.00123751     0.00382255  -0.00078982     0.00213567  -0.00110073
    9    5
  0.00067449  -0.00095186     0.00041022   0.00013474     0.00073586   0.00000000
  0.00031932   0.00343729     0.00471017  -0.00000000    -0.00041022   0.00013474
  0.00039003   0.00000000    -0.00031932   0.00343729     0.00067449   0.00095186
    9    6
 -0.00400268  -0.00050116     0.00079210   0.00234496    -0.00079210  -0.00234496
 -0.00171957   0.00049050     0.00016088  -0.00039241     0.00106591  -0.00165584
  0.00171957  -0.00049050     0.00106591  -0.00165584     0.00016088  -0.00039241
    9    7
 -0.00200064  -0.00255953    -0.00048320  -0.00145217     0.00048320   0.00145217
  0.00067210   0.00053967     0.00218519   0.00202687     0.00056375  -0.00043908
 -0.00067210  -0.00053967     0.00056375  -0.00043908     0.00218519   0.00202687
    9    8
 -0.00043825  -0.00003883    -0.00076639   0.00050464     0.00076639  -0.00050464
 -0.00076639   0.00050464     0.00217369  -0.00043460    -0.00144399   0.00040216
  0.00076639  -0.00050464    -0.00144399   0.00040216     0.00217369  -0.00043460
    9    9
  0.01079085   0.00000000     0.00063968  -0.00083525    -0.00063968   0.00083525
  0.00063968   0.00083525     0.01675892   0.00000000    -0.00225300  -0.00000000
 -0.00063968  -0.00083525    -0.00225300  -0.00000000     0.01675892   0.00000000
    9   10
  0.00213567  -0.00110073     0.00104810  -0.00149215     0.00014291  -0.00054886
 -0.00547554   0.00123751     0.00213567  -0.00110073     0.00382255  -0.00078982
  0.00382255  -0.00078982     0.00014291  -0.00054886     0.00413129   0.00697774
    9   11
  0.00067449  -0.00095186    -0.00073586   0.00000000    -0.00041022  -0.00013474
 -0.00039003   0.00000000     0.00067449   0.00095186    -0.00031932   0.00343729
 -0.00031932  -0.00343729    -0.00041022   0.00013474     0.00471017  -0.00000000
   10    1
 -0.00760746   0.00270335    -0.00331616   0.00146149    -0.00290846  -0.00543303
 -0.00361382  -0.00181710     0.00022334  -0.00939108     0.00361382   0.00181710
 -0.00290846  -0.00543303     0.00331616  -0.00146149    -0.00760746   0.00270335
   10    2
 -0.00346653   0.00099199     0.00199343   0.00472249    -0.00134604  -0.00229916
 -0.00163265   0.00213568    -0.00065706   0.00180809     0.00163265  -0.00213568
 -0.00134604  -0.00229916    -0.00199343  -0.00472249    -0.00346653   0.00099199
   10    3
 -0.00536331   0.00557045     0.00225277   0.00302889     0.00476035  -0.00078094
  0.00245772  -0.00263294    -0.00363269  -0.00150996    -0.00245772   0.00263294
  0.00476035  -0.00078094    -0.00225277  -0.00302889    -0.00536331   0.00557045
   10    4
  0.00471017  -0.00000000     0.00031932  -0.00343729    -0.00041022  -0.00013474
  0.00041022  -0.00013474     0.00067449   0.00095186     0.00073586  -0.00000000
 -0.00031932  -0.00343729     0.00039003   0.00000000     0.00067449  -0.00095186
   10    5
  0.00413129  -0.00697774    -0.00382255  -0.00078982     0.00014291   0.00054886
 -0.00014291  -0.00054886     0.00213567   0.00110073    -0.00104810  -0.00149215
  0.00382255   0.00078982     0.00547554   0.00123751     0.00213567   0.00110073
   10    6
  0.00218519  -0.00202687     0.00067210  -0.00053967     0.00056375   0.00043908
 -0.00048320   0.00145217    -0.00200064   0.00255953     0.00048320  -0.00145217
  0.00056375   0.00043908    -0.00067210   0.00053967     0.00218519  -0.00202687
   10    7
  0.00016088   0.00039241    -0.00171957  -0.00049050     0.00106591   0.00165584
  0.00079210  -0.00234496    -0.00400268   0.00050116    -0.00079210   0.00234496
  0.00106591   0.00165584     0.00171957   0.00049050     0.00016088   0.00039241
   10    8
  0.00067449  -0.00095186    -0.00039003  -0.00000000    -0.00031932  -0.00343729
 -0.00073586  -0.00000000     0.00067449   0.00095186    -0.00041022   0.00013474
 -0.00041022  -0.00013474    -0.00031932   0.00343729     0.00471017   0.00000000
   10    9
  0.00213567   0.00110073    -0.00547554  -0.00123751     0.00382255   0.00078982
  0.00104810   0.00149215     0.00213567   0.00110073     0.00014291   0.00054886
  0.00014291   0.00054886     0.00382255   0.00078982     0.00413129  -0.00697774
   10   10
  0.01675892   0.00000000     0.00063968  -0.00083525    -0.00225300  -0.00000000
  0.00063968   0.00083525     0.01079085  -0.00000000    -0.00063968  -0.00083525
 -0.00225300  -0.00000000    -0.00063968   0.00083525     0.01675892   0.00000000
   10   11
  0.00217369   0.00043460    -0.00076639  -0.00050464    -0.00144399  -0.00040216
 -0.00076639  -0.00050464    -0.00043825   0.00003883     0.00076639   0.00050464
 -0.00144399  -0.00040216     0.00076639   0.00050464     0.00217369   0.00043460
   11    1
 -0.00760746  -0.00270335    -0.00331616  -0.00146149    -0.00290846   0.00543303
 -0.00361382   0.00181710     0.00022334   0.00939108     0.00361382  -0.00181710
 -0.00290846   0.00543303     0.00331616   0.00146149    -0.00760746  -0.00270335
   11    2
 -0.00536331  -0.00557045     0.00225277  -0.00302889     0.00476035   0.00078094
  0.00245772   0.00263294    -0.00363269   0.00150996    -0.00245772  -0.00263294
  0.00476035   0.00078094    -0.00225277   0.00302889    -0.00536331  -0.00557045
   11    3
 -0.00346653  -0.00099199     0.00199343  -0.00472249    -0.00134604   0.00229916
 -0.00163265  -0.00213568    -0.00065706  -0.00180809     0.00163265   0.00213568
 -0.00134604   0.00229916    -0.00199343   0.00472249    -0.00346653  -0.00099199
   11    4
  0.00413129   0.00697774    -0.00382255   0.00078982     0.00014291  -0.00054886
 -0.00014291   0.00054886     0.00213567  -0.00110073    -0.00104810   0.00149215
  0.00382255  -0.00078982     0.00547554  -0.00123751     0.00213567  -0.00110073
   11    5
  0.00471017   0.00000000     0.00031932   0.00343729    -0.00041022   0.00013474
  0.00041022   0.00013474     0.00067449  -0.00095186     0.00073586   0.00000000
 -0.00031932   0.00343729     0.00039003  -0.00000000     0.00067449   0.00095186
   11    6
  0.00016088  -0.00039241    -0.00171957   0.00049050     0.00106591  -0.00165584
  0.00079210   0.00234496    -0.00400268  -0.00050116    -0.00079210  -0.00234496
  0.00106591  -0.00165584     0.00171957  -0.00049050     0.00016088  -0.00039241
   11    7
  0.00218519   0.00202687     0.00067210   0.00053967     0.00056375  -0.00043908
 -0.00048320  -0.00145217    -0.00200064  -0.00255953     0.00048320   0.00145217
  0.00056375  -0.00043908    -0.00067210  -0.00053967     0.00218519   0.00202687
   11    8
  0.00213567  -0.00110073    -0.00547554   0.00123751     0.00382255  -0.00078982
  0.00104810  -0.00149215     0.00213567  -0.00110073     0.00014291  -0.00054886
  0.00014291  -0.00054886     0.00382255  -0.00078982     0.00413129   0.00697774
   11    9
  0.00067449   0.00095186    -0.00039003   0.00000000    -0.00031932   0.00343729
 -0.00073586   0.00000000     0.00067449  -0.00095186    -0.00041022  -0.00013474
 -0.00041022   0.00013474    -0.00031932  -0.00343729     0.00471017  -0.00000000
   11   10
  0.00217369  -0.00043460    -0.00076639   0.00050464    -0.00144399   0.00040216
 -0.00076639   0.00050464    -0.00043825  -0.00003883     0.00076639  -0.00050464
 -0.00144399   0.00040216     0.00076639  -0.00050464     0.00217369  -0.00043460
   11   11
  0.01675892  -0.00000000     0.00063968   0.00083525    -0.00225300   0.00000000
  0.00063968  -0.00083525     0.01079085   0.00000000    -0.00063968   0.00083525
 -0.00225300   0.00000000    -0.00063968  -0.00083525     0.01675892  -0.00000000

     Dynamical  Matrix in cartesian axes

     q = (    0.235702260  -0.235702260  -0.235702260 ) 

    1    1
  0.06077574   0.00000000    -0.01343956   0.00000000    -0.01343956   0.00000000
 -0.01343956   0.00000000     0.06077574   0.00000000     0.01343956   0.00000000
 -0.01343956   0.00000000     0.01343956   0.00000000     0.06077574   0.00000000
    1    2
  0.00536155   0.00221626    -0.00924149  -0.00710404    -0.00924149  -0.00710404
 -0.00924149  -0.00710404     0.00536155   0.00221626     0.00924149   0.00710404
 -0.00924149  -0.00710404     0.00924149   0.00710404     0.00536155   0.00221626
    1    3
  0.00536155  -0.00221626    -0.00924149   0.00710404    -0.00924149   0.00710404
 -0.00924149   0.00710404     0.00536155  -0.00221626     0.00924149  -0.00710404
 -0.00924149   0.00710404     0.00924149  -0.00710404     0.00536155  -0.00221626
    1    4
  0.00022334  -0.00939108     0.00331616  -0.00146149     0.00331616  -0.00146149
  0.00361382   0.00181710    -0.00760746   0.00270335     0.00290846   0.00543303
  0.00361382   0.00181710     0.00290846   0.00543303    -0.00760746   0.00270335
    1    5
  0.00022334   0.00939108     0.00331616   0.00146149     0.00331616   0.00146149
  0.00361382  -0.00181710    -0.00760746  -0.00270335     0.00290846  -0.00543303
  0.00361382  -0.00181710     0.00290846  -0.00543303    -0.00760746  -0.00270335
    1    6
 -0.00760746   0.00270335     0.00361382   0.00181710    -0.00290846  -0.00543303
  0.00331616  -0.00146149     0.00022334  -0.00939108    -0.00331616   0.00146149
 -0.00290846  -0.00543303    -0.00361382  -0.00181710    -0.00760746   0.00270335
    1    7
 -0.00760746  -0.00270335     0.00361382  -0.00181710    -0.00290846   0.00543303
  0.00331616   0.00146149     0.00022334   0.00939108    -0.00331616  -0.00146149
 -0.00290846   0.00543303    -0.00361382   0.00181710    -0.00760746  -0.00270335
    1    8
 -0.00760746   0.00270335    -0.00290846  -0.00543303     0.00361382   0.00181710
 -0.00290846  -0.00543303    -0.00760746   0.00270335    -0.00361382  -0.00181710
  0.00331616  -0.00146149    -0.00331616   0.00146149     0.00022334  -0.00939108
    1    9
 -0.00760746  -0.00270335    -0.00290846   0.00543303     0.00361382  -0.00181710
 -0.00290846   0.00543303    -0.00760746  -0.00270335    -0.00361382   0.00181710
  0.00331616   0.00146149    -0.00331616  -0.00146149     0.00022334   0.00939108
    1   10
 -0.01255627  -0.00091402     0.00100831  -0.00437398     0.00100831  -0.00437398
  0.00100831  -0.00437398    -0.01255627  -0.00091402    -0.00100831   0.00437398
  0.00100831  -0.00437398    -0.00100831   0.00437398    -0.01255627  -0.00091402
    1   11
 -0.01255627   0.00091402     0.00100831   0.00437398     0.00100831   0.00437398
  0.00100831   0.00437398    -0.01255627   0.00091402    -0.00100831  -0.00437398
  0.00100831   0.00437398    -0.00100831  -0.00437398    -0.01255627   0.00091402
    2    1
  0.00536155  -0.00221626    -0.00924149   0.00710404    -0.00924149   0.00710404
 -0.00924149   0.00710404     0.00536155  -0.00221626     0.00924149  -0.00710404
 -0.00924149   0.00710404     0.00924149  -0.00710404     0.00536155  -0.00221626
    2    2
  0.02316073   0.00000000    -0.00914641   0.00000000    -0.00914641   0.00000000
 -0.00914641   0.00000000     0.02316073  -0.00000000     0.00914641  -0.00000000
 -0.00914641   0.00000000     0.00914641  -0.00000000     0.02316073  -0.00000000
    2    3
 -0.00250161  -0.00500472     0.00119964   0.00640615     0.00119964   0.00640615
  0.00119964   0.00640615    -0.00250161  -0.00500472    -0.00119964  -0.00640615
  0.00119964   0.00640615    -0.00119964  -0.00640615    -0.00250161  -0.00500472
    2    4
 -0.00065706   0.00180809    -0.00199343  -0.00472249    -0.00199343  -0.00472249
  0.00163265  -0.00213568    -0.00346653   0.00099199     0.00134604   0.00229916
  0.00163265  -0.00213568     0.00134604   0.00229916    -0.00346653   0.00099199
    2    5
 -0.00363269   0.00150996    -0.00225277   0.00302889    -0.00225277   0.00302889
 -0.00245772  -0.00263294    -0.00536331  -0.00557045    -0.00476035  -0.00078094
 -0.00245772  -0.00263294    -0.00476035  -0.00078094    -0.00536331  -0.00557045
    2    6
 -0.00346653   0.00099199     0.00163265  -0.00213568    -0.00134604  -0.00229916
 -0.00199343  -0.00472249    -0.00065706   0.00180809     0.00199343   0.00472249
 -0.00134604  -0.00229916    -0.00163265   0.00213568    -0.00346653   0.00099199
    2    7
 -0.00536331  -0.00557045    -0.00245772  -0.00263294     0.00476035   0.00078094
 -0.00225277   0.00302889    -0.00363269   0.00150996     0.00225277  -0.00302889
  0.00476035   0.00078094     0.00245772   0.00263294    -0.00536331  -0.00557045
    2    8
 -0.00346653   0.00099199    -0.00134604  -0.00229916     0.00163265  -0.00213568
 -0.00134604  -0.00229916    -0.00346653   0.00099199    -0.00163265   0.00213568
 -0.00199343  -0.00472249     0.00199343   0.00472249    -0.00065706   0.00180809
    2    9
 -0.00536331  -0.00557045     0.00476035   0.00078094    -0.00245772  -0.00263294
  0.00476035   0.00078094    -0.00536331  -0.00557045     0.00245772   0.00263294
 -0.00225277   0.00302889     0.00225277  -0.00302889    -0.00363269   0.00150996
    2   10
  0.00483067   0.00177419    -0.00284270  -0.00287708    -0.00284270  -0.00287708
 -0.00284270  -0.00287708     0.00483067   0.00177419     0.00284270   0.00287708
 -0.00284270  -0.00287708     0.00284270   0.00287708     0.00483067   0.00177419
    2   11
 -0.00857657  -0.00281230     0.00827514   0.00245319     0.00827514   0.00245319
  0.00827514   0.00245319    -0.00857657  -0.00281230    -0.00827514  -0.00245319
  0.00827514   0.00245319    -0.00827514  -0.00245319    -0.00857657  -0.00281230
    3    1
  0.00536155   0.00221626    -0.00924149  -0.00710404    -0.00924149  -0.00710404
 -0.00924149  -0.00710404     0.00536155   0.00221626     0.00924149   0.00710404
 -0.00924149  -0.00710404     0.00924149   0.00710404     0.00536155   0.00221626
    3    2
 -0.00250161   0.00500472     0.00119964  -0.00640615     0.00119964  -0.00640615
  0.00119964  -0.00640615    -0.00250161   0.00500472    -0.00119964   0.00640615
  0.00119964  -0.00640615    -0.00119964   0.00640615    -0.00250161   0.00500472
    3    3
  0.02316073  -0.00000000    -0.00914641  -0.00000000    -0.00914641  -0.00000000
 -0.00914641  -0.00000000     0.02316073   0.00000000     0.00914641   0.00000000
 -0.00914641  -0.00000000     0.00914641   0.00000000     0.02316073   0.00000000
    3    4
 -0.00363269  -0.00150996    -0.00225277  -0.00302889    -0.00225277  -0.00302889
 -0.00245772   0.00263294    -0.00536331   0.00557045    -0.00476035   0.00078094
 -0.00245772   0.00263294    -0.00476035   0.00078094    -0.00536331   0.00557045
    3    5
 -0.00065706  -0.00180809    -0.00199343   0.00472249    -0.00199343   0.00472249
  0.00163265   0.00213568    -0.00346653  -0.00099199     0.00134604  -0.00229916
  0.00163265   0.00213568     0.00134604  -0.00229916    -0.00346653  -0.00099199
    3    6
 -0.00536331   0.00557045    -0.00245772   0.00263294     0.00476035  -0.00078094
 -0.00225277  -0.00302889    -0.00363269  -0.00150996     0.00225277   0.00302889
  0.00476035  -0.00078094     0.00245772  -0.00263294    -0.00536331   0.00557045
    3    7
 -0.00346653  -0.00099199     0.00163265   0.00213568    -0.00134604   0.00229916
 -0.00199343   0.00472249    -0.00065706  -0.00180809     0.00199343  -0.00472249
 -0.00134604   0.00229916    -0.00163265  -0.00213568    -0.00346653  -0.00099199
    3    8
 -0.00536331   0.00557045     0.00476035  -0.00078094    -0.00245772   0.00263294
  0.00476035  -0.00078094    -0.00536331   0.00557045     0.00245772  -0.00263294
 -0.00225277  -0.00302889     0.00225277   0.00302889    -0.00363269  -0.00150996
    3    9
 -0.00346653  -0.00099199    -0.00134604   0.00229916     0.00163265   0.00213568
 -0.00134604   0.00229916    -0.00346653  -0.00099199    -0.00163265  -0.00213568
 -0.00199343   0.00472249     0.00199343  -0.00472249    -0.00065706  -0.00180809
    3   10
 -0.00857657   0.00281230     0.00827514  -0.00245319     0.00827514  -0.00245319
  0.00827514  -0.00245319    -0.00857657   0.00281230    -0.00827514   0.00245319
  0.00827514  -0.00245319    -0.00827514   0.00245319    -0.00857657   0.00281230
    3   11
  0.00483067  -0.00177419    -0.00284270   0.00287708    -0.00284270   0.00287708
 -0.00284270   0.00287708     0.00483067  -0.00177419     0.00284270  -0.00287708
 -0.00284270   0.00287708     0.00284270  -0.00287708     0.00483067  -0.00177419
    4    1
  0.00022334   0.00939108     0.00361382  -0.00181710     0.00361382  -0.00181710
