  2.500000000000000E-002   1.62642784585186        4.63499580460467     
           4

     Dynamical  Matrix in cartesian axes

     q = (   -0.353553391  -0.353553391   0.353553391 ) 

    1    1
  0.01944315   0.00000000     0.00390839   0.00000000    -0.00390839   0.00000000
  0.00390839   0.00000000     0.01944315   0.00000000    -0.00390839   0.00000000
 -0.00390839   0.00000000    -0.00390839   0.00000000     0.01944315   0.00000000
    1    2
  0.00290828   0.00000000     0.00227953   0.00000000    -0.00227953   0.00000000
  0.00227953   0.00000000     0.00290828   0.00000000    -0.00227953   0.00000000
 -0.00227953   0.00000000    -0.00227953   0.00000000     0.00290828   0.00000000
    1    3
  0.00290828   0.00000000     0.00227953   0.00000000    -0.00227953   0.00000000
  0.00227953   0.00000000     0.00290828   0.00000000    -0.00227953   0.00000000
 -0.00227953   0.00000000    -0.00227953   0.00000000     0.00290828   0.00000000
    1    4
 -0.00504895   0.00000000     0.00065468  -0.00000000    -0.00074089   0.00000000
  0.00065468  -0.00000000    -0.00504895   0.00000000    -0.00074089   0.00000000
 -0.00014601   0.00000000    -0.00014601   0.00000000     0.00282551  -0.00000000
    1    5
 -0.00504895   0.00000000     0.00065468  -0.00000000    -0.00074089   0.00000000
  0.00065468  -0.00000000    -0.00504895   0.00000000    -0.00074089   0.00000000
 -0.00014601   0.00000000    -0.00014601   0.00000000     0.00282551  -0.00000000
    1    6
 -0.00493641   0.00000000    -0.00214554   0.00000000     0.00214554  -0.00000000
 -0.00214554   0.00000000    -0.00493641   0.00000000     0.00214554  -0.00000000
  0.00214554  -0.00000000     0.00214554  -0.00000000    -0.00493641   0.00000000
    1    7
 -0.00493641   0.00000000    -0.00214554   0.00000000     0.00214554  -0.00000000
 -0.00214554   0.00000000    -0.00493641   0.00000000     0.00214554  -0.00000000
  0.00214554  -0.00000000     0.00214554  -0.00000000    -0.00493641   0.00000000
    1    8
  0.00282551  -0.00000000     0.00014601  -0.00000000    -0.00014601   0.00000000
  0.00074089  -0.00000000    -0.00504895   0.00000000    -0.00065468   0.00000000
 -0.00074089   0.00000000    -0.00065468   0.00000000    -0.00504895   0.00000000
    1    9
  0.00282551  -0.00000000     0.00014601  -0.00000000    -0.00014601   0.00000000
  0.00074089  -0.00000000    -0.00504895   0.00000000    -0.00065468   0.00000000
 -0.00074089   0.00000000    -0.00065468   0.00000000    -0.00504895   0.00000000
    1   10
 -0.00504895   0.00000000     0.00074089  -0.00000000    -0.00065468   0.00000000
  0.00014601  -0.00000000     0.00282551  -0.00000000    -0.00014601   0.00000000
 -0.00065468   0.00000000    -0.00074089   0.00000000    -0.00504895   0.00000000
    1   11
 -0.00504895   0.00000000     0.00074089  -0.00000000    -0.00065468   0.00000000
  0.00014601  -0.00000000     0.00282551  -0.00000000    -0.00014601   0.00000000
 -0.00065468   0.00000000    -0.00074089   0.00000000    -0.00504895   0.00000000
    2    1
  0.00290828   0.00000000     0.00227953   0.00000000    -0.00227953   0.00000000
  0.00227953   0.00000000     0.00290828   0.00000000    -0.00227953   0.00000000
 -0.00227953   0.00000000    -0.00227953   0.00000000     0.00290828   0.00000000
    2    2
  0.01154025   0.00000000     0.00106620   0.00000000    -0.00106620   0.00000000
  0.00106620   0.00000000     0.01154025   0.00000000    -0.00106620   0.00000000
 -0.00106620   0.00000000    -0.00106620   0.00000000     0.01154025   0.00000000
    2    3
 -0.00567056   0.00000000    -0.00043045   0.00000000     0.00043045   0.00000000
 -0.00043045   0.00000000    -0.00567056   0.00000000     0.00043045   0.00000000
  0.00043045   0.00000000     0.00043045   0.00000000    -0.00567056   0.00000000
    2    4
 -0.00109736   0.00000000     0.00113390  -0.00000000     0.00120654  -0.00000000
  0.00113390  -0.00000000    -0.00109736   0.00000000     0.00120654  -0.00000000
  0.00268097  -0.00000000     0.00268097  -0.00000000     0.00007866  -0.00000000
    2    5
 -0.00258650   0.00000000    -0.00164228   0.00000000    -0.00271165   0.00000000
 -0.00164228   0.00000000    -0.00258650   0.00000000    -0.00271165   0.00000000
 -0.00419535   0.00000000    -0.00419535   0.00000000     0.00059018  -0.00000000
    2    6
 -0.00059671   0.00000000    -0.00002396   0.00000000     0.00002396  -0.00000000
 -0.00002396   0.00000000    -0.00059671   0.00000000     0.00002396  -0.00000000
  0.00002396  -0.00000000     0.00002396  -0.00000000    -0.00059671   0.00000000
    2    7
 -0.00113509   0.00000000    -0.00216770   0.00000000     0.00216770  -0.00000000
 -0.00216770   0.00000000    -0.00113509   0.00000000     0.00216770  -0.00000000
  0.00216770  -0.00000000     0.00216770  -0.00000000    -0.00113509   0.00000000
    2    8
  0.00007866   0.00000000    -0.00268097   0.00000000     0.00268097  -0.00000000
 -0.00120654   0.00000000    -0.00109736   0.00000000    -0.00113390   0.00000000
  0.00120654  -0.00000000    -0.00113390   0.00000000    -0.00109736   0.00000000
    2    9
  0.00059018  -0.00000000     0.00419535  -0.00000000    -0.00419535   0.00000000
  0.00271165  -0.00000000    -0.00258650   0.00000000     0.00164228  -0.00000000
 -0.00271165   0.00000000     0.00164228  -0.00000000    -0.00258650   0.00000000
    2   10
 -0.00109736   0.00000000    -0.00120654   0.00000000    -0.00113390   0.00000000
 -0.00268097   0.00000000     0.00007866  -0.00000000     0.00268097  -0.00000000
 -0.00113390   0.00000000     0.00120654  -0.00000000    -0.00109736   0.00000000
    2   11
 -0.00258650   0.00000000     0.00271165  -0.00000000     0.00164228  -0.00000000
  0.00419535  -0.00000000     0.00059018  -0.00000000    -0.00419535   0.00000000
  0.00164228  -0.00000000    -0.00271165   0.00000000    -0.00258650   0.00000000
    3    1
  0.00290828   0.00000000     0.00227953   0.00000000    -0.00227953   0.00000000
  0.00227953   0.00000000     0.00290828   0.00000000    -0.00227953   0.00000000
 -0.00227953   0.00000000    -0.00227953   0.00000000     0.00290828   0.00000000
    3    2
 -0.00567056   0.00000000    -0.00043045   0.00000000     0.00043045   0.00000000
 -0.00043045   0.00000000    -0.00567056   0.00000000     0.00043045   0.00000000
  0.00043045   0.00000000     0.00043045   0.00000000    -0.00567056   0.00000000
    3    3
  0.01154025   0.00000000     0.00106620   0.00000000    -0.00106620   0.00000000
  0.00106620   0.00000000     0.01154025   0.00000000    -0.00106620   0.00000000
 -0.00106620   0.00000000    -0.00106620   0.00000000     0.01154025   0.00000000
    3    4
 -0.00258650   0.00000000    -0.00164228   0.00000000    -0.00271165   0.00000000
 -0.00164228   0.00000000    -0.00258650   0.00000000    -0.00271165   0.00000000
 -0.00419535   0.00000000    -0.00419535   0.00000000     0.00059018  -0.00000000
    3    5
 -0.00109736   0.00000000     0.00113390  -0.00000000     0.00120654  -0.00000000
  0.00113390  -0.00000000    -0.00109736   0.00000000     0.00120654  -0.00000000
  0.00268097  -0.00000000     0.00268097  -0.00000000     0.00007866  -0.00000000
    3    6
 -0.00113509   0.00000000    -0.00216770   0.00000000     0.00216770  -0.00000000
 -0.00216770   0.00000000    -0.00113509   0.00000000     0.00216770  -0.00000000
  0.00216770  -0.00000000     0.00216770  -0.00000000    -0.00113509   0.00000000
    3    7
 -0.00059671   0.00000000    -0.00002396  -0.00000000     0.00002396  -0.00000000
 -0.00002396  -0.00000000    -0.00059671   0.00000000     0.00002396  -0.00000000
  0.00002396  -0.00000000     0.00002396  -0.00000000    -0.00059671   0.00000000
    3    8
  0.00059018  -0.00000000     0.00419535  -0.00000000    -0.00419535   0.00000000
  0.00271165  -0.00000000    -0.00258650   0.00000000     0.00164228  -0.00000000
 -0.00271165   0.00000000     0.00164228  -0.00000000    -0.00258650   0.00000000
    3    9
  0.00007866  -0.00000000    -0.00268097   0.00000000     0.00268097  -0.00000000
 -0.00120654   0.00000000    -0.00109736   0.00000000    -0.00113390   0.00000000
  0.00120654  -0.00000000    -0.00113390   0.00000000    -0.00109736   0.00000000
    3   10
 -0.00258650   0.00000000     0.00271165  -0.00000000     0.00164228  -0.00000000
  0.00419535  -0.00000000     0.00059018  -0.00000000    -0.00419535   0.00000000
  0.00164228  -0.00000000    -0.00271165   0.00000000    -0.00258650   0.00000000
    3   11
 -0.00109736   0.00000000    -0.00120654   0.00000000    -0.00113390   0.00000000
 -0.00268097   0.00000000     0.00007866  -0.00000000     0.00268097  -0.00000000
 -0.00113390   0.00000000     0.00120654  -0.00000000    -0.00109736   0.00000000
    4    1
 -0.00504895  -0.00000000     0.00065468   0.00000000    -0.00014601  -0.00000000
  0.00065468   0.00000000    -0.00504895  -0.00000000    -0.00014601  -0.00000000
 -0.00074089  -0.00000000    -0.00074089  -0.00000000     0.00282551   0.00000000
    4    2
 -0.00109736  -0.00000000     0.00113390   0.00000000     0.00268097   0.00000000
  0.00113390   0.00000000    -0.00109736  -0.00000000     0.00268097   0.00000000
  0.00120654   0.00000000     0.00120654   0.00000000     0.00007866   0.00000000
    4    3
 -0.00258650  -0.00000000    -0.00164228  -0.00000000    -0.00419535  -0.00000000
 -0.00164228  -0.00000000    -0.00258650  -0.00000000    -0.00419535  -0.00000000
 -0.00271165  -0.00000000    -0.00271165  -0.00000000     0.00059018   0.00000000
    4    4
  0.00816489   0.00000000     0.00107351   0.00000000     0.00051411   0.00000000
  0.00107351   0.00000000     0.00816489   0.00000000     0.00051411   0.00000000
  0.00051411   0.00000000     0.00051411   0.00000000     0.00298252   0.00000000
    4    5
  0.00046031   0.00000000    -0.00252793  -0.00000000    -0.00049072  -0.00000000
 -0.00252793  -0.00000000     0.00046031   0.00000000    -0.00049072  -0.00000000
 -0.00049072  -0.00000000    -0.00049072  -0.00000000     0.00030984   0.00000000
    4    6
 -0.00025161   0.00000000    -0.00066942   0.00000000    -0.00025419   0.00000000
 -0.00066942   0.00000000    -0.00025161   0.00000000    -0.00025419   0.00000000
  0.00022745  -0.00000000     0.00022745  -0.00000000    -0.00129813   0.00000000
    4    7
  0.00130922   0.00000000     0.00161940   0.00000000    -0.00061760  -0.00000000
  0.00161940   0.00000000     0.00130922   0.00000000    -0.00061760  -0.00000000
  0.00062039   0.00000000     0.00062039   0.00000000    -0.00151254  -0.00000000
    4    8
 -0.00002952   0.00000000    -0.00138799   0.00000000     0.00184660  -0.00000000
  0.00001403  -0.00000000     0.00211251  -0.00000000     0.00138799  -0.00000000
 -0.00085715   0.00000000    -0.00001403   0.00000000    -0.00002952   0.00000000
    4    9
 -0.00041806   0.00000000    -0.00158406   0.00000000     0.00195419  -0.00000000
 -0.00013894   0.00000000     0.00500041  -0.00000000     0.00158406  -0.00000000
  0.00039170  -0.00000000     0.00013894  -0.00000000    -0.00041806   0.00000000
    4   10
  0.00211251  -0.00000000     0.00001403  -0.00000000     0.00138799  -0.00000000
 -0.00138799   0.00000000    -0.00002952   0.00000000     0.00184660  -0.00000000
 -0.00001403   0.00000000    -0.00085715   0.00000000    -0.00002952   0.00000000
    4   11
  0.00500041  -0.00000000    -0.00013894   0.00000000     0.00158406  -0.00000000
 -0.00158406   0.00000000    -0.00041806   0.00000000     0.00195419  -0.00000000
  0.00013894  -0.00000000     0.00039170  -0.00000000    -0.00041806   0.00000000
    5    1
 -0.00504895  -0.00000000     0.00065468   0.00000000    -0.00014601  -0.00000000
  0.00065468   0.00000000    -0.00504895  -0.00000000    -0.00014601  -0.00000000
 -0.00074089  -0.00000000    -0.00074089  -0.00000000     0.00282551   0.00000000
    5    2
 -0.00258650  -0.00000000    -0.00164228  -0.00000000    -0.00419535  -0.00000000
 -0.00164228  -0.00000000    -0.00258650  -0.00000000    -0.00419535  -0.00000000
 -0.00271165  -0.00000000    -0.00271165  -0.00000000     0.00059018   0.00000000
    5    3
 -0.00109736  -0.00000000     0.00113390   0.00000000     0.00268097   0.00000000
  0.00113390   0.00000000    -0.00109736  -0.00000000     0.00268097   0.00000000
  0.00120654   0.00000000     0.00120654   0.00000000     0.00007866   0.00000000
    5    4
  0.00046031  -0.00000000    -0.00252793   0.00000000    -0.00049072   0.00000000
 -0.00252793   0.00000000     0.00046031  -0.00000000    -0.00049072   0.00000000
 -0.00049072   0.00000000    -0.00049072   0.00000000     0.00030984  -0.00000000
    5    5
  0.00816489   0.00000000     0.00107351   0.00000000     0.00051411   0.00000000
  0.00107351   0.00000000     0.00816489   0.00000000     0.00051411   0.00000000
  0.00051411   0.00000000     0.00051411   0.00000000     0.00298252   0.00000000
    5    6
  0.00130922  -0.00000000     0.00161940  -0.00000000    -0.00061760   0.00000000
  0.00161940  -0.00000000     0.00130922  -0.00000000    -0.00061760   0.00000000
  0.00062039  -0.00000000     0.00062039  -0.00000000    -0.00151254   0.00000000
    5    7
 -0.00025161   0.00000000    -0.00066942   0.00000000    -0.00025419   0.00000000
 -0.00066942   0.00000000    -0.00025161   0.00000000    -0.00025419   0.00000000
  0.00022745  -0.00000000     0.00022745  -0.00000000    -0.00129813   0.00000000
    5    8
 -0.00041806   0.00000000    -0.00158406   0.00000000     0.00195419   0.00000000
 -0.00013894   0.00000000     0.00500041   0.00000000     0.00158406   0.00000000
  0.00039170   0.00000000     0.00013894   0.00000000    -0.00041806   0.00000000
    5    9
 -0.00002952   0.00000000    -0.00138799   0.00000000     0.00184660  -0.00000000
  0.00001403  -0.00000000     0.00211251  -0.00000000     0.00138799  -0.00000000
 -0.00085715   0.00000000    -0.00001403   0.00000000    -0.00002952   0.00000000
    5   10
  0.00500041  -0.00000000    -0.00013894   0.00000000     0.00158406  -0.00000000
 -0.00158406   0.00000000    -0.00041806   0.00000000     0.00195419  -0.00000000
  0.00013894  -0.00000000     0.00039170  -0.00000000    -0.00041806   0.00000000
    5   11
  0.00211251  -0.00000000     0.00001403  -0.00000000     0.00138799  -0.00000000
 -0.00138799   0.00000000    -0.00002952   0.00000000     0.00184660  -0.00000000
 -0.00001403   0.00000000    -0.00085715   0.00000000    -0.00002952   0.00000000
    6    1
 -0.00493641  -0.00000000    -0.00214554  -0.00000000     0.00214554   0.00000000
 -0.00214554  -0.00000000    -0.00493641  -0.00000000     0.00214554   0.00000000
  0.00214554   0.00000000     0.00214554   0.00000000    -0.00493641  -0.00000000
    6    2
 -0.00059671  -0.00000000    -0.00002396  -0.00000000     0.00002396   0.00000000
 -0.00002396  -0.00000000    -0.00059671  -0.00000000     0.00002396   0.00000000
  0.00002396   0.00000000     0.00002396   0.00000000    -0.00059671  -0.00000000
    6    3
 -0.00113509  -0.00000000    -0.00216770  -0.00000000     0.00216770   0.00000000
 -0.00216770  -0.00000000    -0.00113509  -0.00000000     0.00216770   0.00000000
  0.00216770   0.00000000     0.00216770   0.00000000    -0.00113509  -0.00000000
    6    4
 -0.00025161  -0.00000000    -0.00066942  -0.00000000     0.00022745   0.00000000
 -0.00066942  -0.00000000    -0.00025161  -0.00000000     0.00022745   0.00000000
 -0.00025419  -0.00000000    -0.00025419  -0.00000000    -0.00129813  -0.00000000
    6    5
  0.00130922   0.00000000     0.00161940   0.00000000     0.00062039   0.00000000
  0.00161940   0.00000000     0.00130922   0.00000000     0.00062039   0.00000000
 -0.00061760  -0.00000000    -0.00061760  -0.00000000    -0.00151254  -0.00000000
    6    6
  0.00444815   0.00000000     0.00157630   0.00000000    -0.00157630   0.00000000
  0.00157630   0.00000000     0.00444815   0.00000000    -0.00157630   0.00000000
 -0.00157630   0.00000000    -0.00157630   0.00000000     0.00444815   0.00000000
    6    7
 -0.00022416   0.00000000     0.00014595  -0.00000000    -0.00014595   0.00000000
  0.00014595  -0.00000000    -0.00022416  -0.00000000    -0.00014595   0.00000000
 -0.00014595   0.00000000    -0.00014595   0.00000000    -0.00022416   0.00000000
    6    8
 -0.00129813  -0.00000000     0.00025419   0.00000000    -0.00025419  -0.00000000
 -0.00022745  -0.00000000    -0.00025161  -0.00000000     0.00066942   0.00000000
  0.00022745   0.00000000     0.00066942   0.00000000    -0.00025161  -0.00000000
    6    9
 -0.00151254   0.00000000     0.00061760  -0.00000000    -0.00061760   0.00000000
 -0.00062039   0.00000000     0.00130922  -0.00000000    -0.00161940   0.00000000
  0.00062039  -0.00000000    -0.00161940   0.00000000     0.00130922  -0.00000000
    6   10
 -0.00025161  -0.00000000    -0.00022745  -0.00000000     0.00066942   0.00000000
  0.00025419   0.00000000    -0.00129813   0.00000000    -0.00025419  -0.00000000
  0.00066942   0.00000000     0.00022745  -0.00000000    -0.00025161   0.00000000
    6   11
  0.00130922   0.00000000    -0.00062039  -0.00000000    -0.00161940  -0.00000000
  0.00061760   0.00000000    -0.00151254  -0.00000000    -0.00061760  -0.00000000
 -0.00161940  -0.00000000     0.00062039   0.00000000     0.00130922   0.00000000
    7    1
 -0.00493641  -0.00000000    -0.00214554  -0.00000000     0.00214554   0.00000000
 -0.00214554  -0.00000000    -0.00493641  -0.00000000     0.00214554   0.00000000
  0.00214554   0.00000000     0.00214554   0.00000000    -0.00493641  -0.00000000
    7    2
 -0.00113509  -0.00000000    -0.00216770  -0.00000000     0.00216770   0.00000000
 -0.00216770  -0.00000000    -0.00113509  -0.00000000     0.00216770   0.00000000
  0.00216770   0.00000000     0.00216770   0.00000000    -0.00113509  -0.00000000
    7    3
 -0.00059671  -0.00000000    -0.00002396   0.00000000     0.00002396   0.00000000
 -0.00002396   0.00000000    -0.00059671  -0.00000000     0.00002396   0.00000000
  0.00002396   0.00000000     0.00002396   0.00000000    -0.00059671  -0.00000000
    7    4
  0.00130922  -0.00000000     0.00161940  -0.00000000     0.00062039  -0.00000000
  0.00161940  -0.00000000     0.00130922  -0.00000000     0.00062039  -0.00000000
 -0.00061760   0.00000000    -0.00061760   0.00000000    -0.00151254   0.00000000
    7    5
 -0.00025161  -0.00000000    -0.00066942  -0.00000000     0.00022745   0.00000000
 -0.00066942  -0.00000000    -0.00025161  -0.00000000     0.00022745   0.00000000
 -0.00025419  -0.00000000    -0.00025419  -0.00000000    -0.00129813  -0.00000000
    7    6
 -0.00022416  -0.00000000     0.00014595   0.00000000    -0.00014595  -0.00000000
  0.00014595   0.00000000    -0.00022416   0.00000000    -0.00014595  -0.00000000
 -0.00014595  -0.00000000    -0.00014595  -0.00000000    -0.00022416  -0.00000000
    7    7
  0.00444815   0.00000000     0.00157630   0.00000000    -0.00157630   0.00000000
  0.00157630   0.00000000     0.00444815   0.00000000    -0.00157630   0.00000000
 -0.00157630   0.00000000    -0.00157630   0.00000000     0.00444815   0.00000000
    7    8
 -0.00151254  -0.00000000     0.00061760  -0.00000000    -0.00061760   0.00000000
 -0.00062039   0.00000000     0.00130922   0.00000000    -0.00161940  -0.00000000
  0.00062039   0.00000000    -0.00161940   0.00000000     0.00130922   0.00000000
    7    9
 -0.00129813   0.00000000     0.00025419  -0.00000000    -0.00025419   0.00000000
 -0.00022745   0.00000000    -0.00025161   0.00000000     0.00066942  -0.00000000
  0.00022745  -0.00000000     0.00066942  -0.00000000    -0.00025161   0.00000000
    7   10
  0.00130922  -0.00000000    -0.00062039   0.00000000    -0.00161940   0.00000000
  0.00061760  -0.00000000    -0.00151254   0.00000000    -0.00061760   0.00000000
 -0.00161940   0.00000000     0.00062039  -0.00000000     0.00130922  -0.00000000
    7   11
 -0.00025161  -0.00000000    -0.00022745  -0.00000000     0.00066942   0.00000000
  0.00025419   0.00000000    -0.00129813  -0.00000000    -0.00025419  -0.00000000
  0.00066942   0.00000000     0.00022745   0.00000000    -0.00025161  -0.00000000
    8    1
  0.00282551   0.00000000     0.00074089   0.00000000    -0.00074089  -0.00000000
  0.00014601   0.00000000    -0.00504895  -0.00000000    -0.00065468  -0.00000000
 -0.00014601  -0.00000000    -0.00065468  -0.00000000    -0.00504895  -0.00000000
    8    2
  0.00007866  -0.00000000    -0.00120654  -0.00000000     0.00120654   0.00000000
 -0.00268097  -0.00000000    -0.00109736  -0.00000000    -0.00113390  -0.00000000
  0.00268097   0.00000000    -0.00113390  -0.00000000    -0.00109736  -0.00000000
    8    3
  0.00059018   0.00000000     0.00271165   0.00000000    -0.00271165  -0.00000000
  0.00419535   0.00000000    -0.00258650  -0.00000000     0.00164228   0.00000000
 -0.00419535  -0.00000000     0.00164228   0.00000000    -0.00258650  -0.00000000
    8    4
 -0.00002952  -0.00000000     0.00001403   0.00000000    -0.00085715  -0.00000000
 -0.00138799  -0.00000000     0.00211251   0.00000000    -0.00001403  -0.00000000
  0.00184660   0.00000000     0.00138799   0.00000000    -0.00002952  -0.00000000
    8    5
 -0.00041806   0.00000000    -0.00013894   0.00000000     0.00039170   0.00000000
 -0.00158406   0.00000000     0.00500041   0.00000000     0.00013894   0.00000000
  0.00195419   0.00000000     0.00158406   0.00000000    -0.00041806   0.00000000
    8    6
 -0.00129813   0.00000000    -0.00022745   0.00000000     0.00022745  -0.00000000
  0.00025419  -0.00000000    -0.00025161   0.00000000     0.00066942  -0.00000000
 -0.00025419   0.00000000     0.00066942  -0.00000000    -0.00025161   0.00000000
    8    7
 -0.00151254   0.00000000    -0.00062039  -0.00000000     0.00062039  -0.00000000
  0.00061760   0.00000000     0.00130922  -0.00000000    -0.00161940  -0.00000000
 -0.00061760  -0.00000000    -0.00161940   0.00000000     0.00130922  -0.00000000
    8    8
  0.00298252   0.00000000    -0.00051411   0.00000000     0.00051411   0.00000000
 -0.00051411   0.00000000     0.00816489   0.00000000    -0.00107351   0.00000000
  0.00051411   0.00000000    -0.00107351   0.00000000     0.00816489   0.00000000
    8    9
  0.00030984  -0.00000000     0.00049072  -0.00000000    -0.00049072   0.00000000
  0.00049072  -0.00000000     0.00046031  -0.00000000     0.00252793  -0.00000000
 -0.00049072   0.00000000     0.00252793  -0.00000000     0.00046031  -0.00000000
    8   10
 -0.00002952   0.00000000     0.00085715  -0.00000000    -0.00001403   0.00000000
 -0.00184660   0.00000000    -0.00002952   0.00000000     0.00138799  -0.00000000
  0.00138799  -0.00000000    -0.00001403  -0.00000000     0.00211251  -0.00000000
    8   11
 -0.00041806  -0.00000000    -0.00039170  -0.00000000     0.00013894   0.00000000
 -0.00195419  -0.00000000    -0.00041806  -0.00000000     0.00158406   0.00000000
  0.00158406   0.00000000     0.00013894   0.00000000     0.00500041   0.00000000
    9    1
  0.00282551   0.00000000     0.00074089   0.00000000    -0.00074089  -0.00000000
  0.00014601   0.00000000    -0.00504895  -0.00000000    -0.00065468  -0.00000000
 -0.00014601  -0.00000000    -0.00065468  -0.00000000    -0.00504895  -0.00000000
    9    2
  0.00059018   0.00000000     0.00271165   0.00000000    -0.00271165  -0.00000000
  0.00419535   0.00000000    -0.00258650  -0.00000000     0.00164228   0.00000000
 -0.00419535  -0.00000000     0.00164228   0.00000000    -0.00258650  -0.00000000
    9    3
  0.00007866   0.00000000    -0.00120654  -0.00000000     0.00120654   0.00000000
 -0.00268097  -0.00000000    -0.00109736  -0.00000000    -0.00113390  -0.00000000
  0.00268097   0.00000000    -0.00113390  -0.00000000    -0.00109736  -0.00000000
    9    4
 -0.00041806  -0.00000000    -0.00013894  -0.00000000     0.00039170   0.00000000
 -0.00158406  -0.00000000     0.00500041   0.00000000     0.00013894   0.00000000
  0.00195419   0.00000000     0.00158406   0.00000000    -0.00041806  -0.00000000
    9    5
 -0.00002952  -0.00000000     0.00001403   0.00000000    -0.00085715  -0.00000000
 -0.00138799  -0.00000000     0.00211251   0.00000000    -0.00001403  -0.00000000
  0.00184660   0.00000000     0.00138799   0.00000000    -0.00002952  -0.00000000
    9    6
 -0.00151254  -0.00000000    -0.00062039  -0.00000000     0.00062039   0.00000000
  0.00061760   0.00000000     0.00130922   0.00000000    -0.00161940  -0.00000000
 -0.00061760  -0.00000000    -0.00161940  -0.00000000     0.00130922   0.00000000
    9    7
 -0.00129813  -0.00000000    -0.00022745  -0.00000000     0.00022745   0.00000000
  0.00025419   0.00000000    -0.00025161  -0.00000000     0.00066942   0.00000000
 -0.00025419  -0.00000000     0.00066942   0.00000000    -0.00025161  -0.00000000
    9    8
  0.00030984   0.00000000     0.00049072   0.00000000    -0.00049072  -0.00000000
  0.00049072   0.00000000     0.00046031   0.00000000     0.00252793   0.00000000
 -0.00049072  -0.00000000     0.00252793   0.00000000     0.00046031   0.00000000
    9    9
  0.00298252   0.00000000    -0.00051411   0.00000000     0.00051411   0.00000000
 -0.00051411   0.00000000     0.00816489   0.00000000    -0.00107351   0.00000000
  0.00051411   0.00000000    -0.00107351   0.00000000     0.00816489   0.00000000
    9   10
 -0.00041806  -0.00000000    -0.00039170  -0.00000000     0.00013894   0.00000000
 -0.00195419  -0.00000000    -0.00041806  -0.00000000     0.00158406   0.00000000
  0.00158406   0.00000000     0.00013894   0.00000000     0.00500041   0.00000000
    9   11
 -0.00002952  -0.00000000     0.00085715   0.00000000    -0.00001403  -0.00000000
 -0.00184660  -0.00000000    -0.00002952  -0.00000000     0.00138799   0.00000000
  0.00138799   0.00000000    -0.00001403  -0.00000000     0.00211251   0.00000000
   10    1
 -0.00504895  -0.00000000     0.00014601   0.00000000    -0.00065468  -0.00000000
  0.00074089   0.00000000     0.00282551   0.00000000    -0.00074089  -0.00000000
 -0.00065468  -0.00000000    -0.00014601  -0.00000000    -0.00504895  -0.00000000
   10    2
 -0.00109736  -0.00000000    -0.00268097  -0.00000000    -0.00113390  -0.00000000
 -0.00120654  -0.00000000     0.00007866   0.00000000     0.00120654   0.00000000
 -0.00113390  -0.00000000     0.00268097   0.00000000    -0.00109736  -0.00000000
   10    3
 -0.00258650  -0.00000000     0.00419535   0.00000000     0.00164228   0.00000000
  0.00271165   0.00000000     0.00059018   0.00000000    -0.00271165  -0.00000000
  0.00164228   0.00000000    -0.00419535  -0.00000000    -0.00258650  -0.00000000
   10    4
  0.00211251   0.00000000    -0.00138799  -0.00000000    -0.00001403  -0.00000000
  0.00001403   0.00000000    -0.00002952  -0.00000000    -0.00085715  -0.00000000
  0.00138799   0.00000000     0.00184660   0.00000000    -0.00002952  -0.00000000
   10    5
  0.00500041   0.00000000    -0.00158406  -0.00000000     0.00013894   0.00000000
 -0.00013894  -0.00000000    -0.00041806  -0.00000000     0.00039170   0.00000000
  0.00158406   0.00000000     0.00195419   0.00000000    -0.00041806  -0.00000000
   10    6
 -0.00025161   0.00000000     0.00025419  -0.00000000     0.00066942  -0.00000000
 -0.00022745   0.00000000    -0.00129813  -0.00000000     0.00022745   0.00000000
  0.00066942  -0.00000000    -0.00025419   0.00000000    -0.00025161  -0.00000000
   10    7
  0.00130922   0.00000000     0.00061760   0.00000000    -0.00161940  -0.00000000
 -0.00062039  -0.00000000    -0.00151254  -0.00000000     0.00062039   0.00000000
 -0.00161940  -0.00000000    -0.00061760  -0.00000000     0.00130922   0.00000000
   10    8
 -0.00002952  -0.00000000    -0.00184660  -0.00000000     0.00138799   0.00000000
  0.00085715   0.00000000    -0.00002952  -0.00000000    -0.00001403   0.00000000
 -0.00001403  -0.00000000     0.00138799   0.00000000     0.00211251   0.00000000
   10    9
 -0.00041806   0.00000000    -0.00195419   0.00000000     0.00158406  -0.00000000
 -0.00039170   0.00000000    -0.00041806   0.00000000     0.00013894  -0.00000000
  0.00013894  -0.00000000     0.00158406  -0.00000000     0.00500041  -0.00000000
   10   10
  0.00816489   0.00000000    -0.00051411   0.00000000    -0.00107351   0.00000000
 -0.00051411   0.00000000     0.00298252   0.00000000     0.00051411   0.00000000
 -0.00107351   0.00000000     0.00051411   0.00000000     0.00816489   0.00000000
   10   11
  0.00046031   0.00000000     0.00049072   0.00000000     0.00252793   0.00000000
  0.00049072   0.00000000     0.00030984   0.00000000    -0.00049072  -0.00000000
  0.00252793   0.00000000    -0.00049072  -0.00000000     0.00046031   0.00000000
   11    1
 -0.00504895  -0.00000000     0.00014601   0.00000000    -0.00065468  -0.00000000
  0.00074089   0.00000000     0.00282551   0.00000000    -0.00074089  -0.00000000
 -0.00065468  -0.00000000    -0.00014601  -0.00000000    -0.00504895  -0.00000000
   11    2
 -0.00258650  -0.00000000     0.00419535   0.00000000     0.00164228   0.00000000
  0.00271165   0.00000000     0.00059018   0.00000000    -0.00271165  -0.00000000
  0.00164228   0.00000000    -0.00419535  -0.00000000    -0.00258650  -0.00000000
   11    3
 -0.00109736  -0.00000000    -0.00268097  -0.00000000    -0.00113390  -0.00000000
 -0.00120654  -0.00000000     0.00007866   0.00000000     0.00120654   0.00000000
 -0.00113390  -0.00000000     0.00268097   0.00000000    -0.00109736  -0.00000000
   11    4
  0.00500041   0.00000000    -0.00158406  -0.00000000     0.00013894   0.00000000
 -0.00013894  -0.00000000    -0.00041806  -0.00000000     0.00039170   0.00000000
  0.00158406   0.00000000     0.00195419   0.00000000    -0.00041806  -0.00000000
   11    5
  0.00211251   0.00000000    -0.00138799  -0.00000000    -0.00001403  -0.00000000
  0.00001403   0.00000000    -0.00002952  -0.00000000    -0.00085715  -0.00000000
  0.00138799   0.00000000     0.00184660   0.00000000    -0.00002952  -0.00000000
   11    6
  0.00130922  -0.00000000     0.00061760  -0.00000000    -0.00161940   0.00000000
 -0.00062039   0.00000000    -0.00151254   0.00000000     0.00062039  -0.00000000
 -0.00161940   0.00000000    -0.00061760   0.00000000     0.00130922  -0.00000000
   11    7
 -0.00025161   0.00000000     0.00025419  -0.00000000     0.00066942  -0.00000000
 -0.00022745   0.00000000    -0.00129813   0.00000000     0.00022745  -0.00000000
  0.00066942  -0.00000000    -0.00025419   0.00000000    -0.00025161   0.00000000
   11    8
 -0.00041806   0.00000000    -0.00195419   0.00000000     0.00158406  -0.00000000
 -0.00039170   0.00000000    -0.00041806   0.00000000     0.00013894  -0.00000000
  0.00013894  -0.00000000     0.00158406  -0.00000000     0.00500041  -0.00000000
   11    9
 -0.00002952   0.00000000    -0.00184660   0.00000000     0.00138799  -0.00000000
  0.00085715  -0.00000000    -0.00002952   0.00000000    -0.00001403   0.00000000
 -0.00001403   0.00000000     0.00138799  -0.00000000     0.00211251  -0.00000000
   11   10
  0.00046031  -0.00000000     0.00049072  -0.00000000     0.00252793  -0.00000000
  0.00049072  -0.00000000     0.00030984  -0.00000000    -0.00049072   0.00000000
  0.00252793  -0.00000000    -0.00049072   0.00000000     0.00046031  -0.00000000
   11   11
  0.00816489   0.00000000    -0.00051411   0.00000000    -0.00107351   0.00000000
 -0.00051411   0.00000000     0.00298252   0.00000000     0.00051411   0.00000000
 -0.00107351   0.00000000     0.00051411   0.00000000     0.00816489   0.00000000

     Dynamical  Matrix in cartesian axes

     q = (   -0.353553391   0.353553391   0.353553391 ) 

    1    1
  0.01944315   0.00000000    -0.00390839   0.00000000    -0.00390839   0.00000000
 -0.00390839   0.00000000     0.01944315   0.00000000     0.00390839   0.00000000
 -0.00390839   0.00000000     0.00390839   0.00000000     0.01944315   0.00000000
    1    2
  0.00290828   0.00000000    -0.00227953   0.00000000    -0.00227953   0.00000000
 -0.00227953   0.00000000     0.00290828   0.00000000     0.00227953   0.00000000
 -0.00227953   0.00000000     0.00227953   0.00000000     0.00290828   0.00000000
    1    3
  0.00290828   0.00000000    -0.00227953   0.00000000    -0.00227953   0.00000000
 -0.00227953   0.00000000     0.00290828   0.00000000     0.00227953   0.00000000
 -0.00227953   0.00000000     0.00227953   0.00000000     0.00290828   0.00000000
    1    4
  0.00282551   0.00000000    -0.00014601  -0.00000000    -0.00014601  -0.00000000
 -0.00074089  -0.00000000    -0.00504895  -0.00000000     0.00065468   0.00000000
 -0.00074089  -0.00000000     0.00065468   0.00000000    -0.00504895  -0.00000000
    1    5
  0.00282551   0.00000000    -0.00014601  -0.00000000    -0.00014601  -0.00000000
 -0.00074089  -0.00000000    -0.00504895  -0.00000000     0.00065468   0.00000000
 -0.00074089  -0.00000000     0.00065468   0.00000000    -0.00504895  -0.00000000
    1    6
 -0.00504895  -0.00000000    -0.00074089  -0.00000000    -0.00065468  -0.00000000
 -0.00014601  -0.00000000     0.00282551   0.00000000     0.00014601   0.00000000
 -0.00065468  -0.00000000     0.00074089   0.00000000    -0.00504895  -0.00000000
    1    7
 -0.00504895  -0.00000000    -0.00074089  -0.00000000    -0.00065468  -0.00000000
 -0.00014601  -0.00000000     0.00282551   0.00000000     0.00014601   0.00000000
 -0.00065468  -0.00000000     0.00074089   0.00000000    -0.00504895  -0.00000000
    1    8
 -0.00504895  -0.00000000    -0.00065468  -0.00000000    -0.00074089  -0.00000000
 -0.00065468  -0.00000000    -0.00504895  -0.00000000     0.00074089   0.00000000
 -0.00014601  -0.00000000     0.00014601   0.00000000     0.00282551   0.00000000
    1    9
 -0.00504895  -0.00000000    -0.00065468  -0.00000000    -0.00074089  -0.00000000
 -0.00065468  -0.00000000    -0.00504895  -0.00000000     0.00074089   0.00000000
 -0.00014601  -0.00000000     0.00014601   0.00000000     0.00282551   0.00000000
    1   10
 -0.00493641  -0.00000000     0.00214554   0.00000000     0.00214554   0.00000000
  0.00214554   0.00000000    -0.00493641  -0.00000000    -0.00214554  -0.00000000
  0.00214554   0.00000000    -0.00214554  -0.00000000    -0.00493641  -0.00000000
    1   11
 -0.00493641  -0.00000000     0.00214554   0.00000000     0.00214554   0.00000000
  0.00214554   0.00000000    -0.00493641  -0.00000000    -0.00214554  -0.00000000
  0.00214554   0.00000000    -0.00214554  -0.00000000    -0.00493641  -0.00000000
    2    1
  0.00290828   0.00000000    -0.00227953   0.00000000    -0.00227953   0.00000000
 -0.00227953   0.00000000     0.00290828   0.00000000     0.00227953   0.00000000
 -0.00227953   0.00000000     0.00227953   0.00000000     0.00290828   0.00000000
    2    2
  0.01154025   0.00000000    -0.00106620   0.00000000    -0.00106620   0.00000000
 -0.00106620   0.00000000     0.01154025   0.00000000     0.00106620   0.00000000
 -0.00106620   0.00000000     0.00106620   0.00000000     0.01154025   0.00000000
    2    3
 -0.00567056   0.00000000     0.00043045   0.00000000     0.00043045   0.00000000
  0.00043045   0.00000000    -0.00567056   0.00000000    -0.00043045   0.00000000
  0.00043045   0.00000000    -0.00043045   0.00000000    -0.00567056   0.00000000
    2    4
  0.00007866   0.00000000     0.00268097   0.00000000     0.00268097   0.00000000
  0.00120654   0.00000000    -0.00109736  -0.00000000     0.00113390   0.00000000
  0.00120654   0.00000000     0.00113390   0.00000000    -0.00109736  -0.00000000
    2    5
  0.00059018   0.00000000    -0.00419535  -0.00000000    -0.00419535  -0.00000000
 -0.00271165  -0.00000000    -0.00258650  -0.00000000    -0.00164228  -0.00000000
 -0.00271165  -0.00000000    -0.00164228  -0.00000000    -0.00258650  -0.00000000
    2    6
 -0.00109736  -0.00000000     0.00120654   0.00000000    -0.00113390  -0.00000000
  0.00268097   0.00000000     0.00007866   0.00000000    -0.00268097  -0.00000000
 -0.00113390  -0.00000000    -0.00120654  -0.00000000    -0.00109736  -0.00000000
    2    7
 -0.00258650  -0.00000000    -0.00271165  -0.00000000     0.00164228   0.00000000
 -0.00419535  -0.00000000     0.00059018   0.00000000     0.00419535   0.00000000
  0.00164228   0.00000000     0.00271165   0.00000000    -0.00258650  -0.00000000
    2    8
 -0.00109736  -0.00000000    -0.00113390  -0.00000000     0.00120654   0.00000000
 -0.00113390  -0.00000000    -0.00109736  -0.00000000    -0.00120654  -0.00000000
  0.00268097   0.00000000    -0.00268097  -0.00000000     0.00007866   0.00000000
    2    9
 -0.00258650  -0.00000000     0.00164228   0.00000000    -0.00271165  -0.00000000
  0.00164228   0.00000000    -0.00258650  -0.00000000     0.00271165   0.00000000
 -0.00419535  -0.00000000     0.00419535   0.00000000     0.00059018   0.00000000
    2   10
 -0.00059671  -0.00000000     0.00002396   0.00000000     0.00002396   0.00000000
  0.00002396   0.00000000    -0.00059671  -0.00000000    -0.00002396  -0.00000000
  0.00002396   0.00000000    -0.00002396  -0.00000000    -0.00059671  -0.00000000
    2   11
 -0.00113509  -0.00000000     0.00216770   0.00000000     0.00216770   0.00000000
  0.00216770   0.00000000    -0.00113509  -0.00000000    -0.00216770  -0.00000000
  0.00216770   0.00000000    -0.00216770  -0.00000000    -0.00113509  -0.00000000
    3    1
  0.00290828   0.00000000    -0.00227953   0.00000000    -0.00227953   0.00000000
 -0.00227953   0.00000000     0.00290828   0.00000000     0.00227953   0.00000000
 -0.00227953   0.00000000     0.00227953   0.00000000     0.00290828   0.00000000
    3    2
 -0.00567056   0.00000000     0.00043045   0.00000000     0.00043045   0.00000000
  0.00043045   0.00000000    -0.00567056   0.00000000    -0.00043045   0.00000000
  0.00043045   0.00000000    -0.00043045   0.00000000    -0.00567056   0.00000000
    3    3
  0.01154025   0.00000000    -0.00106620   0.00000000    -0.00106620   0.00000000
 -0.00106620   0.00000000     0.01154025   0.00000000     0.00106620   0.00000000
 -0.00106620   0.00000000     0.00106620   0.00000000     0.01154025   0.00000000
    3    4
  0.00059018   0.00000000    -0.00419535  -0.00000000    -0.00419535  -0.00000000
 -0.00271165  -0.00000000    -0.00258650  -0.00000000    -0.00164228  -0.00000000
 -0.00271165  -0.00000000    -0.00164228  -0.00000000    -0.00258650  -0.00000000
    3    5
  0.00007866   0.00000000     0.00268097   0.00000000     0.00268097   0.00000000
  0.00120654   0.00000000    -0.00109736  -0.00000000     0.00113390   0.00000000
  0.00120654   0.00000000     0.00113390   0.00000000    -0.00109736  -0.00000000
    3    6
 -0.00258650  -0.00000000    -0.00271165  -0.00000000     0.00164228   0.00000000
 -0.00419535  -0.00000000     0.00059018   0.00000000     0.00419535   0.00000000
  0.00164228   0.00000000     0.00271165   0.00000000    -0.00258650  -0.00000000
    3    7
 -0.00109736  -0.00000000     0.00120654   0.00000000    -0.00113390  -0.00000000
  0.00268097   0.00000000     0.00007866   0.00000000    -0.00268097  -0.00000000
 -0.00113390  -0.00000000    -0.00120654  -0.00000000    -0.00109736  -0.00000000
    3    8
 -0.00258650  -0.00000000     0.00164228   0.00000000    -0.00271165  -0.00000000
  0.00164228   0.00000000    -0.00258650  -0.00000000     0.00271165   0.00000000
 -0.00419535  -0.00000000     0.00419535   0.00000000     0.00059018   0.00000000
    3    9
 -0.00109736  -0.00000000    -0.00113390  -0.00000000     0.00120654   0.00000000
 -0.00113390  -0.00000000    -0.00109736  -0.00000000    -0.00120654  -0.00000000
  0.00268097   0.00000000    -0.00268097  -0.00000000     0.00007866   0.00000000
    3   10
 -0.00113509  -0.00000000     0.00216770   0.00000000     0.00216770   0.00000000
  0.00216770   0.00000000    -0.00113509  -0.00000000    -0.00216770  -0.00000000
  0.00216770   0.00000000    -0.00216770  -0.00000000    -0.00113509  -0.00000000
    3   11
 -0.00059671  -0.00000000     0.00002396   0.00000000     0.00002396   0.00000000
  0.00002396   0.00000000    -0.00059671  -0.00000000    -0.00002396   0.00000000
  0.00002396   0.00000000    -0.00002396   0.00000000    -0.00059671  -0.00000000
    4    1
  0.00282551  -0.00000000    -0.00074089   0.00000000    -0.00074089   0.00000000
