  1.000000000000000E-002   1.62564894158596        4.49115391218799     
           6

     Dynamical  Matrix in cartesian axes

     q = (    0.235702260   0.000000000   0.000000000 ) 

    1    1
  0.60871412   0.00000000     0.00000000   0.00000000     0.00000000   0.00000000
  0.00000000   0.00000000     0.08568995   0.00000000     0.00000000   0.00000000
  0.00000000   0.00000000     0.00000000   0.00000000     0.08568995   0.00000000
    1    2
  0.06535276   0.03773144     0.00000000   0.00000000     0.00000000   0.00000000
  0.00000000   0.00000000    -0.01199669  -0.00692629    -0.00569118   0.00985742
  0.00000000   0.00000000    -0.00569118   0.00985742    -0.01199669  -0.00692629
    1    3
  0.06535276  -0.03773144     0.00000000  -0.00000000     0.00000000   0.00000000
  0.00000000   0.00000000    -0.01199669   0.00692629    -0.00569118  -0.00985742
  0.00000000   0.00000000    -0.00569118  -0.00985742    -0.01199669   0.00692629
    1    4
 -0.10006600   0.01110341     0.00029251  -0.01758939     0.00029251  -0.01758939
  0.00829172  -0.00335617    -0.00194053   0.00796715     0.00901945  -0.00536451
  0.00829172  -0.00335617     0.00901945  -0.00536451    -0.00194053   0.00796715
    1    5
 -0.10006600  -0.01110341     0.00029251   0.01758939     0.00029251   0.01758939
  0.00829172   0.00335617    -0.00194053  -0.00796715     0.00901945   0.00536451
  0.00829172   0.00335617     0.00901945   0.00536451    -0.00194053  -0.00796715
    1    6
 -0.05964884   0.08110799     0.01537911   0.00854137    -0.01537911  -0.00854137
  0.00705239  -0.00550276    -0.00787002  -0.00230303    -0.00915552   0.00512882
 -0.00705239   0.00550276    -0.00915552   0.00512882    -0.00787002  -0.00230303
    1    7
 -0.05964884  -0.08110799     0.01537911  -0.00854137    -0.01537911   0.00854137
  0.00705239   0.00550276    -0.00787002   0.00230303    -0.00915552  -0.00512882
 -0.00705239  -0.00550276    -0.00915552  -0.00512882    -0.00787002   0.00230303
    1    8
 -0.05964884   0.08110799    -0.01537911  -0.00854137     0.01537911   0.00854137
 -0.00705239   0.00550276    -0.00787002  -0.00230303    -0.00915552   0.00512882
  0.00705239  -0.00550276    -0.00915552   0.00512882    -0.00787002  -0.00230303
    1    9
 -0.05964884  -0.08110799    -0.01537911   0.00854137     0.01537911  -0.00854137
 -0.00705239  -0.00550276    -0.00787002   0.00230303    -0.00915552  -0.00512882
  0.00705239   0.00550276    -0.00915552  -0.00512882    -0.00787002   0.00230303
    1   10
 -0.10006600   0.01110341    -0.00029251   0.01758939    -0.00029251   0.01758939
 -0.00829172   0.00335617    -0.00194053   0.00796715     0.00901945  -0.00536451
 -0.00829172   0.00335617     0.00901945  -0.00536451    -0.00194053   0.00796715
    1   11
 -0.10006600  -0.01110341    -0.00029251  -0.01758939    -0.00029251  -0.01758939
 -0.00829172  -0.00335617    -0.00194053  -0.00796715     0.00901945   0.00536451
 -0.00829172  -0.00335617     0.00901945   0.00536451    -0.00194053  -0.00796715
    2    1
  0.06535276  -0.03773144     0.00000000  -0.00000000    -0.00000000  -0.00000000
  0.00000000  -0.00000000    -0.01199669   0.00692629    -0.00569118  -0.00985742
 -0.00000000   0.00000000    -0.00569118  -0.00985742    -0.01199669   0.00692629
    2    2
  0.08300163  -0.00000000    -0.00000000  -0.00000000     0.00000000  -0.00000000
  0.00000000   0.00000000     0.01791017   0.00000000     0.00000000   0.00000000
  0.00000000   0.00000000     0.00000000   0.00000000     0.01791017   0.00000000
    2    3
 -0.00459388   0.00795683     0.00000000  -0.00000000     0.00000000   0.00000000
  0.00000000   0.00000000    -0.00386499   0.00669437     0.00588662   0.00339864
  0.00000000   0.00000000     0.00588662   0.00339864    -0.00386499   0.00669437
    2    4
 -0.00153031   0.00010953     0.00117221  -0.00320012     0.00117221  -0.00320012
  0.00029774  -0.00001772    -0.00445341  -0.00329730    -0.00120795  -0.00169629
  0.00029774  -0.00001772    -0.00120795  -0.00169629    -0.00445341  -0.00329730
    2    5
 -0.01156462   0.00195001    -0.01873364   0.00961380    -0.01873364   0.00961380
 -0.00459603  -0.00039177    -0.00180637  -0.00193062    -0.00691094   0.00023025
 -0.00459603  -0.00039177    -0.00691094   0.00023025    -0.00180637  -0.00193062
    2    6
  0.00067030   0.00138005     0.00218528  -0.00261523    -0.00218528   0.00261523
 -0.00013352  -0.00026671     0.00508225   0.00220812    -0.00207300  -0.00019797
  0.00013352   0.00026671    -0.00207300  -0.00019797     0.00508225   0.00220812
    2    7
 -0.01156462  -0.00195001    -0.01873364  -0.00961380     0.01873364   0.00961380
 -0.00459603   0.00039177    -0.00180637   0.00193062     0.00691094   0.00023025
  0.00459603  -0.00039177     0.00691094   0.00023025    -0.00180637   0.00193062
    2    8
  0.00067030   0.00138005    -0.00218528   0.00261523     0.00218528  -0.00261523
  0.00013352   0.00026671     0.00508225   0.00220812    -0.00207300  -0.00019797
 -0.00013352  -0.00026671    -0.00207300  -0.00019797     0.00508225   0.00220812
    2    9
 -0.01156462  -0.00195001     0.01873364   0.00961380    -0.01873364  -0.00961380
  0.00459603  -0.00039177    -0.00180637   0.00193062     0.00691094   0.00023025
 -0.00459603   0.00039177     0.00691094   0.00023025    -0.00180637   0.00193062
    2   10
 -0.00153031   0.00010953    -0.00117221   0.00320012    -0.00117221   0.00320012
 -0.00029774   0.00001772    -0.00445341  -0.00329730    -0.00120795  -0.00169629
 -0.00029774   0.00001772    -0.00120795  -0.00169629    -0.00445341  -0.00329730
    2   11
 -0.01156462   0.00195001     0.01873364  -0.00961380     0.01873364  -0.00961380
  0.00459603   0.00039177    -0.00180637  -0.00193062    -0.00691094   0.00023025
  0.00459603   0.00039177    -0.00691094   0.00023025    -0.00180637  -0.00193062
    3    1
  0.06535276   0.03773144     0.00000000   0.00000000    -0.00000000   0.00000000
  0.00000000   0.00000000    -0.01199669  -0.00692629    -0.00569118   0.00985742
 -0.00000000  -0.00000000    -0.00569118   0.00985742    -0.01199669  -0.00692629
    3    2
 -0.00459388  -0.00795683     0.00000000   0.00000000     0.00000000  -0.00000000
  0.00000000  -0.00000000    -0.00386499  -0.00669437     0.00588662  -0.00339864
  0.00000000  -0.00000000     0.00588662  -0.00339864    -0.00386499  -0.00669437
    3    3
  0.08300163   0.00000000    -0.00000000   0.00000000     0.00000000   0.00000000
  0.00000000  -0.00000000     0.01791017  -0.00000000     0.00000000  -0.00000000
  0.00000000  -0.00000000     0.00000000  -0.00000000     0.01791017  -0.00000000
    3    4
 -0.01156462  -0.00195001    -0.01873364  -0.00961380    -0.01873364  -0.00961380
 -0.00459603   0.00039177    -0.00180637   0.00193062    -0.00691094  -0.00023025
 -0.00459603   0.00039177    -0.00691094  -0.00023025    -0.00180637   0.00193062
    3    5
 -0.00153031  -0.00010953     0.00117221   0.00320012     0.00117221   0.00320012
  0.00029774   0.00001772    -0.00445341   0.00329730    -0.00120795   0.00169629
  0.00029774   0.00001772    -0.00120795   0.00169629    -0.00445341   0.00329730
    3    6
 -0.01156462   0.00195001    -0.01873364   0.00961380     0.01873364  -0.00961380
 -0.00459603  -0.00039177    -0.00180637  -0.00193062     0.00691094  -0.00023025
  0.00459603   0.00039177     0.00691094  -0.00023025    -0.00180637  -0.00193062
    3    7
  0.00067030  -0.00138005     0.00218528   0.00261523    -0.00218528  -0.00261523
 -0.00013352   0.00026671     0.00508225  -0.00220812    -0.00207300   0.00019797
  0.00013352  -0.00026671    -0.00207300   0.00019797     0.00508225  -0.00220812
    3    8
 -0.01156462   0.00195001     0.01873364  -0.00961380    -0.01873364   0.00961380
  0.00459603   0.00039177    -0.00180637  -0.00193062     0.00691094  -0.00023025
 -0.00459603  -0.00039177     0.00691094  -0.00023025    -0.00180637  -0.00193062
    3    9
  0.00067030  -0.00138005    -0.00218528  -0.00261523     0.00218528   0.00261523
  0.00013352  -0.00026671     0.00508225  -0.00220812    -0.00207300   0.00019797
 -0.00013352   0.00026671    -0.00207300   0.00019797     0.00508225  -0.00220812
    3   10
 -0.01156462  -0.00195001     0.01873364   0.00961380     0.01873364   0.00961380
  0.00459603  -0.00039177    -0.00180637   0.00193062    -0.00691094  -0.00023025
  0.00459603  -0.00039177    -0.00691094  -0.00023025    -0.00180637   0.00193062
    3   11
 -0.00153031  -0.00010953    -0.00117221  -0.00320012    -0.00117221  -0.00320012
 -0.00029774  -0.00001772    -0.00445341   0.00329730    -0.00120795   0.00169629
 -0.00029774  -0.00001772    -0.00120795   0.00169629    -0.00445341   0.00329730
    4    1
 -0.10006600  -0.01110341     0.00829172   0.00335617     0.00829172   0.00335617
  0.00029251   0.01758939    -0.00194053  -0.00796715     0.00901945   0.00536451
  0.00029251   0.01758939     0.00901945   0.00536451    -0.00194053  -0.00796715
    4    2
 -0.00153031  -0.00010953     0.00029774   0.00001772     0.00029774   0.00001772
  0.00117221   0.00320012    -0.00445341   0.00329730    -0.00120795   0.00169629
  0.00117221   0.00320012    -0.00120795   0.00169629    -0.00445341   0.00329730
    4    3
 -0.01156462   0.00195001    -0.00459603  -0.00039177    -0.00459603  -0.00039177
 -0.01873364   0.00961380    -0.00180637  -0.00193062    -0.00691094   0.00023025
 -0.01873364   0.00961380    -0.00691094   0.00023025    -0.00180637  -0.00193062
    4    4
  0.05731294   0.00000000    -0.00428993   0.00279308    -0.00428993   0.00279308
 -0.00428993  -0.00279308     0.03398188  -0.00000000     0.00042771  -0.00000000
 -0.00428993  -0.00279308     0.00042771  -0.00000000     0.03398188  -0.00000000
    4    5
  0.02467343  -0.00724411     0.00099316  -0.00342169     0.00099316  -0.00342169
  0.00099316  -0.00342169     0.00163509  -0.00604048     0.00264715   0.00027001
  0.00099316  -0.00342169     0.00264715   0.00027001     0.00163509  -0.00604048
    4    6
  0.00571584  -0.02801399    -0.00170957   0.00181883     0.00058504   0.00282615
 -0.00170957   0.00181883    -0.00309951  -0.00799141    -0.00415709   0.00102397
 -0.00058504  -0.00282615     0.00415709  -0.00102397    -0.00040157   0.00770993
    4    7
  0.01751006   0.03032832    -0.00481346  -0.00286643     0.00331982   0.00666665
 -0.00007567  -0.00560179     0.00550142   0.00952874     0.00341653   0.00586694
 -0.00411358  -0.00620837    -0.00337265  -0.00589228    -0.00921495  -0.01596076
    4    8
  0.00571584  -0.02801399     0.00058504   0.00282615    -0.00170957   0.00181883
 -0.00058504  -0.00282615    -0.00040157   0.00770993     0.00415709  -0.00102397
 -0.00170957   0.00181883    -0.00415709   0.00102397    -0.00309951  -0.00799141
    4    9
  0.01751006   0.03032832     0.00331982   0.00666665    -0.00481346  -0.00286643
 -0.00411358  -0.00620837    -0.00921495  -0.01596076    -0.00337265  -0.00589228
 -0.00007567  -0.00560179     0.00341653   0.00586694     0.00550142   0.00952874
    4   10
  0.03435090  -0.00000000     0.00130041  -0.00167550     0.00130041  -0.00167550
 -0.00130041  -0.00167550    -0.01295508   0.00000000     0.00247710   0.00000000
 -0.00130041  -0.00167550     0.00247710   0.00000000    -0.01295508  -0.00000000
    4   11
  0.03582589  -0.01771233     0.00435340  -0.00021277     0.00435340  -0.00021277
 -0.00435340   0.00021277     0.00136050   0.00878368     0.00562555  -0.00458498
 -0.00435340   0.00021277     0.00562555  -0.00458498     0.00136050   0.00878368
    5    1
 -0.10006600   0.01110341     0.00829172  -0.00335617     0.00829172  -0.00335617
  0.00029251  -0.01758939    -0.00194053   0.00796715     0.00901945  -0.00536451
  0.00029251  -0.01758939     0.00901945  -0.00536451    -0.00194053   0.00796715
    5    2
 -0.01156462  -0.00195001    -0.00459603   0.00039177    -0.00459603   0.00039177
 -0.01873364  -0.00961380    -0.00180637   0.00193062    -0.00691094  -0.00023025
 -0.01873364  -0.00961380    -0.00691094  -0.00023025    -0.00180637   0.00193062
    5    3
 -0.00153031   0.00010953     0.00029774  -0.00001772     0.00029774  -0.00001772
  0.00117221  -0.00320012    -0.00445341  -0.00329730    -0.00120795  -0.00169629
  0.00117221  -0.00320012    -0.00120795  -0.00169629    -0.00445341  -0.00329730
    5    4
  0.02467343   0.00724411     0.00099316   0.00342169     0.00099316   0.00342169
  0.00099316   0.00342169     0.00163509   0.00604048     0.00264715  -0.00027001
  0.00099316   0.00342169     0.00264715  -0.00027001     0.00163509   0.00604048
    5    5
  0.05731294  -0.00000000    -0.00428993  -0.00279308    -0.00428993  -0.00279308
 -0.00428993   0.00279308     0.03398188   0.00000000     0.00042771   0.00000000
 -0.00428993   0.00279308     0.00042771   0.00000000     0.03398188   0.00000000
    5    6
  0.01751006  -0.03032832    -0.00481346   0.00286643     0.00331982  -0.00666665
 -0.00007567   0.00560179     0.00550142  -0.00952874     0.00341653  -0.00586694
 -0.00411358   0.00620837    -0.00337265   0.00589228    -0.00921495   0.01596076
    5    7
  0.00571584   0.02801399    -0.00170957  -0.00181883     0.00058504  -0.00282615
 -0.00170957  -0.00181883    -0.00309951   0.00799141    -0.00415709  -0.00102397
 -0.00058504   0.00282615     0.00415709   0.00102397    -0.00040157  -0.00770993
    5    8
  0.01751006  -0.03032832     0.00331982  -0.00666665    -0.00481346   0.00286643
 -0.00411358   0.00620837    -0.00921495   0.01596076    -0.00337265   0.00589228
 -0.00007567   0.00560179     0.00341653  -0.00586694     0.00550142  -0.00952874
    5    9
  0.00571584   0.02801399     0.00058504  -0.00282615    -0.00170957  -0.00181883
 -0.00058504   0.00282615    -0.00040157  -0.00770993     0.00415709   0.00102397
 -0.00170957  -0.00181883    -0.00415709  -0.00102397    -0.00309951   0.00799141
    5   10
  0.03582589   0.01771233     0.00435340   0.00021277     0.00435340   0.00021277
 -0.00435340  -0.00021277     0.00136050  -0.00878368     0.00562555   0.00458498
 -0.00435340  -0.00021277     0.00562555   0.00458498     0.00136050  -0.00878368
    5   11
  0.03435090   0.00000000     0.00130041   0.00167550     0.00130041   0.00167550
 -0.00130041   0.00167550    -0.01295508   0.00000000     0.00247710  -0.00000000
 -0.00130041   0.00167550     0.00247710  -0.00000000    -0.01295508  -0.00000000
    6    1
 -0.05964884  -0.08110799     0.00705239   0.00550276    -0.00705239  -0.00550276
  0.01537911  -0.00854137    -0.00787002   0.00230303    -0.00915552  -0.00512882
 -0.01537911   0.00854137    -0.00915552  -0.00512882    -0.00787002   0.00230303
    6    2
  0.00067030  -0.00138005    -0.00013352   0.00026671     0.00013352  -0.00026671
  0.00218528   0.00261523     0.00508225  -0.00220812    -0.00207300   0.00019797
 -0.00218528  -0.00261523    -0.00207300   0.00019797     0.00508225  -0.00220812
    6    3
 -0.01156462  -0.00195001    -0.00459603   0.00039177     0.00459603  -0.00039177
 -0.01873364  -0.00961380    -0.00180637   0.00193062     0.00691094   0.00023025
  0.01873364   0.00961380     0.00691094   0.00023025    -0.00180637   0.00193062
    6    4
  0.00571584   0.02801399    -0.00170957  -0.00181883    -0.00058504   0.00282615
 -0.00170957  -0.00181883    -0.00309951   0.00799141     0.00415709   0.00102397
  0.00058504  -0.00282615    -0.00415709  -0.00102397    -0.00040157  -0.00770993
    6    5
  0.01751006   0.03032832    -0.00007567  -0.00560179    -0.00411358  -0.00620837
 -0.00481346  -0.00286643     0.00550142   0.00952874    -0.00337265  -0.00589228
  0.00331982   0.00666665     0.00341653   0.00586694    -0.00921495  -0.01596076
    6    6
  0.05731294   0.00000000    -0.00428993  -0.00279308     0.00428993   0.00279308
 -0.00428993   0.00279308     0.03398188   0.00000000    -0.00042771  -0.00000000
  0.00428993  -0.00279308    -0.00042771  -0.00000000     0.03398188  -0.00000000
    6    7
 -0.01861030   0.01774576    -0.00345985  -0.00085075     0.00345985   0.00085075
 -0.00345985  -0.00085075    -0.00604875  -0.00160421     0.00108974  -0.00242750
  0.00345985   0.00085075     0.00108974  -0.00242750    -0.00604875  -0.00160421
    6    8
  0.03435090  -0.00000000     0.00130041   0.00167550    -0.00130041  -0.00167550
 -0.00130041   0.00167550    -0.01295508  -0.00000000    -0.00247710   0.00000000
  0.00130041  -0.00167550    -0.00247710   0.00000000    -0.01295508  -0.00000000
    6    9
 -0.03325227   0.02216996    -0.00236096   0.00366377     0.00236096  -0.00366377
  0.00236096  -0.00366377     0.00692664   0.00557007     0.00678349  -0.00257938
 -0.00236096   0.00366377     0.00678349  -0.00257938     0.00692664   0.00557007
    6   10
  0.00571584   0.02801399     0.00058504  -0.00282615     0.00170957   0.00181883
 -0.00058504   0.00282615    -0.00040157  -0.00770993    -0.00415709  -0.00102397
  0.00170957   0.00181883     0.00415709   0.00102397    -0.00309951   0.00799141
    6   11
  0.01751006   0.03032832     0.00411358   0.00620837     0.00007567   0.00560179
 -0.00331982  -0.00666665    -0.00921495  -0.01596076     0.00341653   0.00586694
  0.00481346   0.00286643    -0.00337265  -0.00589228     0.00550142   0.00952874
    7    1
 -0.05964884   0.08110799     0.00705239  -0.00550276    -0.00705239   0.00550276
  0.01537911   0.00854137    -0.00787002  -0.00230303    -0.00915552   0.00512882
 -0.01537911  -0.00854137    -0.00915552   0.00512882    -0.00787002  -0.00230303
    7    2
 -0.01156462   0.00195001    -0.00459603  -0.00039177     0.00459603   0.00039177
 -0.01873364   0.00961380    -0.00180637  -0.00193062     0.00691094  -0.00023025
  0.01873364  -0.00961380     0.00691094  -0.00023025    -0.00180637  -0.00193062
    7    3
  0.00067030   0.00138005    -0.00013352  -0.00026671     0.00013352   0.00026671
  0.00218528  -0.00261523     0.00508225   0.00220812    -0.00207300  -0.00019797
 -0.00218528   0.00261523    -0.00207300  -0.00019797     0.00508225   0.00220812
    7    4
  0.01751006  -0.03032832    -0.00007567   0.00560179    -0.00411358   0.00620837
 -0.00481346   0.00286643     0.00550142  -0.00952874    -0.00337265   0.00589228
  0.00331982  -0.00666665     0.00341653  -0.00586694    -0.00921495   0.01596076
    7    5
  0.00571584  -0.02801399    -0.00170957   0.00181883    -0.00058504  -0.00282615
 -0.00170957   0.00181883    -0.00309951  -0.00799141     0.00415709  -0.00102397
  0.00058504   0.00282615    -0.00415709   0.00102397    -0.00040157   0.00770993
    7    6
 -0.01861030  -0.01774576    -0.00345985   0.00085075     0.00345985  -0.00085075
 -0.00345985   0.00085075    -0.00604875   0.00160421     0.00108974   0.00242750
  0.00345985  -0.00085075     0.00108974   0.00242750    -0.00604875   0.00160421
    7    7
  0.05731294  -0.00000000    -0.00428993   0.00279308     0.00428993  -0.00279308
 -0.00428993  -0.00279308     0.03398188  -0.00000000    -0.00042771   0.00000000
  0.00428993   0.00279308    -0.00042771   0.00000000     0.03398188   0.00000000
    7    8
 -0.03325227  -0.02216996    -0.00236096  -0.00366377     0.00236096   0.00366377
  0.00236096   0.00366377     0.00692664  -0.00557007     0.00678349   0.00257938
 -0.00236096  -0.00366377     0.00678349   0.00257938     0.00692664  -0.00557007
    7    9
  0.03435090   0.00000000     0.00130041  -0.00167550    -0.00130041   0.00167550
 -0.00130041  -0.00167550    -0.01295508   0.00000000    -0.00247710  -0.00000000
  0.00130041   0.00167550    -0.00247710  -0.00000000    -0.01295508   0.00000000
    7   10
  0.01751006  -0.03032832     0.00411358  -0.00620837     0.00007567  -0.00560179
 -0.00331982   0.00666665    -0.00921495   0.01596076     0.00341653  -0.00586694
  0.00481346  -0.00286643    -0.00337265   0.00589228     0.00550142  -0.00952874
    7   11
  0.00571584  -0.02801399     0.00058504   0.00282615     0.00170957  -0.00181883
 -0.00058504  -0.00282615    -0.00040157   0.00770993    -0.00415709   0.00102397
  0.00170957  -0.00181883     0.00415709  -0.00102397    -0.00309951  -0.00799141
    8    1
 -0.05964884  -0.08110799    -0.00705239  -0.00550276     0.00705239   0.00550276
 -0.01537911   0.00854137    -0.00787002   0.00230303    -0.00915552  -0.00512882
  0.01537911  -0.00854137    -0.00915552  -0.00512882    -0.00787002   0.00230303
    8    2
  0.00067030  -0.00138005     0.00013352  -0.00026671    -0.00013352   0.00026671
 -0.00218528  -0.00261523     0.00508225  -0.00220812    -0.00207300   0.00019797
  0.00218528   0.00261523    -0.00207300   0.00019797     0.00508225  -0.00220812
    8    3
 -0.01156462  -0.00195001     0.00459603  -0.00039177    -0.00459603   0.00039177
  0.01873364   0.00961380    -0.00180637   0.00193062     0.00691094   0.00023025
 -0.01873364  -0.00961380     0.00691094   0.00023025    -0.00180637   0.00193062
    8    4
  0.00571584   0.02801399    -0.00058504   0.00282615    -0.00170957  -0.00181883
  0.00058504  -0.00282615    -0.00040157  -0.00770993    -0.00415709  -0.00102397
 -0.00170957  -0.00181883     0.00415709   0.00102397    -0.00309951   0.00799141
    8    5
  0.01751006   0.03032832    -0.00411358  -0.00620837    -0.00007567  -0.00560179
  0.00331982   0.00666665    -0.00921495  -0.01596076     0.00341653   0.00586694
 -0.00481346  -0.00286643    -0.00337265  -0.00589228     0.00550142   0.00952874
    8    6
  0.03435090   0.00000000    -0.00130041  -0.00167550     0.00130041   0.00167550
  0.00130041  -0.00167550    -0.01295508   0.00000000    -0.00247710   0.00000000
 -0.00130041   0.00167550    -0.00247710   0.00000000    -0.01295508   0.00000000
    8    7
 -0.03325227   0.02216996     0.00236096  -0.00366377    -0.00236096   0.00366377
 -0.00236096   0.00366377     0.00692664   0.00557007     0.00678349  -0.00257938
  0.00236096  -0.00366377     0.00678349  -0.00257938     0.00692664   0.00557007
    8    8
  0.05731294   0.00000000     0.00428993   0.00279308    -0.00428993  -0.00279308
  0.00428993  -0.00279308     0.03398188   0.00000000    -0.00042771  -0.00000000
 -0.00428993   0.00279308    -0.00042771  -0.00000000     0.03398188   0.00000000
    8    9
 -0.01861030   0.01774576     0.00345985   0.00085075    -0.00345985  -0.00085075
  0.00345985   0.00085075    -0.00604875  -0.00160421     0.00108974  -0.00242750
 -0.00345985  -0.00085075     0.00108974  -0.00242750    -0.00604875  -0.00160421
    8   10
  0.00571584   0.02801399     0.00170957   0.00181883     0.00058504  -0.00282615
  0.00170957   0.00181883    -0.00309951   0.00799141     0.00415709   0.00102397
 -0.00058504   0.00282615    -0.00415709  -0.00102397    -0.00040157  -0.00770993
    8   11
  0.01751006   0.03032832     0.00007567   0.00560179     0.00411358   0.00620837
  0.00481346   0.00286643     0.00550142   0.00952874    -0.00337265  -0.00589228
 -0.00331982  -0.00666665     0.00341653   0.00586694    -0.00921495  -0.01596076
    9    1
 -0.05964884   0.08110799    -0.00705239   0.00550276     0.00705239  -0.00550276
 -0.01537911  -0.00854137    -0.00787002  -0.00230303    -0.00915552   0.00512882
  0.01537911   0.00854137    -0.00915552   0.00512882    -0.00787002  -0.00230303
    9    2
 -0.01156462   0.00195001     0.00459603   0.00039177    -0.00459603  -0.00039177
  0.01873364  -0.00961380    -0.00180637  -0.00193062     0.00691094  -0.00023025
 -0.01873364   0.00961380     0.00691094  -0.00023025    -0.00180637  -0.00193062
    9    3
  0.00067030   0.00138005     0.00013352   0.00026671    -0.00013352  -0.00026671
 -0.00218528   0.00261523     0.00508225   0.00220812    -0.00207300  -0.00019797
  0.00218528  -0.00261523    -0.00207300  -0.00019797     0.00508225   0.00220812
    9    4
  0.01751006  -0.03032832    -0.00411358   0.00620837    -0.00007567   0.00560179
  0.00331982  -0.00666665    -0.00921495   0.01596076     0.00341653  -0.00586694
 -0.00481346   0.00286643    -0.00337265   0.00589228     0.00550142  -0.00952874
    9    5
  0.00571584  -0.02801399    -0.00058504  -0.00282615    -0.00170957   0.00181883
  0.00058504   0.00282615    -0.00040157   0.00770993    -0.00415709   0.00102397
 -0.00170957   0.00181883     0.00415709  -0.00102397    -0.00309951  -0.00799141
    9    6
 -0.03325227  -0.02216996     0.00236096   0.00366377    -0.00236096  -0.00366377
 -0.00236096  -0.00366377     0.00692664  -0.00557007     0.00678349   0.00257938
  0.00236096   0.00366377     0.00678349   0.00257938     0.00692664  -0.00557007
    9    7
  0.03435090  -0.00000000    -0.00130041   0.00167550     0.00130041  -0.00167550
  0.00130041   0.00167550    -0.01295508   0.00000000    -0.00247710  -0.00000000
 -0.00130041  -0.00167550    -0.00247710  -0.00000000    -0.01295508   0.00000000
    9    8
 -0.01861030  -0.01774576     0.00345985  -0.00085075    -0.00345985   0.00085075
  0.00345985  -0.00085075    -0.00604875   0.00160421     0.00108974   0.00242750
 -0.00345985   0.00085075     0.00108974   0.00242750    -0.00604875   0.00160421
    9    9
  0.05731294  -0.00000000     0.00428993  -0.00279308    -0.00428993   0.00279308
  0.00428993   0.00279308     0.03398188  -0.00000000    -0.00042771   0.00000000
 -0.00428993  -0.00279308    -0.00042771   0.00000000     0.03398188  -0.00000000
    9   10
  0.01751006  -0.03032832     0.00007567  -0.00560179     0.00411358  -0.00620837
  0.00481346  -0.00286643     0.00550142  -0.00952874    -0.00337265   0.00589228
 -0.00331982   0.00666665     0.00341653  -0.00586694    -0.00921495   0.01596076
    9   11
  0.00571584  -0.02801399     0.00170957  -0.00181883     0.00058504   0.00282615
  0.00170957  -0.00181883    -0.00309951  -0.00799141     0.00415709  -0.00102397
 -0.00058504  -0.00282615    -0.00415709   0.00102397    -0.00040157   0.00770993
   10    1
 -0.10006600  -0.01110341    -0.00829172  -0.00335617    -0.00829172  -0.00335617
 -0.00029251  -0.01758939    -0.00194053  -0.00796715     0.00901945   0.00536451
 -0.00029251  -0.01758939     0.00901945   0.00536451    -0.00194053  -0.00796715
   10    2
 -0.00153031  -0.00010953    -0.00029774  -0.00001772    -0.00029774  -0.00001772
 -0.00117221  -0.00320012    -0.00445341   0.00329730    -0.00120795   0.00169629
 -0.00117221  -0.00320012    -0.00120795   0.00169629    -0.00445341   0.00329730
   10    3
 -0.01156462   0.00195001     0.00459603   0.00039177     0.00459603   0.00039177
  0.01873364  -0.00961380    -0.00180637  -0.00193062    -0.00691094   0.00023025
  0.01873364  -0.00961380    -0.00691094   0.00023025    -0.00180637  -0.00193062
   10    4
  0.03435090  -0.00000000    -0.00130041   0.00167550    -0.00130041   0.00167550
  0.00130041   0.00167550    -0.01295508  -0.00000000     0.00247710   0.00000000
  0.00130041   0.00167550     0.00247710   0.00000000    -0.01295508   0.00000000
   10    5
  0.03582589  -0.01771233    -0.00435340   0.00021277    -0.00435340   0.00021277
  0.00435340  -0.00021277     0.00136050   0.00878368     0.00562555  -0.00458498
  0.00435340  -0.00021277     0.00562555  -0.00458498     0.00136050   0.00878368
   10    6
  0.00571584  -0.02801399    -0.00058504  -0.00282615     0.00170957  -0.00181883
  0.00058504   0.00282615    -0.00040157   0.00770993     0.00415709  -0.00102397
  0.00170957  -0.00181883    -0.00415709   0.00102397    -0.00309951  -0.00799141
   10    7
  0.01751006   0.03032832    -0.00331982  -0.00666665     0.00481346   0.00286643
  0.00411358   0.00620837    -0.00921495  -0.01596076    -0.00337265  -0.00589228
  0.00007567   0.00560179     0.00341653   0.00586694     0.00550142   0.00952874
   10    8
  0.00571584  -0.02801399     0.00170957  -0.00181883    -0.00058504  -0.00282615
  0.00170957  -0.00181883    -0.00309951  -0.00799141    -0.00415709   0.00102397
  0.00058504   0.00282615     0.00415709  -0.00102397    -0.00040157   0.00770993
   10    9
  0.01751006   0.03032832     0.00481346   0.00286643    -0.00331982  -0.00666665
  0.00007567   0.00560179     0.00550142   0.00952874     0.00341653   0.00586694
  0.00411358   0.00620837    -0.00337265  -0.00589228    -0.00921495  -0.01596076
   10   10
  0.05731294  -0.00000000     0.00428993  -0.00279308     0.00428993  -0.00279308
  0.00428993   0.00279308     0.03398188  -0.00000000     0.00042771  -0.00000000
  0.00428993   0.00279308     0.00042771  -0.00000000     0.03398188   0.00000000
   10   11
  0.02467343  -0.00724411    -0.00099316   0.00342169    -0.00099316   0.00342169
 -0.00099316   0.00342169     0.00163509  -0.00604048     0.00264715   0.00027001
 -0.00099316   0.00342169     0.00264715   0.00027001     0.00163509  -0.00604048
   11    1
 -0.10006600   0.01110341    -0.00829172   0.00335617    -0.00829172   0.00335617
 -0.00029251   0.01758939    -0.00194053   0.00796715     0.00901945  -0.00536451
 -0.00029251   0.01758939     0.00901945  -0.00536451    -0.00194053   0.00796715
   11    2
 -0.01156462  -0.00195001     0.00459603  -0.00039177     0.00459603  -0.00039177
  0.01873364   0.00961380    -0.00180637   0.00193062    -0.00691094  -0.00023025
  0.01873364   0.00961380    -0.00691094  -0.00023025    -0.00180637   0.00193062
   11    3
 -0.00153031   0.00010953    -0.00029774   0.00001772    -0.00029774   0.00001772
 -0.00117221   0.00320012    -0.00445341  -0.00329730    -0.00120795  -0.00169629
 -0.00117221   0.00320012    -0.00120795  -0.00169629    -0.00445341  -0.00329730
   11    4
  0.03582589   0.01771233    -0.00435340  -0.00021277    -0.00435340  -0.00021277
  0.00435340   0.00021277     0.00136050  -0.00878368     0.00562555   0.00458498
  0.00435340   0.00021277     0.00562555   0.00458498     0.00136050  -0.00878368
   11    5
  0.03435090   0.00000000    -0.00130041  -0.00167550    -0.00130041  -0.00167550
  0.00130041  -0.00167550    -0.01295508  -0.00000000     0.00247710  -0.00000000
  0.00130041  -0.00167550     0.00247710  -0.00000000    -0.01295508  -0.00000000
   11    6
  0.01751006  -0.03032832    -0.00331982   0.00666665     0.00481346  -0.00286643
  0.00411358  -0.00620837    -0.00921495   0.01596076    -0.00337265   0.00589228
  0.00007567  -0.00560179     0.00341653  -0.00586694     0.00550142  -0.00952874
   11    7
  0.00571584   0.02801399    -0.00058504   0.00282615     0.00170957   0.00181883
  0.00058504  -0.00282615    -0.00040157  -0.00770993     0.00415709   0.00102397
  0.00170957   0.00181883    -0.00415709  -0.00102397    -0.00309951   0.00799141
   11    8
  0.01751006  -0.03032832     0.00481346  -0.00286643    -0.00331982   0.00666665
  0.00007567  -0.00560179     0.00550142  -0.00952874     0.00341653  -0.00586694
  0.00411358  -0.00620837    -0.00337265   0.00589228    -0.00921495   0.01596076
   11    9
  0.00571584   0.02801399     0.00170957   0.00181883    -0.00058504   0.00282615
  0.00170957   0.00181883    -0.00309951   0.00799141    -0.00415709  -0.00102397
  0.00058504  -0.00282615     0.00415709   0.00102397    -0.00040157  -0.00770993
   11   10
  0.02467343   0.00724411    -0.00099316  -0.00342169    -0.00099316  -0.00342169
 -0.00099316  -0.00342169     0.00163509   0.00604048     0.00264715  -0.00027001
 -0.00099316  -0.00342169     0.00264715  -0.00027001     0.00163509   0.00604048
   11   11
  0.05731294   0.00000000     0.00428993   0.00279308     0.00428993   0.00279308
  0.00428993  -0.00279308     0.03398188   0.00000000     0.00042771   0.00000000
  0.00428993  -0.00279308     0.00042771   0.00000000     0.03398188  -0.00000000

     Dynamical  Matrix in cartesian axes

     q = (   -0.235702260   0.000000000   0.000000000 ) 

    1    1
  0.60871412   0.00000000     0.00000000   0.00000000     0.00000000   0.00000000
  0.00000000   0.00000000     0.08568995   0.00000000    -0.00000000   0.00000000
 -0.00000000   0.00000000    -0.00000000   0.00000000     0.08568995   0.00000000
    1    2
  0.06535276  -0.03773144     0.00000000  -0.00000000     0.00000000  -0.00000000
  0.00000000  -0.00000000    -0.01199669   0.00692629    -0.00569118  -0.00985742
 -0.00000000   0.00000000    -0.00569118  -0.00985742    -0.01199669   0.00692629
    1    3
  0.06535276   0.03773144     0.00000000   0.00000000     0.00000000   0.00000000
  0.00000000   0.00000000    -0.01199669  -0.00692629    -0.00569118   0.00985742
  0.00000000  -0.00000000    -0.00569118   0.00985742    -0.01199669  -0.00692629
    1    4
 -0.10006600  -0.01110341     0.00029251   0.01758939     0.00029251   0.01758939
  0.00829172   0.00335617    -0.00194053  -0.00796715     0.00901945   0.00536451
  0.00829172   0.00335617     0.00901945   0.00536451    -0.00194053  -0.00796715
    1    5
 -0.10006600   0.01110341     0.00029251  -0.01758939     0.00029251  -0.01758939
  0.00829172  -0.00335617    -0.00194053   0.00796715     0.00901945  -0.00536451
  0.00829172  -0.00335617     0.00901945  -0.00536451    -0.00194053   0.00796715
    1    6
 -0.05964884  -0.08110799     0.01537911  -0.00854137    -0.01537911   0.00854137
  0.00705239   0.00550276    -0.00787002   0.00230303    -0.00915552  -0.00512882
 -0.00705239  -0.00550276    -0.00915552  -0.00512882    -0.00787002   0.00230303
    1    7
 -0.05964884   0.08110799     0.01537911   0.00854137    -0.01537911  -0.00854137
  0.00705239  -0.00550276    -0.00787002  -0.00230303    -0.00915552   0.00512882
 -0.00705239   0.00550276    -0.00915552   0.00512882    -0.00787002  -0.00230303
    1    8
 -0.05964884  -0.08110799    -0.01537911   0.00854137     0.01537911  -0.00854137
 -0.00705239  -0.00550276    -0.00787002   0.00230303    -0.00915552  -0.00512882
  0.00705239   0.00550276    -0.00915552  -0.00512882    -0.00787002   0.00230303
    1    9
 -0.05964884   0.08110799    -0.01537911  -0.00854137     0.01537911   0.00854137
 -0.00705239   0.00550276    -0.00787002  -0.00230303    -0.00915552   0.00512882
  0.00705239  -0.00550276    -0.00915552   0.00512882    -0.00787002  -0.00230303
    1   10
 -0.10006600  -0.01110341    -0.00029251  -0.01758939    -0.00029251  -0.01758939
 -0.00829172  -0.00335617    -0.00194053  -0.00796715     0.00901945   0.00536451
 -0.00829172  -0.00335617     0.00901945   0.00536451    -0.00194053  -0.00796715
    1   11
 -0.10006600   0.01110341    -0.00029251   0.01758939    -0.00029251   0.01758939
 -0.00829172   0.00335617    -0.00194053   0.00796715     0.00901945  -0.00536451
 -0.00829172   0.00335617     0.00901945  -0.00536451    -0.00194053   0.00796715
    2    1
  0.06535276   0.03773144     0.00000000  -0.00000000     0.00000000   0.00000000
 -0.00000000   0.00000000    -0.01199669  -0.00692629    -0.00569118   0.00985742
  0.00000000  -0.00000000    -0.00569118   0.00985742    -0.01199669  -0.00692629
    2    2
  0.08300163   0.00000000     0.00000000  -0.00000000     0.00000000   0.00000000
  0.00000000  -0.00000000     0.01791017   0.00000000     0.00000000  -0.00000000
  0.00000000   0.00000000     0.00000000  -0.00000000     0.01791017  -0.00000000
    2    3
 -0.00459388  -0.00795683     0.00000000   0.00000000     0.00000000   0.00000000
  0.00000000   0.00000000    -0.00386499  -0.00669437     0.00588662  -0.00339864
  0.00000000   0.00000000     0.00588662  -0.00339864    -0.00386499  -0.00669437
    2    4
 -0.00153031  -0.00010953     0.00117221   0.00320012     0.00117221   0.00320012
  0.00029774   0.00001772    -0.00445341   0.00329730    -0.00120795   0.00169629
  0.00029774   0.00001772    -0.00120795   0.00169629    -0.00445341   0.00329730
    2    5
 -0.01156462  -0.00195001    -0.01873364  -0.00961380    -0.01873364  -0.00961380
 -0.00459603   0.00039177    -0.00180637   0.00193062    -0.00691094  -0.00023025
 -0.00459603   0.00039177    -0.00691094  -0.00023025    -0.00180637   0.00193062
    2    6
  0.00067030  -0.00138005     0.00218528   0.00261523    -0.00218528  -0.00261523
 -0.00013352   0.00026671     0.00508225  -0.00220812    -0.00207300   0.00019797
  0.00013352  -0.00026671    -0.00207300   0.00019797     0.00508225  -0.00220812
    2    7
 -0.01156462   0.00195001    -0.01873364   0.00961380     0.01873364  -0.00961380
 -0.00459603  -0.00039177    -0.00180637  -0.00193062     0.00691094  -0.00023025
  0.00459603   0.00039177     0.00691094  -0.00023025    -0.00180637  -0.00193062
    2    8
  0.00067030  -0.00138005    -0.00218528  -0.00261523     0.00218528   0.00261523
  0.00013352  -0.00026671     0.00508225  -0.00220812    -0.00207300   0.00019797
 -0.00013352   0.00026671    -0.00207300   0.00019797     0.00508225  -0.00220812
    2    9
 -0.01156462   0.00195001     0.01873364  -0.00961380    -0.01873364   0.00961380
  0.00459603   0.00039177    -0.00180637  -0.00193062     0.00691094  -0.00023025
 -0.00459603  -0.00039177     0.00691094  -0.00023025    -0.00180637  -0.00193062
    2   10
 -0.00153031  -0.00010953    -0.00117221  -0.00320012    -0.00117221  -0.00320012
 -0.00029774  -0.00001772    -0.00445341   0.00329730    -0.00120795   0.00169629
 -0.00029774  -0.00001772    -0.00120795   0.00169629    -0.00445341   0.00329730
    2   11
 -0.01156462  -0.00195001     0.01873364   0.00961380     0.01873364   0.00961380
  0.00459603  -0.00039177    -0.00180637   0.00193062    -0.00691094  -0.00023025
  0.00459603  -0.00039177    -0.00691094  -0.00023025    -0.00180637   0.00193062
    3    1
  0.06535276  -0.03773144    -0.00000000  -0.00000000     0.00000000   0.00000000
 -0.00000000   0.00000000    -0.01199669   0.00692629    -0.00569118  -0.00985742
  0.00000000   0.00000000    -0.00569118  -0.00985742    -0.01199669   0.00692629
    3    2
 -0.00459388   0.00795683     0.00000000  -0.00000000     0.00000000   0.00000000
  0.00000000   0.00000000    -0.00386499   0.00669437     0.00588662   0.00339864
  0.00000000  -0.00000000     0.00588662   0.00339864    -0.00386499   0.00669437
    3    3
  0.08300163  -0.00000000     0.00000000   0.00000000     0.00000000  -0.00000000
  0.00000000   0.00000000     0.01791017  -0.00000000     0.00000000   0.00000000
  0.00000000  -0.00000000     0.00000000   0.00000000     0.01791017   0.00000000
    3    4
 -0.01156462   0.00195001    -0.01873364   0.00961380    -0.01873364   0.00961380
 -0.00459603  -0.00039177    -0.00180637  -0.00193062    -0.00691094   0.00023025
 -0.00459603  -0.00039177    -0.00691094   0.00023025    -0.00180637  -0.00193062
    3    5
 -0.00153031   0.00010953     0.00117221  -0.00320012     0.00117221  -0.00320012
  0.00029774  -0.00001772    -0.00445341  -0.00329730    -0.00120795  -0.00169629
  0.00029774  -0.00001772    -0.00120795  -0.00169629    -0.00445341  -0.00329730
    3    6
 -0.01156462  -0.00195001    -0.01873364  -0.00961380     0.01873364   0.00961380
 -0.00459603   0.00039177    -0.00180637   0.00193062     0.00691094   0.00023025
  0.00459603  -0.00039177     0.00691094   0.00023025    -0.00180637   0.00193062
    3    7
  0.00067030   0.00138005     0.00218528  -0.00261523    -0.00218528   0.00261523
 -0.00013352  -0.00026671     0.00508225   0.00220812    -0.00207300  -0.00019797
  0.00013352   0.00026671    -0.00207300  -0.00019797     0.00508225   0.00220812
    3    8
 -0.01156462  -0.00195001     0.01873364   0.00961380    -0.01873364  -0.00961380
  0.00459603  -0.00039177    -0.00180637   0.00193062     0.00691094   0.00023025
 -0.00459603   0.00039177     0.00691094   0.00023025    -0.00180637   0.00193062
    3    9
  0.00067030   0.00138005    -0.00218528   0.00261523     0.00218528  -0.00261523
  0.00013352   0.00026671     0.00508225   0.00220812    -0.00207300  -0.00019797
 -0.00013352  -0.00026671    -0.00207300  -0.00019797     0.00508225   0.00220812
    3   10
 -0.01156462   0.00195001     0.01873364  -0.00961380     0.01873364  -0.00961380
  0.00459603   0.00039177    -0.00180637  -0.00193062    -0.00691094   0.00023025
  0.00459603   0.00039177    -0.00691094   0.00023025    -0.00180637  -0.00193062
    3   11
 -0.00153031   0.00010953    -0.00117221   0.00320012    -0.00117221   0.00320012
 -0.00029774   0.00001772    -0.00445341  -0.00329730    -0.00120795  -0.00169629
 -0.00029774   0.00001772    -0.00120795  -0.00169629    -0.00445341  -0.00329730
    4    1
 -0.10006600   0.01110341     0.00829172  -0.00335617     0.00829172  -0.00335617
