  3.500000000000000E-002   1.62595643165958        4.90373158411627     
           8

     Dynamical  Matrix in cartesian axes

     q = (    0.235702260   0.235702260  -0.235702260 ) 

    1    1
  0.08549612   0.00000000     0.01934420   0.00000000    -0.01934420   0.00000000
  0.01934420   0.00000000     0.08549612   0.00000000    -0.01934420   0.00000000
 -0.01934420   0.00000000    -0.01934420   0.00000000     0.08549612   0.00000000
    1    2
  0.00556112  -0.00308035     0.01097927  -0.00834612    -0.01097927   0.00834612
  0.01097927  -0.00834612     0.00556112  -0.00308035    -0.01097927   0.00834612
 -0.01097927   0.00834612    -0.01097927   0.00834612     0.00556112  -0.00308035
    1    3
  0.00556112   0.00308035     0.01097927   0.00834612    -0.01097927  -0.00834612
  0.01097927   0.00834612     0.00556112   0.00308035    -0.01097927  -0.00834612
 -0.01097927  -0.00834612    -0.01097927  -0.00834612     0.00556112   0.00308035
    1    4
 -0.01051844  -0.00244873     0.00348131  -0.00545217     0.00472298  -0.00341517
  0.00348131  -0.00545217    -0.01051844  -0.00244873     0.00472298  -0.00341517
  0.00487007   0.00017104     0.00487007   0.00017104     0.00025478   0.01270153
    1    5
 -0.01051844   0.00244873     0.00348131   0.00545217     0.00472298   0.00341517
  0.00348131   0.00545217    -0.01051844   0.00244873     0.00472298   0.00341517
  0.00487007  -0.00017104     0.00487007  -0.00017104     0.00025478  -0.01270153
    1    6
 -0.01614513   0.00207557    -0.00116083  -0.00460654     0.00116083   0.00460654
 -0.00116083  -0.00460654    -0.01614513   0.00207557     0.00116083   0.00460654
  0.00116083   0.00460654     0.00116083   0.00460654    -0.01614513   0.00207557
    1    7
 -0.01614513  -0.00207557    -0.00116083   0.00460654     0.00116083  -0.00460654
 -0.00116083   0.00460654    -0.01614513  -0.00207557     0.00116083  -0.00460654
  0.00116083  -0.00460654     0.00116083  -0.00460654    -0.01614513  -0.00207557
    1    8
  0.00025478   0.01270153    -0.00487007  -0.00017104     0.00487007   0.00017104
 -0.00472298   0.00341517    -0.01051844  -0.00244873    -0.00348131   0.00545217
  0.00472298  -0.00341517    -0.00348131   0.00545217    -0.01051844  -0.00244873
    1    9
  0.00025478  -0.01270153    -0.00487007   0.00017104     0.00487007  -0.00017104
 -0.00472298  -0.00341517    -0.01051844   0.00244873    -0.00348131  -0.00545217
  0.00472298   0.00341517    -0.00348131  -0.00545217    -0.01051844   0.00244873
    1   10
 -0.01051844  -0.00244873    -0.00472298   0.00341517    -0.00348131   0.00545217
 -0.00487007  -0.00017104     0.00025478   0.01270153     0.00487007   0.00017104
 -0.00348131   0.00545217     0.00472298  -0.00341517    -0.01051844  -0.00244873
    1   11
 -0.01051844   0.00244873    -0.00472298  -0.00341517    -0.00348131  -0.00545217
 -0.00487007   0.00017104     0.00025478  -0.01270153     0.00487007  -0.00017104
 -0.00348131  -0.00545217     0.00472298   0.00341517    -0.01051844   0.00244873
    2    1
  0.00556112   0.00308035     0.01097927   0.00834612    -0.01097927  -0.00834612
  0.01097927   0.00834612     0.00556112   0.00308035    -0.01097927  -0.00834612
 -0.01097927  -0.00834612    -0.01097927  -0.00834612     0.00556112   0.00308035
    2    2
  0.02625832  -0.00000000     0.00988132   0.00000000    -0.00988132  -0.00000000
  0.00988132   0.00000000     0.02625832  -0.00000000    -0.00988132  -0.00000000
 -0.00988132  -0.00000000    -0.00988132  -0.00000000     0.02625832  -0.00000000
    2    3
 -0.00397972   0.00614983    -0.00166943   0.00659341     0.00166943  -0.00659341
 -0.00166943   0.00659341    -0.00397972   0.00614983     0.00166943  -0.00659341
  0.00166943  -0.00659341     0.00166943  -0.00659341    -0.00397972   0.00614983
    2    4
 -0.00304313  -0.00103714     0.00118287  -0.00233666     0.00209715   0.00206245
  0.00118287  -0.00233666    -0.00304313  -0.00103714     0.00209715   0.00206245
 -0.00182202   0.00433141    -0.00182202   0.00433141    -0.00048979  -0.00194505
    2    5
 -0.00574584   0.00476732    -0.00539082   0.00019260    -0.00287287   0.00297409
 -0.00539082   0.00019260    -0.00574584   0.00476732    -0.00287287   0.00297409
 -0.00286653  -0.00256954    -0.00286653  -0.00256954    -0.00355420  -0.00204125
    2    6
  0.00500336  -0.00175715     0.00334533  -0.00329328    -0.00334533   0.00329328
  0.00334533  -0.00329328     0.00500336  -0.00175715    -0.00334533   0.00329328
 -0.00334533   0.00329328    -0.00334533   0.00329328     0.00500336  -0.00175715
    2    7
 -0.00931288   0.00321169    -0.00940443   0.00267429     0.00940443  -0.00267429
 -0.00940443   0.00267429    -0.00931288   0.00321169     0.00940443  -0.00267429
  0.00940443  -0.00267429     0.00940443  -0.00267429    -0.00931288   0.00321169
    2    8
 -0.00048979  -0.00194505     0.00182202  -0.00433141    -0.00182202   0.00433141
 -0.00209715  -0.00206245    -0.00304313  -0.00103714    -0.00118287   0.00233666
  0.00209715   0.00206245    -0.00118287   0.00233666    -0.00304313  -0.00103714
    2    9
 -0.00355420  -0.00204125     0.00286653   0.00256954    -0.00286653  -0.00256954
  0.00287287  -0.00297409    -0.00574584   0.00476732     0.00539082  -0.00019260
 -0.00287287   0.00297409     0.00539082  -0.00019260    -0.00574584   0.00476732
    2   10
 -0.00304313  -0.00103714    -0.00209715  -0.00206245    -0.00118287   0.00233666
  0.00182202  -0.00433141    -0.00048979  -0.00194505    -0.00182202   0.00433141
 -0.00118287   0.00233666     0.00209715   0.00206245    -0.00304313  -0.00103714
    2   11
 -0.00574584   0.00476732     0.00287287  -0.00297409     0.00539082  -0.00019260
  0.00286653   0.00256954    -0.00355420  -0.00204125    -0.00286653  -0.00256954
  0.00539082  -0.00019260    -0.00287287   0.00297409    -0.00574584   0.00476732
    3    1
  0.00556112  -0.00308035     0.01097927  -0.00834612    -0.01097927   0.00834612
  0.01097927  -0.00834612     0.00556112  -0.00308035    -0.01097927   0.00834612
 -0.01097927   0.00834612    -0.01097927   0.00834612     0.00556112  -0.00308035
    3    2
 -0.00397972  -0.00614983    -0.00166943  -0.00659341     0.00166943   0.00659341
 -0.00166943  -0.00659341    -0.00397972  -0.00614983     0.00166943   0.00659341
  0.00166943   0.00659341     0.00166943   0.00659341    -0.00397972  -0.00614983
    3    3
  0.02625832   0.00000000     0.00988132  -0.00000000    -0.00988132   0.00000000
  0.00988132  -0.00000000     0.02625832   0.00000000    -0.00988132   0.00000000
 -0.00988132   0.00000000    -0.00988132   0.00000000     0.02625832   0.00000000
    3    4
 -0.00574584  -0.00476732    -0.00539082  -0.00019260    -0.00287287  -0.00297409
 -0.00539082  -0.00019260    -0.00574584  -0.00476732    -0.00287287  -0.00297409
 -0.00286653   0.00256954    -0.00286653   0.00256954    -0.00355420   0.00204125
    3    5
 -0.00304313   0.00103714     0.00118287   0.00233666     0.00209715  -0.00206245
  0.00118287   0.00233666    -0.00304313   0.00103714     0.00209715  -0.00206245
 -0.00182202  -0.00433141    -0.00182202  -0.00433141    -0.00048979   0.00194505
    3    6
 -0.00931288  -0.00321169    -0.00940443  -0.00267429     0.00940443   0.00267429
 -0.00940443  -0.00267429    -0.00931288  -0.00321169     0.00940443   0.00267429
  0.00940443   0.00267429     0.00940443   0.00267429    -0.00931288  -0.00321169
    3    7
  0.00500336   0.00175715     0.00334533   0.00329328    -0.00334533  -0.00329328
  0.00334533   0.00329328     0.00500336   0.00175715    -0.00334533  -0.00329328
 -0.00334533  -0.00329328    -0.00334533  -0.00329328     0.00500336   0.00175715
    3    8
 -0.00355420   0.00204125     0.00286653  -0.00256954    -0.00286653   0.00256954
  0.00287287   0.00297409    -0.00574584  -0.00476732     0.00539082   0.00019260
 -0.00287287  -0.00297409     0.00539082   0.00019260    -0.00574584  -0.00476732
    3    9
 -0.00048979   0.00194505     0.00182202   0.00433141    -0.00182202  -0.00433141
 -0.00209715   0.00206245    -0.00304313   0.00103714    -0.00118287  -0.00233666
  0.00209715  -0.00206245    -0.00118287  -0.00233666    -0.00304313   0.00103714
    3   10
 -0.00574584  -0.00476732     0.00287287   0.00297409     0.00539082   0.00019260
  0.00286653  -0.00256954    -0.00355420   0.00204125    -0.00286653   0.00256954
  0.00539082   0.00019260    -0.00287287  -0.00297409    -0.00574584  -0.00476732
    3   11
 -0.00304313   0.00103714    -0.00209715   0.00206245    -0.00118287  -0.00233666
  0.00182202   0.00433141    -0.00048979   0.00194505    -0.00182202  -0.00433141
 -0.00118287  -0.00233666     0.00209715  -0.00206245    -0.00304313   0.00103714
    4    1
 -0.01051844   0.00244873     0.00348131   0.00545217     0.00487007  -0.00017104
  0.00348131   0.00545217    -0.01051844   0.00244873     0.00487007  -0.00017104
  0.00472298   0.00341517     0.00472298   0.00341517     0.00025478  -0.01270153
    4    2
 -0.00304313   0.00103714     0.00118287   0.00233666    -0.00182202  -0.00433141
  0.00118287   0.00233666    -0.00304313   0.00103714    -0.00182202  -0.00433141
  0.00209715  -0.00206245     0.00209715  -0.00206245    -0.00048979   0.00194505
    4    3
 -0.00574584   0.00476732    -0.00539082   0.00019260    -0.00286653  -0.00256954
 -0.00539082   0.00019260    -0.00574584   0.00476732    -0.00286653  -0.00256954
 -0.00287287   0.00297409    -0.00287287   0.00297409    -0.00355420  -0.00204125
    4    4
  0.01953714  -0.00000000     0.00227039  -0.00000000    -0.00119915   0.00108185
  0.00227039  -0.00000000     0.01953714  -0.00000000    -0.00119915   0.00108185
 -0.00119915  -0.00108185    -0.00119915  -0.00108185     0.01307020  -0.00000000
    4    5
  0.00214152   0.00037032     0.00114927   0.00038242     0.00049574   0.00025864
  0.00114927   0.00038242     0.00214152   0.00037032     0.00049574   0.00025864
  0.00049574   0.00025864     0.00049574   0.00025864    -0.00048785  -0.00024027
    4    6
  0.00280377  -0.00170318    -0.00104549  -0.00045237    -0.00064407   0.00025227
 -0.00104549  -0.00045237     0.00280377  -0.00170318    -0.00064407   0.00025227
  0.00026443  -0.00157096     0.00026443  -0.00157096    -0.00216979   0.00337270
    4    7
  0.00074800   0.00082115    -0.00054860  -0.00142607     0.00181471   0.00022792
 -0.00054860  -0.00142607     0.00074800   0.00082115     0.00181471   0.00022792
 -0.00091594   0.00232171    -0.00091594   0.00232171    -0.00504576   0.00073304
    4    8
  0.00049088  -0.00162298     0.00023361   0.00286853     0.00020386   0.00000000
  0.00023610  -0.00001175     0.00471993   0.00000000    -0.00023361   0.00286853
  0.00029939   0.00000000    -0.00023610  -0.00001175     0.00049088   0.00162298
    4    9
  0.00195606   0.00182663    -0.00388210  -0.00046227     0.00523016   0.00049394
  0.00017795  -0.00060401     0.00451059  -0.00769439     0.00388210   0.00046227
 -0.00098021  -0.00179872    -0.00017795   0.00060401     0.00195606   0.00182663
    4   10
  0.00471993   0.00000000     0.00023610  -0.00001175    -0.00023361   0.00286853
  0.00023361   0.00286853     0.00049088  -0.00162298     0.00020386   0.00000000
 -0.00023610  -0.00001175     0.00029939   0.00000000     0.00049088   0.00162298
    4   11
  0.00451059  -0.00769439     0.00017795  -0.00060401     0.00388210   0.00046227
 -0.00388210  -0.00046227     0.00195606   0.00182663     0.00523016   0.00049394
 -0.00017795   0.00060401    -0.00098021  -0.00179872     0.00195606   0.00182663
    5    1
 -0.01051844  -0.00244873     0.00348131  -0.00545217     0.00487007   0.00017104
  0.00348131  -0.00545217    -0.01051844  -0.00244873     0.00487007   0.00017104
  0.00472298  -0.00341517     0.00472298  -0.00341517     0.00025478   0.01270153
    5    2
 -0.00574584  -0.00476732    -0.00539082  -0.00019260    -0.00286653   0.00256954
 -0.00539082  -0.00019260    -0.00574584  -0.00476732    -0.00286653   0.00256954
 -0.00287287  -0.00297409    -0.00287287  -0.00297409    -0.00355420   0.00204125
    5    3
 -0.00304313  -0.00103714     0.00118287  -0.00233666    -0.00182202   0.00433141
  0.00118287  -0.00233666    -0.00304313  -0.00103714    -0.00182202   0.00433141
  0.00209715   0.00206245     0.00209715   0.00206245    -0.00048979  -0.00194505
    5    4
  0.00214152  -0.00037032     0.00114927  -0.00038242     0.00049574  -0.00025864
  0.00114927  -0.00038242     0.00214152  -0.00037032     0.00049574  -0.00025864
  0.00049574  -0.00025864     0.00049574  -0.00025864    -0.00048785   0.00024027
    5    5
  0.01953714   0.00000000     0.00227039   0.00000000    -0.00119915  -0.00108185
  0.00227039   0.00000000     0.01953714   0.00000000    -0.00119915  -0.00108185
 -0.00119915   0.00108185    -0.00119915   0.00108185     0.01307020   0.00000000
    5    6
  0.00074800  -0.00082115    -0.00054860   0.00142607     0.00181471  -0.00022792
 -0.00054860   0.00142607     0.00074800  -0.00082115     0.00181471  -0.00022792
 -0.00091594  -0.00232171    -0.00091594  -0.00232171    -0.00504576  -0.00073304
    5    7
  0.00280377   0.00170318    -0.00104549   0.00045237    -0.00064407  -0.00025227
 -0.00104549   0.00045237     0.00280377   0.00170318    -0.00064407  -0.00025227
  0.00026443   0.00157096     0.00026443   0.00157096    -0.00216979  -0.00337270
    5    8
  0.00195606  -0.00182663    -0.00388210   0.00046227     0.00523016  -0.00049394
  0.00017795   0.00060401     0.00451059   0.00769439     0.00388210  -0.00046227
 -0.00098021   0.00179872    -0.00017795  -0.00060401     0.00195606  -0.00182663
    5    9
  0.00049088   0.00162298     0.00023361  -0.00286853     0.00020386  -0.00000000
  0.00023610   0.00001175     0.00471993   0.00000000    -0.00023361  -0.00286853
  0.00029939   0.00000000    -0.00023610   0.00001175     0.00049088  -0.00162298
    5   10
  0.00451059   0.00769439     0.00017795   0.00060401     0.00388210  -0.00046227
 -0.00388210   0.00046227     0.00195606  -0.00182663     0.00523016  -0.00049394
 -0.00017795  -0.00060401    -0.00098021   0.00179872     0.00195606  -0.00182663
    5   11
  0.00471993  -0.00000000     0.00023610   0.00001175    -0.00023361  -0.00286853
  0.00023361  -0.00286853     0.00049088   0.00162298     0.00020386  -0.00000000
 -0.00023610   0.00001175     0.00029939  -0.00000000     0.00049088  -0.00162298
    6    1
 -0.01614513  -0.00207557    -0.00116083   0.00460654     0.00116083  -0.00460654
 -0.00116083   0.00460654    -0.01614513  -0.00207557     0.00116083  -0.00460654
  0.00116083  -0.00460654     0.00116083  -0.00460654    -0.01614513  -0.00207557
    6    2
  0.00500336   0.00175715     0.00334533   0.00329328    -0.00334533  -0.00329328
  0.00334533   0.00329328     0.00500336   0.00175715    -0.00334533  -0.00329328
 -0.00334533  -0.00329328    -0.00334533  -0.00329328     0.00500336   0.00175715
    6    3
 -0.00931288   0.00321169    -0.00940443   0.00267429     0.00940443  -0.00267429
 -0.00940443   0.00267429    -0.00931288   0.00321169     0.00940443  -0.00267429
  0.00940443  -0.00267429     0.00940443  -0.00267429    -0.00931288   0.00321169
    6    4
  0.00280377   0.00170318    -0.00104549   0.00045237     0.00026443   0.00157096
 -0.00104549   0.00045237     0.00280377   0.00170318     0.00026443   0.00157096
 -0.00064407  -0.00025227    -0.00064407  -0.00025227    -0.00216979  -0.00337270
    6    5
  0.00074800   0.00082115    -0.00054860  -0.00142607    -0.00091594   0.00232171
 -0.00054860  -0.00142607     0.00074800   0.00082115    -0.00091594   0.00232171
  0.00181471   0.00022792     0.00181471   0.00022792    -0.00504576   0.00073304
    6    6
  0.01972986   0.00000000     0.00494113   0.00000000    -0.00494113  -0.00000000
  0.00494113   0.00000000     0.01972986   0.00000000    -0.00494113  -0.00000000
 -0.00494113  -0.00000000    -0.00494113  -0.00000000     0.01972986   0.00000000
    6    7
 -0.00316509   0.00099431    -0.00190602   0.00075104     0.00190602  -0.00075104
 -0.00190602   0.00075104    -0.00316509   0.00099431     0.00190602  -0.00075104
  0.00190602  -0.00075104     0.00190602  -0.00075104    -0.00316509   0.00099431
    6    8
 -0.00216979  -0.00337270     0.00064407   0.00025227    -0.00064407  -0.00025227
 -0.00026443  -0.00157096     0.00280377   0.00170318     0.00104549  -0.00045237
  0.00026443   0.00157096     0.00104549  -0.00045237     0.00280377   0.00170318
    6    9
 -0.00504576   0.00073304    -0.00181471  -0.00022792     0.00181471   0.00022792
  0.00091594  -0.00232171     0.00074800   0.00082115     0.00054860   0.00142607
 -0.00091594   0.00232171     0.00054860   0.00142607     0.00074800   0.00082115
    6   10
  0.00280377   0.00170318    -0.00026443  -0.00157096     0.00104549  -0.00045237
  0.00064407   0.00025227    -0.00216979  -0.00337270    -0.00064407  -0.00025227
  0.00104549  -0.00045237     0.00026443   0.00157096     0.00280377   0.00170318
    6   11
  0.00074800   0.00082115     0.00091594  -0.00232171     0.00054860   0.00142607
 -0.00181471  -0.00022792    -0.00504576   0.00073304     0.00181471   0.00022792
  0.00054860   0.00142607    -0.00091594   0.00232171     0.00074800   0.00082115
    7    1
 -0.01614513   0.00207557    -0.00116083  -0.00460654     0.00116083   0.00460654
 -0.00116083  -0.00460654    -0.01614513   0.00207557     0.00116083   0.00460654
  0.00116083   0.00460654     0.00116083   0.00460654    -0.01614513   0.00207557
    7    2
 -0.00931288  -0.00321169    -0.00940443  -0.00267429     0.00940443   0.00267429
 -0.00940443  -0.00267429    -0.00931288  -0.00321169     0.00940443   0.00267429
  0.00940443   0.00267429     0.00940443   0.00267429    -0.00931288  -0.00321169
    7    3
  0.00500336  -0.00175715     0.00334533  -0.00329328    -0.00334533   0.00329328
  0.00334533  -0.00329328     0.00500336  -0.00175715    -0.00334533   0.00329328
 -0.00334533   0.00329328    -0.00334533   0.00329328     0.00500336  -0.00175715
    7    4
  0.00074800  -0.00082115    -0.00054860   0.00142607    -0.00091594  -0.00232171
 -0.00054860   0.00142607     0.00074800  -0.00082115    -0.00091594  -0.00232171
  0.00181471  -0.00022792     0.00181471  -0.00022792    -0.00504576  -0.00073304
    7    5
  0.00280377  -0.00170318    -0.00104549  -0.00045237     0.00026443  -0.00157096
 -0.00104549  -0.00045237     0.00280377  -0.00170318     0.00026443  -0.00157096
 -0.00064407   0.00025227    -0.00064407   0.00025227    -0.00216979   0.00337270
    7    6
 -0.00316509  -0.00099431    -0.00190602  -0.00075104     0.00190602   0.00075104
 -0.00190602  -0.00075104    -0.00316509  -0.00099431     0.00190602   0.00075104
  0.00190602   0.00075104     0.00190602   0.00075104    -0.00316509  -0.00099431
    7    7
  0.01972986  -0.00000000     0.00494113  -0.00000000    -0.00494113   0.00000000
  0.00494113  -0.00000000     0.01972986  -0.00000000    -0.00494113   0.00000000
 -0.00494113   0.00000000    -0.00494113   0.00000000     0.01972986  -0.00000000
    7    8
 -0.00504576  -0.00073304    -0.00181471   0.00022792     0.00181471  -0.00022792
  0.00091594   0.00232171     0.00074800  -0.00082115     0.00054860  -0.00142607
 -0.00091594  -0.00232171     0.00054860  -0.00142607     0.00074800  -0.00082115
    7    9
 -0.00216979   0.00337270     0.00064407  -0.00025227    -0.00064407   0.00025227
 -0.00026443   0.00157096     0.00280377  -0.00170318     0.00104549   0.00045237
  0.00026443  -0.00157096     0.00104549   0.00045237     0.00280377  -0.00170318
    7   10
  0.00074800  -0.00082115     0.00091594   0.00232171     0.00054860  -0.00142607
 -0.00181471   0.00022792    -0.00504576  -0.00073304     0.00181471  -0.00022792
  0.00054860  -0.00142607    -0.00091594  -0.00232171     0.00074800  -0.00082115
    7   11
  0.00280377  -0.00170318    -0.00026443   0.00157096     0.00104549   0.00045237
  0.00064407  -0.00025227    -0.00216979   0.00337270    -0.00064407   0.00025227
  0.00104549   0.00045237     0.00026443  -0.00157096     0.00280377  -0.00170318
    8    1
  0.00025478  -0.01270153    -0.00472298  -0.00341517     0.00472298   0.00341517
 -0.00487007   0.00017104    -0.01051844   0.00244873    -0.00348131  -0.00545217
  0.00487007  -0.00017104    -0.00348131  -0.00545217    -0.01051844   0.00244873
    8    2
 -0.00048979   0.00194505    -0.00209715   0.00206245     0.00209715  -0.00206245
  0.00182202   0.00433141    -0.00304313   0.00103714    -0.00118287  -0.00233666
 -0.00182202  -0.00433141    -0.00118287  -0.00233666    -0.00304313   0.00103714
    8    3
 -0.00355420  -0.00204125     0.00287287  -0.00297409    -0.00287287   0.00297409
  0.00286653   0.00256954    -0.00574584   0.00476732     0.00539082  -0.00019260
 -0.00286653  -0.00256954     0.00539082  -0.00019260    -0.00574584   0.00476732
    8    4
  0.00049088   0.00162298     0.00023610   0.00001175     0.00029939   0.00000000
  0.00023361  -0.00286853     0.00471993   0.00000000    -0.00023610   0.00001175
  0.00020386   0.00000000    -0.00023361  -0.00286853     0.00049088  -0.00162298
    8    5
  0.00195606   0.00182663     0.00017795  -0.00060401    -0.00098021  -0.00179872
 -0.00388210  -0.00046227     0.00451059  -0.00769439    -0.00017795   0.00060401
  0.00523016   0.00049394     0.00388210   0.00046227     0.00195606   0.00182663
    8    6
 -0.00216979   0.00337270    -0.00026443   0.00157096     0.00026443  -0.00157096
  0.00064407  -0.00025227     0.00280377  -0.00170318     0.00104549   0.00045237
 -0.00064407   0.00025227     0.00104549   0.00045237     0.00280377  -0.00170318
    8    7
 -0.00504576   0.00073304     0.00091594  -0.00232171    -0.00091594   0.00232171
 -0.00181471  -0.00022792     0.00074800   0.00082115     0.00054860   0.00142607
  0.00181471   0.00022792     0.00054860   0.00142607     0.00074800   0.00082115
    8    8
  0.01307020  -0.00000000     0.00119915   0.00108185    -0.00119915  -0.00108185
  0.00119915  -0.00108185     0.01953714  -0.00000000    -0.00227039   0.00000000
 -0.00119915   0.00108185    -0.00227039  -0.00000000     0.01953714  -0.00000000
    8    9
 -0.00048785  -0.00024027    -0.00049574  -0.00025864     0.00049574   0.00025864
 -0.00049574  -0.00025864     0.00214152   0.00037032    -0.00114927  -0.00038242
  0.00049574   0.00025864    -0.00114927  -0.00038242     0.00214152   0.00037032
    8   10
  0.00049088   0.00162298    -0.00029939  -0.00000000    -0.00023610  -0.00001175
 -0.00020386   0.00000000     0.00049088  -0.00162298    -0.00023361  -0.00286853
 -0.00023361   0.00286853    -0.00023610   0.00001175     0.00471993  -0.00000000
    8   11
  0.00195606   0.00182663     0.00098021   0.00179872    -0.00017795   0.00060401
 -0.00523016  -0.00049394     0.00195606   0.00182663     0.00388210   0.00046227
  0.00388210   0.00046227    -0.00017795   0.00060401     0.00451059  -0.00769439
    9    1
  0.00025478   0.01270153    -0.00472298   0.00341517     0.00472298  -0.00341517
 -0.00487007  -0.00017104    -0.01051844  -0.00244873    -0.00348131   0.00545217
  0.00487007   0.00017104    -0.00348131   0.00545217    -0.01051844  -0.00244873
    9    2
 -0.00355420   0.00204125     0.00287287   0.00297409    -0.00287287  -0.00297409
  0.00286653  -0.00256954    -0.00574584  -0.00476732     0.00539082   0.00019260
 -0.00286653   0.00256954     0.00539082   0.00019260    -0.00574584  -0.00476732
    9    3
 -0.00048979  -0.00194505    -0.00209715  -0.00206245     0.00209715   0.00206245
  0.00182202  -0.00433141    -0.00304313  -0.00103714    -0.00118287   0.00233666
 -0.00182202   0.00433141    -0.00118287   0.00233666    -0.00304313  -0.00103714
    9    4
  0.00195606  -0.00182663     0.00017795   0.00060401    -0.00098021   0.00179872
 -0.00388210   0.00046227     0.00451059   0.00769439    -0.00017795  -0.00060401
  0.00523016  -0.00049394     0.00388210  -0.00046227     0.00195606  -0.00182663
    9    5
  0.00049088  -0.00162298     0.00023610  -0.00001175     0.00029939   0.00000000
  0.00023361   0.00286853     0.00471993  -0.00000000    -0.00023610  -0.00001175
  0.00020386   0.00000000    -0.00023361   0.00286853     0.00049088   0.00162298
    9    6
 -0.00504576  -0.00073304     0.00091594   0.00232171    -0.00091594  -0.00232171
 -0.00181471   0.00022792     0.00074800  -0.00082115     0.00054860  -0.00142607
  0.00181471  -0.00022792     0.00054860  -0.00142607     0.00074800  -0.00082115
    9    7
 -0.00216979  -0.00337270    -0.00026443  -0.00157096     0.00026443   0.00157096
  0.00064407   0.00025227     0.00280377   0.00170318     0.00104549  -0.00045237
 -0.00064407  -0.00025227     0.00104549  -0.00045237     0.00280377   0.00170318
    9    8
 -0.00048785   0.00024027    -0.00049574   0.00025864     0.00049574  -0.00025864
 -0.00049574   0.00025864     0.00214152  -0.00037032    -0.00114927   0.00038242
  0.00049574  -0.00025864    -0.00114927   0.00038242     0.00214152  -0.00037032
    9    9
  0.01307020   0.00000000     0.00119915  -0.00108185    -0.00119915   0.00108185
  0.00119915   0.00108185     0.01953714   0.00000000    -0.00227039  -0.00000000
 -0.00119915  -0.00108185    -0.00227039   0.00000000     0.01953714   0.00000000
    9   10
  0.00195606  -0.00182663     0.00098021  -0.00179872    -0.00017795  -0.00060401
 -0.00523016   0.00049394     0.00195606  -0.00182663     0.00388210  -0.00046227
  0.00388210  -0.00046227    -0.00017795  -0.00060401     0.00451059   0.00769439
    9   11
  0.00049088  -0.00162298    -0.00029939  -0.00000000    -0.00023610   0.00001175
 -0.00020386  -0.00000000     0.00049088   0.00162298    -0.00023361   0.00286853
 -0.00023361  -0.00286853    -0.00023610  -0.00001175     0.00471993   0.00000000
   10    1
 -0.01051844   0.00244873    -0.00487007   0.00017104    -0.00348131  -0.00545217
 -0.00472298  -0.00341517     0.00025478  -0.01270153     0.00472298   0.00341517
 -0.00348131  -0.00545217     0.00487007  -0.00017104    -0.01051844   0.00244873
   10    2
 -0.00304313   0.00103714     0.00182202   0.00433141    -0.00118287  -0.00233666
 -0.00209715   0.00206245    -0.00048979   0.00194505     0.00209715  -0.00206245
 -0.00118287  -0.00233666    -0.00182202  -0.00433141    -0.00304313   0.00103714
   10    3
 -0.00574584   0.00476732     0.00286653   0.00256954     0.00539082  -0.00019260
  0.00287287  -0.00297409    -0.00355420  -0.00204125    -0.00287287   0.00297409
  0.00539082  -0.00019260    -0.00286653  -0.00256954    -0.00574584   0.00476732
   10    4
  0.00471993  -0.00000000     0.00023361  -0.00286853    -0.00023610   0.00001175
  0.00023610   0.00001175     0.00049088   0.00162298     0.00029939  -0.00000000
 -0.00023361  -0.00286853     0.00020386  -0.00000000     0.00049088  -0.00162298
   10    5
  0.00451059  -0.00769439    -0.00388210  -0.00046227    -0.00017795   0.00060401
  0.00017795  -0.00060401     0.00195606   0.00182663    -0.00098021  -0.00179872
  0.00388210   0.00046227     0.00523016   0.00049394     0.00195606   0.00182663
   10    6
  0.00280377  -0.00170318     0.00064407  -0.00025227     0.00104549   0.00045237
 -0.00026443   0.00157096    -0.00216979   0.00337270     0.00026443  -0.00157096
  0.00104549   0.00045237    -0.00064407   0.00025227     0.00280377  -0.00170318
   10    7
  0.00074800   0.00082115    -0.00181471  -0.00022792     0.00054860   0.00142607
  0.00091594  -0.00232171    -0.00504576   0.00073304    -0.00091594   0.00232171
  0.00054860   0.00142607     0.00181471   0.00022792     0.00074800   0.00082115
   10    8
  0.00049088  -0.00162298    -0.00020386  -0.00000000    -0.00023361  -0.00286853
 -0.00029939   0.00000000     0.00049088   0.00162298    -0.00023610  -0.00001175
 -0.00023610   0.00001175    -0.00023361   0.00286853     0.00471993   0.00000000
   10    9
  0.00195606   0.00182663    -0.00523016  -0.00049394     0.00388210   0.00046227
  0.00098021   0.00179872     0.00195606   0.00182663    -0.00017795   0.00060401
 -0.00017795   0.00060401     0.00388210   0.00046227     0.00451059  -0.00769439
   10   10
  0.01953714  -0.00000000     0.00119915  -0.00108185    -0.00227039  -0.00000000
  0.00119915   0.00108185     0.01307020  -0.00000000    -0.00119915  -0.00108185
 -0.00227039  -0.00000000    -0.00119915   0.00108185     0.01953714  -0.00000000
   10   11
  0.00214152   0.00037032    -0.00049574  -0.00025864    -0.00114927  -0.00038242
 -0.00049574  -0.00025864    -0.00048785  -0.00024027     0.00049574   0.00025864
 -0.00114927  -0.00038242     0.00049574   0.00025864     0.00214152   0.00037032
   11    1
 -0.01051844  -0.00244873    -0.00487007  -0.00017104    -0.00348131   0.00545217
 -0.00472298   0.00341517     0.00025478   0.01270153     0.00472298  -0.00341517
 -0.00348131   0.00545217     0.00487007   0.00017104    -0.01051844  -0.00244873
   11    2
 -0.00574584  -0.00476732     0.00286653  -0.00256954     0.00539082   0.00019260
  0.00287287   0.00297409    -0.00355420   0.00204125    -0.00287287  -0.00297409
  0.00539082   0.00019260    -0.00286653   0.00256954    -0.00574584  -0.00476732
   11    3
 -0.00304313  -0.00103714     0.00182202  -0.00433141    -0.00118287   0.00233666
 -0.00209715  -0.00206245    -0.00048979  -0.00194505     0.00209715   0.00206245
 -0.00118287   0.00233666    -0.00182202   0.00433141    -0.00304313  -0.00103714
   11    4
  0.00451059   0.00769439    -0.00388210   0.00046227    -0.00017795  -0.00060401
  0.00017795   0.00060401     0.00195606  -0.00182663    -0.00098021   0.00179872
  0.00388210  -0.00046227     0.00523016  -0.00049394     0.00195606  -0.00182663
   11    5
  0.00471993   0.00000000     0.00023361   0.00286853    -0.00023610  -0.00001175
  0.00023610  -0.00001175     0.00049088  -0.00162298     0.00029939   0.00000000
 -0.00023361   0.00286853     0.00020386   0.00000000     0.00049088   0.00162298
   11    6
  0.00074800  -0.00082115    -0.00181471   0.00022792     0.00054860  -0.00142607
  0.00091594   0.00232171    -0.00504576  -0.00073304    -0.00091594  -0.00232171
  0.00054860  -0.00142607     0.00181471  -0.00022792     0.00074800  -0.00082115
   11    7
  0.00280377   0.00170318     0.00064407   0.00025227     0.00104549  -0.00045237
 -0.00026443  -0.00157096    -0.00216979  -0.00337270     0.00026443   0.00157096
  0.00104549  -0.00045237    -0.00064407  -0.00025227     0.00280377   0.00170318
   11    8
  0.00195606  -0.00182663    -0.00523016   0.00049394     0.00388210  -0.00046227
  0.00098021  -0.00179872     0.00195606  -0.00182663    -0.00017795  -0.00060401
 -0.00017795  -0.00060401     0.00388210  -0.00046227     0.00451059   0.00769439
   11    9
  0.00049088   0.00162298    -0.00020386   0.00000000    -0.00023361   0.00286853
 -0.00029939  -0.00000000     0.00049088  -0.00162298    -0.00023610   0.00001175
 -0.00023610  -0.00001175    -0.00023361  -0.00286853     0.00471993  -0.00000000
   11   10
  0.00214152  -0.00037032    -0.00049574   0.00025864    -0.00114927   0.00038242
 -0.00049574   0.00025864    -0.00048785   0.00024027     0.00049574  -0.00025864
 -0.00114927   0.00038242     0.00049574  -0.00025864     0.00214152  -0.00037032
   11   11
  0.01953714   0.00000000     0.00119915   0.00108185    -0.00227039   0.00000000
  0.00119915  -0.00108185     0.01307020   0.00000000    -0.00119915   0.00108185
 -0.00227039   0.00000000    -0.00119915  -0.00108185     0.01953714   0.00000000

     Dynamical  Matrix in cartesian axes

     q = (    0.235702260  -0.235702260  -0.235702260 ) 

    1    1
  0.08549612   0.00000000    -0.01934420   0.00000000    -0.01934420   0.00000000
 -0.01934420   0.00000000     0.08549612   0.00000000     0.01934420   0.00000000
 -0.01934420   0.00000000     0.01934420   0.00000000     0.08549612   0.00000000
    1    2
  0.00556112   0.00308035    -0.01097927  -0.00834612    -0.01097927  -0.00834612
 -0.01097927  -0.00834612     0.00556112   0.00308035     0.01097927   0.00834612
 -0.01097927  -0.00834612     0.01097927   0.00834612     0.00556112   0.00308035
    1    3
  0.00556112  -0.00308035    -0.01097927   0.00834612    -0.01097927   0.00834612
 -0.01097927   0.00834612     0.00556112  -0.00308035     0.01097927  -0.00834612
 -0.01097927   0.00834612     0.01097927  -0.00834612     0.00556112  -0.00308035
    1    4
  0.00025478  -0.01270153     0.00487007  -0.00017104     0.00487007  -0.00017104
  0.00472298   0.00341517    -0.01051844   0.00244873     0.00348131   0.00545217
  0.00472298   0.00341517     0.00348131   0.00545217    -0.01051844   0.00244873
    1    5
  0.00025478   0.01270153     0.00487007   0.00017104     0.00487007   0.00017104
  0.00472298  -0.00341517    -0.01051844  -0.00244873     0.00348131  -0.00545217
  0.00472298  -0.00341517     0.00348131  -0.00545217    -0.01051844  -0.00244873
    1    6
 -0.01051844   0.00244873     0.00472298   0.00341517    -0.00348131  -0.00545217
  0.00487007  -0.00017104     0.00025478  -0.01270153    -0.00487007   0.00017104
 -0.00348131  -0.00545217    -0.00472298  -0.00341517    -0.01051844   0.00244873
    1    7
 -0.01051844  -0.00244873     0.00472298  -0.00341517    -0.00348131   0.00545217
  0.00487007   0.00017104     0.00025478   0.01270153    -0.00487007  -0.00017104
 -0.00348131   0.00545217    -0.00472298   0.00341517    -0.01051844  -0.00244873
    1    8
 -0.01051844   0.00244873    -0.00348131  -0.00545217     0.00472298   0.00341517
 -0.00348131  -0.00545217    -0.01051844   0.00244873    -0.00472298  -0.00341517
  0.00487007  -0.00017104    -0.00487007   0.00017104     0.00025478  -0.01270153
    1    9
 -0.01051844  -0.00244873    -0.00348131   0.00545217     0.00472298  -0.00341517
 -0.00348131   0.00545217    -0.01051844  -0.00244873    -0.00472298   0.00341517
  0.00487007   0.00017104    -0.00487007  -0.00017104     0.00025478   0.01270153
    1   10
 -0.01614513  -0.00207557     0.00116083  -0.00460654     0.00116083  -0.00460654
  0.00116083  -0.00460654    -0.01614513  -0.00207557    -0.00116083   0.00460654
  0.00116083  -0.00460654    -0.00116083   0.00460654    -0.01614513  -0.00207557
    1   11
 -0.01614513   0.00207557     0.00116083   0.00460654     0.00116083   0.00460654
  0.00116083   0.00460654    -0.01614513   0.00207557    -0.00116083  -0.00460654
  0.00116083   0.00460654    -0.00116083  -0.00460654    -0.01614513   0.00207557
    2    1
  0.00556112  -0.00308035    -0.01097927   0.00834612    -0.01097927   0.00834612
 -0.01097927   0.00834612     0.00556112  -0.00308035     0.01097927  -0.00834612
 -0.01097927   0.00834612     0.01097927  -0.00834612     0.00556112  -0.00308035
    2    2
  0.02625832   0.00000000    -0.00988132   0.00000000    -0.00988132   0.00000000
 -0.00988132   0.00000000     0.02625832   0.00000000     0.00988132  -0.00000000
 -0.00988132   0.00000000     0.00988132  -0.00000000     0.02625832   0.00000000
    2    3
 -0.00397972  -0.00614983     0.00166943   0.00659341     0.00166943   0.00659341
  0.00166943   0.00659341    -0.00397972  -0.00614983    -0.00166943  -0.00659341
  0.00166943   0.00659341    -0.00166943  -0.00659341    -0.00397972  -0.00614983
    2    4
 -0.00048979   0.00194505    -0.00182202  -0.00433141    -0.00182202  -0.00433141
  0.00209715  -0.00206245    -0.00304313   0.00103714     0.00118287   0.00233666
  0.00209715  -0.00206245     0.00118287   0.00233666    -0.00304313   0.00103714
    2    5
 -0.00355420   0.00204125    -0.00286653   0.00256954    -0.00286653   0.00256954
 -0.00287287  -0.00297409    -0.00574584  -0.00476732    -0.00539082  -0.00019260
 -0.00287287  -0.00297409    -0.00539082  -0.00019260    -0.00574584  -0.00476732
    2    6
 -0.00304313   0.00103714     0.00209715  -0.00206245    -0.00118287  -0.00233666
 -0.00182202  -0.00433141    -0.00048979   0.00194505     0.00182202   0.00433141
 -0.00118287  -0.00233666    -0.00209715   0.00206245    -0.00304313   0.00103714
    2    7
 -0.00574584  -0.00476732    -0.00287287  -0.00297409     0.00539082   0.00019260
 -0.00286653   0.00256954    -0.00355420   0.00204125     0.00286653  -0.00256954
  0.00539082   0.00019260     0.00287287   0.00297409    -0.00574584  -0.00476732
    2    8
 -0.00304313   0.00103714    -0.00118287  -0.00233666     0.00209715  -0.00206245
 -0.00118287  -0.00233666    -0.00304313   0.00103714    -0.00209715   0.00206245
 -0.00182202  -0.00433141     0.00182202   0.00433141    -0.00048979   0.00194505
    2    9
 -0.00574584  -0.00476732     0.00539082   0.00019260    -0.00287287  -0.00297409
  0.00539082   0.00019260    -0.00574584  -0.00476732     0.00287287   0.00297409
 -0.00286653   0.00256954     0.00286653  -0.00256954    -0.00355420   0.00204125
    2   10
  0.00500336   0.00175715    -0.00334533  -0.00329328    -0.00334533  -0.00329328
 -0.00334533  -0.00329328     0.00500336   0.00175715     0.00334533   0.00329328
 -0.00334533  -0.00329328     0.00334533   0.00329328     0.00500336   0.00175715
    2   11
 -0.00931288  -0.00321169     0.00940443   0.00267429     0.00940443   0.00267429
  0.00940443   0.00267429    -0.00931288  -0.00321169    -0.00940443  -0.00267429
  0.00940443   0.00267429    -0.00940443  -0.00267429    -0.00931288  -0.00321169
    3    1
  0.00556112   0.00308035    -0.01097927  -0.00834612    -0.01097927  -0.00834612
 -0.01097927  -0.00834612     0.00556112   0.00308035     0.01097927   0.00834612
 -0.01097927  -0.00834612     0.01097927   0.00834612     0.00556112   0.00308035
    3    2
 -0.00397972   0.00614983     0.00166943  -0.00659341     0.00166943  -0.00659341
  0.00166943  -0.00659341    -0.00397972   0.00614983    -0.00166943   0.00659341
  0.00166943  -0.00659341    -0.00166943   0.00659341    -0.00397972   0.00614983
    3    3
  0.02625832  -0.00000000    -0.00988132  -0.00000000    -0.00988132  -0.00000000
 -0.00988132  -0.00000000     0.02625832  -0.00000000     0.00988132   0.00000000
 -0.00988132  -0.00000000     0.00988132   0.00000000     0.02625832  -0.00000000
    3    4
 -0.00355420  -0.00204125    -0.00286653  -0.00256954    -0.00286653  -0.00256954
 -0.00287287   0.00297409    -0.00574584   0.00476732    -0.00539082   0.00019260
 -0.00287287   0.00297409    -0.00539082   0.00019260    -0.00574584   0.00476732
    3    5
 -0.00048979  -0.00194505    -0.00182202   0.00433141    -0.00182202   0.00433141
  0.00209715   0.00206245    -0.00304313  -0.00103714     0.00118287  -0.00233666
  0.00209715   0.00206245     0.00118287  -0.00233666    -0.00304313  -0.00103714
    3    6
 -0.00574584   0.00476732    -0.00287287   0.00297409     0.00539082  -0.00019260
 -0.00286653  -0.00256954    -0.00355420  -0.00204125     0.00286653   0.00256954
  0.00539082  -0.00019260     0.00287287  -0.00297409    -0.00574584   0.00476732
    3    7
 -0.00304313  -0.00103714     0.00209715   0.00206245    -0.00118287   0.00233666
 -0.00182202   0.00433141    -0.00048979  -0.00194505     0.00182202  -0.00433141
 -0.00118287   0.00233666    -0.00209715  -0.00206245    -0.00304313  -0.00103714
    3    8
 -0.00574584   0.00476732     0.00539082  -0.00019260    -0.00287287   0.00297409
  0.00539082  -0.00019260    -0.00574584   0.00476732     0.00287287  -0.00297409
 -0.00286653  -0.00256954     0.00286653   0.00256954    -0.00355420  -0.00204125
    3    9
 -0.00304313  -0.00103714    -0.00118287   0.00233666     0.00209715   0.00206245
 -0.00118287   0.00233666    -0.00304313  -0.00103714    -0.00209715  -0.00206245
 -0.00182202   0.00433141     0.00182202  -0.00433141    -0.00048979  -0.00194505
    3   10
 -0.00931288   0.00321169     0.00940443  -0.00267429     0.00940443  -0.00267429
  0.00940443  -0.00267429    -0.00931288   0.00321169    -0.00940443   0.00267429
  0.00940443  -0.00267429    -0.00940443   0.00267429    -0.00931288   0.00321169
    3   11
  0.00500336  -0.00175715    -0.00334533   0.00329328    -0.00334533   0.00329328
 -0.00334533   0.00329328     0.00500336  -0.00175715     0.00334533  -0.00329328
 -0.00334533   0.00329328     0.00334533  -0.00329328     0.00500336  -0.00175715
    4    1
  0.00025478   0.01270153     0.00472298  -0.00341517     0.00472298  -0.00341517
