  3.000000000000000E-002   1.62628693009849        4.75506765457283     
           4

     Dynamical  Matrix in cartesian axes

     q = (   -0.353553391  -0.353553391   0.353553391 ) 

    1    1
  0.02476908   0.00000000     0.00455929   0.00000000    -0.00455929   0.00000000
  0.00455929   0.00000000     0.02476908   0.00000000    -0.00455929   0.00000000
 -0.00455929   0.00000000    -0.00455929   0.00000000     0.02476908   0.00000000
    1    2
  0.00346028   0.00000000     0.00301452   0.00000000    -0.00301452   0.00000000
  0.00301452   0.00000000     0.00346028   0.00000000    -0.00301452   0.00000000
 -0.00301452   0.00000000    -0.00301452   0.00000000     0.00346028   0.00000000
    1    3
  0.00346028   0.00000000     0.00301452   0.00000000    -0.00301452   0.00000000
  0.00301452   0.00000000     0.00346028   0.00000000    -0.00301452   0.00000000
 -0.00301452   0.00000000    -0.00301452   0.00000000     0.00346028   0.00000000
    1    4
 -0.00609843   0.00000000     0.00092397  -0.00000000    -0.00087340   0.00000000
  0.00092397  -0.00000000    -0.00609843   0.00000000    -0.00087340   0.00000000
 -0.00002841   0.00000000    -0.00002841   0.00000000     0.00341715  -0.00000000
    1    5
 -0.00609843   0.00000000     0.00092397  -0.00000000    -0.00087340   0.00000000
  0.00092397  -0.00000000    -0.00609843   0.00000000    -0.00087340   0.00000000
 -0.00002841   0.00000000    -0.00002841   0.00000000     0.00341715  -0.00000000
    1    6
 -0.00603938   0.00000000    -0.00251185   0.00000000     0.00251185  -0.00000000
 -0.00251185   0.00000000    -0.00603938   0.00000000     0.00251185  -0.00000000
  0.00251185  -0.00000000     0.00251185  -0.00000000    -0.00603938   0.00000000
    1    7
 -0.00603938   0.00000000    -0.00251185   0.00000000     0.00251185  -0.00000000
 -0.00251185   0.00000000    -0.00603938   0.00000000     0.00251185  -0.00000000
  0.00251185  -0.00000000     0.00251185  -0.00000000    -0.00603938   0.00000000
    1    8
  0.00341715  -0.00000000     0.00002841  -0.00000000    -0.00002841   0.00000000
  0.00087340  -0.00000000    -0.00609843   0.00000000    -0.00092397   0.00000000
 -0.00087340   0.00000000    -0.00092397   0.00000000    -0.00609843   0.00000000
    1    9
  0.00341715  -0.00000000     0.00002841  -0.00000000    -0.00002841   0.00000000
  0.00087340  -0.00000000    -0.00609843   0.00000000    -0.00092397   0.00000000
 -0.00087340   0.00000000    -0.00092397   0.00000000    -0.00609843   0.00000000
    1   10
 -0.00609843   0.00000000     0.00087340  -0.00000000    -0.00092397   0.00000000
  0.00002841  -0.00000000     0.00341715  -0.00000000    -0.00002841   0.00000000
 -0.00092397   0.00000000    -0.00087340   0.00000000    -0.00609843   0.00000000
    1   11
 -0.00609843   0.00000000     0.00087340  -0.00000000    -0.00092397   0.00000000
  0.00002841  -0.00000000     0.00341715  -0.00000000    -0.00002841   0.00000000
 -0.00092397   0.00000000    -0.00087340   0.00000000    -0.00609843   0.00000000
    2    1
  0.00346028   0.00000000     0.00301452   0.00000000    -0.00301452   0.00000000
  0.00301452   0.00000000     0.00346028   0.00000000    -0.00301452   0.00000000
 -0.00301452   0.00000000    -0.00301452   0.00000000     0.00346028   0.00000000
    2    2
  0.01399895   0.00000000     0.00164156   0.00000000    -0.00164156   0.00000000
  0.00164156   0.00000000     0.01399895   0.00000000    -0.00164156   0.00000000
 -0.00164156   0.00000000    -0.00164156   0.00000000     0.01399895   0.00000000
    2    3
 -0.00651445   0.00000000    -0.00049196   0.00000000     0.00049196   0.00000000
 -0.00049196   0.00000000    -0.00651445   0.00000000     0.00049196   0.00000000
  0.00049196   0.00000000     0.00049196   0.00000000    -0.00651445   0.00000000
    2    4
 -0.00133260   0.00000000     0.00121797  -0.00000000     0.00139739  -0.00000000
  0.00121797  -0.00000000    -0.00133260   0.00000000     0.00139739  -0.00000000
  0.00313254  -0.00000000     0.00313254  -0.00000000     0.00016442  -0.00000000
    2    5
 -0.00311317   0.00000000    -0.00210734   0.00000000    -0.00308517   0.00000000
 -0.00210734   0.00000000    -0.00311317   0.00000000    -0.00308517   0.00000000
 -0.00481523   0.00000000    -0.00481523   0.00000000     0.00064199  -0.00000000
    2    6
 -0.00044440   0.00000000     0.00021181  -0.00000000    -0.00021181   0.00000000
  0.00021181  -0.00000000    -0.00044440   0.00000000    -0.00021181   0.00000000
 -0.00021181   0.00000000    -0.00021181   0.00000000    -0.00044440   0.00000000
    2    7
 -0.00168271   0.00000000    -0.00286291   0.00000000     0.00286291  -0.00000000
 -0.00286291   0.00000000    -0.00168271   0.00000000     0.00286291  -0.00000000
  0.00286291  -0.00000000     0.00286291  -0.00000000    -0.00168271   0.00000000
    2    8
  0.00016442  -0.00000000    -0.00313254   0.00000000     0.00313254  -0.00000000
 -0.00139739   0.00000000    -0.00133260   0.00000000    -0.00121797   0.00000000
  0.00139739  -0.00000000    -0.00121797   0.00000000    -0.00133260   0.00000000
    2    9
  0.00064199  -0.00000000     0.00481523  -0.00000000    -0.00481523   0.00000000
  0.00308517  -0.00000000    -0.00311317   0.00000000     0.00210734  -0.00000000
 -0.00308517   0.00000000     0.00210734  -0.00000000    -0.00311317   0.00000000
    2   10
 -0.00133260   0.00000000    -0.00139739   0.00000000    -0.00121797   0.00000000
 -0.00313254   0.00000000     0.00016442  -0.00000000     0.00313254  -0.00000000
 -0.00121797   0.00000000     0.00139739  -0.00000000    -0.00133260   0.00000000
    2   11
 -0.00311317   0.00000000     0.00308517  -0.00000000     0.00210734  -0.00000000
  0.00481523  -0.00000000     0.00064199  -0.00000000    -0.00481523   0.00000000
  0.00210734  -0.00000000    -0.00308517   0.00000000    -0.00311317   0.00000000
    3    1
  0.00346028   0.00000000     0.00301452   0.00000000    -0.00301452   0.00000000
  0.00301452   0.00000000     0.00346028   0.00000000    -0.00301452   0.00000000
 -0.00301452   0.00000000    -0.00301452   0.00000000     0.00346028   0.00000000
    3    2
 -0.00651445   0.00000000    -0.00049196   0.00000000     0.00049196   0.00000000
 -0.00049196   0.00000000    -0.00651445   0.00000000     0.00049196   0.00000000
  0.00049196   0.00000000     0.00049196   0.00000000    -0.00651445   0.00000000
    3    3
  0.01399895   0.00000000     0.00164156   0.00000000    -0.00164156   0.00000000
  0.00164156   0.00000000     0.01399895   0.00000000    -0.00164156   0.00000000
 -0.00164156   0.00000000    -0.00164156   0.00000000     0.01399895   0.00000000
    3    4
 -0.00311317   0.00000000    -0.00210734   0.00000000    -0.00308517   0.00000000
 -0.00210734   0.00000000    -0.00311317   0.00000000    -0.00308517   0.00000000
 -0.00481523   0.00000000    -0.00481523   0.00000000     0.00064199  -0.00000000
    3    5
 -0.00133260   0.00000000     0.00121797  -0.00000000     0.00139739  -0.00000000
  0.00121797  -0.00000000    -0.00133260   0.00000000     0.00139739  -0.00000000
  0.00313254  -0.00000000     0.00313254  -0.00000000     0.00016442  -0.00000000
    3    6
 -0.00168271   0.00000000    -0.00286291   0.00000000     0.00286291  -0.00000000
 -0.00286291   0.00000000    -0.00168271   0.00000000     0.00286291  -0.00000000
  0.00286291  -0.00000000     0.00286291  -0.00000000    -0.00168271   0.00000000
    3    7
 -0.00044440   0.00000000     0.00021181  -0.00000000    -0.00021181   0.00000000
  0.00021181  -0.00000000    -0.00044440   0.00000000    -0.00021181   0.00000000
 -0.00021181  -0.00000000    -0.00021181  -0.00000000    -0.00044440   0.00000000
    3    8
  0.00064199  -0.00000000     0.00481523  -0.00000000    -0.00481523   0.00000000
  0.00308517  -0.00000000    -0.00311317   0.00000000     0.00210734  -0.00000000
 -0.00308517   0.00000000     0.00210734  -0.00000000    -0.00311317   0.00000000
    3    9
  0.00016442  -0.00000000    -0.00313254   0.00000000     0.00313254  -0.00000000
 -0.00139739   0.00000000    -0.00133260   0.00000000    -0.00121797   0.00000000
  0.00139739  -0.00000000    -0.00121797   0.00000000    -0.00133260   0.00000000
    3   10
 -0.00311317   0.00000000     0.00308517  -0.00000000     0.00210734  -0.00000000
  0.00481523  -0.00000000     0.00064199  -0.00000000    -0.00481523   0.00000000
  0.00210734  -0.00000000    -0.00308517   0.00000000    -0.00311317   0.00000000
    3   11
 -0.00133260   0.00000000    -0.00139739   0.00000000    -0.00121797   0.00000000
 -0.00313254   0.00000000     0.00016442  -0.00000000     0.00313254  -0.00000000
 -0.00121797   0.00000000     0.00139739  -0.00000000    -0.00133260   0.00000000
    4    1
 -0.00609843  -0.00000000     0.00092397   0.00000000    -0.00002841  -0.00000000
  0.00092397   0.00000000    -0.00609843  -0.00000000    -0.00002841  -0.00000000
 -0.00087340  -0.00000000    -0.00087340  -0.00000000     0.00341715   0.00000000
    4    2
 -0.00133260  -0.00000000     0.00121797   0.00000000     0.00313254   0.00000000
  0.00121797   0.00000000    -0.00133260  -0.00000000     0.00313254   0.00000000
  0.00139739   0.00000000     0.00139739   0.00000000     0.00016442   0.00000000
    4    3
 -0.00311317  -0.00000000    -0.00210734  -0.00000000    -0.00481523  -0.00000000
 -0.00210734  -0.00000000    -0.00311317  -0.00000000    -0.00481523  -0.00000000
 -0.00308517  -0.00000000    -0.00308517  -0.00000000     0.00064199   0.00000000
    4    4
  0.00986189   0.00000000     0.00125891   0.00000000     0.00049367   0.00000000
  0.00125891   0.00000000     0.00986189   0.00000000     0.00049367   0.00000000
  0.00049367   0.00000000     0.00049367   0.00000000     0.00368471   0.00000000
    4    5
  0.00059414   0.00000000    -0.00289708  -0.00000000    -0.00060450  -0.00000000
 -0.00289708  -0.00000000     0.00059414   0.00000000    -0.00060450  -0.00000000
 -0.00060450  -0.00000000    -0.00060450  -0.00000000     0.00046762   0.00000000
    4    6
 -0.00013157   0.00000000    -0.00079365   0.00000000    -0.00039560   0.00000000
 -0.00079365   0.00000000    -0.00013157   0.00000000    -0.00039560   0.00000000
  0.00022246  -0.00000000     0.00022246  -0.00000000    -0.00155822   0.00000000
    4    7
  0.00142450   0.00000000     0.00195286   0.00000000    -0.00063439  -0.00000000
  0.00195286   0.00000000     0.00142450   0.00000000    -0.00063439  -0.00000000
  0.00075564   0.00000000     0.00075564   0.00000000    -0.00186177  -0.00000000
    4    8
 -0.00005611   0.00000000    -0.00160876   0.00000000     0.00200166  -0.00000000
  0.00000356  -0.00000000     0.00243548  -0.00000000     0.00160876  -0.00000000
 -0.00097897   0.00000000    -0.00000356   0.00000000    -0.00005611   0.00000000
    4    9
 -0.00051947   0.00000000    -0.00181443   0.00000000     0.00227558  -0.00000000
 -0.00013578   0.00000000     0.00596411  -0.00000000     0.00181443  -0.00000000
  0.00042251  -0.00000000     0.00013578  -0.00000000    -0.00051947   0.00000000
    4   10
  0.00243548  -0.00000000     0.00000356  -0.00000000     0.00160876  -0.00000000
 -0.00160876   0.00000000    -0.00005611   0.00000000     0.00200166  -0.00000000
 -0.00000356  -0.00000000    -0.00097897   0.00000000    -0.00005611   0.00000000
    4   11
  0.00596411  -0.00000000    -0.00013578   0.00000000     0.00181443  -0.00000000
 -0.00181443   0.00000000    -0.00051947   0.00000000     0.00227558  -0.00000000
  0.00013578  -0.00000000     0.00042251  -0.00000000    -0.00051947   0.00000000
    5    1
 -0.00609843  -0.00000000     0.00092397   0.00000000    -0.00002841  -0.00000000
  0.00092397   0.00000000    -0.00609843  -0.00000000    -0.00002841  -0.00000000
 -0.00087340  -0.00000000    -0.00087340  -0.00000000     0.00341715   0.00000000
    5    2
 -0.00311317  -0.00000000    -0.00210734  -0.00000000    -0.00481523  -0.00000000
 -0.00210734  -0.00000000    -0.00311317  -0.00000000    -0.00481523  -0.00000000
 -0.00308517  -0.00000000    -0.00308517  -0.00000000     0.00064199   0.00000000
    5    3
 -0.00133260  -0.00000000     0.00121797   0.00000000     0.00313254   0.00000000
  0.00121797   0.00000000    -0.00133260  -0.00000000     0.00313254   0.00000000
  0.00139739   0.00000000     0.00139739   0.00000000     0.00016442   0.00000000
    5    4
  0.00059414  -0.00000000    -0.00289708   0.00000000    -0.00060450   0.00000000
 -0.00289708   0.00000000     0.00059414  -0.00000000    -0.00060450   0.00000000
 -0.00060450   0.00000000    -0.00060450   0.00000000     0.00046762  -0.00000000
    5    5
  0.00986189   0.00000000     0.00125891   0.00000000     0.00049367   0.00000000
  0.00125891   0.00000000     0.00986189   0.00000000     0.00049367   0.00000000
  0.00049367   0.00000000     0.00049367   0.00000000     0.00368471   0.00000000
    5    6
  0.00142450  -0.00000000     0.00195286  -0.00000000    -0.00063439   0.00000000
  0.00195286  -0.00000000     0.00142450  -0.00000000    -0.00063439   0.00000000
  0.00075564  -0.00000000     0.00075564  -0.00000000    -0.00186177   0.00000000
    5    7
 -0.00013157   0.00000000    -0.00079365   0.00000000    -0.00039560   0.00000000
 -0.00079365   0.00000000    -0.00013157   0.00000000    -0.00039560   0.00000000
  0.00022246  -0.00000000     0.00022246  -0.00000000    -0.00155822   0.00000000
    5    8
 -0.00051947   0.00000000    -0.00181443   0.00000000     0.00227558   0.00000000
 -0.00013578   0.00000000     0.00596411   0.00000000     0.00181443   0.00000000
  0.00042251   0.00000000     0.00013578   0.00000000    -0.00051947   0.00000000
    5    9
 -0.00005611   0.00000000    -0.00160876   0.00000000     0.00200166  -0.00000000
  0.00000356  -0.00000000     0.00243548  -0.00000000     0.00160876  -0.00000000
 -0.00097897   0.00000000    -0.00000356  -0.00000000    -0.00005611   0.00000000
    5   10
  0.00596411  -0.00000000    -0.00013578   0.00000000     0.00181443  -0.00000000
 -0.00181443   0.00000000    -0.00051947   0.00000000     0.00227558  -0.00000000
  0.00013578  -0.00000000     0.00042251  -0.00000000    -0.00051947   0.00000000
    5   11
  0.00243548  -0.00000000     0.00000356  -0.00000000     0.00160876  -0.00000000
 -0.00160876   0.00000000    -0.00005611   0.00000000     0.00200166  -0.00000000
 -0.00000356  -0.00000000    -0.00097897   0.00000000    -0.00005611   0.00000000
    6    1
 -0.00603938  -0.00000000    -0.00251185  -0.00000000     0.00251185   0.00000000
 -0.00251185  -0.00000000    -0.00603938  -0.00000000     0.00251185   0.00000000
  0.00251185   0.00000000     0.00251185   0.00000000    -0.00603938  -0.00000000
    6    2
 -0.00044440  -0.00000000     0.00021181   0.00000000    -0.00021181  -0.00000000
  0.00021181   0.00000000    -0.00044440  -0.00000000    -0.00021181  -0.00000000
 -0.00021181  -0.00000000    -0.00021181  -0.00000000    -0.00044440  -0.00000000
    6    3
 -0.00168271  -0.00000000    -0.00286291  -0.00000000     0.00286291   0.00000000
 -0.00286291  -0.00000000    -0.00168271  -0.00000000     0.00286291   0.00000000
  0.00286291   0.00000000     0.00286291   0.00000000    -0.00168271  -0.00000000
    6    4
 -0.00013157  -0.00000000    -0.00079365  -0.00000000     0.00022246   0.00000000
 -0.00079365  -0.00000000    -0.00013157  -0.00000000     0.00022246   0.00000000
 -0.00039560  -0.00000000    -0.00039560  -0.00000000    -0.00155822  -0.00000000
    6    5
  0.00142450   0.00000000     0.00195286   0.00000000     0.00075564   0.00000000
  0.00195286   0.00000000     0.00142450   0.00000000     0.00075564   0.00000000
 -0.00063439  -0.00000000    -0.00063439  -0.00000000    -0.00186177  -0.00000000
    6    6
  0.00616056   0.00000000     0.00201895   0.00000000    -0.00201895   0.00000000
  0.00201895   0.00000000     0.00616056   0.00000000    -0.00201895   0.00000000
 -0.00201895   0.00000000    -0.00201895   0.00000000     0.00616056   0.00000000
    6    7
 -0.00098220   0.00000000     0.00000301   0.00000000    -0.00000301   0.00000000
  0.00000301   0.00000000    -0.00098220   0.00000000    -0.00000301  -0.00000000
 -0.00000301   0.00000000    -0.00000301  -0.00000000    -0.00098220   0.00000000
    6    8
 -0.00155822  -0.00000000     0.00039560   0.00000000    -0.00039560  -0.00000000
 -0.00022246  -0.00000000    -0.00013157  -0.00000000     0.00079365   0.00000000
  0.00022246   0.00000000     0.00079365   0.00000000    -0.00013157  -0.00000000
    6    9
 -0.00186177   0.00000000     0.00063439  -0.00000000    -0.00063439   0.00000000
 -0.00075564   0.00000000     0.00142450  -0.00000000    -0.00195286   0.00000000
  0.00075564  -0.00000000    -0.00195286   0.00000000     0.00142450  -0.00000000
    6   10
 -0.00013157  -0.00000000    -0.00022246  -0.00000000     0.00079365   0.00000000
  0.00039560   0.00000000    -0.00155822   0.00000000    -0.00039560  -0.00000000
  0.00079365   0.00000000     0.00022246  -0.00000000    -0.00013157   0.00000000
    6   11
  0.00142450   0.00000000    -0.00075564  -0.00000000    -0.00195286  -0.00000000
  0.00063439   0.00000000    -0.00186177  -0.00000000    -0.00063439  -0.00000000
 -0.00195286  -0.00000000     0.00075564   0.00000000     0.00142450   0.00000000
    7    1
 -0.00603938  -0.00000000    -0.00251185  -0.00000000     0.00251185   0.00000000
 -0.00251185  -0.00000000    -0.00603938  -0.00000000     0.00251185   0.00000000
  0.00251185   0.00000000     0.00251185   0.00000000    -0.00603938  -0.00000000
    7    2
 -0.00168271  -0.00000000    -0.00286291  -0.00000000     0.00286291   0.00000000
 -0.00286291  -0.00000000    -0.00168271  -0.00000000     0.00286291   0.00000000
  0.00286291   0.00000000     0.00286291   0.00000000    -0.00168271  -0.00000000
    7    3
 -0.00044440  -0.00000000     0.00021181   0.00000000    -0.00021181   0.00000000
  0.00021181   0.00000000    -0.00044440  -0.00000000    -0.00021181   0.00000000
 -0.00021181  -0.00000000    -0.00021181  -0.00000000    -0.00044440  -0.00000000
    7    4
  0.00142450  -0.00000000     0.00195286  -0.00000000     0.00075564  -0.00000000
  0.00195286  -0.00000000     0.00142450  -0.00000000     0.00075564  -0.00000000
 -0.00063439   0.00000000    -0.00063439   0.00000000    -0.00186177   0.00000000
    7    5
 -0.00013157  -0.00000000    -0.00079365  -0.00000000     0.00022246   0.00000000
 -0.00079365  -0.00000000    -0.00013157  -0.00000000     0.00022246   0.00000000
 -0.00039560  -0.00000000    -0.00039560  -0.00000000    -0.00155822  -0.00000000
    7    6
 -0.00098220  -0.00000000     0.00000301  -0.00000000    -0.00000301  -0.00000000
  0.00000301  -0.00000000    -0.00098220  -0.00000000    -0.00000301   0.00000000
 -0.00000301  -0.00000000    -0.00000301   0.00000000    -0.00098220  -0.00000000
    7    7
  0.00616056   0.00000000     0.00201895   0.00000000    -0.00201895   0.00000000
  0.00201895   0.00000000     0.00616056   0.00000000    -0.00201895   0.00000000
 -0.00201895   0.00000000    -0.00201895   0.00000000     0.00616056   0.00000000
    7    8
 -0.00186177   0.00000000     0.00063439  -0.00000000    -0.00063439   0.00000000
 -0.00075564   0.00000000     0.00142450   0.00000000    -0.00195286  -0.00000000
  0.00075564   0.00000000    -0.00195286   0.00000000     0.00142450   0.00000000
    7    9
 -0.00155822   0.00000000     0.00039560  -0.00000000    -0.00039560   0.00000000
 -0.00022246   0.00000000    -0.00013157   0.00000000     0.00079365  -0.00000000
  0.00022246  -0.00000000     0.00079365  -0.00000000    -0.00013157   0.00000000
    7   10
  0.00142450  -0.00000000    -0.00075564   0.00000000    -0.00195286   0.00000000
  0.00063439  -0.00000000    -0.00186177   0.00000000    -0.00063439   0.00000000
 -0.00195286   0.00000000     0.00075564  -0.00000000     0.00142450  -0.00000000
    7   11
 -0.00013157  -0.00000000    -0.00022246  -0.00000000     0.00079365   0.00000000
  0.00039560   0.00000000    -0.00155822  -0.00000000    -0.00039560  -0.00000000
  0.00079365   0.00000000     0.00022246   0.00000000    -0.00013157  -0.00000000
    8    1
  0.00341715   0.00000000     0.00087340   0.00000000    -0.00087340  -0.00000000
  0.00002841   0.00000000    -0.00609843  -0.00000000    -0.00092397  -0.00000000
 -0.00002841  -0.00000000    -0.00092397  -0.00000000    -0.00609843  -0.00000000
    8    2
  0.00016442   0.00000000    -0.00139739  -0.00000000     0.00139739   0.00000000
 -0.00313254  -0.00000000    -0.00133260  -0.00000000    -0.00121797  -0.00000000
  0.00313254   0.00000000    -0.00121797  -0.00000000    -0.00133260  -0.00000000
    8    3
  0.00064199   0.00000000     0.00308517   0.00000000    -0.00308517  -0.00000000
  0.00481523   0.00000000    -0.00311317  -0.00000000     0.00210734   0.00000000
 -0.00481523  -0.00000000     0.00210734   0.00000000    -0.00311317  -0.00000000
    8    4
 -0.00005611  -0.00000000     0.00000356   0.00000000    -0.00097897  -0.00000000
 -0.00160876  -0.00000000     0.00243548   0.00000000    -0.00000356  -0.00000000
  0.00200166   0.00000000     0.00160876   0.00000000    -0.00005611  -0.00000000
    8    5
 -0.00051947   0.00000000    -0.00013578   0.00000000     0.00042251   0.00000000
 -0.00181443   0.00000000     0.00596411   0.00000000     0.00013578   0.00000000
  0.00227558   0.00000000     0.00181443   0.00000000    -0.00051947   0.00000000
    8    6
 -0.00155822   0.00000000    -0.00022246   0.00000000     0.00022246  -0.00000000
  0.00039560  -0.00000000    -0.00013157   0.00000000     0.00079365  -0.00000000
 -0.00039560   0.00000000     0.00079365  -0.00000000    -0.00013157   0.00000000
    8    7
 -0.00186177  -0.00000000    -0.00075564  -0.00000000     0.00075564  -0.00000000
  0.00063439   0.00000000     0.00142450  -0.00000000    -0.00195286  -0.00000000
 -0.00063439  -0.00000000    -0.00195286   0.00000000     0.00142450  -0.00000000
    8    8
  0.00368471   0.00000000    -0.00049367   0.00000000     0.00049367   0.00000000
 -0.00049367   0.00000000     0.00986189   0.00000000    -0.00125891   0.00000000
  0.00049367   0.00000000    -0.00125891   0.00000000     0.00986189   0.00000000
    8    9
  0.00046762  -0.00000000     0.00060450  -0.00000000    -0.00060450   0.00000000
  0.00060450  -0.00000000     0.00059414  -0.00000000     0.00289708  -0.00000000
 -0.00060450   0.00000000     0.00289708  -0.00000000     0.00059414  -0.00000000
    8   10
 -0.00005611   0.00000000     0.00097897  -0.00000000    -0.00000356   0.00000000
 -0.00200166   0.00000000    -0.00005611   0.00000000     0.00160876  -0.00000000
  0.00160876  -0.00000000    -0.00000356  -0.00000000     0.00243548  -0.00000000
    8   11
 -0.00051947  -0.00000000    -0.00042251  -0.00000000     0.00013578   0.00000000
 -0.00227558  -0.00000000    -0.00051947  -0.00000000     0.00181443   0.00000000
  0.00181443   0.00000000     0.00013578   0.00000000     0.00596411   0.00000000
    9    1
  0.00341715   0.00000000     0.00087340   0.00000000    -0.00087340  -0.00000000
  0.00002841   0.00000000    -0.00609843  -0.00000000    -0.00092397  -0.00000000
 -0.00002841  -0.00000000    -0.00092397  -0.00000000    -0.00609843  -0.00000000
    9    2
  0.00064199   0.00000000     0.00308517   0.00000000    -0.00308517  -0.00000000
  0.00481523   0.00000000    -0.00311317  -0.00000000     0.00210734   0.00000000
 -0.00481523  -0.00000000     0.00210734   0.00000000    -0.00311317  -0.00000000
    9    3
  0.00016442   0.00000000    -0.00139739  -0.00000000     0.00139739   0.00000000
 -0.00313254  -0.00000000    -0.00133260  -0.00000000    -0.00121797  -0.00000000
  0.00313254   0.00000000    -0.00121797  -0.00000000    -0.00133260  -0.00000000
    9    4
 -0.00051947  -0.00000000    -0.00013578  -0.00000000     0.00042251   0.00000000
 -0.00181443  -0.00000000     0.00596411   0.00000000     0.00013578   0.00000000
  0.00227558   0.00000000     0.00181443   0.00000000    -0.00051947  -0.00000000
    9    5
 -0.00005611  -0.00000000     0.00000356   0.00000000    -0.00097897  -0.00000000
 -0.00160876  -0.00000000     0.00243548   0.00000000    -0.00000356   0.00000000
  0.00200166   0.00000000     0.00160876   0.00000000    -0.00005611  -0.00000000
    9    6
 -0.00186177  -0.00000000    -0.00075564  -0.00000000     0.00075564   0.00000000
  0.00063439   0.00000000     0.00142450   0.00000000    -0.00195286  -0.00000000
 -0.00063439  -0.00000000    -0.00195286  -0.00000000     0.00142450   0.00000000
    9    7
 -0.00155822  -0.00000000    -0.00022246  -0.00000000     0.00022246   0.00000000
  0.00039560   0.00000000    -0.00013157  -0.00000000     0.00079365   0.00000000
 -0.00039560  -0.00000000     0.00079365   0.00000000    -0.00013157  -0.00000000
    9    8
  0.00046762   0.00000000     0.00060450   0.00000000    -0.00060450  -0.00000000
  0.00060450   0.00000000     0.00059414   0.00000000     0.00289708   0.00000000
 -0.00060450  -0.00000000     0.00289708   0.00000000     0.00059414   0.00000000
    9    9
  0.00368471   0.00000000    -0.00049367   0.00000000     0.00049367   0.00000000
 -0.00049367   0.00000000     0.00986189   0.00000000    -0.00125891   0.00000000
  0.00049367   0.00000000    -0.00125891   0.00000000     0.00986189   0.00000000
    9   10
 -0.00051947  -0.00000000    -0.00042251  -0.00000000     0.00013578   0.00000000
 -0.00227558  -0.00000000    -0.00051947  -0.00000000     0.00181443   0.00000000
  0.00181443   0.00000000     0.00013578   0.00000000     0.00596411   0.00000000
    9   11
 -0.00005611  -0.00000000     0.00097897   0.00000000    -0.00000356  -0.00000000
 -0.00200166  -0.00000000    -0.00005611  -0.00000000     0.00160876   0.00000000
  0.00160876   0.00000000    -0.00000356   0.00000000     0.00243548   0.00000000
   10    1
 -0.00609843  -0.00000000     0.00002841   0.00000000    -0.00092397  -0.00000000
  0.00087340   0.00000000     0.00341715   0.00000000    -0.00087340  -0.00000000
 -0.00092397  -0.00000000    -0.00002841  -0.00000000    -0.00609843  -0.00000000
   10    2
 -0.00133260  -0.00000000    -0.00313254  -0.00000000    -0.00121797  -0.00000000
 -0.00139739  -0.00000000     0.00016442   0.00000000     0.00139739   0.00000000
 -0.00121797  -0.00000000     0.00313254   0.00000000    -0.00133260  -0.00000000
   10    3
 -0.00311317  -0.00000000     0.00481523   0.00000000     0.00210734   0.00000000
  0.00308517   0.00000000     0.00064199   0.00000000    -0.00308517  -0.00000000
  0.00210734   0.00000000    -0.00481523  -0.00000000    -0.00311317  -0.00000000
   10    4
  0.00243548   0.00000000    -0.00160876  -0.00000000    -0.00000356   0.00000000
  0.00000356   0.00000000    -0.00005611  -0.00000000    -0.00097897  -0.00000000
  0.00160876   0.00000000     0.00200166   0.00000000    -0.00005611  -0.00000000
   10    5
  0.00596411   0.00000000    -0.00181443  -0.00000000     0.00013578   0.00000000
 -0.00013578  -0.00000000    -0.00051947  -0.00000000     0.00042251   0.00000000
  0.00181443   0.00000000     0.00227558   0.00000000    -0.00051947  -0.00000000
   10    6
 -0.00013157   0.00000000     0.00039560  -0.00000000     0.00079365  -0.00000000
 -0.00022246   0.00000000    -0.00155822  -0.00000000     0.00022246   0.00000000
  0.00079365  -0.00000000    -0.00039560   0.00000000    -0.00013157  -0.00000000
   10    7
  0.00142450   0.00000000     0.00063439   0.00000000    -0.00195286  -0.00000000
 -0.00075564  -0.00000000    -0.00186177  -0.00000000     0.00075564   0.00000000
 -0.00195286  -0.00000000    -0.00063439  -0.00000000     0.00142450   0.00000000
   10    8
 -0.00005611  -0.00000000    -0.00200166  -0.00000000     0.00160876   0.00000000
  0.00097897   0.00000000    -0.00005611  -0.00000000    -0.00000356   0.00000000
 -0.00000356  -0.00000000     0.00160876   0.00000000     0.00243548   0.00000000
   10    9
 -0.00051947   0.00000000    -0.00227558   0.00000000     0.00181443  -0.00000000
 -0.00042251   0.00000000    -0.00051947   0.00000000     0.00013578  -0.00000000
  0.00013578  -0.00000000     0.00181443  -0.00000000     0.00596411  -0.00000000
   10   10
  0.00986189   0.00000000    -0.00049367   0.00000000    -0.00125891   0.00000000
 -0.00049367   0.00000000     0.00368471   0.00000000     0.00049367   0.00000000
 -0.00125891   0.00000000     0.00049367   0.00000000     0.00986189   0.00000000
   10   11
  0.00059414   0.00000000     0.00060450   0.00000000     0.00289708   0.00000000
  0.00060450   0.00000000     0.00046762   0.00000000    -0.00060450  -0.00000000
  0.00289708   0.00000000    -0.00060450  -0.00000000     0.00059414   0.00000000
   11    1
 -0.00609843  -0.00000000     0.00002841   0.00000000    -0.00092397  -0.00000000
  0.00087340   0.00000000     0.00341715   0.00000000    -0.00087340  -0.00000000
 -0.00092397  -0.00000000    -0.00002841  -0.00000000    -0.00609843  -0.00000000
   11    2
 -0.00311317  -0.00000000     0.00481523   0.00000000     0.00210734   0.00000000
  0.00308517   0.00000000     0.00064199   0.00000000    -0.00308517  -0.00000000
  0.00210734   0.00000000    -0.00481523  -0.00000000    -0.00311317  -0.00000000
   11    3
 -0.00133260  -0.00000000    -0.00313254  -0.00000000    -0.00121797  -0.00000000
 -0.00139739  -0.00000000     0.00016442   0.00000000     0.00139739   0.00000000
 -0.00121797  -0.00000000     0.00313254   0.00000000    -0.00133260  -0.00000000
   11    4
  0.00596411   0.00000000    -0.00181443  -0.00000000     0.00013578   0.00000000
 -0.00013578  -0.00000000    -0.00051947  -0.00000000     0.00042251   0.00000000
  0.00181443   0.00000000     0.00227558   0.00000000    -0.00051947  -0.00000000
   11    5
  0.00243548   0.00000000    -0.00160876  -0.00000000    -0.00000356   0.00000000
  0.00000356   0.00000000    -0.00005611  -0.00000000    -0.00097897  -0.00000000
  0.00160876   0.00000000     0.00200166   0.00000000    -0.00005611  -0.00000000
   11    6
  0.00142450  -0.00000000     0.00063439  -0.00000000    -0.00195286   0.00000000
 -0.00075564   0.00000000    -0.00186177   0.00000000     0.00075564  -0.00000000
 -0.00195286   0.00000000    -0.00063439   0.00000000     0.00142450  -0.00000000
   11    7
 -0.00013157   0.00000000     0.00039560  -0.00000000     0.00079365  -0.00000000
 -0.00022246   0.00000000    -0.00155822   0.00000000     0.00022246  -0.00000000
  0.00079365  -0.00000000    -0.00039560   0.00000000    -0.00013157   0.00000000
   11    8
 -0.00051947   0.00000000    -0.00227558   0.00000000     0.00181443  -0.00000000
 -0.00042251   0.00000000    -0.00051947   0.00000000     0.00013578  -0.00000000
  0.00013578  -0.00000000     0.00181443  -0.00000000     0.00596411  -0.00000000
   11    9
 -0.00005611   0.00000000    -0.00200166   0.00000000     0.00160876  -0.00000000
  0.00097897  -0.00000000    -0.00005611   0.00000000    -0.00000356  -0.00000000
 -0.00000356   0.00000000     0.00160876  -0.00000000     0.00243548  -0.00000000
   11   10
  0.00059414  -0.00000000     0.00060450  -0.00000000     0.00289708  -0.00000000
  0.00060450  -0.00000000     0.00046762  -0.00000000    -0.00060450   0.00000000
  0.00289708  -0.00000000    -0.00060450   0.00000000     0.00059414  -0.00000000
   11   11
  0.00986189   0.00000000    -0.00049367   0.00000000    -0.00125891   0.00000000
 -0.00049367   0.00000000     0.00368471   0.00000000     0.00049367   0.00000000
 -0.00125891   0.00000000     0.00049367   0.00000000     0.00986189   0.00000000

     Dynamical  Matrix in cartesian axes

     q = (   -0.353553391   0.353553391   0.353553391 ) 

    1    1
  0.02476908   0.00000000    -0.00455929   0.00000000    -0.00455929   0.00000000
 -0.00455929   0.00000000     0.02476908   0.00000000     0.00455929   0.00000000
 -0.00455929   0.00000000     0.00455929   0.00000000     0.02476908   0.00000000
    1    2
  0.00346028   0.00000000    -0.00301452   0.00000000    -0.00301452   0.00000000
 -0.00301452   0.00000000     0.00346028   0.00000000     0.00301452   0.00000000
 -0.00301452   0.00000000     0.00301452   0.00000000     0.00346028   0.00000000
    1    3
  0.00346028   0.00000000    -0.00301452   0.00000000    -0.00301452   0.00000000
 -0.00301452   0.00000000     0.00346028   0.00000000     0.00301452   0.00000000
 -0.00301452   0.00000000     0.00301452   0.00000000     0.00346028   0.00000000
    1    4
  0.00341715   0.00000000    -0.00002841  -0.00000000    -0.00002841  -0.00000000
 -0.00087340  -0.00000000    -0.00609843  -0.00000000     0.00092397   0.00000000
 -0.00087340  -0.00000000     0.00092397   0.00000000    -0.00609843  -0.00000000
    1    5
  0.00341715   0.00000000    -0.00002841  -0.00000000    -0.00002841  -0.00000000
 -0.00087340  -0.00000000    -0.00609843  -0.00000000     0.00092397   0.00000000
 -0.00087340  -0.00000000     0.00092397   0.00000000    -0.00609843  -0.00000000
    1    6
 -0.00609843  -0.00000000    -0.00087340  -0.00000000    -0.00092397  -0.00000000
 -0.00002841  -0.00000000     0.00341715   0.00000000     0.00002841   0.00000000
 -0.00092397  -0.00000000     0.00087340   0.00000000    -0.00609843  -0.00000000
    1    7
 -0.00609843  -0.00000000    -0.00087340  -0.00000000    -0.00092397  -0.00000000
 -0.00002841  -0.00000000     0.00341715   0.00000000     0.00002841   0.00000000
 -0.00092397  -0.00000000     0.00087340   0.00000000    -0.00609843  -0.00000000
    1    8
 -0.00609843  -0.00000000    -0.00092397  -0.00000000    -0.00087340  -0.00000000
 -0.00092397  -0.00000000    -0.00609843  -0.00000000     0.00087340   0.00000000
 -0.00002841  -0.00000000     0.00002841   0.00000000     0.00341715   0.00000000
    1    9
 -0.00609843  -0.00000000    -0.00092397  -0.00000000    -0.00087340  -0.00000000
 -0.00092397  -0.00000000    -0.00609843  -0.00000000     0.00087340   0.00000000
 -0.00002841  -0.00000000     0.00002841   0.00000000     0.00341715   0.00000000
    1   10
 -0.00603938  -0.00000000     0.00251185   0.00000000     0.00251185   0.00000000
  0.00251185   0.00000000    -0.00603938  -0.00000000    -0.00251185  -0.00000000
  0.00251185   0.00000000    -0.00251185  -0.00000000    -0.00603938  -0.00000000
    1   11
 -0.00603938  -0.00000000     0.00251185   0.00000000     0.00251185   0.00000000
  0.00251185   0.00000000    -0.00603938  -0.00000000    -0.00251185  -0.00000000
  0.00251185   0.00000000    -0.00251185  -0.00000000    -0.00603938  -0.00000000
    2    1
  0.00346028   0.00000000    -0.00301452   0.00000000    -0.00301452   0.00000000
 -0.00301452   0.00000000     0.00346028   0.00000000     0.00301452   0.00000000
 -0.00301452   0.00000000     0.00301452   0.00000000     0.00346028   0.00000000
    2    2
  0.01399895   0.00000000    -0.00164156   0.00000000    -0.00164156   0.00000000
 -0.00164156   0.00000000     0.01399895   0.00000000     0.00164156   0.00000000
 -0.00164156   0.00000000     0.00164156   0.00000000     0.01399895   0.00000000
    2    3
 -0.00651445   0.00000000     0.00049196   0.00000000     0.00049196   0.00000000
  0.00049196   0.00000000    -0.00651445   0.00000000    -0.00049196   0.00000000
  0.00049196   0.00000000    -0.00049196   0.00000000    -0.00651445   0.00000000
    2    4
  0.00016442   0.00000000     0.00313254   0.00000000     0.00313254   0.00000000
  0.00139739   0.00000000    -0.00133260  -0.00000000     0.00121797   0.00000000
  0.00139739   0.00000000     0.00121797   0.00000000    -0.00133260  -0.00000000
    2    5
  0.00064199   0.00000000    -0.00481523  -0.00000000    -0.00481523  -0.00000000
 -0.00308517  -0.00000000    -0.00311317  -0.00000000    -0.00210734  -0.00000000
 -0.00308517  -0.00000000    -0.00210734  -0.00000000    -0.00311317  -0.00000000
    2    6
 -0.00133260  -0.00000000     0.00139739   0.00000000    -0.00121797  -0.00000000
  0.00313254   0.00000000     0.00016442   0.00000000    -0.00313254  -0.00000000
 -0.00121797  -0.00000000    -0.00139739  -0.00000000    -0.00133260  -0.00000000
    2    7
 -0.00311317  -0.00000000    -0.00308517  -0.00000000     0.00210734   0.00000000
 -0.00481523  -0.00000000     0.00064199   0.00000000     0.00481523   0.00000000
  0.00210734   0.00000000     0.00308517   0.00000000    -0.00311317  -0.00000000
    2    8
 -0.00133260  -0.00000000    -0.00121797  -0.00000000     0.00139739   0.00000000
 -0.00121797  -0.00000000    -0.00133260  -0.00000000    -0.00139739  -0.00000000
  0.00313254   0.00000000    -0.00313254  -0.00000000     0.00016442   0.00000000
    2    9
 -0.00311317  -0.00000000     0.00210734   0.00000000    -0.00308517  -0.00000000
  0.00210734   0.00000000    -0.00311317  -0.00000000     0.00308517   0.00000000
 -0.00481523  -0.00000000     0.00481523   0.00000000     0.00064199   0.00000000
    2   10
 -0.00044440  -0.00000000    -0.00021181  -0.00000000    -0.00021181  -0.00000000
 -0.00021181  -0.00000000    -0.00044440  -0.00000000     0.00021181   0.00000000
 -0.00021181  -0.00000000     0.00021181   0.00000000    -0.00044440  -0.00000000
    2   11
 -0.00168271  -0.00000000     0.00286291   0.00000000     0.00286291   0.00000000
  0.00286291   0.00000000    -0.00168271  -0.00000000    -0.00286291  -0.00000000
  0.00286291   0.00000000    -0.00286291  -0.00000000    -0.00168271  -0.00000000
    3    1
  0.00346028   0.00000000    -0.00301452   0.00000000    -0.00301452   0.00000000
 -0.00301452   0.00000000     0.00346028   0.00000000     0.00301452   0.00000000
 -0.00301452   0.00000000     0.00301452   0.00000000     0.00346028   0.00000000
    3    2
 -0.00651445   0.00000000     0.00049196   0.00000000     0.00049196   0.00000000
  0.00049196   0.00000000    -0.00651445   0.00000000    -0.00049196   0.00000000
  0.00049196   0.00000000    -0.00049196   0.00000000    -0.00651445   0.00000000
    3    3
  0.01399895   0.00000000    -0.00164156   0.00000000    -0.00164156   0.00000000
 -0.00164156   0.00000000     0.01399895   0.00000000     0.00164156   0.00000000
 -0.00164156   0.00000000     0.00164156   0.00000000     0.01399895   0.00000000
    3    4
  0.00064199   0.00000000    -0.00481523  -0.00000000    -0.00481523  -0.00000000
 -0.00308517  -0.00000000    -0.00311317  -0.00000000    -0.00210734  -0.00000000
 -0.00308517  -0.00000000    -0.00210734  -0.00000000    -0.00311317  -0.00000000
    3    5
  0.00016442   0.00000000     0.00313254   0.00000000     0.00313254   0.00000000
  0.00139739   0.00000000    -0.00133260  -0.00000000     0.00121797   0.00000000
  0.00139739   0.00000000     0.00121797   0.00000000    -0.00133260  -0.00000000
    3    6
 -0.00311317  -0.00000000    -0.00308517  -0.00000000     0.00210734   0.00000000
 -0.00481523  -0.00000000     0.00064199   0.00000000     0.00481523   0.00000000
  0.00210734   0.00000000     0.00308517   0.00000000    -0.00311317  -0.00000000
    3    7
 -0.00133260  -0.00000000     0.00139739   0.00000000    -0.00121797  -0.00000000
  0.00313254   0.00000000     0.00016442   0.00000000    -0.00313254  -0.00000000
 -0.00121797  -0.00000000    -0.00139739  -0.00000000    -0.00133260  -0.00000000
    3    8
 -0.00311317  -0.00000000     0.00210734   0.00000000    -0.00308517  -0.00000000
  0.00210734   0.00000000    -0.00311317  -0.00000000     0.00308517   0.00000000
 -0.00481523  -0.00000000     0.00481523   0.00000000     0.00064199   0.00000000
    3    9
 -0.00133260  -0.00000000    -0.00121797  -0.00000000     0.00139739   0.00000000
 -0.00121797  -0.00000000    -0.00133260  -0.00000000    -0.00139739  -0.00000000
  0.00313254   0.00000000    -0.00313254  -0.00000000     0.00016442   0.00000000
    3   10
 -0.00168271  -0.00000000     0.00286291   0.00000000     0.00286291   0.00000000
  0.00286291   0.00000000    -0.00168271  -0.00000000    -0.00286291  -0.00000000
  0.00286291   0.00000000    -0.00286291  -0.00000000    -0.00168271  -0.00000000
    3   11
 -0.00044440  -0.00000000    -0.00021181  -0.00000000    -0.00021181  -0.00000000
 -0.00021181  -0.00000000    -0.00044440  -0.00000000     0.00021181   0.00000000
 -0.00021181  -0.00000000     0.00021181   0.00000000    -0.00044440  -0.00000000
    4    1
  0.00341715  -0.00000000    -0.00087340   0.00000000    -0.00087340   0.00000000
