  3.000000000000000E-002   1.62628693009849        4.75506765457283     
           8

     Dynamical  Matrix in cartesian axes

     q = (    0.117851130   0.117851130  -0.117851130 ) 

    1    1
  0.19274711   0.00000000     0.05606466   0.00000000    -0.05606466   0.00000000
  0.05606466   0.00000000     0.19274711   0.00000000    -0.05606466   0.00000000
 -0.05606466   0.00000000    -0.05606466   0.00000000     0.19274711   0.00000000
    1    2
  0.00477996  -0.01110783     0.01654681  -0.01249308    -0.01654681   0.01249308
  0.01654681  -0.01249308     0.00477996  -0.01110783    -0.01654681   0.01249308
 -0.01654681   0.01249308    -0.01654681   0.01249308     0.00477996  -0.01110783
    1    3
  0.00477996   0.01110783     0.01654681   0.01249308    -0.01654681  -0.01249308
  0.01654681   0.01249308     0.00477996   0.01110783    -0.01654681  -0.01249308
 -0.01654681  -0.01249308    -0.01654681  -0.01249308     0.00477996   0.01110783
    1    4
 -0.02045922  -0.01192780     0.00724821  -0.00595160     0.01228179  -0.00588516
  0.00724821  -0.00595160    -0.02045922  -0.01192780     0.01228179  -0.00588516
  0.01262005  -0.00158141     0.01262005  -0.00158141    -0.01030161   0.02499895
    1    5
 -0.02045922   0.01192780     0.00724821   0.00595160     0.01228179   0.00588516
  0.00724821   0.00595160    -0.02045922   0.01192780     0.01228179   0.00588516
  0.01262005   0.00158141     0.01262005   0.00158141    -0.01030161  -0.02499895
    1    6
 -0.02262360   0.00789021    -0.00054780  -0.00830733     0.00054780   0.00830733
 -0.00054780  -0.00830733    -0.02262360   0.00789021     0.00054780   0.00830733
  0.00054780   0.00830733     0.00054780   0.00830733    -0.02262360   0.00789021
    1    7
 -0.02262360  -0.00789021    -0.00054780   0.00830733     0.00054780  -0.00830733
 -0.00054780   0.00830733    -0.02262360  -0.00789021     0.00054780  -0.00830733
  0.00054780  -0.00830733     0.00054780  -0.00830733    -0.02262360  -0.00789021
    1    8
 -0.01030161   0.02499895    -0.01262005   0.00158141     0.01262005  -0.00158141
 -0.01228179   0.00588516    -0.02045922  -0.01192780    -0.00724821   0.00595160
  0.01228179  -0.00588516    -0.00724821   0.00595160    -0.02045922  -0.01192780
    1    9
 -0.01030161  -0.02499895    -0.01262005  -0.00158141     0.01262005   0.00158141
 -0.01228179  -0.00588516    -0.02045922   0.01192780    -0.00724821  -0.00595160
  0.01228179   0.00588516    -0.00724821  -0.00595160    -0.02045922   0.01192780
    1   10
 -0.02045922  -0.01192780    -0.01228179   0.00588516    -0.00724821   0.00595160
 -0.01262005   0.00158141    -0.01030161   0.02499895     0.01262005  -0.00158141
 -0.00724821   0.00595160     0.01228179  -0.00588516    -0.02045922  -0.01192780
    1   11
 -0.02045922   0.01192780    -0.01228179  -0.00588516    -0.00724821  -0.00595160
 -0.01262005  -0.00158141    -0.01030161  -0.02499895     0.01262005   0.00158141
 -0.00724821  -0.00595160     0.01228179   0.00588516    -0.02045922   0.01192780
    2    1
  0.00477996   0.01110783     0.01654681   0.01249308    -0.01654681  -0.01249308
  0.01654681   0.01249308     0.00477996   0.01110783    -0.01654681  -0.01249308
 -0.01654681  -0.01249308    -0.01654681  -0.01249308     0.00477996   0.01110783
    2    2
  0.03925031  -0.00000000     0.01295429   0.00000000    -0.01295429  -0.00000000
  0.01295429   0.00000000     0.03925031  -0.00000000    -0.01295429  -0.00000000
 -0.01295429  -0.00000000    -0.01295429  -0.00000000     0.03925031  -0.00000000
    2    3
 -0.01606960   0.00821826    -0.00412508   0.00214712     0.00412508  -0.00214712
 -0.00412508   0.00214712    -0.01606960   0.00821826     0.00412508  -0.00214712
  0.00412508  -0.00214712     0.00412508  -0.00214712    -0.01606960   0.00821826
    2    4
 -0.00102939   0.00133846     0.00373623  -0.00031422     0.00390012   0.00356783
  0.00373623  -0.00031422    -0.00102939   0.00133846     0.00390012   0.00356783
 -0.00158476  -0.00266776    -0.00158476  -0.00266776     0.00065107  -0.00296808
    2    5
 -0.00210059   0.00402150    -0.00889880   0.00087591    -0.00582555   0.00519939
 -0.00889880   0.00087591    -0.00210059   0.00402150    -0.00582555   0.00519939
 -0.00415061  -0.00370800    -0.00415061  -0.00370800    -0.00403509  -0.00114459
    2    6
  0.00562539  -0.00103493     0.00756386  -0.00158245    -0.00756386   0.00158245
  0.00756386  -0.00158245     0.00562539  -0.00103493    -0.00756386   0.00158245
 -0.00756386   0.00158245    -0.00756386   0.00158245     0.00562539  -0.00103493
    2    7
 -0.01257613   0.00157685    -0.01656857   0.00262889     0.01656857  -0.00262889
 -0.01656857   0.00262889    -0.01257613   0.00157685     0.01656857  -0.00262889
  0.01656857  -0.00262889     0.01656857  -0.00262889    -0.01257613   0.00157685
    2    8
  0.00065107  -0.00296808     0.00158476   0.00266776    -0.00158476  -0.00266776
 -0.00390012  -0.00356783    -0.00102939   0.00133846    -0.00373623   0.00031422
  0.00390012   0.00356783    -0.00373623   0.00031422    -0.00102939   0.00133846
    2    9
 -0.00403509  -0.00114459     0.00415061   0.00370800    -0.00415061  -0.00370800
  0.00582555  -0.00519939    -0.00210059   0.00402150     0.00889880  -0.00087591
 -0.00582555   0.00519939     0.00889880  -0.00087591    -0.00210059   0.00402150
    2   10
 -0.00102939   0.00133846    -0.00390012  -0.00356783    -0.00373623   0.00031422
  0.00158476   0.00266776     0.00065107  -0.00296808    -0.00158476  -0.00266776
 -0.00373623   0.00031422     0.00390012   0.00356783    -0.00102939   0.00133846
    2   11
 -0.00210059   0.00402150     0.00582555  -0.00519939     0.00889880  -0.00087591
  0.00415061   0.00370800    -0.00403509  -0.00114459    -0.00415061  -0.00370800
  0.00889880  -0.00087591    -0.00582555   0.00519939    -0.00210059   0.00402150
    3    1
  0.00477996  -0.01110783     0.01654681  -0.01249308    -0.01654681   0.01249308
  0.01654681  -0.01249308     0.00477996  -0.01110783    -0.01654681   0.01249308
 -0.01654681   0.01249308    -0.01654681   0.01249308     0.00477996  -0.01110783
    3    2
 -0.01606960  -0.00821826    -0.00412508  -0.00214712     0.00412508   0.00214712
 -0.00412508  -0.00214712    -0.01606960  -0.00821826     0.00412508   0.00214712
  0.00412508   0.00214712     0.00412508   0.00214712    -0.01606960  -0.00821826
    3    3
  0.03925031   0.00000000     0.01295429  -0.00000000    -0.01295429   0.00000000
  0.01295429  -0.00000000     0.03925031   0.00000000    -0.01295429   0.00000000
 -0.01295429   0.00000000    -0.01295429   0.00000000     0.03925031   0.00000000
    3    4
 -0.00210059  -0.00402150    -0.00889880  -0.00087591    -0.00582555  -0.00519939
 -0.00889880  -0.00087591    -0.00210059  -0.00402150    -0.00582555  -0.00519939
 -0.00415061   0.00370800    -0.00415061   0.00370800    -0.00403509   0.00114459
    3    5
 -0.00102939  -0.00133846     0.00373623   0.00031422     0.00390012  -0.00356783
  0.00373623   0.00031422    -0.00102939  -0.00133846     0.00390012  -0.00356783
 -0.00158476   0.00266776    -0.00158476   0.00266776     0.00065107   0.00296808
    3    6
 -0.01257613  -0.00157685    -0.01656857  -0.00262889     0.01656857   0.00262889
 -0.01656857  -0.00262889    -0.01257613  -0.00157685     0.01656857   0.00262889
  0.01656857   0.00262889     0.01656857   0.00262889    -0.01257613  -0.00157685
    3    7
  0.00562539   0.00103493     0.00756386   0.00158245    -0.00756386  -0.00158245
  0.00756386   0.00158245     0.00562539   0.00103493    -0.00756386  -0.00158245
 -0.00756386  -0.00158245    -0.00756386  -0.00158245     0.00562539   0.00103493
    3    8
 -0.00403509   0.00114459     0.00415061  -0.00370800    -0.00415061   0.00370800
  0.00582555   0.00519939    -0.00210059  -0.00402150     0.00889880   0.00087591
 -0.00582555  -0.00519939     0.00889880   0.00087591    -0.00210059  -0.00402150
    3    9
  0.00065107   0.00296808     0.00158476  -0.00266776    -0.00158476   0.00266776
 -0.00390012   0.00356783    -0.00102939  -0.00133846    -0.00373623  -0.00031422
  0.00390012  -0.00356783    -0.00373623  -0.00031422    -0.00102939  -0.00133846
    3   10
 -0.00210059  -0.00402150     0.00582555   0.00519939     0.00889880   0.00087591
  0.00415061  -0.00370800    -0.00403509   0.00114459    -0.00415061   0.00370800
  0.00889880   0.00087591    -0.00582555  -0.00519939    -0.00210059  -0.00402150
    3   11
 -0.00102939  -0.00133846    -0.00390012   0.00356783    -0.00373623  -0.00031422
  0.00158476  -0.00266776     0.00065107   0.00296808    -0.00158476   0.00266776
 -0.00373623  -0.00031422     0.00390012  -0.00356783    -0.00102939  -0.00133846
    4    1
 -0.02045922   0.01192780     0.00724821   0.00595160     0.01262005   0.00158141
  0.00724821   0.00595160    -0.02045922   0.01192780     0.01262005   0.00158141
  0.01228179   0.00588516     0.01228179   0.00588516    -0.01030161  -0.02499895
    4    2
 -0.00102939  -0.00133846     0.00373623   0.00031422    -0.00158476   0.00266776
  0.00373623   0.00031422    -0.00102939  -0.00133846    -0.00158476   0.00266776
  0.00390012  -0.00356783     0.00390012  -0.00356783     0.00065107   0.00296808
    4    3
 -0.00210059   0.00402150    -0.00889880   0.00087591    -0.00415061  -0.00370800
 -0.00889880   0.00087591    -0.00210059   0.00402150    -0.00415061  -0.00370800
 -0.00582555   0.00519939    -0.00582555   0.00519939    -0.00403509  -0.00114459
    4    4
  0.02956832   0.00000000     0.00278430  -0.00000000     0.00098831   0.00144491
  0.00278430   0.00000000     0.02956832  -0.00000000     0.00098831   0.00144491
  0.00098831  -0.00144491     0.00098831  -0.00144491     0.02456516  -0.00000000
    4    5
 -0.00128149  -0.00521092    -0.00207331  -0.00133742    -0.00250210  -0.00281824
 -0.00207331  -0.00133742    -0.00128149  -0.00521092    -0.00250210  -0.00281824
 -0.00250210  -0.00281824    -0.00250210  -0.00281824    -0.00393316   0.00136680
    4    6
 -0.00208614  -0.00813731    -0.00239842  -0.00204633     0.00094104   0.00182474
 -0.00239842  -0.00204633    -0.00208614  -0.00813731     0.00094104   0.00182474
 -0.00157631  -0.00360286    -0.00157631  -0.00360286     0.00316765   0.00573309
    4    7
  0.00853867   0.00490514     0.00197974   0.00205420     0.00070389  -0.00215150
  0.00197974   0.00205420     0.00853867   0.00490514     0.00070389  -0.00215150
 -0.00063093   0.00388917    -0.00063093   0.00388917    -0.01176859  -0.00106484
    4    8
 -0.00656035  -0.00348512     0.00308542   0.00062341    -0.00411165   0.00000000
 -0.00308621   0.00173743     0.00781303   0.00000000    -0.00308542   0.00062341
 -0.00145033   0.00000000     0.00308621   0.00173743    -0.00656035   0.00348512
    4    9
  0.00817810   0.00564692    -0.00287409   0.00256431     0.00334967  -0.00121436
 -0.00014404  -0.00059498    -0.00665952  -0.01391855     0.00287409  -0.00256431
 -0.00012727  -0.00067154     0.00014404   0.00059498     0.00817810   0.00564692
    4   10
  0.00781303   0.00000000    -0.00308621   0.00173743    -0.00308542   0.00062341
  0.00308542   0.00062341    -0.00656035  -0.00348512    -0.00411165  -0.00000000
  0.00308621   0.00173743    -0.00145033   0.00000000    -0.00656035   0.00348512
    4   11
 -0.00665952  -0.01391855    -0.00014404  -0.00059498     0.00287409  -0.00256431
 -0.00287409   0.00256431     0.00817810   0.00564692     0.00334967  -0.00121436
  0.00014404   0.00059498    -0.00012727  -0.00067154     0.00817810   0.00564692
    5    1
 -0.02045922  -0.01192780     0.00724821  -0.00595160     0.01262005  -0.00158141
  0.00724821  -0.00595160    -0.02045922  -0.01192780     0.01262005  -0.00158141
  0.01228179  -0.00588516     0.01228179  -0.00588516    -0.01030161   0.02499895
    5    2
 -0.00210059  -0.00402150    -0.00889880  -0.00087591    -0.00415061   0.00370800
 -0.00889880  -0.00087591    -0.00210059  -0.00402150    -0.00415061   0.00370800
 -0.00582555  -0.00519939    -0.00582555  -0.00519939    -0.00403509   0.00114459
    5    3
 -0.00102939   0.00133846     0.00373623  -0.00031422    -0.00158476  -0.00266776
  0.00373623  -0.00031422    -0.00102939   0.00133846    -0.00158476  -0.00266776
  0.00390012   0.00356783     0.00390012   0.00356783     0.00065107  -0.00296808
    5    4
 -0.00128149   0.00521092    -0.00207331   0.00133742    -0.00250210   0.00281824
 -0.00207331   0.00133742    -0.00128149   0.00521092    -0.00250210   0.00281824
 -0.00250210   0.00281824    -0.00250210   0.00281824    -0.00393316  -0.00136680
    5    5
  0.02956832  -0.00000000     0.00278430   0.00000000     0.00098831  -0.00144491
  0.00278430  -0.00000000     0.02956832   0.00000000     0.00098831  -0.00144491
  0.00098831   0.00144491     0.00098831   0.00144491     0.02456516   0.00000000
    5    6
  0.00853867  -0.00490514     0.00197974  -0.00205420     0.00070389   0.00215150
  0.00197974  -0.00205420     0.00853867  -0.00490514     0.00070389   0.00215150
 -0.00063093  -0.00388917    -0.00063093  -0.00388917    -0.01176859   0.00106484
    5    7
 -0.00208614   0.00813731    -0.00239842   0.00204633     0.00094104  -0.00182474
 -0.00239842   0.00204633    -0.00208614   0.00813731     0.00094104  -0.00182474
 -0.00157631   0.00360286    -0.00157631   0.00360286     0.00316765  -0.00573309
    5    8
  0.00817810  -0.00564692    -0.00287409  -0.00256431     0.00334967   0.00121436
 -0.00014404   0.00059498    -0.00665952   0.01391855     0.00287409   0.00256431
 -0.00012727   0.00067154     0.00014404  -0.00059498     0.00817810  -0.00564692
    5    9
 -0.00656035   0.00348512     0.00308542  -0.00062341    -0.00411165  -0.00000000
 -0.00308621  -0.00173743     0.00781303  -0.00000000    -0.00308542  -0.00062341
 -0.00145033  -0.00000000     0.00308621  -0.00173743    -0.00656035  -0.00348512
    5   10
 -0.00665952   0.01391855    -0.00014404   0.00059498     0.00287409   0.00256431
 -0.00287409  -0.00256431     0.00817810  -0.00564692     0.00334967   0.00121436
  0.00014404  -0.00059498    -0.00012727   0.00067154     0.00817810  -0.00564692
    5   11
  0.00781303  -0.00000000    -0.00308621  -0.00173743    -0.00308542  -0.00062341
  0.00308542  -0.00062341    -0.00656035   0.00348512    -0.00411165  -0.00000000
  0.00308621  -0.00173743    -0.00145033  -0.00000000    -0.00656035  -0.00348512
    6    1
 -0.02262360  -0.00789021    -0.00054780   0.00830733     0.00054780  -0.00830733
 -0.00054780   0.00830733    -0.02262360  -0.00789021     0.00054780  -0.00830733
  0.00054780  -0.00830733     0.00054780  -0.00830733    -0.02262360  -0.00789021
    6    2
  0.00562539   0.00103493     0.00756386   0.00158245    -0.00756386  -0.00158245
  0.00756386   0.00158245     0.00562539   0.00103493    -0.00756386  -0.00158245
 -0.00756386  -0.00158245    -0.00756386  -0.00158245     0.00562539   0.00103493
    6    3
 -0.01257613   0.00157685    -0.01656857   0.00262889     0.01656857  -0.00262889
 -0.01656857   0.00262889    -0.01257613   0.00157685     0.01656857  -0.00262889
  0.01656857  -0.00262889     0.01656857  -0.00262889    -0.01257613   0.00157685
    6    4
 -0.00208614   0.00813731    -0.00239842   0.00204633    -0.00157631   0.00360286
 -0.00239842   0.00204633    -0.00208614   0.00813731    -0.00157631   0.00360286
  0.00094104  -0.00182474     0.00094104  -0.00182474     0.00316765  -0.00573309
    6    5
  0.00853867   0.00490514     0.00197974   0.00205420    -0.00063093   0.00388917
  0.00197974   0.00205420     0.00853867   0.00490514    -0.00063093   0.00388917
  0.00070389  -0.00215150     0.00070389  -0.00215150    -0.01176859  -0.00106484
    6    6
  0.03477990  -0.00000000     0.00853220   0.00000000    -0.00853220  -0.00000000
  0.00853220   0.00000000     0.03477990  -0.00000000    -0.00853220  -0.00000000
 -0.00853220  -0.00000000    -0.00853220  -0.00000000     0.03477990  -0.00000000
    6    7
 -0.01367623   0.00322353    -0.00814708   0.00164611     0.00814708  -0.00164611
 -0.00814708   0.00164611    -0.01367623   0.00322353     0.00814708  -0.00164611
  0.00814708  -0.00164611     0.00814708  -0.00164611    -0.01367623   0.00322353
    6    8
  0.00316765  -0.00573309    -0.00094104   0.00182474     0.00094104  -0.00182474
  0.00157631  -0.00360286    -0.00208614   0.00813731     0.00239842  -0.00204633
 -0.00157631   0.00360286     0.00239842  -0.00204633    -0.00208614   0.00813731
    6    9
 -0.01176859  -0.00106484    -0.00070389   0.00215150     0.00070389  -0.00215150
  0.00063093  -0.00388917     0.00853867   0.00490514    -0.00197974  -0.00205420
 -0.00063093   0.00388917    -0.00197974  -0.00205420     0.00853867   0.00490514
    6   10
 -0.00208614   0.00813731     0.00157631  -0.00360286     0.00239842  -0.00204633
 -0.00094104   0.00182474     0.00316765  -0.00573309     0.00094104  -0.00182474
  0.00239842  -0.00204633    -0.00157631   0.00360286    -0.00208614   0.00813731
    6   11
  0.00853867   0.00490514     0.00063093  -0.00388917    -0.00197974  -0.00205420
 -0.00070389   0.00215150    -0.01176859  -0.00106484     0.00070389  -0.00215150
 -0.00197974  -0.00205420    -0.00063093   0.00388917     0.00853867   0.00490514
    7    1
 -0.02262360   0.00789021    -0.00054780  -0.00830733     0.00054780   0.00830733
 -0.00054780  -0.00830733    -0.02262360   0.00789021     0.00054780   0.00830733
  0.00054780   0.00830733     0.00054780   0.00830733    -0.02262360   0.00789021
    7    2
 -0.01257613  -0.00157685    -0.01656857  -0.00262889     0.01656857   0.00262889
 -0.01656857  -0.00262889    -0.01257613  -0.00157685     0.01656857   0.00262889
  0.01656857   0.00262889     0.01656857   0.00262889    -0.01257613  -0.00157685
    7    3
  0.00562539  -0.00103493     0.00756386  -0.00158245    -0.00756386   0.00158245
  0.00756386  -0.00158245     0.00562539  -0.00103493    -0.00756386   0.00158245
 -0.00756386   0.00158245    -0.00756386   0.00158245     0.00562539  -0.00103493
    7    4
  0.00853867  -0.00490514     0.00197974  -0.00205420    -0.00063093  -0.00388917
  0.00197974  -0.00205420     0.00853867  -0.00490514    -0.00063093  -0.00388917
  0.00070389   0.00215150     0.00070389   0.00215150    -0.01176859   0.00106484
    7    5
 -0.00208614  -0.00813731    -0.00239842  -0.00204633    -0.00157631  -0.00360286
 -0.00239842  -0.00204633    -0.00208614  -0.00813731    -0.00157631  -0.00360286
  0.00094104   0.00182474     0.00094104   0.00182474     0.00316765   0.00573309
    7    6
 -0.01367623  -0.00322353    -0.00814708  -0.00164611     0.00814708   0.00164611
 -0.00814708  -0.00164611    -0.01367623  -0.00322353     0.00814708   0.00164611
  0.00814708   0.00164611     0.00814708   0.00164611    -0.01367623  -0.00322353
    7    7
  0.03477990   0.00000000     0.00853220  -0.00000000    -0.00853220   0.00000000
  0.00853220  -0.00000000     0.03477990   0.00000000    -0.00853220   0.00000000
 -0.00853220   0.00000000    -0.00853220   0.00000000     0.03477990   0.00000000
    7    8
 -0.01176859   0.00106484    -0.00070389  -0.00215150     0.00070389   0.00215150
  0.00063093   0.00388917     0.00853867  -0.00490514    -0.00197974   0.00205420
 -0.00063093  -0.00388917    -0.00197974   0.00205420     0.00853867  -0.00490514
    7    9
  0.00316765   0.00573309    -0.00094104  -0.00182474     0.00094104   0.00182474
  0.00157631   0.00360286    -0.00208614  -0.00813731     0.00239842   0.00204633
 -0.00157631  -0.00360286     0.00239842   0.00204633    -0.00208614  -0.00813731
    7   10
  0.00853867  -0.00490514     0.00063093   0.00388917    -0.00197974   0.00205420
 -0.00070389  -0.00215150    -0.01176859   0.00106484     0.00070389   0.00215150
 -0.00197974   0.00205420    -0.00063093  -0.00388917     0.00853867  -0.00490514
    7   11
 -0.00208614  -0.00813731     0.00157631   0.00360286     0.00239842   0.00204633
 -0.00094104  -0.00182474     0.00316765   0.00573309     0.00094104   0.00182474
  0.00239842   0.00204633    -0.00157631  -0.00360286    -0.00208614  -0.00813731
    8    1
 -0.01030161  -0.02499895    -0.01228179  -0.00588516     0.01228179   0.00588516
 -0.01262005  -0.00158141    -0.02045922   0.01192780    -0.00724821  -0.00595160
  0.01262005   0.00158141    -0.00724821  -0.00595160    -0.02045922   0.01192780
    8    2
  0.00065107   0.00296808    -0.00390012   0.00356783     0.00390012  -0.00356783
  0.00158476  -0.00266776    -0.00102939  -0.00133846    -0.00373623  -0.00031422
 -0.00158476   0.00266776    -0.00373623  -0.00031422    -0.00102939  -0.00133846
    8    3
 -0.00403509  -0.00114459     0.00582555  -0.00519939    -0.00582555   0.00519939
  0.00415061   0.00370800    -0.00210059   0.00402150     0.00889880  -0.00087591
 -0.00415061  -0.00370800     0.00889880  -0.00087591    -0.00210059   0.00402150
    8    4
 -0.00656035   0.00348512    -0.00308621  -0.00173743    -0.00145033   0.00000000
  0.00308542  -0.00062341     0.00781303  -0.00000000     0.00308621  -0.00173743
 -0.00411165   0.00000000    -0.00308542  -0.00062341    -0.00656035  -0.00348512
    8    5
  0.00817810   0.00564692    -0.00014404  -0.00059498    -0.00012727  -0.00067154
 -0.00287409   0.00256431    -0.00665952  -0.01391855     0.00014404   0.00059498
  0.00334967  -0.00121436     0.00287409  -0.00256431     0.00817810   0.00564692
    8    6
  0.00316765   0.00573309     0.00157631   0.00360286    -0.00157631  -0.00360286
 -0.00094104  -0.00182474    -0.00208614  -0.00813731     0.00239842   0.00204633
  0.00094104   0.00182474     0.00239842   0.00204633    -0.00208614  -0.00813731
    8    7
 -0.01176859  -0.00106484     0.00063093  -0.00388917    -0.00063093   0.00388917
 -0.00070389   0.00215150     0.00853867   0.00490514    -0.00197974  -0.00205420
  0.00070389  -0.00215150    -0.00197974  -0.00205420     0.00853867   0.00490514
    8    8
  0.02456516  -0.00000000    -0.00098831   0.00144491     0.00098831  -0.00144491
 -0.00098831  -0.00144491     0.02956832   0.00000000    -0.00278430  -0.00000000
  0.00098831   0.00144491    -0.00278430   0.00000000     0.02956832   0.00000000
    8    9
 -0.00393316   0.00136680     0.00250210   0.00281824    -0.00250210  -0.00281824
  0.00250210   0.00281824    -0.00128149  -0.00521092     0.00207331   0.00133742
 -0.00250210  -0.00281824     0.00207331   0.00133742    -0.00128149  -0.00521092
    8   10
 -0.00656035   0.00348512     0.00145033   0.00000000     0.00308621   0.00173743
  0.00411165  -0.00000000    -0.00656035  -0.00348512    -0.00308542  -0.00062341
 -0.00308542   0.00062341     0.00308621  -0.00173743     0.00781303  -0.00000000
    8   11
  0.00817810   0.00564692     0.00012727   0.00067154     0.00014404   0.00059498
 -0.00334967   0.00121436     0.00817810   0.00564692     0.00287409  -0.00256431
  0.00287409  -0.00256431     0.00014404   0.00059498    -0.00665952  -0.01391855
    9    1
 -0.01030161   0.02499895    -0.01228179   0.00588516     0.01228179  -0.00588516
 -0.01262005   0.00158141    -0.02045922  -0.01192780    -0.00724821   0.00595160
  0.01262005  -0.00158141    -0.00724821   0.00595160    -0.02045922  -0.01192780
    9    2
 -0.00403509   0.00114459     0.00582555   0.00519939    -0.00582555  -0.00519939
  0.00415061  -0.00370800    -0.00210059  -0.00402150     0.00889880   0.00087591
 -0.00415061   0.00370800     0.00889880   0.00087591    -0.00210059  -0.00402150
    9    3
  0.00065107  -0.00296808    -0.00390012  -0.00356783     0.00390012   0.00356783
  0.00158476   0.00266776    -0.00102939   0.00133846    -0.00373623   0.00031422
 -0.00158476  -0.00266776    -0.00373623   0.00031422    -0.00102939   0.00133846
    9    4
  0.00817810  -0.00564692    -0.00014404   0.00059498    -0.00012727   0.00067154
 -0.00287409  -0.00256431    -0.00665952   0.01391855     0.00014404  -0.00059498
  0.00334967   0.00121436     0.00287409   0.00256431     0.00817810  -0.00564692
    9    5
 -0.00656035  -0.00348512    -0.00308621   0.00173743    -0.00145033   0.00000000
  0.00308542   0.00062341     0.00781303   0.00000000     0.00308621   0.00173743
 -0.00411165   0.00000000    -0.00308542   0.00062341    -0.00656035   0.00348512
    9    6
 -0.01176859   0.00106484     0.00063093   0.00388917    -0.00063093  -0.00388917
 -0.00070389  -0.00215150     0.00853867  -0.00490514    -0.00197974   0.00205420
  0.00070389   0.00215150    -0.00197974   0.00205420     0.00853867  -0.00490514
    9    7
  0.00316765  -0.00573309     0.00157631  -0.00360286    -0.00157631   0.00360286
 -0.00094104   0.00182474    -0.00208614   0.00813731     0.00239842  -0.00204633
  0.00094104  -0.00182474     0.00239842  -0.00204633    -0.00208614   0.00813731
    9    8
 -0.00393316  -0.00136680     0.00250210  -0.00281824    -0.00250210   0.00281824
  0.00250210  -0.00281824    -0.00128149   0.00521092     0.00207331  -0.00133742
 -0.00250210   0.00281824     0.00207331  -0.00133742    -0.00128149   0.00521092
    9    9
  0.02456516   0.00000000    -0.00098831  -0.00144491     0.00098831   0.00144491
 -0.00098831   0.00144491     0.02956832  -0.00000000    -0.00278430   0.00000000
  0.00098831  -0.00144491    -0.00278430  -0.00000000     0.02956832  -0.00000000
    9   10
  0.00817810  -0.00564692     0.00012727  -0.00067154     0.00014404  -0.00059498
 -0.00334967  -0.00121436     0.00817810  -0.00564692     0.00287409   0.00256431
  0.00287409   0.00256431     0.00014404  -0.00059498    -0.00665952   0.01391855
    9   11
 -0.00656035  -0.00348512     0.00145033   0.00000000     0.00308621  -0.00173743
  0.00411165  -0.00000000    -0.00656035   0.00348512    -0.00308542   0.00062341
 -0.00308542  -0.00062341     0.00308621   0.00173743     0.00781303  -0.00000000
   10    1
 -0.02045922   0.01192780    -0.01262005  -0.00158141    -0.00724821  -0.00595160
 -0.01228179  -0.00588516    -0.01030161  -0.02499895     0.01228179   0.00588516
 -0.00724821  -0.00595160     0.01262005   0.00158141    -0.02045922   0.01192780
   10    2
 -0.00102939  -0.00133846     0.00158476  -0.00266776    -0.00373623  -0.00031422
 -0.00390012   0.00356783     0.00065107   0.00296808     0.00390012  -0.00356783
 -0.00373623  -0.00031422    -0.00158476   0.00266776    -0.00102939  -0.00133846
   10    3
 -0.00210059   0.00402150     0.00415061   0.00370800     0.00889880  -0.00087591
  0.00582555  -0.00519939    -0.00403509  -0.00114459    -0.00582555   0.00519939
  0.00889880  -0.00087591    -0.00415061  -0.00370800    -0.00210059   0.00402150
   10    4
  0.00781303  -0.00000000     0.00308542  -0.00062341     0.00308621  -0.00173743
 -0.00308621  -0.00173743    -0.00656035   0.00348512    -0.00145033  -0.00000000
 -0.00308542  -0.00062341    -0.00411165   0.00000000    -0.00656035  -0.00348512
   10    5
 -0.00665952  -0.01391855    -0.00287409   0.00256431     0.00014404   0.00059498
 -0.00014404  -0.00059498     0.00817810   0.00564692    -0.00012727  -0.00067154
  0.00287409  -0.00256431     0.00334967  -0.00121436     0.00817810   0.00564692
   10    6
 -0.00208614  -0.00813731    -0.00094104  -0.00182474     0.00239842   0.00204633
  0.00157631   0.00360286     0.00316765   0.00573309    -0.00157631  -0.00360286
  0.00239842   0.00204633     0.00094104   0.00182474    -0.00208614  -0.00813731
   10    7
  0.00853867   0.00490514    -0.00070389   0.00215150    -0.00197974  -0.00205420
  0.00063093  -0.00388917    -0.01176859  -0.00106484    -0.00063093   0.00388917
 -0.00197974  -0.00205420     0.00070389  -0.00215150     0.00853867   0.00490514
   10    8
 -0.00656035  -0.00348512     0.00411165  -0.00000000    -0.00308542  -0.00062341
  0.00145033  -0.00000000    -0.00656035   0.00348512     0.00308621   0.00173743
  0.00308621  -0.00173743    -0.00308542   0.00062341     0.00781303   0.00000000
   10    9
  0.00817810   0.00564692    -0.00334967   0.00121436     0.00287409  -0.00256431
  0.00012727   0.00067154     0.00817810   0.00564692     0.00014404   0.00059498
  0.00014404   0.00059498     0.00287409  -0.00256431    -0.00665952  -0.01391855
   10   10
  0.02956832   0.00000000    -0.00098831  -0.00144491    -0.00278430   0.00000000
 -0.00098831   0.00144491     0.02456516  -0.00000000     0.00098831  -0.00144491
 -0.00278430   0.00000000     0.00098831   0.00144491     0.02956832   0.00000000
   10   11
 -0.00128149  -0.00521092     0.00250210   0.00281824     0.00207331   0.00133742
  0.00250210   0.00281824    -0.00393316   0.00136680    -0.00250210  -0.00281824
  0.00207331   0.00133742    -0.00250210  -0.00281824    -0.00128149  -0.00521092
   11    1
 -0.02045922  -0.01192780    -0.01262005   0.00158141    -0.00724821   0.00595160
 -0.01228179   0.00588516    -0.01030161   0.02499895     0.01228179  -0.00588516
 -0.00724821   0.00595160     0.01262005  -0.00158141    -0.02045922  -0.01192780
   11    2
 -0.00210059  -0.00402150     0.00415061  -0.00370800     0.00889880   0.00087591
  0.00582555   0.00519939    -0.00403509   0.00114459    -0.00582555  -0.00519939
  0.00889880   0.00087591    -0.00415061   0.00370800    -0.00210059  -0.00402150
   11    3
 -0.00102939   0.00133846     0.00158476   0.00266776    -0.00373623   0.00031422
 -0.00390012  -0.00356783     0.00065107  -0.00296808     0.00390012   0.00356783
 -0.00373623   0.00031422    -0.00158476  -0.00266776    -0.00102939   0.00133846
   11    4
 -0.00665952   0.01391855    -0.00287409  -0.00256431     0.00014404  -0.00059498
 -0.00014404   0.00059498     0.00817810  -0.00564692    -0.00012727   0.00067154
  0.00287409   0.00256431     0.00334967   0.00121436     0.00817810  -0.00564692
   11    5
  0.00781303   0.00000000     0.00308542   0.00062341     0.00308621   0.00173743
 -0.00308621   0.00173743    -0.00656035  -0.00348512    -0.00145033   0.00000000
 -0.00308542   0.00062341    -0.00411165  -0.00000000    -0.00656035   0.00348512
   11    6
  0.00853867  -0.00490514    -0.00070389  -0.00215150    -0.00197974   0.00205420
  0.00063093   0.00388917    -0.01176859   0.00106484    -0.00063093  -0.00388917
 -0.00197974   0.00205420     0.00070389   0.00215150     0.00853867  -0.00490514
   11    7
 -0.00208614   0.00813731    -0.00094104   0.00182474     0.00239842  -0.00204633
  0.00157631  -0.00360286     0.00316765  -0.00573309    -0.00157631   0.00360286
  0.00239842  -0.00204633     0.00094104  -0.00182474    -0.00208614   0.00813731
   11    8
  0.00817810  -0.00564692    -0.00334967  -0.00121436     0.00287409   0.00256431
  0.00012727  -0.00067154     0.00817810  -0.00564692     0.00014404  -0.00059498
  0.00014404  -0.00059498     0.00287409   0.00256431    -0.00665952   0.01391855
   11    9
 -0.00656035   0.00348512     0.00411165   0.00000000    -0.00308542   0.00062341
  0.00145033   0.00000000    -0.00656035  -0.00348512     0.00308621  -0.00173743
  0.00308621   0.00173743    -0.00308542  -0.00062341     0.00781303  -0.00000000
   11   10
 -0.00128149   0.00521092     0.00250210  -0.00281824     0.00207331  -0.00133742
  0.00250210  -0.00281824    -0.00393316  -0.00136680    -0.00250210   0.00281824
  0.00207331  -0.00133742    -0.00250210   0.00281824    -0.00128149   0.00521092
   11   11
  0.02956832  -0.00000000    -0.00098831   0.00144491    -0.00278430  -0.00000000
 -0.00098831  -0.00144491     0.02456516   0.00000000     0.00098831   0.00144491
 -0.00278430  -0.00000000     0.00098831  -0.00144491     0.02956832  -0.00000000

     Dynamical  Matrix in cartesian axes

     q = (    0.117851130  -0.117851130  -0.117851130 ) 

    1    1
  0.19274711   0.00000000    -0.05606466   0.00000000    -0.05606466   0.00000000
 -0.05606466   0.00000000     0.19274711   0.00000000     0.05606466   0.00000000
 -0.05606466   0.00000000     0.05606466   0.00000000     0.19274711   0.00000000
    1    2
  0.00477996   0.01110783    -0.01654681  -0.01249308    -0.01654681  -0.01249308
 -0.01654681  -0.01249308     0.00477996   0.01110783     0.01654681   0.01249308
 -0.01654681  -0.01249308     0.01654681   0.01249308     0.00477996   0.01110783
    1    3
  0.00477996  -0.01110783    -0.01654681   0.01249308    -0.01654681   0.01249308
 -0.01654681   0.01249308     0.00477996  -0.01110783     0.01654681  -0.01249308
 -0.01654681   0.01249308     0.01654681  -0.01249308     0.00477996  -0.01110783
    1    4
 -0.01030161  -0.02499895     0.01262005   0.00158141     0.01262005   0.00158141
  0.01228179   0.00588516    -0.02045922   0.01192780     0.00724821   0.00595160
  0.01228179   0.00588516     0.00724821   0.00595160    -0.02045922   0.01192780
    1    5
 -0.01030161   0.02499895     0.01262005  -0.00158141     0.01262005  -0.00158141
  0.01228179  -0.00588516    -0.02045922  -0.01192780     0.00724821  -0.00595160
  0.01228179  -0.00588516     0.00724821  -0.00595160    -0.02045922  -0.01192780
    1    6
 -0.02045922   0.01192780     0.01228179   0.00588516    -0.00724821  -0.00595160
  0.01262005   0.00158141    -0.01030161  -0.02499895    -0.01262005  -0.00158141
 -0.00724821  -0.00595160    -0.01228179  -0.00588516    -0.02045922   0.01192780
    1    7
 -0.02045922  -0.01192780     0.01228179  -0.00588516    -0.00724821   0.00595160
  0.01262005  -0.00158141    -0.01030161   0.02499895    -0.01262005   0.00158141
 -0.00724821   0.00595160    -0.01228179   0.00588516    -0.02045922  -0.01192780
    1    8
 -0.02045922   0.01192780    -0.00724821  -0.00595160     0.01228179   0.00588516
 -0.00724821  -0.00595160    -0.02045922   0.01192780    -0.01228179  -0.00588516
  0.01262005   0.00158141    -0.01262005  -0.00158141    -0.01030161  -0.02499895
    1    9
 -0.02045922  -0.01192780    -0.00724821   0.00595160     0.01228179  -0.00588516
 -0.00724821   0.00595160    -0.02045922  -0.01192780    -0.01228179   0.00588516
  0.01262005  -0.00158141    -0.01262005   0.00158141    -0.01030161   0.02499895
    1   10
 -0.02262360  -0.00789021     0.00054780  -0.00830733     0.00054780  -0.00830733
  0.00054780  -0.00830733    -0.02262360  -0.00789021    -0.00054780   0.00830733
  0.00054780  -0.00830733    -0.00054780   0.00830733    -0.02262360  -0.00789021
    1   11
 -0.02262360   0.00789021     0.00054780   0.00830733     0.00054780   0.00830733
  0.00054780   0.00830733    -0.02262360   0.00789021    -0.00054780  -0.00830733
  0.00054780   0.00830733    -0.00054780  -0.00830733    -0.02262360   0.00789021
    2    1
  0.00477996  -0.01110783    -0.01654681   0.01249308    -0.01654681   0.01249308
 -0.01654681   0.01249308     0.00477996  -0.01110783     0.01654681  -0.01249308
 -0.01654681   0.01249308     0.01654681  -0.01249308     0.00477996  -0.01110783
    2    2
  0.03925031   0.00000000    -0.01295429   0.00000000    -0.01295429   0.00000000
 -0.01295429   0.00000000     0.03925031   0.00000000     0.01295429  -0.00000000
 -0.01295429   0.00000000     0.01295429  -0.00000000     0.03925031   0.00000000
    2    3
 -0.01606960  -0.00821826     0.00412508   0.00214712     0.00412508   0.00214712
  0.00412508   0.00214712    -0.01606960  -0.00821826    -0.00412508  -0.00214712
  0.00412508   0.00214712    -0.00412508  -0.00214712    -0.01606960  -0.00821826
    2    4
  0.00065107   0.00296808    -0.00158476   0.00266776    -0.00158476   0.00266776
  0.00390012  -0.00356783    -0.00102939  -0.00133846     0.00373623   0.00031422
  0.00390012  -0.00356783     0.00373623   0.00031422    -0.00102939  -0.00133846
    2    5
 -0.00403509   0.00114459    -0.00415061   0.00370800    -0.00415061   0.00370800
 -0.00582555  -0.00519939    -0.00210059  -0.00402150    -0.00889880  -0.00087591
 -0.00582555  -0.00519939    -0.00889880  -0.00087591    -0.00210059  -0.00402150
    2    6
 -0.00102939  -0.00133846     0.00390012  -0.00356783    -0.00373623  -0.00031422
 -0.00158476   0.00266776     0.00065107   0.00296808     0.00158476  -0.00266776
 -0.00373623  -0.00031422    -0.00390012   0.00356783    -0.00102939  -0.00133846
    2    7
 -0.00210059  -0.00402150    -0.00582555  -0.00519939     0.00889880   0.00087591
 -0.00415061   0.00370800    -0.00403509   0.00114459     0.00415061  -0.00370800
  0.00889880   0.00087591     0.00582555   0.00519939    -0.00210059  -0.00402150
    2    8
 -0.00102939  -0.00133846    -0.00373623  -0.00031422     0.00390012  -0.00356783
 -0.00373623  -0.00031422    -0.00102939  -0.00133846    -0.00390012   0.00356783
 -0.00158476   0.00266776     0.00158476  -0.00266776     0.00065107   0.00296808
    2    9
 -0.00210059  -0.00402150     0.00889880   0.00087591    -0.00582555  -0.00519939
  0.00889880   0.00087591    -0.00210059  -0.00402150     0.00582555   0.00519939
 -0.00415061   0.00370800     0.00415061  -0.00370800    -0.00403509   0.00114459
    2   10
  0.00562539   0.00103493    -0.00756386  -0.00158245    -0.00756386  -0.00158245
 -0.00756386  -0.00158245     0.00562539   0.00103493     0.00756386   0.00158245
 -0.00756386  -0.00158245     0.00756386   0.00158245     0.00562539   0.00103493
    2   11
 -0.01257613  -0.00157685     0.01656857   0.00262889     0.01656857   0.00262889
  0.01656857   0.00262889    -0.01257613  -0.00157685    -0.01656857  -0.00262889
  0.01656857   0.00262889    -0.01656857  -0.00262889    -0.01257613  -0.00157685
    3    1
  0.00477996   0.01110783    -0.01654681  -0.01249308    -0.01654681  -0.01249308
 -0.01654681  -0.01249308     0.00477996   0.01110783     0.01654681   0.01249308
 -0.01654681  -0.01249308     0.01654681   0.01249308     0.00477996   0.01110783
    3    2
 -0.01606960   0.00821826     0.00412508  -0.00214712     0.00412508  -0.00214712
  0.00412508  -0.00214712    -0.01606960   0.00821826    -0.00412508   0.00214712
  0.00412508  -0.00214712    -0.00412508   0.00214712    -0.01606960   0.00821826
    3    3
  0.03925031  -0.00000000    -0.01295429  -0.00000000    -0.01295429  -0.00000000
 -0.01295429  -0.00000000     0.03925031  -0.00000000     0.01295429   0.00000000
 -0.01295429  -0.00000000     0.01295429   0.00000000     0.03925031  -0.00000000
    3    4
 -0.00403509  -0.00114459    -0.00415061  -0.00370800    -0.00415061  -0.00370800
 -0.00582555   0.00519939    -0.00210059   0.00402150    -0.00889880   0.00087591
 -0.00582555   0.00519939    -0.00889880   0.00087591    -0.00210059   0.00402150
    3    5
  0.00065107  -0.00296808    -0.00158476  -0.00266776    -0.00158476  -0.00266776
  0.00390012   0.00356783    -0.00102939   0.00133846     0.00373623  -0.00031422
  0.00390012   0.00356783     0.00373623  -0.00031422    -0.00102939   0.00133846
    3    6
 -0.00210059   0.00402150    -0.00582555   0.00519939     0.00889880  -0.00087591
 -0.00415061  -0.00370800    -0.00403509  -0.00114459     0.00415061   0.00370800
  0.00889880  -0.00087591     0.00582555  -0.00519939    -0.00210059   0.00402150
    3    7
 -0.00102939   0.00133846     0.00390012   0.00356783    -0.00373623   0.00031422
 -0.00158476  -0.00266776     0.00065107  -0.00296808     0.00158476   0.00266776
 -0.00373623   0.00031422    -0.00390012  -0.00356783    -0.00102939   0.00133846
    3    8
 -0.00210059   0.00402150     0.00889880  -0.00087591    -0.00582555   0.00519939
  0.00889880  -0.00087591    -0.00210059   0.00402150     0.00582555  -0.00519939
 -0.00415061  -0.00370800     0.00415061   0.00370800    -0.00403509  -0.00114459
    3    9
 -0.00102939   0.00133846    -0.00373623   0.00031422     0.00390012   0.00356783
 -0.00373623   0.00031422    -0.00102939   0.00133846    -0.00390012  -0.00356783
 -0.00158476  -0.00266776     0.00158476   0.00266776     0.00065107  -0.00296808
    3   10
 -0.01257613   0.00157685     0.01656857  -0.00262889     0.01656857  -0.00262889
  0.01656857  -0.00262889    -0.01257613   0.00157685    -0.01656857   0.00262889
  0.01656857  -0.00262889    -0.01656857   0.00262889    -0.01257613   0.00157685
    3   11
  0.00562539  -0.00103493    -0.00756386   0.00158245    -0.00756386   0.00158245
 -0.00756386   0.00158245     0.00562539  -0.00103493     0.00756386  -0.00158245
 -0.00756386   0.00158245     0.00756386  -0.00158245     0.00562539  -0.00103493
    4    1
 -0.01030161   0.02499895     0.01228179  -0.00588516     0.01228179  -0.00588516
