  2.000000000000000E-002   1.62638105529072        4.52835738622022     
           4

     Dynamical  Matrix in cartesian axes

     q = (   -0.353553391  -0.353553391   0.353553391 ) 

    1    1
  0.01281936   0.00000000     0.00254514   0.00000000    -0.00254514   0.00000000
  0.00254514   0.00000000     0.01281936   0.00000000    -0.00254514   0.00000000
 -0.00254514   0.00000000    -0.00254514   0.00000000     0.01281936   0.00000000
    1    2
  0.00205319   0.00000000     0.00145456   0.00000000    -0.00145456   0.00000000
  0.00145456   0.00000000     0.00205319   0.00000000    -0.00145456   0.00000000
 -0.00145456   0.00000000    -0.00145456   0.00000000     0.00205319   0.00000000
    1    3
  0.00205319   0.00000000     0.00145456   0.00000000    -0.00145456   0.00000000
  0.00145456   0.00000000     0.00205319   0.00000000    -0.00145456   0.00000000
 -0.00145456   0.00000000    -0.00145456   0.00000000     0.00205319   0.00000000
    1    4
 -0.00348435   0.00000000     0.00043015  -0.00000000    -0.00052558   0.00000000
  0.00043015  -0.00000000    -0.00348435   0.00000000    -0.00052558   0.00000000
 -0.00021895   0.00000000    -0.00021895   0.00000000     0.00192704  -0.00000000
    1    5
 -0.00348435   0.00000000     0.00043015  -0.00000000    -0.00052558   0.00000000
  0.00043015  -0.00000000    -0.00348435   0.00000000    -0.00052558   0.00000000
 -0.00021895   0.00000000    -0.00021895   0.00000000     0.00192704  -0.00000000
    1    6
 -0.00335455   0.00000000    -0.00143710   0.00000000     0.00143710  -0.00000000
 -0.00143710   0.00000000    -0.00335455   0.00000000     0.00143710  -0.00000000
  0.00143710  -0.00000000     0.00143710  -0.00000000    -0.00335455   0.00000000
    1    7
 -0.00335455   0.00000000    -0.00143710   0.00000000     0.00143710  -0.00000000
 -0.00143710   0.00000000    -0.00335455   0.00000000     0.00143710  -0.00000000
  0.00143710  -0.00000000     0.00143710  -0.00000000    -0.00335455   0.00000000
    1    8
  0.00192704  -0.00000000     0.00021895  -0.00000000    -0.00021895   0.00000000
  0.00052558  -0.00000000    -0.00348435   0.00000000    -0.00043015   0.00000000
 -0.00052558   0.00000000    -0.00043015   0.00000000    -0.00348435   0.00000000
    1    9
  0.00192704  -0.00000000     0.00021895  -0.00000000    -0.00021895   0.00000000
  0.00052558  -0.00000000    -0.00348435   0.00000000    -0.00043015   0.00000000
 -0.00052558   0.00000000    -0.00043015   0.00000000    -0.00348435   0.00000000
    1   10
 -0.00348435   0.00000000     0.00052558  -0.00000000    -0.00043015   0.00000000
  0.00021895  -0.00000000     0.00192704  -0.00000000    -0.00021895   0.00000000
 -0.00043015   0.00000000    -0.00052558   0.00000000    -0.00348435   0.00000000
    1   11
 -0.00348435   0.00000000     0.00052558  -0.00000000    -0.00043015   0.00000000
  0.00021895  -0.00000000     0.00192704  -0.00000000    -0.00021895   0.00000000
 -0.00043015   0.00000000    -0.00052558   0.00000000    -0.00348435   0.00000000
    2    1
  0.00205319   0.00000000     0.00145456   0.00000000    -0.00145456   0.00000000
  0.00145456   0.00000000     0.00205319   0.00000000    -0.00145456   0.00000000
 -0.00145456   0.00000000    -0.00145456   0.00000000     0.00205319   0.00000000
    2    2
  0.00798520   0.00000000     0.00049581   0.00000000    -0.00049581   0.00000000
  0.00049581   0.00000000     0.00798520   0.00000000    -0.00049581   0.00000000
 -0.00049581   0.00000000    -0.00049581   0.00000000     0.00798520   0.00000000
    2    3
 -0.00404605   0.00000000    -0.00020027   0.00000000     0.00020027   0.00000000
 -0.00020027   0.00000000    -0.00404605   0.00000000     0.00020027   0.00000000
  0.00020027   0.00000000     0.00020027   0.00000000    -0.00404605   0.00000000
    2    4
 -0.00078252   0.00000000     0.00086829  -0.00000000     0.00080384  -0.00000000
  0.00086829  -0.00000000    -0.00078252   0.00000000     0.00080384  -0.00000000
  0.00195739  -0.00000000     0.00195739  -0.00000000     0.00008901  -0.00000000
    2    5
 -0.00181530   0.00000000    -0.00106825   0.00000000    -0.00192744   0.00000000
 -0.00106825   0.00000000    -0.00181530   0.00000000    -0.00192744   0.00000000
 -0.00309416   0.00000000    -0.00309416   0.00000000     0.00037996  -0.00000000
    2    6
 -0.00049671   0.00000000    -0.00009766   0.00000000     0.00009766  -0.00000000
 -0.00009766   0.00000000    -0.00049671   0.00000000     0.00009766  -0.00000000
  0.00009766  -0.00000000     0.00009766  -0.00000000    -0.00049671   0.00000000
    2    7
 -0.00067135   0.00000000    -0.00143625   0.00000000     0.00143625  -0.00000000
 -0.00143625   0.00000000    -0.00067135   0.00000000     0.00143625  -0.00000000
  0.00143625  -0.00000000     0.00143625  -0.00000000    -0.00067135   0.00000000
    2    8
  0.00008901   0.00000000    -0.00195739   0.00000000     0.00195739  -0.00000000
 -0.00080384   0.00000000    -0.00078252   0.00000000    -0.00086829   0.00000000
  0.00080384  -0.00000000    -0.00086829   0.00000000    -0.00078252   0.00000000
    2    9
  0.00037996  -0.00000000     0.00309416  -0.00000000    -0.00309416   0.00000000
  0.00192744  -0.00000000    -0.00181530   0.00000000     0.00106825  -0.00000000
 -0.00192744   0.00000000     0.00106825  -0.00000000    -0.00181530   0.00000000
    2   10
 -0.00078252   0.00000000    -0.00080384   0.00000000    -0.00086829   0.00000000
 -0.00195739   0.00000000     0.00008901  -0.00000000     0.00195739  -0.00000000
 -0.00086829   0.00000000     0.00080384  -0.00000000    -0.00078252   0.00000000
    2   11
 -0.00181530   0.00000000     0.00192744  -0.00000000     0.00106825  -0.00000000
  0.00309416  -0.00000000     0.00037996  -0.00000000    -0.00309416   0.00000000
  0.00106825  -0.00000000    -0.00192744   0.00000000    -0.00181530   0.00000000
    3    1
  0.00205319   0.00000000     0.00145456   0.00000000    -0.00145456   0.00000000
  0.00145456   0.00000000     0.00205319   0.00000000    -0.00145456   0.00000000
 -0.00145456   0.00000000    -0.00145456   0.00000000     0.00205319   0.00000000
    3    2
 -0.00404605   0.00000000    -0.00020027   0.00000000     0.00020027   0.00000000
 -0.00020027   0.00000000    -0.00404605   0.00000000     0.00020027   0.00000000
  0.00020027   0.00000000     0.00020027   0.00000000    -0.00404605   0.00000000
    3    3
  0.00798520   0.00000000     0.00049581   0.00000000    -0.00049581   0.00000000
  0.00049581   0.00000000     0.00798520   0.00000000    -0.00049581   0.00000000
 -0.00049581   0.00000000    -0.00049581   0.00000000     0.00798520   0.00000000
    3    4
 -0.00181530   0.00000000    -0.00106825   0.00000000    -0.00192744   0.00000000
 -0.00106825   0.00000000    -0.00181530   0.00000000    -0.00192744   0.00000000
 -0.00309416   0.00000000    -0.00309416   0.00000000     0.00037996  -0.00000000
    3    5
 -0.00078252   0.00000000     0.00086829  -0.00000000     0.00080384  -0.00000000
  0.00086829  -0.00000000    -0.00078252   0.00000000     0.00080384  -0.00000000
  0.00195739  -0.00000000     0.00195739  -0.00000000     0.00008901  -0.00000000
    3    6
 -0.00067135   0.00000000    -0.00143625   0.00000000     0.00143625  -0.00000000
 -0.00143625   0.00000000    -0.00067135   0.00000000     0.00143625  -0.00000000
  0.00143625  -0.00000000     0.00143625  -0.00000000    -0.00067135   0.00000000
    3    7
 -0.00049671   0.00000000    -0.00009766  -0.00000000     0.00009766  -0.00000000
 -0.00009766  -0.00000000    -0.00049671   0.00000000     0.00009766  -0.00000000
  0.00009766  -0.00000000     0.00009766  -0.00000000    -0.00049671   0.00000000
    3    8
  0.00037996  -0.00000000     0.00309416  -0.00000000    -0.00309416   0.00000000
  0.00192744  -0.00000000    -0.00181530   0.00000000     0.00106825  -0.00000000
 -0.00192744   0.00000000     0.00106825  -0.00000000    -0.00181530   0.00000000
    3    9
  0.00008901  -0.00000000    -0.00195739   0.00000000     0.00195739  -0.00000000
 -0.00080384   0.00000000    -0.00078252   0.00000000    -0.00086829   0.00000000
  0.00080384  -0.00000000    -0.00086829   0.00000000    -0.00078252   0.00000000
    3   10
 -0.00181530   0.00000000     0.00192744  -0.00000000     0.00106825  -0.00000000
  0.00309416  -0.00000000     0.00037996  -0.00000000    -0.00309416   0.00000000
  0.00106825  -0.00000000    -0.00192744   0.00000000    -0.00181530   0.00000000
    3   11
 -0.00078252   0.00000000    -0.00080384   0.00000000    -0.00086829   0.00000000
 -0.00195739   0.00000000     0.00008901  -0.00000000     0.00195739  -0.00000000
 -0.00086829   0.00000000     0.00080384  -0.00000000    -0.00078252   0.00000000
    4    1
 -0.00348435  -0.00000000     0.00043015   0.00000000    -0.00021895  -0.00000000
  0.00043015   0.00000000    -0.00348435  -0.00000000    -0.00021895  -0.00000000
 -0.00052558  -0.00000000    -0.00052558  -0.00000000     0.00192704   0.00000000
    4    2
 -0.00078252  -0.00000000     0.00086829   0.00000000     0.00195739   0.00000000
  0.00086829   0.00000000    -0.00078252  -0.00000000     0.00195739   0.00000000
  0.00080384   0.00000000     0.00080384   0.00000000     0.00008901   0.00000000
    4    3
 -0.00181530  -0.00000000    -0.00106825  -0.00000000    -0.00309416  -0.00000000
 -0.00106825  -0.00000000    -0.00181530  -0.00000000    -0.00309416  -0.00000000
 -0.00192744  -0.00000000    -0.00192744  -0.00000000     0.00037996   0.00000000
    4    4
  0.00576302   0.00000000     0.00076712   0.00000000     0.00040199   0.00000000
  0.00076712   0.00000000     0.00576302   0.00000000     0.00040199   0.00000000
  0.00040199   0.00000000     0.00040199   0.00000000     0.00204913   0.00000000
    4    5
  0.00027644   0.00000000    -0.00184385  -0.00000000    -0.00033030  -0.00000000
 -0.00184385  -0.00000000     0.00027644   0.00000000    -0.00033030  -0.00000000
 -0.00033030  -0.00000000    -0.00033030  -0.00000000     0.00022578   0.00000000
    4    6
 -0.00028134   0.00000000    -0.00047865   0.00000000    -0.00011916   0.00000000
 -0.00047865   0.00000000    -0.00028134   0.00000000    -0.00011916   0.00000000
  0.00017839  -0.00000000     0.00017839  -0.00000000    -0.00092253   0.00000000
    4    7
  0.00096772   0.00000000     0.00111353   0.00000000    -0.00047181  -0.00000000
  0.00111353   0.00000000     0.00096772   0.00000000    -0.00047181  -0.00000000
  0.00042631   0.00000000     0.00042631   0.00000000    -0.00106065  -0.00000000
    4    8
  0.00003728  -0.00000000    -0.00100653   0.00000000     0.00141978  -0.00000000
  0.00001387  -0.00000000     0.00152758  -0.00000000     0.00100653  -0.00000000
 -0.00060420   0.00000000    -0.00001387   0.00000000     0.00003728  -0.00000000
    4    9
 -0.00027418   0.00000000    -0.00116894   0.00000000     0.00142060  -0.00000000
 -0.00012958   0.00000000     0.00356723  -0.00000000     0.00116894  -0.00000000
  0.00025151  -0.00000000     0.00012958  -0.00000000    -0.00027418   0.00000000
    4   10
  0.00152758  -0.00000000     0.00001387  -0.00000000     0.00100653  -0.00000000
 -0.00100653   0.00000000     0.00003728  -0.00000000     0.00141978  -0.00000000
 -0.00001387   0.00000000    -0.00060420   0.00000000     0.00003728  -0.00000000
    4   11
  0.00356723  -0.00000000    -0.00012958   0.00000000     0.00116894  -0.00000000
 -0.00116894   0.00000000    -0.00027418   0.00000000     0.00142060  -0.00000000
  0.00012958  -0.00000000     0.00025151  -0.00000000    -0.00027418   0.00000000
    5    1
 -0.00348435  -0.00000000     0.00043015   0.00000000    -0.00021895  -0.00000000
  0.00043015   0.00000000    -0.00348435  -0.00000000    -0.00021895  -0.00000000
 -0.00052558  -0.00000000    -0.00052558  -0.00000000     0.00192704   0.00000000
    5    2
 -0.00181530  -0.00000000    -0.00106825  -0.00000000    -0.00309416  -0.00000000
 -0.00106825  -0.00000000    -0.00181530  -0.00000000    -0.00309416  -0.00000000
 -0.00192744  -0.00000000    -0.00192744  -0.00000000     0.00037996   0.00000000
    5    3
 -0.00078252  -0.00000000     0.00086829   0.00000000     0.00195739   0.00000000
  0.00086829   0.00000000    -0.00078252  -0.00000000     0.00195739   0.00000000
  0.00080384   0.00000000     0.00080384   0.00000000     0.00008901   0.00000000
    5    4
  0.00027644  -0.00000000    -0.00184385   0.00000000    -0.00033030   0.00000000
 -0.00184385   0.00000000     0.00027644  -0.00000000    -0.00033030   0.00000000
 -0.00033030   0.00000000    -0.00033030   0.00000000     0.00022578  -0.00000000
    5    5
  0.00576302   0.00000000     0.00076712   0.00000000     0.00040199   0.00000000
  0.00076712   0.00000000     0.00576302   0.00000000     0.00040199   0.00000000
  0.00040199   0.00000000     0.00040199   0.00000000     0.00204913   0.00000000
    5    6
  0.00096772  -0.00000000     0.00111353  -0.00000000    -0.00047181   0.00000000
  0.00111353  -0.00000000     0.00096772  -0.00000000    -0.00047181   0.00000000
  0.00042631  -0.00000000     0.00042631  -0.00000000    -0.00106065   0.00000000
    5    7
 -0.00028134   0.00000000    -0.00047865   0.00000000    -0.00011916   0.00000000
 -0.00047865   0.00000000    -0.00028134   0.00000000    -0.00011916   0.00000000
  0.00017839  -0.00000000     0.00017839  -0.00000000    -0.00092253   0.00000000
    5    8
 -0.00027418   0.00000000    -0.00116894   0.00000000     0.00142060   0.00000000
 -0.00012958   0.00000000     0.00356723   0.00000000     0.00116894   0.00000000
  0.00025151   0.00000000     0.00012958   0.00000000    -0.00027418   0.00000000
    5    9
  0.00003728  -0.00000000    -0.00100653   0.00000000     0.00141978  -0.00000000
  0.00001387  -0.00000000     0.00152758  -0.00000000     0.00100653  -0.00000000
 -0.00060420   0.00000000    -0.00001387   0.00000000     0.00003728  -0.00000000
    5   10
  0.00356723  -0.00000000    -0.00012958   0.00000000     0.00116894  -0.00000000
 -0.00116894   0.00000000    -0.00027418   0.00000000     0.00142060  -0.00000000
  0.00012958  -0.00000000     0.00025151  -0.00000000    -0.00027418   0.00000000
    5   11
  0.00152758  -0.00000000     0.00001387  -0.00000000     0.00100653  -0.00000000
 -0.00100653   0.00000000     0.00003728  -0.00000000     0.00141978  -0.00000000
 -0.00001387   0.00000000    -0.00060420   0.00000000     0.00003728  -0.00000000
    6    1
 -0.00335455  -0.00000000    -0.00143710  -0.00000000     0.00143710   0.00000000
 -0.00143710  -0.00000000    -0.00335455  -0.00000000     0.00143710   0.00000000
  0.00143710   0.00000000     0.00143710   0.00000000    -0.00335455  -0.00000000
    6    2
 -0.00049671  -0.00000000    -0.00009766  -0.00000000     0.00009766   0.00000000
 -0.00009766  -0.00000000    -0.00049671  -0.00000000     0.00009766   0.00000000
  0.00009766   0.00000000     0.00009766   0.00000000    -0.00049671  -0.00000000
    6    3
 -0.00067135  -0.00000000    -0.00143625  -0.00000000     0.00143625   0.00000000
 -0.00143625  -0.00000000    -0.00067135  -0.00000000     0.00143625   0.00000000
  0.00143625   0.00000000     0.00143625   0.00000000    -0.00067135  -0.00000000
    6    4
 -0.00028134  -0.00000000    -0.00047865  -0.00000000     0.00017839   0.00000000
 -0.00047865  -0.00000000    -0.00028134  -0.00000000     0.00017839   0.00000000
 -0.00011916  -0.00000000    -0.00011916  -0.00000000    -0.00092253  -0.00000000
    6    5
  0.00096772   0.00000000     0.00111353   0.00000000     0.00042631   0.00000000
  0.00111353   0.00000000     0.00096772   0.00000000     0.00042631   0.00000000
 -0.00047181  -0.00000000    -0.00047181  -0.00000000    -0.00106065  -0.00000000
    6    6
  0.00278769   0.00000000     0.00106110   0.00000000    -0.00106110   0.00000000
  0.00106110   0.00000000     0.00278769   0.00000000    -0.00106110   0.00000000
 -0.00106110   0.00000000    -0.00106110   0.00000000     0.00278769   0.00000000
    6    7
  0.00013412   0.00000000     0.00010734  -0.00000000    -0.00010734   0.00000000
  0.00010734  -0.00000000     0.00013412  -0.00000000    -0.00010734   0.00000000
 -0.00010734   0.00000000    -0.00010734   0.00000000     0.00013412  -0.00000000
    6    8
 -0.00092253  -0.00000000     0.00011916   0.00000000    -0.00011916  -0.00000000
 -0.00017839  -0.00000000    -0.00028134  -0.00000000     0.00047865   0.00000000
  0.00017839   0.00000000     0.00047865   0.00000000    -0.00028134  -0.00000000
    6    9
 -0.00106065   0.00000000     0.00047181  -0.00000000    -0.00047181   0.00000000
 -0.00042631   0.00000000     0.00096772  -0.00000000    -0.00111353   0.00000000
  0.00042631  -0.00000000    -0.00111353   0.00000000     0.00096772  -0.00000000
    6   10
 -0.00028134  -0.00000000    -0.00017839  -0.00000000     0.00047865   0.00000000
  0.00011916   0.00000000    -0.00092253   0.00000000    -0.00011916  -0.00000000
  0.00047865   0.00000000     0.00017839  -0.00000000    -0.00028134   0.00000000
    6   11
  0.00096772   0.00000000    -0.00042631  -0.00000000    -0.00111353  -0.00000000
  0.00047181   0.00000000    -0.00106065  -0.00000000    -0.00047181  -0.00000000
 -0.00111353  -0.00000000     0.00042631   0.00000000     0.00096772   0.00000000
    7    1
 -0.00335455  -0.00000000    -0.00143710  -0.00000000     0.00143710   0.00000000
 -0.00143710  -0.00000000    -0.00335455  -0.00000000     0.00143710   0.00000000
  0.00143710   0.00000000     0.00143710   0.00000000    -0.00335455  -0.00000000
    7    2
 -0.00067135  -0.00000000    -0.00143625  -0.00000000     0.00143625   0.00000000
 -0.00143625  -0.00000000    -0.00067135  -0.00000000     0.00143625   0.00000000
  0.00143625   0.00000000     0.00143625   0.00000000    -0.00067135  -0.00000000
    7    3
 -0.00049671  -0.00000000    -0.00009766   0.00000000     0.00009766   0.00000000
 -0.00009766   0.00000000    -0.00049671  -0.00000000     0.00009766   0.00000000
  0.00009766   0.00000000     0.00009766   0.00000000    -0.00049671  -0.00000000
    7    4
  0.00096772  -0.00000000     0.00111353  -0.00000000     0.00042631  -0.00000000
  0.00111353  -0.00000000     0.00096772  -0.00000000     0.00042631  -0.00000000
 -0.00047181   0.00000000    -0.00047181   0.00000000    -0.00106065   0.00000000
    7    5
 -0.00028134  -0.00000000    -0.00047865  -0.00000000     0.00017839   0.00000000
 -0.00047865  -0.00000000    -0.00028134  -0.00000000     0.00017839   0.00000000
 -0.00011916  -0.00000000    -0.00011916  -0.00000000    -0.00092253  -0.00000000
    7    6
  0.00013412  -0.00000000     0.00010734   0.00000000    -0.00010734  -0.00000000
  0.00010734   0.00000000     0.00013412   0.00000000    -0.00010734  -0.00000000
 -0.00010734  -0.00000000    -0.00010734  -0.00000000     0.00013412   0.00000000
    7    7
  0.00278769   0.00000000     0.00106110   0.00000000    -0.00106110   0.00000000
  0.00106110   0.00000000     0.00278769   0.00000000    -0.00106110   0.00000000
 -0.00106110   0.00000000    -0.00106110   0.00000000     0.00278769   0.00000000
    7    8
 -0.00106065  -0.00000000     0.00047181  -0.00000000    -0.00047181   0.00000000
 -0.00042631   0.00000000     0.00096772   0.00000000    -0.00111353  -0.00000000
  0.00042631   0.00000000    -0.00111353   0.00000000     0.00096772   0.00000000
    7    9
 -0.00092253   0.00000000     0.00011916  -0.00000000    -0.00011916   0.00000000
 -0.00017839   0.00000000    -0.00028134   0.00000000     0.00047865  -0.00000000
  0.00017839  -0.00000000     0.00047865  -0.00000000    -0.00028134   0.00000000
    7   10
  0.00096772  -0.00000000    -0.00042631   0.00000000    -0.00111353   0.00000000
  0.00047181  -0.00000000    -0.00106065   0.00000000    -0.00047181   0.00000000
 -0.00111353   0.00000000     0.00042631  -0.00000000     0.00096772  -0.00000000
    7   11
 -0.00028134  -0.00000000    -0.00017839  -0.00000000     0.00047865   0.00000000
  0.00011916   0.00000000    -0.00092253  -0.00000000    -0.00011916  -0.00000000
  0.00047865   0.00000000     0.00017839   0.00000000    -0.00028134  -0.00000000
    8    1
  0.00192704   0.00000000     0.00052558   0.00000000    -0.00052558  -0.00000000
  0.00021895   0.00000000    -0.00348435  -0.00000000    -0.00043015  -0.00000000
 -0.00021895  -0.00000000    -0.00043015  -0.00000000    -0.00348435  -0.00000000
    8    2
  0.00008901  -0.00000000    -0.00080384  -0.00000000     0.00080384   0.00000000
 -0.00195739  -0.00000000    -0.00078252  -0.00000000    -0.00086829  -0.00000000
  0.00195739   0.00000000    -0.00086829  -0.00000000    -0.00078252  -0.00000000
    8    3
  0.00037996   0.00000000     0.00192744   0.00000000    -0.00192744  -0.00000000
  0.00309416   0.00000000    -0.00181530  -0.00000000     0.00106825   0.00000000
 -0.00309416  -0.00000000     0.00106825   0.00000000    -0.00181530  -0.00000000
    8    4
  0.00003728   0.00000000     0.00001387   0.00000000    -0.00060420  -0.00000000
 -0.00100653  -0.00000000     0.00152758   0.00000000    -0.00001387  -0.00000000
  0.00141978   0.00000000     0.00100653   0.00000000     0.00003728   0.00000000
    8    5
 -0.00027418   0.00000000    -0.00012958   0.00000000     0.00025151   0.00000000
 -0.00116894   0.00000000     0.00356723   0.00000000     0.00012958   0.00000000
  0.00142060   0.00000000     0.00116894   0.00000000    -0.00027418   0.00000000
    8    6
 -0.00092253   0.00000000    -0.00017839   0.00000000     0.00017839  -0.00000000
  0.00011916  -0.00000000    -0.00028134   0.00000000     0.00047865  -0.00000000
 -0.00011916   0.00000000     0.00047865  -0.00000000    -0.00028134   0.00000000
    8    7
 -0.00106065   0.00000000    -0.00042631  -0.00000000     0.00042631  -0.00000000
  0.00047181   0.00000000     0.00096772  -0.00000000    -0.00111353  -0.00000000
 -0.00047181  -0.00000000    -0.00111353   0.00000000     0.00096772  -0.00000000
    8    8
  0.00204913   0.00000000    -0.00040199   0.00000000     0.00040199   0.00000000
 -0.00040199   0.00000000     0.00576302   0.00000000    -0.00076712   0.00000000
  0.00040199   0.00000000    -0.00076712   0.00000000     0.00576302   0.00000000
    8    9
  0.00022578  -0.00000000     0.00033030  -0.00000000    -0.00033030   0.00000000
  0.00033030  -0.00000000     0.00027644  -0.00000000     0.00184385  -0.00000000
 -0.00033030   0.00000000     0.00184385  -0.00000000     0.00027644  -0.00000000
    8   10
  0.00003728  -0.00000000     0.00060420  -0.00000000    -0.00001387   0.00000000
 -0.00141978   0.00000000     0.00003728  -0.00000000     0.00100653  -0.00000000
  0.00100653  -0.00000000    -0.00001387  -0.00000000     0.00152758  -0.00000000
    8   11
 -0.00027418  -0.00000000    -0.00025151  -0.00000000     0.00012958   0.00000000
 -0.00142060  -0.00000000    -0.00027418  -0.00000000     0.00116894   0.00000000
  0.00116894   0.00000000     0.00012958   0.00000000     0.00356723   0.00000000
    9    1
  0.00192704   0.00000000     0.00052558   0.00000000    -0.00052558  -0.00000000
  0.00021895   0.00000000    -0.00348435  -0.00000000    -0.00043015  -0.00000000
 -0.00021895  -0.00000000    -0.00043015  -0.00000000    -0.00348435  -0.00000000
    9    2
  0.00037996   0.00000000     0.00192744   0.00000000    -0.00192744  -0.00000000
  0.00309416   0.00000000    -0.00181530  -0.00000000     0.00106825   0.00000000
 -0.00309416  -0.00000000     0.00106825   0.00000000    -0.00181530  -0.00000000
    9    3
  0.00008901   0.00000000    -0.00080384  -0.00000000     0.00080384   0.00000000
 -0.00195739  -0.00000000    -0.00078252  -0.00000000    -0.00086829  -0.00000000
  0.00195739   0.00000000    -0.00086829  -0.00000000    -0.00078252  -0.00000000
    9    4
 -0.00027418  -0.00000000    -0.00012958  -0.00000000     0.00025151   0.00000000
 -0.00116894  -0.00000000     0.00356723   0.00000000     0.00012958   0.00000000
  0.00142060   0.00000000     0.00116894   0.00000000    -0.00027418  -0.00000000
    9    5
  0.00003728   0.00000000     0.00001387   0.00000000    -0.00060420  -0.00000000
 -0.00100653  -0.00000000     0.00152758   0.00000000    -0.00001387  -0.00000000
  0.00141978   0.00000000     0.00100653   0.00000000     0.00003728   0.00000000
    9    6
 -0.00106065  -0.00000000    -0.00042631  -0.00000000     0.00042631   0.00000000
  0.00047181   0.00000000     0.00096772   0.00000000    -0.00111353  -0.00000000
 -0.00047181  -0.00000000    -0.00111353  -0.00000000     0.00096772   0.00000000
    9    7
 -0.00092253  -0.00000000    -0.00017839  -0.00000000     0.00017839   0.00000000
  0.00011916   0.00000000    -0.00028134  -0.00000000     0.00047865   0.00000000
 -0.00011916  -0.00000000     0.00047865   0.00000000    -0.00028134  -0.00000000
    9    8
  0.00022578   0.00000000     0.00033030   0.00000000    -0.00033030  -0.00000000
  0.00033030   0.00000000     0.00027644   0.00000000     0.00184385   0.00000000
 -0.00033030  -0.00000000     0.00184385   0.00000000     0.00027644   0.00000000
    9    9
  0.00204913   0.00000000    -0.00040199   0.00000000     0.00040199   0.00000000
 -0.00040199   0.00000000     0.00576302   0.00000000    -0.00076712   0.00000000
  0.00040199   0.00000000    -0.00076712   0.00000000     0.00576302   0.00000000
    9   10
 -0.00027418  -0.00000000    -0.00025151  -0.00000000     0.00012958   0.00000000
 -0.00142060  -0.00000000    -0.00027418  -0.00000000     0.00116894   0.00000000
  0.00116894   0.00000000     0.00012958   0.00000000     0.00356723   0.00000000
    9   11
  0.00003728   0.00000000     0.00060420   0.00000000    -0.00001387  -0.00000000
 -0.00141978  -0.00000000     0.00003728   0.00000000     0.00100653   0.00000000
  0.00100653   0.00000000    -0.00001387  -0.00000000     0.00152758   0.00000000
   10    1
 -0.00348435  -0.00000000     0.00021895   0.00000000    -0.00043015  -0.00000000
  0.00052558   0.00000000     0.00192704   0.00000000    -0.00052558  -0.00000000
 -0.00043015  -0.00000000    -0.00021895  -0.00000000    -0.00348435  -0.00000000
   10    2
 -0.00078252  -0.00000000    -0.00195739  -0.00000000    -0.00086829  -0.00000000
 -0.00080384  -0.00000000     0.00008901   0.00000000     0.00080384   0.00000000
 -0.00086829  -0.00000000     0.00195739   0.00000000    -0.00078252  -0.00000000
   10    3
 -0.00181530  -0.00000000     0.00309416   0.00000000     0.00106825   0.00000000
  0.00192744   0.00000000     0.00037996   0.00000000    -0.00192744  -0.00000000
  0.00106825   0.00000000    -0.00309416  -0.00000000    -0.00181530  -0.00000000
   10    4
  0.00152758   0.00000000    -0.00100653  -0.00000000    -0.00001387  -0.00000000
  0.00001387   0.00000000     0.00003728   0.00000000    -0.00060420  -0.00000000
  0.00100653   0.00000000     0.00141978   0.00000000     0.00003728   0.00000000
   10    5
  0.00356723   0.00000000    -0.00116894  -0.00000000     0.00012958   0.00000000
 -0.00012958  -0.00000000    -0.00027418  -0.00000000     0.00025151   0.00000000
  0.00116894   0.00000000     0.00142060   0.00000000    -0.00027418  -0.00000000
   10    6
 -0.00028134   0.00000000     0.00011916  -0.00000000     0.00047865  -0.00000000
 -0.00017839   0.00000000    -0.00092253  -0.00000000     0.00017839   0.00000000
  0.00047865  -0.00000000    -0.00011916   0.00000000    -0.00028134  -0.00000000
   10    7
  0.00096772   0.00000000     0.00047181   0.00000000    -0.00111353  -0.00000000
 -0.00042631  -0.00000000    -0.00106065  -0.00000000     0.00042631   0.00000000
 -0.00111353  -0.00000000    -0.00047181  -0.00000000     0.00096772   0.00000000
   10    8
  0.00003728   0.00000000    -0.00141978  -0.00000000     0.00100653   0.00000000
  0.00060420   0.00000000     0.00003728   0.00000000    -0.00001387   0.00000000
 -0.00001387  -0.00000000     0.00100653   0.00000000     0.00152758   0.00000000
   10    9
 -0.00027418   0.00000000    -0.00142060   0.00000000     0.00116894  -0.00000000
 -0.00025151   0.00000000    -0.00027418   0.00000000     0.00012958  -0.00000000
  0.00012958  -0.00000000     0.00116894  -0.00000000     0.00356723  -0.00000000
   10   10
  0.00576302   0.00000000    -0.00040199   0.00000000    -0.00076712   0.00000000
 -0.00040199   0.00000000     0.00204913   0.00000000     0.00040199   0.00000000
 -0.00076712   0.00000000     0.00040199   0.00000000     0.00576302   0.00000000
   10   11
  0.00027644   0.00000000     0.00033030   0.00000000     0.00184385   0.00000000
  0.00033030   0.00000000     0.00022578   0.00000000    -0.00033030  -0.00000000
  0.00184385   0.00000000    -0.00033030  -0.00000000     0.00027644   0.00000000
   11    1
 -0.00348435  -0.00000000     0.00021895   0.00000000    -0.00043015  -0.00000000
  0.00052558   0.00000000     0.00192704   0.00000000    -0.00052558  -0.00000000
 -0.00043015  -0.00000000    -0.00021895  -0.00000000    -0.00348435  -0.00000000
   11    2
 -0.00181530  -0.00000000     0.00309416   0.00000000     0.00106825   0.00000000
  0.00192744   0.00000000     0.00037996   0.00000000    -0.00192744  -0.00000000
  0.00106825   0.00000000    -0.00309416  -0.00000000    -0.00181530  -0.00000000
   11    3
 -0.00078252  -0.00000000    -0.00195739  -0.00000000    -0.00086829  -0.00000000
 -0.00080384  -0.00000000     0.00008901   0.00000000     0.00080384   0.00000000
 -0.00086829  -0.00000000     0.00195739   0.00000000    -0.00078252  -0.00000000
   11    4
  0.00356723   0.00000000    -0.00116894  -0.00000000     0.00012958   0.00000000
 -0.00012958  -0.00000000    -0.00027418  -0.00000000     0.00025151   0.00000000
  0.00116894   0.00000000     0.00142060   0.00000000    -0.00027418  -0.00000000
   11    5
  0.00152758   0.00000000    -0.00100653  -0.00000000    -0.00001387  -0.00000000
  0.00001387   0.00000000     0.00003728   0.00000000    -0.00060420  -0.00000000
  0.00100653   0.00000000     0.00141978   0.00000000     0.00003728   0.00000000
   11    6
  0.00096772  -0.00000000     0.00047181  -0.00000000    -0.00111353   0.00000000
 -0.00042631   0.00000000    -0.00106065   0.00000000     0.00042631  -0.00000000
 -0.00111353   0.00000000    -0.00047181   0.00000000     0.00096772  -0.00000000
   11    7
 -0.00028134   0.00000000     0.00011916  -0.00000000     0.00047865  -0.00000000
 -0.00017839   0.00000000    -0.00092253   0.00000000     0.00017839  -0.00000000
  0.00047865  -0.00000000    -0.00011916   0.00000000    -0.00028134   0.00000000
   11    8
 -0.00027418   0.00000000    -0.00142060   0.00000000     0.00116894  -0.00000000
 -0.00025151   0.00000000    -0.00027418   0.00000000     0.00012958  -0.00000000
  0.00012958  -0.00000000     0.00116894  -0.00000000     0.00356723  -0.00000000
   11    9
  0.00003728  -0.00000000    -0.00141978   0.00000000     0.00100653  -0.00000000
  0.00060420  -0.00000000     0.00003728  -0.00000000    -0.00001387   0.00000000
 -0.00001387   0.00000000     0.00100653  -0.00000000     0.00152758  -0.00000000
   11   10
  0.00027644  -0.00000000     0.00033030  -0.00000000     0.00184385  -0.00000000
  0.00033030  -0.00000000     0.00022578  -0.00000000    -0.00033030   0.00000000
  0.00184385  -0.00000000    -0.00033030   0.00000000     0.00027644  -0.00000000
   11   11
  0.00576302   0.00000000    -0.00040199   0.00000000    -0.00076712   0.00000000
 -0.00040199   0.00000000     0.00204913   0.00000000     0.00040199   0.00000000
 -0.00076712   0.00000000     0.00040199   0.00000000     0.00576302   0.00000000

     Dynamical  Matrix in cartesian axes

     q = (   -0.353553391   0.353553391   0.353553391 ) 

    1    1
  0.01281936   0.00000000    -0.00254514   0.00000000    -0.00254514   0.00000000
 -0.00254514   0.00000000     0.01281936   0.00000000     0.00254514   0.00000000
 -0.00254514   0.00000000     0.00254514   0.00000000     0.01281936   0.00000000
    1    2
  0.00205319   0.00000000    -0.00145456   0.00000000    -0.00145456   0.00000000
 -0.00145456   0.00000000     0.00205319   0.00000000     0.00145456   0.00000000
 -0.00145456   0.00000000     0.00145456   0.00000000     0.00205319   0.00000000
    1    3
  0.00205319   0.00000000    -0.00145456   0.00000000    -0.00145456   0.00000000
 -0.00145456   0.00000000     0.00205319   0.00000000     0.00145456   0.00000000
 -0.00145456   0.00000000     0.00145456   0.00000000     0.00205319   0.00000000
    1    4
  0.00192704   0.00000000    -0.00021895  -0.00000000    -0.00021895  -0.00000000
 -0.00052558  -0.00000000    -0.00348435  -0.00000000     0.00043015   0.00000000
 -0.00052558  -0.00000000     0.00043015   0.00000000    -0.00348435  -0.00000000
    1    5
  0.00192704   0.00000000    -0.00021895  -0.00000000    -0.00021895  -0.00000000
 -0.00052558  -0.00000000    -0.00348435  -0.00000000     0.00043015   0.00000000
 -0.00052558  -0.00000000     0.00043015   0.00000000    -0.00348435  -0.00000000
    1    6
 -0.00348435  -0.00000000    -0.00052558  -0.00000000    -0.00043015  -0.00000000
 -0.00021895  -0.00000000     0.00192704   0.00000000     0.00021895   0.00000000
 -0.00043015  -0.00000000     0.00052558   0.00000000    -0.00348435  -0.00000000
    1    7
 -0.00348435  -0.00000000    -0.00052558  -0.00000000    -0.00043015  -0.00000000
 -0.00021895  -0.00000000     0.00192704   0.00000000     0.00021895   0.00000000
 -0.00043015  -0.00000000     0.00052558   0.00000000    -0.00348435  -0.00000000
    1    8
 -0.00348435  -0.00000000    -0.00043015  -0.00000000    -0.00052558  -0.00000000
 -0.00043015  -0.00000000    -0.00348435  -0.00000000     0.00052558   0.00000000
 -0.00021895  -0.00000000     0.00021895   0.00000000     0.00192704   0.00000000
    1    9
 -0.00348435  -0.00000000    -0.00043015  -0.00000000    -0.00052558  -0.00000000
 -0.00043015  -0.00000000    -0.00348435  -0.00000000     0.00052558   0.00000000
 -0.00021895  -0.00000000     0.00021895   0.00000000     0.00192704   0.00000000
    1   10
 -0.00335455  -0.00000000     0.00143710   0.00000000     0.00143710   0.00000000
  0.00143710   0.00000000    -0.00335455  -0.00000000    -0.00143710  -0.00000000
  0.00143710   0.00000000    -0.00143710  -0.00000000    -0.00335455  -0.00000000
    1   11
 -0.00335455  -0.00000000     0.00143710   0.00000000     0.00143710   0.00000000
  0.00143710   0.00000000    -0.00335455  -0.00000000    -0.00143710  -0.00000000
  0.00143710   0.00000000    -0.00143710  -0.00000000    -0.00335455  -0.00000000
    2    1
  0.00205319   0.00000000    -0.00145456   0.00000000    -0.00145456   0.00000000
 -0.00145456   0.00000000     0.00205319   0.00000000     0.00145456   0.00000000
 -0.00145456   0.00000000     0.00145456   0.00000000     0.00205319   0.00000000
    2    2
  0.00798520   0.00000000    -0.00049581   0.00000000    -0.00049581   0.00000000
 -0.00049581   0.00000000     0.00798520   0.00000000     0.00049581   0.00000000
 -0.00049581   0.00000000     0.00049581   0.00000000     0.00798520   0.00000000
    2    3
 -0.00404605   0.00000000     0.00020027   0.00000000     0.00020027   0.00000000
  0.00020027   0.00000000    -0.00404605   0.00000000    -0.00020027   0.00000000
  0.00020027   0.00000000    -0.00020027   0.00000000    -0.00404605   0.00000000
    2    4
  0.00008901   0.00000000     0.00195739   0.00000000     0.00195739   0.00000000
  0.00080384   0.00000000    -0.00078252  -0.00000000     0.00086829   0.00000000
  0.00080384   0.00000000     0.00086829   0.00000000    -0.00078252  -0.00000000
    2    5
  0.00037996   0.00000000    -0.00309416  -0.00000000    -0.00309416  -0.00000000
 -0.00192744  -0.00000000    -0.00181530  -0.00000000    -0.00106825  -0.00000000
 -0.00192744  -0.00000000    -0.00106825  -0.00000000    -0.00181530  -0.00000000
    2    6
 -0.00078252  -0.00000000     0.00080384   0.00000000    -0.00086829  -0.00000000
  0.00195739   0.00000000     0.00008901   0.00000000    -0.00195739  -0.00000000
 -0.00086829  -0.00000000    -0.00080384  -0.00000000    -0.00078252  -0.00000000
    2    7
 -0.00181530  -0.00000000    -0.00192744  -0.00000000     0.00106825   0.00000000
 -0.00309416  -0.00000000     0.00037996   0.00000000     0.00309416   0.00000000
  0.00106825   0.00000000     0.00192744   0.00000000    -0.00181530  -0.00000000
    2    8
 -0.00078252  -0.00000000    -0.00086829  -0.00000000     0.00080384   0.00000000
 -0.00086829  -0.00000000    -0.00078252  -0.00000000    -0.00080384  -0.00000000
  0.00195739   0.00000000    -0.00195739  -0.00000000     0.00008901   0.00000000
    2    9
 -0.00181530  -0.00000000     0.00106825   0.00000000    -0.00192744  -0.00000000
  0.00106825   0.00000000    -0.00181530  -0.00000000     0.00192744   0.00000000
 -0.00309416  -0.00000000     0.00309416   0.00000000     0.00037996   0.00000000
    2   10
 -0.00049671  -0.00000000     0.00009766   0.00000000     0.00009766   0.00000000
  0.00009766   0.00000000    -0.00049671  -0.00000000    -0.00009766  -0.00000000
  0.00009766   0.00000000    -0.00009766  -0.00000000    -0.00049671  -0.00000000
    2   11
 -0.00067135  -0.00000000     0.00143625   0.00000000     0.00143625   0.00000000
  0.00143625   0.00000000    -0.00067135  -0.00000000    -0.00143625  -0.00000000
  0.00143625   0.00000000    -0.00143625  -0.00000000    -0.00067135  -0.00000000
    3    1
  0.00205319   0.00000000    -0.00145456   0.00000000    -0.00145456   0.00000000
 -0.00145456   0.00000000     0.00205319   0.00000000     0.00145456   0.00000000
 -0.00145456   0.00000000     0.00145456   0.00000000     0.00205319   0.00000000
    3    2
 -0.00404605   0.00000000     0.00020027   0.00000000     0.00020027   0.00000000
  0.00020027   0.00000000    -0.00404605   0.00000000    -0.00020027   0.00000000
  0.00020027   0.00000000    -0.00020027   0.00000000    -0.00404605   0.00000000
    3    3
  0.00798520   0.00000000    -0.00049581   0.00000000    -0.00049581   0.00000000
 -0.00049581   0.00000000     0.00798520   0.00000000     0.00049581   0.00000000
 -0.00049581   0.00000000     0.00049581   0.00000000     0.00798520   0.00000000
    3    4
  0.00037996   0.00000000    -0.00309416  -0.00000000    -0.00309416  -0.00000000
 -0.00192744  -0.00000000    -0.00181530  -0.00000000    -0.00106825  -0.00000000
 -0.00192744  -0.00000000    -0.00106825  -0.00000000    -0.00181530  -0.00000000
    3    5
  0.00008901   0.00000000     0.00195739   0.00000000     0.00195739   0.00000000
  0.00080384   0.00000000    -0.00078252  -0.00000000     0.00086829   0.00000000
  0.00080384   0.00000000     0.00086829   0.00000000    -0.00078252  -0.00000000
    3    6
 -0.00181530  -0.00000000    -0.00192744  -0.00000000     0.00106825   0.00000000
 -0.00309416  -0.00000000     0.00037996   0.00000000     0.00309416   0.00000000
  0.00106825   0.00000000     0.00192744   0.00000000    -0.00181530  -0.00000000
    3    7
 -0.00078252  -0.00000000     0.00080384   0.00000000    -0.00086829  -0.00000000
  0.00195739   0.00000000     0.00008901   0.00000000    -0.00195739  -0.00000000
 -0.00086829  -0.00000000    -0.00080384  -0.00000000    -0.00078252  -0.00000000
    3    8
 -0.00181530  -0.00000000     0.00106825   0.00000000    -0.00192744  -0.00000000
  0.00106825   0.00000000    -0.00181530  -0.00000000     0.00192744   0.00000000
 -0.00309416  -0.00000000     0.00309416   0.00000000     0.00037996   0.00000000
    3    9
 -0.00078252  -0.00000000    -0.00086829  -0.00000000     0.00080384   0.00000000
 -0.00086829  -0.00000000    -0.00078252  -0.00000000    -0.00080384  -0.00000000
  0.00195739   0.00000000    -0.00195739  -0.00000000     0.00008901   0.00000000
    3   10
 -0.00067135  -0.00000000     0.00143625   0.00000000     0.00143625   0.00000000
  0.00143625   0.00000000    -0.00067135  -0.00000000    -0.00143625  -0.00000000
  0.00143625   0.00000000    -0.00143625  -0.00000000    -0.00067135  -0.00000000
    3   11
 -0.00049671  -0.00000000     0.00009766   0.00000000     0.00009766   0.00000000
  0.00009766   0.00000000    -0.00049671  -0.00000000    -0.00009766  -0.00000000
  0.00009766   0.00000000    -0.00009766  -0.00000000    -0.00049671  -0.00000000
    4    1
  0.00192704  -0.00000000    -0.00052558   0.00000000    -0.00052558   0.00000000
