  2.000000000000000E-002   1.62638105529072        4.52835738622022     
           6

     Dynamical  Matrix in cartesian axes

     q = (    0.471404521   0.000000000   0.000000000 ) 

    1    1
  0.24377718   0.00000000     0.00000000   0.00000000    -0.00000000   0.00000000
  0.00000000   0.00000000     0.09439995   0.00000000     0.00000000   0.00000000
 -0.00000000   0.00000000     0.00000000   0.00000000     0.09439995   0.00000000
    1    2
  0.01682660   0.02914453     0.00000000  -0.00000000    -0.00000000   0.00000000
 -0.00000000   0.00000000    -0.01226674  -0.02124661    -0.02514914   0.01451986
 -0.00000000  -0.00000000    -0.02514914   0.01451986    -0.01226674  -0.02124661
    1    3
  0.01682660  -0.02914453     0.00000000   0.00000000    -0.00000000  -0.00000000
 -0.00000000  -0.00000000    -0.01226674   0.02124661    -0.02514914  -0.01451986
 -0.00000000   0.00000000    -0.02514914  -0.01451986    -0.01226674   0.02124661
    1    4
 -0.00094348  -0.00862715     0.00831673   0.01122738     0.00831673   0.01122738
  0.01051082  -0.00584897     0.00837948  -0.00023502     0.00814609   0.00010457
  0.01051082  -0.00584897     0.00814609   0.00010457     0.00837948  -0.00023502
    1    5
 -0.00094348   0.00862715     0.00831673  -0.01122738     0.00831673  -0.01122738
  0.01051082   0.00584897     0.00837948   0.00023502     0.00814609  -0.00010457
  0.01051082   0.00584897     0.00814609  -0.00010457     0.00837948   0.00023502
    1    6
  0.00794308  -0.00349650    -0.01388156  -0.00158881     0.01388156   0.00158881
 -0.00019005  -0.01202712    -0.00398621  -0.00737435     0.00416360   0.00700243
  0.00019005   0.01202712     0.00416360   0.00700243    -0.00398621  -0.00737435
    1    7
  0.00794308   0.00349650    -0.01388156   0.00158881     0.01388156  -0.00158881
 -0.00019005   0.01202712    -0.00398621   0.00737435     0.00416360  -0.00700243
  0.00019005  -0.01202712     0.00416360  -0.00700243    -0.00398621   0.00737435
    1    8
  0.00794308  -0.00349650     0.01388156   0.00158881    -0.01388156  -0.00158881
  0.00019005   0.01202712    -0.00398621  -0.00737435     0.00416360   0.00700243
 -0.00019005  -0.01202712     0.00416360   0.00700243    -0.00398621  -0.00737435
    1    9
  0.00794308   0.00349650     0.01388156  -0.00158881    -0.01388156   0.00158881
  0.00019005  -0.01202712    -0.00398621   0.00737435     0.00416360  -0.00700243
 -0.00019005   0.01202712     0.00416360  -0.00700243    -0.00398621   0.00737435
    1   10
 -0.00094348  -0.00862715    -0.00831673  -0.01122738    -0.00831673  -0.01122738
 -0.01051082   0.00584897     0.00837948  -0.00023502     0.00814609   0.00010457
 -0.01051082   0.00584897     0.00814609   0.00010457     0.00837948  -0.00023502
    1   11
 -0.00094348   0.00862715    -0.00831673   0.01122738    -0.00831673   0.01122738
 -0.01051082  -0.00584897     0.00837948   0.00023502     0.00814609  -0.00010457
 -0.01051082  -0.00584897     0.00814609  -0.00010457     0.00837948   0.00023502
    2    1
  0.01682660  -0.02914453    -0.00000000  -0.00000000    -0.00000000   0.00000000
  0.00000000   0.00000000    -0.01226674   0.02124661    -0.02514914  -0.01451986
 -0.00000000  -0.00000000    -0.02514914  -0.01451986    -0.01226674   0.02124661
    2    2
  0.07689523  -0.00000000     0.00000000   0.00000000    -0.00000000   0.00000000
  0.00000000   0.00000000     0.03684261  -0.00000000    -0.00000000  -0.00000000
 -0.00000000   0.00000000    -0.00000000  -0.00000000     0.03684261   0.00000000
    2    3
 -0.00278881  -0.00483036     0.00000000   0.00000000     0.00000000   0.00000000
  0.00000000   0.00000000    -0.00138375  -0.00239672     0.01411969  -0.00815201
 -0.00000000   0.00000000     0.01411969  -0.00815201    -0.00138375  -0.00239672
    2    4
 -0.00712719  -0.01583713     0.00187385   0.00325320     0.00187385   0.00325320
 -0.00360468   0.00289283    -0.00306069   0.00399280    -0.00135344   0.00645641
 -0.00360468   0.00289283    -0.00135344   0.00645641    -0.00306069   0.00399280
    2    5
  0.00280455  -0.00392272    -0.01677297   0.00212618    -0.01677297   0.00212618
 -0.00930605  -0.00149122    -0.00992576   0.00107715    -0.01169223  -0.00219435
 -0.00930605  -0.00149122    -0.01169223  -0.00219435    -0.00992576   0.00107715
    2    6
 -0.01015176  -0.01409089     0.00188043   0.00324940    -0.00188043  -0.00324940
  0.00430760  -0.00167533     0.00498821  -0.00065424    -0.00626813  -0.00205609
 -0.00430760   0.00167533    -0.00626813  -0.00205609     0.00498821  -0.00065424
    2    7
  0.00280455   0.00392272    -0.01677297  -0.00212618     0.01677297   0.00212618
 -0.00930605   0.00149122    -0.00992576  -0.00107715     0.01169223  -0.00219435
  0.00930605  -0.00149122     0.01169223  -0.00219435    -0.00992576  -0.00107715
    2    8
 -0.01015176  -0.01409089    -0.00188043  -0.00324940     0.00188043   0.00324940
 -0.00430760   0.00167533     0.00498821  -0.00065424    -0.00626813  -0.00205609
  0.00430760  -0.00167533    -0.00626813  -0.00205609     0.00498821  -0.00065424
    2    9
  0.00280455   0.00392272     0.01677297   0.00212618    -0.01677297  -0.00212618
  0.00930605  -0.00149122    -0.00992576  -0.00107715     0.01169223  -0.00219435
 -0.00930605   0.00149122     0.01169223  -0.00219435    -0.00992576  -0.00107715
    2   10
 -0.00712719  -0.01583713    -0.00187385  -0.00325320    -0.00187385  -0.00325320
  0.00360468  -0.00289283    -0.00306069   0.00399280    -0.00135344   0.00645641
  0.00360468  -0.00289283    -0.00135344   0.00645641    -0.00306069   0.00399280
    2   11
  0.00280455  -0.00392272     0.01677297  -0.00212618     0.01677297  -0.00212618
  0.00930605   0.00149122    -0.00992576   0.00107715    -0.01169223  -0.00219435
  0.00930605   0.00149122    -0.01169223  -0.00219435    -0.00992576   0.00107715
    3    1
  0.01682660   0.02914453    -0.00000000   0.00000000    -0.00000000  -0.00000000
  0.00000000  -0.00000000    -0.01226674  -0.02124661    -0.02514914   0.01451986
 -0.00000000   0.00000000    -0.02514914   0.01451986    -0.01226674  -0.02124661
    3    2
 -0.00278881   0.00483036     0.00000000  -0.00000000     0.00000000  -0.00000000
  0.00000000  -0.00000000    -0.00138375   0.00239672     0.01411969   0.00815201
 -0.00000000  -0.00000000     0.01411969   0.00815201    -0.00138375   0.00239672
    3    3
  0.07689523   0.00000000     0.00000000  -0.00000000    -0.00000000  -0.00000000
  0.00000000  -0.00000000     0.03684261   0.00000000    -0.00000000   0.00000000
 -0.00000000  -0.00000000    -0.00000000   0.00000000     0.03684261  -0.00000000
    3    4
  0.00280455   0.00392272    -0.01677297  -0.00212618    -0.01677297  -0.00212618
 -0.00930605   0.00149122    -0.00992576  -0.00107715    -0.01169223   0.00219435
 -0.00930605   0.00149122    -0.01169223   0.00219435    -0.00992576  -0.00107715
    3    5
 -0.00712719   0.01583713     0.00187385  -0.00325320     0.00187385  -0.00325320
 -0.00360468  -0.00289283    -0.00306069  -0.00399280    -0.00135344  -0.00645641
 -0.00360468  -0.00289283    -0.00135344  -0.00645641    -0.00306069  -0.00399280
    3    6
  0.00280455  -0.00392272    -0.01677297   0.00212618     0.01677297  -0.00212618
 -0.00930605  -0.00149122    -0.00992576   0.00107715     0.01169223   0.00219435
  0.00930605   0.00149122     0.01169223   0.00219435    -0.00992576   0.00107715
    3    7
 -0.01015176   0.01409089     0.00188043  -0.00324940    -0.00188043   0.00324940
  0.00430760   0.00167533     0.00498821   0.00065424    -0.00626813   0.00205609
 -0.00430760  -0.00167533    -0.00626813   0.00205609     0.00498821   0.00065424
    3    8
  0.00280455  -0.00392272     0.01677297  -0.00212618    -0.01677297   0.00212618
  0.00930605   0.00149122    -0.00992576   0.00107715     0.01169223   0.00219435
 -0.00930605  -0.00149122     0.01169223   0.00219435    -0.00992576   0.00107715
    3    9
 -0.01015176   0.01409089    -0.00188043   0.00324940     0.00188043  -0.00324940
 -0.00430760  -0.00167533     0.00498821   0.00065424    -0.00626813   0.00205609
  0.00430760   0.00167533    -0.00626813   0.00205609     0.00498821   0.00065424
    3   10
  0.00280455   0.00392272     0.01677297   0.00212618     0.01677297   0.00212618
  0.00930605  -0.00149122    -0.00992576  -0.00107715    -0.01169223   0.00219435
  0.00930605  -0.00149122    -0.01169223   0.00219435    -0.00992576  -0.00107715
    3   11
 -0.00712719   0.01583713    -0.00187385   0.00325320    -0.00187385   0.00325320
  0.00360468   0.00289283    -0.00306069  -0.00399280    -0.00135344  -0.00645641
  0.00360468   0.00289283    -0.00135344  -0.00645641    -0.00306069  -0.00399280
    4    1
 -0.00094348   0.00862715     0.01051082   0.00584897     0.01051082   0.00584897
  0.00831673  -0.01122738     0.00837948   0.00023502     0.00814609  -0.00010457
  0.00831673  -0.01122738     0.00814609  -0.00010457     0.00837948   0.00023502
    4    2
 -0.00712719   0.01583713    -0.00360468  -0.00289283    -0.00360468  -0.00289283
  0.00187385  -0.00325320    -0.00306069  -0.00399280    -0.00135344  -0.00645641
  0.00187385  -0.00325320    -0.00135344  -0.00645641    -0.00306069  -0.00399280
    4    3
  0.00280455  -0.00392272    -0.00930605  -0.00149122    -0.00930605  -0.00149122
 -0.01677297   0.00212618    -0.00992576   0.00107715    -0.01169223  -0.00219435
 -0.01677297   0.00212618    -0.01169223  -0.00219435    -0.00992576   0.00107715
    4    4
  0.03265454   0.00000000    -0.00163782   0.00034679    -0.00163782   0.00034679
 -0.00163782  -0.00034679     0.03233326  -0.00000000     0.01038886  -0.00000000
 -0.00163782  -0.00034679     0.01038886  -0.00000000     0.03233326   0.00000000
    4    5
  0.00539554  -0.00045303     0.00143021   0.00144749     0.00143021   0.00144749
  0.00143021   0.00144749     0.00359995   0.00348818    -0.00241348   0.00438888
  0.00143021   0.00144749    -0.00241348   0.00438888     0.00359995   0.00348818
    4    6
  0.00511060  -0.00127207    -0.00103867   0.00146254     0.00223490  -0.00266352
 -0.00103867   0.00146254    -0.00301849  -0.00540643    -0.00004899   0.00078456
 -0.00223490   0.00266352     0.00004899  -0.00078456    -0.00074539   0.00181942
    4    7
 -0.00031249   0.00054125     0.00229263  -0.00526138    -0.00192772   0.00430440
  0.00341018  -0.00461617    -0.00266551   0.00461679    -0.00036713  -0.00145558
  0.00276386  -0.00382166    -0.00144414   0.00040985     0.00771810  -0.01336814
    4    8
  0.00511060  -0.00127207     0.00223490  -0.00266352    -0.00103867   0.00146254
 -0.00223490   0.00266352    -0.00074539   0.00181942     0.00004899  -0.00078456
 -0.00103867   0.00146254    -0.00004899   0.00078456    -0.00301849  -0.00540643
    4    9
 -0.00031249   0.00054125    -0.00192772   0.00430440     0.00229263  -0.00526138
  0.00276386  -0.00382166     0.00771810  -0.01336814    -0.00144414   0.00040985
  0.00341018  -0.00461617    -0.00036713  -0.00145558    -0.00266551   0.00461679
    4   10
  0.00242518   0.00000000     0.00626911   0.00154915     0.00626911   0.00154915
 -0.00626911   0.00154915    -0.00249659   0.00000000     0.00484050   0.00000000
 -0.00626911   0.00154915     0.00484050   0.00000000    -0.00249659  -0.00000000
    4   11
  0.00954565   0.01006863     0.00310393   0.00557087     0.00310393   0.00557087
 -0.00310393  -0.00557087    -0.00680116   0.00782575    -0.00041678   0.00602697
 -0.00310393  -0.00557087    -0.00041678   0.00602697    -0.00680116   0.00782575
    5    1
 -0.00094348  -0.00862715     0.01051082  -0.00584897     0.01051082  -0.00584897
  0.00831673   0.01122738     0.00837948  -0.00023502     0.00814609   0.00010457
  0.00831673   0.01122738     0.00814609   0.00010457     0.00837948  -0.00023502
    5    2
  0.00280455   0.00392272    -0.00930605   0.00149122    -0.00930605   0.00149122
 -0.01677297  -0.00212618    -0.00992576  -0.00107715    -0.01169223   0.00219435
 -0.01677297  -0.00212618    -0.01169223   0.00219435    -0.00992576  -0.00107715
    5    3
 -0.00712719  -0.01583713    -0.00360468   0.00289283    -0.00360468   0.00289283
  0.00187385   0.00325320    -0.00306069   0.00399280    -0.00135344   0.00645641
  0.00187385   0.00325320    -0.00135344   0.00645641    -0.00306069   0.00399280
    5    4
  0.00539554   0.00045303     0.00143021  -0.00144749     0.00143021  -0.00144749
  0.00143021  -0.00144749     0.00359995  -0.00348818    -0.00241348  -0.00438888
  0.00143021  -0.00144749    -0.00241348  -0.00438888     0.00359995  -0.00348818
    5    5
  0.03265454  -0.00000000    -0.00163782  -0.00034679    -0.00163782  -0.00034679
 -0.00163782   0.00034679     0.03233326   0.00000000     0.01038886   0.00000000
 -0.00163782   0.00034679     0.01038886   0.00000000     0.03233326  -0.00000000
    5    6
 -0.00031249  -0.00054125     0.00229263   0.00526138    -0.00192772  -0.00430440
  0.00341018   0.00461617    -0.00266551  -0.00461679    -0.00036713   0.00145558
  0.00276386   0.00382166    -0.00144414  -0.00040985     0.00771810   0.01336814
    5    7
  0.00511060   0.00127207    -0.00103867  -0.00146254     0.00223490   0.00266352
 -0.00103867  -0.00146254    -0.00301849   0.00540643    -0.00004899  -0.00078456
 -0.00223490  -0.00266352     0.00004899   0.00078456    -0.00074539  -0.00181942
    5    8
 -0.00031249  -0.00054125    -0.00192772  -0.00430440     0.00229263   0.00526138
  0.00276386   0.00382166     0.00771810   0.01336814    -0.00144414  -0.00040985
  0.00341018   0.00461617    -0.00036713   0.00145558    -0.00266551  -0.00461679
    5    9
  0.00511060   0.00127207     0.00223490   0.00266352    -0.00103867  -0.00146254
 -0.00223490  -0.00266352    -0.00074539  -0.00181942     0.00004899   0.00078456
 -0.00103867  -0.00146254    -0.00004899  -0.00078456    -0.00301849   0.00540643
    5   10
  0.00954565  -0.01006863     0.00310393  -0.00557087     0.00310393  -0.00557087
 -0.00310393   0.00557087    -0.00680116  -0.00782575    -0.00041678  -0.00602697
 -0.00310393   0.00557087    -0.00041678  -0.00602697    -0.00680116  -0.00782575
    5   11
  0.00242518  -0.00000000     0.00626911  -0.00154915     0.00626911  -0.00154915
 -0.00626911  -0.00154915    -0.00249659  -0.00000000     0.00484050   0.00000000
 -0.00626911  -0.00154915     0.00484050   0.00000000    -0.00249659  -0.00000000
    6    1
  0.00794308   0.00349650    -0.00019005   0.01202712     0.00019005  -0.01202712
 -0.01388156   0.00158881    -0.00398621   0.00737435     0.00416360  -0.00700243
  0.01388156  -0.00158881     0.00416360  -0.00700243    -0.00398621   0.00737435
    6    2
 -0.01015176   0.01409089     0.00430760   0.00167533    -0.00430760  -0.00167533
  0.00188043  -0.00324940     0.00498821   0.00065424    -0.00626813   0.00205609
 -0.00188043   0.00324940    -0.00626813   0.00205609     0.00498821   0.00065424
    6    3
  0.00280455   0.00392272    -0.00930605   0.00149122     0.00930605  -0.00149122
 -0.01677297  -0.00212618    -0.00992576  -0.00107715     0.01169223  -0.00219435
  0.01677297   0.00212618     0.01169223  -0.00219435    -0.00992576  -0.00107715
    6    4
  0.00511060   0.00127207    -0.00103867  -0.00146254    -0.00223490  -0.00266352
 -0.00103867  -0.00146254    -0.00301849   0.00540643     0.00004899   0.00078456
  0.00223490   0.00266352    -0.00004899  -0.00078456    -0.00074539  -0.00181942
    6    5
 -0.00031249   0.00054125     0.00341018  -0.00461617     0.00276386  -0.00382166
  0.00229263  -0.00526138    -0.00266551   0.00461679    -0.00144414   0.00040985
 -0.00192772   0.00430440    -0.00036713  -0.00145558     0.00771810  -0.01336814
    6    6
  0.03265454  -0.00000000    -0.00163782  -0.00034679     0.00163782   0.00034679
 -0.00163782   0.00034679     0.03233326  -0.00000000    -0.01038886  -0.00000000
  0.00163782  -0.00034679    -0.01038886  -0.00000000     0.03233326   0.00000000
    6    7
 -0.00230544  -0.00489919    -0.00196867  -0.00051486     0.00196867   0.00051486
 -0.00196867  -0.00051486    -0.00482082  -0.00137356     0.00259414  -0.00428458
  0.00196867   0.00051486     0.00259414  -0.00428458    -0.00482082  -0.00137356
    6    8
  0.00242518  -0.00000000     0.00626911  -0.00154915    -0.00626911   0.00154915
 -0.00626911  -0.00154915    -0.00249659  -0.00000000    -0.00484050   0.00000000
  0.00626911   0.00154915    -0.00484050   0.00000000    -0.00249659  -0.00000000
    6    9
 -0.01349251  -0.00323246    -0.00637648   0.00009735     0.00637648  -0.00009735
  0.00637648  -0.00009735    -0.00337672   0.00980285     0.00501112  -0.00337443
 -0.00637648   0.00009735     0.00501112  -0.00337443    -0.00337672   0.00980285
    6   10
  0.00511060   0.00127207     0.00223490   0.00266352     0.00103867   0.00146254
 -0.00223490  -0.00266352    -0.00074539  -0.00181942    -0.00004899  -0.00078456
  0.00103867   0.00146254     0.00004899   0.00078456    -0.00301849   0.00540643
    6   11
 -0.00031249   0.00054125    -0.00276386   0.00382166    -0.00341018   0.00461617
  0.00192772  -0.00430440     0.00771810  -0.01336814    -0.00036713  -0.00145558
 -0.00229263   0.00526138    -0.00144414   0.00040985    -0.00266551   0.00461679
    7    1
  0.00794308  -0.00349650    -0.00019005  -0.01202712     0.00019005   0.01202712
 -0.01388156  -0.00158881    -0.00398621  -0.00737435     0.00416360   0.00700243
  0.01388156   0.00158881     0.00416360   0.00700243    -0.00398621  -0.00737435
    7    2
  0.00280455  -0.00392272    -0.00930605  -0.00149122     0.00930605   0.00149122
 -0.01677297   0.00212618    -0.00992576   0.00107715     0.01169223   0.00219435
  0.01677297  -0.00212618     0.01169223   0.00219435    -0.00992576   0.00107715
    7    3
 -0.01015176  -0.01409089     0.00430760  -0.00167533    -0.00430760   0.00167533
  0.00188043   0.00324940     0.00498821  -0.00065424    -0.00626813  -0.00205609
 -0.00188043  -0.00324940    -0.00626813  -0.00205609     0.00498821  -0.00065424
    7    4
 -0.00031249  -0.00054125     0.00341018   0.00461617     0.00276386   0.00382166
  0.00229263   0.00526138    -0.00266551  -0.00461679    -0.00144414  -0.00040985
 -0.00192772  -0.00430440    -0.00036713   0.00145558     0.00771810   0.01336814
    7    5
  0.00511060  -0.00127207    -0.00103867   0.00146254    -0.00223490   0.00266352
 -0.00103867   0.00146254    -0.00301849  -0.00540643     0.00004899  -0.00078456
  0.00223490  -0.00266352    -0.00004899   0.00078456    -0.00074539   0.00181942
    7    6
 -0.00230544   0.00489919    -0.00196867   0.00051486     0.00196867  -0.00051486
 -0.00196867   0.00051486    -0.00482082   0.00137356     0.00259414   0.00428458
  0.00196867  -0.00051486     0.00259414   0.00428458    -0.00482082   0.00137356
    7    7
  0.03265454   0.00000000    -0.00163782   0.00034679     0.00163782  -0.00034679
 -0.00163782  -0.00034679     0.03233326   0.00000000    -0.01038886   0.00000000
  0.00163782   0.00034679    -0.01038886   0.00000000     0.03233326  -0.00000000
    7    8
 -0.01349251   0.00323246    -0.00637648  -0.00009735     0.00637648   0.00009735
  0.00637648   0.00009735    -0.00337672  -0.00980285     0.00501112   0.00337443
 -0.00637648  -0.00009735     0.00501112   0.00337443    -0.00337672  -0.00980285
    7    9
  0.00242518   0.00000000     0.00626911   0.00154915    -0.00626911  -0.00154915
 -0.00626911   0.00154915    -0.00249659   0.00000000    -0.00484050  -0.00000000
  0.00626911  -0.00154915    -0.00484050  -0.00000000    -0.00249659   0.00000000
    7   10
 -0.00031249  -0.00054125    -0.00276386  -0.00382166    -0.00341018  -0.00461617
  0.00192772   0.00430440     0.00771810   0.01336814    -0.00036713   0.00145558
 -0.00229263  -0.00526138    -0.00144414  -0.00040985    -0.00266551  -0.00461679
    7   11
  0.00511060  -0.00127207     0.00223490  -0.00266352     0.00103867  -0.00146254
 -0.00223490   0.00266352    -0.00074539   0.00181942    -0.00004899   0.00078456
  0.00103867  -0.00146254     0.00004899  -0.00078456    -0.00301849  -0.00540643
    8    1
  0.00794308   0.00349650     0.00019005  -0.01202712    -0.00019005   0.01202712
  0.01388156  -0.00158881    -0.00398621   0.00737435     0.00416360  -0.00700243
 -0.01388156   0.00158881     0.00416360  -0.00700243    -0.00398621   0.00737435
    8    2
 -0.01015176   0.01409089    -0.00430760  -0.00167533     0.00430760   0.00167533
 -0.00188043   0.00324940     0.00498821   0.00065424    -0.00626813   0.00205609
  0.00188043  -0.00324940    -0.00626813   0.00205609     0.00498821   0.00065424
    8    3
  0.00280455   0.00392272     0.00930605  -0.00149122    -0.00930605   0.00149122
  0.01677297   0.00212618    -0.00992576  -0.00107715     0.01169223  -0.00219435
 -0.01677297  -0.00212618     0.01169223  -0.00219435    -0.00992576  -0.00107715
    8    4
  0.00511060   0.00127207    -0.00223490  -0.00266352    -0.00103867  -0.00146254
  0.00223490   0.00266352    -0.00074539  -0.00181942    -0.00004899  -0.00078456
 -0.00103867  -0.00146254     0.00004899   0.00078456    -0.00301849   0.00540643
    8    5
 -0.00031249   0.00054125     0.00276386  -0.00382166     0.00341018  -0.00461617
 -0.00192772   0.00430440     0.00771810  -0.01336814    -0.00036713  -0.00145558
  0.00229263  -0.00526138    -0.00144414   0.00040985    -0.00266551   0.00461679
    8    6
  0.00242518   0.00000000    -0.00626911   0.00154915     0.00626911  -0.00154915
  0.00626911   0.00154915    -0.00249659   0.00000000    -0.00484050   0.00000000
 -0.00626911  -0.00154915    -0.00484050   0.00000000    -0.00249659   0.00000000
    8    7
 -0.01349251  -0.00323246     0.00637648  -0.00009735    -0.00637648   0.00009735
 -0.00637648   0.00009735    -0.00337672   0.00980285     0.00501112  -0.00337443
  0.00637648  -0.00009735     0.00501112  -0.00337443    -0.00337672   0.00980285
    8    8
  0.03265454  -0.00000000     0.00163782   0.00034679    -0.00163782  -0.00034679
  0.00163782  -0.00034679     0.03233326  -0.00000000    -0.01038886  -0.00000000
 -0.00163782   0.00034679    -0.01038886  -0.00000000     0.03233326  -0.00000000
    8    9
 -0.00230544  -0.00489919     0.00196867   0.00051486    -0.00196867  -0.00051486
  0.00196867   0.00051486    -0.00482082  -0.00137356     0.00259414  -0.00428458
 -0.00196867  -0.00051486     0.00259414  -0.00428458    -0.00482082  -0.00137356
    8   10
  0.00511060   0.00127207     0.00103867   0.00146254     0.00223490   0.00266352
  0.00103867   0.00146254    -0.00301849   0.00540643     0.00004899   0.00078456
 -0.00223490  -0.00266352    -0.00004899  -0.00078456    -0.00074539  -0.00181942
    8   11
 -0.00031249   0.00054125    -0.00341018   0.00461617    -0.00276386   0.00382166
 -0.00229263   0.00526138    -0.00266551   0.00461679    -0.00144414   0.00040985
  0.00192772  -0.00430440    -0.00036713  -0.00145558     0.00771810  -0.01336814
    9    1
  0.00794308  -0.00349650     0.00019005   0.01202712    -0.00019005  -0.01202712
  0.01388156   0.00158881    -0.00398621  -0.00737435     0.00416360   0.00700243
 -0.01388156  -0.00158881     0.00416360   0.00700243    -0.00398621  -0.00737435
    9    2
  0.00280455  -0.00392272     0.00930605   0.00149122    -0.00930605  -0.00149122
  0.01677297  -0.00212618    -0.00992576   0.00107715     0.01169223   0.00219435
 -0.01677297   0.00212618     0.01169223   0.00219435    -0.00992576   0.00107715
    9    3
 -0.01015176  -0.01409089    -0.00430760   0.00167533     0.00430760  -0.00167533
 -0.00188043  -0.00324940     0.00498821  -0.00065424    -0.00626813  -0.00205609
  0.00188043   0.00324940    -0.00626813  -0.00205609     0.00498821  -0.00065424
    9    4
 -0.00031249  -0.00054125     0.00276386   0.00382166     0.00341018   0.00461617
 -0.00192772  -0.00430440     0.00771810   0.01336814    -0.00036713   0.00145558
  0.00229263   0.00526138    -0.00144414  -0.00040985    -0.00266551  -0.00461679
    9    5
  0.00511060  -0.00127207    -0.00223490   0.00266352    -0.00103867   0.00146254
  0.00223490  -0.00266352    -0.00074539   0.00181942    -0.00004899   0.00078456
 -0.00103867   0.00146254     0.00004899  -0.00078456    -0.00301849  -0.00540643
    9    6
 -0.01349251   0.00323246     0.00637648   0.00009735    -0.00637648  -0.00009735
 -0.00637648  -0.00009735    -0.00337672  -0.00980285     0.00501112   0.00337443
  0.00637648   0.00009735     0.00501112   0.00337443    -0.00337672  -0.00980285
    9    7
  0.00242518   0.00000000    -0.00626911  -0.00154915     0.00626911   0.00154915
  0.00626911  -0.00154915    -0.00249659   0.00000000    -0.00484050   0.00000000
 -0.00626911   0.00154915    -0.00484050   0.00000000    -0.00249659   0.00000000
    9    8
 -0.00230544   0.00489919     0.00196867  -0.00051486    -0.00196867   0.00051486
  0.00196867  -0.00051486    -0.00482082   0.00137356     0.00259414   0.00428458
 -0.00196867   0.00051486     0.00259414   0.00428458    -0.00482082   0.00137356
    9    9
  0.03265454   0.00000000     0.00163782  -0.00034679    -0.00163782   0.00034679
  0.00163782   0.00034679     0.03233326   0.00000000    -0.01038886   0.00000000
 -0.00163782  -0.00034679    -0.01038886   0.00000000     0.03233326   0.00000000
    9   10
 -0.00031249  -0.00054125    -0.00341018  -0.00461617    -0.00276386  -0.00382166
 -0.00229263  -0.00526138    -0.00266551  -0.00461679    -0.00144414  -0.00040985
  0.00192772   0.00430440    -0.00036713   0.00145558     0.00771810   0.01336814
    9   11
  0.00511060  -0.00127207     0.00103867  -0.00146254     0.00223490  -0.00266352
  0.00103867  -0.00146254    -0.00301849  -0.00540643     0.00004899  -0.00078456
 -0.00223490   0.00266352    -0.00004899   0.00078456    -0.00074539   0.00181942
   10    1
 -0.00094348   0.00862715    -0.01051082  -0.00584897    -0.01051082  -0.00584897
 -0.00831673   0.01122738     0.00837948   0.00023502     0.00814609  -0.00010457
 -0.00831673   0.01122738     0.00814609  -0.00010457     0.00837948   0.00023502
   10    2
 -0.00712719   0.01583713     0.00360468   0.00289283     0.00360468   0.00289283
 -0.00187385   0.00325320    -0.00306069  -0.00399280    -0.00135344  -0.00645641
 -0.00187385   0.00325320    -0.00135344  -0.00645641    -0.00306069  -0.00399280
   10    3
  0.00280455  -0.00392272     0.00930605   0.00149122     0.00930605   0.00149122
  0.01677297  -0.00212618    -0.00992576   0.00107715    -0.01169223  -0.00219435
  0.01677297  -0.00212618    -0.01169223  -0.00219435    -0.00992576   0.00107715
   10    4
  0.00242518   0.00000000    -0.00626911  -0.00154915    -0.00626911  -0.00154915
  0.00626911  -0.00154915    -0.00249659  -0.00000000     0.00484050  -0.00000000
  0.00626911  -0.00154915     0.00484050   0.00000000    -0.00249659   0.00000000
   10    5
  0.00954565   0.01006863    -0.00310393  -0.00557087    -0.00310393  -0.00557087
  0.00310393   0.00557087    -0.00680116   0.00782575    -0.00041678   0.00602697
  0.00310393   0.00557087    -0.00041678   0.00602697    -0.00680116   0.00782575
   10    6
  0.00511060  -0.00127207    -0.00223490   0.00266352     0.00103867  -0.00146254
  0.00223490  -0.00266352    -0.00074539   0.00181942     0.00004899  -0.00078456
  0.00103867  -0.00146254    -0.00004899   0.00078456    -0.00301849  -0.00540643
   10    7
 -0.00031249   0.00054125     0.00192772  -0.00430440    -0.00229263   0.00526138
 -0.00276386   0.00382166     0.00771810  -0.01336814    -0.00144414   0.00040985
 -0.00341018   0.00461617    -0.00036713  -0.00145558    -0.00266551   0.00461679
   10    8
  0.00511060  -0.00127207     0.00103867  -0.00146254    -0.00223490   0.00266352
  0.00103867  -0.00146254    -0.00301849  -0.00540643    -0.00004899   0.00078456
  0.00223490  -0.00266352     0.00004899  -0.00078456    -0.00074539   0.00181942
   10    9
 -0.00031249   0.00054125    -0.00229263   0.00526138     0.00192772  -0.00430440
 -0.00341018   0.00461617    -0.00266551   0.00461679    -0.00036713  -0.00145558
 -0.00276386   0.00382166    -0.00144414   0.00040985     0.00771810  -0.01336814
   10   10
  0.03265454   0.00000000     0.00163782  -0.00034679     0.00163782  -0.00034679
  0.00163782   0.00034679     0.03233326   0.00000000     0.01038886  -0.00000000
  0.00163782   0.00034679     0.01038886  -0.00000000     0.03233326   0.00000000
   10   11
  0.00539554  -0.00045303    -0.00143021  -0.00144749    -0.00143021  -0.00144749
 -0.00143021  -0.00144749     0.00359995   0.00348818    -0.00241348   0.00438888
 -0.00143021  -0.00144749    -0.00241348   0.00438888     0.00359995   0.00348818
   11    1
 -0.00094348  -0.00862715    -0.01051082   0.00584897    -0.01051082   0.00584897
 -0.00831673  -0.01122738     0.00837948  -0.00023502     0.00814609   0.00010457
 -0.00831673  -0.01122738     0.00814609   0.00010457     0.00837948  -0.00023502
   11    2
  0.00280455   0.00392272     0.00930605  -0.00149122     0.00930605  -0.00149122
  0.01677297   0.00212618    -0.00992576  -0.00107715    -0.01169223   0.00219435
  0.01677297   0.00212618    -0.01169223   0.00219435    -0.00992576  -0.00107715
   11    3
 -0.00712719  -0.01583713     0.00360468  -0.00289283     0.00360468  -0.00289283
 -0.00187385  -0.00325320    -0.00306069   0.00399280    -0.00135344   0.00645641
 -0.00187385  -0.00325320    -0.00135344   0.00645641    -0.00306069   0.00399280
   11    4
  0.00954565  -0.01006863    -0.00310393   0.00557087    -0.00310393   0.00557087
  0.00310393  -0.00557087    -0.00680116  -0.00782575    -0.00041678  -0.00602697
  0.00310393  -0.00557087    -0.00041678  -0.00602697    -0.00680116  -0.00782575
   11    5
  0.00242518  -0.00000000    -0.00626911   0.00154915    -0.00626911   0.00154915
  0.00626911   0.00154915    -0.00249659   0.00000000     0.00484050   0.00000000
  0.00626911   0.00154915     0.00484050  -0.00000000    -0.00249659  -0.00000000
   11    6
 -0.00031249  -0.00054125     0.00192772   0.00430440    -0.00229263  -0.00526138
 -0.00276386  -0.00382166     0.00771810   0.01336814    -0.00144414  -0.00040985
 -0.00341018  -0.00461617    -0.00036713   0.00145558    -0.00266551  -0.00461679
   11    7
  0.00511060   0.00127207    -0.00223490  -0.00266352     0.00103867   0.00146254
  0.00223490   0.00266352    -0.00074539  -0.00181942     0.00004899   0.00078456
  0.00103867   0.00146254    -0.00004899  -0.00078456    -0.00301849   0.00540643
   11    8
 -0.00031249  -0.00054125    -0.00229263  -0.00526138     0.00192772   0.00430440
 -0.00341018  -0.00461617    -0.00266551  -0.00461679    -0.00036713   0.00145558
 -0.00276386  -0.00382166    -0.00144414  -0.00040985     0.00771810   0.01336814
   11    9
  0.00511060   0.00127207     0.00103867   0.00146254    -0.00223490  -0.00266352
  0.00103867   0.00146254    -0.00301849   0.00540643    -0.00004899  -0.00078456
  0.00223490   0.00266352     0.00004899   0.00078456    -0.00074539  -0.00181942
   11   10
  0.00539554   0.00045303    -0.00143021   0.00144749    -0.00143021   0.00144749
 -0.00143021   0.00144749     0.00359995  -0.00348818    -0.00241348  -0.00438888
 -0.00143021   0.00144749    -0.00241348  -0.00438888     0.00359995  -0.00348818
   11   11
  0.03265454  -0.00000000     0.00163782   0.00034679     0.00163782   0.00034679
  0.00163782  -0.00034679     0.03233326  -0.00000000     0.01038886   0.00000000
  0.00163782  -0.00034679     0.01038886   0.00000000     0.03233326  -0.00000000

     Dynamical  Matrix in cartesian axes

     q = (   -0.471404521   0.000000000   0.000000000 ) 

    1    1
  0.24377718   0.00000000     0.00000000   0.00000000     0.00000000   0.00000000
  0.00000000   0.00000000     0.09439995   0.00000000    -0.00000000   0.00000000
  0.00000000   0.00000000    -0.00000000   0.00000000     0.09439995   0.00000000
    1    2
  0.01682660  -0.02914453    -0.00000000   0.00000000     0.00000000  -0.00000000
 -0.00000000   0.00000000    -0.01226674   0.02124661    -0.02514914  -0.01451986
 -0.00000000  -0.00000000    -0.02514914  -0.01451986    -0.01226674   0.02124661
    1    3
  0.01682660   0.02914453     0.00000000   0.00000000    -0.00000000  -0.00000000
 -0.00000000  -0.00000000    -0.01226674  -0.02124661    -0.02514914   0.01451986
 -0.00000000   0.00000000    -0.02514914   0.01451986    -0.01226674  -0.02124661
    1    4
 -0.00094348   0.00862715     0.00831673  -0.01122738     0.00831673  -0.01122738
  0.01051082   0.00584897     0.00837948   0.00023502     0.00814609  -0.00010457
  0.01051082   0.00584897     0.00814609  -0.00010457     0.00837948   0.00023502
    1    5
 -0.00094348  -0.00862715     0.00831673   0.01122738     0.00831673   0.01122738
  0.01051082  -0.00584897     0.00837948  -0.00023502     0.00814609   0.00010457
  0.01051082  -0.00584897     0.00814609   0.00010457     0.00837948  -0.00023502
    1    6
  0.00794308   0.00349650    -0.01388156   0.00158881     0.01388156  -0.00158881
 -0.00019005   0.01202712    -0.00398621   0.00737435     0.00416360  -0.00700243
  0.00019005  -0.01202712     0.00416360  -0.00700243    -0.00398621   0.00737435
    1    7
  0.00794308  -0.00349650    -0.01388156  -0.00158881     0.01388156   0.00158881
 -0.00019005  -0.01202712    -0.00398621  -0.00737435     0.00416360   0.00700243
  0.00019005   0.01202712     0.00416360   0.00700243    -0.00398621  -0.00737435
    1    8
  0.00794308   0.00349650     0.01388156  -0.00158881    -0.01388156   0.00158881
  0.00019005  -0.01202712    -0.00398621   0.00737435     0.00416360  -0.00700243
 -0.00019005   0.01202712     0.00416360  -0.00700243    -0.00398621   0.00737435
    1    9
  0.00794308  -0.00349650     0.01388156   0.00158881    -0.01388156  -0.00158881
  0.00019005   0.01202712    -0.00398621  -0.00737435     0.00416360   0.00700243
 -0.00019005  -0.01202712     0.00416360   0.00700243    -0.00398621  -0.00737435
    1   10
 -0.00094348   0.00862715    -0.00831673   0.01122738    -0.00831673   0.01122738
 -0.01051082  -0.00584897     0.00837948   0.00023502     0.00814609  -0.00010457
 -0.01051082  -0.00584897     0.00814609  -0.00010457     0.00837948   0.00023502
    1   11
 -0.00094348  -0.00862715    -0.00831673  -0.01122738    -0.00831673  -0.01122738
 -0.01051082   0.00584897     0.00837948  -0.00023502     0.00814609   0.00010457
 -0.01051082   0.00584897     0.00814609   0.00010457     0.00837948  -0.00023502
    2    1
  0.01682660   0.02914453    -0.00000000   0.00000000    -0.00000000   0.00000000
 -0.00000000   0.00000000    -0.01226674  -0.02124661    -0.02514914   0.01451986
  0.00000000   0.00000000    -0.02514914   0.01451986    -0.01226674  -0.02124661
    2    2
  0.07689523  -0.00000000     0.00000000  -0.00000000    -0.00000000   0.00000000
  0.00000000  -0.00000000     0.03684261   0.00000000    -0.00000000   0.00000000
  0.00000000  -0.00000000    -0.00000000   0.00000000     0.03684261   0.00000000
    2    3
 -0.00278881   0.00483036     0.00000000   0.00000000     0.00000000  -0.00000000
 -0.00000000   0.00000000    -0.00138375   0.00239672     0.01411969   0.00815201
 -0.00000000  -0.00000000     0.01411969   0.00815201    -0.00138375   0.00239672
    2    4
 -0.00712719   0.01583713     0.00187385  -0.00325320     0.00187385  -0.00325320
 -0.00360468  -0.00289283    -0.00306069  -0.00399280    -0.00135344  -0.00645641
 -0.00360468  -0.00289283    -0.00135344  -0.00645641    -0.00306069  -0.00399280
    2    5
  0.00280455   0.00392272    -0.01677297  -0.00212618    -0.01677297  -0.00212618
 -0.00930605   0.00149122    -0.00992576  -0.00107715    -0.01169223   0.00219435
 -0.00930605   0.00149122    -0.01169223   0.00219435    -0.00992576  -0.00107715
    2    6
 -0.01015176   0.01409089     0.00188043  -0.00324940    -0.00188043   0.00324940
  0.00430760   0.00167533     0.00498821   0.00065424    -0.00626813   0.00205609
 -0.00430760  -0.00167533    -0.00626813   0.00205609     0.00498821   0.00065424
    2    7
  0.00280455  -0.00392272    -0.01677297   0.00212618     0.01677297  -0.00212618
 -0.00930605  -0.00149122    -0.00992576   0.00107715     0.01169223   0.00219435
  0.00930605   0.00149122     0.01169223   0.00219435    -0.00992576   0.00107715
    2    8
 -0.01015176   0.01409089    -0.00188043   0.00324940     0.00188043  -0.00324940
 -0.00430760  -0.00167533     0.00498821   0.00065424    -0.00626813   0.00205609
  0.00430760   0.00167533    -0.00626813   0.00205609     0.00498821   0.00065424
    2    9
  0.00280455  -0.00392272     0.01677297  -0.00212618    -0.01677297   0.00212618
  0.00930605   0.00149122    -0.00992576   0.00107715     0.01169223   0.00219435
 -0.00930605  -0.00149122     0.01169223   0.00219435    -0.00992576   0.00107715
    2   10
 -0.00712719   0.01583713    -0.00187385   0.00325320    -0.00187385   0.00325320
  0.00360468   0.00289283    -0.00306069  -0.00399280    -0.00135344  -0.00645641
  0.00360468   0.00289283    -0.00135344  -0.00645641    -0.00306069  -0.00399280
    2   11
  0.00280455   0.00392272     0.01677297   0.00212618     0.01677297   0.00212618
  0.00930605  -0.00149122    -0.00992576  -0.00107715    -0.01169223   0.00219435
  0.00930605  -0.00149122    -0.01169223   0.00219435    -0.00992576  -0.00107715
    3    1
  0.01682660  -0.02914453    -0.00000000   0.00000000    -0.00000000  -0.00000000
 -0.00000000   0.00000000    -0.01226674   0.02124661    -0.02514914  -0.01451986
  0.00000000  -0.00000000    -0.02514914  -0.01451986    -0.01226674   0.02124661
    3    2
 -0.00278881  -0.00483036     0.00000000   0.00000000     0.00000000   0.00000000
 -0.00000000  -0.00000000    -0.00138375  -0.00239672     0.01411969  -0.00815201
 -0.00000000   0.00000000     0.01411969  -0.00815201    -0.00138375  -0.00239672
    3    3
  0.07689523   0.00000000     0.00000000   0.00000000    -0.00000000  -0.00000000
  0.00000000   0.00000000     0.03684261  -0.00000000    -0.00000000  -0.00000000
  0.00000000   0.00000000    -0.00000000  -0.00000000     0.03684261  -0.00000000
    3    4
  0.00280455  -0.00392272    -0.01677297   0.00212618    -0.01677297   0.00212618
 -0.00930605  -0.00149122    -0.00992576   0.00107715    -0.01169223  -0.00219435
 -0.00930605  -0.00149122    -0.01169223  -0.00219435    -0.00992576   0.00107715
    3    5
 -0.00712719  -0.01583713     0.00187385   0.00325320     0.00187385   0.00325320
 -0.00360468   0.00289283    -0.00306069   0.00399280    -0.00135344   0.00645641
 -0.00360468   0.00289283    -0.00135344   0.00645641    -0.00306069   0.00399280
    3    6
  0.00280455   0.00392272    -0.01677297  -0.00212618     0.01677297   0.00212618
 -0.00930605   0.00149122    -0.00992576  -0.00107715     0.01169223  -0.00219435
  0.00930605  -0.00149122     0.01169223  -0.00219435    -0.00992576  -0.00107715
    3    7
 -0.01015176  -0.01409089     0.00188043   0.00324940    -0.00188043  -0.00324940
  0.00430760  -0.00167533     0.00498821  -0.00065424    -0.00626813  -0.00205609
 -0.00430760   0.00167533    -0.00626813  -0.00205609     0.00498821  -0.00065424
    3    8
  0.00280455   0.00392272     0.01677297   0.00212618    -0.01677297  -0.00212618
  0.00930605  -0.00149122    -0.00992576  -0.00107715     0.01169223  -0.00219435
 -0.00930605   0.00149122     0.01169223  -0.00219435    -0.00992576  -0.00107715
    3    9
 -0.01015176  -0.01409089    -0.00188043  -0.00324940     0.00188043   0.00324940
 -0.00430760   0.00167533     0.00498821  -0.00065424    -0.00626813  -0.00205609
  0.00430760  -0.00167533    -0.00626813  -0.00205609     0.00498821  -0.00065424
    3   10
  0.00280455  -0.00392272     0.01677297  -0.00212618     0.01677297  -0.00212618
  0.00930605   0.00149122    -0.00992576   0.00107715    -0.01169223  -0.00219435
  0.00930605   0.00149122    -0.01169223  -0.00219435    -0.00992576   0.00107715
    3   11
 -0.00712719  -0.01583713    -0.00187385  -0.00325320    -0.00187385  -0.00325320
  0.00360468  -0.00289283    -0.00306069   0.00399280    -0.00135344   0.00645641
  0.00360468  -0.00289283    -0.00135344   0.00645641    -0.00306069   0.00399280
    4    1
 -0.00094348  -0.00862715     0.01051082  -0.00584897     0.01051082  -0.00584897
