  1.000000000000000E-002   1.62564894158596        4.49115391218799     
           4

     Dynamical  Matrix in cartesian axes

     q = (   -0.353553391  -0.353553391   0.353553391 ) 

    1    1
  0.00042645   0.00000000     0.00000874   0.00000000    -0.00000874   0.00000000
  0.00000874   0.00000000     0.00042645   0.00000000    -0.00000874   0.00000000
 -0.00000874   0.00000000    -0.00000874   0.00000000     0.00042645   0.00000000
    1    2
  0.00008912   0.00000000     0.00002544   0.00000000    -0.00002544   0.00000000
  0.00002544   0.00000000     0.00008912   0.00000000    -0.00002544   0.00000000
 -0.00002544   0.00000000    -0.00002544   0.00000000     0.00008912   0.00000000
    1    3
  0.00008912   0.00000000     0.00002544   0.00000000    -0.00002544   0.00000000
  0.00002544   0.00000000     0.00008912   0.00000000    -0.00002544   0.00000000
 -0.00002544   0.00000000    -0.00002544   0.00000000     0.00008912   0.00000000
    1    4
 -0.00015726   0.00000000     0.00003149  -0.00000000    -0.00000939   0.00000000
  0.00003149  -0.00000000    -0.00015726   0.00000000    -0.00000939   0.00000000
 -0.00004734   0.00000000    -0.00004734   0.00000000     0.00005965  -0.00000000
    1    5
 -0.00015726   0.00000000     0.00003149  -0.00000000    -0.00000939   0.00000000
  0.00003149  -0.00000000    -0.00015726   0.00000000    -0.00000939   0.00000000
 -0.00004734   0.00000000    -0.00004734   0.00000000     0.00005965  -0.00000000
    1    6
 -0.00010606   0.00000000    -0.00002692   0.00000000     0.00002692  -0.00000000
 -0.00002692   0.00000000    -0.00010606   0.00000000     0.00002692  -0.00000000
  0.00002692  -0.00000000     0.00002692  -0.00000000    -0.00010606   0.00000000
    1    7
 -0.00010606   0.00000000    -0.00002692   0.00000000     0.00002692  -0.00000000
 -0.00002692   0.00000000    -0.00010606   0.00000000     0.00002692  -0.00000000
  0.00002692  -0.00000000     0.00002692  -0.00000000    -0.00010606   0.00000000
    1    8
  0.00005965  -0.00000000     0.00004734  -0.00000000    -0.00004734   0.00000000
  0.00000939  -0.00000000    -0.00015726   0.00000000    -0.00003149   0.00000000
 -0.00000939   0.00000000    -0.00003149   0.00000000    -0.00015726   0.00000000
    1    9
  0.00005965  -0.00000000     0.00004734  -0.00000000    -0.00004734   0.00000000
  0.00000939  -0.00000000    -0.00015726   0.00000000    -0.00003149   0.00000000
 -0.00000939   0.00000000    -0.00003149   0.00000000    -0.00015726   0.00000000
    1   10
 -0.00015726   0.00000000     0.00000939  -0.00000000    -0.00003149   0.00000000
  0.00004734  -0.00000000     0.00005965  -0.00000000    -0.00004734   0.00000000
 -0.00003149   0.00000000    -0.00000939   0.00000000    -0.00015726   0.00000000
    1   11
 -0.00015726   0.00000000     0.00000939  -0.00000000    -0.00003149   0.00000000
  0.00004734  -0.00000000     0.00005965  -0.00000000    -0.00004734   0.00000000
 -0.00003149   0.00000000    -0.00000939   0.00000000    -0.00015726   0.00000000
    2    1
  0.00008912   0.00000000     0.00002544   0.00000000    -0.00002544   0.00000000
  0.00002544   0.00000000     0.00008912   0.00000000    -0.00002544   0.00000000
 -0.00002544   0.00000000    -0.00002544   0.00000000     0.00008912   0.00000000
    2    2
  0.00027075   0.00000000    -0.00002310   0.00000000     0.00002310   0.00000000
 -0.00002310   0.00000000     0.00027075   0.00000000     0.00002310   0.00000000
  0.00002310   0.00000000     0.00002310   0.00000000     0.00027075   0.00000000
    2    3
 -0.00014253   0.00000000     0.00001857   0.00000000    -0.00001857   0.00000000
  0.00001857   0.00000000    -0.00014253   0.00000000    -0.00001857   0.00000000
 -0.00001857   0.00000000    -0.00001857   0.00000000    -0.00014253   0.00000000
    2    4
 -0.00003534   0.00000000     0.00005019  -0.00000000     0.00002544  -0.00000000
  0.00005019  -0.00000000    -0.00003534   0.00000000     0.00002544  -0.00000000
  0.00007263  -0.00000000     0.00007263  -0.00000000     0.00001655  -0.00000000
    2    5
 -0.00008050   0.00000000    -0.00003963   0.00000000    -0.00005509   0.00000000
 -0.00003963   0.00000000    -0.00008050   0.00000000    -0.00005509   0.00000000
 -0.00013315   0.00000000    -0.00013315   0.00000000     0.00000532  -0.00000000
    2    6
 -0.00002820   0.00000000    -0.00000202   0.00000000     0.00000202  -0.00000000
 -0.00000202   0.00000000    -0.00002820   0.00000000     0.00000202  -0.00000000
  0.00000202  -0.00000000     0.00000202  -0.00000000    -0.00002820   0.00000000
    2    7
 -0.00001520   0.00000000    -0.00003733   0.00000000     0.00003733  -0.00000000
 -0.00003733   0.00000000    -0.00001520   0.00000000     0.00003733  -0.00000000
  0.00003733  -0.00000000     0.00003733  -0.00000000    -0.00001520   0.00000000
    2    8
  0.00001655  -0.00000000    -0.00007263   0.00000000     0.00007263  -0.00000000
 -0.00002544   0.00000000    -0.00003534   0.00000000    -0.00005019   0.00000000
  0.00002544  -0.00000000    -0.00005019   0.00000000    -0.00003534   0.00000000
    2    9
  0.00000532  -0.00000000     0.00013315  -0.00000000    -0.00013315   0.00000000
  0.00005509  -0.00000000    -0.00008050   0.00000000     0.00003963  -0.00000000
 -0.00005509   0.00000000     0.00003963  -0.00000000    -0.00008050   0.00000000
    2   10
 -0.00003534   0.00000000    -0.00002544   0.00000000    -0.00005019   0.00000000
 -0.00007263   0.00000000     0.00001655  -0.00000000     0.00007263  -0.00000000
 -0.00005019   0.00000000     0.00002544  -0.00000000    -0.00003534   0.00000000
    2   11
 -0.00008050   0.00000000     0.00005509  -0.00000000     0.00003963  -0.00000000
  0.00013315  -0.00000000     0.00000532  -0.00000000    -0.00013315   0.00000000
  0.00003963  -0.00000000    -0.00005509   0.00000000    -0.00008050   0.00000000
    3    1
  0.00008912   0.00000000     0.00002544   0.00000000    -0.00002544   0.00000000
  0.00002544   0.00000000     0.00008912   0.00000000    -0.00002544   0.00000000
 -0.00002544   0.00000000    -0.00002544   0.00000000     0.00008912   0.00000000
    3    2
 -0.00014253   0.00000000     0.00001857   0.00000000    -0.00001857   0.00000000
  0.00001857   0.00000000    -0.00014253   0.00000000    -0.00001857   0.00000000
 -0.00001857   0.00000000    -0.00001857   0.00000000    -0.00014253   0.00000000
    3    3
  0.00027075   0.00000000    -0.00002310   0.00000000     0.00002310   0.00000000
 -0.00002310   0.00000000     0.00027075   0.00000000     0.00002310   0.00000000
  0.00002310   0.00000000     0.00002310   0.00000000     0.00027075   0.00000000
    3    4
 -0.00008050   0.00000000    -0.00003963   0.00000000    -0.00005509   0.00000000
 -0.00003963   0.00000000    -0.00008050   0.00000000    -0.00005509   0.00000000
 -0.00013315   0.00000000    -0.00013315   0.00000000     0.00000532  -0.00000000
    3    5
 -0.00003534   0.00000000     0.00005019  -0.00000000     0.00002544  -0.00000000
  0.00005019  -0.00000000    -0.00003534   0.00000000     0.00002544  -0.00000000
  0.00007263  -0.00000000     0.00007263  -0.00000000     0.00001655  -0.00000000
    3    6
 -0.00001520   0.00000000    -0.00003733   0.00000000     0.00003733  -0.00000000
 -0.00003733   0.00000000    -0.00001520   0.00000000     0.00003733  -0.00000000
  0.00003733  -0.00000000     0.00003733  -0.00000000    -0.00001520   0.00000000
    3    7
 -0.00002820   0.00000000    -0.00000202  -0.00000000     0.00000202   0.00000000
 -0.00000202  -0.00000000    -0.00002820   0.00000000     0.00000202   0.00000000
  0.00000202  -0.00000000     0.00000202  -0.00000000    -0.00002820   0.00000000
    3    8
  0.00000532  -0.00000000     0.00013315  -0.00000000    -0.00013315   0.00000000
  0.00005509  -0.00000000    -0.00008050   0.00000000     0.00003963  -0.00000000
 -0.00005509   0.00000000     0.00003963  -0.00000000    -0.00008050   0.00000000
    3    9
  0.00001655  -0.00000000    -0.00007263   0.00000000     0.00007263  -0.00000000
 -0.00002544   0.00000000    -0.00003534   0.00000000    -0.00005019   0.00000000
  0.00002544  -0.00000000    -0.00005019   0.00000000    -0.00003534   0.00000000
    3   10
 -0.00008050   0.00000000     0.00005509  -0.00000000     0.00003963  -0.00000000
  0.00013315  -0.00000000     0.00000532  -0.00000000    -0.00013315   0.00000000
  0.00003963  -0.00000000    -0.00005509   0.00000000    -0.00008050   0.00000000
    3   11
 -0.00003534   0.00000000    -0.00002544   0.00000000    -0.00005019   0.00000000
 -0.00007263   0.00000000     0.00001655  -0.00000000     0.00007263  -0.00000000
 -0.00005019   0.00000000     0.00002544  -0.00000000    -0.00003534   0.00000000
    4    1
 -0.00015726  -0.00000000     0.00003149   0.00000000    -0.00004734  -0.00000000
  0.00003149   0.00000000    -0.00015726  -0.00000000    -0.00004734  -0.00000000
 -0.00000939  -0.00000000    -0.00000939  -0.00000000     0.00005965   0.00000000
    4    2
 -0.00003534  -0.00000000     0.00005019   0.00000000     0.00007263   0.00000000
  0.00005019   0.00000000    -0.00003534  -0.00000000     0.00007263   0.00000000
  0.00002544   0.00000000     0.00002544   0.00000000     0.00001655   0.00000000
    4    3
 -0.00008050  -0.00000000    -0.00003963  -0.00000000    -0.00013315  -0.00000000
 -0.00003963  -0.00000000    -0.00008050  -0.00000000    -0.00013315  -0.00000000
 -0.00005509  -0.00000000    -0.00005509  -0.00000000     0.00000532   0.00000000
    4    4
  0.00022750   0.00000000     0.00003126   0.00000000     0.00001085   0.00000000
  0.00003126   0.00000000     0.00022750   0.00000000     0.00001085   0.00000000
  0.00001085   0.00000000     0.00001085   0.00000000     0.00006101   0.00000000
    4    5
  0.00002862   0.00000000    -0.00007425  -0.00000000    -0.00001842  -0.00000000
 -0.00007425  -0.00000000     0.00002862   0.00000000    -0.00001842  -0.00000000
 -0.00001842  -0.00000000    -0.00001842  -0.00000000     0.00000941   0.00000000
    4    6
 -0.00000029   0.00000000    -0.00001932   0.00000000     0.00000236  -0.00000000
 -0.00001932   0.00000000    -0.00000029   0.00000000     0.00000236   0.00000000
  0.00000246  -0.00000000     0.00000246  -0.00000000    -0.00002839   0.00000000
    4    7
  0.00004173   0.00000000     0.00002818   0.00000000    -0.00000307  -0.00000000
  0.00002818   0.00000000     0.00004173   0.00000000    -0.00000307  -0.00000000
  0.00001173   0.00000000     0.00001173   0.00000000    -0.00003263  -0.00000000
    4    8
 -0.00000203   0.00000000    -0.00005848   0.00000000     0.00008082  -0.00000000
  0.00000522  -0.00000000     0.00006509  -0.00000000     0.00005848  -0.00000000
 -0.00001405   0.00000000    -0.00000522   0.00000000    -0.00000203   0.00000000
    4    9
 -0.00001692   0.00000000    -0.00004687   0.00000000     0.00007201  -0.00000000
 -0.00000672   0.00000000     0.00015832  -0.00000000     0.00004687  -0.00000000
  0.00000745  -0.00000000     0.00000672  -0.00000000    -0.00001692   0.00000000
    4   10
  0.00006509  -0.00000000     0.00000522  -0.00000000     0.00005848  -0.00000000
 -0.00005848   0.00000000    -0.00000203   0.00000000     0.00008082  -0.00000000
 -0.00000522   0.00000000    -0.00001405   0.00000000    -0.00000203   0.00000000
    4   11
  0.00015832  -0.00000000    -0.00000672   0.00000000     0.00004687  -0.00000000
 -0.00004687   0.00000000    -0.00001692   0.00000000     0.00007201  -0.00000000
  0.00000672  -0.00000000     0.00000745  -0.00000000    -0.00001692   0.00000000
    5    1
 -0.00015726  -0.00000000     0.00003149   0.00000000    -0.00004734  -0.00000000
  0.00003149   0.00000000    -0.00015726  -0.00000000    -0.00004734  -0.00000000
 -0.00000939  -0.00000000    -0.00000939  -0.00000000     0.00005965   0.00000000
    5    2
 -0.00008050  -0.00000000    -0.00003963  -0.00000000    -0.00013315  -0.00000000
 -0.00003963  -0.00000000    -0.00008050  -0.00000000    -0.00013315  -0.00000000
 -0.00005509  -0.00000000    -0.00005509  -0.00000000     0.00000532   0.00000000
    5    3
 -0.00003534  -0.00000000     0.00005019   0.00000000     0.00007263   0.00000000
  0.00005019   0.00000000    -0.00003534  -0.00000000     0.00007263   0.00000000
  0.00002544   0.00000000     0.00002544   0.00000000     0.00001655   0.00000000
    5    4
  0.00002862  -0.00000000    -0.00007425   0.00000000    -0.00001842   0.00000000
 -0.00007425   0.00000000     0.00002862  -0.00000000    -0.00001842   0.00000000
 -0.00001842   0.00000000    -0.00001842   0.00000000     0.00000941  -0.00000000
    5    5
  0.00022750   0.00000000     0.00003126   0.00000000     0.00001085   0.00000000
  0.00003126   0.00000000     0.00022750   0.00000000     0.00001085   0.00000000
  0.00001085   0.00000000     0.00001085   0.00000000     0.00006101   0.00000000
    5    6
  0.00004173  -0.00000000     0.00002818  -0.00000000    -0.00000307   0.00000000
  0.00002818  -0.00000000     0.00004173  -0.00000000    -0.00000307   0.00000000
  0.00001173  -0.00000000     0.00001173  -0.00000000    -0.00003263   0.00000000
    5    7
 -0.00000029   0.00000000    -0.00001932   0.00000000     0.00000236  -0.00000000
 -0.00001932   0.00000000    -0.00000029   0.00000000     0.00000236  -0.00000000
  0.00000246  -0.00000000     0.00000246  -0.00000000    -0.00002839   0.00000000
    5    8
 -0.00001692   0.00000000    -0.00004687   0.00000000     0.00007201   0.00000000
 -0.00000672   0.00000000     0.00015832   0.00000000     0.00004687   0.00000000
  0.00000745   0.00000000     0.00000672   0.00000000    -0.00001692   0.00000000
    5    9
 -0.00000203   0.00000000    -0.00005848   0.00000000     0.00008082  -0.00000000
  0.00000522  -0.00000000     0.00006509  -0.00000000     0.00005848  -0.00000000
 -0.00001405   0.00000000    -0.00000522   0.00000000    -0.00000203   0.00000000
    5   10
  0.00015832  -0.00000000    -0.00000672   0.00000000     0.00004687  -0.00000000
 -0.00004687   0.00000000    -0.00001692   0.00000000     0.00007201  -0.00000000
  0.00000672  -0.00000000     0.00000745  -0.00000000    -0.00001692   0.00000000
    5   11
  0.00006509  -0.00000000     0.00000522  -0.00000000     0.00005848  -0.00000000
 -0.00005848   0.00000000    -0.00000203   0.00000000     0.00008082  -0.00000000
 -0.00000522   0.00000000    -0.00001405   0.00000000    -0.00000203   0.00000000
    6    1
 -0.00010606  -0.00000000    -0.00002692  -0.00000000     0.00002692   0.00000000
 -0.00002692  -0.00000000    -0.00010606  -0.00000000     0.00002692   0.00000000
  0.00002692   0.00000000     0.00002692   0.00000000    -0.00010606  -0.00000000
    6    2
 -0.00002820  -0.00000000    -0.00000202  -0.00000000     0.00000202   0.00000000
 -0.00000202  -0.00000000    -0.00002820  -0.00000000     0.00000202   0.00000000
  0.00000202   0.00000000     0.00000202   0.00000000    -0.00002820  -0.00000000
    6    3
 -0.00001520  -0.00000000    -0.00003733  -0.00000000     0.00003733   0.00000000
 -0.00003733  -0.00000000    -0.00001520  -0.00000000     0.00003733   0.00000000
  0.00003733   0.00000000     0.00003733   0.00000000    -0.00001520  -0.00000000
    6    4
 -0.00000029  -0.00000000    -0.00001932  -0.00000000     0.00000246   0.00000000
 -0.00001932  -0.00000000    -0.00000029  -0.00000000     0.00000246   0.00000000
  0.00000236   0.00000000     0.00000236  -0.00000000    -0.00002839  -0.00000000
    6    5
  0.00004173   0.00000000     0.00002818   0.00000000     0.00001173   0.00000000
  0.00002818   0.00000000     0.00004173   0.00000000     0.00001173   0.00000000
 -0.00000307  -0.00000000    -0.00000307  -0.00000000    -0.00003263  -0.00000000
    6    6
  0.00007292   0.00000000     0.00002775   0.00000000    -0.00002775   0.00000000
  0.00002775   0.00000000     0.00007292   0.00000000    -0.00002775   0.00000000
 -0.00002775   0.00000000    -0.00002775   0.00000000     0.00007292   0.00000000
    6    7
  0.00001289  -0.00000000    -0.00000090   0.00000000     0.00000090  -0.00000000
 -0.00000090   0.00000000     0.00001289  -0.00000000     0.00000090  -0.00000000
  0.00000090  -0.00000000     0.00000090  -0.00000000     0.00001289  -0.00000000
    6    8
 -0.00002839  -0.00000000    -0.00000236  -0.00000000     0.00000236   0.00000000
 -0.00000246  -0.00000000    -0.00000029  -0.00000000     0.00001932   0.00000000
  0.00000246   0.00000000     0.00001932   0.00000000    -0.00000029  -0.00000000
    6    9
 -0.00003263   0.00000000     0.00000307  -0.00000000    -0.00000307   0.00000000
 -0.00001173   0.00000000     0.00004173  -0.00000000    -0.00002818   0.00000000
  0.00001173  -0.00000000    -0.00002818   0.00000000     0.00004173  -0.00000000
    6   10
 -0.00000029   0.00000000    -0.00000246   0.00000000     0.00001932   0.00000000
 -0.00000236  -0.00000000    -0.00002839   0.00000000     0.00000236  -0.00000000
  0.00001932   0.00000000     0.00000246  -0.00000000    -0.00000029  -0.00000000
    6   11
  0.00004173   0.00000000    -0.00001173  -0.00000000    -0.00002818  -0.00000000
  0.00000307  -0.00000000    -0.00003263  -0.00000000    -0.00000307  -0.00000000
 -0.00002818  -0.00000000     0.00001173   0.00000000     0.00004173   0.00000000
    7    1
 -0.00010606  -0.00000000    -0.00002692  -0.00000000     0.00002692   0.00000000
 -0.00002692  -0.00000000    -0.00010606  -0.00000000     0.00002692   0.00000000
  0.00002692   0.00000000     0.00002692   0.00000000    -0.00010606  -0.00000000
    7    2
 -0.00001520  -0.00000000    -0.00003733  -0.00000000     0.00003733   0.00000000
 -0.00003733  -0.00000000    -0.00001520  -0.00000000     0.00003733   0.00000000
  0.00003733   0.00000000     0.00003733   0.00000000    -0.00001520  -0.00000000
    7    3
 -0.00002820  -0.00000000    -0.00000202   0.00000000     0.00000202   0.00000000
 -0.00000202   0.00000000    -0.00002820  -0.00000000     0.00000202   0.00000000
  0.00000202  -0.00000000     0.00000202  -0.00000000    -0.00002820  -0.00000000
    7    4
  0.00004173  -0.00000000     0.00002818  -0.00000000     0.00001173  -0.00000000
  0.00002818  -0.00000000     0.00004173  -0.00000000     0.00001173  -0.00000000
 -0.00000307   0.00000000    -0.00000307   0.00000000    -0.00003263   0.00000000
    7    5
 -0.00000029  -0.00000000    -0.00001932  -0.00000000     0.00000246   0.00000000
 -0.00001932  -0.00000000    -0.00000029  -0.00000000     0.00000246   0.00000000
  0.00000236   0.00000000     0.00000236   0.00000000    -0.00002839  -0.00000000
    7    6
  0.00001289   0.00000000    -0.00000090  -0.00000000     0.00000090   0.00000000
 -0.00000090  -0.00000000     0.00001289   0.00000000     0.00000090   0.00000000
  0.00000090   0.00000000     0.00000090   0.00000000     0.00001289   0.00000000
    7    7
  0.00007292   0.00000000     0.00002775   0.00000000    -0.00002775   0.00000000
  0.00002775   0.00000000     0.00007292   0.00000000    -0.00002775   0.00000000
 -0.00002775   0.00000000    -0.00002775   0.00000000     0.00007292   0.00000000
    7    8
 -0.00003263   0.00000000     0.00000307  -0.00000000    -0.00000307  -0.00000000
 -0.00001173   0.00000000     0.00004173   0.00000000    -0.00002818   0.00000000
  0.00001173   0.00000000    -0.00002818   0.00000000     0.00004173   0.00000000
    7    9
 -0.00002839   0.00000000    -0.00000236   0.00000000     0.00000236  -0.00000000
 -0.00000246   0.00000000    -0.00000029   0.00000000     0.00001932  -0.00000000
  0.00000246  -0.00000000     0.00001932  -0.00000000    -0.00000029   0.00000000
    7   10
  0.00004173  -0.00000000    -0.00001173   0.00000000    -0.00002818   0.00000000
  0.00000307  -0.00000000    -0.00003263   0.00000000    -0.00000307   0.00000000
 -0.00002818   0.00000000     0.00001173  -0.00000000     0.00004173  -0.00000000
    7   11
 -0.00000029  -0.00000000    -0.00000246  -0.00000000     0.00001932   0.00000000
 -0.00000236  -0.00000000    -0.00002839  -0.00000000     0.00000236   0.00000000
  0.00001932   0.00000000     0.00000246   0.00000000    -0.00000029  -0.00000000
    8    1
  0.00005965   0.00000000     0.00000939   0.00000000    -0.00000939  -0.00000000
  0.00004734   0.00000000    -0.00015726  -0.00000000    -0.00003149  -0.00000000
 -0.00004734  -0.00000000    -0.00003149  -0.00000000    -0.00015726  -0.00000000
    8    2
  0.00001655   0.00000000    -0.00002544  -0.00000000     0.00002544   0.00000000
 -0.00007263  -0.00000000    -0.00003534  -0.00000000    -0.00005019  -0.00000000
  0.00007263   0.00000000    -0.00005019  -0.00000000    -0.00003534  -0.00000000
    8    3
  0.00000532   0.00000000     0.00005509   0.00000000    -0.00005509  -0.00000000
  0.00013315   0.00000000    -0.00008050  -0.00000000     0.00003963   0.00000000
 -0.00013315  -0.00000000     0.00003963   0.00000000    -0.00008050  -0.00000000
    8    4
 -0.00000203  -0.00000000     0.00000522   0.00000000    -0.00001405  -0.00000000
 -0.00005848  -0.00000000     0.00006509   0.00000000    -0.00000522  -0.00000000
  0.00008082   0.00000000     0.00005848   0.00000000    -0.00000203  -0.00000000
    8    5
 -0.00001692   0.00000000    -0.00000672   0.00000000     0.00000745   0.00000000
 -0.00004687   0.00000000     0.00015832   0.00000000     0.00000672   0.00000000
  0.00007201   0.00000000     0.00004687   0.00000000    -0.00001692   0.00000000
    8    6
 -0.00002839   0.00000000    -0.00000246   0.00000000     0.00000246  -0.00000000
 -0.00000236   0.00000000    -0.00000029   0.00000000     0.00001932  -0.00000000
  0.00000236  -0.00000000     0.00001932  -0.00000000    -0.00000029   0.00000000
    8    7
 -0.00003263  -0.00000000    -0.00001173  -0.00000000     0.00001173  -0.00000000
  0.00000307   0.00000000     0.00004173  -0.00000000    -0.00002818  -0.00000000
 -0.00000307   0.00000000    -0.00002818  -0.00000000     0.00004173  -0.00000000
    8    8
  0.00006101   0.00000000    -0.00001085   0.00000000     0.00001085   0.00000000
 -0.00001085   0.00000000     0.00022750   0.00000000    -0.00003126   0.00000000
  0.00001085   0.00000000    -0.00003126   0.00000000     0.00022750   0.00000000
    8    9
  0.00000941  -0.00000000     0.00001842  -0.00000000    -0.00001842   0.00000000
  0.00001842  -0.00000000     0.00002862  -0.00000000     0.00007425  -0.00000000
 -0.00001842   0.00000000     0.00007425  -0.00000000     0.00002862  -0.00000000
    8   10
 -0.00000203   0.00000000     0.00001405  -0.00000000    -0.00000522   0.00000000
 -0.00008082   0.00000000    -0.00000203   0.00000000     0.00005848  -0.00000000
  0.00005848  -0.00000000    -0.00000522   0.00000000     0.00006509  -0.00000000
    8   11
 -0.00001692  -0.00000000    -0.00000745  -0.00000000     0.00000672   0.00000000
 -0.00007201  -0.00000000    -0.00001692  -0.00000000     0.00004687   0.00000000
  0.00004687   0.00000000     0.00000672   0.00000000     0.00015832   0.00000000
    9    1
  0.00005965   0.00000000     0.00000939   0.00000000    -0.00000939  -0.00000000
  0.00004734   0.00000000    -0.00015726  -0.00000000    -0.00003149  -0.00000000
 -0.00004734  -0.00000000    -0.00003149  -0.00000000    -0.00015726  -0.00000000
    9    2
  0.00000532   0.00000000     0.00005509   0.00000000    -0.00005509  -0.00000000
  0.00013315   0.00000000    -0.00008050  -0.00000000     0.00003963   0.00000000
 -0.00013315  -0.00000000     0.00003963   0.00000000    -0.00008050  -0.00000000
    9    3
  0.00001655   0.00000000    -0.00002544  -0.00000000     0.00002544   0.00000000
 -0.00007263  -0.00000000    -0.00003534  -0.00000000    -0.00005019  -0.00000000
  0.00007263   0.00000000    -0.00005019  -0.00000000    -0.00003534  -0.00000000
    9    4
 -0.00001692  -0.00000000    -0.00000672  -0.00000000     0.00000745   0.00000000
 -0.00004687  -0.00000000     0.00015832   0.00000000     0.00000672   0.00000000
  0.00007201   0.00000000     0.00004687   0.00000000    -0.00001692  -0.00000000
    9    5
 -0.00000203  -0.00000000     0.00000522   0.00000000    -0.00001405  -0.00000000
 -0.00005848  -0.00000000     0.00006509   0.00000000    -0.00000522  -0.00000000
  0.00008082   0.00000000     0.00005848   0.00000000    -0.00000203  -0.00000000
    9    6
 -0.00003263  -0.00000000    -0.00001173  -0.00000000     0.00001173   0.00000000
  0.00000307   0.00000000     0.00004173   0.00000000    -0.00002818  -0.00000000
 -0.00000307  -0.00000000    -0.00002818  -0.00000000     0.00004173   0.00000000
    9    7
 -0.00002839  -0.00000000    -0.00000246  -0.00000000     0.00000246   0.00000000
 -0.00000236  -0.00000000    -0.00000029  -0.00000000     0.00001932   0.00000000
  0.00000236   0.00000000     0.00001932   0.00000000    -0.00000029  -0.00000000
    9    8
  0.00000941   0.00000000     0.00001842   0.00000000    -0.00001842  -0.00000000
  0.00001842   0.00000000     0.00002862   0.00000000     0.00007425   0.00000000
 -0.00001842  -0.00000000     0.00007425   0.00000000     0.00002862   0.00000000
    9    9
  0.00006101   0.00000000    -0.00001085   0.00000000     0.00001085   0.00000000
 -0.00001085   0.00000000     0.00022750   0.00000000    -0.00003126   0.00000000
  0.00001085   0.00000000    -0.00003126   0.00000000     0.00022750   0.00000000
    9   10
 -0.00001692  -0.00000000    -0.00000745  -0.00000000     0.00000672   0.00000000
 -0.00007201  -0.00000000    -0.00001692  -0.00000000     0.00004687   0.00000000
  0.00004687   0.00000000     0.00000672   0.00000000     0.00015832   0.00000000
    9   11
 -0.00000203  -0.00000000     0.00001405   0.00000000    -0.00000522  -0.00000000
 -0.00008082  -0.00000000    -0.00000203  -0.00000000     0.00005848   0.00000000
  0.00005848   0.00000000    -0.00000522  -0.00000000     0.00006509   0.00000000
   10    1
 -0.00015726  -0.00000000     0.00004734   0.00000000    -0.00003149  -0.00000000
  0.00000939   0.00000000     0.00005965   0.00000000    -0.00000939  -0.00000000
 -0.00003149  -0.00000000    -0.00004734  -0.00000000    -0.00015726  -0.00000000
   10    2
 -0.00003534  -0.00000000    -0.00007263  -0.00000000    -0.00005019  -0.00000000
 -0.00002544  -0.00000000     0.00001655   0.00000000     0.00002544   0.00000000
 -0.00005019  -0.00000000     0.00007263   0.00000000    -0.00003534  -0.00000000
   10    3
 -0.00008050  -0.00000000     0.00013315   0.00000000     0.00003963   0.00000000
  0.00005509   0.00000000     0.00000532   0.00000000    -0.00005509  -0.00000000
  0.00003963   0.00000000    -0.00013315  -0.00000000    -0.00008050  -0.00000000
   10    4
  0.00006509   0.00000000    -0.00005848  -0.00000000    -0.00000522  -0.00000000
  0.00000522   0.00000000    -0.00000203  -0.00000000    -0.00001405  -0.00000000
  0.00005848   0.00000000     0.00008082   0.00000000    -0.00000203  -0.00000000
   10    5
  0.00015832   0.00000000    -0.00004687  -0.00000000     0.00000672   0.00000000
 -0.00000672  -0.00000000    -0.00001692  -0.00000000     0.00000745   0.00000000
  0.00004687   0.00000000     0.00007201   0.00000000    -0.00001692  -0.00000000
   10    6
 -0.00000029  -0.00000000    -0.00000236   0.00000000     0.00001932  -0.00000000
 -0.00000246  -0.00000000    -0.00002839  -0.00000000     0.00000246   0.00000000
  0.00001932  -0.00000000     0.00000236   0.00000000    -0.00000029   0.00000000
   10    7
  0.00004173   0.00000000     0.00000307   0.00000000    -0.00002818  -0.00000000
 -0.00001173  -0.00000000    -0.00003263  -0.00000000     0.00001173   0.00000000
 -0.00002818  -0.00000000    -0.00000307  -0.00000000     0.00004173   0.00000000
   10    8
 -0.00000203  -0.00000000    -0.00008082  -0.00000000     0.00005848   0.00000000
  0.00001405   0.00000000    -0.00000203  -0.00000000    -0.00000522  -0.00000000
 -0.00000522  -0.00000000     0.00005848   0.00000000     0.00006509   0.00000000
   10    9
 -0.00001692   0.00000000    -0.00007201   0.00000000     0.00004687  -0.00000000
 -0.00000745   0.00000000    -0.00001692   0.00000000     0.00000672  -0.00000000
  0.00000672  -0.00000000     0.00004687  -0.00000000     0.00015832  -0.00000000
   10   10
  0.00022750   0.00000000    -0.00001085   0.00000000    -0.00003126   0.00000000
 -0.00001085   0.00000000     0.00006101   0.00000000     0.00001085   0.00000000
 -0.00003126   0.00000000     0.00001085   0.00000000     0.00022750   0.00000000
   10   11
  0.00002862   0.00000000     0.00001842   0.00000000     0.00007425   0.00000000
  0.00001842   0.00000000     0.00000941   0.00000000    -0.00001842  -0.00000000
  0.00007425   0.00000000    -0.00001842  -0.00000000     0.00002862   0.00000000
   11    1
 -0.00015726  -0.00000000     0.00004734   0.00000000    -0.00003149  -0.00000000
  0.00000939   0.00000000     0.00005965   0.00000000    -0.00000939  -0.00000000
 -0.00003149  -0.00000000    -0.00004734  -0.00000000    -0.00015726  -0.00000000
   11    2
 -0.00008050  -0.00000000     0.00013315   0.00000000     0.00003963   0.00000000
  0.00005509   0.00000000     0.00000532   0.00000000    -0.00005509  -0.00000000
  0.00003963   0.00000000    -0.00013315  -0.00000000    -0.00008050  -0.00000000
   11    3
 -0.00003534  -0.00000000    -0.00007263  -0.00000000    -0.00005019  -0.00000000
 -0.00002544  -0.00000000     0.00001655   0.00000000     0.00002544   0.00000000
 -0.00005019  -0.00000000     0.00007263   0.00000000    -0.00003534  -0.00000000
   11    4
  0.00015832   0.00000000    -0.00004687  -0.00000000     0.00000672   0.00000000
 -0.00000672  -0.00000000    -0.00001692  -0.00000000     0.00000745   0.00000000
  0.00004687   0.00000000     0.00007201   0.00000000    -0.00001692  -0.00000000
   11    5
  0.00006509   0.00000000    -0.00005848  -0.00000000    -0.00000522  -0.00000000
  0.00000522   0.00000000    -0.00000203  -0.00000000    -0.00001405  -0.00000000
  0.00005848   0.00000000     0.00008082   0.00000000    -0.00000203  -0.00000000
   11    6
  0.00004173  -0.00000000     0.00000307   0.00000000    -0.00002818   0.00000000
 -0.00001173   0.00000000    -0.00003263   0.00000000     0.00001173  -0.00000000
 -0.00002818   0.00000000    -0.00000307   0.00000000     0.00004173  -0.00000000
   11    7
 -0.00000029   0.00000000    -0.00000236   0.00000000     0.00001932  -0.00000000
 -0.00000246   0.00000000    -0.00002839   0.00000000     0.00000246  -0.00000000
  0.00001932  -0.00000000     0.00000236  -0.00000000    -0.00000029   0.00000000
   11    8
 -0.00001692   0.00000000    -0.00007201   0.00000000     0.00004687  -0.00000000
 -0.00000745   0.00000000    -0.00001692   0.00000000     0.00000672  -0.00000000
  0.00000672  -0.00000000     0.00004687  -0.00000000     0.00015832  -0.00000000
   11    9
 -0.00000203   0.00000000    -0.00008082   0.00000000     0.00005848  -0.00000000
  0.00001405  -0.00000000    -0.00000203   0.00000000    -0.00000522   0.00000000
 -0.00000522   0.00000000     0.00005848  -0.00000000     0.00006509  -0.00000000
   11   10
  0.00002862  -0.00000000     0.00001842  -0.00000000     0.00007425  -0.00000000
  0.00001842  -0.00000000     0.00000941  -0.00000000    -0.00001842   0.00000000
  0.00007425  -0.00000000    -0.00001842   0.00000000     0.00002862  -0.00000000
   11   11
  0.00022750   0.00000000    -0.00001085   0.00000000    -0.00003126   0.00000000
 -0.00001085   0.00000000     0.00006101   0.00000000     0.00001085   0.00000000
 -0.00003126   0.00000000     0.00001085   0.00000000     0.00022750   0.00000000

     Dynamical  Matrix in cartesian axes

     q = (   -0.353553391   0.353553391   0.353553391 ) 

    1    1
  0.00042645   0.00000000    -0.00000874   0.00000000    -0.00000874   0.00000000
 -0.00000874   0.00000000     0.00042645   0.00000000     0.00000874   0.00000000
 -0.00000874   0.00000000     0.00000874   0.00000000     0.00042645   0.00000000
    1    2
  0.00008912   0.00000000    -0.00002544   0.00000000    -0.00002544   0.00000000
 -0.00002544   0.00000000     0.00008912   0.00000000     0.00002544   0.00000000
 -0.00002544   0.00000000     0.00002544   0.00000000     0.00008912   0.00000000
    1    3
  0.00008912   0.00000000    -0.00002544   0.00000000    -0.00002544   0.00000000
 -0.00002544   0.00000000     0.00008912   0.00000000     0.00002544   0.00000000
 -0.00002544   0.00000000     0.00002544   0.00000000     0.00008912   0.00000000
    1    4
  0.00005965   0.00000000    -0.00004734  -0.00000000    -0.00004734  -0.00000000
 -0.00000939  -0.00000000    -0.00015726  -0.00000000     0.00003149   0.00000000
 -0.00000939  -0.00000000     0.00003149   0.00000000    -0.00015726  -0.00000000
    1    5
  0.00005965   0.00000000    -0.00004734  -0.00000000    -0.00004734  -0.00000000
 -0.00000939  -0.00000000    -0.00015726  -0.00000000     0.00003149   0.00000000
 -0.00000939  -0.00000000     0.00003149   0.00000000    -0.00015726  -0.00000000
    1    6
 -0.00015726  -0.00000000    -0.00000939  -0.00000000    -0.00003149  -0.00000000
 -0.00004734  -0.00000000     0.00005965   0.00000000     0.00004734   0.00000000
 -0.00003149  -0.00000000     0.00000939   0.00000000    -0.00015726  -0.00000000
    1    7
 -0.00015726  -0.00000000    -0.00000939  -0.00000000    -0.00003149  -0.00000000
 -0.00004734  -0.00000000     0.00005965   0.00000000     0.00004734   0.00000000
 -0.00003149  -0.00000000     0.00000939   0.00000000    -0.00015726  -0.00000000
    1    8
 -0.00015726  -0.00000000    -0.00003149  -0.00000000    -0.00000939  -0.00000000
 -0.00003149  -0.00000000    -0.00015726  -0.00000000     0.00000939   0.00000000
 -0.00004734  -0.00000000     0.00004734   0.00000000     0.00005965   0.00000000
    1    9
 -0.00015726  -0.00000000    -0.00003149  -0.00000000    -0.00000939  -0.00000000
 -0.00003149  -0.00000000    -0.00015726  -0.00000000     0.00000939   0.00000000
 -0.00004734  -0.00000000     0.00004734   0.00000000     0.00005965   0.00000000
    1   10
 -0.00010606  -0.00000000     0.00002692   0.00000000     0.00002692   0.00000000
  0.00002692   0.00000000    -0.00010606  -0.00000000    -0.00002692  -0.00000000
  0.00002692   0.00000000    -0.00002692  -0.00000000    -0.00010606  -0.00000000
    1   11
 -0.00010606  -0.00000000     0.00002692   0.00000000     0.00002692   0.00000000
  0.00002692   0.00000000    -0.00010606  -0.00000000    -0.00002692  -0.00000000
  0.00002692   0.00000000    -0.00002692  -0.00000000    -0.00010606  -0.00000000
    2    1
  0.00008912   0.00000000    -0.00002544   0.00000000    -0.00002544   0.00000000
 -0.00002544   0.00000000     0.00008912   0.00000000     0.00002544   0.00000000
 -0.00002544   0.00000000     0.00002544   0.00000000     0.00008912   0.00000000
    2    2
  0.00027075   0.00000000     0.00002310   0.00000000     0.00002310   0.00000000
  0.00002310   0.00000000     0.00027075   0.00000000    -0.00002310   0.00000000
  0.00002310   0.00000000    -0.00002310   0.00000000     0.00027075   0.00000000
    2    3
 -0.00014253   0.00000000    -0.00001857   0.00000000    -0.00001857   0.00000000
 -0.00001857   0.00000000    -0.00014253   0.00000000     0.00001857   0.00000000
 -0.00001857   0.00000000     0.00001857   0.00000000    -0.00014253   0.00000000
    2    4
  0.00001655   0.00000000     0.00007263   0.00000000     0.00007263   0.00000000
  0.00002544   0.00000000    -0.00003534  -0.00000000     0.00005019   0.00000000
  0.00002544   0.00000000     0.00005019   0.00000000    -0.00003534  -0.00000000
    2    5
  0.00000532   0.00000000    -0.00013315  -0.00000000    -0.00013315  -0.00000000
 -0.00005509  -0.00000000    -0.00008050  -0.00000000    -0.00003963  -0.00000000
 -0.00005509  -0.00000000    -0.00003963  -0.00000000    -0.00008050  -0.00000000
    2    6
 -0.00003534  -0.00000000     0.00002544   0.00000000    -0.00005019  -0.00000000
  0.00007263   0.00000000     0.00001655   0.00000000    -0.00007263  -0.00000000
 -0.00005019  -0.00000000    -0.00002544  -0.00000000    -0.00003534  -0.00000000
    2    7
 -0.00008050  -0.00000000    -0.00005509  -0.00000000     0.00003963   0.00000000
 -0.00013315  -0.00000000     0.00000532   0.00000000     0.00013315   0.00000000
  0.00003963   0.00000000     0.00005509   0.00000000    -0.00008050  -0.00000000
    2    8
 -0.00003534  -0.00000000    -0.00005019  -0.00000000     0.00002544   0.00000000
 -0.00005019  -0.00000000    -0.00003534  -0.00000000    -0.00002544  -0.00000000
  0.00007263   0.00000000    -0.00007263  -0.00000000     0.00001655   0.00000000
    2    9
 -0.00008050  -0.00000000     0.00003963   0.00000000    -0.00005509  -0.00000000
  0.00003963   0.00000000    -0.00008050  -0.00000000     0.00005509   0.00000000
 -0.00013315  -0.00000000     0.00013315   0.00000000     0.00000532   0.00000000
    2   10
 -0.00002820  -0.00000000     0.00000202   0.00000000     0.00000202   0.00000000
  0.00000202   0.00000000    -0.00002820  -0.00000000    -0.00000202  -0.00000000
  0.00000202   0.00000000    -0.00000202  -0.00000000    -0.00002820  -0.00000000
    2   11
 -0.00001520  -0.00000000     0.00003733   0.00000000     0.00003733   0.00000000
  0.00003733   0.00000000    -0.00001520  -0.00000000    -0.00003733  -0.00000000
  0.00003733   0.00000000    -0.00003733  -0.00000000    -0.00001520  -0.00000000
    3    1
  0.00008912   0.00000000    -0.00002544   0.00000000    -0.00002544   0.00000000
 -0.00002544   0.00000000     0.00008912   0.00000000     0.00002544   0.00000000
 -0.00002544   0.00000000     0.00002544   0.00000000     0.00008912   0.00000000
    3    2
 -0.00014253   0.00000000    -0.00001857   0.00000000    -0.00001857   0.00000000
 -0.00001857   0.00000000    -0.00014253   0.00000000     0.00001857   0.00000000
 -0.00001857   0.00000000     0.00001857   0.00000000    -0.00014253   0.00000000
    3    3
  0.00027075   0.00000000     0.00002310   0.00000000     0.00002310   0.00000000
  0.00002310   0.00000000     0.00027075   0.00000000    -0.00002310   0.00000000
  0.00002310   0.00000000    -0.00002310   0.00000000     0.00027075   0.00000000
    3    4
  0.00000532   0.00000000    -0.00013315  -0.00000000    -0.00013315  -0.00000000
 -0.00005509  -0.00000000    -0.00008050  -0.00000000    -0.00003963  -0.00000000
 -0.00005509  -0.00000000    -0.00003963  -0.00000000    -0.00008050  -0.00000000
    3    5
  0.00001655   0.00000000     0.00007263   0.00000000     0.00007263   0.00000000
  0.00002544   0.00000000    -0.00003534  -0.00000000     0.00005019   0.00000000
  0.00002544   0.00000000     0.00005019   0.00000000    -0.00003534  -0.00000000
    3    6
 -0.00008050  -0.00000000    -0.00005509  -0.00000000     0.00003963   0.00000000
 -0.00013315  -0.00000000     0.00000532   0.00000000     0.00013315   0.00000000
  0.00003963   0.00000000     0.00005509   0.00000000    -0.00008050  -0.00000000
    3    7
 -0.00003534  -0.00000000     0.00002544   0.00000000    -0.00005019  -0.00000000
  0.00007263   0.00000000     0.00001655   0.00000000    -0.00007263  -0.00000000
 -0.00005019  -0.00000000    -0.00002544  -0.00000000    -0.00003534  -0.00000000
    3    8
 -0.00008050  -0.00000000     0.00003963   0.00000000    -0.00005509  -0.00000000
  0.00003963   0.00000000    -0.00008050  -0.00000000     0.00005509   0.00000000
 -0.00013315  -0.00000000     0.00013315   0.00000000     0.00000532   0.00000000
    3    9
 -0.00003534  -0.00000000    -0.00005019  -0.00000000     0.00002544   0.00000000
 -0.00005019  -0.00000000    -0.00003534  -0.00000000    -0.00002544  -0.00000000
  0.00007263   0.00000000    -0.00007263  -0.00000000     0.00001655   0.00000000
    3   10
 -0.00001520  -0.00000000     0.00003733   0.00000000     0.00003733   0.00000000
  0.00003733   0.00000000    -0.00001520  -0.00000000    -0.00003733  -0.00000000
  0.00003733   0.00000000    -0.00003733  -0.00000000    -0.00001520  -0.00000000
    3   11
 -0.00002820  -0.00000000     0.00000202   0.00000000     0.00000202   0.00000000
  0.00000202   0.00000000    -0.00002820  -0.00000000    -0.00000202  -0.00000000
  0.00000202   0.00000000    -0.00000202  -0.00000000    -0.00002820  -0.00000000
    4    1
  0.00005965  -0.00000000    -0.00000939   0.00000000    -0.00000939   0.00000000
