  4.500000000000000E-002   1.62466440089185        5.30948034695369     
           3

     Dynamical  Matrix in cartesian axes

     q = (   -0.707106781   0.000000000   0.000000000 ) 

    1    1
  0.22372489   0.00000000     0.00000000   0.00000000     0.00000000   0.00000000
 -0.00000000   0.00000000     0.09070745   0.00000000     0.00000000   0.00000000
  0.00000000   0.00000000     0.00000000   0.00000000     0.09070745   0.00000000
    1    2
  0.00000000  -0.00000000     0.00000000   0.00000000    -0.00000000   0.00000000
 -0.00000000   0.00000000    -0.00000000  -0.00000000    -0.02459438  -0.00000000
  0.00000000   0.00000000    -0.02459438  -0.00000000     0.00000000  -0.00000000
    1    3
 -0.00000000   0.00000000     0.00000000   0.00000000     0.00000000   0.00000000
  0.00000000   0.00000000    -0.00000000   0.00000000    -0.02459438   0.00000000
  0.00000000  -0.00000000    -0.02459438   0.00000000    -0.00000000   0.00000000
    1    4
  0.00079586  -0.00000000     0.01504076  -0.00000000     0.01504076  -0.00000000
  0.00187220  -0.00000000     0.00495460  -0.00000000     0.00221949  -0.00000000
  0.00187220  -0.00000000     0.00221949  -0.00000000     0.00495460  -0.00000000
    1    5
  0.00079586  -0.00000000     0.01504076  -0.00000000     0.01504076  -0.00000000
  0.00187220  -0.00000000     0.00495460  -0.00000000     0.00221949  -0.00000000
  0.00187220  -0.00000000     0.00221949  -0.00000000     0.00495460  -0.00000000
    1    6
 -0.00079586   0.00000000    -0.01504076   0.00000000     0.01504076  -0.00000000
 -0.00187220   0.00000000    -0.00495460   0.00000000     0.00221949  -0.00000000
  0.00187220  -0.00000000     0.00221949  -0.00000000    -0.00495460   0.00000000
    1    7
 -0.00079586   0.00000000    -0.01504076   0.00000000     0.01504076  -0.00000000
 -0.00187220   0.00000000    -0.00495460   0.00000000     0.00221949  -0.00000000
  0.00187220  -0.00000000     0.00221949  -0.00000000    -0.00495460   0.00000000
    1    8
 -0.00079586   0.00000000     0.01504076  -0.00000000    -0.01504076   0.00000000
  0.00187220  -0.00000000    -0.00495460   0.00000000     0.00221949  -0.00000000
 -0.00187220   0.00000000     0.00221949  -0.00000000    -0.00495460   0.00000000
    1    9
 -0.00079586   0.00000000     0.01504076  -0.00000000    -0.01504076   0.00000000
  0.00187220  -0.00000000    -0.00495460   0.00000000     0.00221949  -0.00000000
 -0.00187220   0.00000000     0.00221949  -0.00000000    -0.00495460   0.00000000
    1   10
  0.00079586  -0.00000000    -0.01504076   0.00000000    -0.01504076   0.00000000
 -0.00187220   0.00000000     0.00495460  -0.00000000     0.00221949  -0.00000000
 -0.00187220   0.00000000     0.00221949  -0.00000000     0.00495460  -0.00000000
    1   11
  0.00079586  -0.00000000    -0.01504076   0.00000000    -0.01504076   0.00000000
 -0.00187220   0.00000000     0.00495460  -0.00000000     0.00221949  -0.00000000
 -0.00187220   0.00000000     0.00221949  -0.00000000     0.00495460  -0.00000000
    2    1
  0.00000000   0.00000000    -0.00000000  -0.00000000    -0.00000000  -0.00000000
  0.00000000  -0.00000000     0.00000000   0.00000000    -0.02459438   0.00000000
 -0.00000000  -0.00000000    -0.02459438   0.00000000     0.00000000   0.00000000
    2    2
  0.07700519   0.00000000    -0.00000000   0.00000000    -0.00000000   0.00000000
 -0.00000000   0.00000000     0.05903426   0.00000000     0.00000000   0.00000000
 -0.00000000   0.00000000     0.00000000   0.00000000     0.05903426   0.00000000
    2    3
  0.00118695  -0.00000000    -0.00000000   0.00000000    -0.00000000   0.00000000
  0.00000000   0.00000000    -0.02882475   0.00000000     0.00000000   0.00000000
  0.00000000   0.00000000    -0.00000000   0.00000000    -0.02882475   0.00000000
    2    4
 -0.01043542   0.00000000     0.00085561  -0.00000000     0.00085561  -0.00000000
  0.01344755  -0.00000000     0.00847031  -0.00000000     0.01633779  -0.00000000
  0.01344755  -0.00000000     0.01633779  -0.00000000     0.00847031  -0.00000000
    2    5
  0.00269153  -0.00000000    -0.01557801   0.00000000    -0.01557801   0.00000000
 -0.01583622   0.00000000    -0.01802063   0.00000000    -0.01995800   0.00000000
 -0.01583622   0.00000000    -0.01995800   0.00000000    -0.01802063   0.00000000
    2    6
 -0.01043542   0.00000000     0.00085561  -0.00000000    -0.00085561   0.00000000
  0.01344755  -0.00000000     0.00847031  -0.00000000    -0.01633779   0.00000000
 -0.01344755   0.00000000    -0.01633779   0.00000000     0.00847031  -0.00000000
    2    7
  0.00269153  -0.00000000    -0.01557801   0.00000000     0.01557801  -0.00000000
 -0.01583622   0.00000000    -0.01802063   0.00000000     0.01995800  -0.00000000
  0.01583622  -0.00000000     0.01995800  -0.00000000    -0.01802063   0.00000000
    2    8
 -0.01043542   0.00000000    -0.00085561   0.00000000     0.00085561  -0.00000000
 -0.01344755   0.00000000     0.00847031  -0.00000000    -0.01633779   0.00000000
  0.01344755  -0.00000000    -0.01633779   0.00000000     0.00847031  -0.00000000
    2    9
  0.00269153  -0.00000000     0.01557801  -0.00000000    -0.01557801   0.00000000
  0.01583622  -0.00000000    -0.01802063   0.00000000     0.01995800  -0.00000000
 -0.01583622   0.00000000     0.01995800  -0.00000000    -0.01802063   0.00000000
    2   10
 -0.01043542   0.00000000    -0.00085561   0.00000000    -0.00085561   0.00000000
 -0.01344755   0.00000000     0.00847031  -0.00000000     0.01633779  -0.00000000
 -0.01344755   0.00000000     0.01633779  -0.00000000     0.00847031  -0.00000000
    2   11
  0.00269153  -0.00000000     0.01557801  -0.00000000     0.01557801  -0.00000000
  0.01583622  -0.00000000    -0.01802063   0.00000000    -0.01995800   0.00000000
  0.01583622  -0.00000000    -0.01995800   0.00000000    -0.01802063   0.00000000
    3    1
 -0.00000000  -0.00000000     0.00000000  -0.00000000     0.00000000  -0.00000000
  0.00000000  -0.00000000    -0.00000000  -0.00000000    -0.02459438  -0.00000000
  0.00000000  -0.00000000    -0.02459438  -0.00000000    -0.00000000  -0.00000000
    3    2
  0.00118695   0.00000000     0.00000000  -0.00000000    -0.00000000  -0.00000000
  0.00000000  -0.00000000    -0.02882475  -0.00000000     0.00000000  -0.00000000
  0.00000000  -0.00000000    -0.00000000  -0.00000000    -0.02882475  -0.00000000
    3    3
  0.07700519   0.00000000    -0.00000000   0.00000000     0.00000000   0.00000000
 -0.00000000   0.00000000     0.05903426   0.00000000     0.00000000   0.00000000
  0.00000000   0.00000000     0.00000000   0.00000000     0.05903426   0.00000000
    3    4
  0.00269153  -0.00000000    -0.01557801   0.00000000    -0.01557801   0.00000000
 -0.01583622   0.00000000    -0.01802063   0.00000000    -0.01995800   0.00000000
 -0.01583622   0.00000000    -0.01995800   0.00000000    -0.01802063   0.00000000
    3    5
 -0.01043542   0.00000000     0.00085561  -0.00000000     0.00085561  -0.00000000
  0.01344755  -0.00000000     0.00847031  -0.00000000     0.01633779  -0.00000000
  0.01344755  -0.00000000     0.01633779  -0.00000000     0.00847031  -0.00000000
    3    6
  0.00269153  -0.00000000    -0.01557801   0.00000000     0.01557801  -0.00000000
 -0.01583622   0.00000000    -0.01802063   0.00000000     0.01995800  -0.00000000
  0.01583622  -0.00000000     0.01995800  -0.00000000    -0.01802063   0.00000000
    3    7
 -0.01043542  -0.00000000     0.00085561   0.00000000    -0.00085561  -0.00000000
  0.01344755   0.00000000     0.00847031   0.00000000    -0.01633779  -0.00000000
 -0.01344755  -0.00000000    -0.01633779  -0.00000000     0.00847031   0.00000000
    3    8
  0.00269153  -0.00000000     0.01557801  -0.00000000    -0.01557801   0.00000000
  0.01583622  -0.00000000    -0.01802063   0.00000000     0.01995800  -0.00000000
 -0.01583622   0.00000000     0.01995800  -0.00000000    -0.01802063   0.00000000
    3    9
 -0.01043542  -0.00000000    -0.00085561  -0.00000000     0.00085561   0.00000000
 -0.01344755  -0.00000000     0.00847031   0.00000000    -0.01633779  -0.00000000
  0.01344755   0.00000000    -0.01633779  -0.00000000     0.00847031   0.00000000
    3   10
  0.00269153  -0.00000000     0.01557801  -0.00000000     0.01557801  -0.00000000
  0.01583622  -0.00000000    -0.01802063   0.00000000    -0.01995800   0.00000000
  0.01583622  -0.00000000    -0.01995800   0.00000000    -0.01802063   0.00000000
    3   11
 -0.01043542   0.00000000    -0.00085561   0.00000000    -0.00085561   0.00000000
 -0.01344755   0.00000000     0.00847031  -0.00000000     0.01633779  -0.00000000
 -0.01344755   0.00000000     0.01633779  -0.00000000     0.00847031  -0.00000000
    4    1
  0.00079586   0.00000000     0.00187220   0.00000000     0.00187220   0.00000000
  0.01504076   0.00000000     0.00495460   0.00000000     0.00221949   0.00000000
  0.01504076   0.00000000     0.00221949   0.00000000     0.00495460   0.00000000
    4    2
 -0.01043542  -0.00000000     0.01344755   0.00000000     0.01344755   0.00000000
  0.00085561   0.00000000     0.00847031   0.00000000     0.01633779   0.00000000
  0.00085561   0.00000000     0.01633779   0.00000000     0.00847031   0.00000000
    4    3
  0.00269153   0.00000000    -0.01583622  -0.00000000    -0.01583622  -0.00000000
 -0.01557801  -0.00000000    -0.01802063  -0.00000000    -0.01995800  -0.00000000
 -0.01557801  -0.00000000    -0.01995800  -0.00000000    -0.01802063  -0.00000000
    4    4
  0.03990557   0.00000000     0.00242248   0.00000000     0.00242248   0.00000000
  0.00242248   0.00000000     0.04712256   0.00000000     0.01624422   0.00000000
  0.00242248   0.00000000     0.01624422   0.00000000     0.04712256   0.00000000
    4    5
 -0.00412586  -0.00000000    -0.00606858  -0.00000000    -0.00606858  -0.00000000
 -0.00606858  -0.00000000    -0.01574140  -0.00000000    -0.01130423  -0.00000000
 -0.00606858  -0.00000000    -0.01130423  -0.00000000    -0.01574140  -0.00000000
    4    6
  0.00116455   0.00000000    -0.00413013  -0.00000000     0.00032644   0.00000000
 -0.00413013  -0.00000000    -0.00304421  -0.00000000     0.00301268   0.00000000
 -0.00032644  -0.00000000    -0.00301268  -0.00000000    -0.00094406  -0.00000000
    4    7
 -0.00559631  -0.00000000     0.00361828   0.00000000    -0.00185786  -0.00000000
  0.00361828   0.00000000     0.00223169   0.00000000    -0.00136204  -0.00000000
  0.00185786   0.00000000     0.00136204   0.00000000     0.01522824   0.00000000
    4    8
  0.00116455   0.00000000     0.00032644   0.00000000    -0.00413013  -0.00000000
 -0.00032644  -0.00000000    -0.00094406  -0.00000000    -0.00301268  -0.00000000
 -0.00413013  -0.00000000     0.00301268   0.00000000    -0.00304421  -0.00000000
    4    9
 -0.00559631  -0.00000000    -0.00185786  -0.00000000     0.00361828   0.00000000
  0.00185786   0.00000000     0.01522824   0.00000000     0.00136204   0.00000000
  0.00361828   0.00000000    -0.00136204  -0.00000000     0.00223169   0.00000000
    4   10
 -0.01384319  -0.00000000     0.00763207   0.00000000     0.00763207   0.00000000
 -0.00763207   0.00000000     0.00968874  -0.00000000     0.00948223  -0.00000000
 -0.00763207   0.00000000     0.00948223  -0.00000000     0.00968874  -0.00000000
    4   11
 -0.00228363  -0.00000000    -0.01352927  -0.00000000    -0.01352927  -0.00000000
  0.01352927   0.00000000    -0.01606261  -0.00000000    -0.01028743  -0.00000000
  0.01352927   0.00000000    -0.01028743  -0.00000000    -0.01606261  -0.00000000
    5    1
  0.00079586   0.00000000     0.00187220   0.00000000     0.00187220   0.00000000
  0.01504076   0.00000000     0.00495460   0.00000000     0.00221949   0.00000000
  0.01504076   0.00000000     0.00221949   0.00000000     0.00495460   0.00000000
    5    2
  0.00269153   0.00000000    -0.01583622  -0.00000000    -0.01583622  -0.00000000
 -0.01557801  -0.00000000    -0.01802063  -0.00000000    -0.01995800  -0.00000000
 -0.01557801  -0.00000000    -0.01995800  -0.00000000    -0.01802063  -0.00000000
    5    3
 -0.01043542  -0.00000000     0.01344755   0.00000000     0.01344755   0.00000000
  0.00085561   0.00000000     0.00847031   0.00000000     0.01633779   0.00000000
  0.00085561   0.00000000     0.01633779   0.00000000     0.00847031   0.00000000
    5    4
 -0.00412586   0.00000000    -0.00606858   0.00000000    -0.00606858   0.00000000
 -0.00606858   0.00000000    -0.01574140   0.00000000    -0.01130423   0.00000000
 -0.00606858   0.00000000    -0.01130423   0.00000000    -0.01574140   0.00000000
    5    5
  0.03990557   0.00000000     0.00242248   0.00000000     0.00242248   0.00000000
  0.00242248   0.00000000     0.04712256   0.00000000     0.01624422   0.00000000
  0.00242248   0.00000000     0.01624422   0.00000000     0.04712256   0.00000000
    5    6
 -0.00559631   0.00000000     0.00361828  -0.00000000    -0.00185786   0.00000000
  0.00361828  -0.00000000     0.00223169  -0.00000000    -0.00136204   0.00000000
  0.00185786  -0.00000000     0.00136204  -0.00000000     0.01522824  -0.00000000
    5    7
  0.00116455   0.00000000    -0.00413013  -0.00000000     0.00032644   0.00000000
 -0.00413013  -0.00000000    -0.00304421  -0.00000000     0.00301268   0.00000000
 -0.00032644  -0.00000000    -0.00301268  -0.00000000    -0.00094406  -0.00000000
    5    8
 -0.00559631   0.00000000    -0.00185786   0.00000000     0.00361828  -0.00000000
  0.00185786  -0.00000000     0.01522824  -0.00000000     0.00136204  -0.00000000
  0.00361828  -0.00000000    -0.00136204   0.00000000     0.00223169  -0.00000000
    5    9
  0.00116455   0.00000000     0.00032644   0.00000000    -0.00413013  -0.00000000
 -0.00032644  -0.00000000    -0.00094406  -0.00000000    -0.00301268  -0.00000000
 -0.00413013  -0.00000000     0.00301268   0.00000000    -0.00304421  -0.00000000
    5   10
 -0.00228363   0.00000000    -0.01352927   0.00000000    -0.01352927   0.00000000
  0.01352927  -0.00000000    -0.01606261   0.00000000    -0.01028743   0.00000000
  0.01352927  -0.00000000    -0.01028743   0.00000000    -0.01606261   0.00000000
    5   11
 -0.01384319   0.00000000     0.00763207  -0.00000000     0.00763207  -0.00000000
 -0.00763207  -0.00000000     0.00968874   0.00000000     0.00948223   0.00000000
 -0.00763207  -0.00000000     0.00948223   0.00000000     0.00968874   0.00000000
    6    1
 -0.00079586  -0.00000000    -0.00187220  -0.00000000     0.00187220   0.00000000
 -0.01504076  -0.00000000    -0.00495460  -0.00000000     0.00221949   0.00000000
  0.01504076   0.00000000     0.00221949   0.00000000    -0.00495460  -0.00000000
    6    2
 -0.01043542  -0.00000000     0.01344755   0.00000000    -0.01344755  -0.00000000
  0.00085561   0.00000000     0.00847031   0.00000000    -0.01633779  -0.00000000
 -0.00085561  -0.00000000    -0.01633779  -0.00000000     0.00847031   0.00000000
    6    3
  0.00269153   0.00000000    -0.01583622  -0.00000000     0.01583622   0.00000000
 -0.01557801  -0.00000000    -0.01802063  -0.00000000     0.01995800   0.00000000
  0.01557801   0.00000000     0.01995800   0.00000000    -0.01802063  -0.00000000
    6    4
  0.00116455  -0.00000000    -0.00413013   0.00000000    -0.00032644   0.00000000
 -0.00413013   0.00000000    -0.00304421   0.00000000    -0.00301268   0.00000000
  0.00032644  -0.00000000     0.00301268  -0.00000000    -0.00094406   0.00000000
    6    5
 -0.00559631  -0.00000000     0.00361828   0.00000000     0.00185786   0.00000000
  0.00361828   0.00000000     0.00223169   0.00000000     0.00136204   0.00000000
 -0.00185786  -0.00000000    -0.00136204  -0.00000000     0.01522824   0.00000000
    6    6
  0.03990557   0.00000000     0.00242248   0.00000000    -0.00242248   0.00000000
  0.00242248   0.00000000     0.04712256   0.00000000    -0.01624422   0.00000000
 -0.00242248   0.00000000    -0.01624422   0.00000000     0.04712256   0.00000000
    6    7
 -0.00412586  -0.00000000    -0.00606858  -0.00000000     0.00606858   0.00000000
 -0.00606858  -0.00000000    -0.01574140  -0.00000000     0.01130423   0.00000000
  0.00606858   0.00000000     0.01130423   0.00000000    -0.01574140  -0.00000000
    6    8
 -0.01384319   0.00000000     0.00763207  -0.00000000    -0.00763207   0.00000000
 -0.00763207  -0.00000000     0.00968874   0.00000000    -0.00948223  -0.00000000
  0.00763207   0.00000000    -0.00948223  -0.00000000     0.00968874   0.00000000
    6    9
 -0.00228363  -0.00000000    -0.01352927  -0.00000000     0.01352927   0.00000000
  0.01352927   0.00000000    -0.01606261  -0.00000000     0.01028743   0.00000000
 -0.01352927  -0.00000000     0.01028743   0.00000000    -0.01606261  -0.00000000
    6   10
  0.00116455  -0.00000000     0.00032644  -0.00000000     0.00413013  -0.00000000
 -0.00032644   0.00000000    -0.00094406   0.00000000     0.00301268  -0.00000000
  0.00413013  -0.00000000    -0.00301268   0.00000000    -0.00304421   0.00000000
    6   11
 -0.00559631  -0.00000000    -0.00185786  -0.00000000    -0.00361828  -0.00000000
  0.00185786   0.00000000     0.01522824   0.00000000    -0.00136204  -0.00000000
 -0.00361828  -0.00000000     0.00136204   0.00000000     0.00223169   0.00000000
    7    1
 -0.00079586  -0.00000000    -0.00187220  -0.00000000     0.00187220   0.00000000
 -0.01504076  -0.00000000    -0.00495460  -0.00000000     0.00221949   0.00000000
  0.01504076   0.00000000     0.00221949   0.00000000    -0.00495460  -0.00000000
    7    2
  0.00269153   0.00000000    -0.01583622  -0.00000000     0.01583622   0.00000000
 -0.01557801  -0.00000000    -0.01802063  -0.00000000     0.01995800   0.00000000
  0.01557801   0.00000000     0.01995800   0.00000000    -0.01802063  -0.00000000
    7    3
 -0.01043542   0.00000000     0.01344755  -0.00000000    -0.01344755   0.00000000
  0.00085561  -0.00000000     0.00847031  -0.00000000    -0.01633779   0.00000000
 -0.00085561   0.00000000    -0.01633779   0.00000000     0.00847031  -0.00000000
    7    4
 -0.00559631   0.00000000     0.00361828  -0.00000000     0.00185786  -0.00000000
  0.00361828  -0.00000000     0.00223169  -0.00000000     0.00136204  -0.00000000
 -0.00185786   0.00000000    -0.00136204   0.00000000     0.01522824  -0.00000000
    7    5
  0.00116455  -0.00000000    -0.00413013   0.00000000    -0.00032644   0.00000000
 -0.00413013   0.00000000    -0.00304421   0.00000000    -0.00301268   0.00000000
  0.00032644  -0.00000000     0.00301268  -0.00000000    -0.00094406   0.00000000
    7    6
 -0.00412586   0.00000000    -0.00606858   0.00000000     0.00606858  -0.00000000
 -0.00606858   0.00000000    -0.01574140   0.00000000     0.01130423  -0.00000000
  0.00606858  -0.00000000     0.01130423  -0.00000000    -0.01574140   0.00000000
    7    7
  0.03990557   0.00000000     0.00242248   0.00000000    -0.00242248   0.00000000
  0.00242248   0.00000000     0.04712256   0.00000000    -0.01624422   0.00000000
 -0.00242248   0.00000000    -0.01624422   0.00000000     0.04712256   0.00000000
    7    8
 -0.00228363   0.00000000    -0.01352927   0.00000000     0.01352927  -0.00000000
  0.01352927  -0.00000000    -0.01606261   0.00000000     0.01028743  -0.00000000
 -0.01352927   0.00000000     0.01028743  -0.00000000    -0.01606261   0.00000000
    7    9
 -0.01384319   0.00000000     0.00763207   0.00000000    -0.00763207   0.00000000
 -0.00763207   0.00000000     0.00968874   0.00000000    -0.00948223   0.00000000
  0.00763207   0.00000000    -0.00948223   0.00000000     0.00968874   0.00000000
    7   10
 -0.00559631   0.00000000    -0.00185786   0.00000000    -0.00361828   0.00000000
  0.00185786  -0.00000000     0.01522824  -0.00000000    -0.00136204   0.00000000
 -0.00361828   0.00000000     0.00136204  -0.00000000     0.00223169  -0.00000000
    7   11
  0.00116455  -0.00000000     0.00032644  -0.00000000     0.00413013  -0.00000000
 -0.00032644   0.00000000    -0.00094406   0.00000000     0.00301268  -0.00000000
  0.00413013  -0.00000000    -0.00301268   0.00000000    -0.00304421   0.00000000
    8    1
 -0.00079586  -0.00000000     0.00187220   0.00000000    -0.00187220  -0.00000000
  0.01504076   0.00000000    -0.00495460  -0.00000000     0.00221949   0.00000000
 -0.01504076  -0.00000000     0.00221949   0.00000000    -0.00495460  -0.00000000
    8    2
 -0.01043542  -0.00000000    -0.01344755  -0.00000000     0.01344755   0.00000000
 -0.00085561  -0.00000000     0.00847031   0.00000000    -0.01633779  -0.00000000
  0.00085561   0.00000000    -0.01633779  -0.00000000     0.00847031   0.00000000
    8    3
  0.00269153   0.00000000     0.01583622   0.00000000    -0.01583622  -0.00000000
  0.01557801   0.00000000    -0.01802063  -0.00000000     0.01995800   0.00000000
 -0.01557801  -0.00000000     0.01995800   0.00000000    -0.01802063  -0.00000000
    8    4
  0.00116455  -0.00000000    -0.00032644   0.00000000    -0.00413013   0.00000000
  0.00032644  -0.00000000    -0.00094406   0.00000000     0.00301268  -0.00000000
 -0.00413013   0.00000000    -0.00301268   0.00000000    -0.00304421   0.00000000
    8    5
 -0.00559631  -0.00000000     0.00185786   0.00000000     0.00361828   0.00000000
 -0.00185786  -0.00000000     0.01522824   0.00000000    -0.00136204  -0.00000000
  0.00361828   0.00000000     0.00136204   0.00000000     0.00223169   0.00000000
    8    6
 -0.01384319   0.00000000    -0.00763207   0.00000000     0.00763207  -0.00000000
  0.00763207   0.00000000     0.00968874   0.00000000    -0.00948223  -0.00000000
 -0.00763207  -0.00000000    -0.00948223  -0.00000000     0.00968874   0.00000000
    8    7
 -0.00228363  -0.00000000     0.01352927   0.00000000    -0.01352927  -0.00000000
 -0.01352927  -0.00000000    -0.01606261  -0.00000000     0.01028743   0.00000000
  0.01352927   0.00000000     0.01028743   0.00000000    -0.01606261  -0.00000000
    8    8
  0.03990557   0.00000000    -0.00242248   0.00000000     0.00242248   0.00000000
 -0.00242248   0.00000000     0.04712256   0.00000000    -0.01624422   0.00000000
  0.00242248   0.00000000    -0.01624422   0.00000000     0.04712256   0.00000000
    8    9
 -0.00412586  -0.00000000     0.00606858   0.00000000    -0.00606858  -0.00000000
  0.00606858   0.00000000    -0.01574140  -0.00000000     0.01130423   0.00000000
 -0.00606858  -0.00000000     0.01130423   0.00000000    -0.01574140  -0.00000000
    8   10
  0.00116455  -0.00000000     0.00413013  -0.00000000     0.00032644  -0.00000000
  0.00413013  -0.00000000    -0.00304421   0.00000000    -0.00301268   0.00000000
 -0.00032644   0.00000000     0.00301268  -0.00000000    -0.00094406   0.00000000
    8   11
 -0.00559631  -0.00000000    -0.00361828  -0.00000000    -0.00185786  -0.00000000
 -0.00361828  -0.00000000     0.00223169   0.00000000     0.00136204   0.00000000
  0.00185786   0.00000000    -0.00136204  -0.00000000     0.01522824   0.00000000
    9    1
 -0.00079586  -0.00000000     0.00187220   0.00000000    -0.00187220  -0.00000000
  0.01504076   0.00000000    -0.00495460  -0.00000000     0.00221949   0.00000000
 -0.01504076  -0.00000000     0.00221949   0.00000000    -0.00495460  -0.00000000
    9    2
  0.00269153   0.00000000     0.01583622   0.00000000    -0.01583622  -0.00000000
  0.01557801   0.00000000    -0.01802063  -0.00000000     0.01995800   0.00000000
 -0.01557801  -0.00000000     0.01995800   0.00000000    -0.01802063  -0.00000000
    9    3
 -0.01043542   0.00000000    -0.01344755   0.00000000     0.01344755  -0.00000000
 -0.00085561   0.00000000     0.00847031  -0.00000000    -0.01633779   0.00000000
  0.00085561  -0.00000000    -0.01633779   0.00000000     0.00847031  -0.00000000
    9    4
 -0.00559631   0.00000000     0.00185786  -0.00000000     0.00361828  -0.00000000
 -0.00185786   0.00000000     0.01522824  -0.00000000    -0.00136204   0.00000000
  0.00361828  -0.00000000     0.00136204  -0.00000000     0.00223169  -0.00000000
    9    5
  0.00116455  -0.00000000    -0.00032644   0.00000000    -0.00413013   0.00000000
  0.00032644  -0.00000000    -0.00094406   0.00000000     0.00301268  -0.00000000
 -0.00413013   0.00000000    -0.00301268   0.00000000    -0.00304421   0.00000000
    9    6
 -0.00228363   0.00000000     0.01352927  -0.00000000    -0.01352927   0.00000000
 -0.01352927   0.00000000    -0.01606261   0.00000000     0.01028743  -0.00000000
  0.01352927  -0.00000000     0.01028743  -0.00000000    -0.01606261   0.00000000
    9    7
 -0.01384319   0.00000000    -0.00763207   0.00000000     0.00763207   0.00000000
  0.00763207   0.00000000     0.00968874   0.00000000    -0.00948223   0.00000000
 -0.00763207   0.00000000    -0.00948223   0.00000000     0.00968874   0.00000000
    9    8
 -0.00412586   0.00000000     0.00606858  -0.00000000    -0.00606858   0.00000000
  0.00606858  -0.00000000    -0.01574140   0.00000000     0.01130423  -0.00000000
 -0.00606858   0.00000000     0.01130423  -0.00000000    -0.01574140   0.00000000
    9    9
  0.03990557   0.00000000    -0.00242248   0.00000000     0.00242248   0.00000000
 -0.00242248   0.00000000     0.04712256   0.00000000    -0.01624422   0.00000000
  0.00242248   0.00000000    -0.01624422   0.00000000     0.04712256   0.00000000
    9   10
 -0.00559631   0.00000000    -0.00361828   0.00000000    -0.00185786   0.00000000
 -0.00361828   0.00000000     0.00223169  -0.00000000     0.00136204  -0.00000000
  0.00185786  -0.00000000    -0.00136204   0.00000000     0.01522824  -0.00000000
    9   11
  0.00116455  -0.00000000     0.00413013  -0.00000000     0.00032644  -0.00000000
  0.00413013  -0.00000000    -0.00304421   0.00000000    -0.00301268   0.00000000
 -0.00032644   0.00000000     0.00301268  -0.00000000    -0.00094406   0.00000000
   10    1
  0.00079586   0.00000000    -0.00187220  -0.00000000    -0.00187220  -0.00000000
 -0.01504076  -0.00000000     0.00495460   0.00000000     0.00221949   0.00000000
 -0.01504076  -0.00000000     0.00221949   0.00000000     0.00495460   0.00000000
   10    2
 -0.01043542  -0.00000000    -0.01344755  -0.00000000    -0.01344755  -0.00000000
 -0.00085561  -0.00000000     0.00847031   0.00000000     0.01633779   0.00000000
 -0.00085561  -0.00000000     0.01633779   0.00000000     0.00847031   0.00000000
   10    3
  0.00269153   0.00000000     0.01583622   0.00000000     0.01583622   0.00000000
  0.01557801   0.00000000    -0.01802063  -0.00000000    -0.01995800  -0.00000000
  0.01557801   0.00000000    -0.01995800  -0.00000000    -0.01802063  -0.00000000
   10    4
 -0.01384319  -0.00000000    -0.00763207  -0.00000000    -0.00763207  -0.00000000
  0.00763207  -0.00000000     0.00968874  -0.00000000     0.00948223  -0.00000000
  0.00763207  -0.00000000     0.00948223  -0.00000000     0.00968874  -0.00000000
   10    5
 -0.00228363  -0.00000000     0.01352927   0.00000000     0.01352927   0.00000000
 -0.01352927  -0.00000000    -0.01606261  -0.00000000    -0.01028743  -0.00000000
 -0.01352927  -0.00000000    -0.01028743  -0.00000000    -0.01606261  -0.00000000
   10    6
  0.00116455   0.00000000    -0.00032644  -0.00000000     0.00413013   0.00000000
  0.00032644   0.00000000    -0.00094406  -0.00000000    -0.00301268  -0.00000000
  0.00413013   0.00000000     0.00301268   0.00000000    -0.00304421  -0.00000000
   10    7
 -0.00559631  -0.00000000     0.00185786   0.00000000    -0.00361828  -0.00000000
 -0.00185786  -0.00000000     0.01522824   0.00000000     0.00136204   0.00000000
 -0.00361828  -0.00000000    -0.00136204  -0.00000000     0.00223169   0.00000000
   10    8
  0.00116455   0.00000000     0.00413013   0.00000000    -0.00032644  -0.00000000
  0.00413013   0.00000000    -0.00304421  -0.00000000     0.00301268   0.00000000
  0.00032644   0.00000000    -0.00301268  -0.00000000    -0.00094406  -0.00000000
   10    9
 -0.00559631  -0.00000000    -0.00361828  -0.00000000     0.00185786   0.00000000
 -0.00361828  -0.00000000     0.00223169   0.00000000    -0.00136204  -0.00000000
 -0.00185786  -0.00000000     0.00136204   0.00000000     0.01522824   0.00000000
   10   10
  0.03990557   0.00000000    -0.00242248   0.00000000    -0.00242248   0.00000000
 -0.00242248   0.00000000     0.04712256   0.00000000     0.01624422   0.00000000
 -0.00242248   0.00000000     0.01624422   0.00000000     0.04712256   0.00000000
   10   11
 -0.00412586  -0.00000000     0.00606858   0.00000000     0.00606858   0.00000000
  0.00606858   0.00000000    -0.01574140  -0.00000000    -0.01130423  -0.00000000
  0.00606858   0.00000000    -0.01130423  -0.00000000    -0.01574140  -0.00000000
   11    1
  0.00079586   0.00000000    -0.00187220  -0.00000000    -0.00187220  -0.00000000
 -0.01504076  -0.00000000     0.00495460   0.00000000     0.00221949   0.00000000
 -0.01504076  -0.00000000     0.00221949   0.00000000     0.00495460   0.00000000
   11    2
  0.00269153   0.00000000     0.01583622   0.00000000     0.01583622   0.00000000
  0.01557801   0.00000000    -0.01802063  -0.00000000    -0.01995800  -0.00000000
  0.01557801   0.00000000    -0.01995800  -0.00000000    -0.01802063  -0.00000000
   11    3
 -0.01043542  -0.00000000    -0.01344755  -0.00000000    -0.01344755  -0.00000000
 -0.00085561  -0.00000000     0.00847031   0.00000000     0.01633779   0.00000000
 -0.00085561  -0.00000000     0.01633779   0.00000000     0.00847031   0.00000000
   11    4
 -0.00228363   0.00000000     0.01352927  -0.00000000     0.01352927  -0.00000000
 -0.01352927   0.00000000    -0.01606261   0.00000000    -0.01028743   0.00000000
 -0.01352927   0.00000000    -0.01028743   0.00000000    -0.01606261   0.00000000
   11    5
 -0.01384319   0.00000000    -0.00763207   0.00000000    -0.00763207   0.00000000
  0.00763207   0.00000000     0.00968874   0.00000000     0.00948223   0.00000000
  0.00763207   0.00000000     0.00948223   0.00000000     0.00968874   0.00000000
   11    6
 -0.00559631   0.00000000     0.00185786  -0.00000000    -0.00361828   0.00000000
 -0.00185786   0.00000000     0.01522824  -0.00000000     0.00136204  -0.00000000
 -0.00361828   0.00000000    -0.00136204   0.00000000     0.00223169  -0.00000000
   11    7
  0.00116455   0.00000000    -0.00032644  -0.00000000     0.00413013   0.00000000
  0.00032644   0.00000000    -0.00094406  -0.00000000    -0.00301268  -0.00000000
  0.00413013   0.00000000     0.00301268   0.00000000    -0.00304421  -0.00000000
   11    8
 -0.00559631   0.00000000    -0.00361828   0.00000000     0.00185786  -0.00000000
 -0.00361828   0.00000000     0.00223169  -0.00000000    -0.00136204   0.00000000
 -0.00185786   0.00000000     0.00136204  -0.00000000     0.01522824  -0.00000000
   11    9
  0.00116455   0.00000000     0.00413013   0.00000000    -0.00032644  -0.00000000
  0.00413013   0.00000000    -0.00304421  -0.00000000     0.00301268   0.00000000
  0.00032644   0.00000000    -0.00301268  -0.00000000    -0.00094406  -0.00000000
   11   10
 -0.00412586   0.00000000     0.00606858  -0.00000000     0.00606858  -0.00000000
  0.00606858  -0.00000000    -0.01574140   0.00000000    -0.01130423   0.00000000
  0.00606858  -0.00000000    -0.01130423   0.00000000    -0.01574140   0.00000000
   11   11
  0.03990557   0.00000000    -0.00242248   0.00000000    -0.00242248   0.00000000
 -0.00242248   0.00000000     0.04712256   0.00000000     0.01624422   0.00000000
 -0.00242248   0.00000000     0.01624422   0.00000000     0.04712256   0.00000000

     Dynamical  Matrix in cartesian axes

     q = (    0.000000000   0.000000000  -0.707106781 ) 

    1    1
  0.09070745   0.00000000    -0.00000000   0.00000000     0.00000000   0.00000000
 -0.00000000   0.00000000     0.09070745   0.00000000     0.00000000   0.00000000
  0.00000000   0.00000000     0.00000000   0.00000000     0.22372489   0.00000000
    1    2
 -0.00000000  -0.00000000    -0.02459438  -0.00000000     0.00000000  -0.00000000
 -0.02459438  -0.00000000     0.00000000  -0.00000000    -0.00000000  -0.00000000
 -0.00000000  -0.00000000    -0.00000000   0.00000000     0.00000000  -0.00000000
    1    3
  0.00000000   0.00000000    -0.02459438   0.00000000    -0.00000000   0.00000000
 -0.02459438   0.00000000     0.00000000   0.00000000    -0.00000000   0.00000000
 -0.00000000   0.00000000    -0.00000000   0.00000000     0.00000000   0.00000000
    1    4
  0.00495460  -0.00000000     0.00221949  -0.00000000     0.00187220  -0.00000000
  0.00221949  -0.00000000     0.00495460  -0.00000000     0.00187220  -0.00000000
  0.01504076  -0.00000000     0.01504076  -0.00000000     0.00079586  -0.00000000
    1    5
  0.00495460  -0.00000000     0.00221949  -0.00000000     0.00187220  -0.00000000
  0.00221949  -0.00000000     0.00495460  -0.00000000     0.00187220  -0.00000000
  0.01504076  -0.00000000     0.01504076  -0.00000000     0.00079586  -0.00000000
    1    6
  0.00495460  -0.00000000     0.00221949  -0.00000000    -0.00187220   0.00000000
  0.00221949  -0.00000000     0.00495460  -0.00000000    -0.00187220   0.00000000
 -0.01504076   0.00000000    -0.01504076   0.00000000     0.00079586  -0.00000000
    1    7
  0.00495460  -0.00000000     0.00221949  -0.00000000    -0.00187220   0.00000000
  0.00221949  -0.00000000     0.00495460  -0.00000000    -0.00187220   0.00000000
 -0.01504076   0.00000000    -0.01504076   0.00000000     0.00079586  -0.00000000
    1    8
 -0.00495460   0.00000000     0.00221949  -0.00000000    -0.00187220   0.00000000
  0.00221949  -0.00000000    -0.00495460   0.00000000     0.00187220  -0.00000000
 -0.01504076   0.00000000     0.01504076  -0.00000000    -0.00079586   0.00000000
    1    9
 -0.00495460   0.00000000     0.00221949  -0.00000000    -0.00187220   0.00000000
  0.00221949  -0.00000000    -0.00495460   0.00000000     0.00187220  -0.00000000
 -0.01504076   0.00000000     0.01504076  -0.00000000    -0.00079586   0.00000000
    1   10
 -0.00495460   0.00000000     0.00221949  -0.00000000     0.00187220  -0.00000000
  0.00221949  -0.00000000    -0.00495460   0.00000000    -0.00187220   0.00000000
  0.01504076  -0.00000000    -0.01504076   0.00000000    -0.00079586   0.00000000
    1   11
 -0.00495460   0.00000000     0.00221949  -0.00000000     0.00187220  -0.00000000
  0.00221949  -0.00000000    -0.00495460   0.00000000    -0.00187220   0.00000000
  0.01504076  -0.00000000    -0.01504076   0.00000000    -0.00079586   0.00000000
    2    1
  0.00000000   0.00000000    -0.02459438   0.00000000     0.00000000  -0.00000000
 -0.02459438   0.00000000     0.00000000   0.00000000    -0.00000000   0.00000000
  0.00000000  -0.00000000    -0.00000000  -0.00000000     0.00000000   0.00000000
    2    2
  0.05903426   0.00000000     0.00000000   0.00000000    -0.00000000   0.00000000
  0.00000000   0.00000000     0.05903426   0.00000000     0.00000000   0.00000000
 -0.00000000   0.00000000     0.00000000   0.00000000     0.07700519   0.00000000
    2    3
 -0.02882475   0.00000000     0.00000000   0.00000000    -0.00000000  -0.00000000
  0.00000000   0.00000000    -0.02882475   0.00000000     0.00000000   0.00000000
  0.00000000   0.00000000    -0.00000000  -0.00000000     0.00118695  -0.00000000
    2    4
  0.00847031  -0.00000000     0.01633779  -0.00000000     0.01344755  -0.00000000
  0.01633779  -0.00000000     0.00847031  -0.00000000     0.01344755  -0.00000000
  0.00085561  -0.00000000     0.00085561  -0.00000000    -0.01043542   0.00000000
    2    5
 -0.01802063   0.00000000    -0.01995800   0.00000000    -0.01583622   0.00000000
 -0.01995800   0.00000000    -0.01802063   0.00000000    -0.01583622   0.00000000
 -0.01557801   0.00000000    -0.01557801   0.00000000     0.00269153  -0.00000000
    2    6
  0.00847031  -0.00000000     0.01633779  -0.00000000    -0.01344755   0.00000000
  0.01633779  -0.00000000     0.00847031  -0.00000000    -0.01344755   0.00000000
 -0.00085561   0.00000000    -0.00085561   0.00000000    -0.01043542   0.00000000
    2    7
 -0.01802063   0.00000000    -0.01995800   0.00000000     0.01583622  -0.00000000
 -0.01995800   0.00000000    -0.01802063   0.00000000     0.01583622  -0.00000000
  0.01557801  -0.00000000     0.01557801  -0.00000000     0.00269153  -0.00000000
    2    8
  0.00847031  -0.00000000    -0.01633779   0.00000000     0.01344755  -0.00000000
 -0.01633779   0.00000000     0.00847031  -0.00000000    -0.01344755   0.00000000
  0.00085561  -0.00000000    -0.00085561   0.00000000    -0.01043542   0.00000000
    2    9
 -0.01802063   0.00000000     0.01995800  -0.00000000    -0.01583622   0.00000000
  0.01995800  -0.00000000    -0.01802063   0.00000000     0.01583622  -0.00000000
 -0.01557801   0.00000000     0.01557801  -0.00000000     0.00269153  -0.00000000
    2   10
  0.00847031  -0.00000000    -0.01633779   0.00000000    -0.01344755   0.00000000
 -0.01633779   0.00000000     0.00847031  -0.00000000     0.01344755  -0.00000000
 -0.00085561   0.00000000     0.00085561  -0.00000000    -0.01043542   0.00000000
    2   11
 -0.01802063   0.00000000     0.01995800  -0.00000000     0.01583622  -0.00000000
  0.01995800  -0.00000000    -0.01802063   0.00000000    -0.01583622   0.00000000
  0.01557801  -0.00000000    -0.01557801   0.00000000     0.00269153  -0.00000000
    3    1
  0.00000000  -0.00000000    -0.02459438  -0.00000000     0.00000000  -0.00000000
 -0.02459438  -0.00000000     0.00000000  -0.00000000    -0.00000000  -0.00000000
 -0.00000000   0.00000000     0.00000000  -0.00000000     0.00000000  -0.00000000
    3    2
 -0.02882475  -0.00000000    -0.00000000  -0.00000000     0.00000000   0.00000000
  0.00000000  -0.00000000    -0.02882475  -0.00000000     0.00000000   0.00000000
 -0.00000000   0.00000000     0.00000000   0.00000000     0.00118695   0.00000000
    3    3
  0.05903426   0.00000000     0.00000000   0.00000000    -0.00000000   0.00000000
  0.00000000   0.00000000     0.05903426   0.00000000    -0.00000000   0.00000000
 -0.00000000   0.00000000     0.00000000   0.00000000     0.07700519   0.00000000
    3    4
 -0.01802063   0.00000000    -0.01995800   0.00000000    -0.01583622   0.00000000
 -0.01995800   0.00000000    -0.01802063   0.00000000    -0.01583622   0.00000000
 -0.01557801   0.00000000    -0.01557801   0.00000000     0.00269153  -0.00000000
    3    5
  0.00847031  -0.00000000     0.01633779  -0.00000000     0.01344755  -0.00000000
  0.01633779  -0.00000000     0.00847031  -0.00000000     0.01344755  -0.00000000
  0.00085561  -0.00000000     0.00085561  -0.00000000    -0.01043542   0.00000000
    3    6
 -0.01802063   0.00000000    -0.01995800   0.00000000     0.01583622  -0.00000000
 -0.01995800   0.00000000    -0.01802063   0.00000000     0.01583622  -0.00000000
  0.01557801  -0.00000000     0.01557801  -0.00000000     0.00269153  -0.00000000
    3    7
  0.00847031  -0.00000000     0.01633779  -0.00000000    -0.01344755   0.00000000
  0.01633779  -0.00000000     0.00847031  -0.00000000    -0.01344755   0.00000000
 -0.00085561   0.00000000    -0.00085561   0.00000000    -0.01043542   0.00000000
    3    8
 -0.01802063   0.00000000     0.01995800  -0.00000000    -0.01583622   0.00000000
  0.01995800  -0.00000000    -0.01802063   0.00000000     0.01583622  -0.00000000
 -0.01557801   0.00000000     0.01557801  -0.00000000     0.00269153  -0.00000000
    3    9
  0.00847031   0.00000000    -0.01633779  -0.00000000     0.01344755   0.00000000
 -0.01633779  -0.00000000     0.00847031   0.00000000    -0.01344755  -0.00000000
  0.00085561   0.00000000    -0.00085561  -0.00000000    -0.01043542  -0.00000000
    3   10
 -0.01802063   0.00000000     0.01995800  -0.00000000     0.01583622  -0.00000000
  0.01995800  -0.00000000    -0.01802063   0.00000000    -0.01583622   0.00000000
  0.01557801  -0.00000000    -0.01557801   0.00000000     0.00269153  -0.00000000
    3   11
  0.00847031   0.00000000    -0.01633779  -0.00000000    -0.01344755  -0.00000000
 -0.01633779  -0.00000000     0.00847031   0.00000000     0.01344755   0.00000000
 -0.00085561  -0.00000000     0.00085561   0.00000000    -0.01043542  -0.00000000
    4    1
  0.00495460   0.00000000     0.00221949   0.00000000     0.01504076   0.00000000
