  3.000000000000000E-002   1.62628693009849        4.75506765457283     
           3

     Dynamical  Matrix in cartesian axes

     q = (   -0.707106781   0.000000000   0.000000000 ) 

    1    1
  0.18132850   0.00000000     0.00000000   0.00000000     0.00000000   0.00000000
 -0.00000000   0.00000000     0.07930645   0.00000000     0.00000000   0.00000000
 -0.00000000   0.00000000     0.00000000   0.00000000     0.07930645   0.00000000
    1    2
 -0.00000000  -0.00000000    -0.00000000   0.00000000     0.00000000   0.00000000
 -0.00000000  -0.00000000     0.00000000  -0.00000000    -0.02482108  -0.00000000
 -0.00000000   0.00000000    -0.02482108  -0.00000000    -0.00000000  -0.00000000
    1    3
 -0.00000000   0.00000000     0.00000000  -0.00000000     0.00000000   0.00000000
  0.00000000   0.00000000    -0.00000000   0.00000000    -0.02482108   0.00000000
  0.00000000  -0.00000000    -0.02482108   0.00000000    -0.00000000   0.00000000
    1    4
  0.00358744  -0.00000000     0.01418442  -0.00000000     0.01418442  -0.00000000
  0.00087019  -0.00000000     0.00445649  -0.00000000     0.00358660  -0.00000000
  0.00087019  -0.00000000     0.00358660  -0.00000000     0.00445649  -0.00000000
    1    5
  0.00358744  -0.00000000     0.01418442  -0.00000000     0.01418442  -0.00000000
  0.00087019  -0.00000000     0.00445649  -0.00000000     0.00358660  -0.00000000
  0.00087019  -0.00000000     0.00358660  -0.00000000     0.00445649  -0.00000000
    1    6
 -0.00358744   0.00000000    -0.01418442   0.00000000     0.01418442  -0.00000000
 -0.00087019   0.00000000    -0.00445649   0.00000000     0.00358660  -0.00000000
  0.00087019  -0.00000000     0.00358660  -0.00000000    -0.00445649   0.00000000
    1    7
 -0.00358744   0.00000000    -0.01418442   0.00000000     0.01418442  -0.00000000
 -0.00087019   0.00000000    -0.00445649   0.00000000     0.00358660  -0.00000000
  0.00087019  -0.00000000     0.00358660  -0.00000000    -0.00445649   0.00000000
    1    8
 -0.00358744   0.00000000     0.01418442  -0.00000000    -0.01418442   0.00000000
  0.00087019  -0.00000000    -0.00445649   0.00000000     0.00358660  -0.00000000
 -0.00087019   0.00000000     0.00358660  -0.00000000    -0.00445649   0.00000000
    1    9
 -0.00358744   0.00000000     0.01418442  -0.00000000    -0.01418442   0.00000000
  0.00087019  -0.00000000    -0.00445649   0.00000000     0.00358660  -0.00000000
 -0.00087019   0.00000000     0.00358660  -0.00000000    -0.00445649   0.00000000
    1   10
  0.00358744  -0.00000000    -0.01418442   0.00000000    -0.01418442   0.00000000
 -0.00087019   0.00000000     0.00445649  -0.00000000     0.00358660  -0.00000000
 -0.00087019   0.00000000     0.00358660  -0.00000000     0.00445649  -0.00000000
    1   11
  0.00358744  -0.00000000    -0.01418442   0.00000000    -0.01418442   0.00000000
 -0.00087019   0.00000000     0.00445649  -0.00000000     0.00358660  -0.00000000
 -0.00087019   0.00000000     0.00358660  -0.00000000     0.00445649  -0.00000000
    2    1
 -0.00000000   0.00000000    -0.00000000   0.00000000    -0.00000000   0.00000000
 -0.00000000   0.00000000     0.00000000   0.00000000    -0.02482108   0.00000000
  0.00000000   0.00000000    -0.02482108   0.00000000    -0.00000000   0.00000000
    2    2
  0.08130401   0.00000000     0.00000000   0.00000000    -0.00000000   0.00000000
  0.00000000   0.00000000     0.06385230   0.00000000     0.00000000   0.00000000
 -0.00000000   0.00000000     0.00000000   0.00000000     0.06385230   0.00000000
    2    3
 -0.00388154   0.00000000     0.00000000  -0.00000000     0.00000000   0.00000000
  0.00000000   0.00000000    -0.03108092   0.00000000    -0.00000000   0.00000000
  0.00000000   0.00000000    -0.00000000   0.00000000    -0.03108092   0.00000000
    2    4
 -0.01204656   0.00000000     0.00229916  -0.00000000     0.00229916  -0.00000000
  0.01447944  -0.00000000     0.00991063  -0.00000000     0.01966526  -0.00000000
  0.01447944  -0.00000000     0.01966526  -0.00000000     0.00991063  -0.00000000
    2    5
  0.00409492  -0.00000000    -0.01658066   0.00000000    -0.01658066   0.00000000
 -0.01566529   0.00000000    -0.02063083   0.00000000    -0.02345527   0.00000000
 -0.01566529   0.00000000    -0.02345527   0.00000000    -0.02063083   0.00000000
    2    6
 -0.01204656   0.00000000     0.00229916  -0.00000000    -0.00229916   0.00000000
  0.01447944  -0.00000000     0.00991063  -0.00000000    -0.01966526   0.00000000
 -0.01447944   0.00000000    -0.01966526   0.00000000     0.00991063  -0.00000000
    2    7
  0.00409492  -0.00000000    -0.01658066   0.00000000     0.01658066  -0.00000000
 -0.01566529   0.00000000    -0.02063083   0.00000000     0.02345527  -0.00000000
  0.01566529  -0.00000000     0.02345527  -0.00000000    -0.02063083   0.00000000
    2    8
 -0.01204656   0.00000000    -0.00229916   0.00000000     0.00229916  -0.00000000
 -0.01447944   0.00000000     0.00991063  -0.00000000    -0.01966526   0.00000000
  0.01447944  -0.00000000    -0.01966526   0.00000000     0.00991063  -0.00000000
    2    9
  0.00409492  -0.00000000     0.01658066  -0.00000000    -0.01658066   0.00000000
  0.01566529  -0.00000000    -0.02063083   0.00000000     0.02345527  -0.00000000
 -0.01566529   0.00000000     0.02345527  -0.00000000    -0.02063083   0.00000000
    2   10
 -0.01204656   0.00000000    -0.00229916   0.00000000    -0.00229916   0.00000000
 -0.01447944   0.00000000     0.00991063  -0.00000000     0.01966526  -0.00000000
 -0.01447944   0.00000000     0.01966526  -0.00000000     0.00991063  -0.00000000
    2   11
  0.00409492  -0.00000000     0.01658066  -0.00000000     0.01658066  -0.00000000
  0.01566529  -0.00000000    -0.02063083   0.00000000    -0.02345527   0.00000000
  0.01566529  -0.00000000    -0.02345527   0.00000000    -0.02063083   0.00000000
    3    1
 -0.00000000  -0.00000000     0.00000000  -0.00000000     0.00000000   0.00000000
  0.00000000   0.00000000    -0.00000000  -0.00000000    -0.02482108  -0.00000000
 -0.00000000  -0.00000000    -0.02482108  -0.00000000    -0.00000000  -0.00000000
    3    2
 -0.00388154  -0.00000000     0.00000000  -0.00000000     0.00000000   0.00000000
  0.00000000  -0.00000000    -0.03108092  -0.00000000    -0.00000000  -0.00000000
  0.00000000  -0.00000000    -0.00000000  -0.00000000    -0.03108092  -0.00000000
    3    3
  0.08130401   0.00000000    -0.00000000   0.00000000     0.00000000   0.00000000
 -0.00000000   0.00000000     0.06385230   0.00000000    -0.00000000   0.00000000
  0.00000000   0.00000000    -0.00000000   0.00000000     0.06385230   0.00000000
    3    4
  0.00409492  -0.00000000    -0.01658066   0.00000000    -0.01658066   0.00000000
 -0.01566529   0.00000000    -0.02063083   0.00000000    -0.02345527   0.00000000
 -0.01566529   0.00000000    -0.02345527   0.00000000    -0.02063083   0.00000000
    3    5
 -0.01204656   0.00000000     0.00229916  -0.00000000     0.00229916  -0.00000000
  0.01447944  -0.00000000     0.00991063  -0.00000000     0.01966526  -0.00000000
  0.01447944  -0.00000000     0.01966526  -0.00000000     0.00991063  -0.00000000
    3    6
  0.00409492  -0.00000000    -0.01658066   0.00000000     0.01658066  -0.00000000
 -0.01566529   0.00000000    -0.02063083   0.00000000     0.02345527  -0.00000000
  0.01566529  -0.00000000     0.02345527  -0.00000000    -0.02063083   0.00000000
    3    7
 -0.01204656  -0.00000000     0.00229916   0.00000000    -0.00229916  -0.00000000
  0.01447944   0.00000000     0.00991063   0.00000000    -0.01966526  -0.00000000
 -0.01447944  -0.00000000    -0.01966526  -0.00000000     0.00991063   0.00000000
    3    8
  0.00409492  -0.00000000     0.01658066  -0.00000000    -0.01658066   0.00000000
  0.01566529  -0.00000000    -0.02063083   0.00000000     0.02345527  -0.00000000
 -0.01566529   0.00000000     0.02345527  -0.00000000    -0.02063083   0.00000000
    3    9
 -0.01204656  -0.00000000    -0.00229916  -0.00000000     0.00229916   0.00000000
 -0.01447944  -0.00000000     0.00991063   0.00000000    -0.01966526  -0.00000000
  0.01447944   0.00000000    -0.01966526  -0.00000000     0.00991063   0.00000000
    3   10
  0.00409492  -0.00000000     0.01658066  -0.00000000     0.01658066  -0.00000000
  0.01566529  -0.00000000    -0.02063083   0.00000000    -0.02345527   0.00000000
  0.01566529  -0.00000000    -0.02345527   0.00000000    -0.02063083   0.00000000
    3   11
 -0.01204656   0.00000000    -0.00229916   0.00000000    -0.00229916   0.00000000
 -0.01447944   0.00000000     0.00991063  -0.00000000     0.01966526  -0.00000000
 -0.01447944   0.00000000     0.01966526  -0.00000000     0.00991063  -0.00000000
    4    1
  0.00358744   0.00000000     0.00087019   0.00000000     0.00087019   0.00000000
  0.01418442   0.00000000     0.00445649   0.00000000     0.00358660   0.00000000
  0.01418442   0.00000000     0.00358660   0.00000000     0.00445649   0.00000000
    4    2
 -0.01204656  -0.00000000     0.01447944   0.00000000     0.01447944   0.00000000
  0.00229916   0.00000000     0.00991063   0.00000000     0.01966526   0.00000000
  0.00229916   0.00000000     0.01966526   0.00000000     0.00991063   0.00000000
    4    3
  0.00409492   0.00000000    -0.01566529  -0.00000000    -0.01566529  -0.00000000
 -0.01658066  -0.00000000    -0.02063083  -0.00000000    -0.02345527  -0.00000000
 -0.01658066  -0.00000000    -0.02345527  -0.00000000    -0.02063083  -0.00000000
    4    4
  0.03927119   0.00000000     0.00338603   0.00000000     0.00338603   0.00000000
  0.00338603   0.00000000     0.04983095   0.00000000     0.02160890   0.00000000
  0.00338603   0.00000000     0.02160890   0.00000000     0.04983095   0.00000000
    4    5
 -0.00363848  -0.00000000    -0.00722451  -0.00000000    -0.00722451  -0.00000000
 -0.00722451  -0.00000000    -0.01844001  -0.00000000    -0.01585295  -0.00000000
 -0.00722451  -0.00000000    -0.01585295  -0.00000000    -0.01844001  -0.00000000
    4    6
  0.00146007   0.00000000    -0.00520579  -0.00000000     0.00010909   0.00000000
 -0.00520579  -0.00000000    -0.00484042  -0.00000000     0.00329796   0.00000000
 -0.00010909  -0.00000000    -0.00329796  -0.00000000    -0.00164224  -0.00000000
    4    7
 -0.00597998  -0.00000000     0.00361860   0.00000000    -0.00194752  -0.00000000
  0.00361860   0.00000000     0.00323898   0.00000000    -0.00184688  -0.00000000
  0.00194752   0.00000000     0.00184688   0.00000000     0.01765461   0.00000000
    4    8
  0.00146007   0.00000000     0.00010909   0.00000000    -0.00520579  -0.00000000
 -0.00010909  -0.00000000    -0.00164224  -0.00000000    -0.00329796  -0.00000000
 -0.00520579  -0.00000000     0.00329796   0.00000000    -0.00484042  -0.00000000
    4    9
 -0.00597998  -0.00000000    -0.00194752  -0.00000000     0.00361860   0.00000000
  0.00194752   0.00000000     0.01765461   0.00000000     0.00184688   0.00000000
  0.00361860   0.00000000    -0.00184688  -0.00000000     0.00323898   0.00000000
    4   10
 -0.01327146  -0.00000000     0.00875592   0.00000000     0.00875592   0.00000000
 -0.00875592   0.00000000     0.01076119  -0.00000000     0.01310383  -0.00000000
 -0.00875592   0.00000000     0.01310383  -0.00000000     0.01076119  -0.00000000
    4   11
 -0.00522831  -0.00000000    -0.01663257  -0.00000000    -0.01663257  -0.00000000
  0.01663257   0.00000000    -0.01684673  -0.00000000    -0.01354388  -0.00000000
  0.01663257   0.00000000    -0.01354388  -0.00000000    -0.01684673  -0.00000000
    5    1
  0.00358744   0.00000000     0.00087019   0.00000000     0.00087019   0.00000000
  0.01418442   0.00000000     0.00445649   0.00000000     0.00358660   0.00000000
  0.01418442   0.00000000     0.00358660   0.00000000     0.00445649   0.00000000
    5    2
  0.00409492   0.00000000    -0.01566529  -0.00000000    -0.01566529  -0.00000000
 -0.01658066  -0.00000000    -0.02063083  -0.00000000    -0.02345527  -0.00000000
 -0.01658066  -0.00000000    -0.02345527  -0.00000000    -0.02063083  -0.00000000
    5    3
 -0.01204656  -0.00000000     0.01447944   0.00000000     0.01447944   0.00000000
  0.00229916   0.00000000     0.00991063   0.00000000     0.01966526   0.00000000
  0.00229916   0.00000000     0.01966526   0.00000000     0.00991063   0.00000000
    5    4
 -0.00363848   0.00000000    -0.00722451   0.00000000    -0.00722451   0.00000000
 -0.00722451   0.00000000    -0.01844001   0.00000000    -0.01585295   0.00000000
 -0.00722451   0.00000000    -0.01585295   0.00000000    -0.01844001   0.00000000
    5    5
  0.03927119   0.00000000     0.00338603   0.00000000     0.00338603   0.00000000
  0.00338603   0.00000000     0.04983095   0.00000000     0.02160890   0.00000000
  0.00338603   0.00000000     0.02160890   0.00000000     0.04983095   0.00000000
    5    6
 -0.00597998   0.00000000     0.00361860  -0.00000000    -0.00194752   0.00000000
  0.00361860  -0.00000000     0.00323898  -0.00000000    -0.00184688   0.00000000
  0.00194752  -0.00000000     0.00184688  -0.00000000     0.01765461  -0.00000000
    5    7
  0.00146007   0.00000000    -0.00520579  -0.00000000     0.00010909   0.00000000
 -0.00520579  -0.00000000    -0.00484042  -0.00000000     0.00329796   0.00000000
 -0.00010909  -0.00000000    -0.00329796  -0.00000000    -0.00164224  -0.00000000
    5    8
 -0.00597998   0.00000000    -0.00194752   0.00000000     0.00361860  -0.00000000
  0.00194752  -0.00000000     0.01765461  -0.00000000     0.00184688  -0.00000000
  0.00361860  -0.00000000    -0.00184688   0.00000000     0.00323898  -0.00000000
    5    9
  0.00146007   0.00000000     0.00010909   0.00000000    -0.00520579  -0.00000000
 -0.00010909  -0.00000000    -0.00164224  -0.00000000    -0.00329796  -0.00000000
 -0.00520579  -0.00000000     0.00329796   0.00000000    -0.00484042  -0.00000000
    5   10
 -0.00522831   0.00000000    -0.01663257   0.00000000    -0.01663257   0.00000000
  0.01663257  -0.00000000    -0.01684673   0.00000000    -0.01354388   0.00000000
  0.01663257  -0.00000000    -0.01354388   0.00000000    -0.01684673   0.00000000
    5   11
 -0.01327146   0.00000000     0.00875592  -0.00000000     0.00875592  -0.00000000
 -0.00875592  -0.00000000     0.01076119   0.00000000     0.01310383   0.00000000
 -0.00875592  -0.00000000     0.01310383   0.00000000     0.01076119   0.00000000
    6    1
 -0.00358744  -0.00000000    -0.00087019  -0.00000000     0.00087019   0.00000000
 -0.01418442  -0.00000000    -0.00445649  -0.00000000     0.00358660   0.00000000
  0.01418442   0.00000000     0.00358660   0.00000000    -0.00445649  -0.00000000
    6    2
 -0.01204656  -0.00000000     0.01447944   0.00000000    -0.01447944  -0.00000000
  0.00229916   0.00000000     0.00991063   0.00000000    -0.01966526  -0.00000000
 -0.00229916  -0.00000000    -0.01966526  -0.00000000     0.00991063   0.00000000
    6    3
  0.00409492   0.00000000    -0.01566529  -0.00000000     0.01566529   0.00000000
 -0.01658066  -0.00000000    -0.02063083  -0.00000000     0.02345527   0.00000000
  0.01658066   0.00000000     0.02345527   0.00000000    -0.02063083  -0.00000000
    6    4
  0.00146007  -0.00000000    -0.00520579   0.00000000    -0.00010909   0.00000000
 -0.00520579   0.00000000    -0.00484042   0.00000000    -0.00329796   0.00000000
  0.00010909  -0.00000000     0.00329796  -0.00000000    -0.00164224   0.00000000
    6    5
 -0.00597998  -0.00000000     0.00361860   0.00000000     0.00194752   0.00000000
  0.00361860   0.00000000     0.00323898   0.00000000     0.00184688   0.00000000
 -0.00194752  -0.00000000    -0.00184688  -0.00000000     0.01765461   0.00000000
    6    6
  0.03927119   0.00000000     0.00338603   0.00000000    -0.00338603   0.00000000
  0.00338603   0.00000000     0.04983095   0.00000000    -0.02160890   0.00000000
 -0.00338603   0.00000000    -0.02160890   0.00000000     0.04983095   0.00000000
    6    7
 -0.00363848  -0.00000000    -0.00722451  -0.00000000     0.00722451   0.00000000
 -0.00722451  -0.00000000    -0.01844001  -0.00000000     0.01585295   0.00000000
  0.00722451   0.00000000     0.01585295   0.00000000    -0.01844001  -0.00000000
    6    8
 -0.01327146  -0.00000000     0.00875592  -0.00000000    -0.00875592   0.00000000
 -0.00875592  -0.00000000     0.01076119   0.00000000    -0.01310383   0.00000000
  0.00875592   0.00000000    -0.01310383   0.00000000     0.01076119   0.00000000
    6    9
 -0.00522831  -0.00000000    -0.01663257  -0.00000000     0.01663257   0.00000000
  0.01663257   0.00000000    -0.01684673  -0.00000000     0.01354388   0.00000000
 -0.01663257  -0.00000000     0.01354388   0.00000000    -0.01684673  -0.00000000
    6   10
  0.00146007  -0.00000000     0.00010909  -0.00000000     0.00520579  -0.00000000
 -0.00010909   0.00000000    -0.00164224   0.00000000     0.00329796  -0.00000000
  0.00520579  -0.00000000    -0.00329796   0.00000000    -0.00484042   0.00000000
    6   11
 -0.00597998  -0.00000000    -0.00194752  -0.00000000    -0.00361860  -0.00000000
  0.00194752   0.00000000     0.01765461   0.00000000    -0.00184688  -0.00000000
 -0.00361860  -0.00000000     0.00184688   0.00000000     0.00323898   0.00000000
    7    1
 -0.00358744  -0.00000000    -0.00087019  -0.00000000     0.00087019   0.00000000
 -0.01418442  -0.00000000    -0.00445649  -0.00000000     0.00358660   0.00000000
  0.01418442   0.00000000     0.00358660   0.00000000    -0.00445649  -0.00000000
    7    2
  0.00409492   0.00000000    -0.01566529  -0.00000000     0.01566529   0.00000000
 -0.01658066  -0.00000000    -0.02063083  -0.00000000     0.02345527   0.00000000
  0.01658066   0.00000000     0.02345527   0.00000000    -0.02063083  -0.00000000
    7    3
 -0.01204656   0.00000000     0.01447944  -0.00000000    -0.01447944   0.00000000
  0.00229916  -0.00000000     0.00991063  -0.00000000    -0.01966526   0.00000000
 -0.00229916   0.00000000    -0.01966526   0.00000000     0.00991063  -0.00000000
    7    4
 -0.00597998   0.00000000     0.00361860  -0.00000000     0.00194752  -0.00000000
  0.00361860  -0.00000000     0.00323898  -0.00000000     0.00184688  -0.00000000
 -0.00194752   0.00000000    -0.00184688   0.00000000     0.01765461  -0.00000000
    7    5
  0.00146007  -0.00000000    -0.00520579   0.00000000    -0.00010909   0.00000000
 -0.00520579   0.00000000    -0.00484042   0.00000000    -0.00329796   0.00000000
  0.00010909  -0.00000000     0.00329796  -0.00000000    -0.00164224   0.00000000
    7    6
 -0.00363848   0.00000000    -0.00722451   0.00000000     0.00722451  -0.00000000
 -0.00722451   0.00000000    -0.01844001   0.00000000     0.01585295  -0.00000000
  0.00722451  -0.00000000     0.01585295  -0.00000000    -0.01844001   0.00000000
    7    7
  0.03927119   0.00000000     0.00338603   0.00000000    -0.00338603   0.00000000
  0.00338603   0.00000000     0.04983095   0.00000000    -0.02160890   0.00000000
 -0.00338603   0.00000000    -0.02160890   0.00000000     0.04983095   0.00000000
    7    8
 -0.00522831   0.00000000    -0.01663257   0.00000000     0.01663257  -0.00000000
  0.01663257  -0.00000000    -0.01684673   0.00000000     0.01354388  -0.00000000
 -0.01663257   0.00000000     0.01354388  -0.00000000    -0.01684673   0.00000000
    7    9
 -0.01327146   0.00000000     0.00875592   0.00000000    -0.00875592   0.00000000
 -0.00875592   0.00000000     0.01076119   0.00000000    -0.01310383   0.00000000
  0.00875592   0.00000000    -0.01310383   0.00000000     0.01076119   0.00000000
    7   10
 -0.00597998   0.00000000    -0.00194752   0.00000000    -0.00361860   0.00000000
  0.00194752  -0.00000000     0.01765461  -0.00000000    -0.00184688   0.00000000
 -0.00361860   0.00000000     0.00184688  -0.00000000     0.00323898  -0.00000000
    7   11
  0.00146007  -0.00000000     0.00010909  -0.00000000     0.00520579  -0.00000000
 -0.00010909   0.00000000    -0.00164224   0.00000000     0.00329796  -0.00000000
  0.00520579  -0.00000000    -0.00329796   0.00000000    -0.00484042   0.00000000
    8    1
 -0.00358744  -0.00000000     0.00087019   0.00000000    -0.00087019  -0.00000000
  0.01418442   0.00000000    -0.00445649  -0.00000000     0.00358660   0.00000000
 -0.01418442  -0.00000000     0.00358660   0.00000000    -0.00445649  -0.00000000
    8    2
 -0.01204656  -0.00000000    -0.01447944  -0.00000000     0.01447944   0.00000000
 -0.00229916  -0.00000000     0.00991063   0.00000000    -0.01966526  -0.00000000
  0.00229916   0.00000000    -0.01966526  -0.00000000     0.00991063   0.00000000
    8    3
  0.00409492   0.00000000     0.01566529   0.00000000    -0.01566529  -0.00000000
  0.01658066   0.00000000    -0.02063083  -0.00000000     0.02345527   0.00000000
 -0.01658066  -0.00000000     0.02345527   0.00000000    -0.02063083  -0.00000000
    8    4
  0.00146007  -0.00000000    -0.00010909   0.00000000    -0.00520579   0.00000000
  0.00010909  -0.00000000    -0.00164224   0.00000000     0.00329796  -0.00000000
 -0.00520579   0.00000000    -0.00329796   0.00000000    -0.00484042   0.00000000
    8    5
 -0.00597998  -0.00000000     0.00194752   0.00000000     0.00361860   0.00000000
 -0.00194752  -0.00000000     0.01765461   0.00000000    -0.00184688  -0.00000000
  0.00361860   0.00000000     0.00184688   0.00000000     0.00323898   0.00000000
    8    6
 -0.01327146  -0.00000000    -0.00875592   0.00000000     0.00875592  -0.00000000
  0.00875592   0.00000000     0.01076119   0.00000000    -0.01310383   0.00000000
 -0.00875592  -0.00000000    -0.01310383   0.00000000     0.01076119   0.00000000
    8    7
 -0.00522831  -0.00000000     0.01663257   0.00000000    -0.01663257  -0.00000000
 -0.01663257  -0.00000000    -0.01684673  -0.00000000     0.01354388   0.00000000
  0.01663257   0.00000000     0.01354388   0.00000000    -0.01684673  -0.00000000
    8    8
  0.03927119   0.00000000    -0.00338603   0.00000000     0.00338603   0.00000000
 -0.00338603   0.00000000     0.04983095   0.00000000    -0.02160890   0.00000000
  0.00338603   0.00000000    -0.02160890   0.00000000     0.04983095   0.00000000
    8    9
 -0.00363848  -0.00000000     0.00722451   0.00000000    -0.00722451  -0.00000000
  0.00722451   0.00000000    -0.01844001  -0.00000000     0.01585295   0.00000000
 -0.00722451  -0.00000000     0.01585295   0.00000000    -0.01844001  -0.00000000
    8   10
  0.00146007  -0.00000000     0.00520579  -0.00000000     0.00010909  -0.00000000
  0.00520579  -0.00000000    -0.00484042   0.00000000    -0.00329796   0.00000000
 -0.00010909   0.00000000     0.00329796  -0.00000000    -0.00164224   0.00000000
    8   11
 -0.00597998  -0.00000000    -0.00361860  -0.00000000    -0.00194752  -0.00000000
 -0.00361860  -0.00000000     0.00323898   0.00000000     0.00184688   0.00000000
  0.00194752   0.00000000    -0.00184688  -0.00000000     0.01765461   0.00000000
    9    1
 -0.00358744  -0.00000000     0.00087019   0.00000000    -0.00087019  -0.00000000
  0.01418442   0.00000000    -0.00445649  -0.00000000     0.00358660   0.00000000
 -0.01418442  -0.00000000     0.00358660   0.00000000    -0.00445649  -0.00000000
    9    2
  0.00409492   0.00000000     0.01566529   0.00000000    -0.01566529  -0.00000000
  0.01658066   0.00000000    -0.02063083  -0.00000000     0.02345527   0.00000000
 -0.01658066  -0.00000000     0.02345527   0.00000000    -0.02063083  -0.00000000
    9    3
 -0.01204656   0.00000000    -0.01447944   0.00000000     0.01447944  -0.00000000
 -0.00229916   0.00000000     0.00991063  -0.00000000    -0.01966526   0.00000000
  0.00229916  -0.00000000    -0.01966526   0.00000000     0.00991063  -0.00000000
    9    4
 -0.00597998   0.00000000     0.00194752  -0.00000000     0.00361860  -0.00000000
 -0.00194752   0.00000000     0.01765461  -0.00000000    -0.00184688   0.00000000
  0.00361860  -0.00000000     0.00184688  -0.00000000     0.00323898  -0.00000000
    9    5
  0.00146007  -0.00000000    -0.00010909   0.00000000    -0.00520579   0.00000000
  0.00010909  -0.00000000    -0.00164224   0.00000000     0.00329796  -0.00000000
 -0.00520579   0.00000000    -0.00329796   0.00000000    -0.00484042   0.00000000
    9    6
 -0.00522831   0.00000000     0.01663257  -0.00000000    -0.01663257   0.00000000
 -0.01663257   0.00000000    -0.01684673   0.00000000     0.01354388  -0.00000000
  0.01663257  -0.00000000     0.01354388  -0.00000000    -0.01684673   0.00000000
    9    7
 -0.01327146   0.00000000    -0.00875592   0.00000000     0.00875592   0.00000000
  0.00875592   0.00000000     0.01076119   0.00000000    -0.01310383   0.00000000
 -0.00875592   0.00000000    -0.01310383   0.00000000     0.01076119   0.00000000
    9    8
 -0.00363848   0.00000000     0.00722451  -0.00000000    -0.00722451   0.00000000
  0.00722451  -0.00000000    -0.01844001   0.00000000     0.01585295  -0.00000000
 -0.00722451   0.00000000     0.01585295  -0.00000000    -0.01844001   0.00000000
    9    9
  0.03927119   0.00000000    -0.00338603   0.00000000     0.00338603   0.00000000
 -0.00338603   0.00000000     0.04983095   0.00000000    -0.02160890   0.00000000
  0.00338603   0.00000000    -0.02160890   0.00000000     0.04983095   0.00000000
    9   10
 -0.00597998   0.00000000    -0.00361860   0.00000000    -0.00194752   0.00000000
 -0.00361860   0.00000000     0.00323898  -0.00000000     0.00184688  -0.00000000
  0.00194752  -0.00000000    -0.00184688   0.00000000     0.01765461  -0.00000000
    9   11
  0.00146007  -0.00000000     0.00520579  -0.00000000     0.00010909  -0.00000000
  0.00520579  -0.00000000    -0.00484042   0.00000000    -0.00329796   0.00000000
 -0.00010909   0.00000000     0.00329796  -0.00000000    -0.00164224   0.00000000
   10    1
  0.00358744   0.00000000    -0.00087019  -0.00000000    -0.00087019  -0.00000000
 -0.01418442  -0.00000000     0.00445649   0.00000000     0.00358660   0.00000000
 -0.01418442  -0.00000000     0.00358660   0.00000000     0.00445649   0.00000000
   10    2
 -0.01204656  -0.00000000    -0.01447944  -0.00000000    -0.01447944  -0.00000000
 -0.00229916  -0.00000000     0.00991063   0.00000000     0.01966526   0.00000000
 -0.00229916  -0.00000000     0.01966526   0.00000000     0.00991063   0.00000000
   10    3
  0.00409492   0.00000000     0.01566529   0.00000000     0.01566529   0.00000000
  0.01658066   0.00000000    -0.02063083  -0.00000000    -0.02345527  -0.00000000
  0.01658066   0.00000000    -0.02345527  -0.00000000    -0.02063083  -0.00000000
   10    4
 -0.01327146  -0.00000000    -0.00875592  -0.00000000    -0.00875592  -0.00000000
  0.00875592  -0.00000000     0.01076119  -0.00000000     0.01310383  -0.00000000
  0.00875592  -0.00000000     0.01310383  -0.00000000     0.01076119  -0.00000000
   10    5
 -0.00522831  -0.00000000     0.01663257   0.00000000     0.01663257   0.00000000
 -0.01663257  -0.00000000    -0.01684673  -0.00000000    -0.01354388  -0.00000000
 -0.01663257  -0.00000000    -0.01354388  -0.00000000    -0.01684673  -0.00000000
   10    6
  0.00146007   0.00000000    -0.00010909  -0.00000000     0.00520579   0.00000000
  0.00010909   0.00000000    -0.00164224  -0.00000000    -0.00329796  -0.00000000
  0.00520579   0.00000000     0.00329796   0.00000000    -0.00484042  -0.00000000
   10    7
 -0.00597998  -0.00000000     0.00194752   0.00000000    -0.00361860  -0.00000000
 -0.00194752  -0.00000000     0.01765461   0.00000000     0.00184688   0.00000000
 -0.00361860  -0.00000000    -0.00184688  -0.00000000     0.00323898   0.00000000
   10    8
  0.00146007   0.00000000     0.00520579   0.00000000    -0.00010909  -0.00000000
  0.00520579   0.00000000    -0.00484042  -0.00000000     0.00329796   0.00000000
  0.00010909   0.00000000    -0.00329796  -0.00000000    -0.00164224  -0.00000000
   10    9
 -0.00597998  -0.00000000    -0.00361860  -0.00000000     0.00194752   0.00000000
 -0.00361860  -0.00000000     0.00323898   0.00000000    -0.00184688  -0.00000000
 -0.00194752  -0.00000000     0.00184688   0.00000000     0.01765461   0.00000000
   10   10
  0.03927119   0.00000000    -0.00338603   0.00000000    -0.00338603   0.00000000
 -0.00338603   0.00000000     0.04983095   0.00000000     0.02160890   0.00000000
 -0.00338603   0.00000000     0.02160890   0.00000000     0.04983095   0.00000000
   10   11
 -0.00363848  -0.00000000     0.00722451   0.00000000     0.00722451   0.00000000
  0.00722451   0.00000000    -0.01844001  -0.00000000    -0.01585295  -0.00000000
  0.00722451   0.00000000    -0.01585295  -0.00000000    -0.01844001  -0.00000000
   11    1
  0.00358744   0.00000000    -0.00087019  -0.00000000    -0.00087019  -0.00000000
 -0.01418442  -0.00000000     0.00445649   0.00000000     0.00358660   0.00000000
 -0.01418442  -0.00000000     0.00358660   0.00000000     0.00445649   0.00000000
   11    2
  0.00409492   0.00000000     0.01566529   0.00000000     0.01566529   0.00000000
  0.01658066   0.00000000    -0.02063083  -0.00000000    -0.02345527  -0.00000000
  0.01658066   0.00000000    -0.02345527  -0.00000000    -0.02063083  -0.00000000
   11    3
 -0.01204656  -0.00000000    -0.01447944  -0.00000000    -0.01447944  -0.00000000
 -0.00229916  -0.00000000     0.00991063   0.00000000     0.01966526   0.00000000
 -0.00229916  -0.00000000     0.01966526   0.00000000     0.00991063   0.00000000
   11    4
 -0.00522831   0.00000000     0.01663257  -0.00000000     0.01663257  -0.00000000
 -0.01663257   0.00000000    -0.01684673   0.00000000    -0.01354388   0.00000000
 -0.01663257   0.00000000    -0.01354388   0.00000000    -0.01684673   0.00000000
   11    5
 -0.01327146   0.00000000    -0.00875592   0.00000000    -0.00875592   0.00000000
  0.00875592   0.00000000     0.01076119   0.00000000     0.01310383   0.00000000
  0.00875592   0.00000000     0.01310383   0.00000000     0.01076119   0.00000000
   11    6
 -0.00597998   0.00000000     0.00194752  -0.00000000    -0.00361860   0.00000000
 -0.00194752   0.00000000     0.01765461  -0.00000000     0.00184688  -0.00000000
 -0.00361860   0.00000000    -0.00184688   0.00000000     0.00323898  -0.00000000
   11    7
  0.00146007   0.00000000    -0.00010909  -0.00000000     0.00520579   0.00000000
  0.00010909   0.00000000    -0.00164224  -0.00000000    -0.00329796  -0.00000000
  0.00520579   0.00000000     0.00329796   0.00000000    -0.00484042  -0.00000000
   11    8
 -0.00597998   0.00000000    -0.00361860   0.00000000     0.00194752  -0.00000000
 -0.00361860   0.00000000     0.00323898  -0.00000000    -0.00184688   0.00000000
 -0.00194752   0.00000000     0.00184688  -0.00000000     0.01765461  -0.00000000
   11    9
  0.00146007   0.00000000     0.00520579   0.00000000    -0.00010909  -0.00000000
  0.00520579   0.00000000    -0.00484042  -0.00000000     0.00329796   0.00000000
  0.00010909   0.00000000    -0.00329796  -0.00000000    -0.00164224  -0.00000000
   11   10
 -0.00363848   0.00000000     0.00722451  -0.00000000     0.00722451  -0.00000000
  0.00722451  -0.00000000    -0.01844001   0.00000000    -0.01585295   0.00000000
  0.00722451  -0.00000000    -0.01585295   0.00000000    -0.01844001   0.00000000
   11   11
  0.03927119   0.00000000    -0.00338603   0.00000000    -0.00338603   0.00000000
 -0.00338603   0.00000000     0.04983095   0.00000000     0.02160890   0.00000000
 -0.00338603   0.00000000     0.02160890   0.00000000     0.04983095   0.00000000

     Dynamical  Matrix in cartesian axes

     q = (    0.000000000   0.000000000  -0.707106781 ) 

    1    1
  0.07930645   0.00000000     0.00000000   0.00000000    -0.00000000   0.00000000
  0.00000000   0.00000000     0.07930645   0.00000000     0.00000000   0.00000000
 -0.00000000   0.00000000    -0.00000000   0.00000000     0.18132850   0.00000000
    1    2
  0.00000000  -0.00000000    -0.02482108  -0.00000000    -0.00000000   0.00000000
 -0.02482108  -0.00000000     0.00000000  -0.00000000    -0.00000000  -0.00000000
 -0.00000000  -0.00000000    -0.00000000   0.00000000     0.00000000  -0.00000000
    1    3
  0.00000000   0.00000000    -0.02482108   0.00000000     0.00000000  -0.00000000
 -0.02482108   0.00000000    -0.00000000   0.00000000     0.00000000  -0.00000000
  0.00000000   0.00000000     0.00000000  -0.00000000    -0.00000000   0.00000000
    1    4
  0.00445649  -0.00000000     0.00358660  -0.00000000     0.00087019  -0.00000000
  0.00358660  -0.00000000     0.00445649  -0.00000000     0.00087019  -0.00000000
  0.01418442  -0.00000000     0.01418442  -0.00000000     0.00358744  -0.00000000
    1    5
  0.00445649  -0.00000000     0.00358660  -0.00000000     0.00087019  -0.00000000
  0.00358660  -0.00000000     0.00445649  -0.00000000     0.00087019  -0.00000000
  0.01418442  -0.00000000     0.01418442  -0.00000000     0.00358744  -0.00000000
    1    6
  0.00445649  -0.00000000     0.00358660  -0.00000000    -0.00087019   0.00000000
  0.00358660  -0.00000000     0.00445649  -0.00000000    -0.00087019   0.00000000
 -0.01418442   0.00000000    -0.01418442   0.00000000     0.00358744  -0.00000000
    1    7
  0.00445649  -0.00000000     0.00358660  -0.00000000    -0.00087019   0.00000000
  0.00358660  -0.00000000     0.00445649  -0.00000000    -0.00087019   0.00000000
 -0.01418442   0.00000000    -0.01418442   0.00000000     0.00358744  -0.00000000
    1    8
 -0.00445649   0.00000000     0.00358660  -0.00000000    -0.00087019   0.00000000
  0.00358660  -0.00000000    -0.00445649   0.00000000     0.00087019  -0.00000000
 -0.01418442   0.00000000     0.01418442  -0.00000000    -0.00358744   0.00000000
    1    9
 -0.00445649   0.00000000     0.00358660  -0.00000000    -0.00087019   0.00000000
  0.00358660  -0.00000000    -0.00445649   0.00000000     0.00087019  -0.00000000
 -0.01418442   0.00000000     0.01418442  -0.00000000    -0.00358744   0.00000000
    1   10
 -0.00445649   0.00000000     0.00358660  -0.00000000     0.00087019  -0.00000000
  0.00358660  -0.00000000    -0.00445649   0.00000000    -0.00087019   0.00000000
  0.01418442  -0.00000000    -0.01418442   0.00000000    -0.00358744   0.00000000
    1   11
 -0.00445649   0.00000000     0.00358660  -0.00000000     0.00087019  -0.00000000
  0.00358660  -0.00000000    -0.00445649   0.00000000    -0.00087019   0.00000000
  0.01418442  -0.00000000    -0.01418442   0.00000000    -0.00358744   0.00000000
    2    1
  0.00000000   0.00000000    -0.02482108   0.00000000    -0.00000000   0.00000000
 -0.02482108   0.00000000     0.00000000   0.00000000    -0.00000000   0.00000000
 -0.00000000   0.00000000    -0.00000000   0.00000000     0.00000000   0.00000000
    2    2
  0.06385230   0.00000000     0.00000000   0.00000000    -0.00000000   0.00000000
  0.00000000   0.00000000     0.06385230   0.00000000     0.00000000   0.00000000
 -0.00000000   0.00000000     0.00000000   0.00000000     0.08130401   0.00000000
    2    3
 -0.03108092   0.00000000    -0.00000000   0.00000000     0.00000000   0.00000000
 -0.00000000   0.00000000    -0.03108092   0.00000000     0.00000000   0.00000000
  0.00000000  -0.00000000     0.00000000   0.00000000    -0.00388154   0.00000000
    2    4
  0.00991063  -0.00000000     0.01966526  -0.00000000     0.01447944  -0.00000000
  0.01966526  -0.00000000     0.00991063  -0.00000000     0.01447944  -0.00000000
  0.00229916  -0.00000000     0.00229916  -0.00000000    -0.01204656   0.00000000
    2    5
 -0.02063083   0.00000000    -0.02345527   0.00000000    -0.01566529   0.00000000
 -0.02345527   0.00000000    -0.02063083   0.00000000    -0.01566529   0.00000000
 -0.01658066   0.00000000    -0.01658066   0.00000000     0.00409492  -0.00000000
    2    6
  0.00991063  -0.00000000     0.01966526  -0.00000000    -0.01447944   0.00000000
  0.01966526  -0.00000000     0.00991063  -0.00000000    -0.01447944   0.00000000
 -0.00229916   0.00000000    -0.00229916   0.00000000    -0.01204656   0.00000000
    2    7
 -0.02063083   0.00000000    -0.02345527   0.00000000     0.01566529  -0.00000000
 -0.02345527   0.00000000    -0.02063083   0.00000000     0.01566529  -0.00000000
  0.01658066  -0.00000000     0.01658066  -0.00000000     0.00409492  -0.00000000
    2    8
  0.00991063  -0.00000000    -0.01966526   0.00000000     0.01447944  -0.00000000
 -0.01966526   0.00000000     0.00991063  -0.00000000    -0.01447944   0.00000000
  0.00229916  -0.00000000    -0.00229916   0.00000000    -0.01204656   0.00000000
    2    9
 -0.02063083   0.00000000     0.02345527  -0.00000000    -0.01566529   0.00000000
  0.02345527  -0.00000000    -0.02063083   0.00000000     0.01566529  -0.00000000
 -0.01658066   0.00000000     0.01658066  -0.00000000     0.00409492  -0.00000000
    2   10
  0.00991063  -0.00000000    -0.01966526   0.00000000    -0.01447944   0.00000000
 -0.01966526   0.00000000     0.00991063  -0.00000000     0.01447944  -0.00000000
 -0.00229916   0.00000000     0.00229916  -0.00000000    -0.01204656   0.00000000
    2   11
 -0.02063083   0.00000000     0.02345527  -0.00000000     0.01566529  -0.00000000
  0.02345527  -0.00000000    -0.02063083   0.00000000    -0.01566529   0.00000000
  0.01658066  -0.00000000    -0.01658066   0.00000000     0.00409492  -0.00000000
    3    1
 -0.00000000  -0.00000000    -0.02482108  -0.00000000     0.00000000  -0.00000000
 -0.02482108  -0.00000000    -0.00000000  -0.00000000     0.00000000   0.00000000
  0.00000000   0.00000000     0.00000000   0.00000000    -0.00000000  -0.00000000
    3    2
 -0.03108092  -0.00000000    -0.00000000  -0.00000000     0.00000000  -0.00000000
 -0.00000000  -0.00000000    -0.03108092  -0.00000000     0.00000000   0.00000000
  0.00000000  -0.00000000     0.00000000  -0.00000000    -0.00388154  -0.00000000
    3    3
  0.06385230   0.00000000     0.00000000   0.00000000     0.00000000   0.00000000
  0.00000000   0.00000000     0.06385230   0.00000000    -0.00000000   0.00000000
  0.00000000   0.00000000    -0.00000000   0.00000000     0.08130401   0.00000000
    3    4
 -0.02063083   0.00000000    -0.02345527   0.00000000    -0.01566529   0.00000000
 -0.02345527   0.00000000    -0.02063083   0.00000000    -0.01566529   0.00000000
 -0.01658066   0.00000000    -0.01658066   0.00000000     0.00409492  -0.00000000
    3    5
  0.00991063  -0.00000000     0.01966526  -0.00000000     0.01447944  -0.00000000
  0.01966526  -0.00000000     0.00991063  -0.00000000     0.01447944  -0.00000000
  0.00229916  -0.00000000     0.00229916  -0.00000000    -0.01204656   0.00000000
    3    6
 -0.02063083   0.00000000    -0.02345527   0.00000000     0.01566529  -0.00000000
 -0.02345527   0.00000000    -0.02063083   0.00000000     0.01566529  -0.00000000
  0.01658066  -0.00000000     0.01658066  -0.00000000     0.00409492  -0.00000000
    3    7
  0.00991063  -0.00000000     0.01966526  -0.00000000    -0.01447944   0.00000000
  0.01966526  -0.00000000     0.00991063  -0.00000000    -0.01447944   0.00000000
 -0.00229916   0.00000000    -0.00229916   0.00000000    -0.01204656   0.00000000
    3    8
 -0.02063083   0.00000000     0.02345527  -0.00000000    -0.01566529   0.00000000
  0.02345527  -0.00000000    -0.02063083   0.00000000     0.01566529  -0.00000000
 -0.01658066   0.00000000     0.01658066  -0.00000000     0.00409492  -0.00000000
    3    9
  0.00991063   0.00000000    -0.01966526  -0.00000000     0.01447944   0.00000000
 -0.01966526  -0.00000000     0.00991063   0.00000000    -0.01447944  -0.00000000
  0.00229916   0.00000000    -0.00229916  -0.00000000    -0.01204656  -0.00000000
    3   10
 -0.02063083   0.00000000     0.02345527  -0.00000000     0.01566529  -0.00000000
  0.02345527  -0.00000000    -0.02063083   0.00000000    -0.01566529   0.00000000
  0.01658066  -0.00000000    -0.01658066   0.00000000     0.00409492  -0.00000000
    3   11
  0.00991063   0.00000000    -0.01966526  -0.00000000    -0.01447944  -0.00000000
 -0.01966526  -0.00000000     0.00991063   0.00000000     0.01447944   0.00000000
 -0.00229916  -0.00000000     0.00229916   0.00000000    -0.01204656  -0.00000000
    4    1
  0.00445649   0.00000000     0.00358660   0.00000000     0.01418442   0.00000000
