  1.500000000000000E-002   1.62611031437266        4.44829059121779     
           6

     Dynamical  Matrix in cartesian axes

     q = (    0.235702260   0.000000000   0.000000000 ) 

    1    1
  0.45509015   0.00000000    -0.00000000   0.00000000     0.00000000   0.00000000
 -0.00000000   0.00000000     0.08005518   0.00000000     0.00000000   0.00000000
  0.00000000   0.00000000     0.00000000   0.00000000     0.08005518   0.00000000
    1    2
  0.05509134   0.03180700     0.00000000   0.00000000     0.00000000   0.00000000
 -0.00000000   0.00000000    -0.01307405  -0.00754831    -0.00436830   0.00756612
  0.00000000  -0.00000000    -0.00436830   0.00756612    -0.01307405  -0.00754831
    1    3
  0.05509134  -0.03180700     0.00000000   0.00000000     0.00000000  -0.00000000
 -0.00000000  -0.00000000    -0.01307405   0.00754831    -0.00436830  -0.00756612
  0.00000000   0.00000000    -0.00436830  -0.00756612    -0.01307405   0.00754831
    1    4
 -0.06845652   0.00811577    -0.00006470  -0.00904627    -0.00006470  -0.00904627
  0.00835066  -0.00558288    -0.00033888   0.00680449     0.00881163  -0.00462466
  0.00835066  -0.00558288     0.00881163  -0.00462466    -0.00033888   0.00680449
    1    5
 -0.06845652  -0.00811577    -0.00006470   0.00904627    -0.00006470   0.00904627
  0.00835066   0.00558288    -0.00033888  -0.00680449     0.00881163   0.00462466
  0.00835066   0.00558288     0.00881163   0.00462466    -0.00033888  -0.00680449
    1    6
 -0.04125673   0.05522720     0.00780195   0.00457916    -0.00780195  -0.00457916
  0.00901024  -0.00444044    -0.00606230  -0.00310877    -0.00841088   0.00531876
 -0.00901024   0.00444044    -0.00841088   0.00531876    -0.00606230  -0.00310877
    1    7
 -0.04125673  -0.05522720     0.00780195  -0.00457916    -0.00780195   0.00457916
  0.00901024   0.00444044    -0.00606230   0.00310877    -0.00841088  -0.00531876
 -0.00901024  -0.00444044    -0.00841088  -0.00531876    -0.00606230   0.00310877
    1    8
 -0.04125673   0.05522720    -0.00780195  -0.00457916     0.00780195   0.00457916
 -0.00901024   0.00444044    -0.00606230  -0.00310877    -0.00841088   0.00531876
  0.00901024  -0.00444044    -0.00841088   0.00531876    -0.00606230  -0.00310877
    1    9
 -0.04125673  -0.05522720    -0.00780195   0.00457916     0.00780195  -0.00457916
 -0.00901024  -0.00444044    -0.00606230   0.00310877    -0.00841088  -0.00531876
  0.00901024   0.00444044    -0.00841088  -0.00531876    -0.00606230   0.00310877
    1   10
 -0.06845652   0.00811577     0.00006470   0.00904627     0.00006470   0.00904627
 -0.00835066   0.00558288    -0.00033888   0.00680449     0.00881163  -0.00462466
 -0.00835066   0.00558288     0.00881163  -0.00462466    -0.00033888   0.00680449
    1   11
 -0.06845652  -0.00811577     0.00006470  -0.00904627     0.00006470  -0.00904627
 -0.00835066  -0.00558288    -0.00033888  -0.00680449     0.00881163   0.00462466
 -0.00835066  -0.00558288     0.00881163   0.00462466    -0.00033888  -0.00680449
    2    1
  0.05509134  -0.03180700     0.00000000  -0.00000000     0.00000000   0.00000000
  0.00000000  -0.00000000    -0.01307405   0.00754831    -0.00436830  -0.00756612
  0.00000000   0.00000000    -0.00436830  -0.00756612    -0.01307405   0.00754831
    2    2
  0.08048611   0.00000000     0.00000000  -0.00000000    -0.00000000  -0.00000000
  0.00000000   0.00000000     0.02182085   0.00000000     0.00000000   0.00000000
  0.00000000  -0.00000000     0.00000000   0.00000000     0.02182085   0.00000000
    2    3
 -0.00575475   0.00996752    -0.00000000   0.00000000     0.00000000  -0.00000000
 -0.00000000   0.00000000    -0.00395855   0.00685641     0.00574578   0.00331733
  0.00000000   0.00000000     0.00574578   0.00331733    -0.00395855   0.00685641
    2    4
  0.00190601  -0.00096360     0.00365055  -0.00177846     0.00365055  -0.00177846
  0.00017312   0.00007156    -0.00448092  -0.00323158    -0.00279310  -0.00152592
  0.00017312   0.00007156    -0.00279310  -0.00152592    -0.00448092  -0.00323158
    2    5
 -0.00985137   0.00104501    -0.01795607   0.00717819    -0.01795607   0.00717819
 -0.00511467  -0.00087009    -0.00331367  -0.00137698    -0.00830176  -0.00062695
 -0.00511467  -0.00087009    -0.00830176  -0.00062695    -0.00331367  -0.00137698
    2    6
 -0.00011850  -0.00213245    -0.00028508  -0.00405070     0.00028508   0.00405070
 -0.00014854  -0.00011414     0.00503909   0.00226480    -0.00271803  -0.00165594
  0.00014854   0.00011414    -0.00271803  -0.00165594     0.00503909   0.00226480
    2    7
 -0.00985137  -0.00104501    -0.01795607  -0.00717819     0.01795607   0.00717819
 -0.00511467   0.00087009    -0.00331367   0.00137698     0.00830176  -0.00062695
  0.00511467  -0.00087009     0.00830176  -0.00062695    -0.00331367   0.00137698
    2    8
 -0.00011850  -0.00213245     0.00028508   0.00405070    -0.00028508  -0.00405070
  0.00014854   0.00011414     0.00503909   0.00226480    -0.00271803  -0.00165594
 -0.00014854  -0.00011414    -0.00271803  -0.00165594     0.00503909   0.00226480
    2    9
 -0.00985137  -0.00104501     0.01795607   0.00717819    -0.01795607  -0.00717819
  0.00511467  -0.00087009    -0.00331367   0.00137698     0.00830176  -0.00062695
 -0.00511467   0.00087009     0.00830176  -0.00062695    -0.00331367   0.00137698
    2   10
  0.00190601  -0.00096360    -0.00365055   0.00177846    -0.00365055   0.00177846
 -0.00017312  -0.00007156    -0.00448092  -0.00323158    -0.00279310  -0.00152592
 -0.00017312  -0.00007156    -0.00279310  -0.00152592    -0.00448092  -0.00323158
    2   11
 -0.00985137   0.00104501     0.01795607  -0.00717819     0.01795607  -0.00717819
  0.00511467   0.00087009    -0.00331367  -0.00137698    -0.00830176  -0.00062695
  0.00511467   0.00087009    -0.00830176  -0.00062695    -0.00331367  -0.00137698
    3    1
  0.05509134   0.03180700     0.00000000   0.00000000     0.00000000  -0.00000000
  0.00000000   0.00000000    -0.01307405  -0.00754831    -0.00436830   0.00756612
  0.00000000  -0.00000000    -0.00436830   0.00756612    -0.01307405  -0.00754831
    3    2
 -0.00575475  -0.00996752    -0.00000000  -0.00000000     0.00000000   0.00000000
 -0.00000000  -0.00000000    -0.00395855  -0.00685641     0.00574578  -0.00331733
  0.00000000  -0.00000000     0.00574578  -0.00331733    -0.00395855  -0.00685641
    3    3
  0.08048611  -0.00000000     0.00000000   0.00000000    -0.00000000   0.00000000
  0.00000000  -0.00000000     0.02182085  -0.00000000     0.00000000  -0.00000000
  0.00000000   0.00000000     0.00000000  -0.00000000     0.02182085  -0.00000000
    3    4
 -0.00985137  -0.00104501    -0.01795607  -0.00717819    -0.01795607  -0.00717819
 -0.00511467   0.00087009    -0.00331367   0.00137698    -0.00830176   0.00062695
 -0.00511467   0.00087009    -0.00830176   0.00062695    -0.00331367   0.00137698
    3    5
  0.00190601   0.00096360     0.00365055   0.00177846     0.00365055   0.00177846
  0.00017312  -0.00007156    -0.00448092   0.00323158    -0.00279310   0.00152592
  0.00017312  -0.00007156    -0.00279310   0.00152592    -0.00448092   0.00323158
    3    6
 -0.00985137   0.00104501    -0.01795607   0.00717819     0.01795607  -0.00717819
 -0.00511467  -0.00087009    -0.00331367  -0.00137698     0.00830176   0.00062695
  0.00511467   0.00087009     0.00830176   0.00062695    -0.00331367  -0.00137698
    3    7
 -0.00011850   0.00213245    -0.00028508   0.00405070     0.00028508  -0.00405070
 -0.00014854   0.00011414     0.00503909  -0.00226480    -0.00271803   0.00165594
  0.00014854  -0.00011414    -0.00271803   0.00165594     0.00503909  -0.00226480
    3    8
 -0.00985137   0.00104501     0.01795607  -0.00717819    -0.01795607   0.00717819
  0.00511467   0.00087009    -0.00331367  -0.00137698     0.00830176   0.00062695
 -0.00511467  -0.00087009     0.00830176   0.00062695    -0.00331367  -0.00137698
    3    9
 -0.00011850   0.00213245     0.00028508  -0.00405070    -0.00028508   0.00405070
  0.00014854  -0.00011414     0.00503909  -0.00226480    -0.00271803   0.00165594
 -0.00014854   0.00011414    -0.00271803   0.00165594     0.00503909  -0.00226480
    3   10
 -0.00985137  -0.00104501     0.01795607   0.00717819     0.01795607   0.00717819
  0.00511467  -0.00087009    -0.00331367   0.00137698    -0.00830176   0.00062695
  0.00511467  -0.00087009    -0.00830176   0.00062695    -0.00331367   0.00137698
    3   11
  0.00190601   0.00096360    -0.00365055  -0.00177846    -0.00365055  -0.00177846
 -0.00017312   0.00007156    -0.00448092   0.00323158    -0.00279310   0.00152592
 -0.00017312   0.00007156    -0.00279310   0.00152592    -0.00448092   0.00323158
    4    1
 -0.06845652  -0.00811577     0.00835066   0.00558288     0.00835066   0.00558288
 -0.00006470   0.00904627    -0.00033888  -0.00680449     0.00881163   0.00462466
 -0.00006470   0.00904627     0.00881163   0.00462466    -0.00033888  -0.00680449
    4    2
  0.00190601   0.00096360     0.00017312  -0.00007156     0.00017312  -0.00007156
  0.00365055   0.00177846    -0.00448092   0.00323158    -0.00279310   0.00152592
  0.00365055   0.00177846    -0.00279310   0.00152592    -0.00448092   0.00323158
    4    3
 -0.00985137   0.00104501    -0.00511467  -0.00087009    -0.00511467  -0.00087009
 -0.01795607   0.00717819    -0.00331367  -0.00137698    -0.00830176  -0.00062695
 -0.01795607   0.00717819    -0.00830176  -0.00062695    -0.00331367  -0.00137698
    4    4
  0.04756332  -0.00000000    -0.00277917   0.00265726    -0.00277917   0.00265726
 -0.00277917  -0.00265726     0.03356977  -0.00000000     0.00425401  -0.00000000
 -0.00277917  -0.00265726     0.00425401  -0.00000000     0.03356977   0.00000000
    4    5
  0.01559005  -0.00513855     0.00051695  -0.00292221     0.00051695  -0.00292221
  0.00051695  -0.00292221     0.00076012  -0.00600459     0.00316145  -0.00001666
  0.00051695  -0.00292221     0.00316145  -0.00001666     0.00076012  -0.00600459
    4    6
  0.00308049  -0.02098343    -0.00098111   0.00092422     0.00053487   0.00181214
 -0.00098111   0.00092422    -0.00486302  -0.00584828    -0.00226334   0.00142508
 -0.00053487  -0.00181214     0.00226334  -0.00142508     0.00037570   0.00544446
    4    7
  0.01248289   0.02162100    -0.00358626  -0.00246852     0.00276131   0.00513390
 -0.00034467  -0.00434006     0.00436495   0.00756031     0.00186459   0.00379105
 -0.00306544  -0.00495831    -0.00235085  -0.00351031    -0.00866631  -0.01501049
    4    8
  0.00308049  -0.02098343     0.00053487   0.00181214    -0.00098111   0.00092422
 -0.00053487  -0.00181214     0.00037570   0.00544446     0.00226334  -0.00142508
 -0.00098111   0.00092422    -0.00226334   0.00142508    -0.00486302  -0.00584828
    4    9
  0.01248289   0.02162100     0.00276131   0.00513390    -0.00358626  -0.00246852
 -0.00306544  -0.00495831    -0.00866631  -0.01501049    -0.00235085  -0.00351031
 -0.00034467  -0.00434006     0.00186459   0.00379105     0.00436495   0.00756031
    4   10
  0.02292457   0.00000000     0.00047301  -0.00137381     0.00047301  -0.00137381
 -0.00047301  -0.00137381    -0.01027291   0.00000000     0.00227371   0.00000000
 -0.00047301  -0.00137381     0.00227371   0.00000000    -0.01027291   0.00000000
    4   11
  0.02569694  -0.01800447     0.00475193  -0.00111356     0.00475193  -0.00111356
 -0.00475193   0.00111356     0.00529863   0.00870535     0.00697855  -0.00248211
 -0.00475193   0.00111356     0.00697855  -0.00248211     0.00529863   0.00870535
    5    1
 -0.06845652   0.00811577     0.00835066  -0.00558288     0.00835066  -0.00558288
 -0.00006470  -0.00904627    -0.00033888   0.00680449     0.00881163  -0.00462466
 -0.00006470  -0.00904627     0.00881163  -0.00462466    -0.00033888   0.00680449
    5    2
 -0.00985137  -0.00104501    -0.00511467   0.00087009    -0.00511467   0.00087009
 -0.01795607  -0.00717819    -0.00331367   0.00137698    -0.00830176   0.00062695
 -0.01795607  -0.00717819    -0.00830176   0.00062695    -0.00331367   0.00137698
    5    3
  0.00190601  -0.00096360     0.00017312   0.00007156     0.00017312   0.00007156
  0.00365055  -0.00177846    -0.00448092  -0.00323158    -0.00279310  -0.00152592
  0.00365055  -0.00177846    -0.00279310  -0.00152592    -0.00448092  -0.00323158
    5    4
  0.01559005   0.00513855     0.00051695   0.00292221     0.00051695   0.00292221
  0.00051695   0.00292221     0.00076012   0.00600459     0.00316145   0.00001666
  0.00051695   0.00292221     0.00316145   0.00001666     0.00076012   0.00600459
    5    5
  0.04756332   0.00000000    -0.00277917  -0.00265726    -0.00277917  -0.00265726
 -0.00277917   0.00265726     0.03356977   0.00000000     0.00425401   0.00000000
 -0.00277917   0.00265726     0.00425401   0.00000000     0.03356977  -0.00000000
    5    6
  0.01248289  -0.02162100    -0.00358626   0.00246852     0.00276131  -0.00513390
 -0.00034467   0.00434006     0.00436495  -0.00756031     0.00186459  -0.00379105
 -0.00306544   0.00495831    -0.00235085   0.00351031    -0.00866631   0.01501049
    5    7
  0.00308049   0.02098343    -0.00098111  -0.00092422     0.00053487  -0.00181214
 -0.00098111  -0.00092422    -0.00486302   0.00584828    -0.00226334  -0.00142508
 -0.00053487   0.00181214     0.00226334   0.00142508     0.00037570  -0.00544446
    5    8
  0.01248289  -0.02162100     0.00276131  -0.00513390    -0.00358626   0.00246852
 -0.00306544   0.00495831    -0.00866631   0.01501049    -0.00235085   0.00351031
 -0.00034467   0.00434006     0.00186459  -0.00379105     0.00436495  -0.00756031
    5    9
  0.00308049   0.02098343     0.00053487  -0.00181214    -0.00098111  -0.00092422
 -0.00053487   0.00181214     0.00037570  -0.00544446     0.00226334   0.00142508
 -0.00098111  -0.00092422    -0.00226334  -0.00142508    -0.00486302   0.00584828
    5   10
  0.02569694   0.01800447     0.00475193   0.00111356     0.00475193   0.00111356
 -0.00475193  -0.00111356     0.00529863  -0.00870535     0.00697855   0.00248211
 -0.00475193  -0.00111356     0.00697855   0.00248211     0.00529863  -0.00870535
    5   11
  0.02292457   0.00000000     0.00047301   0.00137381     0.00047301   0.00137381
 -0.00047301   0.00137381    -0.01027291   0.00000000     0.00227371  -0.00000000
 -0.00047301   0.00137381     0.00227371  -0.00000000    -0.01027291  -0.00000000
    6    1
 -0.04125673  -0.05522720     0.00901024   0.00444044    -0.00901024  -0.00444044
  0.00780195  -0.00457916    -0.00606230   0.00310877    -0.00841088  -0.00531876
 -0.00780195   0.00457916    -0.00841088  -0.00531876    -0.00606230   0.00310877
    6    2
 -0.00011850   0.00213245    -0.00014854   0.00011414     0.00014854  -0.00011414
 -0.00028508   0.00405070     0.00503909  -0.00226480    -0.00271803   0.00165594
  0.00028508  -0.00405070    -0.00271803   0.00165594     0.00503909  -0.00226480
    6    3
 -0.00985137  -0.00104501    -0.00511467   0.00087009     0.00511467  -0.00087009
 -0.01795607  -0.00717819    -0.00331367   0.00137698     0.00830176  -0.00062695
  0.01795607   0.00717819     0.00830176  -0.00062695    -0.00331367   0.00137698
    6    4
  0.00308049   0.02098343    -0.00098111  -0.00092422    -0.00053487   0.00181214
 -0.00098111  -0.00092422    -0.00486302   0.00584828     0.00226334   0.00142508
  0.00053487  -0.00181214    -0.00226334  -0.00142508     0.00037570  -0.00544446
    6    5
  0.01248289   0.02162100    -0.00034467  -0.00434006    -0.00306544  -0.00495831
 -0.00358626  -0.00246852     0.00436495   0.00756031    -0.00235085  -0.00351031
  0.00276131   0.00513390     0.00186459   0.00379105    -0.00866631  -0.01501049
    6    6
  0.04756332   0.00000000    -0.00277917  -0.00265726     0.00277917   0.00265726
 -0.00277917   0.00265726     0.03356977   0.00000000    -0.00425401  -0.00000000
  0.00277917  -0.00265726    -0.00425401  -0.00000000     0.03356977   0.00000000
    6    7
 -0.01224514   0.01093210    -0.00278918  -0.00101341     0.00278918   0.00101341
 -0.00278918  -0.00101341    -0.00558019  -0.00234401     0.00159515  -0.00272957
  0.00278918   0.00101341     0.00159515  -0.00272957    -0.00558019  -0.00234401
    6    8
  0.02292457   0.00000000     0.00047301   0.00137381    -0.00047301  -0.00137381
 -0.00047301   0.00137381    -0.01027291  -0.00000000    -0.00227371   0.00000000
  0.00047301  -0.00137381    -0.00227371   0.00000000    -0.01027291   0.00000000
    6    9
 -0.02844080   0.01325197    -0.00334034   0.00355852     0.00334034  -0.00355852
  0.00334034  -0.00355852     0.00488974   0.00894142     0.00563885  -0.00480255
 -0.00334034   0.00355852     0.00563885  -0.00480255     0.00488974   0.00894142
    6   10
  0.00308049   0.02098343     0.00053487  -0.00181214     0.00098111   0.00092422
 -0.00053487   0.00181214     0.00037570  -0.00544446    -0.00226334  -0.00142508
  0.00098111   0.00092422     0.00226334   0.00142508    -0.00486302   0.00584828
    6   11
  0.01248289   0.02162100     0.00306544   0.00495831     0.00034467   0.00434006
 -0.00276131  -0.00513390    -0.00866631  -0.01501049     0.00186459   0.00379105
  0.00358626   0.00246852    -0.00235085  -0.00351031     0.00436495   0.00756031
    7    1
 -0.04125673   0.05522720     0.00901024  -0.00444044    -0.00901024   0.00444044
  0.00780195   0.00457916    -0.00606230  -0.00310877    -0.00841088   0.00531876
 -0.00780195  -0.00457916    -0.00841088   0.00531876    -0.00606230  -0.00310877
    7    2
 -0.00985137   0.00104501    -0.00511467  -0.00087009     0.00511467   0.00087009
 -0.01795607   0.00717819    -0.00331367  -0.00137698     0.00830176   0.00062695
  0.01795607  -0.00717819     0.00830176   0.00062695    -0.00331367  -0.00137698
    7    3
 -0.00011850  -0.00213245    -0.00014854  -0.00011414     0.00014854   0.00011414
 -0.00028508  -0.00405070     0.00503909   0.00226480    -0.00271803  -0.00165594
  0.00028508   0.00405070    -0.00271803  -0.00165594     0.00503909   0.00226480
    7    4
  0.01248289  -0.02162100    -0.00034467   0.00434006    -0.00306544   0.00495831
 -0.00358626   0.00246852     0.00436495  -0.00756031    -0.00235085   0.00351031
  0.00276131  -0.00513390     0.00186459  -0.00379105    -0.00866631   0.01501049
    7    5
  0.00308049  -0.02098343    -0.00098111   0.00092422    -0.00053487  -0.00181214
 -0.00098111   0.00092422    -0.00486302  -0.00584828     0.00226334  -0.00142508
  0.00053487   0.00181214    -0.00226334   0.00142508     0.00037570   0.00544446
    7    6
 -0.01224514  -0.01093210    -0.00278918   0.00101341     0.00278918  -0.00101341
 -0.00278918   0.00101341    -0.00558019   0.00234401     0.00159515   0.00272957
  0.00278918  -0.00101341     0.00159515   0.00272957    -0.00558019   0.00234401
    7    7
  0.04756332  -0.00000000    -0.00277917   0.00265726     0.00277917  -0.00265726
 -0.00277917  -0.00265726     0.03356977  -0.00000000    -0.00425401   0.00000000
  0.00277917   0.00265726    -0.00425401   0.00000000     0.03356977  -0.00000000
    7    8
 -0.02844080  -0.01325197    -0.00334034  -0.00355852     0.00334034   0.00355852
  0.00334034   0.00355852     0.00488974  -0.00894142     0.00563885   0.00480255
 -0.00334034  -0.00355852     0.00563885   0.00480255     0.00488974  -0.00894142
    7    9
  0.02292457  -0.00000000     0.00047301  -0.00137381    -0.00047301   0.00137381
 -0.00047301  -0.00137381    -0.01027291   0.00000000    -0.00227371   0.00000000
  0.00047301   0.00137381    -0.00227371  -0.00000000    -0.01027291  -0.00000000
    7   10
  0.01248289  -0.02162100     0.00306544  -0.00495831     0.00034467  -0.00434006
 -0.00276131   0.00513390    -0.00866631   0.01501049     0.00186459  -0.00379105
  0.00358626  -0.00246852    -0.00235085   0.00351031     0.00436495  -0.00756031
    7   11
  0.00308049  -0.02098343     0.00053487   0.00181214     0.00098111  -0.00092422
 -0.00053487  -0.00181214     0.00037570   0.00544446    -0.00226334   0.00142508
  0.00098111  -0.00092422     0.00226334  -0.00142508    -0.00486302  -0.00584828
    8    1
 -0.04125673  -0.05522720    -0.00901024  -0.00444044     0.00901024   0.00444044
 -0.00780195   0.00457916    -0.00606230   0.00310877    -0.00841088  -0.00531876
  0.00780195  -0.00457916    -0.00841088  -0.00531876    -0.00606230   0.00310877
    8    2
 -0.00011850   0.00213245     0.00014854  -0.00011414    -0.00014854   0.00011414
  0.00028508  -0.00405070     0.00503909  -0.00226480    -0.00271803   0.00165594
 -0.00028508   0.00405070    -0.00271803   0.00165594     0.00503909  -0.00226480
    8    3
 -0.00985137  -0.00104501     0.00511467  -0.00087009    -0.00511467   0.00087009
  0.01795607   0.00717819    -0.00331367   0.00137698     0.00830176  -0.00062695
 -0.01795607  -0.00717819     0.00830176  -0.00062695    -0.00331367   0.00137698
    8    4
  0.00308049   0.02098343    -0.00053487   0.00181214    -0.00098111  -0.00092422
  0.00053487  -0.00181214     0.00037570  -0.00544446    -0.00226334  -0.00142508
 -0.00098111  -0.00092422     0.00226334   0.00142508    -0.00486302   0.00584828
    8    5
  0.01248289   0.02162100    -0.00306544  -0.00495831    -0.00034467  -0.00434006
  0.00276131   0.00513390    -0.00866631  -0.01501049     0.00186459   0.00379105
 -0.00358626  -0.00246852    -0.00235085  -0.00351031     0.00436495   0.00756031
    8    6
  0.02292457   0.00000000    -0.00047301  -0.00137381     0.00047301   0.00137381
  0.00047301  -0.00137381    -0.01027291  -0.00000000    -0.00227371   0.00000000
 -0.00047301   0.00137381    -0.00227371   0.00000000    -0.01027291  -0.00000000
    8    7
 -0.02844080   0.01325197     0.00334034  -0.00355852    -0.00334034   0.00355852
 -0.00334034   0.00355852     0.00488974   0.00894142     0.00563885  -0.00480255
  0.00334034  -0.00355852     0.00563885  -0.00480255     0.00488974   0.00894142
    8    8
  0.04756332   0.00000000     0.00277917   0.00265726    -0.00277917  -0.00265726
  0.00277917  -0.00265726     0.03356977   0.00000000    -0.00425401  -0.00000000
 -0.00277917   0.00265726    -0.00425401  -0.00000000     0.03356977   0.00000000
    8    9
 -0.01224514   0.01093210     0.00278918   0.00101341    -0.00278918  -0.00101341
  0.00278918   0.00101341    -0.00558019  -0.00234401     0.00159515  -0.00272957
 -0.00278918  -0.00101341     0.00159515  -0.00272957    -0.00558019  -0.00234401
    8   10
  0.00308049   0.02098343     0.00098111   0.00092422     0.00053487  -0.00181214
  0.00098111   0.00092422    -0.00486302   0.00584828     0.00226334   0.00142508
 -0.00053487   0.00181214    -0.00226334  -0.00142508     0.00037570  -0.00544446
    8   11
  0.01248289   0.02162100     0.00034467   0.00434006     0.00306544   0.00495831
  0.00358626   0.00246852     0.00436495   0.00756031    -0.00235085  -0.00351031
 -0.00276131  -0.00513390     0.00186459   0.00379105    -0.00866631  -0.01501049
    9    1
 -0.04125673   0.05522720    -0.00901024   0.00444044     0.00901024  -0.00444044
 -0.00780195  -0.00457916    -0.00606230  -0.00310877    -0.00841088   0.00531876
  0.00780195   0.00457916    -0.00841088   0.00531876    -0.00606230  -0.00310877
    9    2
 -0.00985137   0.00104501     0.00511467   0.00087009    -0.00511467  -0.00087009
  0.01795607  -0.00717819    -0.00331367  -0.00137698     0.00830176   0.00062695
 -0.01795607   0.00717819     0.00830176   0.00062695    -0.00331367  -0.00137698
    9    3
 -0.00011850  -0.00213245     0.00014854   0.00011414    -0.00014854  -0.00011414
  0.00028508   0.00405070     0.00503909   0.00226480    -0.00271803  -0.00165594
 -0.00028508  -0.00405070    -0.00271803  -0.00165594     0.00503909   0.00226480
    9    4
  0.01248289  -0.02162100    -0.00306544   0.00495831    -0.00034467   0.00434006
  0.00276131  -0.00513390    -0.00866631   0.01501049     0.00186459  -0.00379105
 -0.00358626   0.00246852    -0.00235085   0.00351031     0.00436495  -0.00756031
    9    5
  0.00308049  -0.02098343    -0.00053487  -0.00181214    -0.00098111   0.00092422
  0.00053487   0.00181214     0.00037570   0.00544446    -0.00226334   0.00142508
 -0.00098111   0.00092422     0.00226334  -0.00142508    -0.00486302  -0.00584828
    9    6
 -0.02844080  -0.01325197     0.00334034   0.00355852    -0.00334034  -0.00355852
 -0.00334034  -0.00355852     0.00488974  -0.00894142     0.00563885   0.00480255
  0.00334034   0.00355852     0.00563885   0.00480255     0.00488974  -0.00894142
    9    7
  0.02292457  -0.00000000    -0.00047301   0.00137381     0.00047301  -0.00137381
  0.00047301   0.00137381    -0.01027291   0.00000000    -0.00227371  -0.00000000
 -0.00047301  -0.00137381    -0.00227371  -0.00000000    -0.01027291   0.00000000
    9    8
 -0.01224514  -0.01093210     0.00278918  -0.00101341    -0.00278918   0.00101341
  0.00278918  -0.00101341    -0.00558019   0.00234401     0.00159515   0.00272957
 -0.00278918   0.00101341     0.00159515   0.00272957    -0.00558019   0.00234401
    9    9
  0.04756332  -0.00000000     0.00277917  -0.00265726    -0.00277917   0.00265726
  0.00277917   0.00265726     0.03356977  -0.00000000    -0.00425401   0.00000000
 -0.00277917  -0.00265726    -0.00425401   0.00000000     0.03356977  -0.00000000
    9   10
  0.01248289  -0.02162100     0.00034467  -0.00434006     0.00306544  -0.00495831
  0.00358626  -0.00246852     0.00436495  -0.00756031    -0.00235085   0.00351031
 -0.00276131   0.00513390     0.00186459  -0.00379105    -0.00866631   0.01501049
    9   11
  0.00308049  -0.02098343     0.00098111  -0.00092422     0.00053487   0.00181214
  0.00098111  -0.00092422    -0.00486302  -0.00584828     0.00226334  -0.00142508
 -0.00053487  -0.00181214    -0.00226334   0.00142508     0.00037570   0.00544446
   10    1
 -0.06845652  -0.00811577    -0.00835066  -0.00558288    -0.00835066  -0.00558288
  0.00006470  -0.00904627    -0.00033888  -0.00680449     0.00881163   0.00462466
  0.00006470  -0.00904627     0.00881163   0.00462466    -0.00033888  -0.00680449
   10    2
  0.00190601   0.00096360    -0.00017312   0.00007156    -0.00017312   0.00007156
 -0.00365055  -0.00177846    -0.00448092   0.00323158    -0.00279310   0.00152592
 -0.00365055  -0.00177846    -0.00279310   0.00152592    -0.00448092   0.00323158
   10    3
 -0.00985137   0.00104501     0.00511467   0.00087009     0.00511467   0.00087009
  0.01795607  -0.00717819    -0.00331367  -0.00137698    -0.00830176  -0.00062695
  0.01795607  -0.00717819    -0.00830176  -0.00062695    -0.00331367  -0.00137698
   10    4
  0.02292457  -0.00000000    -0.00047301   0.00137381    -0.00047301   0.00137381
  0.00047301   0.00137381    -0.01027291   0.00000000     0.00227371   0.00000000
  0.00047301   0.00137381     0.00227371   0.00000000    -0.01027291  -0.00000000
   10    5
  0.02569694  -0.01800447    -0.00475193   0.00111356    -0.00475193   0.00111356
  0.00475193  -0.00111356     0.00529863   0.00870535     0.00697855  -0.00248211
  0.00475193  -0.00111356     0.00697855  -0.00248211     0.00529863   0.00870535
   10    6
  0.00308049  -0.02098343    -0.00053487  -0.00181214     0.00098111  -0.00092422
  0.00053487   0.00181214     0.00037570   0.00544446     0.00226334  -0.00142508
  0.00098111  -0.00092422    -0.00226334   0.00142508    -0.00486302  -0.00584828
   10    7
  0.01248289   0.02162100    -0.00276131  -0.00513390     0.00358626   0.00246852
  0.00306544   0.00495831    -0.00866631  -0.01501049    -0.00235085  -0.00351031
  0.00034467   0.00434006     0.00186459   0.00379105     0.00436495   0.00756031
   10    8
  0.00308049  -0.02098343     0.00098111  -0.00092422    -0.00053487  -0.00181214
  0.00098111  -0.00092422    -0.00486302  -0.00584828    -0.00226334   0.00142508
  0.00053487   0.00181214     0.00226334  -0.00142508     0.00037570   0.00544446
   10    9
  0.01248289   0.02162100     0.00358626   0.00246852    -0.00276131  -0.00513390
  0.00034467   0.00434006     0.00436495   0.00756031     0.00186459   0.00379105
  0.00306544   0.00495831    -0.00235085  -0.00351031    -0.00866631  -0.01501049
   10   10
  0.04756332  -0.00000000     0.00277917  -0.00265726     0.00277917  -0.00265726
  0.00277917   0.00265726     0.03356977   0.00000000     0.00425401  -0.00000000
  0.00277917   0.00265726     0.00425401  -0.00000000     0.03356977  -0.00000000
   10   11
  0.01559005  -0.00513855    -0.00051695   0.00292221    -0.00051695   0.00292221
 -0.00051695   0.00292221     0.00076012  -0.00600459     0.00316145  -0.00001666
 -0.00051695   0.00292221     0.00316145  -0.00001666     0.00076012  -0.00600459
   11    1
 -0.06845652   0.00811577    -0.00835066   0.00558288    -0.00835066   0.00558288
  0.00006470   0.00904627    -0.00033888   0.00680449     0.00881163  -0.00462466
  0.00006470   0.00904627     0.00881163  -0.00462466    -0.00033888   0.00680449
   11    2
 -0.00985137  -0.00104501     0.00511467  -0.00087009     0.00511467  -0.00087009
  0.01795607   0.00717819    -0.00331367   0.00137698    -0.00830176   0.00062695
  0.01795607   0.00717819    -0.00830176   0.00062695    -0.00331367   0.00137698
   11    3
  0.00190601  -0.00096360    -0.00017312  -0.00007156    -0.00017312  -0.00007156
 -0.00365055   0.00177846    -0.00448092  -0.00323158    -0.00279310  -0.00152592
 -0.00365055   0.00177846    -0.00279310  -0.00152592    -0.00448092  -0.00323158
   11    4
  0.02569694   0.01800447    -0.00475193  -0.00111356    -0.00475193  -0.00111356
  0.00475193   0.00111356     0.00529863  -0.00870535     0.00697855   0.00248211
  0.00475193   0.00111356     0.00697855   0.00248211     0.00529863  -0.00870535
   11    5
  0.02292457   0.00000000    -0.00047301  -0.00137381    -0.00047301  -0.00137381
  0.00047301  -0.00137381    -0.01027291   0.00000000     0.00227371  -0.00000000
  0.00047301  -0.00137381     0.00227371  -0.00000000    -0.01027291   0.00000000
   11    6
  0.01248289  -0.02162100    -0.00276131   0.00513390     0.00358626  -0.00246852
  0.00306544  -0.00495831    -0.00866631   0.01501049    -0.00235085   0.00351031
  0.00034467  -0.00434006     0.00186459  -0.00379105     0.00436495  -0.00756031
   11    7
  0.00308049   0.02098343    -0.00053487   0.00181214     0.00098111   0.00092422
  0.00053487  -0.00181214     0.00037570  -0.00544446     0.00226334   0.00142508
  0.00098111   0.00092422    -0.00226334  -0.00142508    -0.00486302   0.00584828
   11    8
  0.01248289  -0.02162100     0.00358626  -0.00246852    -0.00276131   0.00513390
  0.00034467  -0.00434006     0.00436495  -0.00756031     0.00186459  -0.00379105
  0.00306544  -0.00495831    -0.00235085   0.00351031    -0.00866631   0.01501049
   11    9
  0.00308049   0.02098343     0.00098111   0.00092422    -0.00053487   0.00181214
  0.00098111   0.00092422    -0.00486302   0.00584828    -0.00226334  -0.00142508
  0.00053487  -0.00181214     0.00226334   0.00142508     0.00037570  -0.00544446
   11   10
  0.01559005   0.00513855    -0.00051695  -0.00292221    -0.00051695  -0.00292221
 -0.00051695  -0.00292221     0.00076012   0.00600459     0.00316145   0.00001666
 -0.00051695  -0.00292221     0.00316145   0.00001666     0.00076012   0.00600459
   11   11
  0.04756332   0.00000000     0.00277917   0.00265726     0.00277917   0.00265726
  0.00277917  -0.00265726     0.03356977  -0.00000000     0.00425401   0.00000000
  0.00277917  -0.00265726     0.00425401   0.00000000     0.03356977   0.00000000

     Dynamical  Matrix in cartesian axes

     q = (   -0.235702260   0.000000000   0.000000000 ) 

    1    1
  0.45509015   0.00000000    -0.00000000   0.00000000     0.00000000   0.00000000
 -0.00000000   0.00000000     0.08005518   0.00000000     0.00000000   0.00000000
  0.00000000   0.00000000     0.00000000   0.00000000     0.08005518   0.00000000
    1    2
  0.05509134  -0.03180700     0.00000000   0.00000000     0.00000000  -0.00000000
 -0.00000000  -0.00000000    -0.01307405   0.00754831    -0.00436830  -0.00756612
  0.00000000   0.00000000    -0.00436830  -0.00756612    -0.01307405   0.00754831
    1    3
  0.05509134   0.03180700     0.00000000   0.00000000     0.00000000   0.00000000
  0.00000000   0.00000000    -0.01307405  -0.00754831    -0.00436830   0.00756612
 -0.00000000  -0.00000000    -0.00436830   0.00756612    -0.01307405  -0.00754831
    1    4
 -0.06845652  -0.00811577    -0.00006470   0.00904627    -0.00006470   0.00904627
  0.00835066   0.00558288    -0.00033888  -0.00680449     0.00881163   0.00462466
  0.00835066   0.00558288     0.00881163   0.00462466    -0.00033888  -0.00680449
    1    5
 -0.06845652   0.00811577    -0.00006470  -0.00904627    -0.00006470  -0.00904627
  0.00835066  -0.00558288    -0.00033888   0.00680449     0.00881163  -0.00462466
  0.00835066  -0.00558288     0.00881163  -0.00462466    -0.00033888   0.00680449
    1    6
 -0.04125673  -0.05522720     0.00780195  -0.00457916    -0.00780195   0.00457916
  0.00901024   0.00444044    -0.00606230   0.00310877    -0.00841088  -0.00531876
 -0.00901024  -0.00444044    -0.00841088  -0.00531876    -0.00606230   0.00310877
    1    7
 -0.04125673   0.05522720     0.00780195   0.00457916    -0.00780195  -0.00457916
  0.00901024  -0.00444044    -0.00606230  -0.00310877    -0.00841088   0.00531876
 -0.00901024   0.00444044    -0.00841088   0.00531876    -0.00606230  -0.00310877
    1    8
 -0.04125673  -0.05522720    -0.00780195   0.00457916     0.00780195  -0.00457916
 -0.00901024  -0.00444044    -0.00606230   0.00310877    -0.00841088  -0.00531876
  0.00901024   0.00444044    -0.00841088  -0.00531876    -0.00606230   0.00310877
    1    9
 -0.04125673   0.05522720    -0.00780195  -0.00457916     0.00780195   0.00457916
 -0.00901024   0.00444044    -0.00606230  -0.00310877    -0.00841088   0.00531876
  0.00901024  -0.00444044    -0.00841088   0.00531876    -0.00606230  -0.00310877
    1   10
 -0.06845652  -0.00811577     0.00006470  -0.00904627     0.00006470  -0.00904627
 -0.00835066  -0.00558288    -0.00033888  -0.00680449     0.00881163   0.00462466
 -0.00835066  -0.00558288     0.00881163   0.00462466    -0.00033888  -0.00680449
    1   11
 -0.06845652   0.00811577     0.00006470   0.00904627     0.00006470   0.00904627
 -0.00835066   0.00558288    -0.00033888   0.00680449     0.00881163  -0.00462466
 -0.00835066   0.00558288     0.00881163  -0.00462466    -0.00033888   0.00680449
    2    1
  0.05509134   0.03180700     0.00000000   0.00000000    -0.00000000   0.00000000
  0.00000000   0.00000000    -0.01307405  -0.00754831    -0.00436830   0.00756612
  0.00000000  -0.00000000    -0.00436830   0.00756612    -0.01307405  -0.00754831
    2    2
  0.08048611  -0.00000000     0.00000000   0.00000000     0.00000000   0.00000000
  0.00000000  -0.00000000     0.02182085   0.00000000     0.00000000  -0.00000000
 -0.00000000   0.00000000     0.00000000  -0.00000000     0.02182085  -0.00000000
    2    3
 -0.00575475  -0.00996752     0.00000000  -0.00000000     0.00000000   0.00000000
  0.00000000  -0.00000000    -0.00395855  -0.00685641     0.00574578  -0.00331733
  0.00000000   0.00000000     0.00574578  -0.00331733    -0.00395855  -0.00685641
    2    4
  0.00190601   0.00096360     0.00365055   0.00177846     0.00365055   0.00177846
  0.00017312  -0.00007156    -0.00448092   0.00323158    -0.00279310   0.00152592
  0.00017312  -0.00007156    -0.00279310   0.00152592    -0.00448092   0.00323158
    2    5
 -0.00985137  -0.00104501    -0.01795607  -0.00717819    -0.01795607  -0.00717819
 -0.00511467   0.00087009    -0.00331367   0.00137698    -0.00830176   0.00062695
 -0.00511467   0.00087009    -0.00830176   0.00062695    -0.00331367   0.00137698
    2    6
 -0.00011850   0.00213245    -0.00028508   0.00405070     0.00028508  -0.00405070
 -0.00014854   0.00011414     0.00503909  -0.00226480    -0.00271803   0.00165594
  0.00014854  -0.00011414    -0.00271803   0.00165594     0.00503909  -0.00226480
    2    7
 -0.00985137   0.00104501    -0.01795607   0.00717819     0.01795607  -0.00717819
 -0.00511467  -0.00087009    -0.00331367  -0.00137698     0.00830176   0.00062695
  0.00511467   0.00087009     0.00830176   0.00062695    -0.00331367  -0.00137698
    2    8
 -0.00011850   0.00213245     0.00028508  -0.00405070    -0.00028508   0.00405070
  0.00014854  -0.00011414     0.00503909  -0.00226480    -0.00271803   0.00165594
 -0.00014854   0.00011414    -0.00271803   0.00165594     0.00503909  -0.00226480
    2    9
 -0.00985137   0.00104501     0.01795607  -0.00717819    -0.01795607   0.00717819
  0.00511467   0.00087009    -0.00331367  -0.00137698     0.00830176   0.00062695
 -0.00511467  -0.00087009     0.00830176   0.00062695    -0.00331367  -0.00137698
    2   10
  0.00190601   0.00096360    -0.00365055  -0.00177846    -0.00365055  -0.00177846
 -0.00017312   0.00007156    -0.00448092   0.00323158    -0.00279310   0.00152592
 -0.00017312   0.00007156    -0.00279310   0.00152592    -0.00448092   0.00323158
    2   11
 -0.00985137  -0.00104501     0.01795607   0.00717819     0.01795607   0.00717819
  0.00511467  -0.00087009    -0.00331367   0.00137698    -0.00830176   0.00062695
  0.00511467  -0.00087009    -0.00830176   0.00062695    -0.00331367   0.00137698
    3    1
  0.05509134  -0.03180700     0.00000000  -0.00000000    -0.00000000   0.00000000
  0.00000000  -0.00000000    -0.01307405   0.00754831    -0.00436830  -0.00756612
 -0.00000000   0.00000000    -0.00436830  -0.00756612    -0.01307405   0.00754831
    3    2
 -0.00575475   0.00996752     0.00000000   0.00000000     0.00000000   0.00000000
  0.00000000   0.00000000    -0.00395855   0.00685641     0.00574578   0.00331733
  0.00000000  -0.00000000     0.00574578   0.00331733    -0.00395855   0.00685641
    3    3
  0.08048611   0.00000000     0.00000000  -0.00000000     0.00000000  -0.00000000
  0.00000000   0.00000000     0.02182085  -0.00000000     0.00000000   0.00000000
 -0.00000000  -0.00000000     0.00000000   0.00000000     0.02182085   0.00000000
    3    4
 -0.00985137   0.00104501    -0.01795607   0.00717819    -0.01795607   0.00717819
 -0.00511467  -0.00087009    -0.00331367  -0.00137698    -0.00830176  -0.00062695
 -0.00511467  -0.00087009    -0.00830176  -0.00062695    -0.00331367  -0.00137698
    3    5
  0.00190601  -0.00096360     0.00365055  -0.00177846     0.00365055  -0.00177846
  0.00017312   0.00007156    -0.00448092  -0.00323158    -0.00279310  -0.00152592
  0.00017312   0.00007156    -0.00279310  -0.00152592    -0.00448092  -0.00323158
    3    6
 -0.00985137  -0.00104501    -0.01795607  -0.00717819     0.01795607   0.00717819
 -0.00511467   0.00087009    -0.00331367   0.00137698     0.00830176  -0.00062695
  0.00511467  -0.00087009     0.00830176  -0.00062695    -0.00331367   0.00137698
    3    7
 -0.00011850  -0.00213245    -0.00028508  -0.00405070     0.00028508   0.00405070
 -0.00014854  -0.00011414     0.00503909   0.00226480    -0.00271803  -0.00165594
  0.00014854   0.00011414    -0.00271803  -0.00165594     0.00503909   0.00226480
    3    8
 -0.00985137  -0.00104501     0.01795607   0.00717819    -0.01795607  -0.00717819
  0.00511467  -0.00087009    -0.00331367   0.00137698     0.00830176  -0.00062695
 -0.00511467   0.00087009     0.00830176  -0.00062695    -0.00331367   0.00137698
    3    9
 -0.00011850  -0.00213245     0.00028508   0.00405070    -0.00028508  -0.00405070
  0.00014854   0.00011414     0.00503909   0.00226480    -0.00271803  -0.00165594
 -0.00014854  -0.00011414    -0.00271803  -0.00165594     0.00503909   0.00226480
    3   10
 -0.00985137   0.00104501     0.01795607  -0.00717819     0.01795607  -0.00717819
  0.00511467   0.00087009    -0.00331367  -0.00137698    -0.00830176  -0.00062695
  0.00511467   0.00087009    -0.00830176  -0.00062695    -0.00331367  -0.00137698
    3   11
  0.00190601  -0.00096360    -0.00365055   0.00177846    -0.00365055   0.00177846
 -0.00017312  -0.00007156    -0.00448092  -0.00323158    -0.00279310  -0.00152592
 -0.00017312  -0.00007156    -0.00279310  -0.00152592    -0.00448092  -0.00323158
    4    1
 -0.06845652   0.00811577     0.00835066  -0.00558288     0.00835066  -0.00558288
