  3.000000000000000E-002   1.62628693009849        4.75506765457283     
           6

     Dynamical  Matrix in cartesian axes

     q = (    0.235702260   0.000000000   0.000000000 ) 

    1    1
  0.35305293   0.00000000     0.00000000   0.00000000    -0.00000000   0.00000000
 -0.00000000   0.00000000     0.09066071   0.00000000    -0.00000000   0.00000000
 -0.00000000   0.00000000    -0.00000000   0.00000000     0.09066071   0.00000000
    1    2
  0.04363072   0.02519021    -0.00000000  -0.00000000     0.00000000   0.00000000
  0.00000000   0.00000000    -0.01482780  -0.00856084    -0.00570232   0.00987670
  0.00000000   0.00000000    -0.00570232   0.00987670    -0.01482780  -0.00856084
    1    3
  0.04363072  -0.02519021    -0.00000000   0.00000000     0.00000000  -0.00000000
  0.00000000   0.00000000    -0.01482780   0.00856084    -0.00570232  -0.00987670
  0.00000000   0.00000000    -0.00570232  -0.00987670    -0.01482780   0.00856084
    1    4
 -0.04966096   0.00326179     0.00327948  -0.00073746     0.00327948  -0.00073746
  0.01047888  -0.00491479     0.00018042   0.00654072     0.00990278  -0.00504419
  0.01047888  -0.00491479     0.00990278  -0.00504419     0.00018042   0.00654072
    1    5
 -0.04966096  -0.00326179     0.00327948   0.00073746     0.00327948   0.00073746
  0.01047888   0.00491479     0.00018042  -0.00654072     0.00990278   0.00504419
  0.01047888   0.00491479     0.00990278   0.00504419     0.00018042  -0.00654072
    1    6
 -0.02765527   0.04137676     0.00227840  -0.00247138    -0.00227840   0.00247138
  0.00949577  -0.00661758    -0.00557422  -0.00342661    -0.00931979   0.00605396
 -0.00949577   0.00661758    -0.00931979   0.00605396    -0.00557422  -0.00342661
    1    7
 -0.02765527  -0.04137676     0.00227840   0.00247138    -0.00227840  -0.00247138
  0.00949577   0.00661758    -0.00557422   0.00342661    -0.00931979  -0.00605396
 -0.00949577  -0.00661758    -0.00931979  -0.00605396    -0.00557422   0.00342661
    1    8
 -0.02765527   0.04137676    -0.00227840   0.00247138     0.00227840  -0.00247138
 -0.00949577   0.00661758    -0.00557422  -0.00342661    -0.00931979   0.00605396
  0.00949577  -0.00661758    -0.00931979   0.00605396    -0.00557422  -0.00342661
    1    9
 -0.02765527  -0.04137676    -0.00227840  -0.00247138     0.00227840   0.00247138
 -0.00949577  -0.00661758    -0.00557422   0.00342661    -0.00931979  -0.00605396
  0.00949577   0.00661758    -0.00931979  -0.00605396    -0.00557422   0.00342661
    1   10
 -0.04966096   0.00326179    -0.00327948   0.00073746    -0.00327948   0.00073746
 -0.01047888   0.00491479     0.00018042   0.00654072     0.00990278  -0.00504419
 -0.01047888   0.00491479     0.00990278  -0.00504419     0.00018042   0.00654072
    1   11
 -0.04966096  -0.00326179    -0.00327948  -0.00073746    -0.00327948  -0.00073746
 -0.01047888  -0.00491479     0.00018042  -0.00654072     0.00990278   0.00504419
 -0.01047888  -0.00491479     0.00990278   0.00504419     0.00018042  -0.00654072
    2    1
  0.04363072  -0.02519021     0.00000000   0.00000000     0.00000000  -0.00000000
  0.00000000   0.00000000    -0.01482780   0.00856084    -0.00570232  -0.00987670
 -0.00000000  -0.00000000    -0.00570232  -0.00987670    -0.01482780   0.00856084
    2    2
  0.07387893   0.00000000     0.00000000   0.00000000    -0.00000000  -0.00000000
 -0.00000000  -0.00000000     0.02810799  -0.00000000     0.00000000   0.00000000
  0.00000000  -0.00000000     0.00000000   0.00000000     0.02810799   0.00000000
    2    3
 -0.00411364   0.00712503     0.00000000  -0.00000000     0.00000000   0.00000000
  0.00000000  -0.00000000    -0.00492172   0.00852467     0.00640162   0.00369597
  0.00000000   0.00000000     0.00640162   0.00369597    -0.00492172   0.00852467
    2    4
  0.00383567  -0.00367744     0.00438967   0.00114857     0.00438967   0.00114857
 -0.00132595  -0.00161510    -0.00417513  -0.00236763    -0.00372015  -0.00167440
 -0.00132595  -0.00161510    -0.00372015  -0.00167440    -0.00417513  -0.00236763
    2    5
 -0.01126911   0.00161833    -0.01563966   0.00457615    -0.01563966   0.00457615
 -0.00648035  -0.00228613    -0.00424104  -0.00030905    -0.00984936  -0.00169776
 -0.00648035  -0.00228613    -0.00984936  -0.00169776    -0.00424104  -0.00030905
    2    6
  0.00126692  -0.00516050    -0.00318953  -0.00322728     0.00318953   0.00322728
  0.00206169   0.00034076     0.00413800   0.00243195    -0.00331014  -0.00238455
 -0.00206169  -0.00034076    -0.00331014  -0.00238455     0.00413800   0.00243195
    2    7
 -0.01126911  -0.00161833    -0.01563966  -0.00457615     0.01563966   0.00457615
 -0.00648035   0.00228613    -0.00424104   0.00030905     0.00984936  -0.00169776
  0.00648035  -0.00228613     0.00984936  -0.00169776    -0.00424104   0.00030905
    2    8
  0.00126692  -0.00516050     0.00318953   0.00322728    -0.00318953  -0.00322728
 -0.00206169  -0.00034076     0.00413800   0.00243195    -0.00331014  -0.00238455
  0.00206169   0.00034076    -0.00331014  -0.00238455     0.00413800   0.00243195
    2    9
 -0.01126911  -0.00161833     0.01563966   0.00457615    -0.01563966  -0.00457615
  0.00648035  -0.00228613    -0.00424104   0.00030905     0.00984936  -0.00169776
 -0.00648035   0.00228613     0.00984936  -0.00169776    -0.00424104   0.00030905
    2   10
  0.00383567  -0.00367744    -0.00438967  -0.00114857    -0.00438967  -0.00114857
  0.00132595   0.00161510    -0.00417513  -0.00236763    -0.00372015  -0.00167440
  0.00132595   0.00161510    -0.00372015  -0.00167440    -0.00417513  -0.00236763
    2   11
 -0.01126911   0.00161833     0.01563966  -0.00457615     0.01563966  -0.00457615
  0.00648035   0.00228613    -0.00424104  -0.00030905    -0.00984936  -0.00169776
  0.00648035   0.00228613    -0.00984936  -0.00169776    -0.00424104  -0.00030905
    3    1
  0.04363072   0.02519021     0.00000000  -0.00000000     0.00000000   0.00000000
  0.00000000  -0.00000000    -0.01482780  -0.00856084    -0.00570232   0.00987670
 -0.00000000   0.00000000    -0.00570232   0.00987670    -0.01482780  -0.00856084
    3    2
 -0.00411364  -0.00712503     0.00000000   0.00000000     0.00000000  -0.00000000
  0.00000000   0.00000000    -0.00492172  -0.00852467     0.00640162  -0.00369597
  0.00000000  -0.00000000     0.00640162  -0.00369597    -0.00492172  -0.00852467
    3    3
  0.07387893  -0.00000000     0.00000000  -0.00000000    -0.00000000   0.00000000
 -0.00000000   0.00000000     0.02810799   0.00000000     0.00000000  -0.00000000
  0.00000000   0.00000000     0.00000000  -0.00000000     0.02810799  -0.00000000
    3    4
 -0.01126911  -0.00161833    -0.01563966  -0.00457615    -0.01563966  -0.00457615
 -0.00648035   0.00228613    -0.00424104   0.00030905    -0.00984936   0.00169776
 -0.00648035   0.00228613    -0.00984936   0.00169776    -0.00424104   0.00030905
    3    5
  0.00383567   0.00367744     0.00438967  -0.00114857     0.00438967  -0.00114857
 -0.00132595   0.00161510    -0.00417513   0.00236763    -0.00372015   0.00167440
 -0.00132595   0.00161510    -0.00372015   0.00167440    -0.00417513   0.00236763
    3    6
 -0.01126911   0.00161833    -0.01563966   0.00457615     0.01563966  -0.00457615
 -0.00648035  -0.00228613    -0.00424104  -0.00030905     0.00984936   0.00169776
  0.00648035   0.00228613     0.00984936   0.00169776    -0.00424104  -0.00030905
    3    7
  0.00126692   0.00516050    -0.00318953   0.00322728     0.00318953  -0.00322728
  0.00206169  -0.00034076     0.00413800  -0.00243195    -0.00331014   0.00238455
 -0.00206169   0.00034076    -0.00331014   0.00238455     0.00413800  -0.00243195
    3    8
 -0.01126911   0.00161833     0.01563966  -0.00457615    -0.01563966   0.00457615
  0.00648035   0.00228613    -0.00424104  -0.00030905     0.00984936   0.00169776
 -0.00648035  -0.00228613     0.00984936   0.00169776    -0.00424104  -0.00030905
    3    9
  0.00126692   0.00516050     0.00318953  -0.00322728    -0.00318953   0.00322728
 -0.00206169   0.00034076     0.00413800  -0.00243195    -0.00331014   0.00238455
  0.00206169  -0.00034076    -0.00331014   0.00238455     0.00413800  -0.00243195
    3   10
 -0.01126911  -0.00161833     0.01563966   0.00457615     0.01563966   0.00457615
  0.00648035  -0.00228613    -0.00424104   0.00030905    -0.00984936   0.00169776
  0.00648035  -0.00228613    -0.00984936   0.00169776    -0.00424104   0.00030905
    3   11
  0.00383567   0.00367744    -0.00438967   0.00114857    -0.00438967   0.00114857
  0.00132595  -0.00161510    -0.00417513   0.00236763    -0.00372015   0.00167440
  0.00132595  -0.00161510    -0.00372015   0.00167440    -0.00417513   0.00236763
    4    1
 -0.04966096  -0.00326179     0.01047888   0.00491479     0.01047888   0.00491479
  0.00327948   0.00073746     0.00018042  -0.00654072     0.00990278   0.00504419
  0.00327948   0.00073746     0.00990278   0.00504419     0.00018042  -0.00654072
    4    2
  0.00383567   0.00367744    -0.00132595   0.00161510    -0.00132595   0.00161510
  0.00438967  -0.00114857    -0.00417513   0.00236763    -0.00372015   0.00167440
  0.00438967  -0.00114857    -0.00372015   0.00167440    -0.00417513   0.00236763
    4    3
 -0.01126911   0.00161833    -0.00648035  -0.00228613    -0.00648035  -0.00228613
 -0.01563966   0.00457615    -0.00424104  -0.00030905    -0.00984936  -0.00169776
 -0.01563966   0.00457615    -0.00984936  -0.00169776    -0.00424104  -0.00030905
    4    4
  0.04474299  -0.00000000    -0.00112853   0.00286171    -0.00112853   0.00286171
 -0.00112853  -0.00286171     0.03344728   0.00000000     0.00581166  -0.00000000
 -0.00112853  -0.00286171     0.00581166  -0.00000000     0.03344728  -0.00000000
    4    5
  0.00974030  -0.00750190     0.00044701  -0.00248436     0.00044701  -0.00248436
  0.00044701  -0.00248436     0.00128090  -0.00566641     0.00306804  -0.00008215
  0.00044701  -0.00248436     0.00306804  -0.00008215     0.00128090  -0.00566641
    4    6
  0.00240761  -0.01720724    -0.00052566  -0.00067612     0.00063992   0.00153486
 -0.00052566  -0.00067612    -0.00634341  -0.00528634    -0.00010065   0.00101062
 -0.00063992  -0.00153486     0.00010065  -0.00101062     0.00124521   0.00330911
    4    7
  0.00856320   0.01483189    -0.00193209  -0.00204042     0.00139416   0.00469686
 -0.00080101  -0.00269345     0.00426437   0.00738611     0.00021423   0.00120791
 -0.00337052  -0.00355581    -0.00093897  -0.00078948    -0.00830860  -0.01439092
    4    8
  0.00240761  -0.01720724     0.00063992   0.00153486    -0.00052566  -0.00067612
 -0.00063992  -0.00153486     0.00124521   0.00330911     0.00010065  -0.00101062
 -0.00052566  -0.00067612    -0.00010065   0.00101062    -0.00634341  -0.00528634
    4    9
  0.00856320   0.01483189     0.00139416   0.00469686    -0.00193209  -0.00204042
 -0.00337052  -0.00355581    -0.00830860  -0.01439092    -0.00093897  -0.00078948
 -0.00080101  -0.00269345     0.00021423   0.00120791     0.00426437   0.00738611
    4   10
  0.01728881  -0.00000000     0.00033069  -0.00128069     0.00033069  -0.00128069
 -0.00033069  -0.00128069    -0.00815599   0.00000000     0.00105375  -0.00000000
 -0.00033069  -0.00128069     0.00105375   0.00000000    -0.00815599   0.00000000
    4   11
  0.01487490  -0.01876289     0.00513636  -0.00178289     0.00513636  -0.00178289
 -0.00513636   0.00178289     0.00702742   0.00907670     0.00653662  -0.00122574
 -0.00513636   0.00178289     0.00653662  -0.00122574     0.00702742   0.00907670
    5    1
 -0.04966096   0.00326179     0.01047888  -0.00491479     0.01047888  -0.00491479
  0.00327948  -0.00073746     0.00018042   0.00654072     0.00990278  -0.00504419
  0.00327948  -0.00073746     0.00990278  -0.00504419     0.00018042   0.00654072
    5    2
 -0.01126911  -0.00161833    -0.00648035   0.00228613    -0.00648035   0.00228613
 -0.01563966  -0.00457615    -0.00424104   0.00030905    -0.00984936   0.00169776
 -0.01563966  -0.00457615    -0.00984936   0.00169776    -0.00424104   0.00030905
    5    3
  0.00383567  -0.00367744    -0.00132595  -0.00161510    -0.00132595  -0.00161510
  0.00438967   0.00114857    -0.00417513  -0.00236763    -0.00372015  -0.00167440
  0.00438967   0.00114857    -0.00372015  -0.00167440    -0.00417513  -0.00236763
    5    4
  0.00974030   0.00750190     0.00044701   0.00248436     0.00044701   0.00248436
  0.00044701   0.00248436     0.00128090   0.00566641     0.00306804   0.00008215
  0.00044701   0.00248436     0.00306804   0.00008215     0.00128090   0.00566641
    5    5
  0.04474299   0.00000000    -0.00112853  -0.00286171    -0.00112853  -0.00286171
 -0.00112853   0.00286171     0.03344728  -0.00000000     0.00581166   0.00000000
 -0.00112853   0.00286171     0.00581166   0.00000000     0.03344728   0.00000000
    5    6
  0.00856320  -0.01483189    -0.00193209   0.00204042     0.00139416  -0.00469686
 -0.00080101   0.00269345     0.00426437  -0.00738611     0.00021423  -0.00120791
 -0.00337052   0.00355581    -0.00093897   0.00078948    -0.00830860   0.01439092
    5    7
  0.00240761   0.01720724    -0.00052566   0.00067612     0.00063992  -0.00153486
 -0.00052566   0.00067612    -0.00634341   0.00528634    -0.00010065  -0.00101062
 -0.00063992   0.00153486     0.00010065   0.00101062     0.00124521  -0.00330911
    5    8
  0.00856320  -0.01483189     0.00139416  -0.00469686    -0.00193209   0.00204042
 -0.00337052   0.00355581    -0.00830860   0.01439092    -0.00093897   0.00078948
 -0.00080101   0.00269345     0.00021423  -0.00120791     0.00426437  -0.00738611
    5    9
  0.00240761   0.01720724     0.00063992  -0.00153486    -0.00052566   0.00067612
 -0.00063992   0.00153486     0.00124521  -0.00330911     0.00010065   0.00101062
 -0.00052566   0.00067612    -0.00010065  -0.00101062    -0.00634341   0.00528634
    5   10
  0.01487490   0.01876289     0.00513636   0.00178289     0.00513636   0.00178289
 -0.00513636  -0.00178289     0.00702742  -0.00907670     0.00653662   0.00122574
 -0.00513636  -0.00178289     0.00653662   0.00122574     0.00702742  -0.00907670
    5   11
  0.01728881  -0.00000000     0.00033069   0.00128069     0.00033069   0.00128069
 -0.00033069   0.00128069    -0.00815599  -0.00000000     0.00105375   0.00000000
 -0.00033069   0.00128069     0.00105375   0.00000000    -0.00815599  -0.00000000
    6    1
 -0.02765527  -0.04137676     0.00949577   0.00661758    -0.00949577  -0.00661758
  0.00227840   0.00247138    -0.00557422   0.00342661    -0.00931979  -0.00605396
 -0.00227840  -0.00247138    -0.00931979  -0.00605396    -0.00557422   0.00342661
    6    2
  0.00126692   0.00516050     0.00206169  -0.00034076    -0.00206169   0.00034076
 -0.00318953   0.00322728     0.00413800  -0.00243195    -0.00331014   0.00238455
  0.00318953  -0.00322728    -0.00331014   0.00238455     0.00413800  -0.00243195
    6    3
 -0.01126911  -0.00161833    -0.00648035   0.00228613     0.00648035  -0.00228613
 -0.01563966  -0.00457615    -0.00424104   0.00030905     0.00984936  -0.00169776
  0.01563966   0.00457615     0.00984936  -0.00169776    -0.00424104   0.00030905
    6    4
  0.00240761   0.01720724    -0.00052566   0.00067612    -0.00063992   0.00153486
 -0.00052566   0.00067612    -0.00634341   0.00528634     0.00010065   0.00101062
  0.00063992  -0.00153486    -0.00010065  -0.00101062     0.00124521  -0.00330911
    6    5
  0.00856320   0.01483189    -0.00080101  -0.00269345    -0.00337052  -0.00355581
 -0.00193209  -0.00204042     0.00426437   0.00738611    -0.00093897  -0.00078948
  0.00139416   0.00469686     0.00021423   0.00120791    -0.00830860  -0.01439092
    6    6
  0.04474299   0.00000000    -0.00112853  -0.00286171     0.00112853   0.00286171
 -0.00112853   0.00286171     0.03344728   0.00000000    -0.00581166  -0.00000000
  0.00112853  -0.00286171    -0.00581166  -0.00000000     0.03344728   0.00000000
    6    7
 -0.01136699   0.00468440    -0.00237502  -0.00085506     0.00237502   0.00085506
 -0.00237502  -0.00085506    -0.00554771  -0.00172391     0.00160517  -0.00261593
  0.00237502   0.00085506     0.00160517  -0.00261593    -0.00554771  -0.00172391
    6    8
  0.01728881   0.00000000     0.00033069   0.00128069    -0.00033069  -0.00128069
 -0.00033069   0.00128069    -0.00815599   0.00000000    -0.00105375  -0.00000000
  0.00033069  -0.00128069    -0.00105375  -0.00000000    -0.00815599   0.00000000
    6    9
 -0.02368659   0.00350060    -0.00411220   0.00355677     0.00411220  -0.00355677
  0.00411220  -0.00355677     0.00434694   0.01062428     0.00432983  -0.00504801
 -0.00411220   0.00355677     0.00432983  -0.00504801     0.00434694   0.01062428
    6   10
  0.00240761   0.01720724     0.00063992  -0.00153486     0.00052566  -0.00067612
 -0.00063992   0.00153486     0.00124521  -0.00330911    -0.00010065  -0.00101062
  0.00052566  -0.00067612     0.00010065   0.00101062    -0.00634341   0.00528634
    6   11
  0.00856320   0.01483189     0.00337052   0.00355581     0.00080101   0.00269345
 -0.00139416  -0.00469686    -0.00830860  -0.01439092     0.00021423   0.00120791
  0.00193209   0.00204042    -0.00093897  -0.00078948     0.00426437   0.00738611
    7    1
 -0.02765527   0.04137676     0.00949577  -0.00661758    -0.00949577   0.00661758
  0.00227840  -0.00247138    -0.00557422  -0.00342661    -0.00931979   0.00605396
 -0.00227840   0.00247138    -0.00931979   0.00605396    -0.00557422  -0.00342661
    7    2
 -0.01126911   0.00161833    -0.00648035  -0.00228613     0.00648035   0.00228613
 -0.01563966   0.00457615    -0.00424104  -0.00030905     0.00984936   0.00169776
  0.01563966  -0.00457615     0.00984936   0.00169776    -0.00424104  -0.00030905
    7    3
  0.00126692  -0.00516050     0.00206169   0.00034076    -0.00206169  -0.00034076
 -0.00318953  -0.00322728     0.00413800   0.00243195    -0.00331014  -0.00238455
  0.00318953   0.00322728    -0.00331014  -0.00238455     0.00413800   0.00243195
    7    4
  0.00856320  -0.01483189    -0.00080101   0.00269345    -0.00337052   0.00355581
 -0.00193209   0.00204042     0.00426437  -0.00738611    -0.00093897   0.00078948
  0.00139416  -0.00469686     0.00021423  -0.00120791    -0.00830860   0.01439092
    7    5
  0.00240761  -0.01720724    -0.00052566  -0.00067612    -0.00063992  -0.00153486
 -0.00052566  -0.00067612    -0.00634341  -0.00528634     0.00010065  -0.00101062
  0.00063992   0.00153486    -0.00010065   0.00101062     0.00124521   0.00330911
    7    6
 -0.01136699  -0.00468440    -0.00237502   0.00085506     0.00237502  -0.00085506
 -0.00237502   0.00085506    -0.00554771   0.00172391     0.00160517   0.00261593
  0.00237502  -0.00085506     0.00160517   0.00261593    -0.00554771   0.00172391
    7    7
  0.04474299  -0.00000000    -0.00112853   0.00286171     0.00112853  -0.00286171
 -0.00112853  -0.00286171     0.03344728  -0.00000000    -0.00581166   0.00000000
  0.00112853   0.00286171    -0.00581166   0.00000000     0.03344728  -0.00000000
    7    8
 -0.02368659  -0.00350060    -0.00411220  -0.00355677     0.00411220   0.00355677
  0.00411220   0.00355677     0.00434694  -0.01062428     0.00432983   0.00504801
 -0.00411220  -0.00355677     0.00432983   0.00504801     0.00434694  -0.01062428
    7    9
  0.01728881  -0.00000000     0.00033069  -0.00128069    -0.00033069   0.00128069
 -0.00033069  -0.00128069    -0.00815599   0.00000000    -0.00105375   0.00000000
  0.00033069   0.00128069    -0.00105375   0.00000000    -0.00815599   0.00000000
    7   10
  0.00856320  -0.01483189     0.00337052  -0.00355581     0.00080101  -0.00269345
 -0.00139416   0.00469686    -0.00830860   0.01439092     0.00021423  -0.00120791
  0.00193209  -0.00204042    -0.00093897   0.00078948     0.00426437  -0.00738611
    7   11
  0.00240761  -0.01720724     0.00063992   0.00153486     0.00052566   0.00067612
 -0.00063992  -0.00153486     0.00124521   0.00330911    -0.00010065   0.00101062
  0.00052566   0.00067612     0.00010065  -0.00101062    -0.00634341  -0.00528634
    8    1
 -0.02765527  -0.04137676    -0.00949577  -0.00661758     0.00949577   0.00661758
 -0.00227840  -0.00247138    -0.00557422   0.00342661    -0.00931979  -0.00605396
  0.00227840   0.00247138    -0.00931979  -0.00605396    -0.00557422   0.00342661
    8    2
  0.00126692   0.00516050    -0.00206169   0.00034076     0.00206169  -0.00034076
  0.00318953  -0.00322728     0.00413800  -0.00243195    -0.00331014   0.00238455
 -0.00318953   0.00322728    -0.00331014   0.00238455     0.00413800  -0.00243195
    8    3
 -0.01126911  -0.00161833     0.00648035  -0.00228613    -0.00648035   0.00228613
  0.01563966   0.00457615    -0.00424104   0.00030905     0.00984936  -0.00169776
 -0.01563966  -0.00457615     0.00984936  -0.00169776    -0.00424104   0.00030905
    8    4
  0.00240761   0.01720724    -0.00063992   0.00153486    -0.00052566   0.00067612
  0.00063992  -0.00153486     0.00124521  -0.00330911    -0.00010065  -0.00101062
 -0.00052566   0.00067612     0.00010065   0.00101062    -0.00634341   0.00528634
    8    5
  0.00856320   0.01483189    -0.00337052  -0.00355581    -0.00080101  -0.00269345
  0.00139416   0.00469686    -0.00830860  -0.01439092     0.00021423   0.00120791
 -0.00193209  -0.00204042    -0.00093897  -0.00078948     0.00426437   0.00738611
    8    6
  0.01728881   0.00000000    -0.00033069  -0.00128069     0.00033069   0.00128069
  0.00033069  -0.00128069    -0.00815599   0.00000000    -0.00105375  -0.00000000
 -0.00033069   0.00128069    -0.00105375  -0.00000000    -0.00815599   0.00000000
    8    7
 -0.02368659   0.00350060     0.00411220  -0.00355677    -0.00411220   0.00355677
 -0.00411220   0.00355677     0.00434694   0.01062428     0.00432983  -0.00504801
  0.00411220  -0.00355677     0.00432983  -0.00504801     0.00434694   0.01062428
    8    8
  0.04474299   0.00000000     0.00112853   0.00286171    -0.00112853  -0.00286171
  0.00112853  -0.00286171     0.03344728   0.00000000    -0.00581166  -0.00000000
 -0.00112853   0.00286171    -0.00581166  -0.00000000     0.03344728   0.00000000
    8    9
 -0.01136699   0.00468440     0.00237502   0.00085506    -0.00237502  -0.00085506
  0.00237502   0.00085506    -0.00554771  -0.00172391     0.00160517  -0.00261593
 -0.00237502  -0.00085506     0.00160517  -0.00261593    -0.00554771  -0.00172391
    8   10
  0.00240761   0.01720724     0.00052566  -0.00067612     0.00063992  -0.00153486
  0.00052566  -0.00067612    -0.00634341   0.00528634     0.00010065   0.00101062
 -0.00063992   0.00153486    -0.00010065  -0.00101062     0.00124521  -0.00330911
    8   11
  0.00856320   0.01483189     0.00080101   0.00269345     0.00337052   0.00355581
  0.00193209   0.00204042     0.00426437   0.00738611    -0.00093897  -0.00078948
 -0.00139416  -0.00469686     0.00021423   0.00120791    -0.00830860  -0.01439092
    9    1
 -0.02765527   0.04137676    -0.00949577   0.00661758     0.00949577  -0.00661758
 -0.00227840   0.00247138    -0.00557422  -0.00342661    -0.00931979   0.00605396
  0.00227840  -0.00247138    -0.00931979   0.00605396    -0.00557422  -0.00342661
    9    2
 -0.01126911   0.00161833     0.00648035   0.00228613    -0.00648035  -0.00228613
  0.01563966  -0.00457615    -0.00424104  -0.00030905     0.00984936   0.00169776
 -0.01563966   0.00457615     0.00984936   0.00169776    -0.00424104  -0.00030905
    9    3
  0.00126692  -0.00516050    -0.00206169  -0.00034076     0.00206169   0.00034076
  0.00318953   0.00322728     0.00413800   0.00243195    -0.00331014  -0.00238455
 -0.00318953  -0.00322728    -0.00331014  -0.00238455     0.00413800   0.00243195
    9    4
  0.00856320  -0.01483189    -0.00337052   0.00355581    -0.00080101   0.00269345
  0.00139416  -0.00469686    -0.00830860   0.01439092     0.00021423  -0.00120791
 -0.00193209   0.00204042    -0.00093897   0.00078948     0.00426437  -0.00738611
    9    5
  0.00240761  -0.01720724    -0.00063992  -0.00153486    -0.00052566  -0.00067612
  0.00063992   0.00153486     0.00124521   0.00330911    -0.00010065   0.00101062
 -0.00052566  -0.00067612     0.00010065  -0.00101062    -0.00634341  -0.00528634
    9    6
 -0.02368659  -0.00350060     0.00411220   0.00355677    -0.00411220  -0.00355677
 -0.00411220  -0.00355677     0.00434694  -0.01062428     0.00432983   0.00504801
  0.00411220   0.00355677     0.00432983   0.00504801     0.00434694  -0.01062428
    9    7
  0.01728881  -0.00000000    -0.00033069   0.00128069     0.00033069  -0.00128069
  0.00033069   0.00128069    -0.00815599   0.00000000    -0.00105375   0.00000000
 -0.00033069  -0.00128069    -0.00105375   0.00000000    -0.00815599   0.00000000
    9    8
 -0.01136699  -0.00468440     0.00237502  -0.00085506    -0.00237502   0.00085506
  0.00237502  -0.00085506    -0.00554771   0.00172391     0.00160517   0.00261593
 -0.00237502   0.00085506     0.00160517   0.00261593    -0.00554771   0.00172391
    9    9
  0.04474299  -0.00000000     0.00112853  -0.00286171    -0.00112853   0.00286171
  0.00112853   0.00286171     0.03344728  -0.00000000    -0.00581166   0.00000000
 -0.00112853  -0.00286171    -0.00581166   0.00000000     0.03344728  -0.00000000
    9   10
  0.00856320  -0.01483189     0.00080101  -0.00269345     0.00337052  -0.00355581
  0.00193209  -0.00204042     0.00426437  -0.00738611    -0.00093897   0.00078948
 -0.00139416   0.00469686     0.00021423  -0.00120791    -0.00830860   0.01439092
    9   11
  0.00240761  -0.01720724     0.00052566   0.00067612     0.00063992   0.00153486
  0.00052566   0.00067612    -0.00634341  -0.00528634     0.00010065  -0.00101062
 -0.00063992  -0.00153486    -0.00010065   0.00101062     0.00124521   0.00330911
   10    1
 -0.04966096  -0.00326179    -0.01047888  -0.00491479    -0.01047888  -0.00491479
 -0.00327948  -0.00073746     0.00018042  -0.00654072     0.00990278   0.00504419
 -0.00327948  -0.00073746     0.00990278   0.00504419     0.00018042  -0.00654072
   10    2
  0.00383567   0.00367744     0.00132595  -0.00161510     0.00132595  -0.00161510
 -0.00438967   0.00114857    -0.00417513   0.00236763    -0.00372015   0.00167440
 -0.00438967   0.00114857    -0.00372015   0.00167440    -0.00417513   0.00236763
   10    3
 -0.01126911   0.00161833     0.00648035   0.00228613     0.00648035   0.00228613
  0.01563966  -0.00457615    -0.00424104  -0.00030905    -0.00984936  -0.00169776
  0.01563966  -0.00457615    -0.00984936  -0.00169776    -0.00424104  -0.00030905
   10    4
  0.01728881  -0.00000000    -0.00033069   0.00128069    -0.00033069   0.00128069
  0.00033069   0.00128069    -0.00815599   0.00000000     0.00105375  -0.00000000
  0.00033069   0.00128069     0.00105375   0.00000000    -0.00815599   0.00000000
   10    5
  0.01487490  -0.01876289    -0.00513636   0.00178289    -0.00513636   0.00178289
  0.00513636  -0.00178289     0.00702742   0.00907670     0.00653662  -0.00122574
  0.00513636  -0.00178289     0.00653662  -0.00122574     0.00702742   0.00907670
   10    6
  0.00240761  -0.01720724    -0.00063992  -0.00153486     0.00052566   0.00067612
  0.00063992   0.00153486     0.00124521   0.00330911     0.00010065  -0.00101062
  0.00052566   0.00067612    -0.00010065   0.00101062    -0.00634341  -0.00528634
   10    7
  0.00856320   0.01483189    -0.00139416  -0.00469686     0.00193209   0.00204042
  0.00337052   0.00355581    -0.00830860  -0.01439092    -0.00093897  -0.00078948
  0.00080101   0.00269345     0.00021423   0.00120791     0.00426437   0.00738611
   10    8
  0.00240761  -0.01720724     0.00052566   0.00067612    -0.00063992  -0.00153486
  0.00052566   0.00067612    -0.00634341  -0.00528634    -0.00010065   0.00101062
  0.00063992   0.00153486     0.00010065  -0.00101062     0.00124521   0.00330911
   10    9
  0.00856320   0.01483189     0.00193209   0.00204042    -0.00139416  -0.00469686
  0.00080101   0.00269345     0.00426437   0.00738611     0.00021423   0.00120791
  0.00337052   0.00355581    -0.00093897  -0.00078948    -0.00830860  -0.01439092
   10   10
  0.04474299  -0.00000000     0.00112853  -0.00286171     0.00112853  -0.00286171
  0.00112853   0.00286171     0.03344728  -0.00000000     0.00581166  -0.00000000
  0.00112853   0.00286171     0.00581166  -0.00000000     0.03344728   0.00000000
   10   11
  0.00974030  -0.00750190    -0.00044701   0.00248436    -0.00044701   0.00248436
 -0.00044701   0.00248436     0.00128090  -0.00566641     0.00306804  -0.00008215
 -0.00044701   0.00248436     0.00306804  -0.00008215     0.00128090  -0.00566641
   11    1
 -0.04966096   0.00326179    -0.01047888   0.00491479    -0.01047888   0.00491479
 -0.00327948   0.00073746     0.00018042   0.00654072     0.00990278  -0.00504419
 -0.00327948   0.00073746     0.00990278  -0.00504419     0.00018042   0.00654072
   11    2
 -0.01126911  -0.00161833     0.00648035  -0.00228613     0.00648035  -0.00228613
  0.01563966   0.00457615    -0.00424104   0.00030905    -0.00984936   0.00169776
  0.01563966   0.00457615    -0.00984936   0.00169776    -0.00424104   0.00030905
   11    3
  0.00383567  -0.00367744     0.00132595   0.00161510     0.00132595   0.00161510
 -0.00438967  -0.00114857    -0.00417513  -0.00236763    -0.00372015  -0.00167440
 -0.00438967  -0.00114857    -0.00372015  -0.00167440    -0.00417513  -0.00236763
   11    4
  0.01487490   0.01876289    -0.00513636  -0.00178289    -0.00513636  -0.00178289
  0.00513636   0.00178289     0.00702742  -0.00907670     0.00653662   0.00122574
  0.00513636   0.00178289     0.00653662   0.00122574     0.00702742  -0.00907670
   11    5
  0.01728881   0.00000000    -0.00033069  -0.00128069    -0.00033069  -0.00128069
  0.00033069  -0.00128069    -0.00815599  -0.00000000     0.00105375  -0.00000000
  0.00033069  -0.00128069     0.00105375  -0.00000000    -0.00815599  -0.00000000
   11    6
  0.00856320  -0.01483189    -0.00139416   0.00469686     0.00193209  -0.00204042
  0.00337052  -0.00355581    -0.00830860   0.01439092    -0.00093897   0.00078948
  0.00080101  -0.00269345     0.00021423  -0.00120791     0.00426437  -0.00738611
   11    7
  0.00240761   0.01720724    -0.00063992   0.00153486     0.00052566  -0.00067612
  0.00063992  -0.00153486     0.00124521  -0.00330911     0.00010065   0.00101062
  0.00052566  -0.00067612    -0.00010065  -0.00101062    -0.00634341   0.00528634
   11    8
  0.00856320  -0.01483189     0.00193209  -0.00204042    -0.00139416   0.00469686
  0.00080101  -0.00269345     0.00426437  -0.00738611     0.00021423  -0.00120791
  0.00337052  -0.00355581    -0.00093897   0.00078948    -0.00830860   0.01439092
   11    9
  0.00240761   0.01720724     0.00052566  -0.00067612    -0.00063992   0.00153486
  0.00052566  -0.00067612    -0.00634341   0.00528634    -0.00010065  -0.00101062
  0.00063992  -0.00153486     0.00010065   0.00101062     0.00124521  -0.00330911
   11   10
  0.00974030   0.00750190    -0.00044701  -0.00248436    -0.00044701  -0.00248436
 -0.00044701  -0.00248436     0.00128090   0.00566641     0.00306804   0.00008215
 -0.00044701  -0.00248436     0.00306804   0.00008215     0.00128090   0.00566641
   11   11
  0.04474299   0.00000000     0.00112853   0.00286171     0.00112853   0.00286171
  0.00112853  -0.00286171     0.03344728   0.00000000     0.00581166   0.00000000
  0.00112853  -0.00286171     0.00581166   0.00000000     0.03344728  -0.00000000

     Dynamical  Matrix in cartesian axes

     q = (   -0.235702260   0.000000000   0.000000000 ) 

    1    1
  0.35305293   0.00000000     0.00000000   0.00000000    -0.00000000   0.00000000
 -0.00000000   0.00000000     0.09066071   0.00000000    -0.00000000   0.00000000
 -0.00000000   0.00000000    -0.00000000   0.00000000     0.09066071   0.00000000
    1    2
  0.04363072  -0.02519021    -0.00000000   0.00000000     0.00000000   0.00000000
 -0.00000000  -0.00000000    -0.01482780   0.00856084    -0.00570232  -0.00987670
  0.00000000  -0.00000000    -0.00570232  -0.00987670    -0.01482780   0.00856084
    1    3
  0.04363072   0.02519021    -0.00000000   0.00000000     0.00000000   0.00000000
 -0.00000000   0.00000000    -0.01482780  -0.00856084    -0.00570232   0.00987670
  0.00000000   0.00000000    -0.00570232   0.00987670    -0.01482780  -0.00856084
    1    4
 -0.04966096  -0.00326179     0.00327948   0.00073746     0.00327948   0.00073746
  0.01047888   0.00491479     0.00018042  -0.00654072     0.00990278   0.00504419
  0.01047888   0.00491479     0.00990278   0.00504419     0.00018042  -0.00654072
    1    5
 -0.04966096   0.00326179     0.00327948  -0.00073746     0.00327948  -0.00073746
  0.01047888  -0.00491479     0.00018042   0.00654072     0.00990278  -0.00504419
  0.01047888  -0.00491479     0.00990278  -0.00504419     0.00018042   0.00654072
    1    6
 -0.02765527  -0.04137676     0.00227840   0.00247138    -0.00227840  -0.00247138
  0.00949577   0.00661758    -0.00557422   0.00342661    -0.00931979  -0.00605396
 -0.00949577  -0.00661758    -0.00931979  -0.00605396    -0.00557422   0.00342661
    1    7
 -0.02765527   0.04137676     0.00227840  -0.00247138    -0.00227840   0.00247138
  0.00949577  -0.00661758    -0.00557422  -0.00342661    -0.00931979   0.00605396
 -0.00949577   0.00661758    -0.00931979   0.00605396    -0.00557422  -0.00342661
    1    8
 -0.02765527  -0.04137676    -0.00227840  -0.00247138     0.00227840   0.00247138
 -0.00949577  -0.00661758    -0.00557422   0.00342661    -0.00931979  -0.00605396
  0.00949577   0.00661758    -0.00931979  -0.00605396    -0.00557422   0.00342661
    1    9
 -0.02765527   0.04137676    -0.00227840   0.00247138     0.00227840  -0.00247138
 -0.00949577   0.00661758    -0.00557422  -0.00342661    -0.00931979   0.00605396
  0.00949577  -0.00661758    -0.00931979   0.00605396    -0.00557422  -0.00342661
    1   10
 -0.04966096  -0.00326179    -0.00327948  -0.00073746    -0.00327948  -0.00073746
 -0.01047888  -0.00491479     0.00018042  -0.00654072     0.00990278   0.00504419
 -0.01047888  -0.00491479     0.00990278   0.00504419     0.00018042  -0.00654072
    1   11
 -0.04966096   0.00326179    -0.00327948   0.00073746    -0.00327948   0.00073746
 -0.01047888   0.00491479     0.00018042   0.00654072     0.00990278  -0.00504419
 -0.01047888   0.00491479     0.00990278  -0.00504419     0.00018042   0.00654072
    2    1
  0.04363072   0.02519021     0.00000000   0.00000000    -0.00000000  -0.00000000
  0.00000000   0.00000000    -0.01482780  -0.00856084    -0.00570232   0.00987670
 -0.00000000  -0.00000000    -0.00570232   0.00987670    -0.01482780  -0.00856084
    2    2
  0.07387893   0.00000000     0.00000000  -0.00000000    -0.00000000  -0.00000000
 -0.00000000  -0.00000000     0.02810799  -0.00000000    -0.00000000  -0.00000000
  0.00000000  -0.00000000    -0.00000000  -0.00000000     0.02810799   0.00000000
    2    3
 -0.00411364  -0.00712503    -0.00000000   0.00000000     0.00000000  -0.00000000
 -0.00000000   0.00000000    -0.00492172  -0.00852467     0.00640162  -0.00369597
  0.00000000  -0.00000000     0.00640162  -0.00369597    -0.00492172  -0.00852467
    2    4
  0.00383567   0.00367744     0.00438967  -0.00114857     0.00438967  -0.00114857
 -0.00132595   0.00161510    -0.00417513   0.00236763    -0.00372015   0.00167440
 -0.00132595   0.00161510    -0.00372015   0.00167440    -0.00417513   0.00236763
    2    5
 -0.01126911  -0.00161833    -0.01563966  -0.00457615    -0.01563966  -0.00457615
 -0.00648035   0.00228613    -0.00424104   0.00030905    -0.00984936   0.00169776
 -0.00648035   0.00228613    -0.00984936   0.00169776    -0.00424104   0.00030905
    2    6
  0.00126692   0.00516050    -0.00318953   0.00322728     0.00318953  -0.00322728
  0.00206169  -0.00034076     0.00413800  -0.00243195    -0.00331014   0.00238455
 -0.00206169   0.00034076    -0.00331014   0.00238455     0.00413800  -0.00243195
    2    7
 -0.01126911   0.00161833    -0.01563966   0.00457615     0.01563966  -0.00457615
 -0.00648035  -0.00228613    -0.00424104  -0.00030905     0.00984936   0.00169776
  0.00648035   0.00228613     0.00984936   0.00169776    -0.00424104  -0.00030905
    2    8
  0.00126692   0.00516050     0.00318953  -0.00322728    -0.00318953   0.00322728
 -0.00206169   0.00034076     0.00413800  -0.00243195    -0.00331014   0.00238455
  0.00206169  -0.00034076    -0.00331014   0.00238455     0.00413800  -0.00243195
    2    9
 -0.01126911   0.00161833     0.01563966  -0.00457615    -0.01563966   0.00457615
  0.00648035   0.00228613    -0.00424104  -0.00030905     0.00984936   0.00169776
 -0.00648035  -0.00228613     0.00984936   0.00169776    -0.00424104  -0.00030905
    2   10
  0.00383567   0.00367744    -0.00438967   0.00114857    -0.00438967   0.00114857
  0.00132595  -0.00161510    -0.00417513   0.00236763    -0.00372015   0.00167440
  0.00132595  -0.00161510    -0.00372015   0.00167440    -0.00417513   0.00236763
    2   11
 -0.01126911  -0.00161833     0.01563966   0.00457615     0.01563966   0.00457615
  0.00648035  -0.00228613    -0.00424104   0.00030905    -0.00984936   0.00169776
  0.00648035  -0.00228613    -0.00984936   0.00169776    -0.00424104   0.00030905
    3    1
  0.04363072  -0.02519021    -0.00000000   0.00000000     0.00000000  -0.00000000
 -0.00000000  -0.00000000    -0.01482780   0.00856084    -0.00570232  -0.00987670
  0.00000000   0.00000000    -0.00570232  -0.00987670    -0.01482780   0.00856084
    3    2
 -0.00411364   0.00712503    -0.00000000  -0.00000000     0.00000000   0.00000000
 -0.00000000  -0.00000000    -0.00492172   0.00852467     0.00640162   0.00369597
  0.00000000   0.00000000     0.00640162   0.00369597    -0.00492172   0.00852467
    3    3
  0.07387893  -0.00000000     0.00000000   0.00000000    -0.00000000   0.00000000
 -0.00000000   0.00000000     0.02810799   0.00000000    -0.00000000   0.00000000
  0.00000000   0.00000000    -0.00000000   0.00000000     0.02810799  -0.00000000
    3    4
 -0.01126911   0.00161833    -0.01563966   0.00457615    -0.01563966   0.00457615
 -0.00648035  -0.00228613    -0.00424104  -0.00030905    -0.00984936  -0.00169776
 -0.00648035  -0.00228613    -0.00984936  -0.00169776    -0.00424104  -0.00030905
    3    5
  0.00383567  -0.00367744     0.00438967   0.00114857     0.00438967   0.00114857
 -0.00132595  -0.00161510    -0.00417513  -0.00236763    -0.00372015  -0.00167440
 -0.00132595  -0.00161510    -0.00372015  -0.00167440    -0.00417513  -0.00236763
    3    6
 -0.01126911  -0.00161833    -0.01563966  -0.00457615     0.01563966   0.00457615
 -0.00648035   0.00228613    -0.00424104   0.00030905     0.00984936  -0.00169776
  0.00648035  -0.00228613     0.00984936  -0.00169776    -0.00424104   0.00030905
    3    7
  0.00126692  -0.00516050    -0.00318953  -0.00322728     0.00318953   0.00322728
  0.00206169   0.00034076     0.00413800   0.00243195    -0.00331014  -0.00238455
 -0.00206169  -0.00034076    -0.00331014  -0.00238455     0.00413800   0.00243195
    3    8
 -0.01126911  -0.00161833     0.01563966   0.00457615    -0.01563966  -0.00457615
  0.00648035  -0.00228613    -0.00424104   0.00030905     0.00984936  -0.00169776
 -0.00648035   0.00228613     0.00984936  -0.00169776    -0.00424104   0.00030905
    3    9
  0.00126692  -0.00516050     0.00318953   0.00322728    -0.00318953  -0.00322728
 -0.00206169  -0.00034076     0.00413800   0.00243195    -0.00331014  -0.00238455
  0.00206169   0.00034076    -0.00331014  -0.00238455     0.00413800   0.00243195
    3   10
 -0.01126911   0.00161833     0.01563966  -0.00457615     0.01563966  -0.00457615
  0.00648035   0.00228613    -0.00424104  -0.00030905    -0.00984936  -0.00169776
  0.00648035   0.00228613    -0.00984936  -0.00169776    -0.00424104  -0.00030905
    3   11
  0.00383567  -0.00367744    -0.00438967  -0.00114857    -0.00438967  -0.00114857
  0.00132595   0.00161510    -0.00417513  -0.00236763    -0.00372015  -0.00167440
  0.00132595   0.00161510    -0.00372015  -0.00167440    -0.00417513  -0.00236763
    4    1
 -0.04966096   0.00326179     0.01047888  -0.00491479     0.01047888  -0.00491479
