  5.000000000000000E-003   1.62511788006490        4.79468378787768     
           6

     Dynamical  Matrix in cartesian axes

     q = (    0.235702260   0.000000000   0.000000000 ) 

    1    1
  1.16778343   0.00000000     0.00000000   0.00000000     0.00000000   0.00000000
  0.00000000   0.00000000     0.11023201   0.00000000    -0.00000000   0.00000000
  0.00000000   0.00000000    -0.00000000   0.00000000     0.11023201   0.00000000
    1    2
  0.11835535   0.06833249     0.00000000   0.00000000    -0.00000000  -0.00000000
  0.00000000   0.00000000    -0.01375140  -0.00793938    -0.00904691   0.01566972
 -0.00000000  -0.00000000    -0.00904691   0.01566972    -0.01375140  -0.00793938
    1    3
  0.11835535  -0.06833249     0.00000000  -0.00000000    -0.00000000   0.00000000
  0.00000000  -0.00000000    -0.01375140   0.00793938    -0.00904691  -0.01566972
 -0.00000000   0.00000000    -0.00904691  -0.01566972    -0.01375140   0.00793938
    1    4
 -0.21025105   0.02041257     0.00131691  -0.04096097     0.00131691  -0.04096097
  0.01079909  -0.00110380    -0.00390316   0.01105734     0.01058241  -0.00686748
  0.01079909  -0.00110380     0.01058241  -0.00686748    -0.00390316   0.01105734
    1    5
 -0.21025105  -0.02041257     0.00131691   0.04096097     0.00131691   0.04096097
  0.01079909   0.00110380    -0.00390316  -0.01105734     0.01058241   0.00686748
  0.01079909   0.00110380     0.01058241   0.00686748    -0.00390316  -0.01105734
    1    6
 -0.12280333   0.17187647     0.03613170   0.01934001    -0.03613170  -0.01934001
  0.00635546  -0.00880039    -0.01152752  -0.00214843    -0.01123862   0.00573090
 -0.00635546   0.00880039    -0.01123862   0.00573090    -0.01152752  -0.00214843
    1    7
 -0.12280333  -0.17187647     0.03613170  -0.01934001    -0.03613170   0.01934001
  0.00635546   0.00880039    -0.01152752   0.00214843    -0.01123862  -0.00573090
 -0.00635546  -0.00880039    -0.01123862  -0.00573090    -0.01152752   0.00214843
    1    8
 -0.12280333   0.17187647    -0.03613170  -0.01934001     0.03613170   0.01934001
 -0.00635546   0.00880039    -0.01152752  -0.00214843    -0.01123862   0.00573090
  0.00635546  -0.00880039    -0.01123862   0.00573090    -0.01152752  -0.00214843
    1    9
 -0.12280333  -0.17187647    -0.03613170   0.01934001     0.03613170  -0.01934001
 -0.00635546  -0.00880039    -0.01152752   0.00214843    -0.01123862  -0.00573090
  0.00635546   0.00880039    -0.01123862  -0.00573090    -0.01152752   0.00214843
    1   10
 -0.21025105   0.02041257    -0.00131691   0.04096097    -0.00131691   0.04096097
 -0.01079909   0.00110380    -0.00390316   0.01105734     0.01058241  -0.00686748
 -0.01079909   0.00110380     0.01058241  -0.00686748    -0.00390316   0.01105734
    1   11
 -0.21025105  -0.02041257    -0.00131691  -0.04096097    -0.00131691  -0.04096097
 -0.01079909  -0.00110380    -0.00390316  -0.01105734     0.01058241   0.00686748
 -0.01079909  -0.00110380     0.01058241   0.00686748    -0.00390316  -0.01105734
    2    1
  0.11835535  -0.06833249     0.00000000   0.00000000     0.00000000  -0.00000000
  0.00000000  -0.00000000    -0.01375140   0.00793938    -0.00904691  -0.01566972
 -0.00000000   0.00000000    -0.00904691  -0.01566972    -0.01375140   0.00793938
    2    2
  0.11070794   0.00000000     0.00000000  -0.00000000     0.00000000   0.00000000
  0.00000000  -0.00000000     0.01561899   0.00000000     0.00000000   0.00000000
  0.00000000   0.00000000     0.00000000   0.00000000     0.01561899  -0.00000000
    2    3
  0.01602978  -0.02776439     0.00000000   0.00000000     0.00000000  -0.00000000
  0.00000000  -0.00000000    -0.00344412   0.00596538     0.00620116   0.00358024
  0.00000000   0.00000000     0.00620116   0.00358024    -0.00344412   0.00596538
    2    4
 -0.01879401  -0.00017753    -0.00915952   0.00230390    -0.00915952   0.00230390
 -0.00103125  -0.00005141    -0.00399425  -0.00215640     0.00171100  -0.00179751
 -0.00103125  -0.00005141     0.00171100  -0.00179751    -0.00399425  -0.00215640
    2    5
 -0.02684457   0.01438521    -0.02462902   0.01402829    -0.02462902   0.01402829
 -0.00503536  -0.00108510     0.00113076  -0.00116353    -0.00563625   0.00179887
 -0.00503536  -0.00108510    -0.00563625   0.00179887     0.00113076  -0.00116353
    2    6
  0.00955075   0.01618733     0.00258452   0.00908433    -0.00258452  -0.00908433
  0.00056015   0.00086738     0.00386462   0.00238092    -0.00070119   0.00238052
 -0.00056015  -0.00086738    -0.00070119   0.00238052     0.00386462   0.00238092
    2    7
 -0.02684457  -0.01438521    -0.02462902  -0.01402829     0.02462902   0.01402829
 -0.00503536   0.00108510     0.00113076   0.00116353     0.00563625   0.00179887
  0.00503536  -0.00108510     0.00563625   0.00179887     0.00113076   0.00116353
    2    8
  0.00955075   0.01618733    -0.00258452  -0.00908433     0.00258452   0.00908433
 -0.00056015  -0.00086738     0.00386462   0.00238092    -0.00070119   0.00238052
  0.00056015   0.00086738    -0.00070119   0.00238052     0.00386462   0.00238092
    2    9
 -0.02684457  -0.01438521     0.02462902   0.01402829    -0.02462902  -0.01402829
  0.00503536  -0.00108510     0.00113076   0.00116353     0.00563625   0.00179887
 -0.00503536   0.00108510     0.00563625   0.00179887     0.00113076   0.00116353
    2   10
 -0.01879401  -0.00017753     0.00915952  -0.00230390     0.00915952  -0.00230390
  0.00103125   0.00005141    -0.00399425  -0.00215640     0.00171100  -0.00179751
  0.00103125   0.00005141     0.00171100  -0.00179751    -0.00399425  -0.00215640
    2   11
 -0.02684457   0.01438521     0.02462902  -0.01402829     0.02462902  -0.01402829
  0.00503536   0.00108510     0.00113076  -0.00116353    -0.00563625   0.00179887
  0.00503536   0.00108510    -0.00563625   0.00179887     0.00113076  -0.00116353
    3    1
  0.11835535   0.06833249     0.00000000  -0.00000000     0.00000000   0.00000000
  0.00000000   0.00000000    -0.01375140  -0.00793938    -0.00904691   0.01566972
 -0.00000000  -0.00000000    -0.00904691   0.01566972    -0.01375140  -0.00793938
    3    2
  0.01602978   0.02776439     0.00000000  -0.00000000     0.00000000   0.00000000
  0.00000000   0.00000000    -0.00344412  -0.00596538     0.00620116  -0.00358024
  0.00000000  -0.00000000     0.00620116  -0.00358024    -0.00344412  -0.00596538
    3    3
  0.11070794  -0.00000000     0.00000000   0.00000000     0.00000000  -0.00000000
  0.00000000   0.00000000     0.01561899  -0.00000000     0.00000000  -0.00000000
  0.00000000  -0.00000000     0.00000000  -0.00000000     0.01561899   0.00000000
    3    4
 -0.02684457  -0.01438521    -0.02462902  -0.01402829    -0.02462902  -0.01402829
 -0.00503536   0.00108510     0.00113076   0.00116353    -0.00563625  -0.00179887
 -0.00503536   0.00108510    -0.00563625  -0.00179887     0.00113076   0.00116353
    3    5
 -0.01879401   0.00017753    -0.00915952  -0.00230390    -0.00915952  -0.00230390
 -0.00103125   0.00005141    -0.00399425   0.00215640     0.00171100   0.00179751
 -0.00103125   0.00005141     0.00171100   0.00179751    -0.00399425   0.00215640
    3    6
 -0.02684457   0.01438521    -0.02462902   0.01402829     0.02462902  -0.01402829
 -0.00503536  -0.00108510     0.00113076  -0.00116353     0.00563625  -0.00179887
  0.00503536   0.00108510     0.00563625  -0.00179887     0.00113076  -0.00116353
    3    7
  0.00955075  -0.01618733     0.00258452  -0.00908433    -0.00258452   0.00908433
  0.00056015  -0.00086738     0.00386462  -0.00238092    -0.00070119  -0.00238052
 -0.00056015   0.00086738    -0.00070119  -0.00238052     0.00386462  -0.00238092
    3    8
 -0.02684457   0.01438521     0.02462902  -0.01402829    -0.02462902   0.01402829
  0.00503536   0.00108510     0.00113076  -0.00116353     0.00563625  -0.00179887
 -0.00503536  -0.00108510     0.00563625  -0.00179887     0.00113076  -0.00116353
    3    9
  0.00955075  -0.01618733    -0.00258452   0.00908433     0.00258452  -0.00908433
 -0.00056015   0.00086738     0.00386462  -0.00238092    -0.00070119  -0.00238052
  0.00056015  -0.00086738    -0.00070119  -0.00238052     0.00386462  -0.00238092
    3   10
 -0.02684457  -0.01438521     0.02462902   0.01402829     0.02462902   0.01402829
  0.00503536  -0.00108510     0.00113076   0.00116353    -0.00563625  -0.00179887
  0.00503536  -0.00108510    -0.00563625  -0.00179887     0.00113076   0.00116353
    3   11
 -0.01879401   0.00017753     0.00915952   0.00230390     0.00915952   0.00230390
  0.00103125  -0.00005141    -0.00399425   0.00215640     0.00171100   0.00179751
  0.00103125  -0.00005141     0.00171100   0.00179751    -0.00399425   0.00215640
    4    1
 -0.21025105  -0.02041257     0.01079909   0.00110380     0.01079909   0.00110380
  0.00131691   0.04096097    -0.00390316  -0.01105734     0.01058241   0.00686748
  0.00131691   0.04096097     0.01058241   0.00686748    -0.00390316  -0.01105734
    4    2
 -0.01879401   0.00017753    -0.00103125   0.00005141    -0.00103125   0.00005141
 -0.00915952  -0.00230390    -0.00399425   0.00215640     0.00171100   0.00179751
 -0.00915952  -0.00230390     0.00171100   0.00179751    -0.00399425   0.00215640
    4    3
 -0.02684457   0.01438521    -0.00503536  -0.00108510    -0.00503536  -0.00108510
 -0.02462902   0.01402829     0.00113076  -0.00116353    -0.00563625   0.00179887
 -0.02462902   0.01402829    -0.00563625   0.00179887     0.00113076  -0.00116353
    4    4
  0.10474801   0.00000000    -0.00727414   0.00419128    -0.00727414   0.00419128
 -0.00727414  -0.00419128     0.04523782  -0.00000000    -0.00802319  -0.00000000
 -0.00727414  -0.00419128    -0.00802319   0.00000000     0.04523782  -0.00000000
    4    5
  0.05356441  -0.01983446     0.00307048  -0.00624597     0.00307048  -0.00624597
  0.00307048  -0.00624597     0.00453893  -0.00987166     0.00199894   0.00684913
  0.00307048  -0.00624597     0.00199894   0.00684913     0.00453893  -0.00987166
    4    6
  0.01450920  -0.05817202    -0.00359495   0.00007333     0.00133879   0.00728092
 -0.00359495   0.00007333    -0.00358830  -0.01465730    -0.01003330  -0.00315488
 -0.00133879  -0.00728092     0.01003330   0.00315488     0.00155272   0.01334038
    4    7
  0.03628368   0.06284518    -0.00594193  -0.00571886     0.00358230   0.01173579
 -0.00198172  -0.00800529     0.01247672   0.02161031     0.00581500   0.00873878
 -0.00837234  -0.00897026    -0.00466050  -0.00940533    -0.01526045  -0.02643187
    4    8
  0.01450920  -0.05817202     0.00133879   0.00728092    -0.00359495   0.00007333
 -0.00133879  -0.00728092     0.00155272   0.01334038     0.01003330   0.00315488
 -0.00359495   0.00007333    -0.01003330  -0.00315488    -0.00358830  -0.01465730
    4    9
  0.03628368   0.06284518     0.00358230   0.01173579    -0.00594193  -0.00571886
 -0.00837234  -0.00897026    -0.01526045  -0.02643187    -0.00466050  -0.00940533
 -0.00198172  -0.00800529     0.00581500   0.00873878     0.01247672   0.02161031
    4   10
  0.07972851   0.00000000     0.00342349  -0.00187985     0.00342349  -0.00187985
 -0.00342349  -0.00187985    -0.02640640   0.00000000     0.00361851   0.00000000
 -0.00342349  -0.00187985     0.00361851   0.00000000    -0.02640640   0.00000000
    4   11
  0.06447601  -0.02978097     0.00436182   0.00298866     0.00436182   0.00298866
 -0.00436182  -0.00298866    -0.00844779   0.01304122     0.00223314  -0.01318067
 -0.00436182  -0.00298866     0.00223314  -0.01318067    -0.00844779   0.01304122
    5    1
 -0.21025105   0.02041257     0.01079909  -0.00110380     0.01079909  -0.00110380
  0.00131691  -0.04096097    -0.00390316   0.01105734     0.01058241  -0.00686748
  0.00131691  -0.04096097     0.01058241  -0.00686748    -0.00390316   0.01105734
    5    2
 -0.02684457  -0.01438521    -0.00503536   0.00108510    -0.00503536   0.00108510
 -0.02462902  -0.01402829     0.00113076   0.00116353    -0.00563625  -0.00179887
 -0.02462902  -0.01402829    -0.00563625  -0.00179887     0.00113076   0.00116353
    5    3
 -0.01879401  -0.00017753    -0.00103125  -0.00005141    -0.00103125  -0.00005141
 -0.00915952   0.00230390    -0.00399425  -0.00215640     0.00171100  -0.00179751
 -0.00915952   0.00230390     0.00171100  -0.00179751    -0.00399425  -0.00215640
    5    4
  0.05356441   0.01983446     0.00307048   0.00624597     0.00307048   0.00624597
  0.00307048   0.00624597     0.00453893   0.00987166     0.00199894  -0.00684913
  0.00307048   0.00624597     0.00199894  -0.00684913     0.00453893   0.00987166
    5    5
  0.10474801  -0.00000000    -0.00727414  -0.00419128    -0.00727414  -0.00419128
 -0.00727414   0.00419128     0.04523782   0.00000000    -0.00802319   0.00000000
 -0.00727414   0.00419128    -0.00802319  -0.00000000     0.04523782   0.00000000
    5    6
  0.03628368  -0.06284518    -0.00594193   0.00571886     0.00358230  -0.01173579
 -0.00198172   0.00800529     0.01247672  -0.02161031     0.00581500  -0.00873878
 -0.00837234   0.00897026    -0.00466050   0.00940533    -0.01526045   0.02643187
    5    7
  0.01450920   0.05817202    -0.00359495  -0.00007333     0.00133879  -0.00728092
 -0.00359495  -0.00007333    -0.00358830   0.01465730    -0.01003330   0.00315488
 -0.00133879   0.00728092     0.01003330  -0.00315488     0.00155272  -0.01334038
    5    8
  0.03628368  -0.06284518     0.00358230  -0.01173579    -0.00594193   0.00571886
 -0.00837234   0.00897026    -0.01526045   0.02643187    -0.00466050   0.00940533
 -0.00198172   0.00800529     0.00581500  -0.00873878     0.01247672  -0.02161031
    5    9
  0.01450920   0.05817202     0.00133879  -0.00728092    -0.00359495  -0.00007333
 -0.00133879   0.00728092     0.00155272  -0.01334038     0.01003330  -0.00315488
 -0.00359495  -0.00007333    -0.01003330   0.00315488    -0.00358830   0.01465730
    5   10
  0.06447601   0.02978097     0.00436182  -0.00298866     0.00436182  -0.00298866
 -0.00436182   0.00298866    -0.00844779  -0.01304122     0.00223314   0.01318067
 -0.00436182   0.00298866     0.00223314   0.01318067    -0.00844779  -0.01304122
    5   11
  0.07972851  -0.00000000     0.00342349   0.00187985     0.00342349   0.00187985
 -0.00342349   0.00187985    -0.02640640  -0.00000000     0.00361851  -0.00000000
 -0.00342349   0.00187985     0.00361851  -0.00000000    -0.02640640  -0.00000000
    6    1
 -0.12280333  -0.17187647     0.00635546   0.00880039    -0.00635546  -0.00880039
  0.03613170  -0.01934001    -0.01152752   0.00214843    -0.01123862  -0.00573090
 -0.03613170   0.01934001    -0.01123862  -0.00573090    -0.01152752   0.00214843
    6    2
  0.00955075  -0.01618733     0.00056015  -0.00086738    -0.00056015   0.00086738
  0.00258452  -0.00908433     0.00386462  -0.00238092    -0.00070119  -0.00238052
 -0.00258452   0.00908433    -0.00070119  -0.00238052     0.00386462  -0.00238092
    6    3
 -0.02684457  -0.01438521    -0.00503536   0.00108510     0.00503536  -0.00108510
 -0.02462902  -0.01402829     0.00113076   0.00116353     0.00563625   0.00179887
  0.02462902   0.01402829     0.00563625   0.00179887     0.00113076   0.00116353
    6    4
  0.01450920   0.05817202    -0.00359495  -0.00007333    -0.00133879   0.00728092
 -0.00359495  -0.00007333    -0.00358830   0.01465730     0.01003330  -0.00315488
  0.00133879  -0.00728092    -0.01003330   0.00315488     0.00155272  -0.01334038
    6    5
  0.03628368   0.06284518    -0.00198172  -0.00800529    -0.00837234  -0.00897026
 -0.00594193  -0.00571886     0.01247672   0.02161031    -0.00466050  -0.00940533
  0.00358230   0.01173579     0.00581500   0.00873878    -0.01526045  -0.02643187
    6    6
  0.10474801   0.00000000    -0.00727414  -0.00419128     0.00727414   0.00419128
 -0.00727414   0.00419128     0.04523782   0.00000000     0.00802319  -0.00000000
  0.00727414  -0.00419128     0.00802319  -0.00000000     0.04523782   0.00000000
    6    7
 -0.04395935   0.03647091    -0.00694441  -0.00046387     0.00694441   0.00046387
 -0.00694441  -0.00046387    -0.01081857  -0.00100500    -0.00493205  -0.00515570
  0.00694441   0.00046387    -0.00493205  -0.00515570    -0.01081857  -0.00100500
    6    8
  0.07972851  -0.00000000     0.00342349   0.00187985    -0.00342349  -0.00187985
 -0.00342349   0.00187985    -0.02640640  -0.00000000    -0.00361851   0.00000000
  0.00342349  -0.00187985    -0.00361851   0.00000000    -0.02640640  -0.00000000
    6    9
 -0.05802908   0.04094738     0.00040735   0.00527178    -0.00040735  -0.00527178
 -0.00040735  -0.00527178     0.01551792  -0.00079539     0.01253137   0.00465638
  0.00040735   0.00527178     0.01253137   0.00465638     0.01551792  -0.00079539
    6   10
  0.01450920   0.05817202     0.00133879  -0.00728092     0.00359495   0.00007333
 -0.00133879   0.00728092     0.00155272  -0.01334038    -0.01003330   0.00315488
  0.00359495   0.00007333     0.01003330  -0.00315488    -0.00358830   0.01465730
    6   11
  0.03628368   0.06284518     0.00837234   0.00897026     0.00198172   0.00800529
 -0.00358230  -0.01173579    -0.01526045  -0.02643187     0.00581500   0.00873878
  0.00594193   0.00571886    -0.00466050  -0.00940533     0.01247672   0.02161031
    7    1
 -0.12280333   0.17187647     0.00635546  -0.00880039    -0.00635546   0.00880039
  0.03613170   0.01934001    -0.01152752  -0.00214843    -0.01123862   0.00573090
 -0.03613170  -0.01934001    -0.01123862   0.00573090    -0.01152752  -0.00214843
    7    2
 -0.02684457   0.01438521    -0.00503536  -0.00108510     0.00503536   0.00108510
 -0.02462902   0.01402829     0.00113076  -0.00116353     0.00563625  -0.00179887
  0.02462902  -0.01402829     0.00563625  -0.00179887     0.00113076  -0.00116353
    7    3
  0.00955075   0.01618733     0.00056015   0.00086738    -0.00056015  -0.00086738
  0.00258452   0.00908433     0.00386462   0.00238092    -0.00070119   0.00238052
 -0.00258452  -0.00908433    -0.00070119   0.00238052     0.00386462   0.00238092
    7    4
  0.03628368  -0.06284518    -0.00198172   0.00800529    -0.00837234   0.00897026
 -0.00594193   0.00571886     0.01247672  -0.02161031    -0.00466050   0.00940533
  0.00358230  -0.01173579     0.00581500  -0.00873878    -0.01526045   0.02643187
    7    5
  0.01450920  -0.05817202    -0.00359495   0.00007333    -0.00133879  -0.00728092
 -0.00359495   0.00007333    -0.00358830  -0.01465730     0.01003330   0.00315488
  0.00133879   0.00728092    -0.01003330  -0.00315488     0.00155272   0.01334038
    7    6
 -0.04395935  -0.03647091    -0.00694441   0.00046387     0.00694441  -0.00046387
 -0.00694441   0.00046387    -0.01081857   0.00100500    -0.00493205   0.00515570
  0.00694441  -0.00046387    -0.00493205   0.00515570    -0.01081857   0.00100500
    7    7
  0.10474801  -0.00000000    -0.00727414   0.00419128     0.00727414  -0.00419128
 -0.00727414  -0.00419128     0.04523782  -0.00000000     0.00802319   0.00000000
  0.00727414   0.00419128     0.00802319   0.00000000     0.04523782  -0.00000000
    7    8
 -0.05802908  -0.04094738     0.00040735  -0.00527178    -0.00040735   0.00527178
 -0.00040735   0.00527178     0.01551792   0.00079539     0.01253137  -0.00465638
  0.00040735  -0.00527178     0.01253137  -0.00465638     0.01551792   0.00079539
    7    9
  0.07972851   0.00000000     0.00342349  -0.00187985    -0.00342349   0.00187985
 -0.00342349  -0.00187985    -0.02640640   0.00000000    -0.00361851  -0.00000000
  0.00342349   0.00187985    -0.00361851  -0.00000000    -0.02640640   0.00000000
    7   10
  0.03628368  -0.06284518     0.00837234  -0.00897026     0.00198172  -0.00800529
 -0.00358230   0.01173579    -0.01526045   0.02643187     0.00581500  -0.00873878
  0.00594193  -0.00571886    -0.00466050   0.00940533     0.01247672  -0.02161031
    7   11
  0.01450920  -0.05817202     0.00133879   0.00728092     0.00359495  -0.00007333
 -0.00133879  -0.00728092     0.00155272   0.01334038    -0.01003330  -0.00315488
  0.00359495  -0.00007333     0.01003330   0.00315488    -0.00358830  -0.01465730
    8    1
 -0.12280333  -0.17187647    -0.00635546  -0.00880039     0.00635546   0.00880039
 -0.03613170   0.01934001    -0.01152752   0.00214843    -0.01123862  -0.00573090
  0.03613170  -0.01934001    -0.01123862  -0.00573090    -0.01152752   0.00214843
    8    2
  0.00955075  -0.01618733    -0.00056015   0.00086738     0.00056015  -0.00086738
 -0.00258452   0.00908433     0.00386462  -0.00238092    -0.00070119  -0.00238052
  0.00258452  -0.00908433    -0.00070119  -0.00238052     0.00386462  -0.00238092
    8    3
 -0.02684457  -0.01438521     0.00503536  -0.00108510    -0.00503536   0.00108510
  0.02462902   0.01402829     0.00113076   0.00116353     0.00563625   0.00179887
 -0.02462902  -0.01402829     0.00563625   0.00179887     0.00113076   0.00116353
    8    4
  0.01450920   0.05817202    -0.00133879   0.00728092    -0.00359495  -0.00007333
  0.00133879  -0.00728092     0.00155272  -0.01334038    -0.01003330   0.00315488
 -0.00359495  -0.00007333     0.01003330  -0.00315488    -0.00358830   0.01465730
    8    5
  0.03628368   0.06284518    -0.00837234  -0.00897026    -0.00198172  -0.00800529
  0.00358230   0.01173579    -0.01526045  -0.02643187     0.00581500   0.00873878
 -0.00594193  -0.00571886    -0.00466050  -0.00940533     0.01247672   0.02161031
    8    6
  0.07972851  -0.00000000    -0.00342349  -0.00187985     0.00342349   0.00187985
  0.00342349  -0.00187985    -0.02640640  -0.00000000    -0.00361851   0.00000000
 -0.00342349   0.00187985    -0.00361851   0.00000000    -0.02640640  -0.00000000
    8    7
 -0.05802908   0.04094738    -0.00040735  -0.00527178     0.00040735   0.00527178
  0.00040735   0.00527178     0.01551792  -0.00079539     0.01253137   0.00465638
 -0.00040735  -0.00527178     0.01253137   0.00465638     0.01551792  -0.00079539
    8    8
  0.10474801  -0.00000000     0.00727414   0.00419128    -0.00727414  -0.00419128
  0.00727414  -0.00419128     0.04523782   0.00000000     0.00802319  -0.00000000
 -0.00727414   0.00419128     0.00802319  -0.00000000     0.04523782   0.00000000
    8    9
 -0.04395935   0.03647091     0.00694441   0.00046387    -0.00694441  -0.00046387
  0.00694441   0.00046387    -0.01081857  -0.00100500    -0.00493205  -0.00515570
 -0.00694441  -0.00046387    -0.00493205  -0.00515570    -0.01081857  -0.00100500
    8   10
  0.01450920   0.05817202     0.00359495   0.00007333     0.00133879  -0.00728092
  0.00359495   0.00007333    -0.00358830   0.01465730     0.01003330  -0.00315488
 -0.00133879   0.00728092    -0.01003330   0.00315488     0.00155272  -0.01334038
    8   11
  0.03628368   0.06284518     0.00198172   0.00800529     0.00837234   0.00897026
  0.00594193   0.00571886     0.01247672   0.02161031    -0.00466050  -0.00940533
 -0.00358230  -0.01173579     0.00581500   0.00873878    -0.01526045  -0.02643187
    9    1
 -0.12280333   0.17187647    -0.00635546   0.00880039     0.00635546  -0.00880039
 -0.03613170  -0.01934001    -0.01152752  -0.00214843    -0.01123862   0.00573090
  0.03613170   0.01934001    -0.01123862   0.00573090    -0.01152752  -0.00214843
    9    2
 -0.02684457   0.01438521     0.00503536   0.00108510    -0.00503536  -0.00108510
  0.02462902  -0.01402829     0.00113076  -0.00116353     0.00563625  -0.00179887
 -0.02462902   0.01402829     0.00563625  -0.00179887     0.00113076  -0.00116353
    9    3
  0.00955075   0.01618733    -0.00056015  -0.00086738     0.00056015   0.00086738
 -0.00258452  -0.00908433     0.00386462   0.00238092    -0.00070119   0.00238052
  0.00258452   0.00908433    -0.00070119   0.00238052     0.00386462   0.00238092
    9    4
  0.03628368  -0.06284518    -0.00837234   0.00897026    -0.00198172   0.00800529
  0.00358230  -0.01173579    -0.01526045   0.02643187     0.00581500  -0.00873878
 -0.00594193   0.00571886    -0.00466050   0.00940533     0.01247672  -0.02161031
    9    5
  0.01450920  -0.05817202    -0.00133879  -0.00728092    -0.00359495   0.00007333
  0.00133879   0.00728092     0.00155272   0.01334038    -0.01003330  -0.00315488
 -0.00359495   0.00007333     0.01003330   0.00315488    -0.00358830  -0.01465730
    9    6
 -0.05802908  -0.04094738    -0.00040735   0.00527178     0.00040735  -0.00527178
  0.00040735  -0.00527178     0.01551792   0.00079539     0.01253137  -0.00465638
 -0.00040735   0.00527178     0.01253137  -0.00465638     0.01551792   0.00079539
    9    7
  0.07972851   0.00000000    -0.00342349   0.00187985     0.00342349  -0.00187985
  0.00342349   0.00187985    -0.02640640   0.00000000    -0.00361851  -0.00000000
 -0.00342349  -0.00187985    -0.00361851  -0.00000000    -0.02640640   0.00000000
    9    8
 -0.04395935  -0.03647091     0.00694441  -0.00046387    -0.00694441   0.00046387
  0.00694441  -0.00046387    -0.01081857   0.00100500    -0.00493205   0.00515570
 -0.00694441   0.00046387    -0.00493205   0.00515570    -0.01081857   0.00100500
    9    9
  0.10474801   0.00000000     0.00727414  -0.00419128    -0.00727414   0.00419128
  0.00727414   0.00419128     0.04523782  -0.00000000     0.00802319   0.00000000
 -0.00727414  -0.00419128     0.00802319   0.00000000     0.04523782  -0.00000000
    9   10
  0.03628368  -0.06284518     0.00198172  -0.00800529     0.00837234  -0.00897026
  0.00594193  -0.00571886     0.01247672  -0.02161031    -0.00466050   0.00940533
 -0.00358230   0.01173579     0.00581500  -0.00873878    -0.01526045   0.02643187
    9   11
  0.01450920  -0.05817202     0.00359495  -0.00007333     0.00133879   0.00728092
  0.00359495  -0.00007333    -0.00358830  -0.01465730     0.01003330   0.00315488
 -0.00133879  -0.00728092    -0.01003330  -0.00315488     0.00155272   0.01334038
   10    1
 -0.21025105  -0.02041257    -0.01079909  -0.00110380    -0.01079909  -0.00110380
 -0.00131691  -0.04096097    -0.00390316  -0.01105734     0.01058241   0.00686748
 -0.00131691  -0.04096097     0.01058241   0.00686748    -0.00390316  -0.01105734
   10    2
 -0.01879401   0.00017753     0.00103125  -0.00005141     0.00103125  -0.00005141
  0.00915952   0.00230390    -0.00399425   0.00215640     0.00171100   0.00179751
  0.00915952   0.00230390     0.00171100   0.00179751    -0.00399425   0.00215640
   10    3
 -0.02684457   0.01438521     0.00503536   0.00108510     0.00503536   0.00108510
  0.02462902  -0.01402829     0.00113076  -0.00116353    -0.00563625   0.00179887
  0.02462902  -0.01402829    -0.00563625   0.00179887     0.00113076  -0.00116353
   10    4
  0.07972851  -0.00000000    -0.00342349   0.00187985    -0.00342349   0.00187985
  0.00342349   0.00187985    -0.02640640   0.00000000     0.00361851   0.00000000
  0.00342349   0.00187985     0.00361851   0.00000000    -0.02640640   0.00000000
   10    5
  0.06447601  -0.02978097    -0.00436182  -0.00298866    -0.00436182  -0.00298866
  0.00436182   0.00298866    -0.00844779   0.01304122     0.00223314  -0.01318067
  0.00436182   0.00298866     0.00223314  -0.01318067    -0.00844779   0.01304122
   10    6
  0.01450920  -0.05817202    -0.00133879  -0.00728092     0.00359495  -0.00007333
  0.00133879   0.00728092     0.00155272   0.01334038     0.01003330   0.00315488
  0.00359495  -0.00007333    -0.01003330  -0.00315488    -0.00358830  -0.01465730
   10    7
  0.03628368   0.06284518    -0.00358230  -0.01173579     0.00594193   0.00571886
  0.00837234   0.00897026    -0.01526045  -0.02643187    -0.00466050  -0.00940533
  0.00198172   0.00800529     0.00581500   0.00873878     0.01247672   0.02161031
   10    8
  0.01450920  -0.05817202     0.00359495  -0.00007333    -0.00133879  -0.00728092
  0.00359495  -0.00007333    -0.00358830  -0.01465730    -0.01003330  -0.00315488
  0.00133879   0.00728092     0.01003330   0.00315488     0.00155272   0.01334038
   10    9
  0.03628368   0.06284518     0.00594193   0.00571886    -0.00358230  -0.01173579
  0.00198172   0.00800529     0.01247672   0.02161031     0.00581500   0.00873878
  0.00837234   0.00897026    -0.00466050  -0.00940533    -0.01526045  -0.02643187
   10   10
  0.10474801  -0.00000000     0.00727414  -0.00419128     0.00727414  -0.00419128
  0.00727414   0.00419128     0.04523782  -0.00000000    -0.00802319  -0.00000000
  0.00727414   0.00419128    -0.00802319  -0.00000000     0.04523782  -0.00000000
   10   11
  0.05356441  -0.01983446    -0.00307048   0.00624597    -0.00307048   0.00624597
 -0.00307048   0.00624597     0.00453893  -0.00987166     0.00199894   0.00684913
 -0.00307048   0.00624597     0.00199894   0.00684913     0.00453893  -0.00987166
   11    1
 -0.21025105   0.02041257    -0.01079909   0.00110380    -0.01079909   0.00110380
 -0.00131691   0.04096097    -0.00390316   0.01105734     0.01058241  -0.00686748
 -0.00131691   0.04096097     0.01058241  -0.00686748    -0.00390316   0.01105734
   11    2
 -0.02684457  -0.01438521     0.00503536  -0.00108510     0.00503536  -0.00108510
  0.02462902   0.01402829     0.00113076   0.00116353    -0.00563625  -0.00179887
  0.02462902   0.01402829    -0.00563625  -0.00179887     0.00113076   0.00116353
   11    3
 -0.01879401  -0.00017753     0.00103125   0.00005141     0.00103125   0.00005141
  0.00915952  -0.00230390    -0.00399425  -0.00215640     0.00171100  -0.00179751
  0.00915952  -0.00230390     0.00171100  -0.00179751    -0.00399425  -0.00215640
   11    4
  0.06447601   0.02978097    -0.00436182   0.00298866    -0.00436182   0.00298866
  0.00436182  -0.00298866    -0.00844779  -0.01304122     0.00223314   0.01318067
  0.00436182  -0.00298866     0.00223314   0.01318067    -0.00844779  -0.01304122
   11    5
  0.07972851   0.00000000    -0.00342349  -0.00187985    -0.00342349  -0.00187985
  0.00342349  -0.00187985    -0.02640640  -0.00000000     0.00361851  -0.00000000
  0.00342349  -0.00187985     0.00361851  -0.00000000    -0.02640640  -0.00000000
   11    6
  0.03628368  -0.06284518    -0.00358230   0.01173579     0.00594193  -0.00571886
  0.00837234  -0.00897026    -0.01526045   0.02643187    -0.00466050   0.00940533
  0.00198172  -0.00800529     0.00581500  -0.00873878     0.01247672  -0.02161031
   11    7
  0.01450920   0.05817202    -0.00133879   0.00728092     0.00359495   0.00007333
  0.00133879  -0.00728092     0.00155272  -0.01334038     0.01003330  -0.00315488
  0.00359495   0.00007333    -0.01003330   0.00315488    -0.00358830   0.01465730
   11    8
  0.03628368  -0.06284518     0.00594193  -0.00571886    -0.00358230   0.01173579
  0.00198172  -0.00800529     0.01247672  -0.02161031     0.00581500  -0.00873878
  0.00837234  -0.00897026    -0.00466050   0.00940533    -0.01526045   0.02643187
   11    9
  0.01450920   0.05817202     0.00359495   0.00007333    -0.00133879   0.00728092
  0.00359495   0.00007333    -0.00358830   0.01465730    -0.01003330   0.00315488
  0.00133879  -0.00728092     0.01003330  -0.00315488     0.00155272  -0.01334038
   11   10
  0.05356441   0.01983446    -0.00307048  -0.00624597    -0.00307048  -0.00624597
 -0.00307048  -0.00624597     0.00453893   0.00987166     0.00199894  -0.00684913
 -0.00307048  -0.00624597     0.00199894  -0.00684913     0.00453893   0.00987166
   11   11
  0.10474801   0.00000000     0.00727414   0.00419128     0.00727414   0.00419128
  0.00727414  -0.00419128     0.04523782   0.00000000    -0.00802319   0.00000000
  0.00727414  -0.00419128    -0.00802319   0.00000000     0.04523782   0.00000000

     Dynamical  Matrix in cartesian axes

     q = (   -0.235702260   0.000000000   0.000000000 ) 

    1    1
  1.16778343   0.00000000     0.00000000   0.00000000     0.00000000   0.00000000
  0.00000000   0.00000000     0.11023201   0.00000000    -0.00000000   0.00000000
  0.00000000   0.00000000    -0.00000000   0.00000000     0.11023201   0.00000000
    1    2
  0.11835535  -0.06833249    -0.00000000   0.00000000     0.00000000  -0.00000000
  0.00000000   0.00000000    -0.01375140   0.00793938    -0.00904691  -0.01566972
 -0.00000000   0.00000000    -0.00904691  -0.01566972    -0.01375140   0.00793938
    1    3
  0.11835535   0.06833249    -0.00000000  -0.00000000     0.00000000   0.00000000
 -0.00000000  -0.00000000    -0.01375140  -0.00793938    -0.00904691   0.01566972
  0.00000000   0.00000000    -0.00904691   0.01566972    -0.01375140  -0.00793938
    1    4
 -0.21025105  -0.02041257     0.00131691   0.04096097     0.00131691   0.04096097
  0.01079909   0.00110380    -0.00390316  -0.01105734     0.01058241   0.00686748
  0.01079909   0.00110380     0.01058241   0.00686748    -0.00390316  -0.01105734
    1    5
 -0.21025105   0.02041257     0.00131691  -0.04096097     0.00131691  -0.04096097
  0.01079909  -0.00110380    -0.00390316   0.01105734     0.01058241  -0.00686748
  0.01079909  -0.00110380     0.01058241  -0.00686748    -0.00390316   0.01105734
    1    6
 -0.12280333  -0.17187647     0.03613170  -0.01934001    -0.03613170   0.01934001
  0.00635546   0.00880039    -0.01152752   0.00214843    -0.01123862  -0.00573090
 -0.00635546  -0.00880039    -0.01123862  -0.00573090    -0.01152752   0.00214843
    1    7
 -0.12280333   0.17187647     0.03613170   0.01934001    -0.03613170  -0.01934001
  0.00635546  -0.00880039    -0.01152752  -0.00214843    -0.01123862   0.00573090
 -0.00635546   0.00880039    -0.01123862   0.00573090    -0.01152752  -0.00214843
    1    8
 -0.12280333  -0.17187647    -0.03613170   0.01934001     0.03613170  -0.01934001
 -0.00635546  -0.00880039    -0.01152752   0.00214843    -0.01123862  -0.00573090
  0.00635546   0.00880039    -0.01123862  -0.00573090    -0.01152752   0.00214843
    1    9
 -0.12280333   0.17187647    -0.03613170  -0.01934001     0.03613170   0.01934001
 -0.00635546   0.00880039    -0.01152752  -0.00214843    -0.01123862   0.00573090
  0.00635546  -0.00880039    -0.01123862   0.00573090    -0.01152752  -0.00214843
    1   10
 -0.21025105  -0.02041257    -0.00131691  -0.04096097    -0.00131691  -0.04096097
 -0.01079909  -0.00110380    -0.00390316  -0.01105734     0.01058241   0.00686748
 -0.01079909  -0.00110380     0.01058241   0.00686748    -0.00390316  -0.01105734
    1   11
 -0.21025105   0.02041257    -0.00131691   0.04096097    -0.00131691   0.04096097
 -0.01079909   0.00110380    -0.00390316   0.01105734     0.01058241  -0.00686748
 -0.01079909   0.00110380     0.01058241  -0.00686748    -0.00390316   0.01105734
    2    1
  0.11835535   0.06833249     0.00000000   0.00000000    -0.00000000  -0.00000000
  0.00000000  -0.00000000    -0.01375140  -0.00793938    -0.00904691   0.01566972
 -0.00000000   0.00000000    -0.00904691   0.01566972    -0.01375140  -0.00793938
    2    2
  0.11070794  -0.00000000    -0.00000000   0.00000000     0.00000000  -0.00000000
 -0.00000000   0.00000000     0.01561899  -0.00000000    -0.00000000  -0.00000000
  0.00000000   0.00000000    -0.00000000  -0.00000000     0.01561899  -0.00000000
    2    3
  0.01602978   0.02776439    -0.00000000  -0.00000000     0.00000000   0.00000000
 -0.00000000  -0.00000000    -0.00344412  -0.00596538     0.00620116  -0.00358024
  0.00000000   0.00000000     0.00620116  -0.00358024    -0.00344412  -0.00596538
    2    4
 -0.01879401   0.00017753    -0.00915952  -0.00230390    -0.00915952  -0.00230390
 -0.00103125   0.00005141    -0.00399425   0.00215640     0.00171100   0.00179751
 -0.00103125   0.00005141     0.00171100   0.00179751    -0.00399425   0.00215640
    2    5
 -0.02684457  -0.01438521    -0.02462902  -0.01402829    -0.02462902  -0.01402829
 -0.00503536   0.00108510     0.00113076   0.00116353    -0.00563625  -0.00179887
 -0.00503536   0.00108510    -0.00563625  -0.00179887     0.00113076   0.00116353
    2    6
  0.00955075  -0.01618733     0.00258452  -0.00908433    -0.00258452   0.00908433
  0.00056015  -0.00086738     0.00386462  -0.00238092    -0.00070119  -0.00238052
 -0.00056015   0.00086738    -0.00070119  -0.00238052     0.00386462  -0.00238092
    2    7
 -0.02684457   0.01438521    -0.02462902   0.01402829     0.02462902  -0.01402829
 -0.00503536  -0.00108510     0.00113076  -0.00116353     0.00563625  -0.00179887
  0.00503536   0.00108510     0.00563625  -0.00179887     0.00113076  -0.00116353
    2    8
  0.00955075  -0.01618733    -0.00258452   0.00908433     0.00258452  -0.00908433
 -0.00056015   0.00086738     0.00386462  -0.00238092    -0.00070119  -0.00238052
  0.00056015  -0.00086738    -0.00070119  -0.00238052     0.00386462  -0.00238092
    2    9
 -0.02684457   0.01438521     0.02462902  -0.01402829    -0.02462902   0.01402829
  0.00503536   0.00108510     0.00113076  -0.00116353     0.00563625  -0.00179887
 -0.00503536  -0.00108510     0.00563625  -0.00179887     0.00113076  -0.00116353
    2   10
 -0.01879401   0.00017753     0.00915952   0.00230390     0.00915952   0.00230390
  0.00103125  -0.00005141    -0.00399425   0.00215640     0.00171100   0.00179751
  0.00103125  -0.00005141     0.00171100   0.00179751    -0.00399425   0.00215640
    2   11
 -0.02684457  -0.01438521     0.02462902   0.01402829     0.02462902   0.01402829
  0.00503536  -0.00108510     0.00113076   0.00116353    -0.00563625  -0.00179887
  0.00503536  -0.00108510    -0.00563625  -0.00179887     0.00113076   0.00116353
    3    1
  0.11835535  -0.06833249     0.00000000   0.00000000    -0.00000000  -0.00000000
 -0.00000000   0.00000000    -0.01375140   0.00793938    -0.00904691  -0.01566972
  0.00000000   0.00000000    -0.00904691  -0.01566972    -0.01375140   0.00793938
    3    2
  0.01602978  -0.02776439    -0.00000000   0.00000000     0.00000000   0.00000000
 -0.00000000   0.00000000    -0.00344412   0.00596538     0.00620116   0.00358024
  0.00000000  -0.00000000     0.00620116   0.00358024    -0.00344412   0.00596538
    3    3
  0.11070794   0.00000000    -0.00000000  -0.00000000     0.00000000   0.00000000
 -0.00000000  -0.00000000     0.01561899   0.00000000    -0.00000000   0.00000000
  0.00000000  -0.00000000    -0.00000000   0.00000000     0.01561899   0.00000000
    3    4
 -0.02684457   0.01438521    -0.02462902   0.01402829    -0.02462902   0.01402829
 -0.00503536  -0.00108510     0.00113076  -0.00116353    -0.00563625   0.00179887
 -0.00503536  -0.00108510    -0.00563625   0.00179887     0.00113076  -0.00116353
    3    5
 -0.01879401  -0.00017753    -0.00915952   0.00230390    -0.00915952   0.00230390
 -0.00103125  -0.00005141    -0.00399425  -0.00215640     0.00171100  -0.00179751
 -0.00103125  -0.00005141     0.00171100  -0.00179751    -0.00399425  -0.00215640
    3    6
 -0.02684457  -0.01438521    -0.02462902  -0.01402829     0.02462902   0.01402829
 -0.00503536   0.00108510     0.00113076   0.00116353     0.00563625   0.00179887
  0.00503536  -0.00108510     0.00563625   0.00179887     0.00113076   0.00116353
    3    7
  0.00955075   0.01618733     0.00258452   0.00908433    -0.00258452  -0.00908433
  0.00056015   0.00086738     0.00386462   0.00238092    -0.00070119   0.00238052
 -0.00056015  -0.00086738    -0.00070119   0.00238052     0.00386462   0.00238092
    3    8
 -0.02684457  -0.01438521     0.02462902   0.01402829    -0.02462902  -0.01402829
  0.00503536  -0.00108510     0.00113076   0.00116353     0.00563625   0.00179887
 -0.00503536   0.00108510     0.00563625   0.00179887     0.00113076   0.00116353
    3    9
  0.00955075   0.01618733    -0.00258452  -0.00908433     0.00258452   0.00908433
 -0.00056015  -0.00086738     0.00386462   0.00238092    -0.00070119   0.00238052
  0.00056015   0.00086738    -0.00070119   0.00238052     0.00386462   0.00238092
    3   10
 -0.02684457   0.01438521     0.02462902  -0.01402829     0.02462902  -0.01402829
  0.00503536   0.00108510     0.00113076  -0.00116353    -0.00563625   0.00179887
  0.00503536   0.00108510    -0.00563625   0.00179887     0.00113076  -0.00116353
    3   11
 -0.01879401  -0.00017753     0.00915952  -0.00230390     0.00915952  -0.00230390
  0.00103125   0.00005141    -0.00399425  -0.00215640     0.00171100  -0.00179751
  0.00103125   0.00005141     0.00171100  -0.00179751    -0.00399425  -0.00215640
    4    1
 -0.21025105   0.02041257     0.01079909  -0.00110380     0.01079909  -0.00110380
