  4.000000000000000E-002   1.62541921959059        5.08886714123503     
           4

     Dynamical  Matrix in cartesian axes

     q = (   -0.353553391  -0.353553391   0.353553391 ) 

    1    1
  0.03727785   0.00000000     0.00473869   0.00000000    -0.00473869   0.00000000
  0.00473869   0.00000000     0.03727785   0.00000000    -0.00473869   0.00000000
 -0.00473869   0.00000000    -0.00473869   0.00000000     0.03727785   0.00000000
    1    2
  0.00389010   0.00000000     0.00465091   0.00000000    -0.00465091   0.00000000
  0.00465091   0.00000000     0.00389010   0.00000000    -0.00465091   0.00000000
 -0.00465091   0.00000000    -0.00465091   0.00000000     0.00389010   0.00000000
    1    3
  0.00389010   0.00000000     0.00465091   0.00000000    -0.00465091   0.00000000
  0.00465091   0.00000000     0.00389010   0.00000000    -0.00465091   0.00000000
 -0.00465091   0.00000000    -0.00465091   0.00000000     0.00389010   0.00000000
    1    4
 -0.00763977   0.00000000     0.00188118  -0.00000000    -0.00104757   0.00000000
  0.00188118  -0.00000000    -0.00763977   0.00000000    -0.00104757   0.00000000
  0.00036985  -0.00000000     0.00036985  -0.00000000     0.00431922  -0.00000000
    1    5
 -0.00763977   0.00000000     0.00188118  -0.00000000    -0.00104757   0.00000000
  0.00188118  -0.00000000    -0.00763977   0.00000000    -0.00104757   0.00000000
  0.00036985  -0.00000000     0.00036985  -0.00000000     0.00431922  -0.00000000
    1    6
 -0.00801691   0.00000000    -0.00257793   0.00000000     0.00257793  -0.00000000
 -0.00257793   0.00000000    -0.00801691   0.00000000     0.00257793  -0.00000000
  0.00257793  -0.00000000     0.00257793  -0.00000000    -0.00801691   0.00000000
    1    7
 -0.00801691   0.00000000    -0.00257793   0.00000000     0.00257793  -0.00000000
 -0.00257793   0.00000000    -0.00801691   0.00000000     0.00257793  -0.00000000
  0.00257793  -0.00000000     0.00257793  -0.00000000    -0.00801691   0.00000000
    1    8
  0.00431922  -0.00000000    -0.00036985   0.00000000     0.00036985  -0.00000000
  0.00104757  -0.00000000    -0.00763977   0.00000000    -0.00188118   0.00000000
 -0.00104757   0.00000000    -0.00188118   0.00000000    -0.00763977   0.00000000
    1    9
  0.00431922  -0.00000000    -0.00036985   0.00000000     0.00036985  -0.00000000
  0.00104757  -0.00000000    -0.00763977   0.00000000    -0.00188118   0.00000000
 -0.00104757   0.00000000    -0.00188118   0.00000000    -0.00763977   0.00000000
    1   10
 -0.00763977   0.00000000     0.00104757  -0.00000000    -0.00188118   0.00000000
 -0.00036985   0.00000000     0.00431922  -0.00000000     0.00036985  -0.00000000
 -0.00188118   0.00000000    -0.00104757   0.00000000    -0.00763977   0.00000000
    1   11
 -0.00763977   0.00000000     0.00104757  -0.00000000    -0.00188118   0.00000000
 -0.00036985   0.00000000     0.00431922  -0.00000000     0.00036985  -0.00000000
 -0.00188118   0.00000000    -0.00104757   0.00000000    -0.00763977   0.00000000
    2    1
  0.00389010   0.00000000     0.00465091   0.00000000    -0.00465091   0.00000000
  0.00465091   0.00000000     0.00389010   0.00000000    -0.00465091   0.00000000
 -0.00465091   0.00000000    -0.00465091   0.00000000     0.00389010   0.00000000
    2    2
  0.01761131   0.00000000     0.00282500   0.00000000    -0.00282500   0.00000000
  0.00282500   0.00000000     0.01761131   0.00000000    -0.00282500   0.00000000
 -0.00282500   0.00000000    -0.00282500   0.00000000     0.01761131   0.00000000
    2    3
 -0.00712422   0.00000000    -0.00037923   0.00000000     0.00037923   0.00000000
 -0.00037923   0.00000000    -0.00712422   0.00000000     0.00037923   0.00000000
  0.00037923   0.00000000     0.00037923   0.00000000    -0.00712422   0.00000000
    2    4
 -0.00164458   0.00000000     0.00113648  -0.00000000     0.00141995  -0.00000000
  0.00113648  -0.00000000    -0.00164458   0.00000000     0.00141995  -0.00000000
  0.00363871  -0.00000000     0.00363871  -0.00000000     0.00043510  -0.00000000
    2    5
 -0.00377383   0.00000000    -0.00293373   0.00000000    -0.00332239   0.00000000
 -0.00293373   0.00000000    -0.00377383   0.00000000    -0.00332239   0.00000000
 -0.00543172   0.00000000    -0.00543172   0.00000000     0.00045635  -0.00000000
    2    6
  0.00030542  -0.00000000     0.00082207  -0.00000000    -0.00082207   0.00000000
  0.00082207  -0.00000000     0.00030542  -0.00000000    -0.00082207   0.00000000
 -0.00082207   0.00000000    -0.00082207   0.00000000     0.00030542  -0.00000000
    2    7
 -0.00292975   0.00000000    -0.00430606   0.00000000     0.00430606  -0.00000000
 -0.00430606   0.00000000    -0.00292975   0.00000000     0.00430606  -0.00000000
  0.00430606  -0.00000000     0.00430606  -0.00000000    -0.00292975   0.00000000
    2    8
  0.00043510  -0.00000000    -0.00363871   0.00000000     0.00363871  -0.00000000
 -0.00141995   0.00000000    -0.00164458   0.00000000    -0.00113648   0.00000000
  0.00141995  -0.00000000    -0.00113648   0.00000000    -0.00164458   0.00000000
    2    9
  0.00045635  -0.00000000     0.00543172  -0.00000000    -0.00543172   0.00000000
  0.00332239  -0.00000000    -0.00377383   0.00000000     0.00293373  -0.00000000
 -0.00332239   0.00000000     0.00293373  -0.00000000    -0.00377383   0.00000000
    2   10
 -0.00164458   0.00000000    -0.00141995   0.00000000    -0.00113648   0.00000000
 -0.00363871   0.00000000     0.00043510  -0.00000000     0.00363871  -0.00000000
 -0.00113648   0.00000000     0.00141995  -0.00000000    -0.00164458   0.00000000
    2   11
 -0.00377383   0.00000000     0.00332239  -0.00000000     0.00293373  -0.00000000
  0.00543172  -0.00000000     0.00045635  -0.00000000    -0.00543172   0.00000000
  0.00293373  -0.00000000    -0.00332239   0.00000000    -0.00377383   0.00000000
    3    1
  0.00389010   0.00000000     0.00465091   0.00000000    -0.00465091   0.00000000
  0.00465091   0.00000000     0.00389010   0.00000000    -0.00465091   0.00000000
 -0.00465091   0.00000000    -0.00465091   0.00000000     0.00389010   0.00000000
    3    2
 -0.00712422   0.00000000    -0.00037923   0.00000000     0.00037923   0.00000000
 -0.00037923   0.00000000    -0.00712422   0.00000000     0.00037923   0.00000000
  0.00037923   0.00000000     0.00037923   0.00000000    -0.00712422   0.00000000
    3    3
  0.01761131   0.00000000     0.00282500   0.00000000    -0.00282500   0.00000000
  0.00282500   0.00000000     0.01761131   0.00000000    -0.00282500   0.00000000
 -0.00282500   0.00000000    -0.00282500   0.00000000     0.01761131   0.00000000
    3    4
 -0.00377383   0.00000000    -0.00293373   0.00000000    -0.00332239   0.00000000
 -0.00293373   0.00000000    -0.00377383   0.00000000    -0.00332239   0.00000000
 -0.00543172   0.00000000    -0.00543172   0.00000000     0.00045635  -0.00000000
    3    5
 -0.00164458   0.00000000     0.00113648  -0.00000000     0.00141995  -0.00000000
  0.00113648  -0.00000000    -0.00164458   0.00000000     0.00141995  -0.00000000
  0.00363871  -0.00000000     0.00363871  -0.00000000     0.00043510  -0.00000000
    3    6
 -0.00292975   0.00000000    -0.00430606   0.00000000     0.00430606  -0.00000000
 -0.00430606   0.00000000    -0.00292975   0.00000000     0.00430606  -0.00000000
  0.00430606  -0.00000000     0.00430606  -0.00000000    -0.00292975   0.00000000
    3    7
  0.00030542  -0.00000000     0.00082207  -0.00000000    -0.00082207   0.00000000
  0.00082207  -0.00000000     0.00030542  -0.00000000    -0.00082207   0.00000000
 -0.00082207   0.00000000    -0.00082207   0.00000000     0.00030542  -0.00000000
    3    8
  0.00045635  -0.00000000     0.00543172  -0.00000000    -0.00543172   0.00000000
  0.00332239  -0.00000000    -0.00377383   0.00000000     0.00293373  -0.00000000
 -0.00332239   0.00000000     0.00293373  -0.00000000    -0.00377383   0.00000000
    3    9
  0.00043510  -0.00000000    -0.00363871   0.00000000     0.00363871  -0.00000000
 -0.00141995   0.00000000    -0.00164458   0.00000000    -0.00113648   0.00000000
  0.00141995  -0.00000000    -0.00113648   0.00000000    -0.00164458   0.00000000
    3   10
 -0.00377383   0.00000000     0.00332239  -0.00000000     0.00293373  -0.00000000
  0.00543172  -0.00000000     0.00045635  -0.00000000    -0.00543172   0.00000000
  0.00293373  -0.00000000    -0.00332239   0.00000000    -0.00377383   0.00000000
    3   11
 -0.00164458   0.00000000    -0.00141995   0.00000000    -0.00113648   0.00000000
 -0.00363871   0.00000000     0.00043510  -0.00000000     0.00363871  -0.00000000
 -0.00113648   0.00000000     0.00141995  -0.00000000    -0.00164458   0.00000000
    4    1
 -0.00763977  -0.00000000     0.00188118   0.00000000     0.00036985   0.00000000
  0.00188118   0.00000000    -0.00763977  -0.00000000     0.00036985   0.00000000
 -0.00104757  -0.00000000    -0.00104757  -0.00000000     0.00431922   0.00000000
    4    2
 -0.00164458  -0.00000000     0.00113648   0.00000000     0.00363871   0.00000000
  0.00113648   0.00000000    -0.00164458  -0.00000000     0.00363871   0.00000000
  0.00141995   0.00000000     0.00141995   0.00000000     0.00043510   0.00000000
    4    3
 -0.00377383  -0.00000000    -0.00293373  -0.00000000    -0.00543172  -0.00000000
 -0.00293373  -0.00000000    -0.00377383  -0.00000000    -0.00543172  -0.00000000
 -0.00332239  -0.00000000    -0.00332239  -0.00000000     0.00045635   0.00000000
    4    4
  0.01271224   0.00000000     0.00138902   0.00000000     0.00014866   0.00000000
  0.00138902   0.00000000     0.01271224   0.00000000     0.00014866   0.00000000
  0.00014866   0.00000000     0.00014866   0.00000000     0.00528741   0.00000000
    4    5
  0.00072063   0.00000000    -0.00310922  -0.00000000    -0.00074897  -0.00000000
 -0.00310922  -0.00000000     0.00072063   0.00000000    -0.00074897  -0.00000000
 -0.00074897  -0.00000000    -0.00074897  -0.00000000     0.00108308   0.00000000
    4    6
  0.00017279  -0.00000000    -0.00098463   0.00000000    -0.00058397   0.00000000
 -0.00098463   0.00000000     0.00017279  -0.00000000    -0.00058397   0.00000000
  0.00011684  -0.00000000     0.00011684  -0.00000000    -0.00204152   0.00000000
    4    7
  0.00130546   0.00000000     0.00229949   0.00000000    -0.00050257  -0.00000000
  0.00229949   0.00000000     0.00130546   0.00000000    -0.00050257  -0.00000000
  0.00090396   0.00000000     0.00090396   0.00000000    -0.00266479  -0.00000000
    4    8
  0.00011883  -0.00000000    -0.00170399   0.00000000     0.00181343  -0.00000000
 -0.00006186   0.00000000     0.00264547  -0.00000000     0.00170399  -0.00000000
 -0.00105610   0.00000000     0.00006186  -0.00000000     0.00011883  -0.00000000
    4    9
 -0.00059143   0.00000000    -0.00205096   0.00000000     0.00250711  -0.00000000
 -0.00009770   0.00000000     0.00739290  -0.00000000     0.00205096  -0.00000000
  0.00032917  -0.00000000     0.00009770  -0.00000000    -0.00059143   0.00000000
    4   10
  0.00264547  -0.00000000    -0.00006186   0.00000000     0.00170399  -0.00000000
 -0.00170399   0.00000000     0.00011883  -0.00000000     0.00181343  -0.00000000
  0.00006186  -0.00000000    -0.00105610   0.00000000     0.00011883  -0.00000000
    4   11
  0.00739290  -0.00000000    -0.00009770   0.00000000     0.00205096  -0.00000000
 -0.00205096   0.00000000    -0.00059143   0.00000000     0.00250711  -0.00000000
  0.00009770  -0.00000000     0.00032917  -0.00000000    -0.00059143   0.00000000
    5    1
 -0.00763977  -0.00000000     0.00188118   0.00000000     0.00036985   0.00000000
  0.00188118   0.00000000    -0.00763977  -0.00000000     0.00036985   0.00000000
 -0.00104757  -0.00000000    -0.00104757  -0.00000000     0.00431922   0.00000000
    5    2
 -0.00377383  -0.00000000    -0.00293373  -0.00000000    -0.00543172  -0.00000000
 -0.00293373  -0.00000000    -0.00377383  -0.00000000    -0.00543172  -0.00000000
 -0.00332239  -0.00000000    -0.00332239  -0.00000000     0.00045635   0.00000000
    5    3
 -0.00164458  -0.00000000     0.00113648   0.00000000     0.00363871   0.00000000
  0.00113648   0.00000000    -0.00164458  -0.00000000     0.00363871   0.00000000
  0.00141995   0.00000000     0.00141995   0.00000000     0.00043510   0.00000000
    5    4
  0.00072063  -0.00000000    -0.00310922   0.00000000    -0.00074897   0.00000000
 -0.00310922   0.00000000     0.00072063  -0.00000000    -0.00074897   0.00000000
 -0.00074897   0.00000000    -0.00074897   0.00000000     0.00108308  -0.00000000
    5    5
  0.01271224   0.00000000     0.00138902   0.00000000     0.00014866   0.00000000
  0.00138902   0.00000000     0.01271224   0.00000000     0.00014866   0.00000000
  0.00014866   0.00000000     0.00014866   0.00000000     0.00528741   0.00000000
    5    6
  0.00130546  -0.00000000     0.00229949  -0.00000000    -0.00050257   0.00000000
  0.00229949  -0.00000000     0.00130546  -0.00000000    -0.00050257   0.00000000
  0.00090396  -0.00000000     0.00090396  -0.00000000    -0.00266479   0.00000000
    5    7
  0.00017279  -0.00000000    -0.00098463   0.00000000    -0.00058397   0.00000000
 -0.00098463   0.00000000     0.00017279  -0.00000000    -0.00058397   0.00000000
  0.00011684  -0.00000000     0.00011684  -0.00000000    -0.00204152   0.00000000
    5    8
 -0.00059143   0.00000000    -0.00205096   0.00000000     0.00250711   0.00000000
 -0.00009770   0.00000000     0.00739290   0.00000000     0.00205096   0.00000000
  0.00032917   0.00000000     0.00009770   0.00000000    -0.00059143   0.00000000
    5    9
  0.00011883  -0.00000000    -0.00170399   0.00000000     0.00181343  -0.00000000
 -0.00006186   0.00000000     0.00264547  -0.00000000     0.00170399  -0.00000000
 -0.00105610   0.00000000     0.00006186  -0.00000000     0.00011883  -0.00000000
    5   10
  0.00739290  -0.00000000    -0.00009770   0.00000000     0.00205096  -0.00000000
 -0.00205096   0.00000000    -0.00059143   0.00000000     0.00250711  -0.00000000
  0.00009770  -0.00000000     0.00032917  -0.00000000    -0.00059143   0.00000000
    5   11
  0.00264547  -0.00000000    -0.00006186   0.00000000     0.00170399  -0.00000000
 -0.00170399   0.00000000     0.00011883  -0.00000000     0.00181343  -0.00000000
  0.00006186  -0.00000000    -0.00105610   0.00000000     0.00011883  -0.00000000
    6    1
 -0.00801691  -0.00000000    -0.00257793  -0.00000000     0.00257793   0.00000000
 -0.00257793  -0.00000000    -0.00801691  -0.00000000     0.00257793   0.00000000
  0.00257793   0.00000000     0.00257793   0.00000000    -0.00801691  -0.00000000
    6    2
  0.00030542   0.00000000     0.00082207   0.00000000    -0.00082207  -0.00000000
  0.00082207   0.00000000     0.00030542   0.00000000    -0.00082207  -0.00000000
 -0.00082207  -0.00000000    -0.00082207  -0.00000000     0.00030542   0.00000000
    6    3
 -0.00292975  -0.00000000    -0.00430606  -0.00000000     0.00430606   0.00000000
 -0.00430606  -0.00000000    -0.00292975  -0.00000000     0.00430606   0.00000000
  0.00430606   0.00000000     0.00430606   0.00000000    -0.00292975  -0.00000000
    6    4
  0.00017279   0.00000000    -0.00098463  -0.00000000     0.00011684   0.00000000
 -0.00098463  -0.00000000     0.00017279   0.00000000     0.00011684   0.00000000
 -0.00058397  -0.00000000    -0.00058397  -0.00000000    -0.00204152  -0.00000000
    6    5
  0.00130546   0.00000000     0.00229949   0.00000000     0.00090396   0.00000000
  0.00229949   0.00000000     0.00130546   0.00000000     0.00090396   0.00000000
 -0.00050257  -0.00000000    -0.00050257  -0.00000000    -0.00266479  -0.00000000
    6    6
  0.01010436   0.00000000     0.00278416   0.00000000    -0.00278416   0.00000000
  0.00278416   0.00000000     0.01010436   0.00000000    -0.00278416   0.00000000
 -0.00278416   0.00000000    -0.00278416   0.00000000     0.01010436   0.00000000
    6    7
 -0.00283644   0.00000000    -0.00056526   0.00000000     0.00056526  -0.00000000
 -0.00056526   0.00000000    -0.00283644   0.00000000     0.00056526  -0.00000000
  0.00056526  -0.00000000     0.00056526  -0.00000000    -0.00283644   0.00000000
    6    8
 -0.00204152  -0.00000000     0.00058397   0.00000000    -0.00058397  -0.00000000
 -0.00011684  -0.00000000     0.00017279   0.00000000     0.00098463   0.00000000
  0.00011684   0.00000000     0.00098463   0.00000000     0.00017279   0.00000000
    6    9
 -0.00266479   0.00000000     0.00050257  -0.00000000    -0.00050257   0.00000000
 -0.00090396   0.00000000     0.00130546  -0.00000000    -0.00229949   0.00000000
  0.00090396  -0.00000000    -0.00229949   0.00000000     0.00130546  -0.00000000
    6   10
  0.00017279  -0.00000000    -0.00011684  -0.00000000     0.00098463   0.00000000
  0.00058397   0.00000000    -0.00204152  -0.00000000    -0.00058397  -0.00000000
  0.00098463   0.00000000     0.00011684  -0.00000000     0.00017279   0.00000000
    6   11
  0.00130546   0.00000000    -0.00090396  -0.00000000    -0.00229949  -0.00000000
  0.00050257   0.00000000    -0.00266479  -0.00000000    -0.00050257  -0.00000000
 -0.00229949  -0.00000000     0.00090396   0.00000000     0.00130546   0.00000000
    7    1
 -0.00801691  -0.00000000    -0.00257793  -0.00000000     0.00257793   0.00000000
 -0.00257793  -0.00000000    -0.00801691  -0.00000000     0.00257793   0.00000000
  0.00257793   0.00000000     0.00257793   0.00000000    -0.00801691  -0.00000000
    7    2
 -0.00292975  -0.00000000    -0.00430606  -0.00000000     0.00430606   0.00000000
 -0.00430606  -0.00000000    -0.00292975  -0.00000000     0.00430606   0.00000000
  0.00430606   0.00000000     0.00430606   0.00000000    -0.00292975  -0.00000000
    7    3
  0.00030542   0.00000000     0.00082207   0.00000000    -0.00082207  -0.00000000
  0.00082207   0.00000000     0.00030542   0.00000000    -0.00082207  -0.00000000
 -0.00082207  -0.00000000    -0.00082207  -0.00000000     0.00030542   0.00000000
    7    4
  0.00130546  -0.00000000     0.00229949  -0.00000000     0.00090396  -0.00000000
  0.00229949  -0.00000000     0.00130546  -0.00000000     0.00090396  -0.00000000
 -0.00050257   0.00000000    -0.00050257   0.00000000    -0.00266479   0.00000000
    7    5
  0.00017279   0.00000000    -0.00098463  -0.00000000     0.00011684   0.00000000
 -0.00098463  -0.00000000     0.00017279   0.00000000     0.00011684   0.00000000
 -0.00058397  -0.00000000    -0.00058397  -0.00000000    -0.00204152  -0.00000000
    7    6
 -0.00283644  -0.00000000    -0.00056526  -0.00000000     0.00056526   0.00000000
 -0.00056526  -0.00000000    -0.00283644  -0.00000000     0.00056526   0.00000000
  0.00056526   0.00000000     0.00056526   0.00000000    -0.00283644  -0.00000000
    7    7
  0.01010436   0.00000000     0.00278416   0.00000000    -0.00278416   0.00000000
  0.00278416   0.00000000     0.01010436   0.00000000    -0.00278416   0.00000000
 -0.00278416   0.00000000    -0.00278416   0.00000000     0.01010436   0.00000000
    7    8
 -0.00266479   0.00000000     0.00050257  -0.00000000    -0.00050257  -0.00000000
 -0.00090396   0.00000000     0.00130546   0.00000000    -0.00229949  -0.00000000
  0.00090396   0.00000000    -0.00229949   0.00000000     0.00130546   0.00000000
    7    9
 -0.00204152   0.00000000     0.00058397  -0.00000000    -0.00058397   0.00000000
 -0.00011684   0.00000000     0.00017279  -0.00000000     0.00098463  -0.00000000
  0.00011684  -0.00000000     0.00098463  -0.00000000     0.00017279  -0.00000000
    7   10
  0.00130546  -0.00000000    -0.00090396   0.00000000    -0.00229949   0.00000000
  0.00050257  -0.00000000    -0.00266479   0.00000000    -0.00050257   0.00000000
 -0.00229949   0.00000000     0.00090396  -0.00000000     0.00130546  -0.00000000
    7   11
  0.00017279   0.00000000    -0.00011684  -0.00000000     0.00098463   0.00000000
  0.00058397   0.00000000    -0.00204152  -0.00000000    -0.00058397  -0.00000000
  0.00098463   0.00000000     0.00011684   0.00000000     0.00017279   0.00000000
    8    1
  0.00431922   0.00000000     0.00104757   0.00000000    -0.00104757  -0.00000000
 -0.00036985  -0.00000000    -0.00763977  -0.00000000    -0.00188118  -0.00000000
  0.00036985   0.00000000    -0.00188118  -0.00000000    -0.00763977  -0.00000000
    8    2
  0.00043510   0.00000000    -0.00141995  -0.00000000     0.00141995   0.00000000
 -0.00363871  -0.00000000    -0.00164458  -0.00000000    -0.00113648  -0.00000000
  0.00363871   0.00000000    -0.00113648  -0.00000000    -0.00164458  -0.00000000
    8    3
  0.00045635   0.00000000     0.00332239   0.00000000    -0.00332239  -0.00000000
  0.00543172   0.00000000    -0.00377383  -0.00000000     0.00293373   0.00000000
 -0.00543172  -0.00000000     0.00293373   0.00000000    -0.00377383  -0.00000000
    8    4
  0.00011883   0.00000000    -0.00006186  -0.00000000    -0.00105610  -0.00000000
 -0.00170399  -0.00000000     0.00264547   0.00000000     0.00006186   0.00000000
  0.00181343   0.00000000     0.00170399   0.00000000     0.00011883   0.00000000
    8    5
 -0.00059143   0.00000000    -0.00009770   0.00000000     0.00032917   0.00000000
 -0.00205096   0.00000000     0.00739290   0.00000000     0.00009770   0.00000000
  0.00250711   0.00000000     0.00205096   0.00000000    -0.00059143   0.00000000
    8    6
 -0.00204152   0.00000000    -0.00011684   0.00000000     0.00011684  -0.00000000
  0.00058397  -0.00000000     0.00017279  -0.00000000     0.00098463  -0.00000000
 -0.00058397   0.00000000     0.00098463  -0.00000000     0.00017279  -0.00000000
    8    7
 -0.00266479  -0.00000000    -0.00090396  -0.00000000     0.00090396  -0.00000000
  0.00050257   0.00000000     0.00130546  -0.00000000    -0.00229949  -0.00000000
 -0.00050257   0.00000000    -0.00229949   0.00000000     0.00130546  -0.00000000
    8    8
  0.00528741   0.00000000    -0.00014866   0.00000000     0.00014866   0.00000000
 -0.00014866   0.00000000     0.01271224   0.00000000    -0.00138902   0.00000000
  0.00014866   0.00000000    -0.00138902   0.00000000     0.01271224   0.00000000
    8    9
  0.00108308  -0.00000000     0.00074897  -0.00000000    -0.00074897   0.00000000
  0.00074897  -0.00000000     0.00072063  -0.00000000     0.00310922  -0.00000000
 -0.00074897   0.00000000     0.00310922  -0.00000000     0.00072063  -0.00000000
    8   10
  0.00011883  -0.00000000     0.00105610  -0.00000000     0.00006186  -0.00000000
 -0.00181343   0.00000000     0.00011883  -0.00000000     0.00170399  -0.00000000
  0.00170399  -0.00000000     0.00006186  -0.00000000     0.00264547  -0.00000000
    8   11
 -0.00059143  -0.00000000    -0.00032917  -0.00000000     0.00009770   0.00000000
 -0.00250711  -0.00000000    -0.00059143  -0.00000000     0.00205096   0.00000000
  0.00205096   0.00000000     0.00009770   0.00000000     0.00739290   0.00000000
    9    1
  0.00431922   0.00000000     0.00104757   0.00000000    -0.00104757  -0.00000000
 -0.00036985  -0.00000000    -0.00763977  -0.00000000    -0.00188118  -0.00000000
  0.00036985   0.00000000    -0.00188118  -0.00000000    -0.00763977  -0.00000000
    9    2
  0.00045635   0.00000000     0.00332239   0.00000000    -0.00332239  -0.00000000
  0.00543172   0.00000000    -0.00377383  -0.00000000     0.00293373   0.00000000
 -0.00543172  -0.00000000     0.00293373   0.00000000    -0.00377383  -0.00000000
    9    3
  0.00043510   0.00000000    -0.00141995  -0.00000000     0.00141995   0.00000000
 -0.00363871  -0.00000000    -0.00164458  -0.00000000    -0.00113648  -0.00000000
  0.00363871   0.00000000    -0.00113648  -0.00000000    -0.00164458  -0.00000000
    9    4
 -0.00059143  -0.00000000    -0.00009770  -0.00000000     0.00032917   0.00000000
 -0.00205096  -0.00000000     0.00739290   0.00000000     0.00009770   0.00000000
  0.00250711   0.00000000     0.00205096   0.00000000    -0.00059143  -0.00000000
    9    5
  0.00011883   0.00000000    -0.00006186  -0.00000000    -0.00105610  -0.00000000
 -0.00170399  -0.00000000     0.00264547   0.00000000     0.00006186   0.00000000
  0.00181343   0.00000000     0.00170399   0.00000000     0.00011883   0.00000000
    9    6
 -0.00266479  -0.00000000    -0.00090396  -0.00000000     0.00090396   0.00000000
  0.00050257   0.00000000     0.00130546   0.00000000    -0.00229949  -0.00000000
 -0.00050257  -0.00000000    -0.00229949  -0.00000000     0.00130546   0.00000000
    9    7
 -0.00204152  -0.00000000    -0.00011684  -0.00000000     0.00011684   0.00000000
  0.00058397   0.00000000     0.00017279   0.00000000     0.00098463   0.00000000
 -0.00058397  -0.00000000     0.00098463   0.00000000     0.00017279   0.00000000
    9    8
  0.00108308   0.00000000     0.00074897   0.00000000    -0.00074897  -0.00000000
  0.00074897   0.00000000     0.00072063   0.00000000     0.00310922   0.00000000
 -0.00074897  -0.00000000     0.00310922   0.00000000     0.00072063   0.00000000
    9    9
  0.00528741   0.00000000    -0.00014866   0.00000000     0.00014866   0.00000000
 -0.00014866   0.00000000     0.01271224   0.00000000    -0.00138902   0.00000000
  0.00014866   0.00000000    -0.00138902   0.00000000     0.01271224   0.00000000
    9   10
 -0.00059143  -0.00000000    -0.00032917  -0.00000000     0.00009770   0.00000000
 -0.00250711  -0.00000000    -0.00059143  -0.00000000     0.00205096   0.00000000
  0.00205096   0.00000000     0.00009770   0.00000000     0.00739290   0.00000000
    9   11
  0.00011883   0.00000000     0.00105610   0.00000000     0.00006186   0.00000000
 -0.00181343  -0.00000000     0.00011883   0.00000000     0.00170399   0.00000000
  0.00170399   0.00000000     0.00006186   0.00000000     0.00264547   0.00000000
   10    1
 -0.00763977  -0.00000000    -0.00036985  -0.00000000    -0.00188118  -0.00000000
  0.00104757   0.00000000     0.00431922   0.00000000    -0.00104757  -0.00000000
 -0.00188118  -0.00000000     0.00036985   0.00000000    -0.00763977  -0.00000000
   10    2
 -0.00164458  -0.00000000    -0.00363871  -0.00000000    -0.00113648  -0.00000000
 -0.00141995  -0.00000000     0.00043510   0.00000000     0.00141995   0.00000000
 -0.00113648  -0.00000000     0.00363871   0.00000000    -0.00164458  -0.00000000
   10    3
 -0.00377383  -0.00000000     0.00543172   0.00000000     0.00293373   0.00000000
  0.00332239   0.00000000     0.00045635   0.00000000    -0.00332239  -0.00000000
  0.00293373   0.00000000    -0.00543172  -0.00000000    -0.00377383  -0.00000000
   10    4
  0.00264547   0.00000000    -0.00170399  -0.00000000     0.00006186   0.00000000
 -0.00006186  -0.00000000     0.00011883   0.00000000    -0.00105610  -0.00000000
  0.00170399   0.00000000     0.00181343   0.00000000     0.00011883   0.00000000
   10    5
  0.00739290   0.00000000    -0.00205096  -0.00000000     0.00009770   0.00000000
 -0.00009770  -0.00000000    -0.00059143  -0.00000000     0.00032917   0.00000000
  0.00205096   0.00000000     0.00250711   0.00000000    -0.00059143  -0.00000000
   10    6
  0.00017279   0.00000000     0.00058397  -0.00000000     0.00098463  -0.00000000
 -0.00011684   0.00000000    -0.00204152   0.00000000     0.00011684   0.00000000
  0.00098463  -0.00000000    -0.00058397   0.00000000     0.00017279  -0.00000000
   10    7
  0.00130546   0.00000000     0.00050257   0.00000000    -0.00229949  -0.00000000
 -0.00090396  -0.00000000    -0.00266479  -0.00000000     0.00090396   0.00000000
 -0.00229949  -0.00000000    -0.00050257  -0.00000000     0.00130546   0.00000000
   10    8
  0.00011883   0.00000000    -0.00181343  -0.00000000     0.00170399   0.00000000
  0.00105610   0.00000000     0.00011883   0.00000000     0.00006186   0.00000000
  0.00006186   0.00000000     0.00170399   0.00000000     0.00264547   0.00000000
   10    9
 -0.00059143   0.00000000    -0.00250711   0.00000000     0.00205096  -0.00000000
 -0.00032917   0.00000000    -0.00059143   0.00000000     0.00009770  -0.00000000
  0.00009770  -0.00000000     0.00205096  -0.00000000     0.00739290  -0.00000000
   10   10
  0.01271224   0.00000000    -0.00014866   0.00000000    -0.00138902   0.00000000
 -0.00014866   0.00000000     0.00528741   0.00000000     0.00014866   0.00000000
 -0.00138902   0.00000000     0.00014866   0.00000000     0.01271224   0.00000000
   10   11
  0.00072063   0.00000000     0.00074897   0.00000000     0.00310922   0.00000000
  0.00074897   0.00000000     0.00108308   0.00000000    -0.00074897  -0.00000000
  0.00310922   0.00000000    -0.00074897  -0.00000000     0.00072063   0.00000000
   11    1
 -0.00763977  -0.00000000    -0.00036985  -0.00000000    -0.00188118  -0.00000000
  0.00104757   0.00000000     0.00431922   0.00000000    -0.00104757  -0.00000000
 -0.00188118  -0.00000000     0.00036985   0.00000000    -0.00763977  -0.00000000
   11    2
 -0.00377383  -0.00000000     0.00543172   0.00000000     0.00293373   0.00000000
  0.00332239   0.00000000     0.00045635   0.00000000    -0.00332239  -0.00000000
  0.00293373   0.00000000    -0.00543172  -0.00000000    -0.00377383  -0.00000000
   11    3
 -0.00164458  -0.00000000    -0.00363871  -0.00000000    -0.00113648  -0.00000000
 -0.00141995  -0.00000000     0.00043510   0.00000000     0.00141995   0.00000000
 -0.00113648  -0.00000000     0.00363871   0.00000000    -0.00164458  -0.00000000
   11    4
  0.00739290   0.00000000    -0.00205096  -0.00000000     0.00009770   0.00000000
 -0.00009770  -0.00000000    -0.00059143  -0.00000000     0.00032917   0.00000000
  0.00205096   0.00000000     0.00250711   0.00000000    -0.00059143  -0.00000000
   11    5
  0.00264547   0.00000000    -0.00170399  -0.00000000     0.00006186   0.00000000
 -0.00006186  -0.00000000     0.00011883   0.00000000    -0.00105610  -0.00000000
  0.00170399   0.00000000     0.00181343   0.00000000     0.00011883   0.00000000
   11    6
  0.00130546  -0.00000000     0.00050257  -0.00000000    -0.00229949   0.00000000
 -0.00090396   0.00000000    -0.00266479   0.00000000     0.00090396  -0.00000000
 -0.00229949   0.00000000    -0.00050257   0.00000000     0.00130546  -0.00000000
   11    7
  0.00017279  -0.00000000     0.00058397  -0.00000000     0.00098463  -0.00000000
 -0.00011684   0.00000000    -0.00204152   0.00000000     0.00011684  -0.00000000
  0.00098463  -0.00000000    -0.00058397   0.00000000     0.00017279  -0.00000000
   11    8
 -0.00059143   0.00000000    -0.00250711   0.00000000     0.00205096  -0.00000000
 -0.00032917   0.00000000    -0.00059143   0.00000000     0.00009770  -0.00000000
  0.00009770  -0.00000000     0.00205096  -0.00000000     0.00739290  -0.00000000
   11    9
  0.00011883  -0.00000000    -0.00181343   0.00000000     0.00170399  -0.00000000
  0.00105610  -0.00000000     0.00011883  -0.00000000     0.00006186  -0.00000000
  0.00006186  -0.00000000     0.00170399  -0.00000000     0.00264547  -0.00000000
   11   10
  0.00072063  -0.00000000     0.00074897  -0.00000000     0.00310922  -0.00000000
  0.00074897  -0.00000000     0.00108308  -0.00000000    -0.00074897   0.00000000
  0.00310922  -0.00000000    -0.00074897   0.00000000     0.00072063  -0.00000000
   11   11
  0.01271224   0.00000000    -0.00014866   0.00000000    -0.00138902   0.00000000
 -0.00014866   0.00000000     0.00528741   0.00000000     0.00014866   0.00000000
 -0.00138902   0.00000000     0.00014866   0.00000000     0.01271224   0.00000000

     Dynamical  Matrix in cartesian axes

     q = (   -0.353553391   0.353553391   0.353553391 ) 

    1    1
  0.03727785   0.00000000    -0.00473869   0.00000000    -0.00473869   0.00000000
 -0.00473869   0.00000000     0.03727785   0.00000000     0.00473869   0.00000000
 -0.00473869   0.00000000     0.00473869   0.00000000     0.03727785   0.00000000
    1    2
  0.00389010   0.00000000    -0.00465091   0.00000000    -0.00465091   0.00000000
 -0.00465091   0.00000000     0.00389010   0.00000000     0.00465091   0.00000000
 -0.00465091   0.00000000     0.00465091   0.00000000     0.00389010   0.00000000
    1    3
  0.00389010   0.00000000    -0.00465091   0.00000000    -0.00465091   0.00000000
 -0.00465091   0.00000000     0.00389010   0.00000000     0.00465091   0.00000000
 -0.00465091   0.00000000     0.00465091   0.00000000     0.00389010   0.00000000
    1    4
  0.00431922   0.00000000     0.00036985   0.00000000     0.00036985   0.00000000
 -0.00104757  -0.00000000    -0.00763977  -0.00000000     0.00188118   0.00000000
 -0.00104757  -0.00000000     0.00188118   0.00000000    -0.00763977  -0.00000000
    1    5
  0.00431922   0.00000000     0.00036985   0.00000000     0.00036985   0.00000000
 -0.00104757  -0.00000000    -0.00763977  -0.00000000     0.00188118   0.00000000
 -0.00104757  -0.00000000     0.00188118   0.00000000    -0.00763977  -0.00000000
    1    6
 -0.00763977  -0.00000000    -0.00104757  -0.00000000    -0.00188118  -0.00000000
  0.00036985   0.00000000     0.00431922   0.00000000    -0.00036985  -0.00000000
 -0.00188118  -0.00000000     0.00104757   0.00000000    -0.00763977  -0.00000000
    1    7
 -0.00763977  -0.00000000    -0.00104757  -0.00000000    -0.00188118  -0.00000000
  0.00036985   0.00000000     0.00431922   0.00000000    -0.00036985  -0.00000000
 -0.00188118  -0.00000000     0.00104757   0.00000000    -0.00763977  -0.00000000
    1    8
 -0.00763977  -0.00000000    -0.00188118  -0.00000000    -0.00104757  -0.00000000
 -0.00188118  -0.00000000    -0.00763977  -0.00000000     0.00104757   0.00000000
  0.00036985   0.00000000    -0.00036985  -0.00000000     0.00431922   0.00000000
    1    9
 -0.00763977  -0.00000000    -0.00188118  -0.00000000    -0.00104757  -0.00000000
 -0.00188118  -0.00000000    -0.00763977  -0.00000000     0.00104757   0.00000000
  0.00036985   0.00000000    -0.00036985  -0.00000000     0.00431922   0.00000000
    1   10
 -0.00801691  -0.00000000     0.00257793   0.00000000     0.00257793   0.00000000
  0.00257793   0.00000000    -0.00801691  -0.00000000    -0.00257793  -0.00000000
  0.00257793   0.00000000    -0.00257793  -0.00000000    -0.00801691  -0.00000000
    1   11
 -0.00801691  -0.00000000     0.00257793   0.00000000     0.00257793   0.00000000
  0.00257793   0.00000000    -0.00801691  -0.00000000    -0.00257793  -0.00000000
  0.00257793   0.00000000    -0.00257793  -0.00000000    -0.00801691  -0.00000000
    2    1
  0.00389010   0.00000000    -0.00465091   0.00000000    -0.00465091   0.00000000
 -0.00465091   0.00000000     0.00389010   0.00000000     0.00465091   0.00000000
 -0.00465091   0.00000000     0.00465091   0.00000000     0.00389010   0.00000000
    2    2
  0.01761131   0.00000000    -0.00282500   0.00000000    -0.00282500   0.00000000
 -0.00282500   0.00000000     0.01761131   0.00000000     0.00282500   0.00000000
 -0.00282500   0.00000000     0.00282500   0.00000000     0.01761131   0.00000000
    2    3
 -0.00712422   0.00000000     0.00037923   0.00000000     0.00037923   0.00000000
  0.00037923   0.00000000    -0.00712422   0.00000000    -0.00037923   0.00000000
  0.00037923   0.00000000    -0.00037923   0.00000000    -0.00712422   0.00000000
    2    4
  0.00043510   0.00000000     0.00363871   0.00000000     0.00363871   0.00000000
  0.00141995   0.00000000    -0.00164458  -0.00000000     0.00113648   0.00000000
  0.00141995   0.00000000     0.00113648   0.00000000    -0.00164458  -0.00000000
    2    5
  0.00045635   0.00000000    -0.00543172  -0.00000000    -0.00543172  -0.00000000
 -0.00332239  -0.00000000    -0.00377383  -0.00000000    -0.00293373  -0.00000000
 -0.00332239  -0.00000000    -0.00293373  -0.00000000    -0.00377383  -0.00000000
    2    6
 -0.00164458  -0.00000000     0.00141995   0.00000000    -0.00113648  -0.00000000
  0.00363871   0.00000000     0.00043510   0.00000000    -0.00363871  -0.00000000
 -0.00113648  -0.00000000    -0.00141995  -0.00000000    -0.00164458  -0.00000000
    2    7
 -0.00377383  -0.00000000    -0.00332239  -0.00000000     0.00293373   0.00000000
 -0.00543172  -0.00000000     0.00045635   0.00000000     0.00543172   0.00000000
  0.00293373   0.00000000     0.00332239   0.00000000    -0.00377383  -0.00000000
    2    8
 -0.00164458  -0.00000000    -0.00113648  -0.00000000     0.00141995   0.00000000
 -0.00113648  -0.00000000    -0.00164458  -0.00000000    -0.00141995  -0.00000000
  0.00363871   0.00000000    -0.00363871  -0.00000000     0.00043510   0.00000000
    2    9
 -0.00377383  -0.00000000     0.00293373   0.00000000    -0.00332239  -0.00000000
  0.00293373   0.00000000    -0.00377383  -0.00000000     0.00332239   0.00000000
 -0.00543172  -0.00000000     0.00543172   0.00000000     0.00045635   0.00000000
    2   10
  0.00030542   0.00000000    -0.00082207  -0.00000000    -0.00082207  -0.00000000
 -0.00082207  -0.00000000     0.00030542   0.00000000     0.00082207   0.00000000
 -0.00082207  -0.00000000     0.00082207   0.00000000     0.00030542   0.00000000
    2   11
 -0.00292975  -0.00000000     0.00430606   0.00000000     0.00430606   0.00000000
  0.00430606   0.00000000    -0.00292975  -0.00000000    -0.00430606  -0.00000000
  0.00430606   0.00000000    -0.00430606  -0.00000000    -0.00292975  -0.00000000
    3    1
  0.00389010   0.00000000    -0.00465091   0.00000000    -0.00465091   0.00000000
 -0.00465091   0.00000000     0.00389010   0.00000000     0.00465091   0.00000000
 -0.00465091   0.00000000     0.00465091   0.00000000     0.00389010   0.00000000
    3    2
 -0.00712422   0.00000000     0.00037923   0.00000000     0.00037923   0.00000000
  0.00037923   0.00000000    -0.00712422   0.00000000    -0.00037923   0.00000000
  0.00037923   0.00000000    -0.00037923   0.00000000    -0.00712422   0.00000000
    3    3
  0.01761131   0.00000000    -0.00282500   0.00000000    -0.00282500   0.00000000
 -0.00282500   0.00000000     0.01761131   0.00000000     0.00282500   0.00000000
 -0.00282500   0.00000000     0.00282500   0.00000000     0.01761131   0.00000000
    3    4
  0.00045635   0.00000000    -0.00543172  -0.00000000    -0.00543172  -0.00000000
 -0.00332239  -0.00000000    -0.00377383  -0.00000000    -0.00293373  -0.00000000
 -0.00332239  -0.00000000    -0.00293373  -0.00000000    -0.00377383  -0.00000000
    3    5
  0.00043510   0.00000000     0.00363871   0.00000000     0.00363871   0.00000000
  0.00141995   0.00000000    -0.00164458  -0.00000000     0.00113648   0.00000000
  0.00141995   0.00000000     0.00113648   0.00000000    -0.00164458  -0.00000000
    3    6
 -0.00377383  -0.00000000    -0.00332239  -0.00000000     0.00293373   0.00000000
 -0.00543172  -0.00000000     0.00045635   0.00000000     0.00543172   0.00000000
  0.00293373   0.00000000     0.00332239   0.00000000    -0.00377383  -0.00000000
    3    7
 -0.00164458  -0.00000000     0.00141995   0.00000000    -0.00113648  -0.00000000
  0.00363871   0.00000000     0.00043510   0.00000000    -0.00363871  -0.00000000
 -0.00113648  -0.00000000    -0.00141995  -0.00000000    -0.00164458  -0.00000000
    3    8
 -0.00377383  -0.00000000     0.00293373   0.00000000    -0.00332239  -0.00000000
  0.00293373   0.00000000    -0.00377383  -0.00000000     0.00332239   0.00000000
 -0.00543172  -0.00000000     0.00543172   0.00000000     0.00045635   0.00000000
    3    9
 -0.00164458  -0.00000000    -0.00113648  -0.00000000     0.00141995   0.00000000
 -0.00113648  -0.00000000    -0.00164458  -0.00000000    -0.00141995  -0.00000000
  0.00363871   0.00000000    -0.00363871  -0.00000000     0.00043510   0.00000000
    3   10
 -0.00292975  -0.00000000     0.00430606   0.00000000     0.00430606   0.00000000
  0.00430606   0.00000000    -0.00292975  -0.00000000    -0.00430606  -0.00000000
  0.00430606   0.00000000    -0.00430606  -0.00000000    -0.00292975  -0.00000000
    3   11
  0.00030542   0.00000000    -0.00082207  -0.00000000    -0.00082207  -0.00000000
 -0.00082207  -0.00000000     0.00030542   0.00000000     0.00082207   0.00000000
 -0.00082207  -0.00000000     0.00082207   0.00000000     0.00030542   0.00000000
    4    1
  0.00431922  -0.00000000    -0.00104757   0.00000000    -0.00104757   0.00000000
