  5.000000000000000E-003   1.62511788006490        4.79468378787768     
           8

     Dynamical  Matrix in cartesian axes

     q = (    0.235702260   0.235702260  -0.235702260 ) 

    1    1
  0.04176551   0.00000000     0.02636986   0.00000000    -0.02636986   0.00000000
  0.02636986   0.00000000     0.04176551   0.00000000    -0.02636986   0.00000000
 -0.02636986   0.00000000    -0.02636986   0.00000000     0.04176551   0.00000000
    1    2
  0.02790982  -0.00676048     0.02776074  -0.00837505    -0.02776074   0.00837505
  0.02776074  -0.00837505     0.02790982  -0.00676048    -0.02776074   0.00837505
 -0.02776074   0.00837505    -0.02776074   0.00837505     0.02790982  -0.00676048
    1    3
  0.02790982   0.00676048     0.02776074   0.00837505    -0.02776074  -0.00837505
  0.02776074   0.00837505     0.02790982   0.00676048    -0.02776074  -0.00837505
 -0.02776074  -0.00837505    -0.02776074  -0.00837505     0.02790982   0.00676048
    1    4
 -0.01176576  -0.01748999    -0.00785816  -0.01539167     0.00155179   0.00279380
 -0.00785816  -0.01539167    -0.01176576  -0.01748999     0.00155179   0.00279380
  0.00795948   0.01663135     0.00795948   0.01663135    -0.00075585  -0.00121100
    1    5
 -0.01176576   0.01748999    -0.00785816   0.01539167     0.00155179  -0.00279380
 -0.00785816   0.01539167    -0.01176576   0.01748999     0.00155179  -0.00279380
  0.00795948  -0.01663135     0.00795948  -0.01663135    -0.00075585   0.00121100
    1    6
 -0.01482198  -0.00585753    -0.01180750  -0.00759919     0.01180750   0.00759919
 -0.01180750  -0.00759919    -0.01482198  -0.00585753     0.01180750   0.00759919
  0.01180750   0.00759919     0.01180750   0.00759919    -0.01482198  -0.00585753
    1    7
 -0.01482198   0.00585753    -0.01180750   0.00759919     0.01180750  -0.00759919
 -0.01180750   0.00759919    -0.01482198   0.00585753     0.01180750  -0.00759919
  0.01180750  -0.00759919     0.01180750  -0.00759919    -0.01482198   0.00585753
    1    8
 -0.00075585  -0.00121100    -0.00795948  -0.01663135     0.00795948   0.01663135
 -0.00155179  -0.00279380    -0.01176576  -0.01748999     0.00785816   0.01539167
  0.00155179   0.00279380     0.00785816   0.01539167    -0.01176576  -0.01748999
    1    9
 -0.00075585   0.00121100    -0.00795948   0.01663135     0.00795948  -0.01663135
 -0.00155179   0.00279380    -0.01176576   0.01748999     0.00785816  -0.01539167
  0.00155179  -0.00279380     0.00785816  -0.01539167    -0.01176576   0.01748999
    1   10
 -0.01176576  -0.01748999    -0.00155179  -0.00279380     0.00785816   0.01539167
 -0.00795948  -0.01663135    -0.00075585  -0.00121100     0.00795948   0.01663135
  0.00785816   0.01539167     0.00155179   0.00279380    -0.01176576  -0.01748999
    1   11
 -0.01176576   0.01748999    -0.00155179   0.00279380     0.00785816  -0.01539167
 -0.00795948   0.01663135    -0.00075585   0.00121100     0.00795948  -0.01663135
  0.00785816  -0.01539167     0.00155179  -0.00279380    -0.01176576   0.01748999
    2    1
  0.02790982   0.00676048     0.02776074   0.00837505    -0.02776074  -0.00837505
  0.02776074   0.00837505     0.02790982   0.00676048    -0.02776074  -0.00837505
 -0.02776074  -0.00837505    -0.02776074  -0.00837505     0.02790982   0.00676048
    2    2
  0.04029544  -0.00000000     0.03204439  -0.00000000    -0.03204439   0.00000000
  0.03204439  -0.00000000     0.04029544  -0.00000000    -0.03204439   0.00000000
 -0.03204439   0.00000000    -0.03204439   0.00000000     0.04029544  -0.00000000
    2    3
  0.01947318   0.01054586     0.01896593   0.01415777    -0.01896593  -0.01415777
  0.01896593   0.01415777     0.01947318   0.01054586    -0.01896593  -0.01415777
 -0.01896593  -0.01415777    -0.01896593  -0.01415777     0.01947318   0.01054586
    2    4
 -0.01003385  -0.01572620    -0.00473570  -0.01502577     0.00223580   0.00478142
 -0.00473570  -0.01502577    -0.01003385  -0.01572620     0.00223580   0.00478142
  0.00263947   0.01854198     0.00263947   0.01854198     0.00008468  -0.00159936
    2    5
 -0.01483183   0.01918477    -0.01464081   0.01346144    -0.00009161  -0.00278868
 -0.01464081   0.01346144    -0.01483183   0.01918477    -0.00009161  -0.00278868
  0.00919555  -0.01392494     0.00919555  -0.01392494    -0.00316988   0.00088475
    2    6
 -0.00567957  -0.00653447    -0.00518323  -0.00781832     0.00518323   0.00781832
 -0.00518323  -0.00781832    -0.00567957  -0.00653447     0.00518323   0.00781832
  0.00518323   0.00781832     0.00518323   0.00781832    -0.00567957  -0.00653447
    2    7
 -0.02030009   0.00444256    -0.01904783   0.00525322     0.01904783  -0.00525322
 -0.01904783   0.00525322    -0.02030009   0.00444256     0.01904783  -0.00525322
  0.01904783  -0.00525322     0.01904783  -0.00525322    -0.02030009   0.00444256
    2    8
  0.00008468  -0.00159936    -0.00263947  -0.01854198     0.00263947   0.01854198
 -0.00223580  -0.00478142    -0.01003385  -0.01572620     0.00473570   0.01502577
  0.00223580   0.00478142     0.00473570   0.01502577    -0.01003385  -0.01572620
    2    9
 -0.00316988   0.00088475    -0.00919555   0.01392494     0.00919555  -0.01392494
  0.00009161   0.00278868    -0.01483183   0.01918477     0.01464081  -0.01346144
 -0.00009161  -0.00278868     0.01464081  -0.01346144    -0.01483183   0.01918477
    2   10
 -0.01003385  -0.01572620    -0.00223580  -0.00478142     0.00473570   0.01502577
 -0.00263947  -0.01854198     0.00008468  -0.00159936     0.00263947   0.01854198
  0.00473570   0.01502577     0.00223580   0.00478142    -0.01003385  -0.01572620
    2   11
 -0.01483183   0.01918477     0.00009161   0.00278868     0.01464081  -0.01346144
 -0.00919555   0.01392494    -0.00316988   0.00088475     0.00919555  -0.01392494
  0.01464081  -0.01346144    -0.00009161  -0.00278868    -0.01483183   0.01918477
    3    1
  0.02790982  -0.00676048     0.02776074  -0.00837505    -0.02776074   0.00837505
  0.02776074  -0.00837505     0.02790982  -0.00676048    -0.02776074   0.00837505
 -0.02776074   0.00837505    -0.02776074   0.00837505     0.02790982  -0.00676048
    3    2
  0.01947318  -0.01054586     0.01896593  -0.01415777    -0.01896593   0.01415777
  0.01896593  -0.01415777     0.01947318  -0.01054586    -0.01896593   0.01415777
 -0.01896593   0.01415777    -0.01896593   0.01415777     0.01947318  -0.01054586
    3    3
  0.04029544   0.00000000     0.03204439   0.00000000    -0.03204439  -0.00000000
  0.03204439   0.00000000     0.04029544   0.00000000    -0.03204439  -0.00000000
 -0.03204439  -0.00000000    -0.03204439  -0.00000000     0.04029544   0.00000000
    3    4
 -0.01483183  -0.01918477    -0.01464081  -0.01346144    -0.00009161   0.00278868
 -0.01464081  -0.01346144    -0.01483183  -0.01918477    -0.00009161   0.00278868
  0.00919555   0.01392494     0.00919555   0.01392494    -0.00316988  -0.00088475
    3    5
 -0.01003385   0.01572620    -0.00473570   0.01502577     0.00223580  -0.00478142
 -0.00473570   0.01502577    -0.01003385   0.01572620     0.00223580  -0.00478142
  0.00263947  -0.01854198     0.00263947  -0.01854198     0.00008468   0.00159936
    3    6
 -0.02030009  -0.00444256    -0.01904783  -0.00525322     0.01904783   0.00525322
 -0.01904783  -0.00525322    -0.02030009  -0.00444256     0.01904783   0.00525322
  0.01904783   0.00525322     0.01904783   0.00525322    -0.02030009  -0.00444256
    3    7
 -0.00567957   0.00653447    -0.00518323   0.00781832     0.00518323  -0.00781832
 -0.00518323   0.00781832    -0.00567957   0.00653447     0.00518323  -0.00781832
  0.00518323  -0.00781832     0.00518323  -0.00781832    -0.00567957   0.00653447
    3    8
 -0.00316988  -0.00088475    -0.00919555  -0.01392494     0.00919555   0.01392494
  0.00009161  -0.00278868    -0.01483183  -0.01918477     0.01464081   0.01346144
 -0.00009161   0.00278868     0.01464081   0.01346144    -0.01483183  -0.01918477
    3    9
  0.00008468   0.00159936    -0.00263947   0.01854198     0.00263947  -0.01854198
 -0.00223580   0.00478142    -0.01003385   0.01572620     0.00473570  -0.01502577
  0.00223580  -0.00478142     0.00473570  -0.01502577    -0.01003385   0.01572620
    3   10
 -0.01483183  -0.01918477     0.00009161  -0.00278868     0.01464081   0.01346144
 -0.00919555  -0.01392494    -0.00316988  -0.00088475     0.00919555   0.01392494
  0.01464081   0.01346144    -0.00009161   0.00278868    -0.01483183  -0.01918477
    3   11
 -0.01003385   0.01572620    -0.00223580   0.00478142     0.00473570  -0.01502577
 -0.00263947   0.01854198     0.00008468   0.00159936     0.00263947  -0.01854198
  0.00473570  -0.01502577     0.00223580  -0.00478142    -0.01003385   0.01572620
    4    1
 -0.01176576   0.01748999    -0.00785816   0.01539167     0.00795948  -0.01663135
 -0.00785816   0.01539167    -0.01176576   0.01748999     0.00795948  -0.01663135
  0.00155179  -0.00279380     0.00155179  -0.00279380    -0.00075585   0.00121100
    4    2
 -0.01003385   0.01572620    -0.00473570   0.01502577     0.00263947  -0.01854198
 -0.00473570   0.01502577    -0.01003385   0.01572620     0.00263947  -0.01854198
  0.00223580  -0.00478142     0.00223580  -0.00478142     0.00008468   0.00159936
    4    3
 -0.01483183   0.01918477    -0.01464081   0.01346144     0.00919555  -0.01392494
 -0.01464081   0.01346144    -0.01483183   0.01918477     0.00919555  -0.01392494
 -0.00009161  -0.00278868    -0.00009161  -0.00278868    -0.00316988   0.00088475
    4    4
  0.02487788  -0.00000000     0.01469289  -0.00000000    -0.00316374  -0.00370139
  0.01469289  -0.00000000     0.02487788  -0.00000000    -0.00316374  -0.00370139
 -0.00316374   0.00370139    -0.00316374   0.00370139     0.00525445  -0.00000000
    4    5
 -0.00129962  -0.01430304     0.00107212  -0.00879354     0.00081790   0.00559328
  0.00107212  -0.00879354    -0.00129962  -0.01430304     0.00081790   0.00559328
  0.00081790   0.00559328     0.00081790   0.00559328    -0.00135129  -0.00110155
    4    6
  0.00879762  -0.00907235     0.00883449  -0.00615616    -0.00676592   0.00558891
  0.00883449  -0.00615616     0.00879762  -0.00907235    -0.00676592   0.00558891
 -0.00034988   0.00146710    -0.00034988   0.00146710     0.00030619   0.00021208
    4    7
  0.00337392  -0.00777428     0.00107004  -0.00709321     0.00010610   0.00922396
  0.00107004  -0.00709321     0.00337392  -0.00777428     0.00010610   0.00922396
 -0.00121076   0.00251316    -0.00121076   0.00251316    -0.00101970  -0.00173226
    4    8
 -0.00017029  -0.00153143     0.00873645   0.00676940    -0.00750054  -0.00000000
  0.00359298  -0.00031102     0.01643396   0.00000000    -0.00873645   0.00676940
  0.00112575  -0.00000000    -0.00359298  -0.00031102    -0.00017029   0.00153143
    4    9
  0.00058814   0.00164414    -0.00807925  -0.00913695     0.01288646   0.00695269
 -0.00377070  -0.00222205    -0.00451689  -0.01948205     0.00807925   0.00913695
 -0.00025507  -0.00021019     0.00377070   0.00222205     0.00058814   0.00164414
    4   10
  0.01643396   0.00000000     0.00359298  -0.00031102    -0.00873645   0.00676940
  0.00873645   0.00676940    -0.00017029  -0.00153143    -0.00750054  -0.00000000
 -0.00359298  -0.00031102     0.00112575  -0.00000000    -0.00017029   0.00153143
    4   11
 -0.00451689  -0.01948205    -0.00377070  -0.00222205     0.00807925   0.00913695
 -0.00807925  -0.00913695     0.00058814   0.00164414     0.01288646   0.00695269
  0.00377070   0.00222205    -0.00025507  -0.00021019     0.00058814   0.00164414
    5    1
 -0.01176576  -0.01748999    -0.00785816  -0.01539167     0.00795948   0.01663135
 -0.00785816  -0.01539167    -0.01176576  -0.01748999     0.00795948   0.01663135
  0.00155179   0.00279380     0.00155179   0.00279380    -0.00075585  -0.00121100
    5    2
 -0.01483183  -0.01918477    -0.01464081  -0.01346144     0.00919555   0.01392494
 -0.01464081  -0.01346144    -0.01483183  -0.01918477     0.00919555   0.01392494
 -0.00009161   0.00278868    -0.00009161   0.00278868    -0.00316988  -0.00088475
    5    3
 -0.01003385  -0.01572620    -0.00473570  -0.01502577     0.00263947   0.01854198
 -0.00473570  -0.01502577    -0.01003385  -0.01572620     0.00263947   0.01854198
  0.00223580   0.00478142     0.00223580   0.00478142     0.00008468  -0.00159936
    5    4
 -0.00129962   0.01430304     0.00107212   0.00879354     0.00081790  -0.00559328
  0.00107212   0.00879354    -0.00129962   0.01430304     0.00081790  -0.00559328
  0.00081790  -0.00559328     0.00081790  -0.00559328    -0.00135129   0.00110155
    5    5
  0.02487788   0.00000000     0.01469289   0.00000000    -0.00316374   0.00370139
  0.01469289   0.00000000     0.02487788   0.00000000    -0.00316374   0.00370139
 -0.00316374  -0.00370139    -0.00316374  -0.00370139     0.00525445   0.00000000
    5    6
  0.00337392   0.00777428     0.00107004   0.00709321     0.00010610  -0.00922396
  0.00107004   0.00709321     0.00337392   0.00777428     0.00010610  -0.00922396
 -0.00121076  -0.00251316    -0.00121076  -0.00251316    -0.00101970   0.00173226
    5    7
  0.00879762   0.00907235     0.00883449   0.00615616    -0.00676592  -0.00558891
  0.00883449   0.00615616     0.00879762   0.00907235    -0.00676592  -0.00558891
 -0.00034988  -0.00146710    -0.00034988  -0.00146710     0.00030619  -0.00021208
    5    8
  0.00058814  -0.00164414    -0.00807925   0.00913695     0.01288646  -0.00695269
 -0.00377070   0.00222205    -0.00451689   0.01948205     0.00807925  -0.00913695
 -0.00025507   0.00021019     0.00377070  -0.00222205     0.00058814  -0.00164414
    5    9
 -0.00017029   0.00153143     0.00873645  -0.00676940    -0.00750054   0.00000000
  0.00359298   0.00031102     0.01643396   0.00000000    -0.00873645  -0.00676940
  0.00112575   0.00000000    -0.00359298   0.00031102    -0.00017029  -0.00153143
    5   10
 -0.00451689   0.01948205    -0.00377070   0.00222205     0.00807925  -0.00913695
 -0.00807925   0.00913695     0.00058814  -0.00164414     0.01288646  -0.00695269
  0.00377070  -0.00222205    -0.00025507   0.00021019     0.00058814  -0.00164414
    5   11
  0.01643396   0.00000000     0.00359298   0.00031102    -0.00873645  -0.00676940
  0.00873645  -0.00676940    -0.00017029   0.00153143    -0.00750054   0.00000000
 -0.00359298   0.00031102     0.00112575   0.00000000    -0.00017029  -0.00153143
    6    1
 -0.01482198   0.00585753    -0.01180750   0.00759919     0.01180750  -0.00759919
 -0.01180750   0.00759919    -0.01482198   0.00585753     0.01180750  -0.00759919
  0.01180750  -0.00759919     0.01180750  -0.00759919    -0.01482198   0.00585753
    6    2
 -0.00567957   0.00653447    -0.00518323   0.00781832     0.00518323  -0.00781832
 -0.00518323   0.00781832    -0.00567957   0.00653447     0.00518323  -0.00781832
  0.00518323  -0.00781832     0.00518323  -0.00781832    -0.00567957   0.00653447
    6    3
 -0.02030009   0.00444256    -0.01904783   0.00525322     0.01904783  -0.00525322
 -0.01904783   0.00525322    -0.02030009   0.00444256     0.01904783  -0.00525322
  0.01904783  -0.00525322     0.01904783  -0.00525322    -0.02030009   0.00444256
    6    4
  0.00879762   0.00907235     0.00883449   0.00615616    -0.00034988  -0.00146710
  0.00883449   0.00615616     0.00879762   0.00907235    -0.00034988  -0.00146710
 -0.00676592  -0.00558891    -0.00676592  -0.00558891     0.00030619  -0.00021208
    6    5
  0.00337392  -0.00777428     0.00107004  -0.00709321    -0.00121076   0.00251316
  0.00107004  -0.00709321     0.00337392  -0.00777428    -0.00121076   0.00251316
  0.00010610   0.00922396     0.00010610   0.00922396    -0.00101970  -0.00173226
    6    6
  0.01478667   0.00000000     0.01199401   0.00000000    -0.01199401  -0.00000000
  0.01199401   0.00000000     0.01478667   0.00000000    -0.01199401  -0.00000000
 -0.01199401  -0.00000000    -0.01199401  -0.00000000     0.01478667   0.00000000
    6    7
  0.00001992  -0.00143036    -0.00009904  -0.00281023     0.00009904   0.00281023
 -0.00009904  -0.00281023     0.00001992  -0.00143036     0.00009904   0.00281023
  0.00009904   0.00281023     0.00009904   0.00281023     0.00001992  -0.00143036
    6    8
  0.00030619  -0.00021208     0.00676592   0.00558891    -0.00676592  -0.00558891
  0.00034988   0.00146710     0.00879762   0.00907235    -0.00883449  -0.00615616
 -0.00034988  -0.00146710    -0.00883449  -0.00615616     0.00879762   0.00907235
    6    9
 -0.00101970  -0.00173226    -0.00010610  -0.00922396     0.00010610   0.00922396
  0.00121076  -0.00251316     0.00337392  -0.00777428    -0.00107004   0.00709321
 -0.00121076   0.00251316    -0.00107004   0.00709321     0.00337392  -0.00777428
    6   10
  0.00879762   0.00907235     0.00034988   0.00146710    -0.00883449  -0.00615616
  0.00676592   0.00558891     0.00030619  -0.00021208    -0.00676592  -0.00558891
 -0.00883449  -0.00615616    -0.00034988  -0.00146710     0.00879762   0.00907235
    6   11
  0.00337392  -0.00777428     0.00121076  -0.00251316    -0.00107004   0.00709321
 -0.00010610  -0.00922396    -0.00101970  -0.00173226     0.00010610   0.00922396
 -0.00107004   0.00709321    -0.00121076   0.00251316     0.00337392  -0.00777428
    7    1
 -0.01482198  -0.00585753    -0.01180750  -0.00759919     0.01180750   0.00759919
 -0.01180750  -0.00759919    -0.01482198  -0.00585753     0.01180750   0.00759919
  0.01180750   0.00759919     0.01180750   0.00759919    -0.01482198  -0.00585753
    7    2
 -0.02030009  -0.00444256    -0.01904783  -0.00525322     0.01904783   0.00525322
 -0.01904783  -0.00525322    -0.02030009  -0.00444256     0.01904783   0.00525322
  0.01904783   0.00525322     0.01904783   0.00525322    -0.02030009  -0.00444256
    7    3
 -0.00567957  -0.00653447    -0.00518323  -0.00781832     0.00518323   0.00781832
 -0.00518323  -0.00781832    -0.00567957  -0.00653447     0.00518323   0.00781832
  0.00518323   0.00781832     0.00518323   0.00781832    -0.00567957  -0.00653447
    7    4
  0.00337392   0.00777428     0.00107004   0.00709321    -0.00121076  -0.00251316
  0.00107004   0.00709321     0.00337392   0.00777428    -0.00121076  -0.00251316
  0.00010610  -0.00922396     0.00010610  -0.00922396    -0.00101970   0.00173226
    7    5
  0.00879762  -0.00907235     0.00883449  -0.00615616    -0.00034988   0.00146710
  0.00883449  -0.00615616     0.00879762  -0.00907235    -0.00034988   0.00146710
 -0.00676592   0.00558891    -0.00676592   0.00558891     0.00030619   0.00021208
    7    6
  0.00001992   0.00143036    -0.00009904   0.00281023     0.00009904  -0.00281023
 -0.00009904   0.00281023     0.00001992   0.00143036     0.00009904  -0.00281023
  0.00009904  -0.00281023     0.00009904  -0.00281023     0.00001992   0.00143036
    7    7
  0.01478667  -0.00000000     0.01199401  -0.00000000    -0.01199401   0.00000000
  0.01199401  -0.00000000     0.01478667  -0.00000000    -0.01199401   0.00000000
 -0.01199401   0.00000000    -0.01199401   0.00000000     0.01478667  -0.00000000
    7    8
 -0.00101970   0.00173226    -0.00010610   0.00922396     0.00010610  -0.00922396
  0.00121076   0.00251316     0.00337392   0.00777428    -0.00107004  -0.00709321
 -0.00121076  -0.00251316    -0.00107004  -0.00709321     0.00337392   0.00777428
    7    9
  0.00030619   0.00021208     0.00676592  -0.00558891    -0.00676592   0.00558891
  0.00034988  -0.00146710     0.00879762  -0.00907235    -0.00883449   0.00615616
 -0.00034988   0.00146710    -0.00883449   0.00615616     0.00879762  -0.00907235
    7   10
  0.00337392   0.00777428     0.00121076   0.00251316    -0.00107004  -0.00709321
 -0.00010610   0.00922396    -0.00101970   0.00173226     0.00010610  -0.00922396
 -0.00107004  -0.00709321    -0.00121076  -0.00251316     0.00337392   0.00777428
    7   11
  0.00879762  -0.00907235     0.00034988  -0.00146710    -0.00883449   0.00615616
  0.00676592  -0.00558891     0.00030619   0.00021208    -0.00676592   0.00558891
 -0.00883449   0.00615616    -0.00034988   0.00146710     0.00879762  -0.00907235
    8    1
 -0.00075585   0.00121100    -0.00155179   0.00279380     0.00155179  -0.00279380
 -0.00795948   0.01663135    -0.01176576   0.01748999     0.00785816  -0.01539167
  0.00795948  -0.01663135     0.00785816  -0.01539167    -0.01176576   0.01748999
    8    2
  0.00008468   0.00159936    -0.00223580   0.00478142     0.00223580  -0.00478142
 -0.00263947   0.01854198    -0.01003385   0.01572620     0.00473570  -0.01502577
  0.00263947  -0.01854198     0.00473570  -0.01502577    -0.01003385   0.01572620
    8    3
 -0.00316988   0.00088475     0.00009161   0.00278868    -0.00009161  -0.00278868
 -0.00919555   0.01392494    -0.01483183   0.01918477     0.01464081  -0.01346144
  0.00919555  -0.01392494     0.01464081  -0.01346144    -0.01483183   0.01918477
    8    4
 -0.00017029   0.00153143     0.00359298   0.00031102     0.00112575  -0.00000000
  0.00873645  -0.00676940     0.01643396  -0.00000000    -0.00359298   0.00031102
 -0.00750054   0.00000000    -0.00873645  -0.00676940    -0.00017029  -0.00153143
    8    5
  0.00058814   0.00164414    -0.00377070  -0.00222205    -0.00025507  -0.00021019
 -0.00807925  -0.00913695    -0.00451689  -0.01948205     0.00377070   0.00222205
  0.01288646   0.00695269     0.00807925   0.00913695     0.00058814   0.00164414
    8    6
  0.00030619   0.00021208     0.00034988  -0.00146710    -0.00034988   0.00146710
  0.00676592  -0.00558891     0.00879762  -0.00907235    -0.00883449   0.00615616
 -0.00676592   0.00558891    -0.00883449   0.00615616     0.00879762  -0.00907235
    8    7
 -0.00101970  -0.00173226     0.00121076  -0.00251316    -0.00121076   0.00251316
 -0.00010610  -0.00922396     0.00337392  -0.00777428    -0.00107004   0.00709321
  0.00010610   0.00922396    -0.00107004   0.00709321     0.00337392  -0.00777428
    8    8
  0.00525445  -0.00000000     0.00316374  -0.00370139    -0.00316374   0.00370139
  0.00316374   0.00370139     0.02487788   0.00000000    -0.01469289  -0.00000000
 -0.00316374  -0.00370139    -0.01469289  -0.00000000     0.02487788  -0.00000000
    8    9
 -0.00135129  -0.00110155    -0.00081790  -0.00559328     0.00081790   0.00559328
 -0.00081790  -0.00559328    -0.00129962  -0.01430304    -0.00107212   0.00879354
  0.00081790   0.00559328    -0.00107212   0.00879354    -0.00129962  -0.01430304
    8   10
 -0.00017029   0.00153143    -0.00112575  -0.00000000    -0.00359298  -0.00031102
  0.00750054   0.00000000    -0.00017029  -0.00153143    -0.00873645  -0.00676940
 -0.00873645   0.00676940    -0.00359298   0.00031102     0.01643396  -0.00000000
    8   11
  0.00058814   0.00164414     0.00025507   0.00021019     0.00377070   0.00222205
 -0.01288646  -0.00695269     0.00058814   0.00164414     0.00807925   0.00913695
  0.00807925   0.00913695     0.00377070   0.00222205    -0.00451689  -0.01948205
    9    1
 -0.00075585  -0.00121100    -0.00155179  -0.00279380     0.00155179   0.00279380
 -0.00795948  -0.01663135    -0.01176576  -0.01748999     0.00785816   0.01539167
  0.00795948   0.01663135     0.00785816   0.01539167    -0.01176576  -0.01748999
    9    2
 -0.00316988  -0.00088475     0.00009161  -0.00278868    -0.00009161   0.00278868
 -0.00919555  -0.01392494    -0.01483183  -0.01918477     0.01464081   0.01346144
  0.00919555   0.01392494     0.01464081   0.01346144    -0.01483183  -0.01918477
    9    3
  0.00008468  -0.00159936    -0.00223580  -0.00478142     0.00223580   0.00478142
 -0.00263947  -0.01854198    -0.01003385  -0.01572620     0.00473570   0.01502577
  0.00263947   0.01854198     0.00473570   0.01502577    -0.01003385  -0.01572620
    9    4
  0.00058814  -0.00164414    -0.00377070   0.00222205    -0.00025507   0.00021019
 -0.00807925   0.00913695    -0.00451689   0.01948205     0.00377070  -0.00222205
  0.01288646  -0.00695269     0.00807925  -0.00913695     0.00058814  -0.00164414
    9    5
 -0.00017029  -0.00153143     0.00359298  -0.00031102     0.00112575   0.00000000
  0.00873645   0.00676940     0.01643396  -0.00000000    -0.00359298  -0.00031102
 -0.00750054   0.00000000    -0.00873645   0.00676940    -0.00017029   0.00153143
    9    6
 -0.00101970   0.00173226     0.00121076   0.00251316    -0.00121076  -0.00251316
 -0.00010610   0.00922396     0.00337392   0.00777428    -0.00107004  -0.00709321
  0.00010610  -0.00922396    -0.00107004  -0.00709321     0.00337392   0.00777428
    9    7
  0.00030619  -0.00021208     0.00034988   0.00146710    -0.00034988  -0.00146710
  0.00676592   0.00558891     0.00879762   0.00907235    -0.00883449  -0.00615616
 -0.00676592  -0.00558891    -0.00883449  -0.00615616     0.00879762   0.00907235
    9    8
 -0.00135129   0.00110155    -0.00081790   0.00559328     0.00081790  -0.00559328
 -0.00081790   0.00559328    -0.00129962   0.01430304    -0.00107212  -0.00879354
  0.00081790  -0.00559328    -0.00107212  -0.00879354    -0.00129962   0.01430304
    9    9
  0.00525445   0.00000000     0.00316374   0.00370139    -0.00316374  -0.00370139
  0.00316374  -0.00370139     0.02487788  -0.00000000    -0.01469289   0.00000000
 -0.00316374   0.00370139    -0.01469289   0.00000000     0.02487788   0.00000000
    9   10
  0.00058814  -0.00164414     0.00025507  -0.00021019     0.00377070  -0.00222205
 -0.01288646   0.00695269     0.00058814  -0.00164414     0.00807925  -0.00913695
  0.00807925  -0.00913695     0.00377070  -0.00222205    -0.00451689   0.01948205
    9   11
 -0.00017029  -0.00153143    -0.00112575   0.00000000    -0.00359298   0.00031102
  0.00750054  -0.00000000    -0.00017029   0.00153143    -0.00873645   0.00676940
 -0.00873645  -0.00676940    -0.00359298  -0.00031102     0.01643396  -0.00000000
   10    1
 -0.01176576   0.01748999    -0.00795948   0.01663135     0.00785816  -0.01539167
 -0.00155179   0.00279380    -0.00075585   0.00121100     0.00155179  -0.00279380
  0.00785816  -0.01539167     0.00795948  -0.01663135    -0.01176576   0.01748999
   10    2
 -0.01003385   0.01572620    -0.00263947   0.01854198     0.00473570  -0.01502577
 -0.00223580   0.00478142     0.00008468   0.00159936     0.00223580  -0.00478142
  0.00473570  -0.01502577     0.00263947  -0.01854198    -0.01003385   0.01572620
   10    3
 -0.01483183   0.01918477    -0.00919555   0.01392494     0.01464081  -0.01346144
  0.00009161   0.00278868    -0.00316988   0.00088475    -0.00009161  -0.00278868
  0.01464081  -0.01346144     0.00919555  -0.01392494    -0.01483183   0.01918477
   10    4
  0.01643396   0.00000000     0.00873645  -0.00676940    -0.00359298   0.00031102
  0.00359298   0.00031102    -0.00017029   0.00153143     0.00112575   0.00000000
 -0.00873645  -0.00676940    -0.00750054   0.00000000    -0.00017029  -0.00153143
   10    5
 -0.00451689  -0.01948205    -0.00807925  -0.00913695     0.00377070   0.00222205
 -0.00377070  -0.00222205     0.00058814   0.00164414    -0.00025507  -0.00021019
  0.00807925   0.00913695     0.01288646   0.00695269     0.00058814   0.00164414
   10    6
  0.00879762  -0.00907235     0.00676592  -0.00558891    -0.00883449   0.00615616
  0.00034988  -0.00146710     0.00030619   0.00021208    -0.00034988   0.00146710
 -0.00883449   0.00615616    -0.00676592   0.00558891     0.00879762  -0.00907235
   10    7
  0.00337392  -0.00777428    -0.00010610  -0.00922396    -0.00107004   0.00709321
  0.00121076  -0.00251316    -0.00101970  -0.00173226    -0.00121076   0.00251316
 -0.00107004   0.00709321     0.00010610   0.00922396     0.00337392  -0.00777428
   10    8
 -0.00017029  -0.00153143     0.00750054   0.00000000    -0.00873645  -0.00676940
 -0.00112575   0.00000000    -0.00017029   0.00153143    -0.00359298  -0.00031102
 -0.00359298   0.00031102    -0.00873645   0.00676940     0.01643396   0.00000000
   10    9
  0.00058814   0.00164414    -0.01288646  -0.00695269     0.00807925   0.00913695
  0.00025507   0.00021019     0.00058814   0.00164414     0.00377070   0.00222205
  0.00377070   0.00222205     0.00807925   0.00913695    -0.00451689  -0.01948205
   10   10
  0.02487788  -0.00000000     0.00316374   0.00370139    -0.01469289  -0.00000000
  0.00316374  -0.00370139     0.00525445  -0.00000000    -0.00316374   0.00370139
 -0.01469289  -0.00000000    -0.00316374  -0.00370139     0.02487788  -0.00000000
   10   11
 -0.00129962  -0.01430304    -0.00081790  -0.00559328    -0.00107212   0.00879354
 -0.00081790  -0.00559328    -0.00135129  -0.00110155     0.00081790   0.00559328
 -0.00107212   0.00879354     0.00081790   0.00559328    -0.00129962  -0.01430304
   11    1
 -0.01176576  -0.01748999    -0.00795948  -0.01663135     0.00785816   0.01539167
 -0.00155179  -0.00279380    -0.00075585  -0.00121100     0.00155179   0.00279380
  0.00785816   0.01539167     0.00795948   0.01663135    -0.01176576  -0.01748999
   11    2
 -0.01483183  -0.01918477    -0.00919555  -0.01392494     0.01464081   0.01346144
  0.00009161  -0.00278868    -0.00316988  -0.00088475    -0.00009161   0.00278868
  0.01464081   0.01346144     0.00919555   0.01392494    -0.01483183  -0.01918477
   11    3
 -0.01003385  -0.01572620    -0.00263947  -0.01854198     0.00473570   0.01502577
 -0.00223580  -0.00478142     0.00008468  -0.00159936     0.00223580   0.00478142
  0.00473570   0.01502577     0.00263947   0.01854198    -0.01003385  -0.01572620
   11    4
 -0.00451689   0.01948205    -0.00807925   0.00913695     0.00377070  -0.00222205
 -0.00377070   0.00222205     0.00058814  -0.00164414    -0.00025507   0.00021019
  0.00807925  -0.00913695     0.01288646  -0.00695269     0.00058814  -0.00164414
   11    5
  0.01643396  -0.00000000     0.00873645   0.00676940    -0.00359298  -0.00031102
  0.00359298  -0.00031102    -0.00017029  -0.00153143     0.00112575  -0.00000000
 -0.00873645   0.00676940    -0.00750054   0.00000000    -0.00017029   0.00153143
   11    6
  0.00337392   0.00777428    -0.00010610   0.00922396    -0.00107004  -0.00709321
  0.00121076   0.00251316    -0.00101970   0.00173226    -0.00121076  -0.00251316
 -0.00107004  -0.00709321     0.00010610  -0.00922396     0.00337392   0.00777428
   11    7
  0.00879762   0.00907235     0.00676592   0.00558891    -0.00883449  -0.00615616
  0.00034988   0.00146710     0.00030619  -0.00021208    -0.00034988  -0.00146710
 -0.00883449  -0.00615616    -0.00676592  -0.00558891     0.00879762   0.00907235
   11    8
  0.00058814  -0.00164414    -0.01288646   0.00695269     0.00807925  -0.00913695
  0.00025507  -0.00021019     0.00058814  -0.00164414     0.00377070  -0.00222205
  0.00377070  -0.00222205     0.00807925  -0.00913695    -0.00451689   0.01948205
   11    9
 -0.00017029   0.00153143     0.00750054   0.00000000    -0.00873645   0.00676940
 -0.00112575   0.00000000    -0.00017029  -0.00153143    -0.00359298   0.00031102
 -0.00359298  -0.00031102    -0.00873645  -0.00676940     0.01643396   0.00000000
   11   10
 -0.00129962   0.01430304    -0.00081790   0.00559328    -0.00107212  -0.00879354
 -0.00081790   0.00559328    -0.00135129   0.00110155     0.00081790  -0.00559328
 -0.00107212  -0.00879354     0.00081790  -0.00559328    -0.00129962   0.01430304
   11   11
  0.02487788   0.00000000     0.00316374  -0.00370139    -0.01469289   0.00000000
  0.00316374   0.00370139     0.00525445   0.00000000    -0.00316374  -0.00370139
 -0.01469289   0.00000000    -0.00316374   0.00370139     0.02487788   0.00000000

     Dynamical  Matrix in cartesian axes

     q = (    0.235702260  -0.235702260  -0.235702260 ) 

    1    1
  0.04176551   0.00000000    -0.02636986   0.00000000    -0.02636986   0.00000000
 -0.02636986   0.00000000     0.04176551   0.00000000     0.02636986   0.00000000
 -0.02636986   0.00000000     0.02636986   0.00000000     0.04176551   0.00000000
    1    2
  0.02790982   0.00676048    -0.02776074  -0.00837505    -0.02776074  -0.00837505
 -0.02776074  -0.00837505     0.02790982   0.00676048     0.02776074   0.00837505
 -0.02776074  -0.00837505     0.02776074   0.00837505     0.02790982   0.00676048
    1    3
  0.02790982  -0.00676048    -0.02776074   0.00837505    -0.02776074   0.00837505
 -0.02776074   0.00837505     0.02790982  -0.00676048     0.02776074  -0.00837505
 -0.02776074   0.00837505     0.02776074  -0.00837505     0.02790982  -0.00676048
    1    4
 -0.00075585   0.00121100     0.00795948  -0.01663135     0.00795948  -0.01663135
  0.00155179  -0.00279380    -0.01176576   0.01748999    -0.00785816   0.01539167
  0.00155179  -0.00279380    -0.00785816   0.01539167    -0.01176576   0.01748999
    1    5
 -0.00075585  -0.00121100     0.00795948   0.01663135     0.00795948   0.01663135
  0.00155179   0.00279380    -0.01176576  -0.01748999    -0.00785816  -0.01539167
  0.00155179   0.00279380    -0.00785816  -0.01539167    -0.01176576  -0.01748999
    1    6
 -0.01176576   0.01748999     0.00155179  -0.00279380     0.00785816  -0.01539167
  0.00795948  -0.01663135    -0.00075585   0.00121100    -0.00795948   0.01663135
  0.00785816  -0.01539167    -0.00155179   0.00279380    -0.01176576   0.01748999
    1    7
 -0.01176576  -0.01748999     0.00155179   0.00279380     0.00785816   0.01539167
  0.00795948   0.01663135    -0.00075585  -0.00121100    -0.00795948  -0.01663135
  0.00785816   0.01539167    -0.00155179  -0.00279380    -0.01176576  -0.01748999
    1    8
 -0.01176576   0.01748999     0.00785816  -0.01539167     0.00155179  -0.00279380
  0.00785816  -0.01539167    -0.01176576   0.01748999    -0.00155179   0.00279380
  0.00795948  -0.01663135    -0.00795948   0.01663135    -0.00075585   0.00121100
    1    9
 -0.01176576  -0.01748999     0.00785816   0.01539167     0.00155179   0.00279380
  0.00785816   0.01539167    -0.01176576  -0.01748999    -0.00155179  -0.00279380
  0.00795948   0.01663135    -0.00795948  -0.01663135    -0.00075585  -0.00121100
    1   10
 -0.01482198   0.00585753     0.01180750  -0.00759919     0.01180750  -0.00759919
  0.01180750  -0.00759919    -0.01482198   0.00585753    -0.01180750   0.00759919
  0.01180750  -0.00759919    -0.01180750   0.00759919    -0.01482198   0.00585753
    1   11
 -0.01482198  -0.00585753     0.01180750   0.00759919     0.01180750   0.00759919
  0.01180750   0.00759919    -0.01482198  -0.00585753    -0.01180750  -0.00759919
  0.01180750   0.00759919    -0.01180750  -0.00759919    -0.01482198  -0.00585753
    2    1
  0.02790982  -0.00676048    -0.02776074   0.00837505    -0.02776074   0.00837505
 -0.02776074   0.00837505     0.02790982  -0.00676048     0.02776074  -0.00837505
 -0.02776074   0.00837505     0.02776074  -0.00837505     0.02790982  -0.00676048
    2    2
  0.04029544   0.00000000    -0.03204439  -0.00000000    -0.03204439  -0.00000000
 -0.03204439  -0.00000000     0.04029544   0.00000000     0.03204439   0.00000000
 -0.03204439  -0.00000000     0.03204439   0.00000000     0.04029544   0.00000000
    2    3
  0.01947318  -0.01054586    -0.01896593   0.01415777    -0.01896593   0.01415777
 -0.01896593   0.01415777     0.01947318  -0.01054586     0.01896593  -0.01415777
 -0.01896593   0.01415777     0.01896593  -0.01415777     0.01947318  -0.01054586
    2    4
  0.00008468   0.00159936     0.00263947  -0.01854198     0.00263947  -0.01854198
  0.00223580  -0.00478142    -0.01003385   0.01572620    -0.00473570   0.01502577
  0.00223580  -0.00478142    -0.00473570   0.01502577    -0.01003385   0.01572620
    2    5
 -0.00316988  -0.00088475     0.00919555   0.01392494     0.00919555   0.01392494
 -0.00009161   0.00278868    -0.01483183  -0.01918477    -0.01464081  -0.01346144
 -0.00009161   0.00278868    -0.01464081  -0.01346144    -0.01483183  -0.01918477
    2    6
 -0.01003385   0.01572620     0.00223580  -0.00478142     0.00473570  -0.01502577
  0.00263947  -0.01854198     0.00008468   0.00159936    -0.00263947   0.01854198
  0.00473570  -0.01502577    -0.00223580   0.00478142    -0.01003385   0.01572620
    2    7
 -0.01483183  -0.01918477    -0.00009161   0.00278868     0.01464081   0.01346144
  0.00919555   0.01392494    -0.00316988  -0.00088475    -0.00919555  -0.01392494
  0.01464081   0.01346144     0.00009161  -0.00278868    -0.01483183  -0.01918477
    2    8
 -0.01003385   0.01572620     0.00473570  -0.01502577     0.00223580  -0.00478142
  0.00473570  -0.01502577    -0.01003385   0.01572620    -0.00223580   0.00478142
  0.00263947  -0.01854198    -0.00263947   0.01854198     0.00008468   0.00159936
    2    9
 -0.01483183  -0.01918477     0.01464081   0.01346144    -0.00009161   0.00278868
  0.01464081   0.01346144    -0.01483183  -0.01918477     0.00009161  -0.00278868
  0.00919555   0.01392494    -0.00919555  -0.01392494    -0.00316988  -0.00088475
    2   10
 -0.00567957   0.00653447     0.00518323  -0.00781832     0.00518323  -0.00781832
  0.00518323  -0.00781832    -0.00567957   0.00653447    -0.00518323   0.00781832
  0.00518323  -0.00781832    -0.00518323   0.00781832    -0.00567957   0.00653447
    2   11
 -0.02030009  -0.00444256     0.01904783   0.00525322     0.01904783   0.00525322
  0.01904783   0.00525322    -0.02030009  -0.00444256    -0.01904783  -0.00525322
  0.01904783   0.00525322    -0.01904783  -0.00525322    -0.02030009  -0.00444256
    3    1
  0.02790982   0.00676048    -0.02776074  -0.00837505    -0.02776074  -0.00837505
 -0.02776074  -0.00837505     0.02790982   0.00676048     0.02776074   0.00837505
 -0.02776074  -0.00837505     0.02776074   0.00837505     0.02790982   0.00676048
    3    2
  0.01947318   0.01054586    -0.01896593  -0.01415777    -0.01896593  -0.01415777
 -0.01896593  -0.01415777     0.01947318   0.01054586     0.01896593   0.01415777
 -0.01896593  -0.01415777     0.01896593   0.01415777     0.01947318   0.01054586
    3    3
  0.04029544  -0.00000000    -0.03204439   0.00000000    -0.03204439   0.00000000
 -0.03204439   0.00000000     0.04029544  -0.00000000     0.03204439  -0.00000000
 -0.03204439   0.00000000     0.03204439  -0.00000000     0.04029544  -0.00000000
    3    4
 -0.00316988   0.00088475     0.00919555  -0.01392494     0.00919555  -0.01392494
 -0.00009161  -0.00278868    -0.01483183   0.01918477    -0.01464081   0.01346144
 -0.00009161  -0.00278868    -0.01464081   0.01346144    -0.01483183   0.01918477
    3    5
  0.00008468  -0.00159936     0.00263947   0.01854198     0.00263947   0.01854198
  0.00223580   0.00478142    -0.01003385  -0.01572620    -0.00473570  -0.01502577
  0.00223580   0.00478142    -0.00473570  -0.01502577    -0.01003385  -0.01572620
    3    6
 -0.01483183   0.01918477    -0.00009161  -0.00278868     0.01464081  -0.01346144
  0.00919555  -0.01392494    -0.00316988   0.00088475    -0.00919555   0.01392494
  0.01464081  -0.01346144     0.00009161   0.00278868    -0.01483183   0.01918477
    3    7
 -0.01003385  -0.01572620     0.00223580   0.00478142     0.00473570   0.01502577
  0.00263947   0.01854198     0.00008468  -0.00159936    -0.00263947  -0.01854198
  0.00473570   0.01502577    -0.00223580  -0.00478142    -0.01003385  -0.01572620
    3    8
 -0.01483183   0.01918477     0.01464081  -0.01346144    -0.00009161  -0.00278868
  0.01464081  -0.01346144    -0.01483183   0.01918477     0.00009161   0.00278868
  0.00919555  -0.01392494    -0.00919555   0.01392494    -0.00316988   0.00088475
    3    9
 -0.01003385  -0.01572620     0.00473570   0.01502577     0.00223580   0.00478142
  0.00473570   0.01502577    -0.01003385  -0.01572620    -0.00223580  -0.00478142
  0.00263947   0.01854198    -0.00263947  -0.01854198     0.00008468  -0.00159936
    3   10
 -0.02030009   0.00444256     0.01904783  -0.00525322     0.01904783  -0.00525322
  0.01904783  -0.00525322    -0.02030009   0.00444256    -0.01904783   0.00525322
  0.01904783  -0.00525322    -0.01904783   0.00525322    -0.02030009   0.00444256
    3   11
 -0.00567957  -0.00653447     0.00518323   0.00781832     0.00518323   0.00781832
  0.00518323   0.00781832    -0.00567957  -0.00653447    -0.00518323  -0.00781832
  0.00518323   0.00781832    -0.00518323  -0.00781832    -0.00567957  -0.00653447
    4    1
 -0.00075585  -0.00121100     0.00155179   0.00279380     0.00155179   0.00279380
