  2.000000000000000E-002   1.62638105529072        4.52835738622022     
           8

     Dynamical  Matrix in cartesian axes

     q = (    0.235702260   0.235702260  -0.235702260 ) 

    1    1
  0.05180806   0.00000000     0.01218170   0.00000000    -0.01218170   0.00000000
  0.01218170   0.00000000     0.05180806   0.00000000    -0.01218170   0.00000000
 -0.01218170   0.00000000    -0.01218170   0.00000000     0.05180806   0.00000000
    1    2
  0.00590145  -0.00204531     0.00859161  -0.00648158    -0.00859161   0.00648158
  0.00859161  -0.00648158     0.00590145  -0.00204531    -0.00859161   0.00648158
 -0.00859161   0.00648158    -0.00859161   0.00648158     0.00590145  -0.00204531
    1    3
  0.00590145   0.00204531     0.00859161   0.00648158    -0.00859161  -0.00648158
  0.00859161   0.00648158     0.00590145   0.00204531    -0.00859161  -0.00648158
 -0.00859161  -0.00648158    -0.00859161  -0.00648158     0.00590145   0.00204531
    1    4
 -0.00691825  -0.00310119     0.00222922  -0.00510644     0.00290057  -0.00123776
  0.00222922  -0.00510644    -0.00691825  -0.00310119     0.00290057  -0.00123776
  0.00250393   0.00212769     0.00250393   0.00212769     0.00009990   0.00813875
    1    5
 -0.00691825   0.00310119     0.00222922   0.00510644     0.00290057   0.00123776
  0.00222922   0.00510644    -0.00691825   0.00310119     0.00290057   0.00123776
  0.00250393  -0.00212769     0.00250393  -0.00212769     0.00009990  -0.00813875
    1    6
 -0.01147887   0.00008162    -0.00131348  -0.00394455     0.00131348   0.00394455
 -0.00131348  -0.00394455    -0.01147887   0.00008162     0.00131348   0.00394455
  0.00131348   0.00394455     0.00131348   0.00394455    -0.01147887   0.00008162
    1    7
 -0.01147887  -0.00008162    -0.00131348   0.00394455     0.00131348  -0.00394455
 -0.00131348   0.00394455    -0.01147887  -0.00008162     0.00131348  -0.00394455
  0.00131348  -0.00394455     0.00131348  -0.00394455    -0.01147887  -0.00008162
    1    8
  0.00009990   0.00813875    -0.00250393  -0.00212769     0.00250393   0.00212769
 -0.00290057   0.00123776    -0.00691825  -0.00310119    -0.00222922   0.00510644
  0.00290057  -0.00123776    -0.00222922   0.00510644    -0.00691825  -0.00310119
    1    9
  0.00009990  -0.00813875    -0.00250393   0.00212769     0.00250393  -0.00212769
 -0.00290057  -0.00123776    -0.00691825   0.00310119    -0.00222922  -0.00510644
  0.00290057   0.00123776    -0.00222922  -0.00510644    -0.00691825   0.00310119
    1   10
 -0.00691825  -0.00310119    -0.00290057   0.00123776    -0.00222922   0.00510644
 -0.00250393  -0.00212769     0.00009990   0.00813875     0.00250393   0.00212769
 -0.00222922   0.00510644     0.00290057  -0.00123776    -0.00691825  -0.00310119
    1   11
 -0.00691825   0.00310119    -0.00290057  -0.00123776    -0.00222922  -0.00510644
 -0.00250393   0.00212769     0.00009990  -0.00813875     0.00250393  -0.00212769
 -0.00222922  -0.00510644     0.00290057   0.00123776    -0.00691825   0.00310119
    2    1
  0.00590145   0.00204531     0.00859161   0.00648158    -0.00859161  -0.00648158
  0.00859161   0.00648158     0.00590145   0.00204531    -0.00859161  -0.00648158
 -0.00859161  -0.00648158    -0.00859161  -0.00648158     0.00590145   0.00204531
    2    2
  0.02129755   0.00000000     0.00873573  -0.00000000    -0.00873573   0.00000000
  0.00873573  -0.00000000     0.02129755   0.00000000    -0.00873573   0.00000000
 -0.00873573   0.00000000    -0.00873573   0.00000000     0.02129755   0.00000000
    2    3
 -0.00097341   0.00408108    -0.00024883   0.00614465     0.00024883  -0.00614465
 -0.00024883   0.00614465    -0.00097341   0.00408108     0.00024883  -0.00614465
  0.00024883  -0.00614465     0.00024883  -0.00614465    -0.00097341   0.00408108
    2    4
 -0.00405218  -0.00105382     0.00134439  -0.00237683     0.00131064   0.00189030
  0.00134439  -0.00237683    -0.00405218  -0.00105382     0.00131064   0.00189030
 -0.00179442   0.00508299    -0.00179442   0.00508299    -0.00061507  -0.00149108
    2    5
 -0.00519777   0.00603886    -0.00451879   0.00137605    -0.00229971   0.00209427
 -0.00451879   0.00137605    -0.00519777   0.00603886    -0.00229971   0.00209427
 -0.00179054  -0.00323938    -0.00179054  -0.00323938    -0.00358022  -0.00089830
    2    6
  0.00393965  -0.00176871     0.00212569  -0.00293500    -0.00212569   0.00293500
  0.00212569  -0.00293500     0.00393965  -0.00176871    -0.00212569   0.00293500
 -0.00212569   0.00293500    -0.00212569   0.00293500     0.00393965  -0.00176871
    2    7
 -0.00798105   0.00216176    -0.00769805   0.00210734     0.00769805  -0.00210734
 -0.00769805   0.00210734    -0.00798105   0.00216176     0.00769805  -0.00210734
  0.00769805  -0.00210734     0.00769805  -0.00210734    -0.00798105   0.00216176
    2    8
 -0.00061507  -0.00149108     0.00179442  -0.00508299    -0.00179442   0.00508299
 -0.00131064  -0.00189030    -0.00405218  -0.00105382    -0.00134439   0.00237683
  0.00131064   0.00189030    -0.00134439   0.00237683    -0.00405218  -0.00105382
    2    9
 -0.00358022  -0.00089830     0.00179054   0.00323938    -0.00179054  -0.00323938
  0.00229971  -0.00209427    -0.00519777   0.00603886     0.00451879  -0.00137605
 -0.00229971   0.00209427     0.00451879  -0.00137605    -0.00519777   0.00603886
    2   10
 -0.00405218  -0.00105382    -0.00131064  -0.00189030    -0.00134439   0.00237683
  0.00179442  -0.00508299    -0.00061507  -0.00149108    -0.00179442   0.00508299
 -0.00134439   0.00237683     0.00131064   0.00189030    -0.00405218  -0.00105382
    2   11
 -0.00519777   0.00603886     0.00229971  -0.00209427     0.00451879  -0.00137605
  0.00179054   0.00323938    -0.00358022  -0.00089830    -0.00179054  -0.00323938
  0.00451879  -0.00137605    -0.00229971   0.00209427    -0.00519777   0.00603886
    3    1
  0.00590145  -0.00204531     0.00859161  -0.00648158    -0.00859161   0.00648158
  0.00859161  -0.00648158     0.00590145  -0.00204531    -0.00859161   0.00648158
 -0.00859161   0.00648158    -0.00859161   0.00648158     0.00590145  -0.00204531
    3    2
 -0.00097341  -0.00408108    -0.00024883  -0.00614465     0.00024883   0.00614465
 -0.00024883  -0.00614465    -0.00097341  -0.00408108     0.00024883   0.00614465
  0.00024883   0.00614465     0.00024883   0.00614465    -0.00097341  -0.00408108
    3    3
  0.02129755  -0.00000000     0.00873573   0.00000000    -0.00873573  -0.00000000
  0.00873573   0.00000000     0.02129755  -0.00000000    -0.00873573  -0.00000000
 -0.00873573  -0.00000000    -0.00873573  -0.00000000     0.02129755  -0.00000000
    3    4
 -0.00519777  -0.00603886    -0.00451879  -0.00137605    -0.00229971  -0.00209427
 -0.00451879  -0.00137605    -0.00519777  -0.00603886    -0.00229971  -0.00209427
 -0.00179054   0.00323938    -0.00179054   0.00323938    -0.00358022   0.00089830
    3    5
 -0.00405218   0.00105382     0.00134439   0.00237683     0.00131064  -0.00189030
  0.00134439   0.00237683    -0.00405218   0.00105382     0.00131064  -0.00189030
 -0.00179442  -0.00508299    -0.00179442  -0.00508299    -0.00061507   0.00149108
    3    6
 -0.00798105  -0.00216176    -0.00769805  -0.00210734     0.00769805   0.00210734
 -0.00769805  -0.00210734    -0.00798105  -0.00216176     0.00769805   0.00210734
  0.00769805   0.00210734     0.00769805   0.00210734    -0.00798105  -0.00216176
    3    7
  0.00393965   0.00176871     0.00212569   0.00293500    -0.00212569  -0.00293500
  0.00212569   0.00293500     0.00393965   0.00176871    -0.00212569  -0.00293500
 -0.00212569  -0.00293500    -0.00212569  -0.00293500     0.00393965   0.00176871
    3    8
 -0.00358022   0.00089830     0.00179054  -0.00323938    -0.00179054   0.00323938
  0.00229971   0.00209427    -0.00519777  -0.00603886     0.00451879   0.00137605
 -0.00229971  -0.00209427     0.00451879   0.00137605    -0.00519777  -0.00603886
    3    9
 -0.00061507   0.00149108     0.00179442   0.00508299    -0.00179442  -0.00508299
 -0.00131064   0.00189030    -0.00405218   0.00105382    -0.00134439  -0.00237683
  0.00131064  -0.00189030    -0.00134439  -0.00237683    -0.00405218   0.00105382
    3   10
 -0.00519777  -0.00603886     0.00229971   0.00209427     0.00451879   0.00137605
  0.00179054  -0.00323938    -0.00358022   0.00089830    -0.00179054   0.00323938
  0.00451879   0.00137605    -0.00229971  -0.00209427    -0.00519777  -0.00603886
    3   11
 -0.00405218   0.00105382    -0.00131064   0.00189030    -0.00134439  -0.00237683
  0.00179442   0.00508299    -0.00061507   0.00149108    -0.00179442  -0.00508299
 -0.00134439  -0.00237683     0.00131064  -0.00189030    -0.00405218   0.00105382
    4    1
 -0.00691825   0.00310119     0.00222922   0.00510644     0.00250393  -0.00212769
  0.00222922   0.00510644    -0.00691825   0.00310119     0.00250393  -0.00212769
  0.00290057   0.00123776     0.00290057   0.00123776     0.00009990  -0.00813875
    4    2
 -0.00405218   0.00105382     0.00134439   0.00237683    -0.00179442  -0.00508299
  0.00134439   0.00237683    -0.00405218   0.00105382    -0.00179442  -0.00508299
  0.00131064  -0.00189030     0.00131064  -0.00189030    -0.00061507   0.00149108
    4    3
 -0.00519777   0.00603886    -0.00451879   0.00137605    -0.00179054  -0.00323938
 -0.00451879   0.00137605    -0.00519777   0.00603886    -0.00179054  -0.00323938
 -0.00229971   0.00209427    -0.00229971   0.00209427    -0.00358022  -0.00089830
    4    4
  0.01570363  -0.00000000     0.00225739  -0.00000000    -0.00060435   0.00057350
  0.00225739  -0.00000000     0.01570363  -0.00000000    -0.00060435   0.00057350
 -0.00060435  -0.00057350    -0.00060435  -0.00057350     0.00983758  -0.00000000
    4    5
  0.00225424   0.00014731     0.00164235   0.00033108     0.00094335   0.00054253
  0.00164235   0.00033108     0.00225424   0.00014731     0.00094335   0.00054253
  0.00094335   0.00054253     0.00094335   0.00054253    -0.00067780   0.00008227
    4    6
  0.00204570  -0.00235343    -0.00027228  -0.00069791    -0.00064711   0.00064335
 -0.00027228  -0.00069791     0.00204570  -0.00235343    -0.00064711   0.00064335
  0.00040963  -0.00119685     0.00040963  -0.00119685    -0.00184836   0.00196158
    4    7
  0.00005300   0.00003388    -0.00122909  -0.00168844     0.00168110   0.00091777
 -0.00122909  -0.00168844     0.00005300   0.00003388     0.00168110   0.00091777
 -0.00077248   0.00214602    -0.00077248   0.00214602    -0.00342363   0.00077905
    4    8
  0.00082127  -0.00057049     0.00055429   0.00360426     0.00052437  -0.00000000
  0.00054928   0.00021717     0.00498142   0.00000000    -0.00055429   0.00360426
  0.00112819   0.00000000    -0.00054928   0.00021717     0.00082127   0.00057049
    4    9
  0.00225208   0.00087074    -0.00374341  -0.00100458     0.00562222   0.00183422
 -0.00042807  -0.00044466     0.00426196  -0.00669324     0.00374341   0.00100458
 -0.00090711  -0.00132295     0.00042807   0.00044466     0.00225208   0.00087074
    4   10
  0.00498142   0.00000000     0.00054928   0.00021717    -0.00055429   0.00360426
  0.00055429   0.00360426     0.00082127  -0.00057049     0.00052437   0.00000000
 -0.00054928   0.00021717     0.00112819   0.00000000     0.00082127   0.00057049
    4   11
  0.00426196  -0.00669324    -0.00042807  -0.00044466     0.00374341   0.00100458
 -0.00374341  -0.00100458     0.00225208   0.00087074     0.00562222   0.00183422
  0.00042807   0.00044466    -0.00090711  -0.00132295     0.00225208   0.00087074
    5    1
 -0.00691825  -0.00310119     0.00222922  -0.00510644     0.00250393   0.00212769
  0.00222922  -0.00510644    -0.00691825  -0.00310119     0.00250393   0.00212769
  0.00290057  -0.00123776     0.00290057  -0.00123776     0.00009990   0.00813875
    5    2
 -0.00519777  -0.00603886    -0.00451879  -0.00137605    -0.00179054   0.00323938
 -0.00451879  -0.00137605    -0.00519777  -0.00603886    -0.00179054   0.00323938
 -0.00229971  -0.00209427    -0.00229971  -0.00209427    -0.00358022   0.00089830
    5    3
 -0.00405218  -0.00105382     0.00134439  -0.00237683    -0.00179442   0.00508299
  0.00134439  -0.00237683    -0.00405218  -0.00105382    -0.00179442   0.00508299
  0.00131064   0.00189030     0.00131064   0.00189030    -0.00061507  -0.00149108
    5    4
  0.00225424  -0.00014731     0.00164235  -0.00033108     0.00094335  -0.00054253
  0.00164235  -0.00033108     0.00225424  -0.00014731     0.00094335  -0.00054253
  0.00094335  -0.00054253     0.00094335  -0.00054253    -0.00067780  -0.00008227
    5    5
  0.01570363   0.00000000     0.00225739   0.00000000    -0.00060435  -0.00057350
  0.00225739   0.00000000     0.01570363   0.00000000    -0.00060435  -0.00057350
 -0.00060435   0.00057350    -0.00060435   0.00057350     0.00983758   0.00000000
    5    6
  0.00005300  -0.00003388    -0.00122909   0.00168844     0.00168110  -0.00091777
 -0.00122909   0.00168844     0.00005300  -0.00003388     0.00168110  -0.00091777
 -0.00077248  -0.00214602    -0.00077248  -0.00214602    -0.00342363  -0.00077905
    5    7
  0.00204570   0.00235343    -0.00027228   0.00069791    -0.00064711  -0.00064335
 -0.00027228   0.00069791     0.00204570   0.00235343    -0.00064711  -0.00064335
  0.00040963   0.00119685     0.00040963   0.00119685    -0.00184836  -0.00196158
    5    8
  0.00225208  -0.00087074    -0.00374341   0.00100458     0.00562222  -0.00183422
 -0.00042807   0.00044466     0.00426196   0.00669324     0.00374341  -0.00100458
 -0.00090711   0.00132295     0.00042807  -0.00044466     0.00225208  -0.00087074
    5    9
  0.00082127   0.00057049     0.00055429  -0.00360426     0.00052437   0.00000000
  0.00054928  -0.00021717     0.00498142   0.00000000    -0.00055429  -0.00360426
  0.00112819  -0.00000000    -0.00054928  -0.00021717     0.00082127  -0.00057049
    5   10
  0.00426196   0.00669324    -0.00042807   0.00044466     0.00374341  -0.00100458
 -0.00374341   0.00100458     0.00225208  -0.00087074     0.00562222  -0.00183422
  0.00042807  -0.00044466    -0.00090711   0.00132295     0.00225208  -0.00087074
    5   11
  0.00498142   0.00000000     0.00054928  -0.00021717    -0.00055429  -0.00360426
  0.00055429  -0.00360426     0.00082127   0.00057049     0.00052437   0.00000000
 -0.00054928  -0.00021717     0.00112819  -0.00000000     0.00082127  -0.00057049
    6    1
 -0.01147887  -0.00008162    -0.00131348   0.00394455     0.00131348  -0.00394455
 -0.00131348   0.00394455    -0.01147887  -0.00008162     0.00131348  -0.00394455
  0.00131348  -0.00394455     0.00131348  -0.00394455    -0.01147887  -0.00008162
    6    2
  0.00393965   0.00176871     0.00212569   0.00293500    -0.00212569  -0.00293500
  0.00212569   0.00293500     0.00393965   0.00176871    -0.00212569  -0.00293500
 -0.00212569  -0.00293500    -0.00212569  -0.00293500     0.00393965   0.00176871
    6    3
 -0.00798105   0.00216176    -0.00769805   0.00210734     0.00769805  -0.00210734
 -0.00769805   0.00210734    -0.00798105   0.00216176     0.00769805  -0.00210734
  0.00769805  -0.00210734     0.00769805  -0.00210734    -0.00798105   0.00216176
    6    4
  0.00204570   0.00235343    -0.00027228   0.00069791     0.00040963   0.00119685
 -0.00027228   0.00069791     0.00204570   0.00235343     0.00040963   0.00119685
 -0.00064711  -0.00064335    -0.00064711  -0.00064335    -0.00184836  -0.00196158
    6    5
  0.00005300   0.00003388    -0.00122909  -0.00168844    -0.00077248   0.00214602
 -0.00122909  -0.00168844     0.00005300   0.00003388    -0.00077248   0.00214602
  0.00168110   0.00091777     0.00168110   0.00091777    -0.00342363   0.00077905
    6    6
  0.01366195   0.00000000     0.00498359   0.00000000    -0.00498359  -0.00000000
  0.00498359   0.00000000     0.01366195   0.00000000    -0.00498359  -0.00000000
 -0.00498359  -0.00000000    -0.00498359  -0.00000000     0.01366195   0.00000000
    6    7
 -0.00098813   0.00013344    -0.00145399   0.00067180     0.00145399  -0.00067180
 -0.00145399   0.00067180    -0.00098813   0.00013344     0.00145399  -0.00067180
  0.00145399  -0.00067180     0.00145399  -0.00067180    -0.00098813   0.00013344
    6    8
 -0.00184836  -0.00196158     0.00064711   0.00064335    -0.00064711  -0.00064335
 -0.00040963  -0.00119685     0.00204570   0.00235343     0.00027228  -0.00069791
  0.00040963   0.00119685     0.00027228  -0.00069791     0.00204570   0.00235343
    6    9
 -0.00342363   0.00077905    -0.00168110  -0.00091777     0.00168110   0.00091777
  0.00077248  -0.00214602     0.00005300   0.00003388     0.00122909   0.00168844
 -0.00077248   0.00214602     0.00122909   0.00168844     0.00005300   0.00003388
    6   10
  0.00204570   0.00235343    -0.00040963  -0.00119685     0.00027228  -0.00069791
  0.00064711   0.00064335    -0.00184836  -0.00196158    -0.00064711  -0.00064335
  0.00027228  -0.00069791     0.00040963   0.00119685     0.00204570   0.00235343
    6   11
  0.00005300   0.00003388     0.00077248  -0.00214602     0.00122909   0.00168844
 -0.00168110  -0.00091777    -0.00342363   0.00077905     0.00168110   0.00091777
  0.00122909   0.00168844    -0.00077248   0.00214602     0.00005300   0.00003388
    7    1
 -0.01147887   0.00008162    -0.00131348  -0.00394455     0.00131348   0.00394455
 -0.00131348  -0.00394455    -0.01147887   0.00008162     0.00131348   0.00394455
  0.00131348   0.00394455     0.00131348   0.00394455    -0.01147887   0.00008162
    7    2
 -0.00798105  -0.00216176    -0.00769805  -0.00210734     0.00769805   0.00210734
 -0.00769805  -0.00210734    -0.00798105  -0.00216176     0.00769805   0.00210734
  0.00769805   0.00210734     0.00769805   0.00210734    -0.00798105  -0.00216176
    7    3
  0.00393965  -0.00176871     0.00212569  -0.00293500    -0.00212569   0.00293500
  0.00212569  -0.00293500     0.00393965  -0.00176871    -0.00212569   0.00293500
 -0.00212569   0.00293500    -0.00212569   0.00293500     0.00393965  -0.00176871
    7    4
  0.00005300  -0.00003388    -0.00122909   0.00168844    -0.00077248  -0.00214602
 -0.00122909   0.00168844     0.00005300  -0.00003388    -0.00077248  -0.00214602
  0.00168110  -0.00091777     0.00168110  -0.00091777    -0.00342363  -0.00077905
    7    5
  0.00204570  -0.00235343    -0.00027228  -0.00069791     0.00040963  -0.00119685
 -0.00027228  -0.00069791     0.00204570  -0.00235343     0.00040963  -0.00119685
 -0.00064711   0.00064335    -0.00064711   0.00064335    -0.00184836   0.00196158
    7    6
 -0.00098813  -0.00013344    -0.00145399  -0.00067180     0.00145399   0.00067180
 -0.00145399  -0.00067180    -0.00098813  -0.00013344     0.00145399   0.00067180
  0.00145399   0.00067180     0.00145399   0.00067180    -0.00098813  -0.00013344
    7    7
  0.01366195  -0.00000000     0.00498359  -0.00000000    -0.00498359   0.00000000
  0.00498359  -0.00000000     0.01366195  -0.00000000    -0.00498359   0.00000000
 -0.00498359   0.00000000    -0.00498359   0.00000000     0.01366195  -0.00000000
    7    8
 -0.00342363  -0.00077905    -0.00168110   0.00091777     0.00168110  -0.00091777
  0.00077248   0.00214602     0.00005300  -0.00003388     0.00122909  -0.00168844
 -0.00077248  -0.00214602     0.00122909  -0.00168844     0.00005300  -0.00003388
    7    9
 -0.00184836   0.00196158     0.00064711  -0.00064335    -0.00064711   0.00064335
 -0.00040963   0.00119685     0.00204570  -0.00235343     0.00027228   0.00069791
  0.00040963  -0.00119685     0.00027228   0.00069791     0.00204570  -0.00235343
    7   10
  0.00005300  -0.00003388     0.00077248   0.00214602     0.00122909  -0.00168844
 -0.00168110   0.00091777    -0.00342363  -0.00077905     0.00168110  -0.00091777
  0.00122909  -0.00168844    -0.00077248  -0.00214602     0.00005300  -0.00003388
    7   11
  0.00204570  -0.00235343    -0.00040963   0.00119685     0.00027228   0.00069791
  0.00064711  -0.00064335    -0.00184836   0.00196158    -0.00064711   0.00064335
  0.00027228   0.00069791     0.00040963  -0.00119685     0.00204570  -0.00235343
    8    1
  0.00009990  -0.00813875    -0.00290057  -0.00123776     0.00290057   0.00123776
 -0.00250393   0.00212769    -0.00691825   0.00310119    -0.00222922  -0.00510644
  0.00250393  -0.00212769    -0.00222922  -0.00510644    -0.00691825   0.00310119
    8    2
 -0.00061507   0.00149108    -0.00131064   0.00189030     0.00131064  -0.00189030
  0.00179442   0.00508299    -0.00405218   0.00105382    -0.00134439  -0.00237683
 -0.00179442  -0.00508299    -0.00134439  -0.00237683    -0.00405218   0.00105382
    8    3
 -0.00358022  -0.00089830     0.00229971  -0.00209427    -0.00229971   0.00209427
  0.00179054   0.00323938    -0.00519777   0.00603886     0.00451879  -0.00137605
 -0.00179054  -0.00323938     0.00451879  -0.00137605    -0.00519777   0.00603886
    8    4
  0.00082127   0.00057049     0.00054928  -0.00021717     0.00112819  -0.00000000
  0.00055429  -0.00360426     0.00498142  -0.00000000    -0.00054928  -0.00021717
  0.00052437   0.00000000    -0.00055429  -0.00360426     0.00082127  -0.00057049
    8    5
  0.00225208   0.00087074    -0.00042807  -0.00044466    -0.00090711  -0.00132295
 -0.00374341  -0.00100458     0.00426196  -0.00669324     0.00042807   0.00044466
  0.00562222   0.00183422     0.00374341   0.00100458     0.00225208   0.00087074
    8    6
 -0.00184836   0.00196158    -0.00040963   0.00119685     0.00040963  -0.00119685
  0.00064711  -0.00064335     0.00204570  -0.00235343     0.00027228   0.00069791
 -0.00064711   0.00064335     0.00027228   0.00069791     0.00204570  -0.00235343
    8    7
 -0.00342363   0.00077905     0.00077248  -0.00214602    -0.00077248   0.00214602
 -0.00168110  -0.00091777     0.00005300   0.00003388     0.00122909   0.00168844
  0.00168110   0.00091777     0.00122909   0.00168844     0.00005300   0.00003388
    8    8
  0.00983758  -0.00000000     0.00060435   0.00057350    -0.00060435  -0.00057350
  0.00060435  -0.00057350     0.01570363  -0.00000000    -0.00225739   0.00000000
 -0.00060435   0.00057350    -0.00225739   0.00000000     0.01570363  -0.00000000
    8    9
 -0.00067780   0.00008227    -0.00094335  -0.00054253     0.00094335   0.00054253
 -0.00094335  -0.00054253     0.00225424   0.00014731    -0.00164235  -0.00033108
  0.00094335   0.00054253    -0.00164235  -0.00033108     0.00225424   0.00014731
    8   10
  0.00082127   0.00057049    -0.00112819  -0.00000000    -0.00054928   0.00021717
 -0.00052437  -0.00000000     0.00082127  -0.00057049    -0.00055429  -0.00360426
 -0.00055429   0.00360426    -0.00054928  -0.00021717     0.00498142   0.00000000
    8   11
  0.00225208   0.00087074     0.00090711   0.00132295     0.00042807   0.00044466
 -0.00562222  -0.00183422     0.00225208   0.00087074     0.00374341   0.00100458
  0.00374341   0.00100458     0.00042807   0.00044466     0.00426196  -0.00669324
    9    1
  0.00009990   0.00813875    -0.00290057   0.00123776     0.00290057  -0.00123776
 -0.00250393  -0.00212769    -0.00691825  -0.00310119    -0.00222922   0.00510644
  0.00250393   0.00212769    -0.00222922   0.00510644    -0.00691825  -0.00310119
    9    2
 -0.00358022   0.00089830     0.00229971   0.00209427    -0.00229971  -0.00209427
  0.00179054  -0.00323938    -0.00519777  -0.00603886     0.00451879   0.00137605
 -0.00179054   0.00323938     0.00451879   0.00137605    -0.00519777  -0.00603886
    9    3
 -0.00061507  -0.00149108    -0.00131064  -0.00189030     0.00131064   0.00189030
  0.00179442  -0.00508299    -0.00405218  -0.00105382    -0.00134439   0.00237683
 -0.00179442   0.00508299    -0.00134439   0.00237683    -0.00405218  -0.00105382
    9    4
  0.00225208  -0.00087074    -0.00042807   0.00044466    -0.00090711   0.00132295
 -0.00374341   0.00100458     0.00426196   0.00669324     0.00042807  -0.00044466
  0.00562222  -0.00183422     0.00374341  -0.00100458     0.00225208  -0.00087074
    9    5
  0.00082127  -0.00057049     0.00054928   0.00021717     0.00112819  -0.00000000
  0.00055429   0.00360426     0.00498142   0.00000000    -0.00054928   0.00021717
  0.00052437   0.00000000    -0.00055429   0.00360426     0.00082127   0.00057049
    9    6
 -0.00342363  -0.00077905     0.00077248   0.00214602    -0.00077248  -0.00214602
 -0.00168110   0.00091777     0.00005300  -0.00003388     0.00122909  -0.00168844
  0.00168110  -0.00091777     0.00122909  -0.00168844     0.00005300  -0.00003388
    9    7
 -0.00184836  -0.00196158    -0.00040963  -0.00119685     0.00040963   0.00119685
  0.00064711   0.00064335     0.00204570   0.00235343     0.00027228  -0.00069791
 -0.00064711  -0.00064335     0.00027228  -0.00069791     0.00204570   0.00235343
    9    8
 -0.00067780  -0.00008227    -0.00094335   0.00054253     0.00094335  -0.00054253
 -0.00094335   0.00054253     0.00225424  -0.00014731    -0.00164235   0.00033108
  0.00094335  -0.00054253    -0.00164235   0.00033108     0.00225424  -0.00014731
    9    9
  0.00983758   0.00000000     0.00060435  -0.00057350    -0.00060435   0.00057350
  0.00060435   0.00057350     0.01570363   0.00000000    -0.00225739  -0.00000000
 -0.00060435  -0.00057350    -0.00225739  -0.00000000     0.01570363   0.00000000
    9   10
  0.00225208  -0.00087074     0.00090711  -0.00132295     0.00042807  -0.00044466
 -0.00562222   0.00183422     0.00225208  -0.00087074     0.00374341  -0.00100458
  0.00374341  -0.00100458     0.00042807  -0.00044466     0.00426196   0.00669324
    9   11
  0.00082127  -0.00057049    -0.00112819   0.00000000    -0.00054928  -0.00021717
 -0.00052437  -0.00000000     0.00082127   0.00057049    -0.00055429   0.00360426
 -0.00055429  -0.00360426    -0.00054928   0.00021717     0.00498142  -0.00000000
   10    1
 -0.00691825   0.00310119    -0.00250393   0.00212769    -0.00222922  -0.00510644
 -0.00290057  -0.00123776     0.00009990  -0.00813875     0.00290057   0.00123776
 -0.00222922  -0.00510644     0.00250393  -0.00212769    -0.00691825   0.00310119
   10    2
 -0.00405218   0.00105382     0.00179442   0.00508299    -0.00134439  -0.00237683
 -0.00131064   0.00189030    -0.00061507   0.00149108     0.00131064  -0.00189030
 -0.00134439  -0.00237683    -0.00179442  -0.00508299    -0.00405218   0.00105382
   10    3
 -0.00519777   0.00603886     0.00179054   0.00323938     0.00451879  -0.00137605
  0.00229971  -0.00209427    -0.00358022  -0.00089830    -0.00229971   0.00209427
  0.00451879  -0.00137605    -0.00179054  -0.00323938    -0.00519777   0.00603886
   10    4
  0.00498142  -0.00000000     0.00055429  -0.00360426    -0.00054928  -0.00021717
  0.00054928  -0.00021717     0.00082127   0.00057049     0.00112819  -0.00000000
 -0.00055429  -0.00360426     0.00052437   0.00000000     0.00082127  -0.00057049
   10    5
  0.00426196  -0.00669324    -0.00374341  -0.00100458     0.00042807   0.00044466
 -0.00042807  -0.00044466     0.00225208   0.00087074    -0.00090711  -0.00132295
  0.00374341   0.00100458     0.00562222   0.00183422     0.00225208   0.00087074
   10    6
  0.00204570  -0.00235343     0.00064711  -0.00064335     0.00027228   0.00069791
 -0.00040963   0.00119685    -0.00184836   0.00196158     0.00040963  -0.00119685
  0.00027228   0.00069791    -0.00064711   0.00064335     0.00204570  -0.00235343
   10    7
  0.00005300   0.00003388    -0.00168110  -0.00091777     0.00122909   0.00168844
  0.00077248  -0.00214602    -0.00342363   0.00077905    -0.00077248   0.00214602
  0.00122909   0.00168844     0.00168110   0.00091777     0.00005300   0.00003388
   10    8
  0.00082127  -0.00057049    -0.00052437  -0.00000000    -0.00055429  -0.00360426
 -0.00112819   0.00000000     0.00082127   0.00057049    -0.00054928   0.00021717
 -0.00054928  -0.00021717    -0.00055429   0.00360426     0.00498142   0.00000000
   10    9
  0.00225208   0.00087074    -0.00562222  -0.00183422     0.00374341   0.00100458
  0.00090711   0.00132295     0.00225208   0.00087074     0.00042807   0.00044466
  0.00042807   0.00044466     0.00374341   0.00100458     0.00426196  -0.00669324
   10   10
  0.01570363  -0.00000000     0.00060435  -0.00057350    -0.00225739  -0.00000000
  0.00060435   0.00057350     0.00983758  -0.00000000    -0.00060435  -0.00057350
 -0.00225739  -0.00000000    -0.00060435   0.00057350     0.01570363   0.00000000
   10   11
  0.00225424   0.00014731    -0.00094335  -0.00054253    -0.00164235  -0.00033108
 -0.00094335  -0.00054253    -0.00067780   0.00008227     0.00094335   0.00054253
 -0.00164235  -0.00033108     0.00094335   0.00054253     0.00225424   0.00014731
   11    1
 -0.00691825  -0.00310119    -0.00250393  -0.00212769    -0.00222922   0.00510644
 -0.00290057   0.00123776     0.00009990   0.00813875     0.00290057  -0.00123776
 -0.00222922   0.00510644     0.00250393   0.00212769    -0.00691825  -0.00310119
   11    2
 -0.00519777  -0.00603886     0.00179054  -0.00323938     0.00451879   0.00137605
  0.00229971   0.00209427    -0.00358022   0.00089830    -0.00229971  -0.00209427
  0.00451879   0.00137605    -0.00179054   0.00323938    -0.00519777  -0.00603886
   11    3
 -0.00405218  -0.00105382     0.00179442  -0.00508299    -0.00134439   0.00237683
 -0.00131064  -0.00189030    -0.00061507  -0.00149108     0.00131064   0.00189030
 -0.00134439   0.00237683    -0.00179442   0.00508299    -0.00405218  -0.00105382
   11    4
  0.00426196   0.00669324    -0.00374341   0.00100458     0.00042807  -0.00044466
 -0.00042807   0.00044466     0.00225208  -0.00087074    -0.00090711   0.00132295
  0.00374341  -0.00100458     0.00562222  -0.00183422     0.00225208  -0.00087074
   11    5
  0.00498142   0.00000000     0.00055429   0.00360426    -0.00054928   0.00021717
  0.00054928   0.00021717     0.00082127  -0.00057049     0.00112819   0.00000000
 -0.00055429   0.00360426     0.00052437   0.00000000     0.00082127   0.00057049
   11    6
  0.00005300  -0.00003388    -0.00168110   0.00091777     0.00122909  -0.00168844
  0.00077248   0.00214602    -0.00342363  -0.00077905    -0.00077248  -0.00214602
  0.00122909  -0.00168844     0.00168110  -0.00091777     0.00005300  -0.00003388
   11    7
  0.00204570   0.00235343     0.00064711   0.00064335     0.00027228  -0.00069791
 -0.00040963  -0.00119685    -0.00184836  -0.00196158     0.00040963   0.00119685
  0.00027228  -0.00069791    -0.00064711  -0.00064335     0.00204570   0.00235343
   11    8
  0.00225208  -0.00087074    -0.00562222   0.00183422     0.00374341  -0.00100458
  0.00090711  -0.00132295     0.00225208  -0.00087074     0.00042807  -0.00044466
  0.00042807  -0.00044466     0.00374341  -0.00100458     0.00426196   0.00669324
   11    9
  0.00082127   0.00057049    -0.00052437   0.00000000    -0.00055429   0.00360426
 -0.00112819  -0.00000000     0.00082127  -0.00057049    -0.00054928  -0.00021717
 -0.00054928   0.00021717    -0.00055429  -0.00360426     0.00498142   0.00000000
   11   10
  0.00225424  -0.00014731    -0.00094335   0.00054253    -0.00164235   0.00033108
 -0.00094335   0.00054253    -0.00067780  -0.00008227     0.00094335  -0.00054253
 -0.00164235   0.00033108     0.00094335  -0.00054253     0.00225424  -0.00014731
   11   11
  0.01570363   0.00000000     0.00060435   0.00057350    -0.00225739   0.00000000
  0.00060435  -0.00057350     0.00983758   0.00000000    -0.00060435   0.00057350
 -0.00225739   0.00000000    -0.00060435  -0.00057350     0.01570363  -0.00000000

     Dynamical  Matrix in cartesian axes

     q = (    0.235702260  -0.235702260  -0.235702260 ) 

    1    1
  0.05180806   0.00000000    -0.01218170   0.00000000    -0.01218170   0.00000000
 -0.01218170   0.00000000     0.05180806   0.00000000     0.01218170   0.00000000
 -0.01218170   0.00000000     0.01218170   0.00000000     0.05180806   0.00000000
    1    2
  0.00590145   0.00204531    -0.00859161  -0.00648158    -0.00859161  -0.00648158
 -0.00859161  -0.00648158     0.00590145   0.00204531     0.00859161   0.00648158
 -0.00859161  -0.00648158     0.00859161   0.00648158     0.00590145   0.00204531
    1    3
  0.00590145  -0.00204531    -0.00859161   0.00648158    -0.00859161   0.00648158
 -0.00859161   0.00648158     0.00590145  -0.00204531     0.00859161  -0.00648158
 -0.00859161   0.00648158     0.00859161  -0.00648158     0.00590145  -0.00204531
    1    4
  0.00009990  -0.00813875     0.00250393  -0.00212769     0.00250393  -0.00212769
  0.00290057   0.00123776    -0.00691825   0.00310119     0.00222922   0.00510644
  0.00290057   0.00123776     0.00222922   0.00510644    -0.00691825   0.00310119
    1    5
  0.00009990   0.00813875     0.00250393   0.00212769     0.00250393   0.00212769
  0.00290057  -0.00123776    -0.00691825  -0.00310119     0.00222922  -0.00510644
  0.00290057  -0.00123776     0.00222922  -0.00510644    -0.00691825  -0.00310119
    1    6
 -0.00691825   0.00310119     0.00290057   0.00123776    -0.00222922  -0.00510644
  0.00250393  -0.00212769     0.00009990  -0.00813875    -0.00250393   0.00212769
 -0.00222922  -0.00510644    -0.00290057  -0.00123776    -0.00691825   0.00310119
    1    7
 -0.00691825  -0.00310119     0.00290057  -0.00123776    -0.00222922   0.00510644
  0.00250393   0.00212769     0.00009990   0.00813875    -0.00250393  -0.00212769
 -0.00222922   0.00510644    -0.00290057   0.00123776    -0.00691825  -0.00310119
    1    8
 -0.00691825   0.00310119    -0.00222922  -0.00510644     0.00290057   0.00123776
 -0.00222922  -0.00510644    -0.00691825   0.00310119    -0.00290057  -0.00123776
  0.00250393  -0.00212769    -0.00250393   0.00212769     0.00009990  -0.00813875
    1    9
 -0.00691825  -0.00310119    -0.00222922   0.00510644     0.00290057  -0.00123776
 -0.00222922   0.00510644    -0.00691825  -0.00310119    -0.00290057   0.00123776
  0.00250393   0.00212769    -0.00250393  -0.00212769     0.00009990   0.00813875
    1   10
 -0.01147887  -0.00008162     0.00131348  -0.00394455     0.00131348  -0.00394455
  0.00131348  -0.00394455    -0.01147887  -0.00008162    -0.00131348   0.00394455
  0.00131348  -0.00394455    -0.00131348   0.00394455    -0.01147887  -0.00008162
    1   11
 -0.01147887   0.00008162     0.00131348   0.00394455     0.00131348   0.00394455
  0.00131348   0.00394455    -0.01147887   0.00008162    -0.00131348  -0.00394455
  0.00131348   0.00394455    -0.00131348  -0.00394455    -0.01147887   0.00008162
    2    1
  0.00590145  -0.00204531    -0.00859161   0.00648158    -0.00859161   0.00648158
 -0.00859161   0.00648158     0.00590145  -0.00204531     0.00859161  -0.00648158
 -0.00859161   0.00648158     0.00859161  -0.00648158     0.00590145  -0.00204531
    2    2
  0.02129755  -0.00000000    -0.00873573  -0.00000000    -0.00873573  -0.00000000
 -0.00873573  -0.00000000     0.02129755  -0.00000000     0.00873573   0.00000000
 -0.00873573  -0.00000000     0.00873573   0.00000000     0.02129755  -0.00000000
    2    3
 -0.00097341  -0.00408108     0.00024883   0.00614465     0.00024883   0.00614465
  0.00024883   0.00614465    -0.00097341  -0.00408108    -0.00024883  -0.00614465
  0.00024883   0.00614465    -0.00024883  -0.00614465    -0.00097341  -0.00408108
    2    4
 -0.00061507   0.00149108    -0.00179442  -0.00508299    -0.00179442  -0.00508299
  0.00131064  -0.00189030    -0.00405218   0.00105382     0.00134439   0.00237683
  0.00131064  -0.00189030     0.00134439   0.00237683    -0.00405218   0.00105382
    2    5
 -0.00358022   0.00089830    -0.00179054   0.00323938    -0.00179054   0.00323938
 -0.00229971  -0.00209427    -0.00519777  -0.00603886    -0.00451879  -0.00137605
 -0.00229971  -0.00209427    -0.00451879  -0.00137605    -0.00519777  -0.00603886
    2    6
 -0.00405218   0.00105382     0.00131064  -0.00189030    -0.00134439  -0.00237683
 -0.00179442  -0.00508299    -0.00061507   0.00149108     0.00179442   0.00508299
 -0.00134439  -0.00237683    -0.00131064   0.00189030    -0.00405218   0.00105382
    2    7
 -0.00519777  -0.00603886    -0.00229971  -0.00209427     0.00451879   0.00137605
 -0.00179054   0.00323938    -0.00358022   0.00089830     0.00179054  -0.00323938
  0.00451879   0.00137605     0.00229971   0.00209427    -0.00519777  -0.00603886
    2    8
 -0.00405218   0.00105382    -0.00134439  -0.00237683     0.00131064  -0.00189030
 -0.00134439  -0.00237683    -0.00405218   0.00105382    -0.00131064   0.00189030
 -0.00179442  -0.00508299     0.00179442   0.00508299    -0.00061507   0.00149108
    2    9
 -0.00519777  -0.00603886     0.00451879   0.00137605    -0.00229971  -0.00209427
  0.00451879   0.00137605    -0.00519777  -0.00603886     0.00229971   0.00209427
 -0.00179054   0.00323938     0.00179054  -0.00323938    -0.00358022   0.00089830
    2   10
  0.00393965   0.00176871    -0.00212569  -0.00293500    -0.00212569  -0.00293500
 -0.00212569  -0.00293500     0.00393965   0.00176871     0.00212569   0.00293500
 -0.00212569  -0.00293500     0.00212569   0.00293500     0.00393965   0.00176871
    2   11
 -0.00798105  -0.00216176     0.00769805   0.00210734     0.00769805   0.00210734
  0.00769805   0.00210734    -0.00798105  -0.00216176    -0.00769805  -0.00210734
  0.00769805   0.00210734    -0.00769805  -0.00210734    -0.00798105  -0.00216176
    3    1
  0.00590145   0.00204531    -0.00859161  -0.00648158    -0.00859161  -0.00648158
 -0.00859161  -0.00648158     0.00590145   0.00204531     0.00859161   0.00648158
 -0.00859161  -0.00648158     0.00859161   0.00648158     0.00590145   0.00204531
    3    2
 -0.00097341   0.00408108     0.00024883  -0.00614465     0.00024883  -0.00614465
  0.00024883  -0.00614465    -0.00097341   0.00408108    -0.00024883   0.00614465
  0.00024883  -0.00614465    -0.00024883   0.00614465    -0.00097341   0.00408108
    3    3
  0.02129755   0.00000000    -0.00873573   0.00000000    -0.00873573   0.00000000
 -0.00873573   0.00000000     0.02129755   0.00000000     0.00873573  -0.00000000
 -0.00873573   0.00000000     0.00873573  -0.00000000     0.02129755   0.00000000
    3    4
 -0.00358022  -0.00089830    -0.00179054  -0.00323938    -0.00179054  -0.00323938
 -0.00229971   0.00209427    -0.00519777   0.00603886    -0.00451879   0.00137605
 -0.00229971   0.00209427    -0.00451879   0.00137605    -0.00519777   0.00603886
    3    5
 -0.00061507  -0.00149108    -0.00179442   0.00508299    -0.00179442   0.00508299
  0.00131064   0.00189030    -0.00405218  -0.00105382     0.00134439  -0.00237683
  0.00131064   0.00189030     0.00134439  -0.00237683    -0.00405218  -0.00105382
    3    6
 -0.00519777   0.00603886    -0.00229971   0.00209427     0.00451879  -0.00137605
 -0.00179054  -0.00323938    -0.00358022  -0.00089830     0.00179054   0.00323938
  0.00451879  -0.00137605     0.00229971  -0.00209427    -0.00519777   0.00603886
    3    7
 -0.00405218  -0.00105382     0.00131064   0.00189030    -0.00134439   0.00237683
 -0.00179442   0.00508299    -0.00061507  -0.00149108     0.00179442  -0.00508299
 -0.00134439   0.00237683    -0.00131064  -0.00189030    -0.00405218  -0.00105382
    3    8
 -0.00519777   0.00603886     0.00451879  -0.00137605    -0.00229971   0.00209427
  0.00451879  -0.00137605    -0.00519777   0.00603886     0.00229971  -0.00209427
 -0.00179054  -0.00323938     0.00179054   0.00323938    -0.00358022  -0.00089830
    3    9
 -0.00405218  -0.00105382    -0.00134439   0.00237683     0.00131064   0.00189030
 -0.00134439   0.00237683    -0.00405218  -0.00105382    -0.00131064  -0.00189030
 -0.00179442   0.00508299     0.00179442  -0.00508299    -0.00061507  -0.00149108
    3   10
 -0.00798105   0.00216176     0.00769805  -0.00210734     0.00769805  -0.00210734
  0.00769805  -0.00210734    -0.00798105   0.00216176    -0.00769805   0.00210734
  0.00769805  -0.00210734    -0.00769805   0.00210734    -0.00798105   0.00216176
    3   11
  0.00393965  -0.00176871    -0.00212569   0.00293500    -0.00212569   0.00293500
 -0.00212569   0.00293500     0.00393965  -0.00176871     0.00212569  -0.00293500
 -0.00212569   0.00293500     0.00212569  -0.00293500     0.00393965  -0.00176871
    4    1
  0.00009990   0.00813875     0.00290057  -0.00123776     0.00290057  -0.00123776
