  2.000000000000000E-002   1.62638105529072        4.52835738622022     
           8

     Dynamical  Matrix in cartesian axes

     q = (    0.117851130   0.117851130  -0.117851130 ) 

    1    1
  0.18888320   0.00000000     0.06468570   0.00000000    -0.06468570   0.00000000
  0.06468570   0.00000000     0.18888320   0.00000000    -0.06468570   0.00000000
 -0.06468570   0.00000000    -0.06468570   0.00000000     0.18888320   0.00000000
    1    2
  0.00645341  -0.01444913     0.01752320  -0.01437498    -0.01752320   0.01437498
  0.01752320  -0.01437498     0.00645341  -0.01444913    -0.01752320   0.01437498
 -0.01752320   0.01437498    -0.01752320   0.01437498     0.00645341  -0.01444913
    1    3
  0.00645341   0.01444913     0.01752320   0.01437498    -0.01752320  -0.01437498
  0.01752320   0.01437498     0.00645341   0.01444913    -0.01752320  -0.01437498
 -0.01752320  -0.01437498    -0.01752320  -0.01437498     0.00645341   0.01444913
    1    4
 -0.02011716  -0.01134015     0.00628756  -0.00704324     0.01199080  -0.00728460
  0.00628756  -0.00704324    -0.02011716  -0.01134015     0.01199080  -0.00728460
  0.01236976  -0.00147495     0.01236976  -0.00147495    -0.00973150   0.02525986
    1    5
 -0.02011716   0.01134015     0.00628756   0.00704324     0.01199080   0.00728460
  0.00628756   0.00704324    -0.02011716   0.01134015     0.01199080   0.00728460
  0.01236976   0.00147495     0.01236976   0.00147495    -0.00973150  -0.02525986
    1    6
 -0.02272684   0.00589063    -0.00198138  -0.00934411     0.00198138   0.00934411
 -0.00198138  -0.00934411    -0.02272684   0.00589063     0.00198138   0.00934411
  0.00198138   0.00934411     0.00198138   0.00934411    -0.02272684   0.00589063
    1    7
 -0.02272684  -0.00589063    -0.00198138   0.00934411     0.00198138  -0.00934411
 -0.00198138   0.00934411    -0.02272684  -0.00589063     0.00198138  -0.00934411
  0.00198138  -0.00934411     0.00198138  -0.00934411    -0.02272684  -0.00589063
    1    8
 -0.00973150   0.02525986    -0.01236976   0.00147495     0.01236976  -0.00147495
 -0.01199080   0.00728460    -0.02011716  -0.01134015    -0.00628756   0.00704324
  0.01199080  -0.00728460    -0.00628756   0.00704324    -0.02011716  -0.01134015
    1    9
 -0.00973150  -0.02525986    -0.01236976  -0.00147495     0.01236976   0.00147495
 -0.01199080  -0.00728460    -0.02011716   0.01134015    -0.00628756  -0.00704324
  0.01199080   0.00728460    -0.00628756  -0.00704324    -0.02011716   0.01134015
    1   10
 -0.02011716  -0.01134015    -0.01199080   0.00728460    -0.00628756   0.00704324
 -0.01236976   0.00147495    -0.00973150   0.02525986     0.01236976  -0.00147495
 -0.00628756   0.00704324     0.01199080  -0.00728460    -0.02011716  -0.01134015
    1   11
 -0.02011716   0.01134015    -0.01199080  -0.00728460    -0.00628756  -0.00704324
 -0.01236976  -0.00147495    -0.00973150  -0.02525986     0.01236976   0.00147495
 -0.00628756  -0.00704324     0.01199080   0.00728460    -0.02011716   0.01134015
    2    1
  0.00645341   0.01444913     0.01752320   0.01437498    -0.01752320  -0.01437498
  0.01752320   0.01437498     0.00645341   0.01444913    -0.01752320  -0.01437498
 -0.01752320  -0.01437498    -0.01752320  -0.01437498     0.00645341   0.01444913
    2    2
  0.04109753  -0.00000000     0.01462213   0.00000000    -0.01462213  -0.00000000
  0.01462213   0.00000000     0.04109753  -0.00000000    -0.01462213  -0.00000000
 -0.01462213  -0.00000000    -0.01462213  -0.00000000     0.04109753  -0.00000000
    2    3
 -0.01806025   0.00902663    -0.00606596   0.00386565     0.00606596  -0.00386565
 -0.00606596   0.00386565    -0.01806025   0.00902663     0.00606596  -0.00386565
  0.00606596  -0.00386565     0.00606596  -0.00386565    -0.01806025   0.00902663
    2    4
 -0.00116889   0.00139854     0.00443180   0.00017008     0.00393779   0.00381767
  0.00443180   0.00017008    -0.00116889   0.00139854     0.00393779   0.00381767
 -0.00206335  -0.00257883    -0.00206335  -0.00257883     0.00031093  -0.00286040
    2    5
 -0.00229756   0.00447018    -0.00916391   0.00110922    -0.00581575   0.00606446
 -0.00916391   0.00110922    -0.00229756   0.00447018    -0.00581575   0.00606446
 -0.00372878  -0.00396380    -0.00372878  -0.00396380    -0.00437407  -0.00205138
    2    6
  0.00716681  -0.00163782     0.00964604  -0.00219462    -0.00964604   0.00219462
  0.00964604  -0.00219462     0.00716681  -0.00163782    -0.00964604   0.00219462
 -0.00964604   0.00219462    -0.00964604   0.00219462     0.00716681  -0.00163782
    2    7
 -0.01378600   0.00130711    -0.01839510   0.00271751     0.01839510  -0.00271751
 -0.01839510   0.00271751    -0.01378600   0.00130711     0.01839510  -0.00271751
  0.01839510  -0.00271751     0.01839510  -0.00271751    -0.01378600   0.00130711
    2    8
  0.00031093  -0.00286040     0.00206335   0.00257883    -0.00206335  -0.00257883
 -0.00393779  -0.00381767    -0.00116889   0.00139854    -0.00443180  -0.00017008
  0.00393779   0.00381767    -0.00443180  -0.00017008    -0.00116889   0.00139854
    2    9
 -0.00437407  -0.00205138     0.00372878   0.00396380    -0.00372878  -0.00396380
  0.00581575  -0.00606446    -0.00229756   0.00447018     0.00916391  -0.00110922
 -0.00581575   0.00606446     0.00916391  -0.00110922    -0.00229756   0.00447018
    2   10
 -0.00116889   0.00139854    -0.00393779  -0.00381767    -0.00443180  -0.00017008
  0.00206335   0.00257883     0.00031093  -0.00286040    -0.00206335  -0.00257883
 -0.00443180  -0.00017008     0.00393779   0.00381767    -0.00116889   0.00139854
    2   11
 -0.00229756   0.00447018     0.00581575  -0.00606446     0.00916391  -0.00110922
  0.00372878   0.00396380    -0.00437407  -0.00205138    -0.00372878  -0.00396380
  0.00916391  -0.00110922    -0.00581575   0.00606446    -0.00229756   0.00447018
    3    1
  0.00645341  -0.01444913     0.01752320  -0.01437498    -0.01752320   0.01437498
  0.01752320  -0.01437498     0.00645341  -0.01444913    -0.01752320   0.01437498
 -0.01752320   0.01437498    -0.01752320   0.01437498     0.00645341  -0.01444913
    3    2
 -0.01806025  -0.00902663    -0.00606596  -0.00386565     0.00606596   0.00386565
 -0.00606596  -0.00386565    -0.01806025  -0.00902663     0.00606596   0.00386565
  0.00606596   0.00386565     0.00606596   0.00386565    -0.01806025  -0.00902663
    3    3
  0.04109753   0.00000000     0.01462213  -0.00000000    -0.01462213   0.00000000
  0.01462213  -0.00000000     0.04109753   0.00000000    -0.01462213   0.00000000
 -0.01462213   0.00000000    -0.01462213   0.00000000     0.04109753   0.00000000
    3    4
 -0.00229756  -0.00447018    -0.00916391  -0.00110922    -0.00581575  -0.00606446
 -0.00916391  -0.00110922    -0.00229756  -0.00447018    -0.00581575  -0.00606446
 -0.00372878   0.00396380    -0.00372878   0.00396380    -0.00437407   0.00205138
    3    5
 -0.00116889  -0.00139854     0.00443180  -0.00017008     0.00393779  -0.00381767
  0.00443180  -0.00017008    -0.00116889  -0.00139854     0.00393779  -0.00381767
 -0.00206335   0.00257883    -0.00206335   0.00257883     0.00031093   0.00286040
    3    6
 -0.01378600  -0.00130711    -0.01839510  -0.00271751     0.01839510   0.00271751
 -0.01839510  -0.00271751    -0.01378600  -0.00130711     0.01839510   0.00271751
  0.01839510   0.00271751     0.01839510   0.00271751    -0.01378600  -0.00130711
    3    7
  0.00716681   0.00163782     0.00964604   0.00219462    -0.00964604  -0.00219462
  0.00964604   0.00219462     0.00716681   0.00163782    -0.00964604  -0.00219462
 -0.00964604  -0.00219462    -0.00964604  -0.00219462     0.00716681   0.00163782
    3    8
 -0.00437407   0.00205138     0.00372878  -0.00396380    -0.00372878   0.00396380
  0.00581575   0.00606446    -0.00229756  -0.00447018     0.00916391   0.00110922
 -0.00581575  -0.00606446     0.00916391   0.00110922    -0.00229756  -0.00447018
    3    9
  0.00031093   0.00286040     0.00206335  -0.00257883    -0.00206335   0.00257883
 -0.00393779   0.00381767    -0.00116889  -0.00139854    -0.00443180   0.00017008
  0.00393779  -0.00381767    -0.00443180   0.00017008    -0.00116889  -0.00139854
    3   10
 -0.00229756  -0.00447018     0.00581575   0.00606446     0.00916391   0.00110922
  0.00372878  -0.00396380    -0.00437407   0.00205138    -0.00372878   0.00396380
  0.00916391   0.00110922    -0.00581575  -0.00606446    -0.00229756  -0.00447018
    3   11
 -0.00116889  -0.00139854    -0.00393779   0.00381767    -0.00443180   0.00017008
  0.00206335  -0.00257883     0.00031093   0.00286040    -0.00206335   0.00257883
 -0.00443180   0.00017008     0.00393779  -0.00381767    -0.00116889  -0.00139854
    4    1
 -0.02011716   0.01134015     0.00628756   0.00704324     0.01236976   0.00147495
  0.00628756   0.00704324    -0.02011716   0.01134015     0.01236976   0.00147495
  0.01199080   0.00728460     0.01199080   0.00728460    -0.00973150  -0.02525986
    4    2
 -0.00116889  -0.00139854     0.00443180  -0.00017008    -0.00206335   0.00257883
  0.00443180  -0.00017008    -0.00116889  -0.00139854    -0.00206335   0.00257883
  0.00393779  -0.00381767     0.00393779  -0.00381767     0.00031093   0.00286040
    4    3
 -0.00229756   0.00447018    -0.00916391   0.00110922    -0.00372878  -0.00396380
 -0.00916391   0.00110922    -0.00229756   0.00447018    -0.00372878  -0.00396380
 -0.00581575   0.00606446    -0.00581575   0.00606446    -0.00437407  -0.00205138
    4    4
  0.02854920   0.00000000     0.00296855  -0.00000000     0.00139244   0.00155266
  0.00296855   0.00000000     0.02854920   0.00000000     0.00139244   0.00155266
  0.00139244  -0.00155266     0.00139244  -0.00155266     0.02369746   0.00000000
    4    5
 -0.00039718  -0.00470200    -0.00183741  -0.00078768    -0.00224773  -0.00301709
 -0.00183741  -0.00078768    -0.00039718  -0.00470200    -0.00224773  -0.00301709
 -0.00224773  -0.00301709    -0.00224773  -0.00301709    -0.00383284   0.00177508
    4    6
 -0.00130175  -0.00846475    -0.00202351  -0.00237351     0.00035051   0.00203290
 -0.00202351  -0.00237351    -0.00130175  -0.00846475     0.00035051   0.00203290
 -0.00176840  -0.00468243    -0.00176840  -0.00468243     0.00285629   0.00621342
    4    7
  0.00758517   0.00516719     0.00176292   0.00237749     0.00119962  -0.00247423
  0.00176292   0.00237749     0.00758517   0.00516719     0.00119962  -0.00247423
 -0.00051170   0.00437081    -0.00051170   0.00437081    -0.01104580  -0.00106533
    4    8
 -0.00627600  -0.00370162     0.00298633   0.00055034    -0.00393854   0.00000000
 -0.00323719   0.00181834     0.00781108   0.00000000    -0.00298633   0.00055034
 -0.00163625   0.00000000     0.00323719   0.00181834    -0.00627600   0.00370162
    4    9
  0.00772666   0.00555853    -0.00259759   0.00304536     0.00351573  -0.00151391
 -0.00008447  -0.00042639    -0.00560549  -0.01401733     0.00259759  -0.00304536
  0.00010834  -0.00032303     0.00008447   0.00042639     0.00772666   0.00555853
    4   10
  0.00781108  -0.00000000    -0.00323719   0.00181834    -0.00298633   0.00055034
  0.00298633   0.00055034    -0.00627600  -0.00370162    -0.00393854  -0.00000000
  0.00323719   0.00181834    -0.00163625  -0.00000000    -0.00627600   0.00370162
    4   11
 -0.00560549  -0.01401733    -0.00008447  -0.00042639     0.00259759  -0.00304536
 -0.00259759   0.00304536     0.00772666   0.00555853     0.00351573  -0.00151391
  0.00008447   0.00042639     0.00010834  -0.00032303     0.00772666   0.00555853
    5    1
 -0.02011716  -0.01134015     0.00628756  -0.00704324     0.01236976  -0.00147495
  0.00628756  -0.00704324    -0.02011716  -0.01134015     0.01236976  -0.00147495
  0.01199080  -0.00728460     0.01199080  -0.00728460    -0.00973150   0.02525986
    5    2
 -0.00229756  -0.00447018    -0.00916391  -0.00110922    -0.00372878   0.00396380
 -0.00916391  -0.00110922    -0.00229756  -0.00447018    -0.00372878   0.00396380
 -0.00581575  -0.00606446    -0.00581575  -0.00606446    -0.00437407   0.00205138
    5    3
 -0.00116889   0.00139854     0.00443180   0.00017008    -0.00206335  -0.00257883
  0.00443180   0.00017008    -0.00116889   0.00139854    -0.00206335  -0.00257883
  0.00393779   0.00381767     0.00393779   0.00381767     0.00031093  -0.00286040
    5    4
 -0.00039718   0.00470200    -0.00183741   0.00078768    -0.00224773   0.00301709
 -0.00183741   0.00078768    -0.00039718   0.00470200    -0.00224773   0.00301709
 -0.00224773   0.00301709    -0.00224773   0.00301709    -0.00383284  -0.00177508
    5    5
  0.02854920  -0.00000000     0.00296855   0.00000000     0.00139244  -0.00155266
  0.00296855  -0.00000000     0.02854920  -0.00000000     0.00139244  -0.00155266
  0.00139244   0.00155266     0.00139244   0.00155266     0.02369746  -0.00000000
    5    6
  0.00758517  -0.00516719     0.00176292  -0.00237749     0.00119962   0.00247423
  0.00176292  -0.00237749     0.00758517  -0.00516719     0.00119962   0.00247423
 -0.00051170  -0.00437081    -0.00051170  -0.00437081    -0.01104580   0.00106533
    5    7
 -0.00130175   0.00846475    -0.00202351   0.00237351     0.00035051  -0.00203290
 -0.00202351   0.00237351    -0.00130175   0.00846475     0.00035051  -0.00203290
 -0.00176840   0.00468243    -0.00176840   0.00468243     0.00285629  -0.00621342
    5    8
  0.00772666  -0.00555853    -0.00259759  -0.00304536     0.00351573   0.00151391
 -0.00008447   0.00042639    -0.00560549   0.01401733     0.00259759   0.00304536
  0.00010834   0.00032303     0.00008447  -0.00042639     0.00772666  -0.00555853
    5    9
 -0.00627600   0.00370162     0.00298633  -0.00055034    -0.00393854  -0.00000000
 -0.00323719  -0.00181834     0.00781108   0.00000000    -0.00298633  -0.00055034
 -0.00163625  -0.00000000     0.00323719  -0.00181834    -0.00627600  -0.00370162
    5   10
 -0.00560549   0.01401733    -0.00008447   0.00042639     0.00259759   0.00304536
 -0.00259759  -0.00304536     0.00772666  -0.00555853     0.00351573   0.00151391
  0.00008447  -0.00042639     0.00010834   0.00032303     0.00772666  -0.00555853
    5   11
  0.00781108   0.00000000    -0.00323719  -0.00181834    -0.00298633  -0.00055034
  0.00298633  -0.00055034    -0.00627600   0.00370162    -0.00393854   0.00000000
  0.00323719  -0.00181834    -0.00163625   0.00000000    -0.00627600  -0.00370162
    6    1
 -0.02272684  -0.00589063    -0.00198138   0.00934411     0.00198138  -0.00934411
 -0.00198138   0.00934411    -0.02272684  -0.00589063     0.00198138  -0.00934411
  0.00198138  -0.00934411     0.00198138  -0.00934411    -0.02272684  -0.00589063
    6    2
  0.00716681   0.00163782     0.00964604   0.00219462    -0.00964604  -0.00219462
  0.00964604   0.00219462     0.00716681   0.00163782    -0.00964604  -0.00219462
 -0.00964604  -0.00219462    -0.00964604  -0.00219462     0.00716681   0.00163782
    6    3
 -0.01378600   0.00130711    -0.01839510   0.00271751     0.01839510  -0.00271751
 -0.01839510   0.00271751    -0.01378600   0.00130711     0.01839510  -0.00271751
  0.01839510  -0.00271751     0.01839510  -0.00271751    -0.01378600   0.00130711
    6    4
 -0.00130175   0.00846475    -0.00202351   0.00237351    -0.00176840   0.00468243
 -0.00202351   0.00237351    -0.00130175   0.00846475    -0.00176840   0.00468243
  0.00035051  -0.00203290     0.00035051  -0.00203290     0.00285629  -0.00621342
    6    5
  0.00758517   0.00516719     0.00176292   0.00237749    -0.00051170   0.00437081
  0.00176292   0.00237749     0.00758517   0.00516719    -0.00051170   0.00437081
  0.00119962  -0.00247423     0.00119962  -0.00247423    -0.01104580  -0.00106533
    6    6
  0.03515080  -0.00000000     0.01043541   0.00000000    -0.01043541  -0.00000000
  0.01043541   0.00000000     0.03515080  -0.00000000    -0.01043541  -0.00000000
 -0.01043541  -0.00000000    -0.01043541  -0.00000000     0.03515080  -0.00000000
    6    7
 -0.01533887   0.00288323    -0.00981052   0.00171665     0.00981052  -0.00171665
 -0.00981052   0.00171665    -0.01533887   0.00288323     0.00981052  -0.00171665
  0.00981052  -0.00171665     0.00981052  -0.00171665    -0.01533887   0.00288323
    6    8
  0.00285629  -0.00621342    -0.00035051   0.00203290     0.00035051  -0.00203290
  0.00176840  -0.00468243    -0.00130175   0.00846475     0.00202351  -0.00237351
 -0.00176840   0.00468243     0.00202351  -0.00237351    -0.00130175   0.00846475
    6    9
 -0.01104580  -0.00106533    -0.00119962   0.00247423     0.00119962  -0.00247423
  0.00051170  -0.00437081     0.00758517   0.00516719    -0.00176292  -0.00237749
 -0.00051170   0.00437081    -0.00176292  -0.00237749     0.00758517   0.00516719
    6   10
 -0.00130175   0.00846475     0.00176840  -0.00468243     0.00202351  -0.00237351
 -0.00035051   0.00203290     0.00285629  -0.00621342     0.00035051  -0.00203290
  0.00202351  -0.00237351    -0.00176840   0.00468243    -0.00130175   0.00846475
    6   11
  0.00758517   0.00516719     0.00051170  -0.00437081    -0.00176292  -0.00237749
 -0.00119962   0.00247423    -0.01104580  -0.00106533     0.00119962  -0.00247423
 -0.00176292  -0.00237749    -0.00051170   0.00437081     0.00758517   0.00516719
    7    1
 -0.02272684   0.00589063    -0.00198138  -0.00934411     0.00198138   0.00934411
 -0.00198138  -0.00934411    -0.02272684   0.00589063     0.00198138   0.00934411
  0.00198138   0.00934411     0.00198138   0.00934411    -0.02272684   0.00589063
    7    2
 -0.01378600  -0.00130711    -0.01839510  -0.00271751     0.01839510   0.00271751
 -0.01839510  -0.00271751    -0.01378600  -0.00130711     0.01839510   0.00271751
  0.01839510   0.00271751     0.01839510   0.00271751    -0.01378600  -0.00130711
    7    3
  0.00716681  -0.00163782     0.00964604  -0.00219462    -0.00964604   0.00219462
  0.00964604  -0.00219462     0.00716681  -0.00163782    -0.00964604   0.00219462
 -0.00964604   0.00219462    -0.00964604   0.00219462     0.00716681  -0.00163782
    7    4
  0.00758517  -0.00516719     0.00176292  -0.00237749    -0.00051170  -0.00437081
  0.00176292  -0.00237749     0.00758517  -0.00516719    -0.00051170  -0.00437081
  0.00119962   0.00247423     0.00119962   0.00247423    -0.01104580   0.00106533
    7    5
 -0.00130175  -0.00846475    -0.00202351  -0.00237351    -0.00176840  -0.00468243
 -0.00202351  -0.00237351    -0.00130175  -0.00846475    -0.00176840  -0.00468243
  0.00035051   0.00203290     0.00035051   0.00203290     0.00285629   0.00621342
    7    6
 -0.01533887  -0.00288323    -0.00981052  -0.00171665     0.00981052   0.00171665
 -0.00981052  -0.00171665    -0.01533887  -0.00288323     0.00981052   0.00171665
  0.00981052   0.00171665     0.00981052   0.00171665    -0.01533887  -0.00288323
    7    7
  0.03515080   0.00000000     0.01043541  -0.00000000    -0.01043541   0.00000000
  0.01043541  -0.00000000     0.03515080   0.00000000    -0.01043541   0.00000000
 -0.01043541   0.00000000    -0.01043541   0.00000000     0.03515080   0.00000000
    7    8
 -0.01104580   0.00106533    -0.00119962  -0.00247423     0.00119962   0.00247423
  0.00051170   0.00437081     0.00758517  -0.00516719    -0.00176292   0.00237749
 -0.00051170  -0.00437081    -0.00176292   0.00237749     0.00758517  -0.00516719
    7    9
  0.00285629   0.00621342    -0.00035051  -0.00203290     0.00035051   0.00203290
  0.00176840   0.00468243    -0.00130175  -0.00846475     0.00202351   0.00237351
 -0.00176840  -0.00468243     0.00202351   0.00237351    -0.00130175  -0.00846475
    7   10
  0.00758517  -0.00516719     0.00051170   0.00437081    -0.00176292   0.00237749
 -0.00119962  -0.00247423    -0.01104580   0.00106533     0.00119962   0.00247423
 -0.00176292   0.00237749    -0.00051170  -0.00437081     0.00758517  -0.00516719
    7   11
 -0.00130175  -0.00846475     0.00176840   0.00468243     0.00202351   0.00237351
 -0.00035051  -0.00203290     0.00285629   0.00621342     0.00035051   0.00203290
  0.00202351   0.00237351    -0.00176840  -0.00468243    -0.00130175  -0.00846475
    8    1
 -0.00973150  -0.02525986    -0.01199080  -0.00728460     0.01199080   0.00728460
 -0.01236976  -0.00147495    -0.02011716   0.01134015    -0.00628756  -0.00704324
  0.01236976   0.00147495    -0.00628756  -0.00704324    -0.02011716   0.01134015
    8    2
  0.00031093   0.00286040    -0.00393779   0.00381767     0.00393779  -0.00381767
  0.00206335  -0.00257883    -0.00116889  -0.00139854    -0.00443180   0.00017008
 -0.00206335   0.00257883    -0.00443180   0.00017008    -0.00116889  -0.00139854
    8    3
 -0.00437407  -0.00205138     0.00581575  -0.00606446    -0.00581575   0.00606446
  0.00372878   0.00396380    -0.00229756   0.00447018     0.00916391  -0.00110922
 -0.00372878  -0.00396380     0.00916391  -0.00110922    -0.00229756   0.00447018
    8    4
 -0.00627600   0.00370162    -0.00323719  -0.00181834    -0.00163625   0.00000000
  0.00298633  -0.00055034     0.00781108  -0.00000000     0.00323719  -0.00181834
 -0.00393854   0.00000000    -0.00298633  -0.00055034    -0.00627600  -0.00370162
    8    5
  0.00772666   0.00555853    -0.00008447  -0.00042639     0.00010834  -0.00032303
 -0.00259759   0.00304536    -0.00560549  -0.01401733     0.00008447   0.00042639
  0.00351573  -0.00151391     0.00259759  -0.00304536     0.00772666   0.00555853
    8    6
  0.00285629   0.00621342     0.00176840   0.00468243    -0.00176840  -0.00468243
 -0.00035051  -0.00203290    -0.00130175  -0.00846475     0.00202351   0.00237351
  0.00035051   0.00203290     0.00202351   0.00237351    -0.00130175  -0.00846475
    8    7
 -0.01104580  -0.00106533     0.00051170  -0.00437081    -0.00051170   0.00437081
 -0.00119962   0.00247423     0.00758517   0.00516719    -0.00176292  -0.00237749
  0.00119962  -0.00247423    -0.00176292  -0.00237749     0.00758517   0.00516719
    8    8
  0.02369746  -0.00000000    -0.00139244   0.00155266     0.00139244  -0.00155266
 -0.00139244  -0.00155266     0.02854920   0.00000000    -0.00296855   0.00000000
  0.00139244   0.00155266    -0.00296855   0.00000000     0.02854920  -0.00000000
    8    9
 -0.00383284   0.00177508     0.00224773   0.00301709    -0.00224773  -0.00301709
  0.00224773   0.00301709    -0.00039718  -0.00470200     0.00183741   0.00078768
 -0.00224773  -0.00301709     0.00183741   0.00078768    -0.00039718  -0.00470200
    8   10
 -0.00627600   0.00370162     0.00163625  -0.00000000     0.00323719   0.00181834
  0.00393854   0.00000000    -0.00627600  -0.00370162    -0.00298633  -0.00055034
 -0.00298633   0.00055034     0.00323719  -0.00181834     0.00781108  -0.00000000
    8   11
  0.00772666   0.00555853    -0.00010834   0.00032303     0.00008447   0.00042639
 -0.00351573   0.00151391     0.00772666   0.00555853     0.00259759  -0.00304536
  0.00259759  -0.00304536     0.00008447   0.00042639    -0.00560549  -0.01401733
    9    1
 -0.00973150   0.02525986    -0.01199080   0.00728460     0.01199080  -0.00728460
 -0.01236976   0.00147495    -0.02011716  -0.01134015    -0.00628756   0.00704324
  0.01236976  -0.00147495    -0.00628756   0.00704324    -0.02011716  -0.01134015
    9    2
 -0.00437407   0.00205138     0.00581575   0.00606446    -0.00581575  -0.00606446
  0.00372878  -0.00396380    -0.00229756  -0.00447018     0.00916391   0.00110922
 -0.00372878   0.00396380     0.00916391   0.00110922    -0.00229756  -0.00447018
    9    3
  0.00031093  -0.00286040    -0.00393779  -0.00381767     0.00393779   0.00381767
  0.00206335   0.00257883    -0.00116889   0.00139854    -0.00443180  -0.00017008
 -0.00206335  -0.00257883    -0.00443180  -0.00017008    -0.00116889   0.00139854
    9    4
  0.00772666  -0.00555853    -0.00008447   0.00042639     0.00010834   0.00032303
 -0.00259759  -0.00304536    -0.00560549   0.01401733     0.00008447  -0.00042639
  0.00351573   0.00151391     0.00259759   0.00304536     0.00772666  -0.00555853
    9    5
 -0.00627600  -0.00370162    -0.00323719   0.00181834    -0.00163625  -0.00000000
  0.00298633   0.00055034     0.00781108  -0.00000000     0.00323719   0.00181834
 -0.00393854  -0.00000000    -0.00298633   0.00055034    -0.00627600   0.00370162
    9    6
 -0.01104580   0.00106533     0.00051170   0.00437081    -0.00051170  -0.00437081
 -0.00119962  -0.00247423     0.00758517  -0.00516719    -0.00176292   0.00237749
  0.00119962   0.00247423    -0.00176292   0.00237749     0.00758517  -0.00516719
    9    7
  0.00285629  -0.00621342     0.00176840  -0.00468243    -0.00176840   0.00468243
 -0.00035051   0.00203290    -0.00130175   0.00846475     0.00202351  -0.00237351
  0.00035051  -0.00203290     0.00202351  -0.00237351    -0.00130175   0.00846475
    9    8
 -0.00383284  -0.00177508     0.00224773  -0.00301709    -0.00224773   0.00301709
  0.00224773  -0.00301709    -0.00039718   0.00470200     0.00183741  -0.00078768
 -0.00224773   0.00301709     0.00183741  -0.00078768    -0.00039718   0.00470200
    9    9
  0.02369746   0.00000000    -0.00139244  -0.00155266     0.00139244   0.00155266
 -0.00139244   0.00155266     0.02854920  -0.00000000    -0.00296855  -0.00000000
  0.00139244  -0.00155266    -0.00296855  -0.00000000     0.02854920   0.00000000
    9   10
  0.00772666  -0.00555853    -0.00010834  -0.00032303     0.00008447  -0.00042639
 -0.00351573  -0.00151391     0.00772666  -0.00555853     0.00259759   0.00304536
  0.00259759   0.00304536     0.00008447  -0.00042639    -0.00560549   0.01401733
    9   11
 -0.00627600  -0.00370162     0.00163625   0.00000000     0.00323719  -0.00181834
  0.00393854  -0.00000000    -0.00627600   0.00370162    -0.00298633   0.00055034
 -0.00298633  -0.00055034     0.00323719   0.00181834     0.00781108   0.00000000
   10    1
 -0.02011716   0.01134015    -0.01236976  -0.00147495    -0.00628756  -0.00704324
 -0.01199080  -0.00728460    -0.00973150  -0.02525986     0.01199080   0.00728460
 -0.00628756  -0.00704324     0.01236976   0.00147495    -0.02011716   0.01134015
   10    2
 -0.00116889  -0.00139854     0.00206335  -0.00257883    -0.00443180   0.00017008
 -0.00393779   0.00381767     0.00031093   0.00286040     0.00393779  -0.00381767
 -0.00443180   0.00017008    -0.00206335   0.00257883    -0.00116889  -0.00139854
   10    3
 -0.00229756   0.00447018     0.00372878   0.00396380     0.00916391  -0.00110922
  0.00581575  -0.00606446    -0.00437407  -0.00205138    -0.00581575   0.00606446
  0.00916391  -0.00110922    -0.00372878  -0.00396380    -0.00229756   0.00447018
   10    4
  0.00781108  -0.00000000     0.00298633  -0.00055034     0.00323719  -0.00181834
 -0.00323719  -0.00181834    -0.00627600   0.00370162    -0.00163625   0.00000000
 -0.00298633  -0.00055034    -0.00393854   0.00000000    -0.00627600  -0.00370162
   10    5
 -0.00560549  -0.01401733    -0.00259759   0.00304536     0.00008447   0.00042639
 -0.00008447  -0.00042639     0.00772666   0.00555853     0.00010834  -0.00032303
  0.00259759  -0.00304536     0.00351573  -0.00151391     0.00772666   0.00555853
   10    6
 -0.00130175  -0.00846475    -0.00035051  -0.00203290     0.00202351   0.00237351
  0.00176840   0.00468243     0.00285629   0.00621342    -0.00176840  -0.00468243
  0.00202351   0.00237351     0.00035051   0.00203290    -0.00130175  -0.00846475
   10    7
  0.00758517   0.00516719    -0.00119962   0.00247423    -0.00176292  -0.00237749
  0.00051170  -0.00437081    -0.01104580  -0.00106533    -0.00051170   0.00437081
 -0.00176292  -0.00237749     0.00119962  -0.00247423     0.00758517   0.00516719
   10    8
 -0.00627600  -0.00370162     0.00393854  -0.00000000    -0.00298633  -0.00055034
  0.00163625  -0.00000000    -0.00627600   0.00370162     0.00323719   0.00181834
  0.00323719  -0.00181834    -0.00298633   0.00055034     0.00781108   0.00000000
   10    9
  0.00772666   0.00555853    -0.00351573   0.00151391     0.00259759  -0.00304536
 -0.00010834   0.00032303     0.00772666   0.00555853     0.00008447   0.00042639
  0.00008447   0.00042639     0.00259759  -0.00304536    -0.00560549  -0.01401733
   10   10
  0.02854920   0.00000000    -0.00139244  -0.00155266    -0.00296855   0.00000000
 -0.00139244   0.00155266     0.02369746  -0.00000000     0.00139244  -0.00155266
 -0.00296855   0.00000000     0.00139244   0.00155266     0.02854920  -0.00000000
   10   11
 -0.00039718  -0.00470200     0.00224773   0.00301709     0.00183741   0.00078768
  0.00224773   0.00301709    -0.00383284   0.00177508    -0.00224773  -0.00301709
  0.00183741   0.00078768    -0.00224773  -0.00301709    -0.00039718  -0.00470200
   11    1
 -0.02011716  -0.01134015    -0.01236976   0.00147495    -0.00628756   0.00704324
 -0.01199080   0.00728460    -0.00973150   0.02525986     0.01199080  -0.00728460
 -0.00628756   0.00704324     0.01236976  -0.00147495    -0.02011716  -0.01134015
   11    2
 -0.00229756  -0.00447018     0.00372878  -0.00396380     0.00916391   0.00110922
  0.00581575   0.00606446    -0.00437407   0.00205138    -0.00581575  -0.00606446
  0.00916391   0.00110922    -0.00372878   0.00396380    -0.00229756  -0.00447018
   11    3
 -0.00116889   0.00139854     0.00206335   0.00257883    -0.00443180  -0.00017008
 -0.00393779  -0.00381767     0.00031093  -0.00286040     0.00393779   0.00381767
 -0.00443180  -0.00017008    -0.00206335  -0.00257883    -0.00116889   0.00139854
   11    4
 -0.00560549   0.01401733    -0.00259759  -0.00304536     0.00008447  -0.00042639
 -0.00008447   0.00042639     0.00772666  -0.00555853     0.00010834   0.00032303
  0.00259759   0.00304536     0.00351573   0.00151391     0.00772666  -0.00555853
   11    5
  0.00781108   0.00000000     0.00298633   0.00055034     0.00323719   0.00181834
 -0.00323719   0.00181834    -0.00627600  -0.00370162    -0.00163625   0.00000000
 -0.00298633   0.00055034    -0.00393854  -0.00000000    -0.00627600   0.00370162
   11    6
  0.00758517  -0.00516719    -0.00119962  -0.00247423    -0.00176292   0.00237749
  0.00051170   0.00437081    -0.01104580   0.00106533    -0.00051170  -0.00437081
 -0.00176292   0.00237749     0.00119962   0.00247423     0.00758517  -0.00516719
   11    7
 -0.00130175   0.00846475    -0.00035051   0.00203290     0.00202351  -0.00237351
  0.00176840  -0.00468243     0.00285629  -0.00621342    -0.00176840   0.00468243
  0.00202351  -0.00237351     0.00035051  -0.00203290    -0.00130175   0.00846475
   11    8
  0.00772666  -0.00555853    -0.00351573  -0.00151391     0.00259759   0.00304536
 -0.00010834  -0.00032303     0.00772666  -0.00555853     0.00008447  -0.00042639
  0.00008447  -0.00042639     0.00259759   0.00304536    -0.00560549   0.01401733
   11    9
 -0.00627600   0.00370162     0.00393854   0.00000000    -0.00298633   0.00055034
  0.00163625   0.00000000    -0.00627600  -0.00370162     0.00323719  -0.00181834
  0.00323719   0.00181834    -0.00298633  -0.00055034     0.00781108   0.00000000
   11   10
 -0.00039718   0.00470200     0.00224773  -0.00301709     0.00183741  -0.00078768
  0.00224773  -0.00301709    -0.00383284  -0.00177508    -0.00224773   0.00301709
  0.00183741  -0.00078768    -0.00224773   0.00301709    -0.00039718   0.00470200
   11   11
  0.02854920  -0.00000000    -0.00139244   0.00155266    -0.00296855  -0.00000000
 -0.00139244  -0.00155266     0.02369746   0.00000000     0.00139244   0.00155266
 -0.00296855  -0.00000000     0.00139244  -0.00155266     0.02854920   0.00000000

     Dynamical  Matrix in cartesian axes

     q = (    0.117851130  -0.117851130  -0.117851130 ) 

    1    1
  0.18888320   0.00000000    -0.06468570   0.00000000    -0.06468570   0.00000000
 -0.06468570   0.00000000     0.18888320   0.00000000     0.06468570   0.00000000
 -0.06468570   0.00000000     0.06468570   0.00000000     0.18888320   0.00000000
    1    2
  0.00645341   0.01444913    -0.01752320  -0.01437498    -0.01752320  -0.01437498
 -0.01752320  -0.01437498     0.00645341   0.01444913     0.01752320   0.01437498
 -0.01752320  -0.01437498     0.01752320   0.01437498     0.00645341   0.01444913
    1    3
  0.00645341  -0.01444913    -0.01752320   0.01437498    -0.01752320   0.01437498
 -0.01752320   0.01437498     0.00645341  -0.01444913     0.01752320  -0.01437498
 -0.01752320   0.01437498     0.01752320  -0.01437498     0.00645341  -0.01444913
    1    4
 -0.00973150  -0.02525986     0.01236976   0.00147495     0.01236976   0.00147495
  0.01199080   0.00728460    -0.02011716   0.01134015     0.00628756   0.00704324
  0.01199080   0.00728460     0.00628756   0.00704324    -0.02011716   0.01134015
    1    5
 -0.00973150   0.02525986     0.01236976  -0.00147495     0.01236976  -0.00147495
  0.01199080  -0.00728460    -0.02011716  -0.01134015     0.00628756  -0.00704324
  0.01199080  -0.00728460     0.00628756  -0.00704324    -0.02011716  -0.01134015
    1    6
 -0.02011716   0.01134015     0.01199080   0.00728460    -0.00628756  -0.00704324
  0.01236976   0.00147495    -0.00973150  -0.02525986    -0.01236976  -0.00147495
 -0.00628756  -0.00704324    -0.01199080  -0.00728460    -0.02011716   0.01134015
    1    7
 -0.02011716  -0.01134015     0.01199080  -0.00728460    -0.00628756   0.00704324
  0.01236976  -0.00147495    -0.00973150   0.02525986    -0.01236976   0.00147495
 -0.00628756   0.00704324    -0.01199080   0.00728460    -0.02011716  -0.01134015
    1    8
 -0.02011716   0.01134015    -0.00628756  -0.00704324     0.01199080   0.00728460
 -0.00628756  -0.00704324    -0.02011716   0.01134015    -0.01199080  -0.00728460
  0.01236976   0.00147495    -0.01236976  -0.00147495    -0.00973150  -0.02525986
    1    9
 -0.02011716  -0.01134015    -0.00628756   0.00704324     0.01199080  -0.00728460
 -0.00628756   0.00704324    -0.02011716  -0.01134015    -0.01199080   0.00728460
  0.01236976  -0.00147495    -0.01236976   0.00147495    -0.00973150   0.02525986
    1   10
 -0.02272684  -0.00589063     0.00198138  -0.00934411     0.00198138  -0.00934411
  0.00198138  -0.00934411    -0.02272684  -0.00589063    -0.00198138   0.00934411
  0.00198138  -0.00934411    -0.00198138   0.00934411    -0.02272684  -0.00589063
    1   11
 -0.02272684   0.00589063     0.00198138   0.00934411     0.00198138   0.00934411
  0.00198138   0.00934411    -0.02272684   0.00589063    -0.00198138  -0.00934411
  0.00198138   0.00934411    -0.00198138  -0.00934411    -0.02272684   0.00589063
    2    1
  0.00645341  -0.01444913    -0.01752320   0.01437498    -0.01752320   0.01437498
 -0.01752320   0.01437498     0.00645341  -0.01444913     0.01752320  -0.01437498
 -0.01752320   0.01437498     0.01752320  -0.01437498     0.00645341  -0.01444913
    2    2
  0.04109753   0.00000000    -0.01462213   0.00000000    -0.01462213   0.00000000
 -0.01462213   0.00000000     0.04109753   0.00000000     0.01462213  -0.00000000
 -0.01462213   0.00000000     0.01462213  -0.00000000     0.04109753   0.00000000
    2    3
 -0.01806025  -0.00902663     0.00606596   0.00386565     0.00606596   0.00386565
  0.00606596   0.00386565    -0.01806025  -0.00902663    -0.00606596  -0.00386565
  0.00606596   0.00386565    -0.00606596  -0.00386565    -0.01806025  -0.00902663
    2    4
  0.00031093   0.00286040    -0.00206335   0.00257883    -0.00206335   0.00257883
  0.00393779  -0.00381767    -0.00116889  -0.00139854     0.00443180  -0.00017008
  0.00393779  -0.00381767     0.00443180  -0.00017008    -0.00116889  -0.00139854
    2    5
 -0.00437407   0.00205138    -0.00372878   0.00396380    -0.00372878   0.00396380
 -0.00581575  -0.00606446    -0.00229756  -0.00447018    -0.00916391  -0.00110922
 -0.00581575  -0.00606446    -0.00916391  -0.00110922    -0.00229756  -0.00447018
    2    6
 -0.00116889  -0.00139854     0.00393779  -0.00381767    -0.00443180   0.00017008
 -0.00206335   0.00257883     0.00031093   0.00286040     0.00206335  -0.00257883
 -0.00443180   0.00017008    -0.00393779   0.00381767    -0.00116889  -0.00139854
    2    7
 -0.00229756  -0.00447018    -0.00581575  -0.00606446     0.00916391   0.00110922
 -0.00372878   0.00396380    -0.00437407   0.00205138     0.00372878  -0.00396380
  0.00916391   0.00110922     0.00581575   0.00606446    -0.00229756  -0.00447018
    2    8
 -0.00116889  -0.00139854    -0.00443180   0.00017008     0.00393779  -0.00381767
 -0.00443180   0.00017008    -0.00116889  -0.00139854    -0.00393779   0.00381767
 -0.00206335   0.00257883     0.00206335  -0.00257883     0.00031093   0.00286040
    2    9
 -0.00229756  -0.00447018     0.00916391   0.00110922    -0.00581575  -0.00606446
  0.00916391   0.00110922    -0.00229756  -0.00447018     0.00581575   0.00606446
 -0.00372878   0.00396380     0.00372878  -0.00396380    -0.00437407   0.00205138
    2   10
  0.00716681   0.00163782    -0.00964604  -0.00219462    -0.00964604  -0.00219462
 -0.00964604  -0.00219462     0.00716681   0.00163782     0.00964604   0.00219462
 -0.00964604  -0.00219462     0.00964604   0.00219462     0.00716681   0.00163782
    2   11
 -0.01378600  -0.00130711     0.01839510   0.00271751     0.01839510   0.00271751
  0.01839510   0.00271751    -0.01378600  -0.00130711    -0.01839510  -0.00271751
  0.01839510   0.00271751    -0.01839510  -0.00271751    -0.01378600  -0.00130711
    3    1
  0.00645341   0.01444913    -0.01752320  -0.01437498    -0.01752320  -0.01437498
 -0.01752320  -0.01437498     0.00645341   0.01444913     0.01752320   0.01437498
 -0.01752320  -0.01437498     0.01752320   0.01437498     0.00645341   0.01444913
    3    2
 -0.01806025   0.00902663     0.00606596  -0.00386565     0.00606596  -0.00386565
  0.00606596  -0.00386565    -0.01806025   0.00902663    -0.00606596   0.00386565
  0.00606596  -0.00386565    -0.00606596   0.00386565    -0.01806025   0.00902663
    3    3
  0.04109753  -0.00000000    -0.01462213  -0.00000000    -0.01462213  -0.00000000
 -0.01462213  -0.00000000     0.04109753  -0.00000000     0.01462213   0.00000000
 -0.01462213  -0.00000000     0.01462213   0.00000000     0.04109753  -0.00000000
    3    4
 -0.00437407  -0.00205138    -0.00372878  -0.00396380    -0.00372878  -0.00396380
 -0.00581575   0.00606446    -0.00229756   0.00447018    -0.00916391   0.00110922
 -0.00581575   0.00606446    -0.00916391   0.00110922    -0.00229756   0.00447018
    3    5
  0.00031093  -0.00286040    -0.00206335  -0.00257883    -0.00206335  -0.00257883
  0.00393779   0.00381767    -0.00116889   0.00139854     0.00443180   0.00017008
  0.00393779   0.00381767     0.00443180   0.00017008    -0.00116889   0.00139854
    3    6
 -0.00229756   0.00447018    -0.00581575   0.00606446     0.00916391  -0.00110922
 -0.00372878  -0.00396380    -0.00437407  -0.00205138     0.00372878   0.00396380
  0.00916391  -0.00110922     0.00581575  -0.00606446    -0.00229756   0.00447018
    3    7
 -0.00116889   0.00139854     0.00393779   0.00381767    -0.00443180  -0.00017008
 -0.00206335  -0.00257883     0.00031093  -0.00286040     0.00206335   0.00257883
 -0.00443180  -0.00017008    -0.00393779  -0.00381767    -0.00116889   0.00139854
    3    8
 -0.00229756   0.00447018     0.00916391  -0.00110922    -0.00581575   0.00606446
  0.00916391  -0.00110922    -0.00229756   0.00447018     0.00581575  -0.00606446
 -0.00372878  -0.00396380     0.00372878   0.00396380    -0.00437407  -0.00205138
    3    9
 -0.00116889   0.00139854    -0.00443180  -0.00017008     0.00393779   0.00381767
 -0.00443180  -0.00017008    -0.00116889   0.00139854    -0.00393779  -0.00381767
 -0.00206335  -0.00257883     0.00206335   0.00257883     0.00031093  -0.00286040
    3   10
 -0.01378600   0.00130711     0.01839510  -0.00271751     0.01839510  -0.00271751
  0.01839510  -0.00271751    -0.01378600   0.00130711    -0.01839510   0.00271751
  0.01839510  -0.00271751    -0.01839510   0.00271751    -0.01378600   0.00130711
    3   11
  0.00716681  -0.00163782    -0.00964604   0.00219462    -0.00964604   0.00219462
 -0.00964604   0.00219462     0.00716681  -0.00163782     0.00964604  -0.00219462
 -0.00964604   0.00219462     0.00964604  -0.00219462     0.00716681  -0.00163782
    4    1
 -0.00973150   0.02525986     0.01199080  -0.00728460     0.01199080  -0.00728460
