  2.000000000000000E-002   1.62638105529072        4.52835738622022     
           6

     Dynamical  Matrix in cartesian axes

     q = (    0.235702260   0.000000000   0.000000000 ) 

    1    1
  0.39416952   0.00000000     0.00000000   0.00000000     0.00000000   0.00000000
 -0.00000000   0.00000000     0.08126207   0.00000000    -0.00000000   0.00000000
  0.00000000   0.00000000    -0.00000000   0.00000000     0.08126207   0.00000000
    1    2
  0.04964664   0.02866350     0.00000000   0.00000000    -0.00000000  -0.00000000
  0.00000000  -0.00000000    -0.01401981  -0.00809434    -0.00474085   0.00821140
  0.00000000   0.00000000    -0.00474085   0.00821140    -0.01401981  -0.00809434
    1    3
  0.04964664  -0.02866350     0.00000000  -0.00000000    -0.00000000   0.00000000
  0.00000000   0.00000000    -0.01401981   0.00809434    -0.00474085  -0.00821140
  0.00000000  -0.00000000    -0.00474085  -0.00821140    -0.01401981   0.00809434
    1    4
 -0.05707515   0.00581301     0.00096080  -0.00478997     0.00096080  -0.00478997
  0.00914770  -0.00580629     0.00059176   0.00645775     0.00905314  -0.00461272
  0.00914770  -0.00580629     0.00905314  -0.00461272     0.00059176   0.00645775
    1    5
 -0.05707515  -0.00581301     0.00096080   0.00478997     0.00096080   0.00478997
  0.00914770   0.00580629     0.00059176  -0.00645775     0.00905314   0.00461272
  0.00914770   0.00580629     0.00905314   0.00461272     0.00059176  -0.00645775
    1    6
 -0.03357179   0.04652203     0.00462864   0.00156291    -0.00462864  -0.00156291
  0.00960224  -0.00501900    -0.00529669  -0.00374135    -0.00852130   0.00553389
 -0.00960224   0.00501900    -0.00852130   0.00553389    -0.00529669  -0.00374135
    1    7
 -0.03357179  -0.04652203     0.00462864  -0.00156291    -0.00462864   0.00156291
  0.00960224   0.00501900    -0.00529669   0.00374135    -0.00852130  -0.00553389
 -0.00960224  -0.00501900    -0.00852130  -0.00553389    -0.00529669   0.00374135
    1    8
 -0.03357179   0.04652203    -0.00462864  -0.00156291     0.00462864   0.00156291
 -0.00960224   0.00501900    -0.00529669  -0.00374135    -0.00852130   0.00553389
  0.00960224  -0.00501900    -0.00852130   0.00553389    -0.00529669  -0.00374135
    1    9
 -0.03357179  -0.04652203    -0.00462864   0.00156291     0.00462864  -0.00156291
 -0.00960224  -0.00501900    -0.00529669   0.00374135    -0.00852130  -0.00553389
  0.00960224   0.00501900    -0.00852130  -0.00553389    -0.00529669   0.00374135
    1   10
 -0.05707515   0.00581301    -0.00096080   0.00478997    -0.00096080   0.00478997
 -0.00914770   0.00580629     0.00059176   0.00645775     0.00905314  -0.00461272
 -0.00914770   0.00580629     0.00905314  -0.00461272     0.00059176   0.00645775
    1   11
 -0.05707515  -0.00581301    -0.00096080  -0.00478997    -0.00096080  -0.00478997
 -0.00914770  -0.00580629     0.00059176  -0.00645775     0.00905314   0.00461272
 -0.00914770  -0.00580629     0.00905314   0.00461272     0.00059176  -0.00645775
    2    1
  0.04964664  -0.02866350     0.00000000   0.00000000     0.00000000  -0.00000000
  0.00000000  -0.00000000    -0.01401981   0.00809434    -0.00474085  -0.00821140
 -0.00000000   0.00000000    -0.00474085  -0.00821140    -0.01401981   0.00809434
    2    2
  0.07926596   0.00000000     0.00000000  -0.00000000     0.00000000   0.00000000
  0.00000000  -0.00000000     0.02530628   0.00000000     0.00000000   0.00000000
 -0.00000000  -0.00000000     0.00000000   0.00000000     0.02530628   0.00000000
    2    3
 -0.00557100   0.00964925     0.00000000   0.00000000    -0.00000000   0.00000000
  0.00000000   0.00000000    -0.00444308   0.00769564     0.00594239   0.00343084
 -0.00000000  -0.00000000     0.00594239   0.00343084    -0.00444308   0.00769564
    2    4
  0.00313906  -0.00244644     0.00446147  -0.00039061     0.00446147  -0.00039061
 -0.00055566  -0.00056737    -0.00438910  -0.00284830    -0.00341027  -0.00163308
 -0.00055566  -0.00056737    -0.00341027  -0.00163308    -0.00438910  -0.00284830
    2    5
 -0.01074709   0.00150404    -0.01727599   0.00600781    -0.01727599   0.00600781
 -0.00578742  -0.00165456    -0.00397355  -0.00081478    -0.00924218  -0.00127917
 -0.00578742  -0.00165456    -0.00924218  -0.00127917    -0.00397355  -0.00081478
    2    6
  0.00054915  -0.00394172    -0.00189246  -0.00405905     0.00189246   0.00405905
  0.00076919   0.00019753     0.00466125   0.00237692    -0.00311943  -0.00213684
 -0.00076919  -0.00019753    -0.00311943  -0.00213684     0.00466125   0.00237692
    2    7
 -0.01074709  -0.00150404    -0.01727599  -0.00600781     0.01727599   0.00600781
 -0.00578742   0.00165456    -0.00397355   0.00081478     0.00924218  -0.00127917
  0.00578742  -0.00165456     0.00924218  -0.00127917    -0.00397355   0.00081478
    2    8
  0.00054915  -0.00394172     0.00189246   0.00405905    -0.00189246  -0.00405905
 -0.00076919  -0.00019753     0.00466125   0.00237692    -0.00311943  -0.00213684
  0.00076919   0.00019753    -0.00311943  -0.00213684     0.00466125   0.00237692
    2    9
 -0.01074709  -0.00150404     0.01727599   0.00600781    -0.01727599  -0.00600781
  0.00578742  -0.00165456    -0.00397355   0.00081478     0.00924218  -0.00127917
 -0.00578742   0.00165456     0.00924218  -0.00127917    -0.00397355   0.00081478
    2   10
  0.00313906  -0.00244644    -0.00446147   0.00039061    -0.00446147   0.00039061
  0.00055566   0.00056737    -0.00438910  -0.00284830    -0.00341027  -0.00163308
  0.00055566   0.00056737    -0.00341027  -0.00163308    -0.00438910  -0.00284830
    2   11
 -0.01074709   0.00150404     0.01727599  -0.00600781     0.01727599  -0.00600781
  0.00578742   0.00165456    -0.00397355  -0.00081478    -0.00924218  -0.00127917
  0.00578742   0.00165456    -0.00924218  -0.00127917    -0.00397355  -0.00081478
    3    1
  0.04964664   0.02866350     0.00000000  -0.00000000     0.00000000   0.00000000
  0.00000000   0.00000000    -0.01401981  -0.00809434    -0.00474085   0.00821140
 -0.00000000  -0.00000000    -0.00474085   0.00821140    -0.01401981  -0.00809434
    3    2
 -0.00557100  -0.00964925     0.00000000  -0.00000000    -0.00000000  -0.00000000
  0.00000000  -0.00000000    -0.00444308  -0.00769564     0.00594239  -0.00343084
 -0.00000000   0.00000000     0.00594239  -0.00343084    -0.00444308  -0.00769564
    3    3
  0.07926596  -0.00000000     0.00000000   0.00000000     0.00000000  -0.00000000
  0.00000000   0.00000000     0.02530628  -0.00000000     0.00000000  -0.00000000
 -0.00000000   0.00000000     0.00000000  -0.00000000     0.02530628  -0.00000000
    3    4
 -0.01074709  -0.00150404    -0.01727599  -0.00600781    -0.01727599  -0.00600781
 -0.00578742   0.00165456    -0.00397355   0.00081478    -0.00924218   0.00127917
 -0.00578742   0.00165456    -0.00924218   0.00127917    -0.00397355   0.00081478
    3    5
  0.00313906   0.00244644     0.00446147   0.00039061     0.00446147   0.00039061
 -0.00055566   0.00056737    -0.00438910   0.00284830    -0.00341027   0.00163308
 -0.00055566   0.00056737    -0.00341027   0.00163308    -0.00438910   0.00284830
    3    6
 -0.01074709   0.00150404    -0.01727599   0.00600781     0.01727599  -0.00600781
 -0.00578742  -0.00165456    -0.00397355  -0.00081478     0.00924218   0.00127917
  0.00578742   0.00165456     0.00924218   0.00127917    -0.00397355  -0.00081478
    3    7
  0.00054915   0.00394172    -0.00189246   0.00405905     0.00189246  -0.00405905
  0.00076919  -0.00019753     0.00466125  -0.00237692    -0.00311943   0.00213684
 -0.00076919   0.00019753    -0.00311943   0.00213684     0.00466125  -0.00237692
    3    8
 -0.01074709   0.00150404     0.01727599  -0.00600781    -0.01727599   0.00600781
  0.00578742   0.00165456    -0.00397355  -0.00081478     0.00924218   0.00127917
 -0.00578742  -0.00165456     0.00924218   0.00127917    -0.00397355  -0.00081478
    3    9
  0.00054915   0.00394172     0.00189246  -0.00405905    -0.00189246   0.00405905
 -0.00076919   0.00019753     0.00466125  -0.00237692    -0.00311943   0.00213684
  0.00076919  -0.00019753    -0.00311943   0.00213684     0.00466125  -0.00237692
    3   10
 -0.01074709  -0.00150404     0.01727599   0.00600781     0.01727599   0.00600781
  0.00578742  -0.00165456    -0.00397355   0.00081478    -0.00924218   0.00127917
  0.00578742  -0.00165456    -0.00924218   0.00127917    -0.00397355   0.00081478
    3   11
  0.00313906   0.00244644    -0.00446147  -0.00039061    -0.00446147  -0.00039061
  0.00055566  -0.00056737    -0.00438910   0.00284830    -0.00341027   0.00163308
  0.00055566  -0.00056737    -0.00341027   0.00163308    -0.00438910   0.00284830
    4    1
 -0.05707515  -0.00581301     0.00914770   0.00580629     0.00914770   0.00580629
  0.00096080   0.00478997     0.00059176  -0.00645775     0.00905314   0.00461272
  0.00096080   0.00478997     0.00905314   0.00461272     0.00059176  -0.00645775
    4    2
  0.00313906   0.00244644    -0.00055566   0.00056737    -0.00055566   0.00056737
  0.00446147   0.00039061    -0.00438910   0.00284830    -0.00341027   0.00163308
  0.00446147   0.00039061    -0.00341027   0.00163308    -0.00438910   0.00284830
    4    3
 -0.01074709   0.00150404    -0.00578742  -0.00165456    -0.00578742  -0.00165456
 -0.01727599   0.00600781    -0.00397355  -0.00081478    -0.00924218  -0.00127917
 -0.01727599   0.00600781    -0.00924218  -0.00127917    -0.00397355  -0.00081478
    4    4
  0.04541875  -0.00000000    -0.00169835   0.00272824    -0.00169835   0.00272824
 -0.00169835  -0.00272824     0.03347208  -0.00000000     0.00561109  -0.00000000
 -0.00169835  -0.00272824     0.00561109   0.00000000     0.03347208  -0.00000000
    4    5
  0.01212588  -0.00578416     0.00040823  -0.00264288     0.00040823  -0.00264288
  0.00040823  -0.00264288     0.00077359  -0.00590850     0.00325820   0.00014771
  0.00040823  -0.00264288     0.00325820   0.00014771     0.00077359  -0.00590850
    4    6
  0.00244211  -0.01878722    -0.00054719   0.00002648     0.00048336   0.00153576
 -0.00054719   0.00002648    -0.00569686  -0.00547347    -0.00122481   0.00134213
 -0.00048336  -0.00153576     0.00122481  -0.00134213     0.00080983   0.00430693
    4    7
  0.01028529   0.01781464    -0.00272819  -0.00237975     0.00210058   0.00495810
 -0.00069683  -0.00355256     0.00417645   0.00723383     0.00098059   0.00252491
 -0.00324355  -0.00429820    -0.00169634  -0.00211167    -0.00839905  -0.01454758
    4    8
  0.00244211  -0.01878722     0.00048336   0.00153576    -0.00054719   0.00002648
 -0.00048336  -0.00153576     0.00080983   0.00430693     0.00122481  -0.00134213
 -0.00054719   0.00002648    -0.00122481   0.00134213    -0.00569686  -0.00547347
    4    9
  0.01028529   0.01781464     0.00210058   0.00495810    -0.00272819  -0.00237975
 -0.00324355  -0.00429820    -0.00839905  -0.01454758    -0.00169634  -0.00211167
 -0.00069683  -0.00355256     0.00098059   0.00252491     0.00417645   0.00723383
    4   10
  0.01938981   0.00000000     0.00031330  -0.00122046     0.00031330  -0.00122046
 -0.00031330  -0.00122046    -0.00923845   0.00000000     0.00187686   0.00000000
 -0.00031330  -0.00122046     0.00187686   0.00000000    -0.00923845  -0.00000000
    4   11
  0.01998885  -0.01873356     0.00516056  -0.00151262     0.00516056  -0.00151262
 -0.00516056   0.00151262     0.00653464   0.00877046     0.00713571  -0.00178156
 -0.00516056   0.00151262     0.00713571  -0.00178156     0.00653464   0.00877046
    5    1
 -0.05707515   0.00581301     0.00914770  -0.00580629     0.00914770  -0.00580629
  0.00096080  -0.00478997     0.00059176   0.00645775     0.00905314  -0.00461272
  0.00096080  -0.00478997     0.00905314  -0.00461272     0.00059176   0.00645775
    5    2
 -0.01074709  -0.00150404    -0.00578742   0.00165456    -0.00578742   0.00165456
 -0.01727599  -0.00600781    -0.00397355   0.00081478    -0.00924218   0.00127917
 -0.01727599  -0.00600781    -0.00924218   0.00127917    -0.00397355   0.00081478
    5    3
  0.00313906  -0.00244644    -0.00055566  -0.00056737    -0.00055566  -0.00056737
  0.00446147  -0.00039061    -0.00438910  -0.00284830    -0.00341027  -0.00163308
  0.00446147  -0.00039061    -0.00341027  -0.00163308    -0.00438910  -0.00284830
    5    4
  0.01212588   0.00578416     0.00040823   0.00264288     0.00040823   0.00264288
  0.00040823   0.00264288     0.00077359   0.00590850     0.00325820  -0.00014771
  0.00040823   0.00264288     0.00325820  -0.00014771     0.00077359   0.00590850
    5    5
  0.04541875   0.00000000    -0.00169835  -0.00272824    -0.00169835  -0.00272824
 -0.00169835   0.00272824     0.03347208   0.00000000     0.00561109   0.00000000
 -0.00169835   0.00272824     0.00561109  -0.00000000     0.03347208   0.00000000
    5    6
  0.01028529  -0.01781464    -0.00272819   0.00237975     0.00210058  -0.00495810
 -0.00069683   0.00355256     0.00417645  -0.00723383     0.00098059  -0.00252491
 -0.00324355   0.00429820    -0.00169634   0.00211167    -0.00839905   0.01454758
    5    7
  0.00244211   0.01878722    -0.00054719  -0.00002648     0.00048336  -0.00153576
 -0.00054719  -0.00002648    -0.00569686   0.00547347    -0.00122481  -0.00134213
 -0.00048336   0.00153576     0.00122481   0.00134213     0.00080983  -0.00430693
    5    8
  0.01028529  -0.01781464     0.00210058  -0.00495810    -0.00272819   0.00237975
 -0.00324355   0.00429820    -0.00839905   0.01454758    -0.00169634   0.00211167
 -0.00069683   0.00355256     0.00098059  -0.00252491     0.00417645  -0.00723383
    5    9
  0.00244211   0.01878722     0.00048336  -0.00153576    -0.00054719  -0.00002648
 -0.00048336   0.00153576     0.00080983  -0.00430693     0.00122481   0.00134213
 -0.00054719  -0.00002648    -0.00122481  -0.00134213    -0.00569686   0.00547347
    5   10
  0.01998885   0.01873356     0.00516056   0.00151262     0.00516056   0.00151262
 -0.00516056  -0.00151262     0.00653464  -0.00877046     0.00713571   0.00178156
 -0.00516056  -0.00151262     0.00713571   0.00178156     0.00653464  -0.00877046
    5   11
  0.01938981   0.00000000     0.00031330   0.00122046     0.00031330   0.00122046
 -0.00031330   0.00122046    -0.00923845   0.00000000     0.00187686  -0.00000000
 -0.00031330   0.00122046     0.00187686  -0.00000000    -0.00923845  -0.00000000
    6    1
 -0.03357179  -0.04652203     0.00960224   0.00501900    -0.00960224  -0.00501900
  0.00462864  -0.00156291    -0.00529669   0.00374135    -0.00852130  -0.00553389
 -0.00462864   0.00156291    -0.00852130  -0.00553389    -0.00529669   0.00374135
    6    2
  0.00054915   0.00394172     0.00076919  -0.00019753    -0.00076919   0.00019753
 -0.00189246   0.00405905     0.00466125  -0.00237692    -0.00311943   0.00213684
  0.00189246  -0.00405905    -0.00311943   0.00213684     0.00466125  -0.00237692
    6    3
 -0.01074709  -0.00150404    -0.00578742   0.00165456     0.00578742  -0.00165456
 -0.01727599  -0.00600781    -0.00397355   0.00081478     0.00924218  -0.00127917
  0.01727599   0.00600781     0.00924218  -0.00127917    -0.00397355   0.00081478
    6    4
  0.00244211   0.01878722    -0.00054719  -0.00002648    -0.00048336   0.00153576
 -0.00054719  -0.00002648    -0.00569686   0.00547347     0.00122481   0.00134213
  0.00048336  -0.00153576    -0.00122481  -0.00134213     0.00080983  -0.00430693
    6    5
  0.01028529   0.01781464    -0.00069683  -0.00355256    -0.00324355  -0.00429820
 -0.00272819  -0.00237975     0.00417645   0.00723383    -0.00169634  -0.00211167
  0.00210058   0.00495810     0.00098059   0.00252491    -0.00839905  -0.01454758
    6    6
  0.04541875   0.00000000    -0.00169835  -0.00272824     0.00169835   0.00272824
 -0.00169835   0.00272824     0.03347208   0.00000000    -0.00561109  -0.00000000
  0.00169835  -0.00272824    -0.00561109  -0.00000000     0.03347208   0.00000000
    6    7
 -0.01107216   0.00760924    -0.00249291  -0.00096790     0.00249291   0.00096790
 -0.00249291  -0.00096790    -0.00550371  -0.00228430     0.00150118  -0.00289554
  0.00249291   0.00096790     0.00150118  -0.00289554    -0.00550371  -0.00228430
    6    8
  0.01938981   0.00000000     0.00031330   0.00122046    -0.00031330  -0.00122046
 -0.00031330   0.00122046    -0.00923845   0.00000000    -0.00187686   0.00000000
  0.00031330  -0.00122046    -0.00187686   0.00000000    -0.00923845   0.00000000
    6    9
 -0.02621817   0.00794407    -0.00389025   0.00371286     0.00389025  -0.00371286
  0.00389025  -0.00371286     0.00432812   0.01004439     0.00511073  -0.00528893
 -0.00389025   0.00371286     0.00511073  -0.00528893     0.00432812   0.01004439
    6   10
  0.00244211   0.01878722     0.00048336  -0.00153576     0.00054719   0.00002648
 -0.00048336   0.00153576     0.00080983  -0.00430693    -0.00122481  -0.00134213
  0.00054719   0.00002648     0.00122481   0.00134213    -0.00569686   0.00547347
    6   11
  0.01028529   0.01781464     0.00324355   0.00429820     0.00069683   0.00355256
 -0.00210058  -0.00495810    -0.00839905  -0.01454758     0.00098059   0.00252491
  0.00272819   0.00237975    -0.00169634  -0.00211167     0.00417645   0.00723383
    7    1
 -0.03357179   0.04652203     0.00960224  -0.00501900    -0.00960224   0.00501900
  0.00462864   0.00156291    -0.00529669  -0.00374135    -0.00852130   0.00553389
 -0.00462864  -0.00156291    -0.00852130   0.00553389    -0.00529669  -0.00374135
    7    2
 -0.01074709   0.00150404    -0.00578742  -0.00165456     0.00578742   0.00165456
 -0.01727599   0.00600781    -0.00397355  -0.00081478     0.00924218   0.00127917
  0.01727599  -0.00600781     0.00924218   0.00127917    -0.00397355  -0.00081478
    7    3
  0.00054915  -0.00394172     0.00076919   0.00019753    -0.00076919  -0.00019753
 -0.00189246  -0.00405905     0.00466125   0.00237692    -0.00311943  -0.00213684
  0.00189246   0.00405905    -0.00311943  -0.00213684     0.00466125   0.00237692
    7    4
  0.01028529  -0.01781464    -0.00069683   0.00355256    -0.00324355   0.00429820
 -0.00272819   0.00237975     0.00417645  -0.00723383    -0.00169634   0.00211167
  0.00210058  -0.00495810     0.00098059  -0.00252491    -0.00839905   0.01454758
    7    5
  0.00244211  -0.01878722    -0.00054719   0.00002648    -0.00048336  -0.00153576
 -0.00054719   0.00002648    -0.00569686  -0.00547347     0.00122481  -0.00134213
  0.00048336   0.00153576    -0.00122481   0.00134213     0.00080983   0.00430693
    7    6
 -0.01107216  -0.00760924    -0.00249291   0.00096790     0.00249291  -0.00096790
 -0.00249291   0.00096790    -0.00550371   0.00228430     0.00150118   0.00289554
  0.00249291  -0.00096790     0.00150118   0.00289554    -0.00550371   0.00228430
    7    7
  0.04541875  -0.00000000    -0.00169835   0.00272824     0.00169835  -0.00272824
 -0.00169835  -0.00272824     0.03347208  -0.00000000    -0.00561109   0.00000000
  0.00169835   0.00272824    -0.00561109   0.00000000     0.03347208  -0.00000000
    7    8
 -0.02621817  -0.00794407    -0.00389025  -0.00371286     0.00389025   0.00371286
  0.00389025   0.00371286     0.00432812  -0.01004439     0.00511073   0.00528893
 -0.00389025  -0.00371286     0.00511073   0.00528893     0.00432812  -0.01004439
    7    9
  0.01938981  -0.00000000     0.00031330  -0.00122046    -0.00031330   0.00122046
 -0.00031330  -0.00122046    -0.00923845   0.00000000    -0.00187686  -0.00000000
  0.00031330   0.00122046    -0.00187686  -0.00000000    -0.00923845   0.00000000
    7   10
  0.01028529  -0.01781464     0.00324355  -0.00429820     0.00069683  -0.00355256
 -0.00210058   0.00495810    -0.00839905   0.01454758     0.00098059  -0.00252491
  0.00272819  -0.00237975    -0.00169634   0.00211167     0.00417645  -0.00723383
    7   11
  0.00244211  -0.01878722     0.00048336   0.00153576     0.00054719  -0.00002648
 -0.00048336  -0.00153576     0.00080983   0.00430693    -0.00122481   0.00134213
  0.00054719  -0.00002648     0.00122481  -0.00134213    -0.00569686  -0.00547347
    8    1
 -0.03357179  -0.04652203    -0.00960224  -0.00501900     0.00960224   0.00501900
 -0.00462864   0.00156291    -0.00529669   0.00374135    -0.00852130  -0.00553389
  0.00462864  -0.00156291    -0.00852130  -0.00553389    -0.00529669   0.00374135
    8    2
  0.00054915   0.00394172    -0.00076919   0.00019753     0.00076919  -0.00019753
  0.00189246  -0.00405905     0.00466125  -0.00237692    -0.00311943   0.00213684
 -0.00189246   0.00405905    -0.00311943   0.00213684     0.00466125  -0.00237692
    8    3
 -0.01074709  -0.00150404     0.00578742  -0.00165456    -0.00578742   0.00165456
  0.01727599   0.00600781    -0.00397355   0.00081478     0.00924218  -0.00127917
 -0.01727599  -0.00600781     0.00924218  -0.00127917    -0.00397355   0.00081478
    8    4
  0.00244211   0.01878722    -0.00048336   0.00153576    -0.00054719  -0.00002648
  0.00048336  -0.00153576     0.00080983  -0.00430693    -0.00122481  -0.00134213
 -0.00054719  -0.00002648     0.00122481   0.00134213    -0.00569686   0.00547347
    8    5
  0.01028529   0.01781464    -0.00324355  -0.00429820    -0.00069683  -0.00355256
  0.00210058   0.00495810    -0.00839905  -0.01454758     0.00098059   0.00252491
 -0.00272819  -0.00237975    -0.00169634  -0.00211167     0.00417645   0.00723383
    8    6
  0.01938981   0.00000000    -0.00031330  -0.00122046     0.00031330   0.00122046
  0.00031330  -0.00122046    -0.00923845   0.00000000    -0.00187686   0.00000000
 -0.00031330   0.00122046    -0.00187686   0.00000000    -0.00923845   0.00000000
    8    7
 -0.02621817   0.00794407     0.00389025  -0.00371286    -0.00389025   0.00371286
 -0.00389025   0.00371286     0.00432812   0.01004439     0.00511073  -0.00528893
  0.00389025  -0.00371286     0.00511073  -0.00528893     0.00432812   0.01004439
    8    8
  0.04541875   0.00000000     0.00169835   0.00272824    -0.00169835  -0.00272824
  0.00169835  -0.00272824     0.03347208   0.00000000    -0.00561109  -0.00000000
 -0.00169835   0.00272824    -0.00561109  -0.00000000     0.03347208   0.00000000
    8    9
 -0.01107216   0.00760924     0.00249291   0.00096790    -0.00249291  -0.00096790
  0.00249291   0.00096790    -0.00550371  -0.00228430     0.00150118  -0.00289554
 -0.00249291  -0.00096790     0.00150118  -0.00289554    -0.00550371  -0.00228430
    8   10
  0.00244211   0.01878722     0.00054719   0.00002648     0.00048336  -0.00153576
  0.00054719   0.00002648    -0.00569686   0.00547347     0.00122481   0.00134213
 -0.00048336   0.00153576    -0.00122481  -0.00134213     0.00080983  -0.00430693
    8   11
  0.01028529   0.01781464     0.00069683   0.00355256     0.00324355   0.00429820
  0.00272819   0.00237975     0.00417645   0.00723383    -0.00169634  -0.00211167
 -0.00210058  -0.00495810     0.00098059   0.00252491    -0.00839905  -0.01454758
    9    1
 -0.03357179   0.04652203    -0.00960224   0.00501900     0.00960224  -0.00501900
 -0.00462864  -0.00156291    -0.00529669  -0.00374135    -0.00852130   0.00553389
  0.00462864   0.00156291    -0.00852130   0.00553389    -0.00529669  -0.00374135
    9    2
 -0.01074709   0.00150404     0.00578742   0.00165456    -0.00578742  -0.00165456
  0.01727599  -0.00600781    -0.00397355  -0.00081478     0.00924218   0.00127917
 -0.01727599   0.00600781     0.00924218   0.00127917    -0.00397355  -0.00081478
    9    3
  0.00054915  -0.00394172    -0.00076919  -0.00019753     0.00076919   0.00019753
  0.00189246   0.00405905     0.00466125   0.00237692    -0.00311943  -0.00213684
 -0.00189246  -0.00405905    -0.00311943  -0.00213684     0.00466125   0.00237692
    9    4
  0.01028529  -0.01781464    -0.00324355   0.00429820    -0.00069683   0.00355256
  0.00210058  -0.00495810    -0.00839905   0.01454758     0.00098059  -0.00252491
 -0.00272819   0.00237975    -0.00169634   0.00211167     0.00417645  -0.00723383
    9    5
  0.00244211  -0.01878722    -0.00048336  -0.00153576    -0.00054719   0.00002648
  0.00048336   0.00153576     0.00080983   0.00430693    -0.00122481   0.00134213
 -0.00054719   0.00002648     0.00122481  -0.00134213    -0.00569686  -0.00547347
    9    6
 -0.02621817  -0.00794407     0.00389025   0.00371286    -0.00389025  -0.00371286
 -0.00389025  -0.00371286     0.00432812  -0.01004439     0.00511073   0.00528893
  0.00389025   0.00371286     0.00511073   0.00528893     0.00432812  -0.01004439
    9    7
  0.01938981  -0.00000000    -0.00031330   0.00122046     0.00031330  -0.00122046
  0.00031330   0.00122046    -0.00923845   0.00000000    -0.00187686   0.00000000
 -0.00031330  -0.00122046    -0.00187686   0.00000000    -0.00923845   0.00000000
    9    8
 -0.01107216  -0.00760924     0.00249291  -0.00096790    -0.00249291   0.00096790
  0.00249291  -0.00096790    -0.00550371   0.00228430     0.00150118   0.00289554
 -0.00249291   0.00096790     0.00150118   0.00289554    -0.00550371   0.00228430
    9    9
  0.04541875  -0.00000000     0.00169835  -0.00272824    -0.00169835   0.00272824
  0.00169835   0.00272824     0.03347208  -0.00000000    -0.00561109   0.00000000
 -0.00169835  -0.00272824    -0.00561109   0.00000000     0.03347208  -0.00000000
    9   10
  0.01028529  -0.01781464     0.00069683  -0.00355256     0.00324355  -0.00429820
  0.00272819  -0.00237975     0.00417645  -0.00723383    -0.00169634   0.00211167
 -0.00210058   0.00495810     0.00098059  -0.00252491    -0.00839905   0.01454758
    9   11
  0.00244211  -0.01878722     0.00054719  -0.00002648     0.00048336   0.00153576
  0.00054719  -0.00002648    -0.00569686  -0.00547347     0.00122481  -0.00134213
 -0.00048336  -0.00153576    -0.00122481   0.00134213     0.00080983   0.00430693
   10    1
 -0.05707515  -0.00581301    -0.00914770  -0.00580629    -0.00914770  -0.00580629
 -0.00096080  -0.00478997     0.00059176  -0.00645775     0.00905314   0.00461272
 -0.00096080  -0.00478997     0.00905314   0.00461272     0.00059176  -0.00645775
   10    2
  0.00313906   0.00244644     0.00055566  -0.00056737     0.00055566  -0.00056737
 -0.00446147  -0.00039061    -0.00438910   0.00284830    -0.00341027   0.00163308
 -0.00446147  -0.00039061    -0.00341027   0.00163308    -0.00438910   0.00284830
   10    3
 -0.01074709   0.00150404     0.00578742   0.00165456     0.00578742   0.00165456
  0.01727599  -0.00600781    -0.00397355  -0.00081478    -0.00924218  -0.00127917
  0.01727599  -0.00600781    -0.00924218  -0.00127917    -0.00397355  -0.00081478
   10    4
  0.01938981  -0.00000000    -0.00031330   0.00122046    -0.00031330   0.00122046
  0.00031330   0.00122046    -0.00923845   0.00000000     0.00187686   0.00000000
  0.00031330   0.00122046     0.00187686  -0.00000000    -0.00923845   0.00000000
   10    5
  0.01998885  -0.01873356    -0.00516056   0.00151262    -0.00516056   0.00151262
  0.00516056  -0.00151262     0.00653464   0.00877046     0.00713571  -0.00178156
  0.00516056  -0.00151262     0.00713571  -0.00178156     0.00653464   0.00877046
   10    6
  0.00244211  -0.01878722    -0.00048336  -0.00153576     0.00054719  -0.00002648
  0.00048336   0.00153576     0.00080983   0.00430693     0.00122481  -0.00134213
  0.00054719  -0.00002648    -0.00122481   0.00134213    -0.00569686  -0.00547347
   10    7
  0.01028529   0.01781464    -0.00210058  -0.00495810     0.00272819   0.00237975
  0.00324355   0.00429820    -0.00839905  -0.01454758    -0.00169634  -0.00211167
  0.00069683   0.00355256     0.00098059   0.00252491     0.00417645   0.00723383
   10    8
  0.00244211  -0.01878722     0.00054719  -0.00002648    -0.00048336  -0.00153576
  0.00054719  -0.00002648    -0.00569686  -0.00547347    -0.00122481   0.00134213
  0.00048336   0.00153576     0.00122481  -0.00134213     0.00080983   0.00430693
   10    9
  0.01028529   0.01781464     0.00272819   0.00237975    -0.00210058  -0.00495810
  0.00069683   0.00355256     0.00417645   0.00723383     0.00098059   0.00252491
  0.00324355   0.00429820    -0.00169634  -0.00211167    -0.00839905  -0.01454758
   10   10
  0.04541875  -0.00000000     0.00169835  -0.00272824     0.00169835  -0.00272824
  0.00169835   0.00272824     0.03347208   0.00000000     0.00561109  -0.00000000
  0.00169835   0.00272824     0.00561109  -0.00000000     0.03347208  -0.00000000
   10   11
  0.01212588  -0.00578416    -0.00040823   0.00264288    -0.00040823   0.00264288
 -0.00040823   0.00264288     0.00077359  -0.00590850     0.00325820   0.00014771
 -0.00040823   0.00264288     0.00325820   0.00014771     0.00077359  -0.00590850
   11    1
 -0.05707515   0.00581301    -0.00914770   0.00580629    -0.00914770   0.00580629
 -0.00096080   0.00478997     0.00059176   0.00645775     0.00905314  -0.00461272
 -0.00096080   0.00478997     0.00905314  -0.00461272     0.00059176   0.00645775
   11    2
 -0.01074709  -0.00150404     0.00578742  -0.00165456     0.00578742  -0.00165456
  0.01727599   0.00600781    -0.00397355   0.00081478    -0.00924218   0.00127917
  0.01727599   0.00600781    -0.00924218   0.00127917    -0.00397355   0.00081478
   11    3
  0.00313906  -0.00244644     0.00055566   0.00056737     0.00055566   0.00056737
 -0.00446147   0.00039061    -0.00438910  -0.00284830    -0.00341027  -0.00163308
 -0.00446147   0.00039061    -0.00341027  -0.00163308    -0.00438910  -0.00284830
   11    4
  0.01998885   0.01873356    -0.00516056  -0.00151262    -0.00516056  -0.00151262
  0.00516056   0.00151262     0.00653464  -0.00877046     0.00713571   0.00178156
  0.00516056   0.00151262     0.00713571   0.00178156     0.00653464  -0.00877046
   11    5
  0.01938981   0.00000000    -0.00031330  -0.00122046    -0.00031330  -0.00122046
  0.00031330  -0.00122046    -0.00923845  -0.00000000     0.00187686   0.00000000
  0.00031330  -0.00122046     0.00187686  -0.00000000    -0.00923845  -0.00000000
   11    6
  0.01028529  -0.01781464    -0.00210058   0.00495810     0.00272819  -0.00237975
  0.00324355  -0.00429820    -0.00839905   0.01454758    -0.00169634   0.00211167
  0.00069683  -0.00355256     0.00098059  -0.00252491     0.00417645  -0.00723383
   11    7
  0.00244211   0.01878722    -0.00048336   0.00153576     0.00054719   0.00002648
  0.00048336  -0.00153576     0.00080983  -0.00430693     0.00122481   0.00134213
  0.00054719   0.00002648    -0.00122481  -0.00134213    -0.00569686   0.00547347
   11    8
  0.01028529  -0.01781464     0.00272819  -0.00237975    -0.00210058   0.00495810
  0.00069683  -0.00355256     0.00417645  -0.00723383     0.00098059  -0.00252491
  0.00324355  -0.00429820    -0.00169634   0.00211167    -0.00839905   0.01454758
   11    9
  0.00244211   0.01878722     0.00054719   0.00002648    -0.00048336   0.00153576
  0.00054719   0.00002648    -0.00569686   0.00547347    -0.00122481  -0.00134213
  0.00048336  -0.00153576     0.00122481   0.00134213     0.00080983  -0.00430693
   11   10
  0.01212588   0.00578416    -0.00040823  -0.00264288    -0.00040823  -0.00264288
 -0.00040823  -0.00264288     0.00077359   0.00590850     0.00325820  -0.00014771
 -0.00040823  -0.00264288     0.00325820  -0.00014771     0.00077359   0.00590850
   11   11
  0.04541875   0.00000000     0.00169835   0.00272824     0.00169835   0.00272824
  0.00169835  -0.00272824     0.03347208  -0.00000000     0.00561109   0.00000000
  0.00169835  -0.00272824     0.00561109   0.00000000     0.03347208   0.00000000

     Dynamical  Matrix in cartesian axes

     q = (   -0.235702260   0.000000000   0.000000000 ) 

    1    1
  0.39416952   0.00000000    -0.00000000   0.00000000     0.00000000   0.00000000
  0.00000000   0.00000000     0.08126207   0.00000000     0.00000000   0.00000000
  0.00000000   0.00000000     0.00000000   0.00000000     0.08126207   0.00000000
    1    2
  0.04964664  -0.02866350     0.00000000  -0.00000000    -0.00000000   0.00000000
  0.00000000   0.00000000    -0.01401981   0.00809434    -0.00474085  -0.00821140
  0.00000000  -0.00000000    -0.00474085  -0.00821140    -0.01401981   0.00809434
    1    3
  0.04964664   0.02866350    -0.00000000   0.00000000    -0.00000000   0.00000000
  0.00000000   0.00000000    -0.01401981  -0.00809434    -0.00474085   0.00821140
 -0.00000000   0.00000000    -0.00474085   0.00821140    -0.01401981  -0.00809434
    1    4
 -0.05707515  -0.00581301     0.00096080   0.00478997     0.00096080   0.00478997
  0.00914770   0.00580629     0.00059176  -0.00645775     0.00905314   0.00461272
  0.00914770   0.00580629     0.00905314   0.00461272     0.00059176  -0.00645775
    1    5
 -0.05707515   0.00581301     0.00096080  -0.00478997     0.00096080  -0.00478997
  0.00914770  -0.00580629     0.00059176   0.00645775     0.00905314  -0.00461272
  0.00914770  -0.00580629     0.00905314  -0.00461272     0.00059176   0.00645775
    1    6
 -0.03357179  -0.04652203     0.00462864  -0.00156291    -0.00462864   0.00156291
  0.00960224   0.00501900    -0.00529669   0.00374135    -0.00852130  -0.00553389
 -0.00960224  -0.00501900    -0.00852130  -0.00553389    -0.00529669   0.00374135
    1    7
 -0.03357179   0.04652203     0.00462864   0.00156291    -0.00462864  -0.00156291
  0.00960224  -0.00501900    -0.00529669  -0.00374135    -0.00852130   0.00553389
 -0.00960224   0.00501900    -0.00852130   0.00553389    -0.00529669  -0.00374135
    1    8
 -0.03357179  -0.04652203    -0.00462864   0.00156291     0.00462864  -0.00156291
 -0.00960224  -0.00501900    -0.00529669   0.00374135    -0.00852130  -0.00553389
  0.00960224   0.00501900    -0.00852130  -0.00553389    -0.00529669   0.00374135
    1    9
 -0.03357179   0.04652203    -0.00462864  -0.00156291     0.00462864   0.00156291
 -0.00960224   0.00501900    -0.00529669  -0.00374135    -0.00852130   0.00553389
  0.00960224  -0.00501900    -0.00852130   0.00553389    -0.00529669  -0.00374135
    1   10
 -0.05707515  -0.00581301    -0.00096080  -0.00478997    -0.00096080  -0.00478997
 -0.00914770  -0.00580629     0.00059176  -0.00645775     0.00905314   0.00461272
 -0.00914770  -0.00580629     0.00905314   0.00461272     0.00059176  -0.00645775
    1   11
 -0.05707515   0.00581301    -0.00096080   0.00478997    -0.00096080   0.00478997
 -0.00914770   0.00580629     0.00059176   0.00645775     0.00905314  -0.00461272
 -0.00914770   0.00580629     0.00905314  -0.00461272     0.00059176   0.00645775
    2    1
  0.04964664   0.02866350     0.00000000  -0.00000000    -0.00000000   0.00000000
  0.00000000  -0.00000000    -0.01401981  -0.00809434    -0.00474085   0.00821140
 -0.00000000   0.00000000    -0.00474085   0.00821140    -0.01401981  -0.00809434
    2    2
  0.07926596   0.00000000    -0.00000000  -0.00000000     0.00000000   0.00000000
  0.00000000  -0.00000000     0.02530628   0.00000000     0.00000000  -0.00000000
  0.00000000  -0.00000000     0.00000000  -0.00000000     0.02530628  -0.00000000
    2    3
 -0.00557100  -0.00964925    -0.00000000   0.00000000     0.00000000   0.00000000
 -0.00000000  -0.00000000    -0.00444308  -0.00769564     0.00594239  -0.00343084
  0.00000000   0.00000000     0.00594239  -0.00343084    -0.00444308  -0.00769564
    2    4
  0.00313906   0.00244644     0.00446147   0.00039061     0.00446147   0.00039061
 -0.00055566   0.00056737    -0.00438910   0.00284830    -0.00341027   0.00163308
 -0.00055566   0.00056737    -0.00341027   0.00163308    -0.00438910   0.00284830
    2    5
 -0.01074709  -0.00150404    -0.01727599  -0.00600781    -0.01727599  -0.00600781
 -0.00578742   0.00165456    -0.00397355   0.00081478    -0.00924218   0.00127917
 -0.00578742   0.00165456    -0.00924218   0.00127917    -0.00397355   0.00081478
    2    6
  0.00054915   0.00394172    -0.00189246   0.00405905     0.00189246  -0.00405905
  0.00076919  -0.00019753     0.00466125  -0.00237692    -0.00311943   0.00213684
 -0.00076919   0.00019753    -0.00311943   0.00213684     0.00466125  -0.00237692
    2    7
 -0.01074709   0.00150404    -0.01727599   0.00600781     0.01727599  -0.00600781
 -0.00578742  -0.00165456    -0.00397355  -0.00081478     0.00924218   0.00127917
  0.00578742   0.00165456     0.00924218   0.00127917    -0.00397355  -0.00081478
    2    8
  0.00054915   0.00394172     0.00189246  -0.00405905    -0.00189246   0.00405905
 -0.00076919   0.00019753     0.00466125  -0.00237692    -0.00311943   0.00213684
  0.00076919  -0.00019753    -0.00311943   0.00213684     0.00466125  -0.00237692
    2    9
 -0.01074709   0.00150404     0.01727599  -0.00600781    -0.01727599   0.00600781
  0.00578742   0.00165456    -0.00397355  -0.00081478     0.00924218   0.00127917
 -0.00578742  -0.00165456     0.00924218   0.00127917    -0.00397355  -0.00081478
    2   10
  0.00313906   0.00244644    -0.00446147  -0.00039061    -0.00446147  -0.00039061
  0.00055566  -0.00056737    -0.00438910   0.00284830    -0.00341027   0.00163308
  0.00055566  -0.00056737    -0.00341027   0.00163308    -0.00438910   0.00284830
    2   11
 -0.01074709  -0.00150404     0.01727599   0.00600781     0.01727599   0.00600781
  0.00578742  -0.00165456    -0.00397355   0.00081478    -0.00924218   0.00127917
  0.00578742  -0.00165456    -0.00924218   0.00127917    -0.00397355   0.00081478
    3    1
  0.04964664  -0.02866350     0.00000000  -0.00000000    -0.00000000   0.00000000
  0.00000000  -0.00000000    -0.01401981   0.00809434    -0.00474085  -0.00821140
 -0.00000000   0.00000000    -0.00474085  -0.00821140    -0.01401981   0.00809434
    3    2
 -0.00557100   0.00964925    -0.00000000   0.00000000     0.00000000   0.00000000
 -0.00000000   0.00000000    -0.00444308   0.00769564     0.00594239   0.00343084
  0.00000000  -0.00000000     0.00594239   0.00343084    -0.00444308   0.00769564
    3    3
  0.07926596  -0.00000000    -0.00000000   0.00000000     0.00000000  -0.00000000
  0.00000000   0.00000000     0.02530628  -0.00000000     0.00000000   0.00000000
  0.00000000   0.00000000     0.00000000   0.00000000     0.02530628   0.00000000
    3    4
 -0.01074709   0.00150404    -0.01727599   0.00600781    -0.01727599   0.00600781
 -0.00578742  -0.00165456    -0.00397355  -0.00081478    -0.00924218  -0.00127917
 -0.00578742  -0.00165456    -0.00924218  -0.00127917    -0.00397355  -0.00081478
    3    5
  0.00313906  -0.00244644     0.00446147  -0.00039061     0.00446147  -0.00039061
 -0.00055566  -0.00056737    -0.00438910  -0.00284830    -0.00341027  -0.00163308
 -0.00055566  -0.00056737    -0.00341027  -0.00163308    -0.00438910  -0.00284830
    3    6
 -0.01074709  -0.00150404    -0.01727599  -0.00600781     0.01727599   0.00600781
 -0.00578742   0.00165456    -0.00397355   0.00081478     0.00924218  -0.00127917
  0.00578742  -0.00165456     0.00924218  -0.00127917    -0.00397355   0.00081478
    3    7
  0.00054915  -0.00394172    -0.00189246  -0.00405905     0.00189246   0.00405905
  0.00076919   0.00019753     0.00466125   0.00237692    -0.00311943  -0.00213684
 -0.00076919  -0.00019753    -0.00311943  -0.00213684     0.00466125   0.00237692
    3    8
 -0.01074709  -0.00150404     0.01727599   0.00600781    -0.01727599  -0.00600781
  0.00578742  -0.00165456    -0.00397355   0.00081478     0.00924218  -0.00127917
 -0.00578742   0.00165456     0.00924218  -0.00127917    -0.00397355   0.00081478
    3    9
  0.00054915  -0.00394172     0.00189246   0.00405905    -0.00189246  -0.00405905
 -0.00076919  -0.00019753     0.00466125   0.00237692    -0.00311943  -0.00213684
  0.00076919   0.00019753    -0.00311943  -0.00213684     0.00466125   0.00237692
    3   10
 -0.01074709   0.00150404     0.01727599  -0.00600781     0.01727599  -0.00600781
  0.00578742   0.00165456    -0.00397355  -0.00081478    -0.00924218  -0.00127917
  0.00578742   0.00165456    -0.00924218  -0.00127917    -0.00397355  -0.00081478
    3   11
  0.00313906  -0.00244644    -0.00446147   0.00039061    -0.00446147   0.00039061
  0.00055566   0.00056737    -0.00438910  -0.00284830    -0.00341027  -0.00163308
  0.00055566   0.00056737    -0.00341027  -0.00163308    -0.00438910  -0.00284830
    4    1
 -0.05707515   0.00581301     0.00914770  -0.00580629     0.00914770  -0.00580629
