  5.000000000000000E-002   1.62369118239129        5.56045126041087     
           8

     Dynamical  Matrix in cartesian axes

     q = (    0.117851130   0.117851130  -0.117851130 ) 

    1    1
  0.22962107   0.00000000     0.03931128   0.00000000    -0.03931128   0.00000000
  0.03931128   0.00000000     0.22962107   0.00000000    -0.03931128   0.00000000
 -0.03931128   0.00000000    -0.03931128   0.00000000     0.22962107   0.00000000
    1    2
  0.00099615  -0.00752689     0.01488079  -0.01120773    -0.01488079   0.01120773
  0.01488079  -0.01120773     0.00099615  -0.00752689    -0.01488079   0.01120773
 -0.01488079   0.01120773    -0.01488079   0.01120773     0.00099615  -0.00752689
    1    3
  0.00099615   0.00752689     0.01488079   0.01120773    -0.01488079  -0.01120773
  0.01488079   0.01120773     0.00099615   0.00752689    -0.01488079  -0.01120773
 -0.01488079  -0.01120773    -0.01488079  -0.01120773     0.00099615   0.00752689
    1    4
 -0.02439359  -0.01287537     0.01025510  -0.00400970     0.01269355  -0.00448494
  0.01025510  -0.00400970    -0.02439359  -0.01287537     0.01269355  -0.00448494
  0.01444047  -0.00261309     0.01444047  -0.00261309    -0.01247541   0.02802073
    1    5
 -0.02439359   0.01287537     0.01025510   0.00400970     0.01269355   0.00448494
  0.01025510   0.00400970    -0.02439359   0.01287537     0.01269355   0.00448494
  0.01444047   0.00261309     0.01444047   0.00261309    -0.01247541  -0.02802073
    1    6
 -0.02509021   0.01308966     0.00298848  -0.00764458    -0.00298848   0.00764458
  0.00298848  -0.00764458    -0.02509021   0.01308966    -0.00298848   0.00764458
 -0.00298848   0.00764458    -0.00298848   0.00764458    -0.02509021   0.01308966
    1    7
 -0.02509021  -0.01308966     0.00298848   0.00764458    -0.00298848  -0.00764458
  0.00298848   0.00764458    -0.02509021  -0.01308966    -0.00298848  -0.00764458
 -0.00298848  -0.00764458    -0.00298848  -0.00764458    -0.02509021  -0.01308966
    1    8
 -0.01247541   0.02802073    -0.01444047   0.00261309     0.01444047  -0.00261309
 -0.01269355   0.00448494    -0.02439359  -0.01287537    -0.01025510   0.00400970
  0.01269355  -0.00448494    -0.01025510   0.00400970    -0.02439359  -0.01287537
    1    9
 -0.01247541  -0.02802073    -0.01444047  -0.00261309     0.01444047   0.00261309
 -0.01269355  -0.00448494    -0.02439359   0.01287537    -0.01025510  -0.00400970
  0.01269355   0.00448494    -0.01025510  -0.00400970    -0.02439359   0.01287537
    1   10
 -0.02439359  -0.01287537    -0.01269355   0.00448494    -0.01025510   0.00400970
 -0.01444047   0.00261309    -0.01247541   0.02802073     0.01444047  -0.00261309
 -0.01025510   0.00400970     0.01269355  -0.00448494    -0.02439359  -0.01287537
    1   11
 -0.02439359   0.01287537    -0.01269355  -0.00448494    -0.01025510  -0.00400970
 -0.01444047  -0.00261309    -0.01247541  -0.02802073     0.01444047   0.00261309
 -0.01025510  -0.00400970     0.01269355   0.00448494    -0.02439359   0.01287537
    2    1
  0.00099615   0.00752689     0.01488079   0.01120773    -0.01488079  -0.01120773
  0.01488079   0.01120773     0.00099615   0.00752689    -0.01488079  -0.01120773
 -0.01488079  -0.01120773    -0.01488079  -0.01120773     0.00099615   0.00752689
    2    2
  0.03803485  -0.00000000     0.00974932   0.00000000    -0.00974932  -0.00000000
  0.00974932   0.00000000     0.03803485  -0.00000000    -0.00974932  -0.00000000
 -0.00974932  -0.00000000    -0.00974932  -0.00000000     0.03803485  -0.00000000
    2    3
 -0.01318575   0.00719210    -0.00160050   0.00056265     0.00160050  -0.00056265
 -0.00160050   0.00056265    -0.01318575   0.00719210     0.00160050  -0.00056265
  0.00160050  -0.00056265     0.00160050  -0.00056265    -0.01318575   0.00719210
    2    4
 -0.00087429   0.00097231     0.00309674  -0.00058809     0.00326434   0.00250711
  0.00309674  -0.00058809    -0.00087429   0.00097231     0.00326434   0.00250711
 -0.00068493  -0.00260176    -0.00068493  -0.00260176     0.00038530  -0.00301828
    2    5
 -0.00257680   0.00238214    -0.00903253  -0.00008107    -0.00673591   0.00370801
 -0.00903253  -0.00008107    -0.00257680   0.00238214    -0.00673591   0.00370801
 -0.00567248  -0.00229179    -0.00567248  -0.00229179    -0.00374460  -0.00019863
    2    6
  0.00356621  -0.00046289     0.00454215  -0.00125299    -0.00454215   0.00125299
  0.00454215  -0.00125299     0.00356621  -0.00046289    -0.00454215   0.00125299
 -0.00454215   0.00125299    -0.00454215   0.00125299     0.00356621  -0.00046289
    2    7
 -0.01012952   0.00178540    -0.01405055   0.00203690     0.01405055  -0.00203690
 -0.01405055   0.00203690    -0.01012952   0.00178540     0.01405055  -0.00203690
  0.01405055  -0.00203690     0.01405055  -0.00203690    -0.01012952   0.00178540
    2    8
  0.00038530  -0.00301828     0.00068493   0.00260176    -0.00068493  -0.00260176
 -0.00326434  -0.00250711    -0.00087429   0.00097231    -0.00309674   0.00058809
  0.00326434   0.00250711    -0.00309674   0.00058809    -0.00087429   0.00097231
    2    9
 -0.00374460  -0.00019863     0.00567248   0.00229179    -0.00567248  -0.00229179
  0.00673591  -0.00370801    -0.00257680   0.00238214     0.00903253   0.00008107
 -0.00673591   0.00370801     0.00903253   0.00008107    -0.00257680   0.00238214
    2   10
 -0.00087429   0.00097231    -0.00326434  -0.00250711    -0.00309674   0.00058809
  0.00068493   0.00260176     0.00038530  -0.00301828    -0.00068493  -0.00260176
 -0.00309674   0.00058809     0.00326434   0.00250711    -0.00087429   0.00097231
    2   11
 -0.00257680   0.00238214     0.00673591  -0.00370801     0.00903253   0.00008107
  0.00567248   0.00229179    -0.00374460  -0.00019863    -0.00567248  -0.00229179
  0.00903253   0.00008107    -0.00673591   0.00370801    -0.00257680   0.00238214
    3    1
  0.00099615  -0.00752689     0.01488079  -0.01120773    -0.01488079   0.01120773
  0.01488079  -0.01120773     0.00099615  -0.00752689    -0.01488079   0.01120773
 -0.01488079   0.01120773    -0.01488079   0.01120773     0.00099615  -0.00752689
    3    2
 -0.01318575  -0.00719210    -0.00160050  -0.00056265     0.00160050   0.00056265
 -0.00160050  -0.00056265    -0.01318575  -0.00719210     0.00160050   0.00056265
  0.00160050   0.00056265     0.00160050   0.00056265    -0.01318575  -0.00719210
    3    3
  0.03803485   0.00000000     0.00974932  -0.00000000    -0.00974932   0.00000000
  0.00974932  -0.00000000     0.03803485   0.00000000    -0.00974932   0.00000000
 -0.00974932   0.00000000    -0.00974932   0.00000000     0.03803485   0.00000000
    3    4
 -0.00257680  -0.00238214    -0.00903253   0.00008107    -0.00673591  -0.00370801
 -0.00903253   0.00008107    -0.00257680  -0.00238214    -0.00673591  -0.00370801
 -0.00567248   0.00229179    -0.00567248   0.00229179    -0.00374460   0.00019863
    3    5
 -0.00087429  -0.00097231     0.00309674   0.00058809     0.00326434  -0.00250711
  0.00309674   0.00058809    -0.00087429  -0.00097231     0.00326434  -0.00250711
 -0.00068493   0.00260176    -0.00068493   0.00260176     0.00038530   0.00301828
    3    6
 -0.01012952  -0.00178540    -0.01405055  -0.00203690     0.01405055   0.00203690
 -0.01405055  -0.00203690    -0.01012952  -0.00178540     0.01405055   0.00203690
  0.01405055   0.00203690     0.01405055   0.00203690    -0.01012952  -0.00178540
    3    7
  0.00356621   0.00046289     0.00454215   0.00125299    -0.00454215  -0.00125299
  0.00454215   0.00125299     0.00356621   0.00046289    -0.00454215  -0.00125299
 -0.00454215  -0.00125299    -0.00454215  -0.00125299     0.00356621   0.00046289
    3    8
 -0.00374460   0.00019863     0.00567248  -0.00229179    -0.00567248   0.00229179
  0.00673591   0.00370801    -0.00257680  -0.00238214     0.00903253  -0.00008107
 -0.00673591  -0.00370801     0.00903253  -0.00008107    -0.00257680  -0.00238214
    3    9
  0.00038530   0.00301828     0.00068493  -0.00260176    -0.00068493   0.00260176
 -0.00326434   0.00250711    -0.00087429  -0.00097231    -0.00309674  -0.00058809
  0.00326434  -0.00250711    -0.00309674  -0.00058809    -0.00087429  -0.00097231
    3   10
 -0.00257680  -0.00238214     0.00673591   0.00370801     0.00903253  -0.00008107
  0.00567248  -0.00229179    -0.00374460   0.00019863    -0.00567248   0.00229179
  0.00903253  -0.00008107    -0.00673591  -0.00370801    -0.00257680  -0.00238214
    3   11
 -0.00087429  -0.00097231    -0.00326434   0.00250711    -0.00309674  -0.00058809
  0.00068493  -0.00260176     0.00038530   0.00301828    -0.00068493   0.00260176
 -0.00309674  -0.00058809     0.00326434  -0.00250711    -0.00087429  -0.00097231
    4    1
 -0.02439359   0.01287537     0.01025510   0.00400970     0.01444047   0.00261309
  0.01025510   0.00400970    -0.02439359   0.01287537     0.01444047   0.00261309
  0.01269355   0.00448494     0.01269355   0.00448494    -0.01247541  -0.02802073
    4    2
 -0.00087429  -0.00097231     0.00309674   0.00058809    -0.00068493   0.00260176
  0.00309674   0.00058809    -0.00087429  -0.00097231    -0.00068493   0.00260176
  0.00326434  -0.00250711     0.00326434  -0.00250711     0.00038530   0.00301828
    4    3
 -0.00257680   0.00238214    -0.00903253  -0.00008107    -0.00567248  -0.00229179
 -0.00903253  -0.00008107    -0.00257680   0.00238214    -0.00567248  -0.00229179
 -0.00673591   0.00370801    -0.00673591   0.00370801    -0.00374460  -0.00019863
    4    4
  0.03415729   0.00000000     0.00086339  -0.00000000    -0.00067761   0.00152169
  0.00086339   0.00000000     0.03415729   0.00000000    -0.00067761   0.00152169
 -0.00067761  -0.00152169    -0.00067761  -0.00152169     0.02962060  -0.00000000
    4    5
 -0.00221147  -0.00591206    -0.00243168  -0.00154943    -0.00202772  -0.00234359
 -0.00243168  -0.00154943    -0.00221147  -0.00591206    -0.00202772  -0.00234359
 -0.00202772  -0.00234359    -0.00202772  -0.00234359    -0.00371775  -0.00037671
    4    6
 -0.00258622  -0.00722529    -0.00269408  -0.00068316     0.00099462   0.00108770
 -0.00269408  -0.00068316    -0.00258622  -0.00722529     0.00099462   0.00108770
 -0.00113425  -0.00193904    -0.00113425  -0.00193904     0.00359367   0.00494829
    4    7
  0.00965418   0.00513813     0.00152328   0.00118881     0.00073883  -0.00168991
  0.00152328   0.00118881     0.00965418   0.00513813     0.00073883  -0.00168991
 -0.00131094   0.00278431    -0.00131094   0.00278431    -0.01363949  -0.00017753
    4    8
 -0.00581096  -0.00396449     0.00244521   0.00043204    -0.00333634  -0.00000000
 -0.00250413   0.00134376     0.00686050   0.00000000    -0.00244521   0.00043204
 -0.00088997   0.00000000     0.00250413   0.00134376    -0.00581096   0.00396449
    4    9
  0.00919083   0.00568422    -0.00231510   0.00245848     0.00265636  -0.00123034
 -0.00060981  -0.00116013    -0.00724421  -0.01471335     0.00231510  -0.00245848
 -0.00030006  -0.00126514     0.00060981   0.00116013     0.00919083   0.00568422
    4   10
  0.00686050  -0.00000000    -0.00250413   0.00134376    -0.00244521   0.00043204
  0.00244521   0.00043204    -0.00581096  -0.00396449    -0.00333634   0.00000000
  0.00250413   0.00134376    -0.00088997  -0.00000000    -0.00581096   0.00396449
    4   11
 -0.00724421  -0.01471335    -0.00060981  -0.00116013     0.00231510  -0.00245848
 -0.00231510   0.00245848     0.00919083   0.00568422     0.00265636  -0.00123034
  0.00060981   0.00116013    -0.00030006  -0.00126514     0.00919083   0.00568422
    5    1
 -0.02439359  -0.01287537     0.01025510  -0.00400970     0.01444047  -0.00261309
  0.01025510  -0.00400970    -0.02439359  -0.01287537     0.01444047  -0.00261309
  0.01269355  -0.00448494     0.01269355  -0.00448494    -0.01247541   0.02802073
    5    2
 -0.00257680  -0.00238214    -0.00903253   0.00008107    -0.00567248   0.00229179
 -0.00903253   0.00008107    -0.00257680  -0.00238214    -0.00567248   0.00229179
 -0.00673591  -0.00370801    -0.00673591  -0.00370801    -0.00374460   0.00019863
    5    3
 -0.00087429   0.00097231     0.00309674  -0.00058809    -0.00068493  -0.00260176
  0.00309674  -0.00058809    -0.00087429   0.00097231    -0.00068493  -0.00260176
  0.00326434   0.00250711     0.00326434   0.00250711     0.00038530  -0.00301828
    5    4
 -0.00221147   0.00591206    -0.00243168   0.00154943    -0.00202772   0.00234359
 -0.00243168   0.00154943    -0.00221147   0.00591206    -0.00202772   0.00234359
 -0.00202772   0.00234359    -0.00202772   0.00234359    -0.00371775   0.00037671
    5    5
  0.03415729  -0.00000000     0.00086339   0.00000000    -0.00067761  -0.00152169
  0.00086339  -0.00000000     0.03415729  -0.00000000    -0.00067761  -0.00152169
 -0.00067761   0.00152169    -0.00067761   0.00152169     0.02962060   0.00000000
    5    6
  0.00965418  -0.00513813     0.00152328  -0.00118881     0.00073883   0.00168991
  0.00152328  -0.00118881     0.00965418  -0.00513813     0.00073883   0.00168991
 -0.00131094  -0.00278431    -0.00131094  -0.00278431    -0.01363949   0.00017753
    5    7
 -0.00258622   0.00722529    -0.00269408   0.00068316     0.00099462  -0.00108770
 -0.00269408   0.00068316    -0.00258622   0.00722529     0.00099462  -0.00108770
 -0.00113425   0.00193904    -0.00113425   0.00193904     0.00359367  -0.00494829
    5    8
  0.00919083  -0.00568422    -0.00231510  -0.00245848     0.00265636   0.00123034
 -0.00060981   0.00116013    -0.00724421   0.01471335     0.00231510   0.00245848
 -0.00030006   0.00126514     0.00060981  -0.00116013     0.00919083  -0.00568422
    5    9
 -0.00581096   0.00396449     0.00244521  -0.00043204    -0.00333634  -0.00000000
 -0.00250413  -0.00134376     0.00686050   0.00000000    -0.00244521  -0.00043204
 -0.00088997   0.00000000     0.00250413  -0.00134376    -0.00581096  -0.00396449
    5   10
 -0.00724421   0.01471335    -0.00060981   0.00116013     0.00231510   0.00245848
 -0.00231510  -0.00245848     0.00919083  -0.00568422     0.00265636   0.00123034
  0.00060981  -0.00116013    -0.00030006   0.00126514     0.00919083  -0.00568422
    5   11
  0.00686050   0.00000000    -0.00250413  -0.00134376    -0.00244521  -0.00043204
  0.00244521  -0.00043204    -0.00581096   0.00396449    -0.00333634   0.00000000
  0.00250413  -0.00134376    -0.00088997   0.00000000    -0.00581096  -0.00396449
    6    1
 -0.02509021  -0.01308966     0.00298848   0.00764458    -0.00298848  -0.00764458
  0.00298848   0.00764458    -0.02509021  -0.01308966    -0.00298848  -0.00764458
 -0.00298848  -0.00764458    -0.00298848  -0.00764458    -0.02509021  -0.01308966
    6    2
  0.00356621   0.00046289     0.00454215   0.00125299    -0.00454215  -0.00125299
  0.00454215   0.00125299     0.00356621   0.00046289    -0.00454215  -0.00125299
 -0.00454215  -0.00125299    -0.00454215  -0.00125299     0.00356621   0.00046289
    6    3
 -0.01012952   0.00178540    -0.01405055   0.00203690     0.01405055  -0.00203690
 -0.01405055   0.00203690    -0.01012952   0.00178540     0.01405055  -0.00203690
  0.01405055  -0.00203690     0.01405055  -0.00203690    -0.01012952   0.00178540
    6    4
 -0.00258622   0.00722529    -0.00269408   0.00068316    -0.00113425   0.00193904
 -0.00269408   0.00068316    -0.00258622   0.00722529    -0.00113425   0.00193904
  0.00099462  -0.00108770     0.00099462  -0.00108770     0.00359367  -0.00494829
    6    5
  0.00965418   0.00513813     0.00152328   0.00118881    -0.00131094   0.00278431
  0.00152328   0.00118881     0.00965418   0.00513813    -0.00131094   0.00278431
  0.00073883  -0.00168991     0.00073883  -0.00168991    -0.01363949  -0.00017753
    6    6
  0.03690890  -0.00000000     0.00447233   0.00000000    -0.00447233  -0.00000000
  0.00447233   0.00000000     0.03690890  -0.00000000    -0.00447233  -0.00000000
 -0.00447233  -0.00000000    -0.00447233  -0.00000000     0.03690890  -0.00000000
    6    7
 -0.01092508   0.00351204    -0.00547511   0.00129935     0.00547511  -0.00129935
 -0.00547511   0.00129935    -0.01092508   0.00351204     0.00547511  -0.00129935
  0.00547511  -0.00129935     0.00547511  -0.00129935    -0.01092508   0.00351204
    6    8
  0.00359367  -0.00494829    -0.00099462   0.00108770     0.00099462  -0.00108770
  0.00113425  -0.00193904    -0.00258622   0.00722529     0.00269408  -0.00068316
 -0.00113425   0.00193904     0.00269408  -0.00068316    -0.00258622   0.00722529
    6    9
 -0.01363949  -0.00017753    -0.00073883   0.00168991     0.00073883  -0.00168991
  0.00131094  -0.00278431     0.00965418   0.00513813    -0.00152328  -0.00118881
 -0.00131094   0.00278431    -0.00152328  -0.00118881     0.00965418   0.00513813
    6   10
 -0.00258622   0.00722529     0.00113425  -0.00193904     0.00269408  -0.00068316
 -0.00099462   0.00108770     0.00359367  -0.00494829     0.00099462  -0.00108770
  0.00269408  -0.00068316    -0.00113425   0.00193904    -0.00258622   0.00722529
    6   11
  0.00965418   0.00513813     0.00131094  -0.00278431    -0.00152328  -0.00118881
 -0.00073883   0.00168991    -0.01363949  -0.00017753     0.00073883  -0.00168991
 -0.00152328  -0.00118881    -0.00131094   0.00278431     0.00965418   0.00513813
    7    1
 -0.02509021   0.01308966     0.00298848  -0.00764458    -0.00298848   0.00764458
  0.00298848  -0.00764458    -0.02509021   0.01308966    -0.00298848   0.00764458
 -0.00298848   0.00764458    -0.00298848   0.00764458    -0.02509021   0.01308966
    7    2
 -0.01012952  -0.00178540    -0.01405055  -0.00203690     0.01405055   0.00203690
 -0.01405055  -0.00203690    -0.01012952  -0.00178540     0.01405055   0.00203690
  0.01405055   0.00203690     0.01405055   0.00203690    -0.01012952  -0.00178540
    7    3
  0.00356621  -0.00046289     0.00454215  -0.00125299    -0.00454215   0.00125299
  0.00454215  -0.00125299     0.00356621  -0.00046289    -0.00454215   0.00125299
 -0.00454215   0.00125299    -0.00454215   0.00125299     0.00356621  -0.00046289
    7    4
  0.00965418  -0.00513813     0.00152328  -0.00118881    -0.00131094  -0.00278431
  0.00152328  -0.00118881     0.00965418  -0.00513813    -0.00131094  -0.00278431
  0.00073883   0.00168991     0.00073883   0.00168991    -0.01363949   0.00017753
    7    5
 -0.00258622  -0.00722529    -0.00269408  -0.00068316    -0.00113425  -0.00193904
 -0.00269408  -0.00068316    -0.00258622  -0.00722529    -0.00113425  -0.00193904
  0.00099462   0.00108770     0.00099462   0.00108770     0.00359367   0.00494829
    7    6
 -0.01092508  -0.00351204    -0.00547511  -0.00129935     0.00547511   0.00129935
 -0.00547511  -0.00129935    -0.01092508  -0.00351204     0.00547511   0.00129935
  0.00547511   0.00129935     0.00547511   0.00129935    -0.01092508  -0.00351204
    7    7
  0.03690890   0.00000000     0.00447233  -0.00000000    -0.00447233   0.00000000
  0.00447233  -0.00000000     0.03690890   0.00000000    -0.00447233   0.00000000
 -0.00447233   0.00000000    -0.00447233   0.00000000     0.03690890   0.00000000
    7    8
 -0.01363949   0.00017753    -0.00073883  -0.00168991     0.00073883   0.00168991
  0.00131094   0.00278431     0.00965418  -0.00513813    -0.00152328   0.00118881
 -0.00131094  -0.00278431    -0.00152328   0.00118881     0.00965418  -0.00513813
    7    9
  0.00359367   0.00494829    -0.00099462  -0.00108770     0.00099462   0.00108770
  0.00113425   0.00193904    -0.00258622  -0.00722529     0.00269408   0.00068316
 -0.00113425  -0.00193904     0.00269408   0.00068316    -0.00258622  -0.00722529
    7   10
  0.00965418  -0.00513813     0.00131094   0.00278431    -0.00152328   0.00118881
 -0.00073883  -0.00168991    -0.01363949   0.00017753     0.00073883   0.00168991
 -0.00152328   0.00118881    -0.00131094  -0.00278431     0.00965418  -0.00513813
    7   11
 -0.00258622  -0.00722529     0.00113425   0.00193904     0.00269408   0.00068316
 -0.00099462  -0.00108770     0.00359367   0.00494829     0.00099462   0.00108770
  0.00269408   0.00068316    -0.00113425  -0.00193904    -0.00258622  -0.00722529
    8    1
 -0.01247541  -0.02802073    -0.01269355  -0.00448494     0.01269355   0.00448494
 -0.01444047  -0.00261309    -0.02439359   0.01287537    -0.01025510  -0.00400970
  0.01444047   0.00261309    -0.01025510  -0.00400970    -0.02439359   0.01287537
    8    2
  0.00038530   0.00301828    -0.00326434   0.00250711     0.00326434  -0.00250711
  0.00068493  -0.00260176    -0.00087429  -0.00097231    -0.00309674  -0.00058809
 -0.00068493   0.00260176    -0.00309674  -0.00058809    -0.00087429  -0.00097231
    8    3
 -0.00374460  -0.00019863     0.00673591  -0.00370801    -0.00673591   0.00370801
  0.00567248   0.00229179    -0.00257680   0.00238214     0.00903253   0.00008107
 -0.00567248  -0.00229179     0.00903253   0.00008107    -0.00257680   0.00238214
    8    4
 -0.00581096   0.00396449    -0.00250413  -0.00134376    -0.00088997   0.00000000
  0.00244521  -0.00043204     0.00686050  -0.00000000     0.00250413  -0.00134376
 -0.00333634   0.00000000    -0.00244521  -0.00043204    -0.00581096  -0.00396449
    8    5
  0.00919083   0.00568422    -0.00060981  -0.00116013    -0.00030006  -0.00126514
 -0.00231510   0.00245848    -0.00724421  -0.01471335     0.00060981   0.00116013
  0.00265636  -0.00123034     0.00231510  -0.00245848     0.00919083   0.00568422
    8    6
  0.00359367   0.00494829     0.00113425   0.00193904    -0.00113425  -0.00193904
 -0.00099462  -0.00108770    -0.00258622  -0.00722529     0.00269408   0.00068316
  0.00099462   0.00108770     0.00269408   0.00068316    -0.00258622  -0.00722529
    8    7
 -0.01363949  -0.00017753     0.00131094  -0.00278431    -0.00131094   0.00278431
 -0.00073883   0.00168991     0.00965418   0.00513813    -0.00152328  -0.00118881
  0.00073883  -0.00168991    -0.00152328  -0.00118881     0.00965418   0.00513813
    8    8
  0.02962060  -0.00000000     0.00067761   0.00152169    -0.00067761  -0.00152169
  0.00067761  -0.00152169     0.03415729   0.00000000    -0.00086339  -0.00000000
 -0.00067761   0.00152169    -0.00086339  -0.00000000     0.03415729   0.00000000
    8    9
 -0.00371775  -0.00037671     0.00202772   0.00234359    -0.00202772  -0.00234359
  0.00202772   0.00234359    -0.00221147  -0.00591206     0.00243168   0.00154943
 -0.00202772  -0.00234359     0.00243168   0.00154943    -0.00221147  -0.00591206
    8   10
 -0.00581096   0.00396449     0.00088997  -0.00000000     0.00250413   0.00134376
  0.00333634  -0.00000000    -0.00581096  -0.00396449    -0.00244521  -0.00043204
 -0.00244521   0.00043204     0.00250413  -0.00134376     0.00686050  -0.00000000
    8   11
  0.00919083   0.00568422     0.00030006   0.00126514     0.00060981   0.00116013
 -0.00265636   0.00123034     0.00919083   0.00568422     0.00231510  -0.00245848
  0.00231510  -0.00245848     0.00060981   0.00116013    -0.00724421  -0.01471335
    9    1
 -0.01247541   0.02802073    -0.01269355   0.00448494     0.01269355  -0.00448494
 -0.01444047   0.00261309    -0.02439359  -0.01287537    -0.01025510   0.00400970
  0.01444047  -0.00261309    -0.01025510   0.00400970    -0.02439359  -0.01287537
    9    2
 -0.00374460   0.00019863     0.00673591   0.00370801    -0.00673591  -0.00370801
  0.00567248  -0.00229179    -0.00257680  -0.00238214     0.00903253  -0.00008107
 -0.00567248   0.00229179     0.00903253  -0.00008107    -0.00257680  -0.00238214
    9    3
  0.00038530  -0.00301828    -0.00326434  -0.00250711     0.00326434   0.00250711
  0.00068493   0.00260176    -0.00087429   0.00097231    -0.00309674   0.00058809
 -0.00068493  -0.00260176    -0.00309674   0.00058809    -0.00087429   0.00097231
    9    4
  0.00919083  -0.00568422    -0.00060981   0.00116013    -0.00030006   0.00126514
 -0.00231510  -0.00245848    -0.00724421   0.01471335     0.00060981  -0.00116013
  0.00265636   0.00123034     0.00231510   0.00245848     0.00919083  -0.00568422
    9    5
 -0.00581096  -0.00396449    -0.00250413   0.00134376    -0.00088997  -0.00000000
  0.00244521   0.00043204     0.00686050  -0.00000000     0.00250413   0.00134376
 -0.00333634  -0.00000000    -0.00244521   0.00043204    -0.00581096   0.00396449
    9    6
 -0.01363949   0.00017753     0.00131094   0.00278431    -0.00131094  -0.00278431
 -0.00073883  -0.00168991     0.00965418  -0.00513813    -0.00152328   0.00118881
  0.00073883   0.00168991    -0.00152328   0.00118881     0.00965418  -0.00513813
    9    7
  0.00359367  -0.00494829     0.00113425  -0.00193904    -0.00113425   0.00193904
 -0.00099462   0.00108770    -0.00258622   0.00722529     0.00269408  -0.00068316
  0.00099462  -0.00108770     0.00269408  -0.00068316    -0.00258622   0.00722529
    9    8
 -0.00371775   0.00037671     0.00202772  -0.00234359    -0.00202772   0.00234359
  0.00202772  -0.00234359    -0.00221147   0.00591206     0.00243168  -0.00154943
 -0.00202772   0.00234359     0.00243168  -0.00154943    -0.00221147   0.00591206
    9    9
  0.02962060   0.00000000     0.00067761  -0.00152169    -0.00067761   0.00152169
  0.00067761   0.00152169     0.03415729  -0.00000000    -0.00086339   0.00000000
 -0.00067761  -0.00152169    -0.00086339   0.00000000     0.03415729  -0.00000000
    9   10
  0.00919083  -0.00568422     0.00030006  -0.00126514     0.00060981  -0.00116013
 -0.00265636  -0.00123034     0.00919083  -0.00568422     0.00231510   0.00245848
  0.00231510   0.00245848     0.00060981  -0.00116013    -0.00724421   0.01471335
    9   11
 -0.00581096  -0.00396449     0.00088997   0.00000000     0.00250413  -0.00134376
  0.00333634   0.00000000    -0.00581096   0.00396449    -0.00244521   0.00043204
 -0.00244521  -0.00043204     0.00250413   0.00134376     0.00686050   0.00000000
   10    1
 -0.02439359   0.01287537    -0.01444047  -0.00261309    -0.01025510  -0.00400970
 -0.01269355  -0.00448494    -0.01247541  -0.02802073     0.01269355   0.00448494
 -0.01025510  -0.00400970     0.01444047   0.00261309    -0.02439359   0.01287537
   10    2
 -0.00087429  -0.00097231     0.00068493  -0.00260176    -0.00309674  -0.00058809
 -0.00326434   0.00250711     0.00038530   0.00301828     0.00326434  -0.00250711
 -0.00309674  -0.00058809    -0.00068493   0.00260176    -0.00087429  -0.00097231
   10    3
 -0.00257680   0.00238214     0.00567248   0.00229179     0.00903253   0.00008107
  0.00673591  -0.00370801    -0.00374460  -0.00019863    -0.00673591   0.00370801
  0.00903253   0.00008107    -0.00567248  -0.00229179    -0.00257680   0.00238214
   10    4
  0.00686050   0.00000000     0.00244521  -0.00043204     0.00250413  -0.00134376
 -0.00250413  -0.00134376    -0.00581096   0.00396449    -0.00088997   0.00000000
 -0.00244521  -0.00043204    -0.00333634   0.00000000    -0.00581096  -0.00396449
   10    5
 -0.00724421  -0.01471335    -0.00231510   0.00245848     0.00060981   0.00116013
 -0.00060981  -0.00116013     0.00919083   0.00568422    -0.00030006  -0.00126514
  0.00231510  -0.00245848     0.00265636  -0.00123034     0.00919083   0.00568422
   10    6
 -0.00258622  -0.00722529    -0.00099462  -0.00108770     0.00269408   0.00068316
  0.00113425   0.00193904     0.00359367   0.00494829    -0.00113425  -0.00193904
  0.00269408   0.00068316     0.00099462   0.00108770    -0.00258622  -0.00722529
   10    7
  0.00965418   0.00513813    -0.00073883   0.00168991    -0.00152328  -0.00118881
  0.00131094  -0.00278431    -0.01363949  -0.00017753    -0.00131094   0.00278431
 -0.00152328  -0.00118881     0.00073883  -0.00168991     0.00965418   0.00513813
   10    8
 -0.00581096  -0.00396449     0.00333634  -0.00000000    -0.00244521  -0.00043204
  0.00088997  -0.00000000    -0.00581096   0.00396449     0.00250413   0.00134376
  0.00250413  -0.00134376    -0.00244521   0.00043204     0.00686050   0.00000000
   10    9
  0.00919083   0.00568422    -0.00265636   0.00123034     0.00231510  -0.00245848
  0.00030006   0.00126514     0.00919083   0.00568422     0.00060981   0.00116013
  0.00060981   0.00116013     0.00231510  -0.00245848    -0.00724421  -0.01471335
   10   10
  0.03415729   0.00000000     0.00067761  -0.00152169    -0.00086339  -0.00000000
  0.00067761   0.00152169     0.02962060  -0.00000000    -0.00067761  -0.00152169
 -0.00086339  -0.00000000    -0.00067761   0.00152169     0.03415729   0.00000000
   10   11
 -0.00221147  -0.00591206     0.00202772   0.00234359     0.00243168   0.00154943
  0.00202772   0.00234359    -0.00371775  -0.00037671    -0.00202772  -0.00234359
  0.00243168   0.00154943    -0.00202772  -0.00234359    -0.00221147  -0.00591206
   11    1
 -0.02439359  -0.01287537    -0.01444047   0.00261309    -0.01025510   0.00400970
 -0.01269355   0.00448494    -0.01247541   0.02802073     0.01269355  -0.00448494
 -0.01025510   0.00400970     0.01444047  -0.00261309    -0.02439359  -0.01287537
   11    2
 -0.00257680  -0.00238214     0.00567248  -0.00229179     0.00903253  -0.00008107
  0.00673591   0.00370801    -0.00374460   0.00019863    -0.00673591  -0.00370801
  0.00903253  -0.00008107    -0.00567248   0.00229179    -0.00257680  -0.00238214
   11    3
 -0.00087429   0.00097231     0.00068493   0.00260176    -0.00309674   0.00058809
 -0.00326434  -0.00250711     0.00038530  -0.00301828     0.00326434   0.00250711
 -0.00309674   0.00058809    -0.00068493  -0.00260176    -0.00087429   0.00097231
   11    4
 -0.00724421   0.01471335    -0.00231510  -0.00245848     0.00060981  -0.00116013
 -0.00060981   0.00116013     0.00919083  -0.00568422    -0.00030006   0.00126514
  0.00231510   0.00245848     0.00265636   0.00123034     0.00919083  -0.00568422
   11    5
  0.00686050   0.00000000     0.00244521   0.00043204     0.00250413   0.00134376
 -0.00250413   0.00134376    -0.00581096  -0.00396449    -0.00088997   0.00000000
 -0.00244521   0.00043204    -0.00333634  -0.00000000    -0.00581096   0.00396449
   11    6
  0.00965418  -0.00513813    -0.00073883  -0.00168991    -0.00152328   0.00118881
  0.00131094   0.00278431    -0.01363949   0.00017753    -0.00131094  -0.00278431
 -0.00152328   0.00118881     0.00073883   0.00168991     0.00965418  -0.00513813
   11    7
 -0.00258622   0.00722529    -0.00099462   0.00108770     0.00269408  -0.00068316
  0.00113425  -0.00193904     0.00359367  -0.00494829    -0.00113425   0.00193904
  0.00269408  -0.00068316     0.00099462  -0.00108770    -0.00258622   0.00722529
   11    8
  0.00919083  -0.00568422    -0.00265636  -0.00123034     0.00231510   0.00245848
  0.00030006  -0.00126514     0.00919083  -0.00568422     0.00060981  -0.00116013
  0.00060981  -0.00116013     0.00231510   0.00245848    -0.00724421   0.01471335
   11    9
 -0.00581096   0.00396449     0.00333634   0.00000000    -0.00244521   0.00043204
  0.00088997   0.00000000    -0.00581096  -0.00396449     0.00250413  -0.00134376
  0.00250413   0.00134376    -0.00244521  -0.00043204     0.00686050   0.00000000
   11   10
 -0.00221147   0.00591206     0.00202772  -0.00234359     0.00243168  -0.00154943
  0.00202772  -0.00234359    -0.00371775   0.00037671    -0.00202772   0.00234359
  0.00243168  -0.00154943    -0.00202772   0.00234359    -0.00221147   0.00591206
   11   11
  0.03415729  -0.00000000     0.00067761   0.00152169    -0.00086339   0.00000000
  0.00067761  -0.00152169     0.02962060   0.00000000    -0.00067761   0.00152169
 -0.00086339   0.00000000    -0.00067761  -0.00152169     0.03415729  -0.00000000

     Dynamical  Matrix in cartesian axes

     q = (    0.117851130  -0.117851130  -0.117851130 ) 

    1    1
  0.22962107   0.00000000    -0.03931128   0.00000000    -0.03931128   0.00000000
 -0.03931128   0.00000000     0.22962107   0.00000000     0.03931128   0.00000000
 -0.03931128   0.00000000     0.03931128   0.00000000     0.22962107   0.00000000
    1    2
  0.00099615   0.00752689    -0.01488079  -0.01120773    -0.01488079  -0.01120773
 -0.01488079  -0.01120773     0.00099615   0.00752689     0.01488079   0.01120773
 -0.01488079  -0.01120773     0.01488079   0.01120773     0.00099615   0.00752689
    1    3
  0.00099615  -0.00752689    -0.01488079   0.01120773    -0.01488079   0.01120773
 -0.01488079   0.01120773     0.00099615  -0.00752689     0.01488079  -0.01120773
 -0.01488079   0.01120773     0.01488079  -0.01120773     0.00099615  -0.00752689
    1    4
 -0.01247541  -0.02802073     0.01444047   0.00261309     0.01444047   0.00261309
  0.01269355   0.00448494    -0.02439359   0.01287537     0.01025510   0.00400970
  0.01269355   0.00448494     0.01025510   0.00400970    -0.02439359   0.01287537
    1    5
 -0.01247541   0.02802073     0.01444047  -0.00261309     0.01444047  -0.00261309
  0.01269355  -0.00448494    -0.02439359  -0.01287537     0.01025510  -0.00400970
  0.01269355  -0.00448494     0.01025510  -0.00400970    -0.02439359  -0.01287537
    1    6
 -0.02439359   0.01287537     0.01269355   0.00448494    -0.01025510  -0.00400970
  0.01444047   0.00261309    -0.01247541  -0.02802073    -0.01444047  -0.00261309
 -0.01025510  -0.00400970    -0.01269355  -0.00448494    -0.02439359   0.01287537
    1    7
 -0.02439359  -0.01287537     0.01269355  -0.00448494    -0.01025510   0.00400970
  0.01444047  -0.00261309    -0.01247541   0.02802073    -0.01444047   0.00261309
 -0.01025510   0.00400970    -0.01269355   0.00448494    -0.02439359  -0.01287537
    1    8
 -0.02439359   0.01287537    -0.01025510  -0.00400970     0.01269355   0.00448494
 -0.01025510  -0.00400970    -0.02439359   0.01287537    -0.01269355  -0.00448494
  0.01444047   0.00261309    -0.01444047  -0.00261309    -0.01247541  -0.02802073
    1    9
 -0.02439359  -0.01287537    -0.01025510   0.00400970     0.01269355  -0.00448494
 -0.01025510   0.00400970    -0.02439359  -0.01287537    -0.01269355   0.00448494
  0.01444047  -0.00261309    -0.01444047   0.00261309    -0.01247541   0.02802073
    1   10
 -0.02509021  -0.01308966    -0.00298848  -0.00764458    -0.00298848  -0.00764458
 -0.00298848  -0.00764458    -0.02509021  -0.01308966     0.00298848   0.00764458
 -0.00298848  -0.00764458     0.00298848   0.00764458    -0.02509021  -0.01308966
    1   11
 -0.02509021   0.01308966    -0.00298848   0.00764458    -0.00298848   0.00764458
 -0.00298848   0.00764458    -0.02509021   0.01308966     0.00298848  -0.00764458
 -0.00298848   0.00764458     0.00298848  -0.00764458    -0.02509021   0.01308966
    2    1
  0.00099615  -0.00752689    -0.01488079   0.01120773    -0.01488079   0.01120773
 -0.01488079   0.01120773     0.00099615  -0.00752689     0.01488079  -0.01120773
 -0.01488079   0.01120773     0.01488079  -0.01120773     0.00099615  -0.00752689
    2    2
  0.03803485   0.00000000    -0.00974932   0.00000000    -0.00974932   0.00000000
 -0.00974932   0.00000000     0.03803485   0.00000000     0.00974932  -0.00000000
 -0.00974932   0.00000000     0.00974932  -0.00000000     0.03803485   0.00000000
    2    3
 -0.01318575  -0.00719210     0.00160050   0.00056265     0.00160050   0.00056265
  0.00160050   0.00056265    -0.01318575  -0.00719210    -0.00160050  -0.00056265
  0.00160050   0.00056265    -0.00160050  -0.00056265    -0.01318575  -0.00719210
    2    4
  0.00038530   0.00301828    -0.00068493   0.00260176    -0.00068493   0.00260176
  0.00326434  -0.00250711    -0.00087429  -0.00097231     0.00309674   0.00058809
  0.00326434  -0.00250711     0.00309674   0.00058809    -0.00087429  -0.00097231
    2    5
 -0.00374460   0.00019863    -0.00567248   0.00229179    -0.00567248   0.00229179
 -0.00673591  -0.00370801    -0.00257680  -0.00238214    -0.00903253   0.00008107
 -0.00673591  -0.00370801    -0.00903253   0.00008107    -0.00257680  -0.00238214
    2    6
 -0.00087429  -0.00097231     0.00326434  -0.00250711    -0.00309674  -0.00058809
 -0.00068493   0.00260176     0.00038530   0.00301828     0.00068493  -0.00260176
 -0.00309674  -0.00058809    -0.00326434   0.00250711    -0.00087429  -0.00097231
    2    7
 -0.00257680  -0.00238214    -0.00673591  -0.00370801     0.00903253  -0.00008107
 -0.00567248   0.00229179    -0.00374460   0.00019863     0.00567248  -0.00229179
  0.00903253  -0.00008107     0.00673591   0.00370801    -0.00257680  -0.00238214
    2    8
 -0.00087429  -0.00097231    -0.00309674  -0.00058809     0.00326434  -0.00250711
 -0.00309674  -0.00058809    -0.00087429  -0.00097231    -0.00326434   0.00250711
 -0.00068493   0.00260176     0.00068493  -0.00260176     0.00038530   0.00301828
    2    9
 -0.00257680  -0.00238214     0.00903253  -0.00008107    -0.00673591  -0.00370801
  0.00903253  -0.00008107    -0.00257680  -0.00238214     0.00673591   0.00370801
 -0.00567248   0.00229179     0.00567248  -0.00229179    -0.00374460   0.00019863
    2   10
  0.00356621   0.00046289    -0.00454215  -0.00125299    -0.00454215  -0.00125299
 -0.00454215  -0.00125299     0.00356621   0.00046289     0.00454215   0.00125299
 -0.00454215  -0.00125299     0.00454215   0.00125299     0.00356621   0.00046289
    2   11
 -0.01012952  -0.00178540     0.01405055   0.00203690     0.01405055   0.00203690
  0.01405055   0.00203690    -0.01012952  -0.00178540    -0.01405055  -0.00203690
  0.01405055   0.00203690    -0.01405055  -0.00203690    -0.01012952  -0.00178540
    3    1
  0.00099615   0.00752689    -0.01488079  -0.01120773    -0.01488079  -0.01120773
 -0.01488079  -0.01120773     0.00099615   0.00752689     0.01488079   0.01120773
 -0.01488079  -0.01120773     0.01488079   0.01120773     0.00099615   0.00752689
    3    2
 -0.01318575   0.00719210     0.00160050  -0.00056265     0.00160050  -0.00056265
  0.00160050  -0.00056265    -0.01318575   0.00719210    -0.00160050   0.00056265
  0.00160050  -0.00056265    -0.00160050   0.00056265    -0.01318575   0.00719210
    3    3
  0.03803485  -0.00000000    -0.00974932  -0.00000000    -0.00974932  -0.00000000
 -0.00974932  -0.00000000     0.03803485  -0.00000000     0.00974932   0.00000000
 -0.00974932  -0.00000000     0.00974932   0.00000000     0.03803485  -0.00000000
    3    4
 -0.00374460  -0.00019863    -0.00567248  -0.00229179    -0.00567248  -0.00229179
 -0.00673591   0.00370801    -0.00257680   0.00238214    -0.00903253  -0.00008107
 -0.00673591   0.00370801    -0.00903253  -0.00008107    -0.00257680   0.00238214
    3    5
  0.00038530  -0.00301828    -0.00068493  -0.00260176    -0.00068493  -0.00260176
  0.00326434   0.00250711    -0.00087429   0.00097231     0.00309674  -0.00058809
  0.00326434   0.00250711     0.00309674  -0.00058809    -0.00087429   0.00097231
    3    6
 -0.00257680   0.00238214    -0.00673591   0.00370801     0.00903253   0.00008107
 -0.00567248  -0.00229179    -0.00374460  -0.00019863     0.00567248   0.00229179
  0.00903253   0.00008107     0.00673591  -0.00370801    -0.00257680   0.00238214
    3    7
 -0.00087429   0.00097231     0.00326434   0.00250711    -0.00309674   0.00058809
 -0.00068493  -0.00260176     0.00038530  -0.00301828     0.00068493   0.00260176
 -0.00309674   0.00058809    -0.00326434  -0.00250711    -0.00087429   0.00097231
    3    8
 -0.00257680   0.00238214     0.00903253   0.00008107    -0.00673591   0.00370801
  0.00903253   0.00008107    -0.00257680   0.00238214     0.00673591  -0.00370801
 -0.00567248  -0.00229179     0.00567248   0.00229179    -0.00374460  -0.00019863
    3    9
 -0.00087429   0.00097231    -0.00309674   0.00058809     0.00326434   0.00250711
 -0.00309674   0.00058809    -0.00087429   0.00097231    -0.00326434  -0.00250711
 -0.00068493  -0.00260176     0.00068493   0.00260176     0.00038530  -0.00301828
    3   10
 -0.01012952   0.00178540     0.01405055  -0.00203690     0.01405055  -0.00203690
  0.01405055  -0.00203690    -0.01012952   0.00178540    -0.01405055   0.00203690
  0.01405055  -0.00203690    -0.01405055   0.00203690    -0.01012952   0.00178540
    3   11
  0.00356621  -0.00046289    -0.00454215   0.00125299    -0.00454215   0.00125299
 -0.00454215   0.00125299     0.00356621  -0.00046289     0.00454215  -0.00125299
 -0.00454215   0.00125299     0.00454215  -0.00125299     0.00356621  -0.00046289
    4    1
 -0.01247541   0.02802073     0.01269355  -0.00448494     0.01269355  -0.00448494
