  4.000000000000000E-002   1.62541921959059        5.08886714123503     
           6

     Dynamical  Matrix in cartesian axes

     q = (    0.471404521   0.000000000   0.000000000 ) 

    1    1
  0.26281715   0.00000000     0.00000000   0.00000000     0.00000000   0.00000000
 -0.00000000   0.00000000     0.11542917   0.00000000     0.00000000   0.00000000
 -0.00000000   0.00000000     0.00000000   0.00000000     0.11542917   0.00000000
    1    2
  0.01225817   0.02123177     0.00000000  -0.00000000     0.00000000   0.00000000
  0.00000000   0.00000000    -0.01250190  -0.02165393    -0.02719583   0.01570152
  0.00000000  -0.00000000    -0.02719583   0.01570152    -0.01250190  -0.02165393
    1    3
  0.01225817  -0.02123177     0.00000000   0.00000000     0.00000000  -0.00000000
  0.00000000  -0.00000000    -0.01250190   0.02165393    -0.02719583  -0.01570152
  0.00000000   0.00000000    -0.02719583  -0.01570152    -0.01250190   0.02165393
    1    4
 -0.00584373  -0.00564912     0.01288443   0.00919856     0.01288443   0.00919856
  0.01198964  -0.00815397     0.00719278   0.00284314     0.00776322  -0.00323013
  0.01198964  -0.00815397     0.00776322  -0.00323013     0.00719278   0.00284314
    1    5
 -0.00584373   0.00564912     0.01288443  -0.00919856     0.01288443  -0.00919856
  0.01198964   0.00815397     0.00719278  -0.00284314     0.00776322   0.00323013
  0.01198964   0.00815397     0.00776322   0.00323013     0.00719278  -0.00284314
    1    6
  0.00781414   0.00223626    -0.01440840  -0.00655896     0.01440840   0.00655896
  0.00106672  -0.01446031    -0.00605863  -0.00480756     0.00108424   0.00833821
 -0.00106672   0.01446031     0.00108424   0.00833821    -0.00605863  -0.00480756
    1    7
  0.00781414  -0.00223626    -0.01440840   0.00655896     0.01440840  -0.00655896
  0.00106672   0.01446031    -0.00605863   0.00480756     0.00108424  -0.00833821
 -0.00106672  -0.01446031     0.00108424  -0.00833821    -0.00605863   0.00480756
    1    8
  0.00781414   0.00223626     0.01440840   0.00655896    -0.01440840  -0.00655896
 -0.00106672   0.01446031    -0.00605863  -0.00480756     0.00108424   0.00833821
  0.00106672  -0.01446031     0.00108424   0.00833821    -0.00605863  -0.00480756
    1    9
  0.00781414  -0.00223626     0.01440840  -0.00655896    -0.01440840   0.00655896
 -0.00106672  -0.01446031    -0.00605863   0.00480756     0.00108424  -0.00833821
  0.00106672   0.01446031     0.00108424  -0.00833821    -0.00605863   0.00480756
    1   10
 -0.00584373  -0.00564912    -0.01288443  -0.00919856    -0.01288443  -0.00919856
 -0.01198964   0.00815397     0.00719278   0.00284314     0.00776322  -0.00323013
 -0.01198964   0.00815397     0.00776322  -0.00323013     0.00719278   0.00284314
    1   11
 -0.00584373   0.00564912    -0.01288443   0.00919856    -0.01288443   0.00919856
 -0.01198964  -0.00815397     0.00719278  -0.00284314     0.00776322   0.00323013
 -0.01198964  -0.00815397     0.00776322   0.00323013     0.00719278  -0.00284314
    2    1
  0.01225817  -0.02123177    -0.00000000  -0.00000000    -0.00000000  -0.00000000
 -0.00000000  -0.00000000    -0.01250190   0.02165393    -0.02719583  -0.01570152
  0.00000000   0.00000000    -0.02719583  -0.01570152    -0.01250190   0.02165393
    2    2
  0.07063462   0.00000000     0.00000000   0.00000000    -0.00000000   0.00000000
  0.00000000  -0.00000000     0.03904998  -0.00000000    -0.00000000  -0.00000000
 -0.00000000  -0.00000000    -0.00000000  -0.00000000     0.03904998  -0.00000000
    2    3
  0.00086233   0.00149360    -0.00000000   0.00000000     0.00000000   0.00000000
  0.00000000   0.00000000    -0.00136269  -0.00236025     0.01377100  -0.00795069
 -0.00000000   0.00000000     0.01377100  -0.00795069    -0.00136269  -0.00236025
    2    4
 -0.00783255  -0.01153881     0.00194712   0.00059677     0.00194712   0.00059677
 -0.00395789   0.00353165    -0.00315939   0.00459071    -0.00091507   0.00655925
 -0.00395789   0.00353165    -0.00091507   0.00655925    -0.00315939   0.00459071
    2    5
 -0.00082272  -0.00268899    -0.01478703   0.00092742    -0.01478703   0.00092742
 -0.00974167  -0.00191484    -0.01010240   0.00057978    -0.01247130  -0.00270651
 -0.00974167  -0.00191484    -0.01247130  -0.00270651    -0.01010240   0.00057978
    2    6
 -0.00607663  -0.01255260    -0.00045674   0.00198464     0.00045674  -0.00198464
  0.00503744  -0.00166181     0.00555537  -0.00044076    -0.00613801  -0.00248715
 -0.00503744   0.00166181    -0.00613801  -0.00248715     0.00555537  -0.00044076
    2    7
 -0.00082272   0.00268899    -0.01478703  -0.00092742     0.01478703   0.00092742
 -0.00974167   0.00191484    -0.01010240  -0.00057978     0.01247130  -0.00270651
  0.00974167  -0.00191484     0.01247130  -0.00270651    -0.01010240  -0.00057978
    2    8
 -0.00607663  -0.01255260     0.00045674  -0.00198464    -0.00045674   0.00198464
 -0.00503744   0.00166181     0.00555537  -0.00044076    -0.00613801  -0.00248715
  0.00503744  -0.00166181    -0.00613801  -0.00248715     0.00555537  -0.00044076
    2    9
 -0.00082272   0.00268899     0.01478703   0.00092742    -0.01478703  -0.00092742
  0.00974167  -0.00191484    -0.01010240  -0.00057978     0.01247130  -0.00270651
 -0.00974167   0.00191484     0.01247130  -0.00270651    -0.01010240  -0.00057978
    2   10
 -0.00783255  -0.01153881    -0.00194712  -0.00059677    -0.00194712  -0.00059677
  0.00395789  -0.00353165    -0.00315939   0.00459071    -0.00091507   0.00655925
  0.00395789  -0.00353165    -0.00091507   0.00655925    -0.00315939   0.00459071
    2   11
 -0.00082272  -0.00268899     0.01478703  -0.00092742     0.01478703  -0.00092742
  0.00974167   0.00191484    -0.01010240   0.00057978    -0.01247130  -0.00270651
  0.00974167   0.00191484    -0.01247130  -0.00270651    -0.01010240   0.00057978
    3    1
  0.01225817   0.02123177    -0.00000000   0.00000000    -0.00000000   0.00000000
 -0.00000000   0.00000000    -0.01250190  -0.02165393    -0.02719583   0.01570152
  0.00000000  -0.00000000    -0.02719583   0.01570152    -0.01250190  -0.02165393
    3    2
  0.00086233  -0.00149360    -0.00000000  -0.00000000     0.00000000  -0.00000000
  0.00000000  -0.00000000    -0.00136269   0.00236025     0.01377100   0.00795069
 -0.00000000  -0.00000000     0.01377100   0.00795069    -0.00136269   0.00236025
    3    3
  0.07063462  -0.00000000     0.00000000  -0.00000000    -0.00000000  -0.00000000
  0.00000000   0.00000000     0.03904998   0.00000000    -0.00000000   0.00000000
 -0.00000000   0.00000000    -0.00000000   0.00000000     0.03904998   0.00000000
    3    4
 -0.00082272   0.00268899    -0.01478703  -0.00092742    -0.01478703  -0.00092742
 -0.00974167   0.00191484    -0.01010240  -0.00057978    -0.01247130   0.00270651
 -0.00974167   0.00191484    -0.01247130   0.00270651    -0.01010240  -0.00057978
    3    5
 -0.00783255   0.01153881     0.00194712  -0.00059677     0.00194712  -0.00059677
 -0.00395789  -0.00353165    -0.00315939  -0.00459071    -0.00091507  -0.00655925
 -0.00395789  -0.00353165    -0.00091507  -0.00655925    -0.00315939  -0.00459071
    3    6
 -0.00082272  -0.00268899    -0.01478703   0.00092742     0.01478703  -0.00092742
 -0.00974167  -0.00191484    -0.01010240   0.00057978     0.01247130   0.00270651
  0.00974167   0.00191484     0.01247130   0.00270651    -0.01010240   0.00057978
    3    7
 -0.00607663   0.01255260    -0.00045674  -0.00198464     0.00045674   0.00198464
  0.00503744   0.00166181     0.00555537   0.00044076    -0.00613801   0.00248715
 -0.00503744  -0.00166181    -0.00613801   0.00248715     0.00555537   0.00044076
    3    8
 -0.00082272  -0.00268899     0.01478703  -0.00092742    -0.01478703   0.00092742
  0.00974167   0.00191484    -0.01010240   0.00057978     0.01247130   0.00270651
 -0.00974167  -0.00191484     0.01247130   0.00270651    -0.01010240   0.00057978
    3    9
 -0.00607663   0.01255260     0.00045674   0.00198464    -0.00045674  -0.00198464
 -0.00503744  -0.00166181     0.00555537   0.00044076    -0.00613801   0.00248715
  0.00503744   0.00166181    -0.00613801   0.00248715     0.00555537   0.00044076
    3   10
 -0.00082272   0.00268899     0.01478703   0.00092742     0.01478703   0.00092742
  0.00974167  -0.00191484    -0.01010240  -0.00057978    -0.01247130   0.00270651
  0.00974167  -0.00191484    -0.01247130   0.00270651    -0.01010240  -0.00057978
    3   11
 -0.00783255   0.01153881    -0.00194712   0.00059677    -0.00194712   0.00059677
  0.00395789   0.00353165    -0.00315939  -0.00459071    -0.00091507  -0.00655925
  0.00395789   0.00353165    -0.00091507  -0.00655925    -0.00315939  -0.00459071
    4    1
 -0.00584373   0.00564912     0.01198964   0.00815397     0.01198964   0.00815397
  0.01288443  -0.00919856     0.00719278  -0.00284314     0.00776322   0.00323013
  0.01288443  -0.00919856     0.00776322   0.00323013     0.00719278  -0.00284314
    4    2
 -0.00783255   0.01153881    -0.00395789  -0.00353165    -0.00395789  -0.00353165
  0.00194712  -0.00059677    -0.00315939  -0.00459071    -0.00091507  -0.00655925
  0.00194712  -0.00059677    -0.00091507  -0.00655925    -0.00315939  -0.00459071
    4    3
 -0.00082272  -0.00268899    -0.00974167  -0.00191484    -0.00974167  -0.00191484
 -0.01478703   0.00092742    -0.01010240   0.00057978    -0.01247130  -0.00270651
 -0.01478703   0.00092742    -0.01247130  -0.00270651    -0.01010240   0.00057978
    4    4
  0.03433834   0.00000000    -0.00142808   0.00010631    -0.00142808   0.00010631
 -0.00142808  -0.00010631     0.03404741   0.00000000     0.00919045  -0.00000000
 -0.00142808  -0.00010631     0.00919045  -0.00000000     0.03404741   0.00000000
    4    5
  0.00613117   0.00138886     0.00149745   0.00189632     0.00149745   0.00189632
  0.00149745   0.00189632     0.00278623   0.00490007    -0.00124352   0.00293179
  0.00149745   0.00189632    -0.00124352   0.00293179     0.00278623   0.00490007
    4    6
  0.00497503  -0.00077848    -0.00073857   0.00068692     0.00104933  -0.00243375
 -0.00073857   0.00068692    -0.00235529  -0.00446903     0.00120207   0.00080208
 -0.00104933   0.00243375    -0.00120207  -0.00080208    -0.00051585   0.00108042
    4    7
 -0.00037233   0.00064489     0.00214073  -0.00481377    -0.00222181   0.00334920
  0.00309848  -0.00426082    -0.00204701   0.00354552    -0.00009053  -0.00167377
  0.00178959  -0.00359874    -0.00149480   0.00075848     0.00688567  -0.01192633
    4    8
  0.00497503  -0.00077848     0.00104933  -0.00243375    -0.00073857   0.00068692
 -0.00104933   0.00243375    -0.00051585   0.00108042    -0.00120207  -0.00080208
 -0.00073857   0.00068692     0.00120207   0.00080208    -0.00235529  -0.00446903
    4    9
 -0.00037233   0.00064489    -0.00222181   0.00334920     0.00214073  -0.00481377
  0.00178959  -0.00359874     0.00688567  -0.01192633    -0.00149480   0.00075848
  0.00309848  -0.00426082    -0.00009053  -0.00167377    -0.00204701   0.00354552
    4   10
  0.00093038   0.00000000     0.00532354   0.00104075     0.00532354   0.00104075
 -0.00532354   0.00104075     0.00102275  -0.00000000     0.00379825   0.00000000
 -0.00532354   0.00104075     0.00379825  -0.00000000     0.00102275   0.00000000
    4   11
  0.00955268   0.00728421     0.00286101   0.00431920     0.00286101   0.00431920
 -0.00286101  -0.00431920    -0.00622815   0.01046026    -0.00090945   0.00629231
 -0.00286101  -0.00431920    -0.00090945   0.00629231    -0.00622815   0.01046026
    5    1
 -0.00584373  -0.00564912     0.01198964  -0.00815397     0.01198964  -0.00815397
  0.01288443   0.00919856     0.00719278   0.00284314     0.00776322  -0.00323013
  0.01288443   0.00919856     0.00776322  -0.00323013     0.00719278   0.00284314
    5    2
 -0.00082272   0.00268899    -0.00974167   0.00191484    -0.00974167   0.00191484
 -0.01478703  -0.00092742    -0.01010240  -0.00057978    -0.01247130   0.00270651
 -0.01478703  -0.00092742    -0.01247130   0.00270651    -0.01010240  -0.00057978
    5    3
 -0.00783255  -0.01153881    -0.00395789   0.00353165    -0.00395789   0.00353165
  0.00194712   0.00059677    -0.00315939   0.00459071    -0.00091507   0.00655925
  0.00194712   0.00059677    -0.00091507   0.00655925    -0.00315939   0.00459071
    5    4
  0.00613117  -0.00138886     0.00149745  -0.00189632     0.00149745  -0.00189632
  0.00149745  -0.00189632     0.00278623  -0.00490007    -0.00124352  -0.00293179
  0.00149745  -0.00189632    -0.00124352  -0.00293179     0.00278623  -0.00490007
    5    5
  0.03433834  -0.00000000    -0.00142808  -0.00010631    -0.00142808  -0.00010631
 -0.00142808   0.00010631     0.03404741  -0.00000000     0.00919045   0.00000000
 -0.00142808   0.00010631     0.00919045   0.00000000     0.03404741  -0.00000000
    5    6
 -0.00037233  -0.00064489     0.00214073   0.00481377    -0.00222181  -0.00334920
  0.00309848   0.00426082    -0.00204701  -0.00354552    -0.00009053   0.00167377
  0.00178959   0.00359874    -0.00149480  -0.00075848     0.00688567   0.01192633
    5    7
  0.00497503   0.00077848    -0.00073857  -0.00068692     0.00104933   0.00243375
 -0.00073857  -0.00068692    -0.00235529   0.00446903     0.00120207  -0.00080208
 -0.00104933  -0.00243375    -0.00120207   0.00080208    -0.00051585  -0.00108042
    5    8
 -0.00037233  -0.00064489    -0.00222181  -0.00334920     0.00214073   0.00481377
  0.00178959   0.00359874     0.00688567   0.01192633    -0.00149480  -0.00075848
  0.00309848   0.00426082    -0.00009053   0.00167377    -0.00204701  -0.00354552
    5    9
  0.00497503   0.00077848     0.00104933   0.00243375    -0.00073857  -0.00068692
 -0.00104933  -0.00243375    -0.00051585  -0.00108042    -0.00120207   0.00080208
 -0.00073857  -0.00068692     0.00120207  -0.00080208    -0.00235529   0.00446903
    5   10
  0.00955268  -0.00728421     0.00286101  -0.00431920     0.00286101  -0.00431920
 -0.00286101   0.00431920    -0.00622815  -0.01046026    -0.00090945  -0.00629231
 -0.00286101   0.00431920    -0.00090945  -0.00629231    -0.00622815  -0.01046026
    5   11
  0.00093038   0.00000000     0.00532354  -0.00104075     0.00532354  -0.00104075
 -0.00532354  -0.00104075     0.00102275   0.00000000     0.00379825   0.00000000
 -0.00532354  -0.00104075     0.00379825   0.00000000     0.00102275   0.00000000
    6    1
  0.00781414  -0.00223626     0.00106672   0.01446031    -0.00106672  -0.01446031
 -0.01440840   0.00655896    -0.00605863   0.00480756     0.00108424  -0.00833821
  0.01440840  -0.00655896     0.00108424  -0.00833821    -0.00605863   0.00480756
    6    2
 -0.00607663   0.01255260     0.00503744   0.00166181    -0.00503744  -0.00166181
 -0.00045674  -0.00198464     0.00555537   0.00044076    -0.00613801   0.00248715
  0.00045674   0.00198464    -0.00613801   0.00248715     0.00555537   0.00044076
    6    3
 -0.00082272   0.00268899    -0.00974167   0.00191484     0.00974167  -0.00191484
 -0.01478703  -0.00092742    -0.01010240  -0.00057978     0.01247130  -0.00270651
  0.01478703   0.00092742     0.01247130  -0.00270651    -0.01010240  -0.00057978
    6    4
  0.00497503   0.00077848    -0.00073857  -0.00068692    -0.00104933  -0.00243375
 -0.00073857  -0.00068692    -0.00235529   0.00446903    -0.00120207   0.00080208
  0.00104933   0.00243375     0.00120207  -0.00080208    -0.00051585  -0.00108042
    6    5
 -0.00037233   0.00064489     0.00309848  -0.00426082     0.00178959  -0.00359874
  0.00214073  -0.00481377    -0.00204701   0.00354552    -0.00149480   0.00075848
 -0.00222181   0.00334920    -0.00009053  -0.00167377     0.00688567  -0.01192633
    6    6
  0.03433834  -0.00000000    -0.00142808  -0.00010631     0.00142808   0.00010631
 -0.00142808   0.00010631     0.03404741  -0.00000000    -0.00919045  -0.00000000
  0.00142808  -0.00010631    -0.00919045  -0.00000000     0.03404741  -0.00000000
    6    7
 -0.00426837  -0.00461532    -0.00239098  -0.00034867     0.00239098   0.00034867
 -0.00239098  -0.00034867    -0.00563671   0.00003709     0.00191725  -0.00254282
  0.00239098   0.00034867     0.00191725  -0.00254282    -0.00563671   0.00003709
    6    8
  0.00093038  -0.00000000     0.00532354  -0.00104075    -0.00532354   0.00104075
 -0.00532354  -0.00104075     0.00102275   0.00000000    -0.00379825  -0.00000000
  0.00532354   0.00104075    -0.00379825  -0.00000000     0.00102275   0.00000000
    6    9
 -0.01108465  -0.00463076    -0.00517104  -0.00031810     0.00517104   0.00031810
  0.00517104   0.00031810    -0.00594478   0.01062387     0.00499458  -0.00393376
 -0.00517104  -0.00031810     0.00499458  -0.00393376    -0.00594478   0.01062387
    6   10
  0.00497503   0.00077848     0.00104933   0.00243375     0.00073857   0.00068692
 -0.00104933  -0.00243375    -0.00051585  -0.00108042     0.00120207  -0.00080208
  0.00073857   0.00068692    -0.00120207   0.00080208    -0.00235529   0.00446903
    6   11
 -0.00037233   0.00064489    -0.00178959   0.00359874    -0.00309848   0.00426082
  0.00222181  -0.00334920     0.00688567  -0.01192633    -0.00009053  -0.00167377
 -0.00214073   0.00481377    -0.00149480   0.00075848    -0.00204701   0.00354552
    7    1
  0.00781414   0.00223626     0.00106672  -0.01446031    -0.00106672   0.01446031
 -0.01440840  -0.00655896    -0.00605863  -0.00480756     0.00108424   0.00833821
  0.01440840   0.00655896     0.00108424   0.00833821    -0.00605863  -0.00480756
    7    2
 -0.00082272  -0.00268899    -0.00974167  -0.00191484     0.00974167   0.00191484
 -0.01478703   0.00092742    -0.01010240   0.00057978     0.01247130   0.00270651
  0.01478703  -0.00092742     0.01247130   0.00270651    -0.01010240   0.00057978
    7    3
 -0.00607663  -0.01255260     0.00503744  -0.00166181    -0.00503744   0.00166181
 -0.00045674   0.00198464     0.00555537  -0.00044076    -0.00613801  -0.00248715
  0.00045674  -0.00198464    -0.00613801  -0.00248715     0.00555537  -0.00044076
    7    4
 -0.00037233  -0.00064489     0.00309848   0.00426082     0.00178959   0.00359874
  0.00214073   0.00481377    -0.00204701  -0.00354552    -0.00149480  -0.00075848
 -0.00222181  -0.00334920    -0.00009053   0.00167377     0.00688567   0.01192633
    7    5
  0.00497503  -0.00077848    -0.00073857   0.00068692    -0.00104933   0.00243375
 -0.00073857   0.00068692    -0.00235529  -0.00446903    -0.00120207  -0.00080208
  0.00104933  -0.00243375     0.00120207   0.00080208    -0.00051585   0.00108042
    7    6
 -0.00426837   0.00461532    -0.00239098   0.00034867     0.00239098  -0.00034867
 -0.00239098   0.00034867    -0.00563671  -0.00003709     0.00191725   0.00254282
  0.00239098  -0.00034867     0.00191725   0.00254282    -0.00563671  -0.00003709
    7    7
  0.03433834   0.00000000    -0.00142808   0.00010631     0.00142808  -0.00010631
 -0.00142808  -0.00010631     0.03404741   0.00000000    -0.00919045   0.00000000
  0.00142808   0.00010631    -0.00919045   0.00000000     0.03404741   0.00000000
    7    8
 -0.01108465   0.00463076    -0.00517104   0.00031810     0.00517104  -0.00031810
  0.00517104  -0.00031810    -0.00594478  -0.01062387     0.00499458   0.00393376
 -0.00517104   0.00031810     0.00499458   0.00393376    -0.00594478  -0.01062387
    7    9
  0.00093038   0.00000000     0.00532354   0.00104075    -0.00532354  -0.00104075
 -0.00532354   0.00104075     0.00102275  -0.00000000    -0.00379825   0.00000000
  0.00532354  -0.00104075    -0.00379825   0.00000000     0.00102275   0.00000000
    7   10
 -0.00037233  -0.00064489    -0.00178959  -0.00359874    -0.00309848  -0.00426082
  0.00222181   0.00334920     0.00688567   0.01192633    -0.00009053   0.00167377
 -0.00214073  -0.00481377    -0.00149480  -0.00075848    -0.00204701  -0.00354552
    7   11
  0.00497503  -0.00077848     0.00104933  -0.00243375     0.00073857  -0.00068692
 -0.00104933   0.00243375    -0.00051585   0.00108042     0.00120207   0.00080208
  0.00073857  -0.00068692    -0.00120207  -0.00080208    -0.00235529  -0.00446903
    8    1
  0.00781414  -0.00223626    -0.00106672  -0.01446031     0.00106672   0.01446031
  0.01440840  -0.00655896    -0.00605863   0.00480756     0.00108424  -0.00833821
 -0.01440840   0.00655896     0.00108424  -0.00833821    -0.00605863   0.00480756
    8    2
 -0.00607663   0.01255260    -0.00503744  -0.00166181     0.00503744   0.00166181
  0.00045674   0.00198464     0.00555537   0.00044076    -0.00613801   0.00248715
 -0.00045674  -0.00198464    -0.00613801   0.00248715     0.00555537   0.00044076
    8    3
 -0.00082272   0.00268899     0.00974167  -0.00191484    -0.00974167   0.00191484
  0.01478703   0.00092742    -0.01010240  -0.00057978     0.01247130  -0.00270651
 -0.01478703  -0.00092742     0.01247130  -0.00270651    -0.01010240  -0.00057978
    8    4
  0.00497503   0.00077848    -0.00104933  -0.00243375    -0.00073857  -0.00068692
  0.00104933   0.00243375    -0.00051585  -0.00108042     0.00120207  -0.00080208
 -0.00073857  -0.00068692    -0.00120207   0.00080208    -0.00235529   0.00446903
    8    5
 -0.00037233   0.00064489     0.00178959  -0.00359874     0.00309848  -0.00426082
 -0.00222181   0.00334920     0.00688567  -0.01192633    -0.00009053  -0.00167377
  0.00214073  -0.00481377    -0.00149480   0.00075848    -0.00204701   0.00354552
    8    6
  0.00093038  -0.00000000    -0.00532354   0.00104075     0.00532354  -0.00104075
  0.00532354   0.00104075     0.00102275   0.00000000    -0.00379825  -0.00000000
 -0.00532354  -0.00104075    -0.00379825  -0.00000000     0.00102275   0.00000000
    8    7
 -0.01108465  -0.00463076     0.00517104   0.00031810    -0.00517104  -0.00031810
 -0.00517104  -0.00031810    -0.00594478   0.01062387     0.00499458  -0.00393376
  0.00517104   0.00031810     0.00499458  -0.00393376    -0.00594478   0.01062387
    8    8
  0.03433834  -0.00000000     0.00142808   0.00010631    -0.00142808  -0.00010631
  0.00142808  -0.00010631     0.03404741  -0.00000000    -0.00919045  -0.00000000
 -0.00142808   0.00010631    -0.00919045  -0.00000000     0.03404741  -0.00000000
    8    9
 -0.00426837  -0.00461532     0.00239098   0.00034867    -0.00239098  -0.00034867
  0.00239098   0.00034867    -0.00563671   0.00003709     0.00191725  -0.00254282
 -0.00239098  -0.00034867     0.00191725  -0.00254282    -0.00563671   0.00003709
    8   10
  0.00497503   0.00077848     0.00073857   0.00068692     0.00104933   0.00243375
  0.00073857   0.00068692    -0.00235529   0.00446903    -0.00120207   0.00080208
 -0.00104933  -0.00243375     0.00120207  -0.00080208    -0.00051585  -0.00108042
    8   11
 -0.00037233   0.00064489    -0.00309848   0.00426082    -0.00178959   0.00359874
 -0.00214073   0.00481377    -0.00204701   0.00354552    -0.00149480   0.00075848
  0.00222181  -0.00334920    -0.00009053  -0.00167377     0.00688567  -0.01192633
    9    1
  0.00781414   0.00223626    -0.00106672   0.01446031     0.00106672  -0.01446031
  0.01440840   0.00655896    -0.00605863  -0.00480756     0.00108424   0.00833821
 -0.01440840  -0.00655896     0.00108424   0.00833821    -0.00605863  -0.00480756
    9    2
 -0.00082272  -0.00268899     0.00974167   0.00191484    -0.00974167  -0.00191484
  0.01478703  -0.00092742    -0.01010240   0.00057978     0.01247130   0.00270651
 -0.01478703   0.00092742     0.01247130   0.00270651    -0.01010240   0.00057978
    9    3
 -0.00607663  -0.01255260    -0.00503744   0.00166181     0.00503744  -0.00166181
  0.00045674  -0.00198464     0.00555537  -0.00044076    -0.00613801  -0.00248715
 -0.00045674   0.00198464    -0.00613801  -0.00248715     0.00555537  -0.00044076
    9    4
 -0.00037233  -0.00064489     0.00178959   0.00359874     0.00309848   0.00426082
 -0.00222181  -0.00334920     0.00688567   0.01192633    -0.00009053   0.00167377
  0.00214073   0.00481377    -0.00149480  -0.00075848    -0.00204701  -0.00354552
    9    5
  0.00497503  -0.00077848    -0.00104933   0.00243375    -0.00073857   0.00068692
  0.00104933  -0.00243375    -0.00051585   0.00108042     0.00120207   0.00080208
 -0.00073857   0.00068692    -0.00120207  -0.00080208    -0.00235529  -0.00446903
    9    6
 -0.01108465   0.00463076     0.00517104  -0.00031810    -0.00517104   0.00031810
 -0.00517104   0.00031810    -0.00594478  -0.01062387     0.00499458   0.00393376
  0.00517104  -0.00031810     0.00499458   0.00393376    -0.00594478  -0.01062387
    9    7
  0.00093038   0.00000000    -0.00532354  -0.00104075     0.00532354   0.00104075
  0.00532354  -0.00104075     0.00102275  -0.00000000    -0.00379825   0.00000000
 -0.00532354   0.00104075    -0.00379825   0.00000000     0.00102275   0.00000000
    9    8
 -0.00426837   0.00461532     0.00239098  -0.00034867    -0.00239098   0.00034867
  0.00239098  -0.00034867    -0.00563671  -0.00003709     0.00191725   0.00254282
 -0.00239098   0.00034867     0.00191725   0.00254282    -0.00563671  -0.00003709
    9    9
  0.03433834   0.00000000     0.00142808  -0.00010631    -0.00142808   0.00010631
  0.00142808   0.00010631     0.03404741   0.00000000    -0.00919045   0.00000000
 -0.00142808  -0.00010631    -0.00919045   0.00000000     0.03404741   0.00000000
    9   10
 -0.00037233  -0.00064489    -0.00309848  -0.00426082    -0.00178959  -0.00359874
 -0.00214073  -0.00481377    -0.00204701  -0.00354552    -0.00149480  -0.00075848
  0.00222181   0.00334920    -0.00009053   0.00167377     0.00688567   0.01192633
    9   11
  0.00497503  -0.00077848     0.00073857  -0.00068692     0.00104933  -0.00243375
  0.00073857  -0.00068692    -0.00235529  -0.00446903    -0.00120207  -0.00080208
 -0.00104933   0.00243375     0.00120207   0.00080208    -0.00051585   0.00108042
   10    1
 -0.00584373   0.00564912    -0.01198964  -0.00815397    -0.01198964  -0.00815397
 -0.01288443   0.00919856     0.00719278  -0.00284314     0.00776322   0.00323013
 -0.01288443   0.00919856     0.00776322   0.00323013     0.00719278  -0.00284314
   10    2
 -0.00783255   0.01153881     0.00395789   0.00353165     0.00395789   0.00353165
 -0.00194712   0.00059677    -0.00315939  -0.00459071    -0.00091507  -0.00655925
 -0.00194712   0.00059677    -0.00091507  -0.00655925    -0.00315939  -0.00459071
   10    3
 -0.00082272  -0.00268899     0.00974167   0.00191484     0.00974167   0.00191484
  0.01478703  -0.00092742    -0.01010240   0.00057978    -0.01247130  -0.00270651
  0.01478703  -0.00092742    -0.01247130  -0.00270651    -0.01010240   0.00057978
   10    4
  0.00093038   0.00000000    -0.00532354  -0.00104075    -0.00532354  -0.00104075
  0.00532354  -0.00104075     0.00102275   0.00000000     0.00379825  -0.00000000
  0.00532354  -0.00104075     0.00379825  -0.00000000     0.00102275   0.00000000
   10    5
  0.00955268   0.00728421    -0.00286101  -0.00431920    -0.00286101  -0.00431920
  0.00286101   0.00431920    -0.00622815   0.01046026    -0.00090945   0.00629231
  0.00286101   0.00431920    -0.00090945   0.00629231    -0.00622815   0.01046026
   10    6
  0.00497503  -0.00077848    -0.00104933   0.00243375     0.00073857  -0.00068692
  0.00104933  -0.00243375    -0.00051585   0.00108042    -0.00120207  -0.00080208
  0.00073857  -0.00068692     0.00120207   0.00080208    -0.00235529  -0.00446903
   10    7
 -0.00037233   0.00064489     0.00222181  -0.00334920    -0.00214073   0.00481377
 -0.00178959   0.00359874     0.00688567  -0.01192633    -0.00149480   0.00075848
 -0.00309848   0.00426082    -0.00009053  -0.00167377    -0.00204701   0.00354552
   10    8
  0.00497503  -0.00077848     0.00073857  -0.00068692    -0.00104933   0.00243375
  0.00073857  -0.00068692    -0.00235529  -0.00446903     0.00120207   0.00080208
  0.00104933  -0.00243375    -0.00120207  -0.00080208    -0.00051585   0.00108042
   10    9
 -0.00037233   0.00064489    -0.00214073   0.00481377     0.00222181  -0.00334920
 -0.00309848   0.00426082    -0.00204701   0.00354552    -0.00009053  -0.00167377
 -0.00178959   0.00359874    -0.00149480   0.00075848     0.00688567  -0.01192633
   10   10
  0.03433834   0.00000000     0.00142808  -0.00010631     0.00142808  -0.00010631
  0.00142808   0.00010631     0.03404741   0.00000000     0.00919045  -0.00000000
  0.00142808   0.00010631     0.00919045  -0.00000000     0.03404741   0.00000000
   10   11
  0.00613117   0.00138886    -0.00149745  -0.00189632    -0.00149745  -0.00189632
 -0.00149745  -0.00189632     0.00278623   0.00490007    -0.00124352   0.00293179
 -0.00149745  -0.00189632    -0.00124352   0.00293179     0.00278623   0.00490007
   11    1
 -0.00584373  -0.00564912    -0.01198964   0.00815397    -0.01198964   0.00815397
 -0.01288443  -0.00919856     0.00719278   0.00284314     0.00776322  -0.00323013
 -0.01288443  -0.00919856     0.00776322  -0.00323013     0.00719278   0.00284314
   11    2
 -0.00082272   0.00268899     0.00974167  -0.00191484     0.00974167  -0.00191484
  0.01478703   0.00092742    -0.01010240  -0.00057978    -0.01247130   0.00270651
  0.01478703   0.00092742    -0.01247130   0.00270651    -0.01010240  -0.00057978
   11    3
 -0.00783255  -0.01153881     0.00395789  -0.00353165     0.00395789  -0.00353165
 -0.00194712  -0.00059677    -0.00315939   0.00459071    -0.00091507   0.00655925
 -0.00194712  -0.00059677    -0.00091507   0.00655925    -0.00315939   0.00459071
   11    4
  0.00955268  -0.00728421    -0.00286101   0.00431920    -0.00286101   0.00431920
  0.00286101  -0.00431920    -0.00622815  -0.01046026    -0.00090945  -0.00629231
  0.00286101  -0.00431920    -0.00090945  -0.00629231    -0.00622815  -0.01046026
   11    5
  0.00093038   0.00000000    -0.00532354   0.00104075    -0.00532354   0.00104075
  0.00532354   0.00104075     0.00102275   0.00000000     0.00379825   0.00000000
  0.00532354   0.00104075     0.00379825   0.00000000     0.00102275   0.00000000
   11    6
 -0.00037233  -0.00064489     0.00222181   0.00334920    -0.00214073  -0.00481377
 -0.00178959  -0.00359874     0.00688567   0.01192633    -0.00149480  -0.00075848
 -0.00309848  -0.00426082    -0.00009053   0.00167377    -0.00204701  -0.00354552
   11    7
  0.00497503   0.00077848    -0.00104933  -0.00243375     0.00073857   0.00068692
  0.00104933   0.00243375    -0.00051585  -0.00108042    -0.00120207   0.00080208
  0.00073857   0.00068692     0.00120207  -0.00080208    -0.00235529   0.00446903
   11    8
 -0.00037233  -0.00064489    -0.00214073  -0.00481377     0.00222181   0.00334920
 -0.00309848  -0.00426082    -0.00204701  -0.00354552    -0.00009053   0.00167377
 -0.00178959  -0.00359874    -0.00149480  -0.00075848     0.00688567   0.01192633
   11    9
  0.00497503   0.00077848     0.00073857   0.00068692    -0.00104933  -0.00243375
  0.00073857   0.00068692    -0.00235529   0.00446903     0.00120207  -0.00080208
  0.00104933   0.00243375    -0.00120207   0.00080208    -0.00051585  -0.00108042
   11   10
  0.00613117  -0.00138886    -0.00149745   0.00189632    -0.00149745   0.00189632
 -0.00149745   0.00189632     0.00278623  -0.00490007    -0.00124352  -0.00293179
 -0.00149745   0.00189632    -0.00124352  -0.00293179     0.00278623  -0.00490007
   11   11
  0.03433834  -0.00000000     0.00142808   0.00010631     0.00142808   0.00010631
  0.00142808  -0.00010631     0.03404741  -0.00000000     0.00919045   0.00000000
  0.00142808  -0.00010631     0.00919045   0.00000000     0.03404741  -0.00000000

     Dynamical  Matrix in cartesian axes

     q = (   -0.471404521   0.000000000   0.000000000 ) 

    1    1
  0.26281715   0.00000000     0.00000000   0.00000000    -0.00000000   0.00000000
  0.00000000   0.00000000     0.11542917   0.00000000    -0.00000000   0.00000000
  0.00000000   0.00000000     0.00000000   0.00000000     0.11542917   0.00000000
    1    2
  0.01225817  -0.02123177     0.00000000  -0.00000000     0.00000000   0.00000000
  0.00000000   0.00000000    -0.01250190   0.02165393    -0.02719583  -0.01570152
  0.00000000   0.00000000    -0.02719583  -0.01570152    -0.01250190   0.02165393
    1    3
  0.01225817   0.02123177     0.00000000  -0.00000000     0.00000000  -0.00000000
  0.00000000   0.00000000    -0.01250190  -0.02165393    -0.02719583   0.01570152
  0.00000000  -0.00000000    -0.02719583   0.01570152    -0.01250190  -0.02165393
    1    4
 -0.00584373   0.00564912     0.01288443  -0.00919856     0.01288443  -0.00919856
  0.01198964   0.00815397     0.00719278  -0.00284314     0.00776322   0.00323013
  0.01198964   0.00815397     0.00776322   0.00323013     0.00719278  -0.00284314
    1    5
 -0.00584373  -0.00564912     0.01288443   0.00919856     0.01288443   0.00919856
  0.01198964  -0.00815397     0.00719278   0.00284314     0.00776322  -0.00323013
  0.01198964  -0.00815397     0.00776322  -0.00323013     0.00719278   0.00284314
    1    6
  0.00781414  -0.00223626    -0.01440840   0.00655896     0.01440840  -0.00655896
  0.00106672   0.01446031    -0.00605863   0.00480756     0.00108424  -0.00833821
 -0.00106672  -0.01446031     0.00108424  -0.00833821    -0.00605863   0.00480756
    1    7
  0.00781414   0.00223626    -0.01440840  -0.00655896     0.01440840   0.00655896
  0.00106672  -0.01446031    -0.00605863  -0.00480756     0.00108424   0.00833821
 -0.00106672   0.01446031     0.00108424   0.00833821    -0.00605863  -0.00480756
    1    8
  0.00781414  -0.00223626     0.01440840  -0.00655896    -0.01440840   0.00655896
 -0.00106672  -0.01446031    -0.00605863   0.00480756     0.00108424  -0.00833821
  0.00106672   0.01446031     0.00108424  -0.00833821    -0.00605863   0.00480756
    1    9
  0.00781414   0.00223626     0.01440840   0.00655896    -0.01440840  -0.00655896
 -0.00106672   0.01446031    -0.00605863  -0.00480756     0.00108424   0.00833821
  0.00106672  -0.01446031     0.00108424   0.00833821    -0.00605863  -0.00480756
    1   10
 -0.00584373   0.00564912    -0.01288443   0.00919856    -0.01288443   0.00919856
 -0.01198964  -0.00815397     0.00719278  -0.00284314     0.00776322   0.00323013
 -0.01198964  -0.00815397     0.00776322   0.00323013     0.00719278  -0.00284314
    1   11
 -0.00584373  -0.00564912    -0.01288443  -0.00919856    -0.01288443  -0.00919856
 -0.01198964   0.00815397     0.00719278   0.00284314     0.00776322  -0.00323013
 -0.01198964   0.00815397     0.00776322  -0.00323013     0.00719278   0.00284314
    2    1
  0.01225817   0.02123177    -0.00000000   0.00000000    -0.00000000   0.00000000
  0.00000000   0.00000000    -0.01250190  -0.02165393    -0.02719583   0.01570152
 -0.00000000  -0.00000000    -0.02719583   0.01570152    -0.01250190  -0.02165393
    2    2
  0.07063462  -0.00000000     0.00000000   0.00000000     0.00000000  -0.00000000
  0.00000000   0.00000000     0.03904998   0.00000000    -0.00000000   0.00000000
 -0.00000000   0.00000000    -0.00000000   0.00000000     0.03904998   0.00000000
    2    3
  0.00086233  -0.00149360     0.00000000  -0.00000000     0.00000000  -0.00000000
 -0.00000000  -0.00000000    -0.00136269   0.00236025     0.01377100   0.00795069
  0.00000000  -0.00000000     0.01377100   0.00795069    -0.00136269   0.00236025
    2    4
 -0.00783255   0.01153881     0.00194712  -0.00059677     0.00194712  -0.00059677
 -0.00395789  -0.00353165    -0.00315939  -0.00459071    -0.00091507  -0.00655925
 -0.00395789  -0.00353165    -0.00091507  -0.00655925    -0.00315939  -0.00459071
    2    5
 -0.00082272   0.00268899    -0.01478703  -0.00092742    -0.01478703  -0.00092742
 -0.00974167   0.00191484    -0.01010240  -0.00057978    -0.01247130   0.00270651
 -0.00974167   0.00191484    -0.01247130   0.00270651    -0.01010240  -0.00057978
    2    6
 -0.00607663   0.01255260    -0.00045674  -0.00198464     0.00045674   0.00198464
  0.00503744   0.00166181     0.00555537   0.00044076    -0.00613801   0.00248715
 -0.00503744  -0.00166181    -0.00613801   0.00248715     0.00555537   0.00044076
    2    7
 -0.00082272  -0.00268899    -0.01478703   0.00092742     0.01478703  -0.00092742
 -0.00974167  -0.00191484    -0.01010240   0.00057978     0.01247130   0.00270651
  0.00974167   0.00191484     0.01247130   0.00270651    -0.01010240   0.00057978
    2    8
 -0.00607663   0.01255260     0.00045674   0.00198464    -0.00045674  -0.00198464
 -0.00503744  -0.00166181     0.00555537   0.00044076    -0.00613801   0.00248715
  0.00503744   0.00166181    -0.00613801   0.00248715     0.00555537   0.00044076
    2    9
 -0.00082272  -0.00268899     0.01478703  -0.00092742    -0.01478703   0.00092742
  0.00974167   0.00191484    -0.01010240   0.00057978     0.01247130   0.00270651
 -0.00974167  -0.00191484     0.01247130   0.00270651    -0.01010240   0.00057978
    2   10
 -0.00783255   0.01153881    -0.00194712   0.00059677    -0.00194712   0.00059677
  0.00395789   0.00353165    -0.00315939  -0.00459071    -0.00091507  -0.00655925
  0.00395789   0.00353165    -0.00091507  -0.00655925    -0.00315939  -0.00459071
    2   11
 -0.00082272   0.00268899     0.01478703   0.00092742     0.01478703   0.00092742
  0.00974167  -0.00191484    -0.01010240  -0.00057978    -0.01247130   0.00270651
  0.00974167  -0.00191484    -0.01247130   0.00270651    -0.01010240  -0.00057978
    3    1
  0.01225817  -0.02123177    -0.00000000   0.00000000    -0.00000000   0.00000000
 -0.00000000  -0.00000000    -0.01250190   0.02165393    -0.02719583  -0.01570152
 -0.00000000   0.00000000    -0.02719583  -0.01570152    -0.01250190   0.02165393
    3    2
  0.00086233   0.00149360     0.00000000   0.00000000     0.00000000   0.00000000
 -0.00000000   0.00000000    -0.00136269  -0.00236025     0.01377100  -0.00795069
  0.00000000   0.00000000     0.01377100  -0.00795069    -0.00136269  -0.00236025
    3    3
  0.07063462   0.00000000     0.00000000  -0.00000000     0.00000000   0.00000000
  0.00000000  -0.00000000     0.03904998  -0.00000000    -0.00000000  -0.00000000
 -0.00000000  -0.00000000    -0.00000000  -0.00000000     0.03904998  -0.00000000
    3    4
 -0.00082272  -0.00268899    -0.01478703   0.00092742    -0.01478703   0.00092742
 -0.00974167  -0.00191484    -0.01010240   0.00057978    -0.01247130  -0.00270651
 -0.00974167  -0.00191484    -0.01247130  -0.00270651    -0.01010240   0.00057978
    3    5
 -0.00783255  -0.01153881     0.00194712   0.00059677     0.00194712   0.00059677
 -0.00395789   0.00353165    -0.00315939   0.00459071    -0.00091507   0.00655925
 -0.00395789   0.00353165    -0.00091507   0.00655925    -0.00315939   0.00459071
    3    6
 -0.00082272   0.00268899    -0.01478703  -0.00092742     0.01478703   0.00092742
 -0.00974167   0.00191484    -0.01010240  -0.00057978     0.01247130  -0.00270651
  0.00974167  -0.00191484     0.01247130  -0.00270651    -0.01010240  -0.00057978
    3    7
 -0.00607663  -0.01255260    -0.00045674   0.00198464     0.00045674  -0.00198464
  0.00503744  -0.00166181     0.00555537  -0.00044076    -0.00613801  -0.00248715
 -0.00503744   0.00166181    -0.00613801  -0.00248715     0.00555537  -0.00044076
    3    8
 -0.00082272   0.00268899     0.01478703   0.00092742    -0.01478703  -0.00092742
  0.00974167  -0.00191484    -0.01010240  -0.00057978     0.01247130  -0.00270651
 -0.00974167   0.00191484     0.01247130  -0.00270651    -0.01010240  -0.00057978
    3    9
 -0.00607663  -0.01255260     0.00045674  -0.00198464    -0.00045674   0.00198464
 -0.00503744   0.00166181     0.00555537  -0.00044076    -0.00613801  -0.00248715
  0.00503744  -0.00166181    -0.00613801  -0.00248715     0.00555537  -0.00044076
    3   10
 -0.00082272  -0.00268899     0.01478703  -0.00092742     0.01478703  -0.00092742
  0.00974167   0.00191484    -0.01010240   0.00057978    -0.01247130  -0.00270651
  0.00974167   0.00191484    -0.01247130  -0.00270651    -0.01010240   0.00057978
    3   11
 -0.00783255  -0.01153881    -0.00194712  -0.00059677    -0.00194712  -0.00059677
  0.00395789  -0.00353165    -0.00315939   0.00459071    -0.00091507   0.00655925
  0.00395789  -0.00353165    -0.00091507   0.00655925    -0.00315939   0.00459071
    4    1
 -0.00584373  -0.00564912     0.01198964  -0.00815397     0.01198964  -0.00815397
