  2.000000000000000E-002   1.62638105529072        4.52835738622022     
           3

     Dynamical  Matrix in cartesian axes

     q = (   -0.707106781   0.000000000   0.000000000 ) 

    1    1
  0.16349642   0.00000000     0.00000000   0.00000000     0.00000000   0.00000000
  0.00000000   0.00000000     0.07483413   0.00000000    -0.00000000   0.00000000
  0.00000000   0.00000000    -0.00000000   0.00000000     0.07483413   0.00000000
    1    2
  0.00000000  -0.00000000    -0.00000000   0.00000000     0.00000000  -0.00000000
  0.00000000  -0.00000000    -0.00000000  -0.00000000    -0.02605810  -0.00000000
 -0.00000000  -0.00000000    -0.02605810  -0.00000000     0.00000000  -0.00000000
    1    3
  0.00000000   0.00000000     0.00000000   0.00000000    -0.00000000   0.00000000
  0.00000000   0.00000000    -0.00000000   0.00000000    -0.02605810   0.00000000
  0.00000000  -0.00000000    -0.02605810   0.00000000    -0.00000000   0.00000000
    1    4
  0.00271779  -0.00000000     0.01410559  -0.00000000     0.01410559  -0.00000000
  0.00021720  -0.00000000     0.00473521  -0.00000000     0.00524964  -0.00000000
  0.00021720  -0.00000000     0.00524964  -0.00000000     0.00473521  -0.00000000
    1    5
  0.00271779  -0.00000000     0.01410559  -0.00000000     0.01410559  -0.00000000
  0.00021720  -0.00000000     0.00473521  -0.00000000     0.00524964  -0.00000000
  0.00021720  -0.00000000     0.00524964  -0.00000000     0.00473521  -0.00000000
    1    6
 -0.00271779   0.00000000    -0.01410559   0.00000000     0.01410559  -0.00000000
 -0.00021720   0.00000000    -0.00473521   0.00000000     0.00524964  -0.00000000
  0.00021720  -0.00000000     0.00524964  -0.00000000    -0.00473521   0.00000000
    1    7
 -0.00271779   0.00000000    -0.01410559   0.00000000     0.01410559  -0.00000000
 -0.00021720   0.00000000    -0.00473521   0.00000000     0.00524964  -0.00000000
  0.00021720  -0.00000000     0.00524964  -0.00000000    -0.00473521   0.00000000
    1    8
 -0.00271779   0.00000000     0.01410559  -0.00000000    -0.01410559   0.00000000
  0.00021720  -0.00000000    -0.00473521   0.00000000     0.00524964  -0.00000000
 -0.00021720   0.00000000     0.00524964  -0.00000000    -0.00473521   0.00000000
    1    9
 -0.00271779   0.00000000     0.01410559  -0.00000000    -0.01410559   0.00000000
  0.00021720  -0.00000000    -0.00473521   0.00000000     0.00524964  -0.00000000
 -0.00021720   0.00000000     0.00524964  -0.00000000    -0.00473521   0.00000000
    1   10
  0.00271779  -0.00000000    -0.01410559   0.00000000    -0.01410559   0.00000000
 -0.00021720   0.00000000     0.00473521  -0.00000000     0.00524964  -0.00000000
 -0.00021720   0.00000000     0.00524964  -0.00000000     0.00473521  -0.00000000
    1   11
  0.00271779  -0.00000000    -0.01410559   0.00000000    -0.01410559   0.00000000
 -0.00021720   0.00000000     0.00473521  -0.00000000     0.00524964  -0.00000000
 -0.00021720   0.00000000     0.00524964  -0.00000000     0.00473521  -0.00000000
    2    1
  0.00000000   0.00000000     0.00000000  -0.00000000    -0.00000000   0.00000000
 -0.00000000   0.00000000     0.00000000   0.00000000    -0.02605810   0.00000000
 -0.00000000   0.00000000    -0.02605810   0.00000000     0.00000000   0.00000000
    2    2
  0.08757259   0.00000000     0.00000000   0.00000000     0.00000000   0.00000000
  0.00000000   0.00000000     0.06672474   0.00000000     0.00000000   0.00000000
  0.00000000   0.00000000     0.00000000   0.00000000     0.06672474   0.00000000
    2    3
 -0.01411460   0.00000000     0.00000000  -0.00000000     0.00000000  -0.00000000
  0.00000000  -0.00000000    -0.02959643   0.00000000    -0.00000000   0.00000000
 -0.00000000   0.00000000    -0.00000000   0.00000000    -0.02959643   0.00000000
    2    4
 -0.01418507   0.00000000     0.00467750  -0.00000000     0.00467750  -0.00000000
  0.01412264  -0.00000000     0.00946930  -0.00000000     0.02225728  -0.00000000
  0.01412264  -0.00000000     0.02225728  -0.00000000     0.00946930  -0.00000000
    2    5
  0.00657536  -0.00000000    -0.01812786   0.00000000    -0.01812786   0.00000000
 -0.01434408   0.00000000    -0.02271195   0.00000000    -0.02640809   0.00000000
 -0.01434408   0.00000000    -0.02640809   0.00000000    -0.02271195   0.00000000
    2    6
 -0.01418507   0.00000000     0.00467750  -0.00000000    -0.00467750   0.00000000
  0.01412264  -0.00000000     0.00946930  -0.00000000    -0.02225728   0.00000000
 -0.01412264   0.00000000    -0.02225728   0.00000000     0.00946930  -0.00000000
    2    7
  0.00657536  -0.00000000    -0.01812786   0.00000000     0.01812786  -0.00000000
 -0.01434408   0.00000000    -0.02271195   0.00000000     0.02640809  -0.00000000
  0.01434408  -0.00000000     0.02640809  -0.00000000    -0.02271195   0.00000000
    2    8
 -0.01418507   0.00000000    -0.00467750   0.00000000     0.00467750  -0.00000000
 -0.01412264   0.00000000     0.00946930  -0.00000000    -0.02225728   0.00000000
  0.01412264  -0.00000000    -0.02225728   0.00000000     0.00946930  -0.00000000
    2    9
  0.00657536  -0.00000000     0.01812786  -0.00000000    -0.01812786   0.00000000
  0.01434408  -0.00000000    -0.02271195   0.00000000     0.02640809  -0.00000000
 -0.01434408   0.00000000     0.02640809  -0.00000000    -0.02271195   0.00000000
    2   10
 -0.01418507   0.00000000    -0.00467750   0.00000000    -0.00467750   0.00000000
 -0.01412264   0.00000000     0.00946930  -0.00000000     0.02225728  -0.00000000
 -0.01412264   0.00000000     0.02225728  -0.00000000     0.00946930  -0.00000000
    2   11
  0.00657536  -0.00000000     0.01812786  -0.00000000     0.01812786  -0.00000000
  0.01434408  -0.00000000    -0.02271195   0.00000000    -0.02640809   0.00000000
  0.01434408  -0.00000000    -0.02640809   0.00000000    -0.02271195   0.00000000
    3    1
  0.00000000  -0.00000000     0.00000000  -0.00000000     0.00000000  -0.00000000
  0.00000000   0.00000000    -0.00000000  -0.00000000    -0.02605810  -0.00000000
  0.00000000  -0.00000000    -0.02605810  -0.00000000    -0.00000000  -0.00000000
    3    2
 -0.01411460  -0.00000000     0.00000000  -0.00000000    -0.00000000  -0.00000000
  0.00000000   0.00000000    -0.02959643  -0.00000000    -0.00000000  -0.00000000
  0.00000000   0.00000000    -0.00000000  -0.00000000    -0.02959643  -0.00000000
    3    3
  0.08757259   0.00000000     0.00000000   0.00000000     0.00000000   0.00000000
  0.00000000   0.00000000     0.06672474   0.00000000     0.00000000   0.00000000
  0.00000000   0.00000000     0.00000000   0.00000000     0.06672474   0.00000000
    3    4
  0.00657536  -0.00000000    -0.01812786   0.00000000    -0.01812786   0.00000000
 -0.01434408   0.00000000    -0.02271195   0.00000000    -0.02640809   0.00000000
 -0.01434408   0.00000000    -0.02640809   0.00000000    -0.02271195   0.00000000
    3    5
 -0.01418507   0.00000000     0.00467750  -0.00000000     0.00467750  -0.00000000
  0.01412264  -0.00000000     0.00946930  -0.00000000     0.02225728  -0.00000000
  0.01412264  -0.00000000     0.02225728  -0.00000000     0.00946930  -0.00000000
    3    6
  0.00657536  -0.00000000    -0.01812786   0.00000000     0.01812786  -0.00000000
 -0.01434408   0.00000000    -0.02271195   0.00000000     0.02640809  -0.00000000
  0.01434408  -0.00000000     0.02640809  -0.00000000    -0.02271195   0.00000000
    3    7
 -0.01418507  -0.00000000     0.00467750   0.00000000    -0.00467750  -0.00000000
  0.01412264   0.00000000     0.00946930   0.00000000    -0.02225728  -0.00000000
 -0.01412264  -0.00000000    -0.02225728  -0.00000000     0.00946930   0.00000000
    3    8
  0.00657536  -0.00000000     0.01812786  -0.00000000    -0.01812786   0.00000000
  0.01434408  -0.00000000    -0.02271195   0.00000000     0.02640809  -0.00000000
 -0.01434408   0.00000000     0.02640809  -0.00000000    -0.02271195   0.00000000
    3    9
 -0.01418507  -0.00000000    -0.00467750  -0.00000000     0.00467750   0.00000000
 -0.01412264  -0.00000000     0.00946930   0.00000000    -0.02225728  -0.00000000
  0.01412264   0.00000000    -0.02225728  -0.00000000     0.00946930   0.00000000
    3   10
  0.00657536  -0.00000000     0.01812786  -0.00000000     0.01812786  -0.00000000
  0.01434408  -0.00000000    -0.02271195   0.00000000    -0.02640809   0.00000000
  0.01434408  -0.00000000    -0.02640809   0.00000000    -0.02271195   0.00000000
    3   11
 -0.01418507   0.00000000    -0.00467750   0.00000000    -0.00467750   0.00000000
 -0.01412264   0.00000000     0.00946930  -0.00000000     0.02225728  -0.00000000
 -0.01412264   0.00000000     0.02225728  -0.00000000     0.00946930  -0.00000000
    4    1
  0.00271779   0.00000000     0.00021720   0.00000000     0.00021720   0.00000000
  0.01410559   0.00000000     0.00473521   0.00000000     0.00524964   0.00000000
  0.01410559   0.00000000     0.00524964   0.00000000     0.00473521   0.00000000
    4    2
 -0.01418507  -0.00000000     0.01412264   0.00000000     0.01412264   0.00000000
  0.00467750   0.00000000     0.00946930   0.00000000     0.02225728   0.00000000
  0.00467750   0.00000000     0.02225728   0.00000000     0.00946930   0.00000000
    4    3
  0.00657536   0.00000000    -0.01434408  -0.00000000    -0.01434408  -0.00000000
 -0.01812786  -0.00000000    -0.02271195  -0.00000000    -0.02640809  -0.00000000
 -0.01812786  -0.00000000    -0.02640809  -0.00000000    -0.02271195  -0.00000000
    4    4
  0.03987386   0.00000000     0.00215349   0.00000000     0.00215349   0.00000000
  0.00215349   0.00000000     0.05578875   0.00000000     0.02633536   0.00000000
  0.00215349   0.00000000     0.02633536   0.00000000     0.05578875   0.00000000
    4    5
 -0.00260737  -0.00000000    -0.00707001  -0.00000000    -0.00707001  -0.00000000
 -0.00707001  -0.00000000    -0.02113417  -0.00000000    -0.01972828  -0.00000000
 -0.00707001  -0.00000000    -0.01972828  -0.00000000    -0.02113417  -0.00000000
    4    6
  0.00195713   0.00000000    -0.00586108  -0.00000000    -0.00010970  -0.00000000
 -0.00586108  -0.00000000    -0.00736153  -0.00000000     0.00402483   0.00000000
  0.00010970   0.00000000    -0.00402483  -0.00000000    -0.00246181  -0.00000000
    4    7
 -0.00662121  -0.00000000     0.00435255   0.00000000    -0.00210822  -0.00000000
  0.00435255   0.00000000     0.00453110   0.00000000    -0.00218669  -0.00000000
  0.00210822   0.00000000     0.00218669   0.00000000     0.02200906   0.00000000
    4    8
  0.00195713   0.00000000    -0.00010970  -0.00000000    -0.00586108  -0.00000000
  0.00010970   0.00000000    -0.00246181  -0.00000000    -0.00402483  -0.00000000
 -0.00586108  -0.00000000     0.00402483   0.00000000    -0.00736153  -0.00000000
    4    9
 -0.00662121  -0.00000000    -0.00210822  -0.00000000     0.00435255   0.00000000
  0.00210822   0.00000000     0.02200906   0.00000000     0.00218669   0.00000000
  0.00435255   0.00000000    -0.00218669  -0.00000000     0.00453110   0.00000000
    4   10
 -0.01179634  -0.00000000     0.00949333   0.00000000     0.00949333   0.00000000
 -0.00949333   0.00000000     0.01142853  -0.00000000     0.01638699   0.00000000
 -0.00949333   0.00000000     0.01638699   0.00000000     0.01142853  -0.00000000
    4   11
 -0.00936567  -0.00000000    -0.01814579  -0.00000000    -0.01814579  -0.00000000
  0.01814579   0.00000000    -0.01788304  -0.00000000    -0.01606972  -0.00000000
  0.01814579   0.00000000    -0.01606972  -0.00000000    -0.01788304  -0.00000000
    5    1
  0.00271779   0.00000000     0.00021720   0.00000000     0.00021720   0.00000000
  0.01410559   0.00000000     0.00473521   0.00000000     0.00524964   0.00000000
  0.01410559   0.00000000     0.00524964   0.00000000     0.00473521   0.00000000
    5    2
  0.00657536   0.00000000    -0.01434408  -0.00000000    -0.01434408  -0.00000000
 -0.01812786  -0.00000000    -0.02271195  -0.00000000    -0.02640809  -0.00000000
 -0.01812786  -0.00000000    -0.02640809  -0.00000000    -0.02271195  -0.00000000
    5    3
 -0.01418507  -0.00000000     0.01412264   0.00000000     0.01412264   0.00000000
  0.00467750   0.00000000     0.00946930   0.00000000     0.02225728   0.00000000
  0.00467750   0.00000000     0.02225728   0.00000000     0.00946930   0.00000000
    5    4
 -0.00260737   0.00000000    -0.00707001   0.00000000    -0.00707001   0.00000000
 -0.00707001   0.00000000    -0.02113417   0.00000000    -0.01972828   0.00000000
 -0.00707001   0.00000000    -0.01972828   0.00000000    -0.02113417   0.00000000
    5    5
  0.03987386   0.00000000     0.00215349   0.00000000     0.00215349   0.00000000
  0.00215349   0.00000000     0.05578875   0.00000000     0.02633536   0.00000000
  0.00215349   0.00000000     0.02633536   0.00000000     0.05578875   0.00000000
    5    6
 -0.00662121   0.00000000     0.00435255  -0.00000000    -0.00210822   0.00000000
  0.00435255  -0.00000000     0.00453110  -0.00000000    -0.00218669   0.00000000
  0.00210822  -0.00000000     0.00218669  -0.00000000     0.02200906  -0.00000000
    5    7
  0.00195713   0.00000000    -0.00586108  -0.00000000    -0.00010970  -0.00000000
 -0.00586108  -0.00000000    -0.00736153  -0.00000000     0.00402483   0.00000000
  0.00010970   0.00000000    -0.00402483  -0.00000000    -0.00246181  -0.00000000
    5    8
 -0.00662121   0.00000000    -0.00210822   0.00000000     0.00435255  -0.00000000
  0.00210822  -0.00000000     0.02200906  -0.00000000     0.00218669  -0.00000000
  0.00435255  -0.00000000    -0.00218669   0.00000000     0.00453110  -0.00000000
    5    9
  0.00195713   0.00000000    -0.00010970  -0.00000000    -0.00586108  -0.00000000
  0.00010970   0.00000000    -0.00246181  -0.00000000    -0.00402483  -0.00000000
 -0.00586108  -0.00000000     0.00402483   0.00000000    -0.00736153  -0.00000000
    5   10
 -0.00936567   0.00000000    -0.01814579   0.00000000    -0.01814579   0.00000000
  0.01814579  -0.00000000    -0.01788304   0.00000000    -0.01606972   0.00000000
  0.01814579  -0.00000000    -0.01606972   0.00000000    -0.01788304   0.00000000
    5   11
 -0.01179634   0.00000000     0.00949333  -0.00000000     0.00949333  -0.00000000
 -0.00949333  -0.00000000     0.01142853   0.00000000     0.01638699  -0.00000000
 -0.00949333  -0.00000000     0.01638699  -0.00000000     0.01142853   0.00000000
    6    1
 -0.00271779  -0.00000000    -0.00021720  -0.00000000     0.00021720   0.00000000
 -0.01410559  -0.00000000    -0.00473521  -0.00000000     0.00524964   0.00000000
  0.01410559   0.00000000     0.00524964   0.00000000    -0.00473521  -0.00000000
    6    2
 -0.01418507  -0.00000000     0.01412264   0.00000000    -0.01412264  -0.00000000
  0.00467750   0.00000000     0.00946930   0.00000000    -0.02225728  -0.00000000
 -0.00467750  -0.00000000    -0.02225728  -0.00000000     0.00946930   0.00000000
    6    3
  0.00657536   0.00000000    -0.01434408  -0.00000000     0.01434408   0.00000000
 -0.01812786  -0.00000000    -0.02271195  -0.00000000     0.02640809   0.00000000
  0.01812786   0.00000000     0.02640809   0.00000000    -0.02271195  -0.00000000
    6    4
  0.00195713  -0.00000000    -0.00586108   0.00000000     0.00010970  -0.00000000
 -0.00586108   0.00000000    -0.00736153   0.00000000    -0.00402483   0.00000000
 -0.00010970   0.00000000     0.00402483  -0.00000000    -0.00246181   0.00000000
    6    5
 -0.00662121  -0.00000000     0.00435255   0.00000000     0.00210822   0.00000000
  0.00435255   0.00000000     0.00453110   0.00000000     0.00218669   0.00000000
 -0.00210822  -0.00000000    -0.00218669  -0.00000000     0.02200906   0.00000000
    6    6
  0.03987386   0.00000000     0.00215349   0.00000000    -0.00215349   0.00000000
  0.00215349   0.00000000     0.05578875   0.00000000    -0.02633536   0.00000000
 -0.00215349   0.00000000    -0.02633536   0.00000000     0.05578875   0.00000000
    6    7
 -0.00260737  -0.00000000    -0.00707001  -0.00000000     0.00707001   0.00000000
 -0.00707001  -0.00000000    -0.02113417  -0.00000000     0.01972828   0.00000000
  0.00707001   0.00000000     0.01972828   0.00000000    -0.02113417  -0.00000000
    6    8
 -0.01179634   0.00000000     0.00949333  -0.00000000    -0.00949333   0.00000000
 -0.00949333  -0.00000000     0.01142853   0.00000000    -0.01638699  -0.00000000
  0.00949333   0.00000000    -0.01638699  -0.00000000     0.01142853   0.00000000
    6    9
 -0.00936567  -0.00000000    -0.01814579  -0.00000000     0.01814579   0.00000000
  0.01814579   0.00000000    -0.01788304  -0.00000000     0.01606972   0.00000000
 -0.01814579  -0.00000000     0.01606972   0.00000000    -0.01788304  -0.00000000
    6   10
  0.00195713  -0.00000000    -0.00010970   0.00000000     0.00586108  -0.00000000
  0.00010970  -0.00000000    -0.00246181   0.00000000     0.00402483  -0.00000000
  0.00586108  -0.00000000    -0.00402483   0.00000000    -0.00736153   0.00000000
    6   11
 -0.00662121  -0.00000000    -0.00210822  -0.00000000    -0.00435255  -0.00000000
  0.00210822   0.00000000     0.02200906   0.00000000    -0.00218669  -0.00000000
 -0.00435255  -0.00000000     0.00218669   0.00000000     0.00453110   0.00000000
    7    1
 -0.00271779  -0.00000000    -0.00021720  -0.00000000     0.00021720   0.00000000
 -0.01410559  -0.00000000    -0.00473521  -0.00000000     0.00524964   0.00000000
  0.01410559   0.00000000     0.00524964   0.00000000    -0.00473521  -0.00000000
    7    2
  0.00657536   0.00000000    -0.01434408  -0.00000000     0.01434408   0.00000000
 -0.01812786  -0.00000000    -0.02271195  -0.00000000     0.02640809   0.00000000
  0.01812786   0.00000000     0.02640809   0.00000000    -0.02271195  -0.00000000
    7    3
 -0.01418507   0.00000000     0.01412264  -0.00000000    -0.01412264   0.00000000
  0.00467750  -0.00000000     0.00946930  -0.00000000    -0.02225728   0.00000000
 -0.00467750   0.00000000    -0.02225728   0.00000000     0.00946930  -0.00000000
    7    4
 -0.00662121   0.00000000     0.00435255  -0.00000000     0.00210822  -0.00000000
  0.00435255  -0.00000000     0.00453110  -0.00000000     0.00218669  -0.00000000
 -0.00210822   0.00000000    -0.00218669   0.00000000     0.02200906  -0.00000000
    7    5
  0.00195713  -0.00000000    -0.00586108   0.00000000     0.00010970  -0.00000000
 -0.00586108   0.00000000    -0.00736153   0.00000000    -0.00402483   0.00000000
 -0.00010970   0.00000000     0.00402483  -0.00000000    -0.00246181   0.00000000
    7    6
 -0.00260737   0.00000000    -0.00707001   0.00000000     0.00707001  -0.00000000
 -0.00707001   0.00000000    -0.02113417   0.00000000     0.01972828  -0.00000000
  0.00707001  -0.00000000     0.01972828  -0.00000000    -0.02113417   0.00000000
    7    7
  0.03987386   0.00000000     0.00215349   0.00000000    -0.00215349   0.00000000
  0.00215349   0.00000000     0.05578875   0.00000000    -0.02633536   0.00000000
 -0.00215349   0.00000000    -0.02633536   0.00000000     0.05578875   0.00000000
    7    8
 -0.00936567   0.00000000    -0.01814579   0.00000000     0.01814579  -0.00000000
  0.01814579  -0.00000000    -0.01788304   0.00000000     0.01606972  -0.00000000
 -0.01814579   0.00000000     0.01606972  -0.00000000    -0.01788304   0.00000000
    7    9
 -0.01179634   0.00000000     0.00949333   0.00000000    -0.00949333   0.00000000
 -0.00949333   0.00000000     0.01142853   0.00000000    -0.01638699   0.00000000
  0.00949333   0.00000000    -0.01638699   0.00000000     0.01142853   0.00000000
    7   10
 -0.00662121   0.00000000    -0.00210822   0.00000000    -0.00435255   0.00000000
  0.00210822  -0.00000000     0.02200906  -0.00000000    -0.00218669   0.00000000
 -0.00435255   0.00000000     0.00218669  -0.00000000     0.00453110  -0.00000000
    7   11
  0.00195713  -0.00000000    -0.00010970   0.00000000     0.00586108  -0.00000000
  0.00010970  -0.00000000    -0.00246181   0.00000000     0.00402483  -0.00000000
  0.00586108  -0.00000000    -0.00402483   0.00000000    -0.00736153   0.00000000
    8    1
 -0.00271779  -0.00000000     0.00021720   0.00000000    -0.00021720  -0.00000000
  0.01410559   0.00000000    -0.00473521  -0.00000000     0.00524964   0.00000000
 -0.01410559  -0.00000000     0.00524964   0.00000000    -0.00473521  -0.00000000
    8    2
 -0.01418507  -0.00000000    -0.01412264  -0.00000000     0.01412264   0.00000000
 -0.00467750  -0.00000000     0.00946930   0.00000000    -0.02225728  -0.00000000
  0.00467750   0.00000000    -0.02225728  -0.00000000     0.00946930   0.00000000
    8    3
  0.00657536   0.00000000     0.01434408   0.00000000    -0.01434408  -0.00000000
  0.01812786   0.00000000    -0.02271195  -0.00000000     0.02640809   0.00000000
 -0.01812786  -0.00000000     0.02640809   0.00000000    -0.02271195  -0.00000000
    8    4
  0.00195713  -0.00000000     0.00010970  -0.00000000    -0.00586108   0.00000000
 -0.00010970   0.00000000    -0.00246181   0.00000000     0.00402483  -0.00000000
 -0.00586108   0.00000000    -0.00402483   0.00000000    -0.00736153   0.00000000
    8    5
 -0.00662121  -0.00000000     0.00210822   0.00000000     0.00435255   0.00000000
 -0.00210822  -0.00000000     0.02200906   0.00000000    -0.00218669  -0.00000000
  0.00435255   0.00000000     0.00218669   0.00000000     0.00453110   0.00000000
    8    6
 -0.01179634   0.00000000    -0.00949333   0.00000000     0.00949333  -0.00000000
  0.00949333   0.00000000     0.01142853   0.00000000    -0.01638699  -0.00000000
 -0.00949333  -0.00000000    -0.01638699  -0.00000000     0.01142853   0.00000000
    8    7
 -0.00936567  -0.00000000     0.01814579   0.00000000    -0.01814579  -0.00000000
 -0.01814579  -0.00000000    -0.01788304  -0.00000000     0.01606972   0.00000000
  0.01814579   0.00000000     0.01606972   0.00000000    -0.01788304  -0.00000000
    8    8
  0.03987386   0.00000000    -0.00215349   0.00000000     0.00215349   0.00000000
 -0.00215349   0.00000000     0.05578875   0.00000000    -0.02633536   0.00000000
  0.00215349   0.00000000    -0.02633536   0.00000000     0.05578875   0.00000000
    8    9
 -0.00260737  -0.00000000     0.00707001   0.00000000    -0.00707001  -0.00000000
  0.00707001   0.00000000    -0.02113417  -0.00000000     0.01972828   0.00000000
 -0.00707001  -0.00000000     0.01972828   0.00000000    -0.02113417  -0.00000000
    8   10
  0.00195713  -0.00000000     0.00586108  -0.00000000    -0.00010970   0.00000000
  0.00586108  -0.00000000    -0.00736153   0.00000000    -0.00402483   0.00000000
  0.00010970  -0.00000000     0.00402483  -0.00000000    -0.00246181   0.00000000
    8   11
 -0.00662121  -0.00000000    -0.00435255  -0.00000000    -0.00210822  -0.00000000
 -0.00435255  -0.00000000     0.00453110   0.00000000     0.00218669   0.00000000
  0.00210822   0.00000000    -0.00218669  -0.00000000     0.02200906   0.00000000
    9    1
 -0.00271779  -0.00000000     0.00021720   0.00000000    -0.00021720  -0.00000000
  0.01410559   0.00000000    -0.00473521  -0.00000000     0.00524964   0.00000000
 -0.01410559  -0.00000000     0.00524964   0.00000000    -0.00473521  -0.00000000
    9    2
  0.00657536   0.00000000     0.01434408   0.00000000    -0.01434408  -0.00000000
  0.01812786   0.00000000    -0.02271195  -0.00000000     0.02640809   0.00000000
 -0.01812786  -0.00000000     0.02640809   0.00000000    -0.02271195  -0.00000000
    9    3
 -0.01418507   0.00000000    -0.01412264   0.00000000     0.01412264  -0.00000000
 -0.00467750   0.00000000     0.00946930  -0.00000000    -0.02225728   0.00000000
  0.00467750  -0.00000000    -0.02225728   0.00000000     0.00946930  -0.00000000
    9    4
 -0.00662121   0.00000000     0.00210822  -0.00000000     0.00435255  -0.00000000
 -0.00210822   0.00000000     0.02200906  -0.00000000    -0.00218669   0.00000000
  0.00435255  -0.00000000     0.00218669  -0.00000000     0.00453110  -0.00000000
    9    5
  0.00195713  -0.00000000     0.00010970  -0.00000000    -0.00586108   0.00000000
 -0.00010970   0.00000000    -0.00246181   0.00000000     0.00402483  -0.00000000
 -0.00586108   0.00000000    -0.00402483   0.00000000    -0.00736153   0.00000000
    9    6
 -0.00936567   0.00000000     0.01814579  -0.00000000    -0.01814579   0.00000000
 -0.01814579   0.00000000    -0.01788304   0.00000000     0.01606972  -0.00000000
  0.01814579  -0.00000000     0.01606972  -0.00000000    -0.01788304   0.00000000
    9    7
 -0.01179634   0.00000000    -0.00949333   0.00000000     0.00949333   0.00000000
  0.00949333   0.00000000     0.01142853   0.00000000    -0.01638699   0.00000000
 -0.00949333   0.00000000    -0.01638699   0.00000000     0.01142853   0.00000000
    9    8
 -0.00260737   0.00000000     0.00707001  -0.00000000    -0.00707001   0.00000000
  0.00707001  -0.00000000    -0.02113417   0.00000000     0.01972828  -0.00000000
 -0.00707001   0.00000000     0.01972828  -0.00000000    -0.02113417   0.00000000
    9    9
  0.03987386   0.00000000    -0.00215349   0.00000000     0.00215349   0.00000000
 -0.00215349   0.00000000     0.05578875   0.00000000    -0.02633536   0.00000000
  0.00215349   0.00000000    -0.02633536   0.00000000     0.05578875   0.00000000
    9   10
 -0.00662121   0.00000000    -0.00435255   0.00000000    -0.00210822   0.00000000
 -0.00435255   0.00000000     0.00453110  -0.00000000     0.00218669  -0.00000000
  0.00210822  -0.00000000    -0.00218669   0.00000000     0.02200906  -0.00000000
    9   11
  0.00195713  -0.00000000     0.00586108  -0.00000000    -0.00010970   0.00000000
  0.00586108  -0.00000000    -0.00736153   0.00000000    -0.00402483   0.00000000
  0.00010970  -0.00000000     0.00402483  -0.00000000    -0.00246181   0.00000000
   10    1
  0.00271779   0.00000000    -0.00021720  -0.00000000    -0.00021720  -0.00000000
 -0.01410559  -0.00000000     0.00473521   0.00000000     0.00524964   0.00000000
 -0.01410559  -0.00000000     0.00524964   0.00000000     0.00473521   0.00000000
   10    2
 -0.01418507  -0.00000000    -0.01412264  -0.00000000    -0.01412264  -0.00000000
 -0.00467750  -0.00000000     0.00946930   0.00000000     0.02225728   0.00000000
 -0.00467750  -0.00000000     0.02225728   0.00000000     0.00946930   0.00000000
   10    3
  0.00657536   0.00000000     0.01434408   0.00000000     0.01434408   0.00000000
  0.01812786   0.00000000    -0.02271195  -0.00000000    -0.02640809  -0.00000000
  0.01812786   0.00000000    -0.02640809  -0.00000000    -0.02271195  -0.00000000
   10    4
 -0.01179634  -0.00000000    -0.00949333  -0.00000000    -0.00949333  -0.00000000
  0.00949333  -0.00000000     0.01142853  -0.00000000     0.01638699   0.00000000
  0.00949333  -0.00000000     0.01638699   0.00000000     0.01142853  -0.00000000
   10    5
 -0.00936567  -0.00000000     0.01814579   0.00000000     0.01814579   0.00000000
 -0.01814579  -0.00000000    -0.01788304  -0.00000000    -0.01606972  -0.00000000
 -0.01814579  -0.00000000    -0.01606972  -0.00000000    -0.01788304  -0.00000000
   10    6
  0.00195713   0.00000000     0.00010970   0.00000000     0.00586108   0.00000000
 -0.00010970  -0.00000000    -0.00246181  -0.00000000    -0.00402483  -0.00000000
  0.00586108   0.00000000     0.00402483   0.00000000    -0.00736153  -0.00000000
   10    7
 -0.00662121  -0.00000000     0.00210822   0.00000000    -0.00435255  -0.00000000
 -0.00210822  -0.00000000     0.02200906   0.00000000     0.00218669   0.00000000
 -0.00435255  -0.00000000    -0.00218669  -0.00000000     0.00453110   0.00000000
   10    8
  0.00195713   0.00000000     0.00586108   0.00000000     0.00010970   0.00000000
  0.00586108   0.00000000    -0.00736153  -0.00000000     0.00402483   0.00000000
 -0.00010970  -0.00000000    -0.00402483  -0.00000000    -0.00246181  -0.00000000
   10    9
 -0.00662121  -0.00000000    -0.00435255  -0.00000000     0.00210822   0.00000000
 -0.00435255  -0.00000000     0.00453110   0.00000000    -0.00218669  -0.00000000
 -0.00210822  -0.00000000     0.00218669   0.00000000     0.02200906   0.00000000
   10   10
  0.03987386   0.00000000    -0.00215349   0.00000000    -0.00215349   0.00000000
 -0.00215349   0.00000000     0.05578875   0.00000000     0.02633536   0.00000000
 -0.00215349   0.00000000     0.02633536   0.00000000     0.05578875   0.00000000
   10   11
 -0.00260737  -0.00000000     0.00707001   0.00000000     0.00707001   0.00000000
  0.00707001   0.00000000    -0.02113417  -0.00000000    -0.01972828  -0.00000000
  0.00707001   0.00000000    -0.01972828  -0.00000000    -0.02113417  -0.00000000
   11    1
  0.00271779   0.00000000    -0.00021720  -0.00000000    -0.00021720  -0.00000000
 -0.01410559  -0.00000000     0.00473521   0.00000000     0.00524964   0.00000000
 -0.01410559  -0.00000000     0.00524964   0.00000000     0.00473521   0.00000000
   11    2
  0.00657536   0.00000000     0.01434408   0.00000000     0.01434408   0.00000000
  0.01812786   0.00000000    -0.02271195  -0.00000000    -0.02640809  -0.00000000
  0.01812786   0.00000000    -0.02640809  -0.00000000    -0.02271195  -0.00000000
   11    3
 -0.01418507  -0.00000000    -0.01412264  -0.00000000    -0.01412264  -0.00000000
 -0.00467750  -0.00000000     0.00946930   0.00000000     0.02225728   0.00000000
 -0.00467750  -0.00000000     0.02225728   0.00000000     0.00946930   0.00000000
   11    4
 -0.00936567   0.00000000     0.01814579  -0.00000000     0.01814579  -0.00000000
 -0.01814579   0.00000000    -0.01788304   0.00000000    -0.01606972   0.00000000
 -0.01814579   0.00000000    -0.01606972   0.00000000    -0.01788304   0.00000000
   11    5
 -0.01179634   0.00000000    -0.00949333   0.00000000    -0.00949333   0.00000000
  0.00949333   0.00000000     0.01142853   0.00000000     0.01638699  -0.00000000
  0.00949333   0.00000000     0.01638699  -0.00000000     0.01142853   0.00000000
   11    6
 -0.00662121   0.00000000     0.00210822  -0.00000000    -0.00435255   0.00000000
 -0.00210822   0.00000000     0.02200906  -0.00000000     0.00218669  -0.00000000
 -0.00435255   0.00000000    -0.00218669   0.00000000     0.00453110  -0.00000000
   11    7
  0.00195713   0.00000000     0.00010970   0.00000000     0.00586108   0.00000000
 -0.00010970  -0.00000000    -0.00246181  -0.00000000    -0.00402483  -0.00000000
  0.00586108   0.00000000     0.00402483   0.00000000    -0.00736153  -0.00000000
   11    8
 -0.00662121   0.00000000    -0.00435255   0.00000000     0.00210822  -0.00000000
 -0.00435255   0.00000000     0.00453110  -0.00000000    -0.00218669   0.00000000
 -0.00210822   0.00000000     0.00218669  -0.00000000     0.02200906  -0.00000000
   11    9
  0.00195713   0.00000000     0.00586108   0.00000000     0.00010970   0.00000000
  0.00586108   0.00000000    -0.00736153  -0.00000000     0.00402483   0.00000000
 -0.00010970  -0.00000000    -0.00402483  -0.00000000    -0.00246181  -0.00000000
   11   10
 -0.00260737   0.00000000     0.00707001  -0.00000000     0.00707001  -0.00000000
  0.00707001  -0.00000000    -0.02113417   0.00000000    -0.01972828   0.00000000
  0.00707001  -0.00000000    -0.01972828   0.00000000    -0.02113417   0.00000000
   11   11
  0.03987386   0.00000000    -0.00215349   0.00000000    -0.00215349   0.00000000
 -0.00215349   0.00000000     0.05578875   0.00000000     0.02633536   0.00000000
 -0.00215349   0.00000000     0.02633536   0.00000000     0.05578875   0.00000000

     Dynamical  Matrix in cartesian axes

     q = (    0.000000000   0.000000000  -0.707106781 ) 

    1    1
  0.07483413   0.00000000    -0.00000000   0.00000000     0.00000000   0.00000000
 -0.00000000   0.00000000     0.07483413   0.00000000     0.00000000   0.00000000
  0.00000000   0.00000000     0.00000000   0.00000000     0.16349642   0.00000000
    1    2
 -0.00000000  -0.00000000    -0.02605810  -0.00000000     0.00000000  -0.00000000
 -0.02605810  -0.00000000    -0.00000000  -0.00000000     0.00000000   0.00000000
  0.00000000  -0.00000000     0.00000000  -0.00000000    -0.00000000  -0.00000000
    1    3
  0.00000000   0.00000000    -0.02605810   0.00000000    -0.00000000  -0.00000000
 -0.02605810   0.00000000     0.00000000   0.00000000    -0.00000000  -0.00000000
 -0.00000000   0.00000000    -0.00000000   0.00000000     0.00000000   0.00000000
    1    4
  0.00473521  -0.00000000     0.00524964  -0.00000000     0.00021720  -0.00000000
  0.00524964  -0.00000000     0.00473521  -0.00000000     0.00021720  -0.00000000
  0.01410559  -0.00000000     0.01410559  -0.00000000     0.00271779  -0.00000000
    1    5
  0.00473521  -0.00000000     0.00524964  -0.00000000     0.00021720  -0.00000000
  0.00524964  -0.00000000     0.00473521  -0.00000000     0.00021720  -0.00000000
  0.01410559  -0.00000000     0.01410559  -0.00000000     0.00271779  -0.00000000
    1    6
  0.00473521  -0.00000000     0.00524964  -0.00000000    -0.00021720   0.00000000
  0.00524964  -0.00000000     0.00473521  -0.00000000    -0.00021720   0.00000000
 -0.01410559   0.00000000    -0.01410559   0.00000000     0.00271779  -0.00000000
    1    7
  0.00473521  -0.00000000     0.00524964  -0.00000000    -0.00021720   0.00000000
  0.00524964  -0.00000000     0.00473521  -0.00000000    -0.00021720   0.00000000
 -0.01410559   0.00000000    -0.01410559   0.00000000     0.00271779  -0.00000000
    1    8
 -0.00473521   0.00000000     0.00524964  -0.00000000    -0.00021720   0.00000000
  0.00524964  -0.00000000    -0.00473521   0.00000000     0.00021720  -0.00000000
 -0.01410559   0.00000000     0.01410559  -0.00000000    -0.00271779   0.00000000
    1    9
 -0.00473521   0.00000000     0.00524964  -0.00000000    -0.00021720   0.00000000
  0.00524964  -0.00000000    -0.00473521   0.00000000     0.00021720  -0.00000000
 -0.01410559   0.00000000     0.01410559  -0.00000000    -0.00271779   0.00000000
    1   10
 -0.00473521   0.00000000     0.00524964  -0.00000000     0.00021720  -0.00000000
  0.00524964  -0.00000000    -0.00473521   0.00000000    -0.00021720   0.00000000
  0.01410559  -0.00000000    -0.01410559   0.00000000    -0.00271779   0.00000000
    1   11
 -0.00473521   0.00000000     0.00524964  -0.00000000     0.00021720  -0.00000000
  0.00524964  -0.00000000    -0.00473521   0.00000000    -0.00021720   0.00000000
  0.01410559  -0.00000000    -0.01410559   0.00000000    -0.00271779   0.00000000
    2    1
 -0.00000000   0.00000000    -0.02605810   0.00000000     0.00000000   0.00000000
 -0.02605810   0.00000000    -0.00000000   0.00000000     0.00000000   0.00000000
  0.00000000  -0.00000000     0.00000000   0.00000000     0.00000000   0.00000000
    2    2
  0.06672474   0.00000000     0.00000000   0.00000000     0.00000000   0.00000000
  0.00000000   0.00000000     0.06672474   0.00000000     0.00000000   0.00000000
  0.00000000   0.00000000    -0.00000000   0.00000000     0.08757259   0.00000000
    2    3
 -0.02959643   0.00000000     0.00000000   0.00000000     0.00000000   0.00000000
  0.00000000   0.00000000    -0.02959643   0.00000000     0.00000000   0.00000000
  0.00000000   0.00000000     0.00000000   0.00000000    -0.01411460   0.00000000
    2    4
  0.00946930  -0.00000000     0.02225728  -0.00000000     0.01412264  -0.00000000
  0.02225728  -0.00000000     0.00946930  -0.00000000     0.01412264  -0.00000000
  0.00467750  -0.00000000     0.00467750  -0.00000000    -0.01418507   0.00000000
    2    5
 -0.02271195   0.00000000    -0.02640809   0.00000000    -0.01434408   0.00000000
 -0.02640809   0.00000000    -0.02271195   0.00000000    -0.01434408   0.00000000
 -0.01812786   0.00000000    -0.01812786   0.00000000     0.00657536  -0.00000000
    2    6
  0.00946930  -0.00000000     0.02225728  -0.00000000    -0.01412264   0.00000000
  0.02225728  -0.00000000     0.00946930  -0.00000000    -0.01412264   0.00000000
 -0.00467750   0.00000000    -0.00467750   0.00000000    -0.01418507   0.00000000
    2    7
 -0.02271195   0.00000000    -0.02640809   0.00000000     0.01434408  -0.00000000
 -0.02640809   0.00000000    -0.02271195   0.00000000     0.01434408  -0.00000000
  0.01812786  -0.00000000     0.01812786  -0.00000000     0.00657536  -0.00000000
    2    8
  0.00946930  -0.00000000    -0.02225728   0.00000000     0.01412264  -0.00000000
 -0.02225728   0.00000000     0.00946930  -0.00000000    -0.01412264   0.00000000
  0.00467750  -0.00000000    -0.00467750   0.00000000    -0.01418507   0.00000000
    2    9
 -0.02271195   0.00000000     0.02640809  -0.00000000    -0.01434408   0.00000000
  0.02640809  -0.00000000    -0.02271195   0.00000000     0.01434408  -0.00000000
 -0.01812786   0.00000000     0.01812786  -0.00000000     0.00657536  -0.00000000
    2   10
  0.00946930  -0.00000000    -0.02225728   0.00000000    -0.01412264   0.00000000
 -0.02225728   0.00000000     0.00946930  -0.00000000     0.01412264  -0.00000000
 -0.00467750   0.00000000     0.00467750  -0.00000000    -0.01418507   0.00000000
    2   11
 -0.02271195   0.00000000     0.02640809  -0.00000000     0.01434408  -0.00000000
  0.02640809  -0.00000000    -0.02271195   0.00000000    -0.01434408   0.00000000
  0.01812786  -0.00000000    -0.01812786   0.00000000     0.00657536  -0.00000000
    3    1
  0.00000000  -0.00000000    -0.02605810  -0.00000000     0.00000000  -0.00000000
 -0.02605810  -0.00000000    -0.00000000  -0.00000000     0.00000000  -0.00000000
  0.00000000   0.00000000     0.00000000  -0.00000000     0.00000000  -0.00000000
    3    2
 -0.02959643  -0.00000000     0.00000000  -0.00000000     0.00000000   0.00000000
  0.00000000  -0.00000000    -0.02959643  -0.00000000     0.00000000   0.00000000
  0.00000000  -0.00000000     0.00000000  -0.00000000    -0.01411460  -0.00000000
    3    3
  0.06672474   0.00000000     0.00000000   0.00000000     0.00000000   0.00000000
  0.00000000   0.00000000     0.06672474   0.00000000     0.00000000   0.00000000
  0.00000000   0.00000000     0.00000000   0.00000000     0.08757259   0.00000000
    3    4
 -0.02271195   0.00000000    -0.02640809   0.00000000    -0.01434408   0.00000000
 -0.02640809   0.00000000    -0.02271195   0.00000000    -0.01434408   0.00000000
 -0.01812786   0.00000000    -0.01812786   0.00000000     0.00657536  -0.00000000
    3    5
  0.00946930  -0.00000000     0.02225728  -0.00000000     0.01412264  -0.00000000
  0.02225728  -0.00000000     0.00946930  -0.00000000     0.01412264  -0.00000000
  0.00467750  -0.00000000     0.00467750  -0.00000000    -0.01418507   0.00000000
    3    6
 -0.02271195   0.00000000    -0.02640809   0.00000000     0.01434408  -0.00000000
 -0.02640809   0.00000000    -0.02271195   0.00000000     0.01434408  -0.00000000
  0.01812786  -0.00000000     0.01812786  -0.00000000     0.00657536  -0.00000000
    3    7
  0.00946930  -0.00000000     0.02225728  -0.00000000    -0.01412264   0.00000000
  0.02225728  -0.00000000     0.00946930  -0.00000000    -0.01412264   0.00000000
 -0.00467750   0.00000000    -0.00467750   0.00000000    -0.01418507   0.00000000
    3    8
 -0.02271195   0.00000000     0.02640809  -0.00000000    -0.01434408   0.00000000
  0.02640809  -0.00000000    -0.02271195   0.00000000     0.01434408  -0.00000000
 -0.01812786   0.00000000     0.01812786  -0.00000000     0.00657536  -0.00000000
    3    9
  0.00946930   0.00000000    -0.02225728  -0.00000000     0.01412264   0.00000000
 -0.02225728  -0.00000000     0.00946930   0.00000000    -0.01412264  -0.00000000
  0.00467750   0.00000000    -0.00467750  -0.00000000    -0.01418507  -0.00000000
    3   10
 -0.02271195   0.00000000     0.02640809  -0.00000000     0.01434408  -0.00000000
  0.02640809  -0.00000000    -0.02271195   0.00000000    -0.01434408   0.00000000
  0.01812786  -0.00000000    -0.01812786   0.00000000     0.00657536  -0.00000000
    3   11
  0.00946930   0.00000000    -0.02225728  -0.00000000    -0.01412264  -0.00000000
 -0.02225728  -0.00000000     0.00946930   0.00000000     0.01412264   0.00000000
 -0.00467750  -0.00000000     0.00467750   0.00000000    -0.01418507  -0.00000000
    4    1
  0.00473521   0.00000000     0.00524964   0.00000000     0.01410559   0.00000000
