  1.000000000000000E-002   1.62564894158596        4.49115391218799     
           6

     Dynamical  Matrix in cartesian axes

     q = (    0.471404521   0.000000000   0.000000000 ) 

    1    1
  0.25721532   0.00000000    -0.00000000   0.00000000    -0.00000000   0.00000000
 -0.00000000   0.00000000     0.08413489   0.00000000     0.00000000   0.00000000
 -0.00000000   0.00000000     0.00000000   0.00000000     0.08413489   0.00000000
    1    2
  0.02968073   0.05140853    -0.00000000   0.00000000     0.00000000  -0.00000000
  0.00000000  -0.00000000    -0.00942628  -0.01632680    -0.01938515   0.01119202
  0.00000000   0.00000000    -0.01938515   0.01119202    -0.00942628  -0.01632680
    1    3
  0.02968073  -0.05140853    -0.00000000  -0.00000000     0.00000000   0.00000000
  0.00000000   0.00000000    -0.00942628   0.01632680    -0.01938515  -0.01119202
  0.00000000  -0.00000000    -0.01938515  -0.01119202    -0.00942628   0.01632680
    1    4
  0.00987422  -0.01417627    -0.00091505   0.01432434    -0.00091505   0.01432434
  0.00863104  -0.00487860     0.00522935   0.00107972     0.00720650   0.00368941
  0.00863104  -0.00487860     0.00720650   0.00368941     0.00522935   0.00107972
    1    5
  0.00987422   0.01417627    -0.00091505  -0.01432434    -0.00091505  -0.01432434
  0.00863104   0.00487860     0.00522935  -0.00107972     0.00720650  -0.00368941
  0.00863104   0.00487860     0.00720650  -0.00368941     0.00522935  -0.00107972
    1    6
  0.00733990  -0.01563945    -0.01194772   0.00795463     0.01194772  -0.00795463
 -0.00009053  -0.00991401    -0.00354974  -0.00398888     0.00679838   0.00439631
  0.00009053   0.00991401     0.00679838   0.00439631    -0.00354974  -0.00398888
    1    7
  0.00733990   0.01563945    -0.01194772  -0.00795463     0.01194772   0.00795463
 -0.00009053   0.00991401    -0.00354974   0.00398888     0.00679838  -0.00439631
  0.00009053  -0.00991401     0.00679838  -0.00439631    -0.00354974   0.00398888
    1    8
  0.00733990  -0.01563945     0.01194772  -0.00795463    -0.01194772   0.00795463
  0.00009053   0.00991401    -0.00354974  -0.00398888     0.00679838   0.00439631
 -0.00009053  -0.00991401     0.00679838   0.00439631    -0.00354974  -0.00398888
    1    9
  0.00733990   0.01563945     0.01194772   0.00795463    -0.01194772  -0.00795463
  0.00009053  -0.00991401    -0.00354974   0.00398888     0.00679838  -0.00439631
 -0.00009053   0.00991401     0.00679838  -0.00439631    -0.00354974   0.00398888
    1   10
  0.00987422  -0.01417627     0.00091505  -0.01432434     0.00091505  -0.01432434
 -0.00863104   0.00487860     0.00522935   0.00107972     0.00720650   0.00368941
 -0.00863104   0.00487860     0.00720650   0.00368941     0.00522935   0.00107972
    1   11
  0.00987422   0.01417627     0.00091505   0.01432434     0.00091505   0.01432434
 -0.00863104  -0.00487860     0.00522935  -0.00107972     0.00720650  -0.00368941
 -0.00863104  -0.00487860     0.00720650  -0.00368941     0.00522935  -0.00107972
    2    1
  0.02968073  -0.05140853     0.00000000   0.00000000     0.00000000   0.00000000
  0.00000000  -0.00000000    -0.00942628   0.01632680    -0.01938515  -0.01119202
  0.00000000   0.00000000    -0.01938515  -0.01119202    -0.00942628   0.01632680
    2    2
  0.09833700   0.00000000     0.00000000   0.00000000     0.00000000   0.00000000
  0.00000000   0.00000000     0.02744596  -0.00000000     0.00000000  -0.00000000
  0.00000000  -0.00000000     0.00000000  -0.00000000     0.02744596  -0.00000000
    2    3
 -0.00865733  -0.01499493     0.00000000  -0.00000000     0.00000000   0.00000000
 -0.00000000  -0.00000000    -0.00075364  -0.00130535     0.01154684  -0.00666657
  0.00000000   0.00000000     0.01154684  -0.00666657    -0.00075364  -0.00130535
    2    4
 -0.00648571  -0.02406952     0.00121527   0.00735922     0.00121527   0.00735922
 -0.00326299   0.00187604    -0.00237003   0.00136744    -0.00158164   0.00464401
 -0.00326299   0.00187604    -0.00158164   0.00464401    -0.00237003   0.00136744
    2    5
  0.00806483  -0.00627098    -0.02178518   0.00396333    -0.02178518   0.00396333
 -0.00755947  -0.00066899    -0.00760019   0.00156098    -0.00816963  -0.00043746
 -0.00755947  -0.00066899    -0.00816963  -0.00043746    -0.00760019   0.00156098
    2    6
 -0.01760196  -0.01765155     0.00576563   0.00473206    -0.00576563  -0.00473206
  0.00325619  -0.00188782     0.00236925  -0.00136878    -0.00481264  -0.00095227
 -0.00325619   0.00188782    -0.00481264  -0.00095227     0.00236925  -0.00136878
    2    7
  0.00806483   0.00627098    -0.02178518  -0.00396333     0.02178518   0.00396333
 -0.00755947   0.00066899    -0.00760019  -0.00156098     0.00816963  -0.00043746
  0.00755947  -0.00066899     0.00816963  -0.00043746    -0.00760019  -0.00156098
    2    8
 -0.01760196  -0.01765155    -0.00576563  -0.00473206     0.00576563   0.00473206
 -0.00325619   0.00188782     0.00236925  -0.00136878    -0.00481264  -0.00095227
  0.00325619  -0.00188782    -0.00481264  -0.00095227     0.00236925  -0.00136878
    2    9
  0.00806483   0.00627098     0.02178518   0.00396333    -0.02178518  -0.00396333
  0.00755947  -0.00066899    -0.00760019  -0.00156098     0.00816963  -0.00043746
 -0.00755947   0.00066899     0.00816963  -0.00043746    -0.00760019  -0.00156098
    2   10
 -0.00648571  -0.02406952    -0.00121527  -0.00735922    -0.00121527  -0.00735922
  0.00326299  -0.00187604    -0.00237003   0.00136744    -0.00158164   0.00464401
  0.00326299  -0.00187604    -0.00158164   0.00464401    -0.00237003   0.00136744
    2   11
  0.00806483  -0.00627098     0.02178518  -0.00396333     0.02178518  -0.00396333
  0.00755947   0.00066899    -0.00760019   0.00156098    -0.00816963  -0.00043746
  0.00755947   0.00066899    -0.00816963  -0.00043746    -0.00760019   0.00156098
    3    1
  0.02968073   0.05140853     0.00000000   0.00000000     0.00000000   0.00000000
  0.00000000   0.00000000    -0.00942628  -0.01632680    -0.01938515   0.01119202
  0.00000000  -0.00000000    -0.01938515   0.01119202    -0.00942628  -0.01632680
    3    2
 -0.00865733   0.01499493     0.00000000   0.00000000     0.00000000  -0.00000000
 -0.00000000   0.00000000    -0.00075364   0.00130535     0.01154684   0.00666657
  0.00000000  -0.00000000     0.01154684   0.00666657    -0.00075364   0.00130535
    3    3
  0.09833700  -0.00000000     0.00000000  -0.00000000     0.00000000  -0.00000000
  0.00000000  -0.00000000     0.02744596   0.00000000     0.00000000   0.00000000
  0.00000000   0.00000000     0.00000000   0.00000000     0.02744596   0.00000000
    3    4
  0.00806483   0.00627098    -0.02178518  -0.00396333    -0.02178518  -0.00396333
 -0.00755947   0.00066899    -0.00760019  -0.00156098    -0.00816963   0.00043746
 -0.00755947   0.00066899    -0.00816963   0.00043746    -0.00760019  -0.00156098
    3    5
 -0.00648571   0.02406952     0.00121527  -0.00735922     0.00121527  -0.00735922
 -0.00326299  -0.00187604    -0.00237003  -0.00136744    -0.00158164  -0.00464401
 -0.00326299  -0.00187604    -0.00158164  -0.00464401    -0.00237003  -0.00136744
    3    6
  0.00806483  -0.00627098    -0.02178518   0.00396333     0.02178518  -0.00396333
 -0.00755947  -0.00066899    -0.00760019   0.00156098     0.00816963   0.00043746
  0.00755947   0.00066899     0.00816963   0.00043746    -0.00760019   0.00156098
    3    7
 -0.01760196   0.01765155     0.00576563  -0.00473206    -0.00576563   0.00473206
  0.00325619   0.00188782     0.00236925   0.00136878    -0.00481264   0.00095227
 -0.00325619  -0.00188782    -0.00481264   0.00095227     0.00236925   0.00136878
    3    8
  0.00806483  -0.00627098     0.02178518  -0.00396333    -0.02178518   0.00396333
  0.00755947   0.00066899    -0.00760019   0.00156098     0.00816963   0.00043746
 -0.00755947  -0.00066899     0.00816963   0.00043746    -0.00760019   0.00156098
    3    9
 -0.01760196   0.01765155    -0.00576563   0.00473206     0.00576563  -0.00473206
 -0.00325619  -0.00188782     0.00236925   0.00136878    -0.00481264   0.00095227
  0.00325619   0.00188782    -0.00481264   0.00095227     0.00236925   0.00136878
    3   10
  0.00806483   0.00627098     0.02178518   0.00396333     0.02178518   0.00396333
  0.00755947  -0.00066899    -0.00760019  -0.00156098    -0.00816963   0.00043746
  0.00755947  -0.00066899    -0.00816963   0.00043746    -0.00760019  -0.00156098
    3   11
 -0.00648571   0.02406952    -0.00121527   0.00735922    -0.00121527   0.00735922
  0.00326299   0.00187604    -0.00237003  -0.00136744    -0.00158164  -0.00464401
  0.00326299   0.00187604    -0.00158164  -0.00464401    -0.00237003  -0.00136744
    4    1
  0.00987422   0.01417627     0.00863104   0.00487860     0.00863104   0.00487860
 -0.00091505  -0.01432434     0.00522935  -0.00107972     0.00720650  -0.00368941
 -0.00091505  -0.01432434     0.00720650  -0.00368941     0.00522935  -0.00107972
    4    2
 -0.00648571   0.02406952    -0.00326299  -0.00187604    -0.00326299  -0.00187604
  0.00121527  -0.00735922    -0.00237003  -0.00136744    -0.00158164  -0.00464401
  0.00121527  -0.00735922    -0.00158164  -0.00464401    -0.00237003  -0.00136744
    4    3
  0.00806483  -0.00627098    -0.00755947  -0.00066899    -0.00755947  -0.00066899
 -0.02178518   0.00396333    -0.00760019   0.00156098    -0.00816963  -0.00043746
 -0.02178518   0.00396333    -0.00816963  -0.00043746    -0.00760019   0.00156098
    4    4
  0.03758716  -0.00000000    -0.00470268  -0.00063013    -0.00470268  -0.00063013
 -0.00470268   0.00063013     0.03292330   0.00000000     0.00768757   0.00000000
 -0.00470268   0.00063013     0.00768757  -0.00000000     0.03292330  -0.00000000
    4    5
  0.00672905  -0.00127746     0.00115785  -0.00007275     0.00115785  -0.00007275
  0.00115785  -0.00007275     0.00499128   0.00165944    -0.00409301   0.00568779
  0.00115785  -0.00007275    -0.00409301   0.00568779     0.00499128   0.00165944
    4    6
  0.00807676  -0.00090814    -0.00316200   0.00288296     0.00467476  -0.00323485
 -0.00316200   0.00288296    -0.00283511  -0.00665309    -0.00380557   0.00020599
 -0.00467476   0.00323485     0.00380557  -0.00020599    -0.00109927   0.00424747
    4    7
  0.00074187  -0.00128496     0.00208911  -0.00613008    -0.00106332   0.00552118
  0.00426425  -0.00487427    -0.00367545   0.00636607    -0.00067366   0.00145715
  0.00424982  -0.00368145     0.00092510  -0.00131198     0.00885328  -0.01533433
    4    8
  0.00807676  -0.00090814     0.00467476  -0.00323485    -0.00316200   0.00288296
 -0.00467476   0.00323485    -0.00109927   0.00424747     0.00380557  -0.00020599
 -0.00316200   0.00288296    -0.00380557   0.00020599    -0.00283511  -0.00665309
    4    9
  0.00074187  -0.00128496    -0.00106332   0.00552118     0.00208911  -0.00613008
  0.00424982  -0.00368145     0.00885328  -0.01533433     0.00092510  -0.00131198
  0.00426425  -0.00487427    -0.00067366   0.00145715    -0.00367545   0.00636607
    4   10
  0.00816128  -0.00000000     0.00659932   0.00224808     0.00659932   0.00224808
 -0.00659932   0.00224808    -0.00889356   0.00000000     0.00457030   0.00000000
 -0.00659932   0.00224808     0.00457030   0.00000000    -0.00889356  -0.00000000
    4   11
  0.01159811   0.01254010     0.00451745   0.00541152     0.00451745   0.00541152
 -0.00451745  -0.00541152    -0.00865410   0.00526440     0.00224208   0.00206891
 -0.00451745  -0.00541152     0.00224208   0.00206891    -0.00865410   0.00526440
    5    1
  0.00987422  -0.01417627     0.00863104  -0.00487860     0.00863104  -0.00487860
 -0.00091505   0.01432434     0.00522935   0.00107972     0.00720650   0.00368941
 -0.00091505   0.01432434     0.00720650   0.00368941     0.00522935   0.00107972
    5    2
  0.00806483   0.00627098    -0.00755947   0.00066899    -0.00755947   0.00066899
 -0.02178518  -0.00396333    -0.00760019  -0.00156098    -0.00816963   0.00043746
 -0.02178518  -0.00396333    -0.00816963   0.00043746    -0.00760019  -0.00156098
    5    3
 -0.00648571  -0.02406952    -0.00326299   0.00187604    -0.00326299   0.00187604
  0.00121527   0.00735922    -0.00237003   0.00136744    -0.00158164   0.00464401
  0.00121527   0.00735922    -0.00158164   0.00464401    -0.00237003   0.00136744
    5    4
  0.00672905   0.00127746     0.00115785   0.00007275     0.00115785   0.00007275
  0.00115785   0.00007275     0.00499128  -0.00165944    -0.00409301  -0.00568779
  0.00115785   0.00007275    -0.00409301  -0.00568779     0.00499128  -0.00165944
    5    5
  0.03758716   0.00000000    -0.00470268   0.00063013    -0.00470268   0.00063013
 -0.00470268  -0.00063013     0.03292330  -0.00000000     0.00768757  -0.00000000
 -0.00470268  -0.00063013     0.00768757   0.00000000     0.03292330   0.00000000
    5    6
  0.00074187   0.00128496     0.00208911   0.00613008    -0.00106332  -0.00552118
  0.00426425   0.00487427    -0.00367545  -0.00636607    -0.00067366  -0.00145715
  0.00424982   0.00368145     0.00092510   0.00131198     0.00885328   0.01533433
    5    7
  0.00807676   0.00090814    -0.00316200  -0.00288296     0.00467476   0.00323485
 -0.00316200  -0.00288296    -0.00283511   0.00665309    -0.00380557  -0.00020599
 -0.00467476  -0.00323485     0.00380557   0.00020599    -0.00109927  -0.00424747
    5    8
  0.00074187   0.00128496    -0.00106332  -0.00552118     0.00208911   0.00613008
  0.00424982   0.00368145     0.00885328   0.01533433     0.00092510   0.00131198
  0.00426425   0.00487427    -0.00067366  -0.00145715    -0.00367545  -0.00636607
    5    9
  0.00807676   0.00090814     0.00467476   0.00323485    -0.00316200  -0.00288296
 -0.00467476  -0.00323485    -0.00109927  -0.00424747     0.00380557   0.00020599
 -0.00316200  -0.00288296    -0.00380557  -0.00020599    -0.00283511   0.00665309
    5   10
  0.01159811  -0.01254010     0.00451745  -0.00541152     0.00451745  -0.00541152
 -0.00451745   0.00541152    -0.00865410  -0.00526440     0.00224208  -0.00206891
 -0.00451745   0.00541152     0.00224208  -0.00206891    -0.00865410  -0.00526440
    5   11
  0.00816128   0.00000000     0.00659932  -0.00224808     0.00659932  -0.00224808
 -0.00659932  -0.00224808    -0.00889356   0.00000000     0.00457030  -0.00000000
 -0.00659932  -0.00224808     0.00457030  -0.00000000    -0.00889356   0.00000000
    6    1
  0.00733990   0.01563945    -0.00009053   0.00991401     0.00009053  -0.00991401
 -0.01194772  -0.00795463    -0.00354974   0.00398888     0.00679838  -0.00439631
  0.01194772   0.00795463     0.00679838  -0.00439631    -0.00354974   0.00398888
    6    2
 -0.01760196   0.01765155     0.00325619   0.00188782    -0.00325619  -0.00188782
  0.00576563  -0.00473206     0.00236925   0.00136878    -0.00481264   0.00095227
 -0.00576563   0.00473206    -0.00481264   0.00095227     0.00236925   0.00136878
    6    3
  0.00806483   0.00627098    -0.00755947   0.00066899     0.00755947  -0.00066899
 -0.02178518  -0.00396333    -0.00760019  -0.00156098     0.00816963  -0.00043746
  0.02178518   0.00396333     0.00816963  -0.00043746    -0.00760019  -0.00156098
    6    4
  0.00807676   0.00090814    -0.00316200  -0.00288296    -0.00467476  -0.00323485
 -0.00316200  -0.00288296    -0.00283511   0.00665309     0.00380557   0.00020599
  0.00467476   0.00323485    -0.00380557  -0.00020599    -0.00109927  -0.00424747
    6    5
  0.00074187  -0.00128496     0.00426425  -0.00487427     0.00424982  -0.00368145
  0.00208911  -0.00613008    -0.00367545   0.00636607     0.00092510  -0.00131198
 -0.00106332   0.00552118    -0.00067366   0.00145715     0.00885328  -0.01533433
    6    6
  0.03758716   0.00000000    -0.00470268   0.00063013     0.00470268  -0.00063013
 -0.00470268  -0.00063013     0.03292330  -0.00000000    -0.00768757   0.00000000
  0.00470268   0.00063013    -0.00768757  -0.00000000     0.03292330  -0.00000000
    6    7
 -0.00225821  -0.00646626    -0.00051592  -0.00103910     0.00051592   0.00103910
 -0.00051592  -0.00103910    -0.00393276  -0.00349286     0.00287926  -0.00638855
  0.00051592   0.00103910     0.00287926  -0.00638855    -0.00393276  -0.00349286
    6    8
  0.00816128   0.00000000     0.00659932  -0.00224808    -0.00659932   0.00224808
 -0.00659932  -0.00224808    -0.00889356   0.00000000    -0.00457030  -0.00000000
  0.00659932   0.00224808    -0.00457030  -0.00000000    -0.00889356   0.00000000
    6    9
 -0.01665910  -0.00377420    -0.00694524  -0.00120647     0.00694524   0.00120647
  0.00694524   0.00120647    -0.00023205   0.01012687     0.00291277   0.00090724
 -0.00694524  -0.00120647     0.00291277   0.00090724    -0.00023205   0.01012687
    6   10
  0.00807676   0.00090814     0.00467476   0.00323485     0.00316200   0.00288296
 -0.00467476  -0.00323485    -0.00109927  -0.00424747    -0.00380557  -0.00020599
  0.00316200   0.00288296     0.00380557   0.00020599    -0.00283511   0.00665309
    6   11
  0.00074187  -0.00128496    -0.00424982   0.00368145    -0.00426425   0.00487427
  0.00106332  -0.00552118     0.00885328  -0.01533433    -0.00067366   0.00145715
 -0.00208911   0.00613008     0.00092510  -0.00131198    -0.00367545   0.00636607
    7    1
  0.00733990  -0.01563945    -0.00009053  -0.00991401     0.00009053   0.00991401
 -0.01194772   0.00795463    -0.00354974  -0.00398888     0.00679838   0.00439631
  0.01194772  -0.00795463     0.00679838   0.00439631    -0.00354974  -0.00398888
    7    2
  0.00806483  -0.00627098    -0.00755947  -0.00066899     0.00755947   0.00066899
 -0.02178518   0.00396333    -0.00760019   0.00156098     0.00816963   0.00043746
  0.02178518  -0.00396333     0.00816963   0.00043746    -0.00760019   0.00156098
    7    3
 -0.01760196  -0.01765155     0.00325619  -0.00188782    -0.00325619   0.00188782
  0.00576563   0.00473206     0.00236925  -0.00136878    -0.00481264  -0.00095227
 -0.00576563  -0.00473206    -0.00481264  -0.00095227     0.00236925  -0.00136878
    7    4
  0.00074187   0.00128496     0.00426425   0.00487427     0.00424982   0.00368145
  0.00208911   0.00613008    -0.00367545  -0.00636607     0.00092510   0.00131198
 -0.00106332  -0.00552118    -0.00067366  -0.00145715     0.00885328   0.01533433
    7    5
  0.00807676  -0.00090814    -0.00316200   0.00288296    -0.00467476   0.00323485
 -0.00316200   0.00288296    -0.00283511  -0.00665309     0.00380557  -0.00020599
  0.00467476  -0.00323485    -0.00380557   0.00020599    -0.00109927   0.00424747
    7    6
 -0.00225821   0.00646626    -0.00051592   0.00103910     0.00051592  -0.00103910
 -0.00051592   0.00103910    -0.00393276   0.00349286     0.00287926   0.00638855
  0.00051592  -0.00103910     0.00287926   0.00638855    -0.00393276   0.00349286
    7    7
  0.03758716  -0.00000000    -0.00470268  -0.00063013     0.00470268   0.00063013
 -0.00470268   0.00063013     0.03292330   0.00000000    -0.00768757  -0.00000000
  0.00470268  -0.00063013    -0.00768757   0.00000000     0.03292330   0.00000000
    7    8
 -0.01665910   0.00377420    -0.00694524   0.00120647     0.00694524  -0.00120647
  0.00694524  -0.00120647    -0.00023205  -0.01012687     0.00291277  -0.00090724
 -0.00694524   0.00120647     0.00291277  -0.00090724    -0.00023205  -0.01012687
    7    9
  0.00816128  -0.00000000     0.00659932   0.00224808    -0.00659932  -0.00224808
 -0.00659932   0.00224808    -0.00889356  -0.00000000    -0.00457030   0.00000000
  0.00659932  -0.00224808    -0.00457030   0.00000000    -0.00889356  -0.00000000
    7   10
  0.00074187   0.00128496    -0.00424982  -0.00368145    -0.00426425  -0.00487427
  0.00106332   0.00552118     0.00885328   0.01533433    -0.00067366  -0.00145715
 -0.00208911  -0.00613008     0.00092510   0.00131198    -0.00367545  -0.00636607
    7   11
  0.00807676  -0.00090814     0.00467476  -0.00323485     0.00316200  -0.00288296
 -0.00467476   0.00323485    -0.00109927   0.00424747    -0.00380557   0.00020599
  0.00316200  -0.00288296     0.00380557  -0.00020599    -0.00283511  -0.00665309
    8    1
  0.00733990   0.01563945     0.00009053  -0.00991401    -0.00009053   0.00991401
  0.01194772   0.00795463    -0.00354974   0.00398888     0.00679838  -0.00439631
 -0.01194772  -0.00795463     0.00679838  -0.00439631    -0.00354974   0.00398888
    8    2
 -0.01760196   0.01765155    -0.00325619  -0.00188782     0.00325619   0.00188782
 -0.00576563   0.00473206     0.00236925   0.00136878    -0.00481264   0.00095227
  0.00576563  -0.00473206    -0.00481264   0.00095227     0.00236925   0.00136878
    8    3
  0.00806483   0.00627098     0.00755947  -0.00066899    -0.00755947   0.00066899
  0.02178518   0.00396333    -0.00760019  -0.00156098     0.00816963  -0.00043746
 -0.02178518  -0.00396333     0.00816963  -0.00043746    -0.00760019  -0.00156098
    8    4
  0.00807676   0.00090814    -0.00467476  -0.00323485    -0.00316200  -0.00288296
  0.00467476   0.00323485    -0.00109927  -0.00424747    -0.00380557  -0.00020599
 -0.00316200  -0.00288296     0.00380557   0.00020599    -0.00283511   0.00665309
    8    5
  0.00074187  -0.00128496     0.00424982  -0.00368145     0.00426425  -0.00487427
 -0.00106332   0.00552118     0.00885328  -0.01533433    -0.00067366   0.00145715
  0.00208911  -0.00613008     0.00092510  -0.00131198    -0.00367545   0.00636607
    8    6
  0.00816128   0.00000000    -0.00659932   0.00224808     0.00659932  -0.00224808
  0.00659932   0.00224808    -0.00889356   0.00000000    -0.00457030  -0.00000000
 -0.00659932  -0.00224808    -0.00457030  -0.00000000    -0.00889356   0.00000000
    8    7
 -0.01665910  -0.00377420     0.00694524   0.00120647    -0.00694524  -0.00120647
 -0.00694524  -0.00120647    -0.00023205   0.01012687     0.00291277   0.00090724
  0.00694524   0.00120647     0.00291277   0.00090724    -0.00023205   0.01012687
    8    8
  0.03758716   0.00000000     0.00470268  -0.00063013    -0.00470268   0.00063013
  0.00470268   0.00063013     0.03292330  -0.00000000    -0.00768757   0.00000000
 -0.00470268  -0.00063013    -0.00768757   0.00000000     0.03292330  -0.00000000
    8    9
 -0.00225821  -0.00646626     0.00051592   0.00103910    -0.00051592  -0.00103910
  0.00051592   0.00103910    -0.00393276  -0.00349286     0.00287926  -0.00638855
 -0.00051592  -0.00103910     0.00287926  -0.00638855    -0.00393276  -0.00349286
    8   10
  0.00807676   0.00090814     0.00316200   0.00288296     0.00467476   0.00323485
  0.00316200   0.00288296    -0.00283511   0.00665309     0.00380557   0.00020599
 -0.00467476  -0.00323485    -0.00380557  -0.00020599    -0.00109927  -0.00424747
    8   11
  0.00074187  -0.00128496    -0.00426425   0.00487427    -0.00424982   0.00368145
 -0.00208911   0.00613008    -0.00367545   0.00636607     0.00092510  -0.00131198
  0.00106332  -0.00552118    -0.00067366   0.00145715     0.00885328  -0.01533433
    9    1
  0.00733990  -0.01563945     0.00009053   0.00991401    -0.00009053  -0.00991401
  0.01194772  -0.00795463    -0.00354974  -0.00398888     0.00679838   0.00439631
 -0.01194772   0.00795463     0.00679838   0.00439631    -0.00354974  -0.00398888
    9    2
  0.00806483  -0.00627098     0.00755947   0.00066899    -0.00755947  -0.00066899
  0.02178518  -0.00396333    -0.00760019   0.00156098     0.00816963   0.00043746
 -0.02178518   0.00396333     0.00816963   0.00043746    -0.00760019   0.00156098
    9    3
 -0.01760196  -0.01765155    -0.00325619   0.00188782     0.00325619  -0.00188782
 -0.00576563  -0.00473206     0.00236925  -0.00136878    -0.00481264  -0.00095227
  0.00576563   0.00473206    -0.00481264  -0.00095227     0.00236925  -0.00136878
    9    4
  0.00074187   0.00128496     0.00424982   0.00368145     0.00426425   0.00487427
 -0.00106332  -0.00552118     0.00885328   0.01533433    -0.00067366  -0.00145715
  0.00208911   0.00613008     0.00092510   0.00131198    -0.00367545  -0.00636607
    9    5
  0.00807676  -0.00090814    -0.00467476   0.00323485    -0.00316200   0.00288296
  0.00467476  -0.00323485    -0.00109927   0.00424747    -0.00380557   0.00020599
 -0.00316200   0.00288296     0.00380557  -0.00020599    -0.00283511  -0.00665309
    9    6
 -0.01665910   0.00377420     0.00694524  -0.00120647    -0.00694524   0.00120647
 -0.00694524   0.00120647    -0.00023205  -0.01012687     0.00291277  -0.00090724
  0.00694524  -0.00120647     0.00291277  -0.00090724    -0.00023205  -0.01012687
    9    7
  0.00816128  -0.00000000    -0.00659932  -0.00224808     0.00659932   0.00224808
  0.00659932  -0.00224808    -0.00889356  -0.00000000    -0.00457030   0.00000000
 -0.00659932   0.00224808    -0.00457030   0.00000000    -0.00889356  -0.00000000
    9    8
 -0.00225821   0.00646626     0.00051592  -0.00103910    -0.00051592   0.00103910
  0.00051592  -0.00103910    -0.00393276   0.00349286     0.00287926   0.00638855
 -0.00051592   0.00103910     0.00287926   0.00638855    -0.00393276   0.00349286
    9    9
  0.03758716  -0.00000000     0.00470268   0.00063013    -0.00470268  -0.00063013
  0.00470268  -0.00063013     0.03292330   0.00000000    -0.00768757  -0.00000000
 -0.00470268   0.00063013    -0.00768757  -0.00000000     0.03292330   0.00000000
    9   10
  0.00074187   0.00128496    -0.00426425  -0.00487427    -0.00424982  -0.00368145
 -0.00208911  -0.00613008    -0.00367545  -0.00636607     0.00092510   0.00131198
  0.00106332   0.00552118    -0.00067366  -0.00145715     0.00885328   0.01533433
    9   11
  0.00807676  -0.00090814     0.00316200  -0.00288296     0.00467476  -0.00323485
  0.00316200  -0.00288296    -0.00283511  -0.00665309     0.00380557  -0.00020599
 -0.00467476   0.00323485    -0.00380557   0.00020599    -0.00109927   0.00424747
   10    1
  0.00987422   0.01417627    -0.00863104  -0.00487860    -0.00863104  -0.00487860
  0.00091505   0.01432434     0.00522935  -0.00107972     0.00720650  -0.00368941
  0.00091505   0.01432434     0.00720650  -0.00368941     0.00522935  -0.00107972
   10    2
 -0.00648571   0.02406952     0.00326299   0.00187604     0.00326299   0.00187604
 -0.00121527   0.00735922    -0.00237003  -0.00136744    -0.00158164  -0.00464401
 -0.00121527   0.00735922    -0.00158164  -0.00464401    -0.00237003  -0.00136744
   10    3
  0.00806483  -0.00627098     0.00755947   0.00066899     0.00755947   0.00066899
  0.02178518  -0.00396333    -0.00760019   0.00156098    -0.00816963  -0.00043746
  0.02178518  -0.00396333    -0.00816963  -0.00043746    -0.00760019   0.00156098
   10    4
  0.00816128   0.00000000    -0.00659932  -0.00224808    -0.00659932  -0.00224808
  0.00659932  -0.00224808    -0.00889356   0.00000000     0.00457030   0.00000000
  0.00659932  -0.00224808     0.00457030  -0.00000000    -0.00889356  -0.00000000
   10    5
  0.01159811   0.01254010    -0.00451745  -0.00541152    -0.00451745  -0.00541152
  0.00451745   0.00541152    -0.00865410   0.00526440     0.00224208   0.00206891
  0.00451745   0.00541152     0.00224208   0.00206891    -0.00865410   0.00526440
   10    6
  0.00807676  -0.00090814    -0.00467476   0.00323485     0.00316200  -0.00288296
  0.00467476  -0.00323485    -0.00109927   0.00424747     0.00380557  -0.00020599
  0.00316200  -0.00288296    -0.00380557   0.00020599    -0.00283511  -0.00665309
   10    7
  0.00074187  -0.00128496     0.00106332  -0.00552118    -0.00208911   0.00613008
 -0.00424982   0.00368145     0.00885328  -0.01533433     0.00092510  -0.00131198
 -0.00426425   0.00487427    -0.00067366   0.00145715    -0.00367545   0.00636607
   10    8
  0.00807676  -0.00090814     0.00316200  -0.00288296    -0.00467476   0.00323485
  0.00316200  -0.00288296    -0.00283511  -0.00665309    -0.00380557   0.00020599
  0.00467476  -0.00323485     0.00380557  -0.00020599    -0.00109927   0.00424747
   10    9
  0.00074187  -0.00128496    -0.00208911   0.00613008     0.00106332  -0.00552118
 -0.00426425   0.00487427    -0.00367545   0.00636607    -0.00067366   0.00145715
 -0.00424982   0.00368145     0.00092510  -0.00131198     0.00885328  -0.01533433
   10   10
  0.03758716  -0.00000000     0.00470268   0.00063013     0.00470268   0.00063013
  0.00470268  -0.00063013     0.03292330  -0.00000000     0.00768757  -0.00000000
  0.00470268  -0.00063013     0.00768757   0.00000000     0.03292330   0.00000000
   10   11
  0.00672905  -0.00127746    -0.00115785   0.00007275    -0.00115785   0.00007275
 -0.00115785   0.00007275     0.00499128   0.00165944    -0.00409301   0.00568779
 -0.00115785   0.00007275    -0.00409301   0.00568779     0.00499128   0.00165944
   11    1
  0.00987422  -0.01417627    -0.00863104   0.00487860    -0.00863104   0.00487860
  0.00091505  -0.01432434     0.00522935   0.00107972     0.00720650   0.00368941
  0.00091505  -0.01432434     0.00720650   0.00368941     0.00522935   0.00107972
   11    2
  0.00806483   0.00627098     0.00755947  -0.00066899     0.00755947  -0.00066899
  0.02178518   0.00396333    -0.00760019  -0.00156098    -0.00816963   0.00043746
  0.02178518   0.00396333    -0.00816963   0.00043746    -0.00760019  -0.00156098
   11    3
 -0.00648571  -0.02406952     0.00326299  -0.00187604     0.00326299  -0.00187604
 -0.00121527  -0.00735922    -0.00237003   0.00136744    -0.00158164   0.00464401
 -0.00121527  -0.00735922    -0.00158164   0.00464401    -0.00237003   0.00136744
   11    4
  0.01159811  -0.01254010    -0.00451745   0.00541152    -0.00451745   0.00541152
  0.00451745  -0.00541152    -0.00865410  -0.00526440     0.00224208  -0.00206891
  0.00451745  -0.00541152     0.00224208  -0.00206891    -0.00865410  -0.00526440
   11    5
  0.00816128   0.00000000    -0.00659932   0.00224808    -0.00659932   0.00224808
  0.00659932   0.00224808    -0.00889356  -0.00000000     0.00457030   0.00000000
  0.00659932   0.00224808     0.00457030   0.00000000    -0.00889356  -0.00000000
   11    6
  0.00074187   0.00128496     0.00106332   0.00552118    -0.00208911  -0.00613008
 -0.00424982  -0.00368145     0.00885328   0.01533433     0.00092510   0.00131198
 -0.00426425  -0.00487427    -0.00067366  -0.00145715    -0.00367545  -0.00636607
   11    7
  0.00807676   0.00090814    -0.00467476  -0.00323485     0.00316200   0.00288296
  0.00467476   0.00323485    -0.00109927  -0.00424747     0.00380557   0.00020599
  0.00316200   0.00288296    -0.00380557  -0.00020599    -0.00283511   0.00665309
   11    8
  0.00074187   0.00128496    -0.00208911  -0.00613008     0.00106332   0.00552118
 -0.00426425  -0.00487427    -0.00367545  -0.00636607    -0.00067366  -0.00145715
 -0.00424982  -0.00368145     0.00092510   0.00131198     0.00885328   0.01533433
   11    9
  0.00807676   0.00090814     0.00316200   0.00288296    -0.00467476  -0.00323485
  0.00316200   0.00288296    -0.00283511   0.00665309    -0.00380557  -0.00020599
  0.00467476   0.00323485     0.00380557   0.00020599    -0.00109927  -0.00424747
   11   10
  0.00672905   0.00127746    -0.00115785  -0.00007275    -0.00115785  -0.00007275
 -0.00115785  -0.00007275     0.00499128  -0.00165944    -0.00409301  -0.00568779
 -0.00115785  -0.00007275    -0.00409301  -0.00568779     0.00499128  -0.00165944
   11   11
  0.03758716   0.00000000     0.00470268  -0.00063013     0.00470268  -0.00063013
  0.00470268   0.00063013     0.03292330   0.00000000     0.00768757   0.00000000
  0.00470268   0.00063013     0.00768757  -0.00000000     0.03292330  -0.00000000

     Dynamical  Matrix in cartesian axes

     q = (   -0.471404521   0.000000000   0.000000000 ) 

    1    1
  0.25721532   0.00000000    -0.00000000   0.00000000     0.00000000   0.00000000
 -0.00000000   0.00000000     0.08413489   0.00000000     0.00000000   0.00000000
  0.00000000   0.00000000     0.00000000   0.00000000     0.08413489   0.00000000
    1    2
  0.02968073  -0.05140853    -0.00000000   0.00000000     0.00000000   0.00000000
  0.00000000  -0.00000000    -0.00942628   0.01632680    -0.01938515  -0.01119202
  0.00000000   0.00000000    -0.01938515  -0.01119202    -0.00942628   0.01632680
    1    3
  0.02968073   0.05140853     0.00000000   0.00000000     0.00000000   0.00000000
  0.00000000   0.00000000    -0.00942628  -0.01632680    -0.01938515   0.01119202
  0.00000000   0.00000000    -0.01938515   0.01119202    -0.00942628  -0.01632680
    1    4
  0.00987422   0.01417627    -0.00091505  -0.01432434    -0.00091505  -0.01432434
  0.00863104   0.00487860     0.00522935  -0.00107972     0.00720650  -0.00368941
  0.00863104   0.00487860     0.00720650  -0.00368941     0.00522935  -0.00107972
    1    5
  0.00987422  -0.01417627    -0.00091505   0.01432434    -0.00091505   0.01432434
  0.00863104  -0.00487860     0.00522935   0.00107972     0.00720650   0.00368941
  0.00863104  -0.00487860     0.00720650   0.00368941     0.00522935   0.00107972
    1    6
  0.00733990   0.01563945    -0.01194772  -0.00795463     0.01194772   0.00795463
 -0.00009053   0.00991401    -0.00354974   0.00398888     0.00679838  -0.00439631
  0.00009053  -0.00991401     0.00679838  -0.00439631    -0.00354974   0.00398888
    1    7
  0.00733990  -0.01563945    -0.01194772   0.00795463     0.01194772  -0.00795463
 -0.00009053  -0.00991401    -0.00354974  -0.00398888     0.00679838   0.00439631
  0.00009053   0.00991401     0.00679838   0.00439631    -0.00354974  -0.00398888
    1    8
  0.00733990   0.01563945     0.01194772   0.00795463    -0.01194772  -0.00795463
  0.00009053  -0.00991401    -0.00354974   0.00398888     0.00679838  -0.00439631
 -0.00009053   0.00991401     0.00679838  -0.00439631    -0.00354974   0.00398888
    1    9
  0.00733990  -0.01563945     0.01194772  -0.00795463    -0.01194772   0.00795463
  0.00009053   0.00991401    -0.00354974  -0.00398888     0.00679838   0.00439631
 -0.00009053  -0.00991401     0.00679838   0.00439631    -0.00354974  -0.00398888
    1   10
  0.00987422   0.01417627     0.00091505   0.01432434     0.00091505   0.01432434
 -0.00863104  -0.00487860     0.00522935  -0.00107972     0.00720650  -0.00368941
 -0.00863104  -0.00487860     0.00720650  -0.00368941     0.00522935  -0.00107972
    1   11
  0.00987422  -0.01417627     0.00091505  -0.01432434     0.00091505  -0.01432434
 -0.00863104   0.00487860     0.00522935   0.00107972     0.00720650   0.00368941
 -0.00863104   0.00487860     0.00720650   0.00368941     0.00522935   0.00107972
    2    1
  0.02968073   0.05140853     0.00000000   0.00000000     0.00000000  -0.00000000
  0.00000000   0.00000000    -0.00942628  -0.01632680    -0.01938515   0.01119202
  0.00000000  -0.00000000    -0.01938515   0.01119202    -0.00942628  -0.01632680
    2    2
  0.09833700   0.00000000     0.00000000  -0.00000000    -0.00000000  -0.00000000
  0.00000000  -0.00000000     0.02744596   0.00000000     0.00000000   0.00000000
 -0.00000000  -0.00000000     0.00000000   0.00000000     0.02744596   0.00000000
    2    3
 -0.00865733   0.01499493     0.00000000   0.00000000    -0.00000000  -0.00000000
  0.00000000   0.00000000    -0.00075364   0.00130535     0.01154684   0.00666657
 -0.00000000  -0.00000000     0.01154684   0.00666657    -0.00075364   0.00130535
    2    4
 -0.00648571   0.02406952     0.00121527  -0.00735922     0.00121527  -0.00735922
 -0.00326299  -0.00187604    -0.00237003  -0.00136744    -0.00158164  -0.00464401
 -0.00326299  -0.00187604    -0.00158164  -0.00464401    -0.00237003  -0.00136744
    2    5
  0.00806483   0.00627098    -0.02178518  -0.00396333    -0.02178518  -0.00396333
 -0.00755947   0.00066899    -0.00760019  -0.00156098    -0.00816963   0.00043746
 -0.00755947   0.00066899    -0.00816963   0.00043746    -0.00760019  -0.00156098
    2    6
 -0.01760196   0.01765155     0.00576563  -0.00473206    -0.00576563   0.00473206
  0.00325619   0.00188782     0.00236925   0.00136878    -0.00481264   0.00095227
 -0.00325619  -0.00188782    -0.00481264   0.00095227     0.00236925   0.00136878
    2    7
  0.00806483  -0.00627098    -0.02178518   0.00396333     0.02178518  -0.00396333
 -0.00755947  -0.00066899    -0.00760019   0.00156098     0.00816963   0.00043746
  0.00755947   0.00066899     0.00816963   0.00043746    -0.00760019   0.00156098
    2    8
 -0.01760196   0.01765155    -0.00576563   0.00473206     0.00576563  -0.00473206
 -0.00325619  -0.00188782     0.00236925   0.00136878    -0.00481264   0.00095227
  0.00325619   0.00188782    -0.00481264   0.00095227     0.00236925   0.00136878
    2    9
  0.00806483  -0.00627098     0.02178518  -0.00396333    -0.02178518   0.00396333
  0.00755947   0.00066899    -0.00760019   0.00156098     0.00816963   0.00043746
 -0.00755947  -0.00066899     0.00816963   0.00043746    -0.00760019   0.00156098
    2   10
 -0.00648571   0.02406952    -0.00121527   0.00735922    -0.00121527   0.00735922
  0.00326299   0.00187604    -0.00237003  -0.00136744    -0.00158164  -0.00464401
  0.00326299   0.00187604    -0.00158164  -0.00464401    -0.00237003  -0.00136744
    2   11
  0.00806483   0.00627098     0.02178518   0.00396333     0.02178518   0.00396333
  0.00755947  -0.00066899    -0.00760019  -0.00156098    -0.00816963   0.00043746
  0.00755947  -0.00066899    -0.00816963   0.00043746    -0.00760019  -0.00156098
    3    1
  0.02968073  -0.05140853     0.00000000   0.00000000     0.00000000  -0.00000000
  0.00000000   0.00000000    -0.00942628   0.01632680    -0.01938515  -0.01119202
  0.00000000   0.00000000    -0.01938515  -0.01119202    -0.00942628   0.01632680
    3    2
 -0.00865733  -0.01499493     0.00000000  -0.00000000    -0.00000000   0.00000000
  0.00000000  -0.00000000    -0.00075364  -0.00130535     0.01154684  -0.00666657
 -0.00000000   0.00000000     0.01154684  -0.00666657    -0.00075364  -0.00130535
    3    3
  0.09833700  -0.00000000     0.00000000   0.00000000    -0.00000000   0.00000000
  0.00000000   0.00000000     0.02744596  -0.00000000     0.00000000  -0.00000000
 -0.00000000   0.00000000     0.00000000  -0.00000000     0.02744596  -0.00000000
    3    4
  0.00806483  -0.00627098    -0.02178518   0.00396333    -0.02178518   0.00396333
 -0.00755947  -0.00066899    -0.00760019   0.00156098    -0.00816963  -0.00043746
 -0.00755947  -0.00066899    -0.00816963  -0.00043746    -0.00760019   0.00156098
    3    5
 -0.00648571  -0.02406952     0.00121527   0.00735922     0.00121527   0.00735922
 -0.00326299   0.00187604    -0.00237003   0.00136744    -0.00158164   0.00464401
 -0.00326299   0.00187604    -0.00158164   0.00464401    -0.00237003   0.00136744
    3    6
  0.00806483   0.00627098    -0.02178518  -0.00396333     0.02178518   0.00396333
 -0.00755947   0.00066899    -0.00760019  -0.00156098     0.00816963  -0.00043746
  0.00755947  -0.00066899     0.00816963  -0.00043746    -0.00760019  -0.00156098
    3    7
 -0.01760196  -0.01765155     0.00576563   0.00473206    -0.00576563  -0.00473206
  0.00325619  -0.00188782     0.00236925  -0.00136878    -0.00481264  -0.00095227
 -0.00325619   0.00188782    -0.00481264  -0.00095227     0.00236925  -0.00136878
    3    8
  0.00806483   0.00627098     0.02178518   0.00396333    -0.02178518  -0.00396333
  0.00755947  -0.00066899    -0.00760019  -0.00156098     0.00816963  -0.00043746
 -0.00755947   0.00066899     0.00816963  -0.00043746    -0.00760019  -0.00156098
    3    9
 -0.01760196  -0.01765155    -0.00576563  -0.00473206     0.00576563   0.00473206
 -0.00325619   0.00188782     0.00236925  -0.00136878    -0.00481264  -0.00095227
  0.00325619  -0.00188782    -0.00481264  -0.00095227     0.00236925  -0.00136878
    3   10
  0.00806483  -0.00627098     0.02178518  -0.00396333     0.02178518  -0.00396333
  0.00755947   0.00066899    -0.00760019   0.00156098    -0.00816963  -0.00043746
  0.00755947   0.00066899    -0.00816963  -0.00043746    -0.00760019   0.00156098
    3   11
 -0.00648571  -0.02406952    -0.00121527  -0.00735922    -0.00121527  -0.00735922
  0.00326299  -0.00187604    -0.00237003   0.00136744    -0.00158164   0.00464401
  0.00326299  -0.00187604    -0.00158164   0.00464401    -0.00237003   0.00136744
    4    1
  0.00987422  -0.01417627     0.00863104  -0.00487860     0.00863104  -0.00487860
