  3.000000000000000E-002   1.62628693009849        4.75506765457283     
           8

     Dynamical  Matrix in cartesian axes

     q = (    0.235702260   0.235702260  -0.235702260 ) 

    1    1
  0.07215635   0.00000000     0.01614455   0.00000000    -0.01614455   0.00000000
  0.01614455   0.00000000     0.07215635   0.00000000    -0.01614455   0.00000000
 -0.01614455   0.00000000    -0.01614455   0.00000000     0.07215635   0.00000000
    1    2
  0.00537511  -0.00258572     0.01006988  -0.00770555    -0.01006988   0.00770555
  0.01006988  -0.00770555     0.00537511  -0.00258572    -0.01006988   0.00770555
 -0.01006988   0.00770555    -0.01006988   0.00770555     0.00537511  -0.00258572
    1    3
  0.00537511   0.00258572     0.01006988   0.00770555    -0.01006988  -0.00770555
  0.01006988   0.00770555     0.00537511   0.00258572    -0.01006988  -0.00770555
 -0.01006988  -0.00770555    -0.01006988  -0.00770555     0.00537511   0.00258572
    1    4
 -0.00889566  -0.00250266     0.00322914  -0.00552523     0.00422573  -0.00257193
  0.00322914  -0.00552523    -0.00889566  -0.00250266     0.00422573  -0.00257193
  0.00409226   0.00081472     0.00409226   0.00081472     0.00026647   0.01095954
    1    5
 -0.00889566   0.00250266     0.00322914   0.00552523     0.00422573   0.00257193
  0.00322914   0.00552523    -0.00889566   0.00250266     0.00422573   0.00257193
  0.00409226  -0.00081472     0.00409226  -0.00081472     0.00026647  -0.01095954
    1    6
 -0.01423112   0.00155653    -0.00104369  -0.00454724     0.00104369   0.00454724
 -0.00104369  -0.00454724    -0.01423112   0.00155653     0.00104369   0.00454724
  0.00104369   0.00454724     0.00104369   0.00454724    -0.01423112   0.00155653
    1    7
 -0.01423112  -0.00155653    -0.00104369   0.00454724     0.00104369  -0.00454724
 -0.00104369   0.00454724    -0.01423112  -0.00155653     0.00104369  -0.00454724
  0.00104369  -0.00454724     0.00104369  -0.00454724    -0.01423112  -0.00155653
    1    8
  0.00026647   0.01095954    -0.00409226  -0.00081472     0.00409226   0.00081472
 -0.00422573   0.00257193    -0.00889566  -0.00250266    -0.00322914   0.00552523
  0.00422573  -0.00257193    -0.00322914   0.00552523    -0.00889566  -0.00250266
    1    9
  0.00026647  -0.01095954    -0.00409226   0.00081472     0.00409226  -0.00081472
 -0.00422573  -0.00257193    -0.00889566   0.00250266    -0.00322914  -0.00552523
  0.00422573   0.00257193    -0.00322914  -0.00552523    -0.00889566   0.00250266
    1   10
 -0.00889566  -0.00250266    -0.00422573   0.00257193    -0.00322914   0.00552523
 -0.00409226  -0.00081472     0.00026647   0.01095954     0.00409226   0.00081472
 -0.00322914   0.00552523     0.00422573  -0.00257193    -0.00889566  -0.00250266
    1   11
 -0.00889566   0.00250266    -0.00422573  -0.00257193    -0.00322914  -0.00552523
 -0.00409226   0.00081472     0.00026647  -0.01095954     0.00409226  -0.00081472
 -0.00322914  -0.00552523     0.00422573   0.00257193    -0.00889566   0.00250266
    2    1
  0.00537511   0.00258572     0.01006988   0.00770555    -0.01006988  -0.00770555
  0.01006988   0.00770555     0.00537511   0.00258572    -0.01006988  -0.00770555
 -0.01006988  -0.00770555    -0.01006988  -0.00770555     0.00537511   0.00258572
    2    2
  0.02478563  -0.00000000     0.00954166   0.00000000    -0.00954166  -0.00000000
  0.00954166   0.00000000     0.02478563  -0.00000000    -0.00954166  -0.00000000
 -0.00954166  -0.00000000    -0.00954166  -0.00000000     0.02478563  -0.00000000
    2    3
 -0.00340174   0.00565691    -0.00156853   0.00653233     0.00156853  -0.00653233
 -0.00156853   0.00653233    -0.00340174   0.00565691     0.00156853  -0.00653233
  0.00156853  -0.00653233     0.00156853  -0.00653233    -0.00340174   0.00565691
    2    4
 -0.00318737  -0.00100499     0.00127564  -0.00230936     0.00189753   0.00216066
  0.00127564  -0.00230936    -0.00318737  -0.00100499     0.00189753   0.00216066
 -0.00195820   0.00450026    -0.00195820   0.00450026    -0.00059179  -0.00192796
    2    5
 -0.00555845   0.00515738    -0.00506124   0.00042599    -0.00264882   0.00287678
 -0.00506124   0.00042599    -0.00555845   0.00515738    -0.00264882   0.00287678
 -0.00258696  -0.00280643    -0.00258696  -0.00280643    -0.00360978  -0.00184193
    2    6
  0.00505825  -0.00176470     0.00318241  -0.00303429    -0.00318241   0.00303429
  0.00318241  -0.00303429     0.00505825  -0.00176470    -0.00318241   0.00303429
 -0.00318241   0.00303429    -0.00318241   0.00303429     0.00505825  -0.00176470
    2    7
 -0.00900810   0.00310986    -0.00885122   0.00261823     0.00885122  -0.00261823
 -0.00885122   0.00261823    -0.00900810   0.00310986     0.00885122  -0.00261823
  0.00885122  -0.00261823     0.00885122  -0.00261823    -0.00900810   0.00310986
    2    8
 -0.00059179  -0.00192796     0.00195820  -0.00450026    -0.00195820   0.00450026
 -0.00189753  -0.00216066    -0.00318737  -0.00100499    -0.00127564   0.00230936
  0.00189753   0.00216066    -0.00127564   0.00230936    -0.00318737  -0.00100499
    2    9
 -0.00360978  -0.00184193     0.00258696   0.00280643    -0.00258696  -0.00280643
  0.00264882  -0.00287678    -0.00555845   0.00515738     0.00506124  -0.00042599
 -0.00264882   0.00287678     0.00506124  -0.00042599    -0.00555845   0.00515738
    2   10
 -0.00318737  -0.00100499    -0.00189753  -0.00216066    -0.00127564   0.00230936
  0.00195820  -0.00450026    -0.00059179  -0.00192796    -0.00195820   0.00450026
 -0.00127564   0.00230936     0.00189753   0.00216066    -0.00318737  -0.00100499
    2   11
 -0.00555845   0.00515738     0.00264882  -0.00287678     0.00506124  -0.00042599
  0.00258696   0.00280643    -0.00360978  -0.00184193    -0.00258696  -0.00280643
  0.00506124  -0.00042599    -0.00264882   0.00287678    -0.00555845   0.00515738
    3    1
  0.00537511  -0.00258572     0.01006988  -0.00770555    -0.01006988   0.00770555
  0.01006988  -0.00770555     0.00537511  -0.00258572    -0.01006988   0.00770555
 -0.01006988   0.00770555    -0.01006988   0.00770555     0.00537511  -0.00258572
    3    2
 -0.00340174  -0.00565691    -0.00156853  -0.00653233     0.00156853   0.00653233
 -0.00156853  -0.00653233    -0.00340174  -0.00565691     0.00156853   0.00653233
  0.00156853   0.00653233     0.00156853   0.00653233    -0.00340174  -0.00565691
    3    3
  0.02478563   0.00000000     0.00954166  -0.00000000    -0.00954166   0.00000000
  0.00954166  -0.00000000     0.02478563   0.00000000    -0.00954166   0.00000000
 -0.00954166   0.00000000    -0.00954166   0.00000000     0.02478563   0.00000000
    3    4
 -0.00555845  -0.00515738    -0.00506124  -0.00042599    -0.00264882  -0.00287678
 -0.00506124  -0.00042599    -0.00555845  -0.00515738    -0.00264882  -0.00287678
 -0.00258696   0.00280643    -0.00258696   0.00280643    -0.00360978   0.00184193
    3    5
 -0.00318737   0.00100499     0.00127564   0.00230936     0.00189753  -0.00216066
  0.00127564   0.00230936    -0.00318737   0.00100499     0.00189753  -0.00216066
 -0.00195820  -0.00450026    -0.00195820  -0.00450026    -0.00059179   0.00192796
    3    6
 -0.00900810  -0.00310986    -0.00885122  -0.00261823     0.00885122   0.00261823
 -0.00885122  -0.00261823    -0.00900810  -0.00310986     0.00885122   0.00261823
  0.00885122   0.00261823     0.00885122   0.00261823    -0.00900810  -0.00310986
    3    7
  0.00505825   0.00176470     0.00318241   0.00303429    -0.00318241  -0.00303429
  0.00318241   0.00303429     0.00505825   0.00176470    -0.00318241  -0.00303429
 -0.00318241  -0.00303429    -0.00318241  -0.00303429     0.00505825   0.00176470
    3    8
 -0.00360978   0.00184193     0.00258696  -0.00280643    -0.00258696   0.00280643
  0.00264882   0.00287678    -0.00555845  -0.00515738     0.00506124   0.00042599
 -0.00264882  -0.00287678     0.00506124   0.00042599    -0.00555845  -0.00515738
    3    9
 -0.00059179   0.00192796     0.00195820   0.00450026    -0.00195820  -0.00450026
 -0.00189753   0.00216066    -0.00318737   0.00100499    -0.00127564  -0.00230936
  0.00189753  -0.00216066    -0.00127564  -0.00230936    -0.00318737   0.00100499
    3   10
 -0.00555845  -0.00515738     0.00264882   0.00287678     0.00506124   0.00042599
  0.00258696  -0.00280643    -0.00360978   0.00184193    -0.00258696   0.00280643
  0.00506124   0.00042599    -0.00264882  -0.00287678    -0.00555845  -0.00515738
    3   11
 -0.00318737   0.00100499    -0.00189753   0.00216066    -0.00127564  -0.00230936
  0.00195820   0.00450026    -0.00059179   0.00192796    -0.00195820  -0.00450026
 -0.00127564  -0.00230936     0.00189753  -0.00216066    -0.00318737   0.00100499
    4    1
 -0.00889566   0.00250266     0.00322914   0.00552523     0.00409226  -0.00081472
  0.00322914   0.00552523    -0.00889566   0.00250266     0.00409226  -0.00081472
  0.00422573   0.00257193     0.00422573   0.00257193     0.00026647  -0.01095954
    4    2
 -0.00318737   0.00100499     0.00127564   0.00230936    -0.00195820  -0.00450026
  0.00127564   0.00230936    -0.00318737   0.00100499    -0.00195820  -0.00450026
  0.00189753  -0.00216066     0.00189753  -0.00216066    -0.00059179   0.00192796
    4    3
 -0.00555845   0.00515738    -0.00506124   0.00042599    -0.00258696  -0.00280643
 -0.00506124   0.00042599    -0.00555845   0.00515738    -0.00258696  -0.00280643
 -0.00264882   0.00287678    -0.00264882   0.00287678    -0.00360978  -0.00184193
    4    4
  0.01807685  -0.00000000     0.00229196   0.00000000    -0.00086288   0.00098730
  0.00229196   0.00000000     0.01807685  -0.00000000    -0.00086288   0.00098730
 -0.00086288  -0.00098730    -0.00086288  -0.00098730     0.01186774   0.00000000
    4    5
  0.00213944   0.00045881     0.00128236   0.00039333     0.00061796   0.00039339
  0.00128236   0.00039333     0.00213944   0.00045881     0.00061796   0.00039339
  0.00061796   0.00039339     0.00061796   0.00039339    -0.00044025  -0.00007931
    4    6
  0.00246896  -0.00182938    -0.00082217  -0.00039878    -0.00065412   0.00040528
 -0.00082217  -0.00039878     0.00246896  -0.00182938    -0.00065412   0.00040528
  0.00039896  -0.00155243     0.00039896  -0.00155243    -0.00209177   0.00300859
    4    7
  0.00043549   0.00063318    -0.00081461  -0.00155291     0.00175621   0.00029463
 -0.00081461  -0.00155291     0.00043549   0.00063318     0.00175621   0.00029463
 -0.00084440   0.00238506    -0.00084440   0.00238506    -0.00452881   0.00054478
    4    8
  0.00054720  -0.00129466     0.00023941   0.00317966     0.00028348   0.00000000
  0.00031614   0.00005435     0.00469999   0.00000000    -0.00023941   0.00317966
  0.00048236  -0.00000000    -0.00031614   0.00005435     0.00054720   0.00129466
    4    9
  0.00203245   0.00145303    -0.00387407  -0.00063288     0.00536681   0.00081599
  0.00004166  -0.00058939     0.00423828  -0.00732614     0.00387407   0.00063288
 -0.00104663  -0.00165685    -0.00004166   0.00058939     0.00203245   0.00145303
    4   10
  0.00469999   0.00000000     0.00031614   0.00005435    -0.00023941   0.00317966
  0.00023941   0.00317966     0.00054720  -0.00129466     0.00028348   0.00000000
 -0.00031614   0.00005435     0.00048236   0.00000000     0.00054720   0.00129466
    4   11
  0.00423828  -0.00732614     0.00004166  -0.00058939     0.00387407   0.00063288
 -0.00387407  -0.00063288     0.00203245   0.00145303     0.00536681   0.00081599
 -0.00004166   0.00058939    -0.00104663  -0.00165685     0.00203245   0.00145303
    5    1
 -0.00889566  -0.00250266     0.00322914  -0.00552523     0.00409226   0.00081472
  0.00322914  -0.00552523    -0.00889566  -0.00250266     0.00409226   0.00081472
  0.00422573  -0.00257193     0.00422573  -0.00257193     0.00026647   0.01095954
    5    2
 -0.00555845  -0.00515738    -0.00506124  -0.00042599    -0.00258696   0.00280643
 -0.00506124  -0.00042599    -0.00555845  -0.00515738    -0.00258696   0.00280643
 -0.00264882  -0.00287678    -0.00264882  -0.00287678    -0.00360978   0.00184193
    5    3
 -0.00318737  -0.00100499     0.00127564  -0.00230936    -0.00195820   0.00450026
  0.00127564  -0.00230936    -0.00318737  -0.00100499    -0.00195820   0.00450026
  0.00189753   0.00216066     0.00189753   0.00216066    -0.00059179  -0.00192796
    5    4
  0.00213944  -0.00045881     0.00128236  -0.00039333     0.00061796  -0.00039339
  0.00128236  -0.00039333     0.00213944  -0.00045881     0.00061796  -0.00039339
  0.00061796  -0.00039339     0.00061796  -0.00039339    -0.00044025   0.00007931
    5    5
  0.01807685   0.00000000     0.00229196  -0.00000000    -0.00086288  -0.00098730
  0.00229196  -0.00000000     0.01807685   0.00000000    -0.00086288  -0.00098730
 -0.00086288   0.00098730    -0.00086288   0.00098730     0.01186774  -0.00000000
    5    6
  0.00043549  -0.00063318    -0.00081461   0.00155291     0.00175621  -0.00029463
 -0.00081461   0.00155291     0.00043549  -0.00063318     0.00175621  -0.00029463
 -0.00084440  -0.00238506    -0.00084440  -0.00238506    -0.00452881  -0.00054478
    5    7
  0.00246896   0.00182938    -0.00082217   0.00039878    -0.00065412  -0.00040528
 -0.00082217   0.00039878     0.00246896   0.00182938    -0.00065412  -0.00040528
  0.00039896   0.00155243     0.00039896   0.00155243    -0.00209177  -0.00300859
    5    8
  0.00203245  -0.00145303    -0.00387407   0.00063288     0.00536681  -0.00081599
  0.00004166   0.00058939     0.00423828   0.00732614     0.00387407  -0.00063288
 -0.00104663   0.00165685    -0.00004166  -0.00058939     0.00203245  -0.00145303
    5    9
  0.00054720   0.00129466     0.00023941  -0.00317966     0.00028348  -0.00000000
  0.00031614  -0.00005435     0.00469999   0.00000000    -0.00023941  -0.00317966
  0.00048236   0.00000000    -0.00031614  -0.00005435     0.00054720  -0.00129466
    5   10
  0.00423828   0.00732614     0.00004166   0.00058939     0.00387407  -0.00063288
 -0.00387407   0.00063288     0.00203245  -0.00145303     0.00536681  -0.00081599
 -0.00004166  -0.00058939    -0.00104663   0.00165685     0.00203245  -0.00145303
    5   11
  0.00469999  -0.00000000     0.00031614  -0.00005435    -0.00023941  -0.00317966
  0.00023941  -0.00317966     0.00054720   0.00129466     0.00028348  -0.00000000
 -0.00031614  -0.00005435     0.00048236  -0.00000000     0.00054720  -0.00129466
    6    1
 -0.01423112  -0.00155653    -0.00104369   0.00454724     0.00104369  -0.00454724
 -0.00104369   0.00454724    -0.01423112  -0.00155653     0.00104369  -0.00454724
  0.00104369  -0.00454724     0.00104369  -0.00454724    -0.01423112  -0.00155653
    6    2
  0.00505825   0.00176470     0.00318241   0.00303429    -0.00318241  -0.00303429
  0.00318241   0.00303429     0.00505825   0.00176470    -0.00318241  -0.00303429
 -0.00318241  -0.00303429    -0.00318241  -0.00303429     0.00505825   0.00176470
    6    3
 -0.00900810   0.00310986    -0.00885122   0.00261823     0.00885122  -0.00261823
 -0.00885122   0.00261823    -0.00900810   0.00310986     0.00885122  -0.00261823
  0.00885122  -0.00261823     0.00885122  -0.00261823    -0.00900810   0.00310986
    6    4
  0.00246896   0.00182938    -0.00082217   0.00039878     0.00039896   0.00155243
 -0.00082217   0.00039878     0.00246896   0.00182938     0.00039896   0.00155243
 -0.00065412  -0.00040528    -0.00065412  -0.00040528    -0.00209177  -0.00300859
    6    5
  0.00043549   0.00063318    -0.00081461  -0.00155291    -0.00084440   0.00238506
 -0.00081461  -0.00155291     0.00043549   0.00063318    -0.00084440   0.00238506
  0.00175621   0.00029463     0.00175621   0.00029463    -0.00452881   0.00054478
    6    6
  0.01761899   0.00000000     0.00508192   0.00000000    -0.00508192  -0.00000000
  0.00508192   0.00000000     0.01761899   0.00000000    -0.00508192  -0.00000000
 -0.00508192  -0.00000000    -0.00508192  -0.00000000     0.01761899   0.00000000
    6    7
 -0.00264762   0.00087627    -0.00194599   0.00084646     0.00194599  -0.00084646
 -0.00194599   0.00084646    -0.00264762   0.00087627     0.00194599  -0.00084646
  0.00194599  -0.00084646     0.00194599  -0.00084646    -0.00264762   0.00087627
    6    8
 -0.00209177  -0.00300859     0.00065412   0.00040528    -0.00065412  -0.00040528
 -0.00039896  -0.00155243     0.00246896   0.00182938     0.00082217  -0.00039878
  0.00039896   0.00155243     0.00082217  -0.00039878     0.00246896   0.00182938
    6    9
 -0.00452881   0.00054478    -0.00175621  -0.00029463     0.00175621   0.00029463
  0.00084440  -0.00238506     0.00043549   0.00063318     0.00081461   0.00155291
 -0.00084440   0.00238506     0.00081461   0.00155291     0.00043549   0.00063318
    6   10
  0.00246896   0.00182938    -0.00039896  -0.00155243     0.00082217  -0.00039878
  0.00065412   0.00040528    -0.00209177  -0.00300859    -0.00065412  -0.00040528
  0.00082217  -0.00039878     0.00039896   0.00155243     0.00246896   0.00182938
    6   11
  0.00043549   0.00063318     0.00084440  -0.00238506     0.00081461   0.00155291
 -0.00175621  -0.00029463    -0.00452881   0.00054478     0.00175621   0.00029463
  0.00081461   0.00155291    -0.00084440   0.00238506     0.00043549   0.00063318
    7    1
 -0.01423112   0.00155653    -0.00104369  -0.00454724     0.00104369   0.00454724
 -0.00104369  -0.00454724    -0.01423112   0.00155653     0.00104369   0.00454724
  0.00104369   0.00454724     0.00104369   0.00454724    -0.01423112   0.00155653
    7    2
 -0.00900810  -0.00310986    -0.00885122  -0.00261823     0.00885122   0.00261823
 -0.00885122  -0.00261823    -0.00900810  -0.00310986     0.00885122   0.00261823
  0.00885122   0.00261823     0.00885122   0.00261823    -0.00900810  -0.00310986
    7    3
  0.00505825  -0.00176470     0.00318241  -0.00303429    -0.00318241   0.00303429
  0.00318241  -0.00303429     0.00505825  -0.00176470    -0.00318241   0.00303429
 -0.00318241   0.00303429    -0.00318241   0.00303429     0.00505825  -0.00176470
    7    4
  0.00043549  -0.00063318    -0.00081461   0.00155291    -0.00084440  -0.00238506
 -0.00081461   0.00155291     0.00043549  -0.00063318    -0.00084440  -0.00238506
  0.00175621  -0.00029463     0.00175621  -0.00029463    -0.00452881  -0.00054478
    7    5
  0.00246896  -0.00182938    -0.00082217  -0.00039878     0.00039896  -0.00155243
 -0.00082217  -0.00039878     0.00246896  -0.00182938     0.00039896  -0.00155243
 -0.00065412   0.00040528    -0.00065412   0.00040528    -0.00209177   0.00300859
    7    6
 -0.00264762  -0.00087627    -0.00194599  -0.00084646     0.00194599   0.00084646
 -0.00194599  -0.00084646    -0.00264762  -0.00087627     0.00194599   0.00084646
  0.00194599   0.00084646     0.00194599   0.00084646    -0.00264762  -0.00087627
    7    7
  0.01761899  -0.00000000     0.00508192  -0.00000000    -0.00508192   0.00000000
  0.00508192  -0.00000000     0.01761899  -0.00000000    -0.00508192   0.00000000
 -0.00508192   0.00000000    -0.00508192   0.00000000     0.01761899  -0.00000000
    7    8
 -0.00452881  -0.00054478    -0.00175621   0.00029463     0.00175621  -0.00029463
  0.00084440   0.00238506     0.00043549  -0.00063318     0.00081461  -0.00155291
 -0.00084440  -0.00238506     0.00081461  -0.00155291     0.00043549  -0.00063318
    7    9
 -0.00209177   0.00300859     0.00065412  -0.00040528    -0.00065412   0.00040528
 -0.00039896   0.00155243     0.00246896  -0.00182938     0.00082217   0.00039878
  0.00039896  -0.00155243     0.00082217   0.00039878     0.00246896  -0.00182938
    7   10
  0.00043549  -0.00063318     0.00084440   0.00238506     0.00081461  -0.00155291
 -0.00175621   0.00029463    -0.00452881  -0.00054478     0.00175621  -0.00029463
  0.00081461  -0.00155291    -0.00084440  -0.00238506     0.00043549  -0.00063318
    7   11
  0.00246896  -0.00182938    -0.00039896   0.00155243     0.00082217   0.00039878
  0.00065412  -0.00040528    -0.00209177   0.00300859    -0.00065412   0.00040528
  0.00082217   0.00039878     0.00039896  -0.00155243     0.00246896  -0.00182938
    8    1
  0.00026647  -0.01095954    -0.00422573  -0.00257193     0.00422573   0.00257193
 -0.00409226   0.00081472    -0.00889566   0.00250266    -0.00322914  -0.00552523
  0.00409226  -0.00081472    -0.00322914  -0.00552523    -0.00889566   0.00250266
    8    2
 -0.00059179   0.00192796    -0.00189753   0.00216066     0.00189753  -0.00216066
  0.00195820   0.00450026    -0.00318737   0.00100499    -0.00127564  -0.00230936
 -0.00195820  -0.00450026    -0.00127564  -0.00230936    -0.00318737   0.00100499
    8    3
 -0.00360978  -0.00184193     0.00264882  -0.00287678    -0.00264882   0.00287678
  0.00258696   0.00280643    -0.00555845   0.00515738     0.00506124  -0.00042599
 -0.00258696  -0.00280643     0.00506124  -0.00042599    -0.00555845   0.00515738
    8    4
  0.00054720   0.00129466     0.00031614  -0.00005435     0.00048236   0.00000000
  0.00023941  -0.00317966     0.00469999  -0.00000000    -0.00031614  -0.00005435
  0.00028348   0.00000000    -0.00023941  -0.00317966     0.00054720  -0.00129466
    8    5
  0.00203245   0.00145303     0.00004166  -0.00058939    -0.00104663  -0.00165685
 -0.00387407  -0.00063288     0.00423828  -0.00732614    -0.00004166   0.00058939
  0.00536681   0.00081599     0.00387407   0.00063288     0.00203245   0.00145303
    8    6
 -0.00209177   0.00300859    -0.00039896   0.00155243     0.00039896  -0.00155243
  0.00065412  -0.00040528     0.00246896  -0.00182938     0.00082217   0.00039878
 -0.00065412   0.00040528     0.00082217   0.00039878     0.00246896  -0.00182938
    8    7
 -0.00452881   0.00054478     0.00084440  -0.00238506    -0.00084440   0.00238506
 -0.00175621  -0.00029463     0.00043549   0.00063318     0.00081461   0.00155291
  0.00175621   0.00029463     0.00081461   0.00155291     0.00043549   0.00063318
    8    8
  0.01186774  -0.00000000     0.00086288   0.00098730    -0.00086288  -0.00098730
  0.00086288  -0.00098730     0.01807685  -0.00000000    -0.00229196  -0.00000000
 -0.00086288   0.00098730    -0.00229196  -0.00000000     0.01807685  -0.00000000
    8    9
 -0.00044025  -0.00007931    -0.00061796  -0.00039339     0.00061796   0.00039339
 -0.00061796  -0.00039339     0.00213944   0.00045881    -0.00128236  -0.00039333
  0.00061796   0.00039339    -0.00128236  -0.00039333     0.00213944   0.00045881
    8   10
  0.00054720   0.00129466    -0.00048236  -0.00000000    -0.00031614   0.00005435
 -0.00028348  -0.00000000     0.00054720  -0.00129466    -0.00023941  -0.00317966
 -0.00023941   0.00317966    -0.00031614  -0.00005435     0.00469999  -0.00000000
    8   11
  0.00203245   0.00145303     0.00104663   0.00165685    -0.00004166   0.00058939
 -0.00536681  -0.00081599     0.00203245   0.00145303     0.00387407   0.00063288
  0.00387407   0.00063288    -0.00004166   0.00058939     0.00423828  -0.00732614
    9    1
  0.00026647   0.01095954    -0.00422573   0.00257193     0.00422573  -0.00257193
 -0.00409226  -0.00081472    -0.00889566  -0.00250266    -0.00322914   0.00552523
  0.00409226   0.00081472    -0.00322914   0.00552523    -0.00889566  -0.00250266
    9    2
 -0.00360978   0.00184193     0.00264882   0.00287678    -0.00264882  -0.00287678
  0.00258696  -0.00280643    -0.00555845  -0.00515738     0.00506124   0.00042599
 -0.00258696   0.00280643     0.00506124   0.00042599    -0.00555845  -0.00515738
    9    3
 -0.00059179  -0.00192796    -0.00189753  -0.00216066     0.00189753   0.00216066
  0.00195820  -0.00450026    -0.00318737  -0.00100499    -0.00127564   0.00230936
 -0.00195820   0.00450026    -0.00127564   0.00230936    -0.00318737  -0.00100499
    9    4
  0.00203245  -0.00145303     0.00004166   0.00058939    -0.00104663   0.00165685
 -0.00387407   0.00063288     0.00423828   0.00732614    -0.00004166  -0.00058939
  0.00536681  -0.00081599     0.00387407  -0.00063288     0.00203245  -0.00145303
    9    5
  0.00054720  -0.00129466     0.00031614   0.00005435     0.00048236   0.00000000
  0.00023941   0.00317966     0.00469999  -0.00000000    -0.00031614   0.00005435
  0.00028348   0.00000000    -0.00023941   0.00317966     0.00054720   0.00129466
    9    6
 -0.00452881  -0.00054478     0.00084440   0.00238506    -0.00084440  -0.00238506
 -0.00175621   0.00029463     0.00043549  -0.00063318     0.00081461  -0.00155291
  0.00175621  -0.00029463     0.00081461  -0.00155291     0.00043549  -0.00063318
    9    7
 -0.00209177  -0.00300859    -0.00039896  -0.00155243     0.00039896   0.00155243
  0.00065412   0.00040528     0.00246896   0.00182938     0.00082217  -0.00039878
 -0.00065412  -0.00040528     0.00082217  -0.00039878     0.00246896   0.00182938
    9    8
 -0.00044025   0.00007931    -0.00061796   0.00039339     0.00061796  -0.00039339
 -0.00061796   0.00039339     0.00213944  -0.00045881    -0.00128236   0.00039333
  0.00061796  -0.00039339    -0.00128236   0.00039333     0.00213944  -0.00045881
    9    9
  0.01186774   0.00000000     0.00086288  -0.00098730    -0.00086288   0.00098730
  0.00086288   0.00098730     0.01807685   0.00000000    -0.00229196   0.00000000
 -0.00086288  -0.00098730    -0.00229196   0.00000000     0.01807685   0.00000000
    9   10
  0.00203245  -0.00145303     0.00104663  -0.00165685    -0.00004166  -0.00058939
 -0.00536681   0.00081599     0.00203245  -0.00145303     0.00387407  -0.00063288
  0.00387407  -0.00063288    -0.00004166  -0.00058939     0.00423828   0.00732614
    9   11
  0.00054720  -0.00129466    -0.00048236   0.00000000    -0.00031614  -0.00005435
 -0.00028348   0.00000000     0.00054720   0.00129466    -0.00023941   0.00317966
 -0.00023941  -0.00317966    -0.00031614   0.00005435     0.00469999   0.00000000
   10    1
 -0.00889566   0.00250266    -0.00409226   0.00081472    -0.00322914  -0.00552523
 -0.00422573  -0.00257193     0.00026647  -0.01095954     0.00422573   0.00257193
 -0.00322914  -0.00552523     0.00409226  -0.00081472    -0.00889566   0.00250266
   10    2
 -0.00318737   0.00100499     0.00195820   0.00450026    -0.00127564  -0.00230936
 -0.00189753   0.00216066    -0.00059179   0.00192796     0.00189753  -0.00216066
 -0.00127564  -0.00230936    -0.00195820  -0.00450026    -0.00318737   0.00100499
   10    3
 -0.00555845   0.00515738     0.00258696   0.00280643     0.00506124  -0.00042599
  0.00264882  -0.00287678    -0.00360978  -0.00184193    -0.00264882   0.00287678
  0.00506124  -0.00042599    -0.00258696  -0.00280643    -0.00555845   0.00515738
   10    4
  0.00469999  -0.00000000     0.00023941  -0.00317966    -0.00031614  -0.00005435
  0.00031614  -0.00005435     0.00054720   0.00129466     0.00048236  -0.00000000
 -0.00023941  -0.00317966     0.00028348   0.00000000     0.00054720  -0.00129466
   10    5
  0.00423828  -0.00732614    -0.00387407  -0.00063288    -0.00004166   0.00058939
  0.00004166  -0.00058939     0.00203245   0.00145303    -0.00104663  -0.00165685
  0.00387407   0.00063288     0.00536681   0.00081599     0.00203245   0.00145303
   10    6
  0.00246896  -0.00182938     0.00065412  -0.00040528     0.00082217   0.00039878
 -0.00039896   0.00155243    -0.00209177   0.00300859     0.00039896  -0.00155243
  0.00082217   0.00039878    -0.00065412   0.00040528     0.00246896  -0.00182938
   10    7
  0.00043549   0.00063318    -0.00175621  -0.00029463     0.00081461   0.00155291
  0.00084440  -0.00238506    -0.00452881   0.00054478    -0.00084440   0.00238506
  0.00081461   0.00155291     0.00175621   0.00029463     0.00043549   0.00063318
   10    8
  0.00054720  -0.00129466    -0.00028348  -0.00000000    -0.00023941  -0.00317966
 -0.00048236  -0.00000000     0.00054720   0.00129466    -0.00031614   0.00005435
 -0.00031614  -0.00005435    -0.00023941   0.00317966     0.00469999  -0.00000000
   10    9
  0.00203245   0.00145303    -0.00536681  -0.00081599     0.00387407   0.00063288
  0.00104663   0.00165685     0.00203245   0.00145303    -0.00004166   0.00058939
 -0.00004166   0.00058939     0.00387407   0.00063288     0.00423828  -0.00732614
   10   10
  0.01807685   0.00000000     0.00086288  -0.00098730    -0.00229196  -0.00000000
  0.00086288   0.00098730     0.01186774  -0.00000000    -0.00086288  -0.00098730
 -0.00229196  -0.00000000    -0.00086288   0.00098730     0.01807685   0.00000000
   10   11
  0.00213944   0.00045881    -0.00061796  -0.00039339    -0.00128236  -0.00039333
 -0.00061796  -0.00039339    -0.00044025  -0.00007931     0.00061796   0.00039339
 -0.00128236  -0.00039333     0.00061796   0.00039339     0.00213944   0.00045881
   11    1
 -0.00889566  -0.00250266    -0.00409226  -0.00081472    -0.00322914   0.00552523
 -0.00422573   0.00257193     0.00026647   0.01095954     0.00422573  -0.00257193
 -0.00322914   0.00552523     0.00409226   0.00081472    -0.00889566  -0.00250266
   11    2
 -0.00555845  -0.00515738     0.00258696  -0.00280643     0.00506124   0.00042599
  0.00264882   0.00287678    -0.00360978   0.00184193    -0.00264882  -0.00287678
  0.00506124   0.00042599    -0.00258696   0.00280643    -0.00555845  -0.00515738
   11    3
 -0.00318737  -0.00100499     0.00195820  -0.00450026    -0.00127564   0.00230936
 -0.00189753  -0.00216066    -0.00059179  -0.00192796     0.00189753   0.00216066
 -0.00127564   0.00230936    -0.00195820   0.00450026    -0.00318737  -0.00100499
   11    4
  0.00423828   0.00732614    -0.00387407   0.00063288    -0.00004166  -0.00058939
  0.00004166   0.00058939     0.00203245  -0.00145303    -0.00104663   0.00165685
  0.00387407  -0.00063288     0.00536681  -0.00081599     0.00203245  -0.00145303
   11    5
  0.00469999   0.00000000     0.00023941   0.00317966    -0.00031614   0.00005435
  0.00031614   0.00005435     0.00054720  -0.00129466     0.00048236   0.00000000
 -0.00023941   0.00317966     0.00028348  -0.00000000     0.00054720   0.00129466
   11    6
  0.00043549  -0.00063318    -0.00175621   0.00029463     0.00081461  -0.00155291
  0.00084440   0.00238506    -0.00452881  -0.00054478    -0.00084440  -0.00238506
  0.00081461  -0.00155291     0.00175621  -0.00029463     0.00043549  -0.00063318
   11    7
  0.00246896   0.00182938     0.00065412   0.00040528     0.00082217  -0.00039878
 -0.00039896  -0.00155243    -0.00209177  -0.00300859     0.00039896   0.00155243
  0.00082217  -0.00039878    -0.00065412  -0.00040528     0.00246896   0.00182938
   11    8
  0.00203245  -0.00145303    -0.00536681   0.00081599     0.00387407  -0.00063288
  0.00104663  -0.00165685     0.00203245  -0.00145303    -0.00004166  -0.00058939
 -0.00004166  -0.00058939     0.00387407  -0.00063288     0.00423828   0.00732614
   11    9
  0.00054720   0.00129466    -0.00028348   0.00000000    -0.00023941   0.00317966
 -0.00048236   0.00000000     0.00054720  -0.00129466    -0.00031614  -0.00005435
 -0.00031614   0.00005435    -0.00023941  -0.00317966     0.00469999   0.00000000
   11   10
  0.00213944  -0.00045881    -0.00061796   0.00039339    -0.00128236   0.00039333
 -0.00061796   0.00039339    -0.00044025   0.00007931     0.00061796  -0.00039339
 -0.00128236   0.00039333     0.00061796  -0.00039339     0.00213944  -0.00045881
   11   11
  0.01807685  -0.00000000     0.00086288   0.00098730    -0.00229196   0.00000000
  0.00086288  -0.00098730     0.01186774   0.00000000    -0.00086288   0.00098730
 -0.00229196   0.00000000    -0.00086288  -0.00098730     0.01807685  -0.00000000

     Dynamical  Matrix in cartesian axes

     q = (    0.235702260  -0.235702260  -0.235702260 ) 

    1    1
  0.07215635   0.00000000    -0.01614455   0.00000000    -0.01614455   0.00000000
 -0.01614455   0.00000000     0.07215635   0.00000000     0.01614455   0.00000000
 -0.01614455   0.00000000     0.01614455   0.00000000     0.07215635   0.00000000
    1    2
  0.00537511   0.00258572    -0.01006988  -0.00770555    -0.01006988  -0.00770555
 -0.01006988  -0.00770555     0.00537511   0.00258572     0.01006988   0.00770555
 -0.01006988  -0.00770555     0.01006988   0.00770555     0.00537511   0.00258572
    1    3
  0.00537511  -0.00258572    -0.01006988   0.00770555    -0.01006988   0.00770555
 -0.01006988   0.00770555     0.00537511  -0.00258572     0.01006988  -0.00770555
 -0.01006988   0.00770555     0.01006988  -0.00770555     0.00537511  -0.00258572
    1    4
  0.00026647  -0.01095954     0.00409226  -0.00081472     0.00409226  -0.00081472
  0.00422573   0.00257193    -0.00889566   0.00250266     0.00322914   0.00552523
  0.00422573   0.00257193     0.00322914   0.00552523    -0.00889566   0.00250266
    1    5
  0.00026647   0.01095954     0.00409226   0.00081472     0.00409226   0.00081472
  0.00422573  -0.00257193    -0.00889566  -0.00250266     0.00322914  -0.00552523
  0.00422573  -0.00257193     0.00322914  -0.00552523    -0.00889566  -0.00250266
    1    6
 -0.00889566   0.00250266     0.00422573   0.00257193    -0.00322914  -0.00552523
  0.00409226  -0.00081472     0.00026647  -0.01095954    -0.00409226   0.00081472
 -0.00322914  -0.00552523    -0.00422573  -0.00257193    -0.00889566   0.00250266
    1    7
 -0.00889566  -0.00250266     0.00422573  -0.00257193    -0.00322914   0.00552523
  0.00409226   0.00081472     0.00026647   0.01095954    -0.00409226  -0.00081472
 -0.00322914   0.00552523    -0.00422573   0.00257193    -0.00889566  -0.00250266
    1    8
 -0.00889566   0.00250266    -0.00322914  -0.00552523     0.00422573   0.00257193
 -0.00322914  -0.00552523    -0.00889566   0.00250266    -0.00422573  -0.00257193
  0.00409226  -0.00081472    -0.00409226   0.00081472     0.00026647  -0.01095954
    1    9
 -0.00889566  -0.00250266    -0.00322914   0.00552523     0.00422573  -0.00257193
 -0.00322914   0.00552523    -0.00889566  -0.00250266    -0.00422573   0.00257193
  0.00409226   0.00081472    -0.00409226  -0.00081472     0.00026647   0.01095954
    1   10
 -0.01423112  -0.00155653     0.00104369  -0.00454724     0.00104369  -0.00454724
  0.00104369  -0.00454724    -0.01423112  -0.00155653    -0.00104369   0.00454724
  0.00104369  -0.00454724    -0.00104369   0.00454724    -0.01423112  -0.00155653
    1   11
 -0.01423112   0.00155653     0.00104369   0.00454724     0.00104369   0.00454724
  0.00104369   0.00454724    -0.01423112   0.00155653    -0.00104369  -0.00454724
  0.00104369   0.00454724    -0.00104369  -0.00454724    -0.01423112   0.00155653
    2    1
  0.00537511  -0.00258572    -0.01006988   0.00770555    -0.01006988   0.00770555
 -0.01006988   0.00770555     0.00537511  -0.00258572     0.01006988  -0.00770555
 -0.01006988   0.00770555     0.01006988  -0.00770555     0.00537511  -0.00258572
    2    2
  0.02478563   0.00000000    -0.00954166   0.00000000    -0.00954166   0.00000000
 -0.00954166   0.00000000     0.02478563   0.00000000     0.00954166  -0.00000000
 -0.00954166   0.00000000     0.00954166  -0.00000000     0.02478563   0.00000000
    2    3
 -0.00340174  -0.00565691     0.00156853   0.00653233     0.00156853   0.00653233
  0.00156853   0.00653233    -0.00340174  -0.00565691    -0.00156853  -0.00653233
  0.00156853   0.00653233    -0.00156853  -0.00653233    -0.00340174  -0.00565691
    2    4
 -0.00059179   0.00192796    -0.00195820  -0.00450026    -0.00195820  -0.00450026
  0.00189753  -0.00216066    -0.00318737   0.00100499     0.00127564   0.00230936
  0.00189753  -0.00216066     0.00127564   0.00230936    -0.00318737   0.00100499
    2    5
 -0.00360978   0.00184193    -0.00258696   0.00280643    -0.00258696   0.00280643
 -0.00264882  -0.00287678    -0.00555845  -0.00515738    -0.00506124  -0.00042599
 -0.00264882  -0.00287678    -0.00506124  -0.00042599    -0.00555845  -0.00515738
    2    6
 -0.00318737   0.00100499     0.00189753  -0.00216066    -0.00127564  -0.00230936
 -0.00195820  -0.00450026    -0.00059179   0.00192796     0.00195820   0.00450026
 -0.00127564  -0.00230936    -0.00189753   0.00216066    -0.00318737   0.00100499
    2    7
 -0.00555845  -0.00515738    -0.00264882  -0.00287678     0.00506124   0.00042599
 -0.00258696   0.00280643    -0.00360978   0.00184193     0.00258696  -0.00280643
  0.00506124   0.00042599     0.00264882   0.00287678    -0.00555845  -0.00515738
    2    8
 -0.00318737   0.00100499    -0.00127564  -0.00230936     0.00189753  -0.00216066
 -0.00127564  -0.00230936    -0.00318737   0.00100499    -0.00189753   0.00216066
 -0.00195820  -0.00450026     0.00195820   0.00450026    -0.00059179   0.00192796
    2    9
 -0.00555845  -0.00515738     0.00506124   0.00042599    -0.00264882  -0.00287678
  0.00506124   0.00042599    -0.00555845  -0.00515738     0.00264882   0.00287678
 -0.00258696   0.00280643     0.00258696  -0.00280643    -0.00360978   0.00184193
    2   10
  0.00505825   0.00176470    -0.00318241  -0.00303429    -0.00318241  -0.00303429
 -0.00318241  -0.00303429     0.00505825   0.00176470     0.00318241   0.00303429
 -0.00318241  -0.00303429     0.00318241   0.00303429     0.00505825   0.00176470
    2   11
 -0.00900810  -0.00310986     0.00885122   0.00261823     0.00885122   0.00261823
  0.00885122   0.00261823    -0.00900810  -0.00310986    -0.00885122  -0.00261823
  0.00885122   0.00261823    -0.00885122  -0.00261823    -0.00900810  -0.00310986
    3    1
  0.00537511   0.00258572    -0.01006988  -0.00770555    -0.01006988  -0.00770555
 -0.01006988  -0.00770555     0.00537511   0.00258572     0.01006988   0.00770555
 -0.01006988  -0.00770555     0.01006988   0.00770555     0.00537511   0.00258572
    3    2
 -0.00340174   0.00565691     0.00156853  -0.00653233     0.00156853  -0.00653233
  0.00156853  -0.00653233    -0.00340174   0.00565691    -0.00156853   0.00653233
  0.00156853  -0.00653233    -0.00156853   0.00653233    -0.00340174   0.00565691
    3    3
  0.02478563  -0.00000000    -0.00954166  -0.00000000    -0.00954166  -0.00000000
 -0.00954166  -0.00000000     0.02478563  -0.00000000     0.00954166   0.00000000
 -0.00954166  -0.00000000     0.00954166   0.00000000     0.02478563  -0.00000000
    3    4
 -0.00360978  -0.00184193    -0.00258696  -0.00280643    -0.00258696  -0.00280643
 -0.00264882   0.00287678    -0.00555845   0.00515738    -0.00506124   0.00042599
 -0.00264882   0.00287678    -0.00506124   0.00042599    -0.00555845   0.00515738
    3    5
 -0.00059179  -0.00192796    -0.00195820   0.00450026    -0.00195820   0.00450026
  0.00189753   0.00216066    -0.00318737  -0.00100499     0.00127564  -0.00230936
  0.00189753   0.00216066     0.00127564  -0.00230936    -0.00318737  -0.00100499
    3    6
 -0.00555845   0.00515738    -0.00264882   0.00287678     0.00506124  -0.00042599
 -0.00258696  -0.00280643    -0.00360978  -0.00184193     0.00258696   0.00280643
  0.00506124  -0.00042599     0.00264882  -0.00287678    -0.00555845   0.00515738
    3    7
 -0.00318737  -0.00100499     0.00189753   0.00216066    -0.00127564   0.00230936
 -0.00195820   0.00450026    -0.00059179  -0.00192796     0.00195820  -0.00450026
 -0.00127564   0.00230936    -0.00189753  -0.00216066    -0.00318737  -0.00100499
    3    8
 -0.00555845   0.00515738     0.00506124  -0.00042599    -0.00264882   0.00287678
  0.00506124  -0.00042599    -0.00555845   0.00515738     0.00264882  -0.00287678
 -0.00258696  -0.00280643     0.00258696   0.00280643    -0.00360978  -0.00184193
    3    9
 -0.00318737  -0.00100499    -0.00127564   0.00230936     0.00189753   0.00216066
 -0.00127564   0.00230936    -0.00318737  -0.00100499    -0.00189753  -0.00216066
 -0.00195820   0.00450026     0.00195820  -0.00450026    -0.00059179  -0.00192796
    3   10
 -0.00900810   0.00310986     0.00885122  -0.00261823     0.00885122  -0.00261823
  0.00885122  -0.00261823    -0.00900810   0.00310986    -0.00885122   0.00261823
  0.00885122  -0.00261823    -0.00885122   0.00261823    -0.00900810   0.00310986
    3   11
  0.00505825  -0.00176470    -0.00318241   0.00303429    -0.00318241   0.00303429
 -0.00318241   0.00303429     0.00505825  -0.00176470     0.00318241  -0.00303429
 -0.00318241   0.00303429     0.00318241  -0.00303429     0.00505825  -0.00176470
    4    1
  0.00026647   0.01095954     0.00422573  -0.00257193     0.00422573  -0.00257193
