  4.500000000000000E-002   1.62466440089185        5.30948034695369     
           4

     Dynamical  Matrix in cartesian axes

     q = (   -0.353553391  -0.353553391   0.353553391 ) 

    1    1
  0.04659423   0.00000000     0.00449904   0.00000000    -0.00449904   0.00000000
  0.00449904   0.00000000     0.04659423   0.00000000    -0.00449904   0.00000000
 -0.00449904   0.00000000    -0.00449904   0.00000000     0.04659423   0.00000000
    1    2
  0.00385141   0.00000000     0.00563450   0.00000000    -0.00563450   0.00000000
  0.00563450   0.00000000     0.00385141   0.00000000    -0.00563450   0.00000000
 -0.00563450   0.00000000    -0.00563450   0.00000000     0.00385141   0.00000000
    1    3
  0.00385141   0.00000000     0.00563450   0.00000000    -0.00563450   0.00000000
  0.00563450   0.00000000     0.00385141   0.00000000    -0.00563450   0.00000000
 -0.00563450   0.00000000    -0.00563450   0.00000000     0.00385141   0.00000000
    1    4
 -0.00855597   0.00000000     0.00262542  -0.00000000    -0.00108529   0.00000000
  0.00262542  -0.00000000    -0.00855597   0.00000000    -0.00108529   0.00000000
  0.00063572  -0.00000000     0.00063572  -0.00000000     0.00486336  -0.00000000
    1    5
 -0.00855597   0.00000000     0.00262542  -0.00000000    -0.00108529   0.00000000
  0.00262542  -0.00000000    -0.00855597   0.00000000    -0.00108529   0.00000000
  0.00063572  -0.00000000     0.00063572  -0.00000000     0.00486336  -0.00000000
    1    6
 -0.00927566   0.00000000    -0.00236268   0.00000000     0.00236268  -0.00000000
 -0.00236268   0.00000000    -0.00927566   0.00000000     0.00236268  -0.00000000
  0.00236268  -0.00000000     0.00236268  -0.00000000    -0.00927566   0.00000000
    1    7
 -0.00927566   0.00000000    -0.00236268   0.00000000     0.00236268  -0.00000000
 -0.00236268   0.00000000    -0.00927566   0.00000000     0.00236268  -0.00000000
  0.00236268  -0.00000000     0.00236268  -0.00000000    -0.00927566   0.00000000
    1    8
  0.00486336  -0.00000000    -0.00063572   0.00000000     0.00063572  -0.00000000
  0.00108529  -0.00000000    -0.00855597   0.00000000    -0.00262542   0.00000000
 -0.00108529   0.00000000    -0.00262542   0.00000000    -0.00855597   0.00000000
    1    9
  0.00486336  -0.00000000    -0.00063572   0.00000000     0.00063572  -0.00000000
  0.00108529  -0.00000000    -0.00855597   0.00000000    -0.00262542   0.00000000
 -0.00108529   0.00000000    -0.00262542   0.00000000    -0.00855597   0.00000000
    1   10
 -0.00855597   0.00000000     0.00108529  -0.00000000    -0.00262542   0.00000000
 -0.00063572   0.00000000     0.00486336  -0.00000000     0.00063572  -0.00000000
 -0.00262542   0.00000000    -0.00108529   0.00000000    -0.00855597   0.00000000
    1   11
 -0.00855597   0.00000000     0.00108529  -0.00000000    -0.00262542   0.00000000
 -0.00063572   0.00000000     0.00486336  -0.00000000     0.00063572  -0.00000000
 -0.00262542   0.00000000    -0.00108529   0.00000000    -0.00855597   0.00000000
    2    1
  0.00385141   0.00000000     0.00563450   0.00000000    -0.00563450   0.00000000
  0.00563450   0.00000000     0.00385141   0.00000000    -0.00563450   0.00000000
 -0.00563450   0.00000000    -0.00563450   0.00000000     0.00385141   0.00000000
    2    2
  0.01929555   0.00000000     0.00337602   0.00000000    -0.00337602   0.00000000
  0.00337602   0.00000000     0.01929555   0.00000000    -0.00337602   0.00000000
 -0.00337602   0.00000000    -0.00337602   0.00000000     0.01929555   0.00000000
    2    3
 -0.00725866   0.00000000    -0.00034657   0.00000000     0.00034657   0.00000000
 -0.00034657   0.00000000    -0.00725866   0.00000000     0.00034657   0.00000000
  0.00034657   0.00000000     0.00034657   0.00000000    -0.00725866   0.00000000
    2    4
 -0.00175190   0.00000000     0.00106238  -0.00000000     0.00138053  -0.00000000
  0.00106238  -0.00000000    -0.00175190   0.00000000     0.00138053  -0.00000000
  0.00375777  -0.00000000     0.00375777  -0.00000000     0.00050646  -0.00000000
    2    5
 -0.00402193   0.00000000    -0.00334099   0.00000000    -0.00342444   0.00000000
 -0.00334099   0.00000000    -0.00402193   0.00000000    -0.00342444   0.00000000
 -0.00567655   0.00000000    -0.00567655   0.00000000     0.00028043  -0.00000000
    2    6
  0.00073155  -0.00000000     0.00107444  -0.00000000    -0.00107444   0.00000000
  0.00107444  -0.00000000     0.00073155  -0.00000000    -0.00107444   0.00000000
 -0.00107444   0.00000000    -0.00107444   0.00000000     0.00073155  -0.00000000
    2    7
 -0.00354200   0.00000000    -0.00501512   0.00000000     0.00501512  -0.00000000
 -0.00501512   0.00000000    -0.00354200   0.00000000     0.00501512  -0.00000000
  0.00501512  -0.00000000     0.00501512  -0.00000000    -0.00354200   0.00000000
    2    8
  0.00050646  -0.00000000    -0.00375777   0.00000000     0.00375777  -0.00000000
 -0.00138053   0.00000000    -0.00175190   0.00000000    -0.00106238   0.00000000
  0.00138053  -0.00000000    -0.00106238   0.00000000    -0.00175190   0.00000000
    2    9
  0.00028043  -0.00000000     0.00567655  -0.00000000    -0.00567655   0.00000000
  0.00342444  -0.00000000    -0.00402193   0.00000000     0.00334099  -0.00000000
 -0.00342444   0.00000000     0.00334099  -0.00000000    -0.00402193   0.00000000
    2   10
 -0.00175190   0.00000000    -0.00138053   0.00000000    -0.00106238   0.00000000
 -0.00375777   0.00000000     0.00050646  -0.00000000     0.00375777  -0.00000000
 -0.00106238   0.00000000     0.00138053  -0.00000000    -0.00175190   0.00000000
    2   11
 -0.00402193   0.00000000     0.00342444  -0.00000000     0.00334099  -0.00000000
  0.00567655  -0.00000000     0.00028043  -0.00000000    -0.00567655   0.00000000
  0.00334099  -0.00000000    -0.00342444   0.00000000    -0.00402193   0.00000000
    3    1
  0.00385141   0.00000000     0.00563450   0.00000000    -0.00563450   0.00000000
  0.00563450   0.00000000     0.00385141   0.00000000    -0.00563450   0.00000000
 -0.00563450   0.00000000    -0.00563450   0.00000000     0.00385141   0.00000000
    3    2
 -0.00725866   0.00000000    -0.00034657   0.00000000     0.00034657   0.00000000
 -0.00034657   0.00000000    -0.00725866   0.00000000     0.00034657   0.00000000
  0.00034657   0.00000000     0.00034657   0.00000000    -0.00725866   0.00000000
    3    3
  0.01929555   0.00000000     0.00337602   0.00000000    -0.00337602   0.00000000
  0.00337602   0.00000000     0.01929555   0.00000000    -0.00337602   0.00000000
 -0.00337602   0.00000000    -0.00337602   0.00000000     0.01929555   0.00000000
    3    4
 -0.00402193   0.00000000    -0.00334099   0.00000000    -0.00342444   0.00000000
 -0.00334099   0.00000000    -0.00402193   0.00000000    -0.00342444   0.00000000
 -0.00567655   0.00000000    -0.00567655   0.00000000     0.00028043  -0.00000000
    3    5
 -0.00175190   0.00000000     0.00106238  -0.00000000     0.00138053  -0.00000000
  0.00106238  -0.00000000    -0.00175190   0.00000000     0.00138053  -0.00000000
  0.00375777  -0.00000000     0.00375777  -0.00000000     0.00050646  -0.00000000
    3    6
 -0.00354200   0.00000000    -0.00501512   0.00000000     0.00501512  -0.00000000
 -0.00501512   0.00000000    -0.00354200   0.00000000     0.00501512  -0.00000000
  0.00501512  -0.00000000     0.00501512  -0.00000000    -0.00354200   0.00000000
    3    7
  0.00073155  -0.00000000     0.00107444  -0.00000000    -0.00107444   0.00000000
  0.00107444  -0.00000000     0.00073155  -0.00000000    -0.00107444   0.00000000
 -0.00107444   0.00000000    -0.00107444   0.00000000     0.00073155  -0.00000000
    3    8
  0.00028043  -0.00000000     0.00567655  -0.00000000    -0.00567655   0.00000000
  0.00342444  -0.00000000    -0.00402193   0.00000000     0.00334099  -0.00000000
 -0.00342444   0.00000000     0.00334099  -0.00000000    -0.00402193   0.00000000
    3    9
  0.00050646  -0.00000000    -0.00375777   0.00000000     0.00375777  -0.00000000
 -0.00138053   0.00000000    -0.00175190   0.00000000    -0.00106238   0.00000000
  0.00138053  -0.00000000    -0.00106238   0.00000000    -0.00175190   0.00000000
    3   10
 -0.00402193   0.00000000     0.00342444  -0.00000000     0.00334099  -0.00000000
  0.00567655  -0.00000000     0.00028043  -0.00000000    -0.00567655   0.00000000
  0.00334099  -0.00000000    -0.00342444   0.00000000    -0.00402193   0.00000000
    3   11
 -0.00175190   0.00000000    -0.00138053   0.00000000    -0.00106238   0.00000000
 -0.00375777   0.00000000     0.00050646  -0.00000000     0.00375777  -0.00000000
 -0.00106238   0.00000000     0.00138053  -0.00000000    -0.00175190   0.00000000
    4    1
 -0.00855597  -0.00000000     0.00262542   0.00000000     0.00063572   0.00000000
  0.00262542   0.00000000    -0.00855597  -0.00000000     0.00063572   0.00000000
 -0.00108529  -0.00000000    -0.00108529  -0.00000000     0.00486336   0.00000000
    4    2
 -0.00175190  -0.00000000     0.00106238   0.00000000     0.00375777   0.00000000
  0.00106238   0.00000000    -0.00175190  -0.00000000     0.00375777   0.00000000
  0.00138053   0.00000000     0.00138053   0.00000000     0.00050646   0.00000000
    4    3
 -0.00402193  -0.00000000    -0.00334099  -0.00000000    -0.00567655  -0.00000000
 -0.00334099  -0.00000000    -0.00402193  -0.00000000    -0.00567655  -0.00000000
 -0.00342444  -0.00000000    -0.00342444  -0.00000000     0.00028043   0.00000000
    4    4
  0.01430023   0.00000000     0.00137463   0.00000000    -0.00014740   0.00000000
  0.00137463   0.00000000     0.01430023   0.00000000    -0.00014740   0.00000000
 -0.00014740   0.00000000    -0.00014740   0.00000000     0.00645433   0.00000000
    4    5
  0.00080554   0.00000000    -0.00306391  -0.00000000    -0.00079282  -0.00000000
 -0.00306391  -0.00000000     0.00080554   0.00000000    -0.00079282  -0.00000000
 -0.00079282  -0.00000000    -0.00079282  -0.00000000     0.00149612   0.00000000
    4    6
  0.00034824  -0.00000000    -0.00112900   0.00000000    -0.00055686   0.00000000
 -0.00112900   0.00000000     0.00034824  -0.00000000    -0.00055686   0.00000000
  0.00003659  -0.00000000     0.00003659  -0.00000000    -0.00234377   0.00000000
    4    7
  0.00119850   0.00000000     0.00233694   0.00000000    -0.00038508  -0.00000000
  0.00233694   0.00000000     0.00119850   0.00000000    -0.00038508  -0.00000000
  0.00090925   0.00000000     0.00090925   0.00000000    -0.00318135  -0.00000000
    4    8
  0.00031192  -0.00000000    -0.00164855   0.00000000     0.00162685  -0.00000000
 -0.00008354   0.00000000     0.00270292  -0.00000000     0.00164855  -0.00000000
 -0.00105656   0.00000000     0.00008354  -0.00000000     0.00031192  -0.00000000
    4    9
 -0.00058203   0.00000000    -0.00215114   0.00000000     0.00250222  -0.00000000
 -0.00005313   0.00000000     0.00810949  -0.00000000     0.00215114  -0.00000000
  0.00030981  -0.00000000     0.00005313  -0.00000000    -0.00058203   0.00000000
    4   10
  0.00270292  -0.00000000    -0.00008354   0.00000000     0.00164855  -0.00000000
 -0.00164855   0.00000000     0.00031192  -0.00000000     0.00162685  -0.00000000
  0.00008354  -0.00000000    -0.00105656   0.00000000     0.00031192  -0.00000000
    4   11
  0.00810949  -0.00000000    -0.00005313   0.00000000     0.00215114  -0.00000000
 -0.00215114   0.00000000    -0.00058203   0.00000000     0.00250222  -0.00000000
  0.00005313  -0.00000000     0.00030981  -0.00000000    -0.00058203   0.00000000
    5    1
 -0.00855597  -0.00000000     0.00262542   0.00000000     0.00063572   0.00000000
  0.00262542   0.00000000    -0.00855597  -0.00000000     0.00063572   0.00000000
 -0.00108529  -0.00000000    -0.00108529  -0.00000000     0.00486336   0.00000000
    5    2
 -0.00402193  -0.00000000    -0.00334099  -0.00000000    -0.00567655  -0.00000000
 -0.00334099  -0.00000000    -0.00402193  -0.00000000    -0.00567655  -0.00000000
 -0.00342444  -0.00000000    -0.00342444  -0.00000000     0.00028043   0.00000000
    5    3
 -0.00175190  -0.00000000     0.00106238   0.00000000     0.00375777   0.00000000
  0.00106238   0.00000000    -0.00175190  -0.00000000     0.00375777   0.00000000
  0.00138053   0.00000000     0.00138053   0.00000000     0.00050646   0.00000000
    5    4
  0.00080554  -0.00000000    -0.00306391   0.00000000    -0.00079282   0.00000000
 -0.00306391   0.00000000     0.00080554  -0.00000000    -0.00079282   0.00000000
 -0.00079282   0.00000000    -0.00079282   0.00000000     0.00149612  -0.00000000
    5    5
  0.01430023   0.00000000     0.00137463   0.00000000    -0.00014740   0.00000000
  0.00137463   0.00000000     0.01430023   0.00000000    -0.00014740   0.00000000
 -0.00014740   0.00000000    -0.00014740   0.00000000     0.00645433   0.00000000
    5    6
  0.00119850  -0.00000000     0.00233694  -0.00000000    -0.00038508   0.00000000
  0.00233694  -0.00000000     0.00119850  -0.00000000    -0.00038508   0.00000000
  0.00090925  -0.00000000     0.00090925  -0.00000000    -0.00318135   0.00000000
    5    7
  0.00034824  -0.00000000    -0.00112900   0.00000000    -0.00055686   0.00000000
 -0.00112900   0.00000000     0.00034824  -0.00000000    -0.00055686   0.00000000
  0.00003659  -0.00000000     0.00003659  -0.00000000    -0.00234377   0.00000000
    5    8
 -0.00058203   0.00000000    -0.00215114   0.00000000     0.00250222   0.00000000
 -0.00005313   0.00000000     0.00810949   0.00000000     0.00215114   0.00000000
  0.00030981   0.00000000     0.00005313   0.00000000    -0.00058203   0.00000000
    5    9
  0.00031192  -0.00000000    -0.00164855   0.00000000     0.00162685  -0.00000000
 -0.00008354   0.00000000     0.00270292  -0.00000000     0.00164855  -0.00000000
 -0.00105656   0.00000000     0.00008354  -0.00000000     0.00031192  -0.00000000
    5   10
  0.00810949  -0.00000000    -0.00005313   0.00000000     0.00215114  -0.00000000
 -0.00215114   0.00000000    -0.00058203   0.00000000     0.00250222  -0.00000000
  0.00005313  -0.00000000     0.00030981  -0.00000000    -0.00058203   0.00000000
    5   11
  0.00270292  -0.00000000    -0.00008354   0.00000000     0.00164855  -0.00000000
 -0.00164855   0.00000000     0.00031192  -0.00000000     0.00162685  -0.00000000
  0.00008354  -0.00000000    -0.00105656   0.00000000     0.00031192  -0.00000000
    6    1
 -0.00927566  -0.00000000    -0.00236268  -0.00000000     0.00236268   0.00000000
 -0.00236268  -0.00000000    -0.00927566  -0.00000000     0.00236268   0.00000000
  0.00236268   0.00000000     0.00236268   0.00000000    -0.00927566  -0.00000000
    6    2
  0.00073155   0.00000000     0.00107444   0.00000000    -0.00107444  -0.00000000
  0.00107444   0.00000000     0.00073155   0.00000000    -0.00107444  -0.00000000
 -0.00107444  -0.00000000    -0.00107444  -0.00000000     0.00073155   0.00000000
    6    3
 -0.00354200  -0.00000000    -0.00501512  -0.00000000     0.00501512   0.00000000
 -0.00501512  -0.00000000    -0.00354200  -0.00000000     0.00501512   0.00000000
  0.00501512   0.00000000     0.00501512   0.00000000    -0.00354200  -0.00000000
    6    4
  0.00034824   0.00000000    -0.00112900  -0.00000000     0.00003659   0.00000000
 -0.00112900  -0.00000000     0.00034824   0.00000000     0.00003659   0.00000000
 -0.00055686  -0.00000000    -0.00055686  -0.00000000    -0.00234377  -0.00000000
    6    5
  0.00119850   0.00000000     0.00233694   0.00000000     0.00090925   0.00000000
  0.00233694   0.00000000     0.00119850   0.00000000     0.00090925   0.00000000
 -0.00038508  -0.00000000    -0.00038508  -0.00000000    -0.00318135  -0.00000000
    6    6
  0.01236950   0.00000000     0.00304374   0.00000000    -0.00304374   0.00000000
  0.00304374   0.00000000     0.01236950   0.00000000    -0.00304374   0.00000000
 -0.00304374   0.00000000    -0.00304374   0.00000000     0.01236950   0.00000000
    6    7
 -0.00361733   0.00000000    -0.00079095   0.00000000     0.00079095  -0.00000000
 -0.00079095   0.00000000    -0.00361733   0.00000000     0.00079095  -0.00000000
  0.00079095  -0.00000000     0.00079095  -0.00000000    -0.00361733   0.00000000
    6    8
 -0.00234377  -0.00000000     0.00055686   0.00000000    -0.00055686  -0.00000000
 -0.00003659   0.00000000     0.00034824   0.00000000     0.00112900   0.00000000
  0.00003659   0.00000000     0.00112900   0.00000000     0.00034824   0.00000000
    6    9
 -0.00318135   0.00000000     0.00038508  -0.00000000    -0.00038508   0.00000000
 -0.00090925   0.00000000     0.00119850  -0.00000000    -0.00233694   0.00000000
  0.00090925  -0.00000000    -0.00233694   0.00000000     0.00119850  -0.00000000
    6   10
  0.00034824  -0.00000000    -0.00003659  -0.00000000     0.00112900   0.00000000
  0.00055686   0.00000000    -0.00234377  -0.00000000    -0.00055686  -0.00000000
  0.00112900   0.00000000     0.00003659  -0.00000000     0.00034824   0.00000000
    6   11
  0.00119850   0.00000000    -0.00090925  -0.00000000    -0.00233694  -0.00000000
  0.00038508   0.00000000    -0.00318135  -0.00000000    -0.00038508  -0.00000000
 -0.00233694  -0.00000000     0.00090925   0.00000000     0.00119850   0.00000000
    7    1
 -0.00927566  -0.00000000    -0.00236268  -0.00000000     0.00236268   0.00000000
 -0.00236268  -0.00000000    -0.00927566  -0.00000000     0.00236268   0.00000000
  0.00236268   0.00000000     0.00236268   0.00000000    -0.00927566  -0.00000000
    7    2
 -0.00354200  -0.00000000    -0.00501512  -0.00000000     0.00501512   0.00000000
 -0.00501512  -0.00000000    -0.00354200  -0.00000000     0.00501512   0.00000000
  0.00501512   0.00000000     0.00501512   0.00000000    -0.00354200  -0.00000000
    7    3
  0.00073155   0.00000000     0.00107444   0.00000000    -0.00107444  -0.00000000
  0.00107444   0.00000000     0.00073155   0.00000000    -0.00107444  -0.00000000
 -0.00107444  -0.00000000    -0.00107444  -0.00000000     0.00073155   0.00000000
    7    4
  0.00119850  -0.00000000     0.00233694  -0.00000000     0.00090925  -0.00000000
  0.00233694  -0.00000000     0.00119850  -0.00000000     0.00090925  -0.00000000
 -0.00038508   0.00000000    -0.00038508   0.00000000    -0.00318135   0.00000000
    7    5
  0.00034824   0.00000000    -0.00112900  -0.00000000     0.00003659   0.00000000
 -0.00112900  -0.00000000     0.00034824   0.00000000     0.00003659   0.00000000
 -0.00055686  -0.00000000    -0.00055686  -0.00000000    -0.00234377  -0.00000000
    7    6
 -0.00361733  -0.00000000    -0.00079095  -0.00000000     0.00079095   0.00000000
 -0.00079095  -0.00000000    -0.00361733  -0.00000000     0.00079095   0.00000000
  0.00079095   0.00000000     0.00079095   0.00000000    -0.00361733  -0.00000000
    7    7
  0.01236950   0.00000000     0.00304374   0.00000000    -0.00304374   0.00000000
  0.00304374   0.00000000     0.01236950   0.00000000    -0.00304374   0.00000000
 -0.00304374   0.00000000    -0.00304374   0.00000000     0.01236950   0.00000000
    7    8
 -0.00318135   0.00000000     0.00038508  -0.00000000    -0.00038508  -0.00000000
 -0.00090925   0.00000000     0.00119850   0.00000000    -0.00233694  -0.00000000
  0.00090925   0.00000000    -0.00233694   0.00000000     0.00119850   0.00000000
    7    9
 -0.00234377   0.00000000     0.00055686  -0.00000000    -0.00055686   0.00000000
 -0.00003659   0.00000000     0.00034824  -0.00000000     0.00112900  -0.00000000
  0.00003659  -0.00000000     0.00112900  -0.00000000     0.00034824  -0.00000000
    7   10
  0.00119850  -0.00000000    -0.00090925   0.00000000    -0.00233694   0.00000000
  0.00038508  -0.00000000    -0.00318135   0.00000000    -0.00038508   0.00000000
 -0.00233694   0.00000000     0.00090925  -0.00000000     0.00119850  -0.00000000
    7   11
  0.00034824   0.00000000    -0.00003659  -0.00000000     0.00112900   0.00000000
  0.00055686   0.00000000    -0.00234377  -0.00000000    -0.00055686  -0.00000000
  0.00112900   0.00000000     0.00003659   0.00000000     0.00034824   0.00000000
    8    1
  0.00486336   0.00000000     0.00108529   0.00000000    -0.00108529  -0.00000000
 -0.00063572  -0.00000000    -0.00855597  -0.00000000    -0.00262542  -0.00000000
  0.00063572   0.00000000    -0.00262542  -0.00000000    -0.00855597  -0.00000000
    8    2
  0.00050646   0.00000000    -0.00138053  -0.00000000     0.00138053   0.00000000
 -0.00375777  -0.00000000    -0.00175190  -0.00000000    -0.00106238  -0.00000000
  0.00375777   0.00000000    -0.00106238  -0.00000000    -0.00175190  -0.00000000
    8    3
  0.00028043   0.00000000     0.00342444   0.00000000    -0.00342444  -0.00000000
  0.00567655   0.00000000    -0.00402193  -0.00000000     0.00334099   0.00000000
 -0.00567655  -0.00000000     0.00334099   0.00000000    -0.00402193  -0.00000000
    8    4
  0.00031192   0.00000000    -0.00008354  -0.00000000    -0.00105656  -0.00000000
 -0.00164855  -0.00000000     0.00270292   0.00000000     0.00008354   0.00000000
  0.00162685   0.00000000     0.00164855   0.00000000     0.00031192   0.00000000
    8    5
 -0.00058203   0.00000000    -0.00005313   0.00000000     0.00030981   0.00000000
 -0.00215114   0.00000000     0.00810949   0.00000000     0.00005313   0.00000000
  0.00250222   0.00000000     0.00215114   0.00000000    -0.00058203   0.00000000
    8    6
 -0.00234377   0.00000000    -0.00003659  -0.00000000     0.00003659  -0.00000000
  0.00055686  -0.00000000     0.00034824  -0.00000000     0.00112900  -0.00000000
 -0.00055686   0.00000000     0.00112900  -0.00000000     0.00034824  -0.00000000
    8    7
 -0.00318135  -0.00000000    -0.00090925  -0.00000000     0.00090925  -0.00000000
  0.00038508   0.00000000     0.00119850  -0.00000000    -0.00233694  -0.00000000
 -0.00038508   0.00000000    -0.00233694   0.00000000     0.00119850  -0.00000000
    8    8
  0.00645433   0.00000000     0.00014740   0.00000000    -0.00014740   0.00000000
  0.00014740   0.00000000     0.01430023   0.00000000    -0.00137463   0.00000000
 -0.00014740   0.00000000    -0.00137463   0.00000000     0.01430023   0.00000000
    8    9
  0.00149612  -0.00000000     0.00079282  -0.00000000    -0.00079282   0.00000000
  0.00079282  -0.00000000     0.00080554  -0.00000000     0.00306391  -0.00000000
 -0.00079282   0.00000000     0.00306391  -0.00000000     0.00080554  -0.00000000
    8   10
  0.00031192  -0.00000000     0.00105656  -0.00000000     0.00008354  -0.00000000
 -0.00162685   0.00000000     0.00031192  -0.00000000     0.00164855  -0.00000000
  0.00164855  -0.00000000     0.00008354  -0.00000000     0.00270292  -0.00000000
    8   11
 -0.00058203  -0.00000000    -0.00030981  -0.00000000     0.00005313   0.00000000
 -0.00250222  -0.00000000    -0.00058203  -0.00000000     0.00215114   0.00000000
  0.00215114   0.00000000     0.00005313   0.00000000     0.00810949   0.00000000
    9    1
  0.00486336   0.00000000     0.00108529   0.00000000    -0.00108529  -0.00000000
 -0.00063572  -0.00000000    -0.00855597  -0.00000000    -0.00262542  -0.00000000
  0.00063572   0.00000000    -0.00262542  -0.00000000    -0.00855597  -0.00000000
    9    2
  0.00028043   0.00000000     0.00342444   0.00000000    -0.00342444  -0.00000000
  0.00567655   0.00000000    -0.00402193  -0.00000000     0.00334099   0.00000000
 -0.00567655  -0.00000000     0.00334099   0.00000000    -0.00402193  -0.00000000
    9    3
  0.00050646   0.00000000    -0.00138053  -0.00000000     0.00138053   0.00000000
 -0.00375777  -0.00000000    -0.00175190  -0.00000000    -0.00106238  -0.00000000
  0.00375777   0.00000000    -0.00106238  -0.00000000    -0.00175190  -0.00000000
    9    4
 -0.00058203  -0.00000000    -0.00005313  -0.00000000     0.00030981   0.00000000
 -0.00215114  -0.00000000     0.00810949   0.00000000     0.00005313   0.00000000
  0.00250222   0.00000000     0.00215114   0.00000000    -0.00058203  -0.00000000
    9    5
  0.00031192   0.00000000    -0.00008354  -0.00000000    -0.00105656  -0.00000000
 -0.00164855  -0.00000000     0.00270292   0.00000000     0.00008354   0.00000000
  0.00162685   0.00000000     0.00164855   0.00000000     0.00031192   0.00000000
    9    6
 -0.00318135  -0.00000000    -0.00090925  -0.00000000     0.00090925   0.00000000
  0.00038508   0.00000000     0.00119850   0.00000000    -0.00233694  -0.00000000
 -0.00038508  -0.00000000    -0.00233694  -0.00000000     0.00119850   0.00000000
    9    7
 -0.00234377  -0.00000000    -0.00003659  -0.00000000     0.00003659   0.00000000
  0.00055686   0.00000000     0.00034824   0.00000000     0.00112900   0.00000000
 -0.00055686  -0.00000000     0.00112900   0.00000000     0.00034824   0.00000000
    9    8
  0.00149612   0.00000000     0.00079282   0.00000000    -0.00079282  -0.00000000
  0.00079282   0.00000000     0.00080554   0.00000000     0.00306391   0.00000000
 -0.00079282  -0.00000000     0.00306391   0.00000000     0.00080554   0.00000000
    9    9
  0.00645433   0.00000000     0.00014740   0.00000000    -0.00014740   0.00000000
  0.00014740   0.00000000     0.01430023   0.00000000    -0.00137463   0.00000000
 -0.00014740   0.00000000    -0.00137463   0.00000000     0.01430023   0.00000000
    9   10
 -0.00058203  -0.00000000    -0.00030981  -0.00000000     0.00005313   0.00000000
 -0.00250222  -0.00000000    -0.00058203  -0.00000000     0.00215114   0.00000000
  0.00215114   0.00000000     0.00005313   0.00000000     0.00810949   0.00000000
    9   11
  0.00031192   0.00000000     0.00105656   0.00000000     0.00008354   0.00000000
 -0.00162685  -0.00000000     0.00031192   0.00000000     0.00164855   0.00000000
  0.00164855   0.00000000     0.00008354   0.00000000     0.00270292   0.00000000
   10    1
 -0.00855597  -0.00000000    -0.00063572  -0.00000000    -0.00262542  -0.00000000
  0.00108529   0.00000000     0.00486336   0.00000000    -0.00108529  -0.00000000
 -0.00262542  -0.00000000     0.00063572   0.00000000    -0.00855597  -0.00000000
   10    2
 -0.00175190  -0.00000000    -0.00375777  -0.00000000    -0.00106238  -0.00000000
 -0.00138053  -0.00000000     0.00050646   0.00000000     0.00138053   0.00000000
 -0.00106238  -0.00000000     0.00375777   0.00000000    -0.00175190  -0.00000000
   10    3
 -0.00402193  -0.00000000     0.00567655   0.00000000     0.00334099   0.00000000
  0.00342444   0.00000000     0.00028043   0.00000000    -0.00342444  -0.00000000
  0.00334099   0.00000000    -0.00567655  -0.00000000    -0.00402193  -0.00000000
   10    4
  0.00270292   0.00000000    -0.00164855  -0.00000000     0.00008354   0.00000000
 -0.00008354  -0.00000000     0.00031192   0.00000000    -0.00105656  -0.00000000
  0.00164855   0.00000000     0.00162685   0.00000000     0.00031192   0.00000000
   10    5
  0.00810949   0.00000000    -0.00215114  -0.00000000     0.00005313   0.00000000
 -0.00005313  -0.00000000    -0.00058203  -0.00000000     0.00030981   0.00000000
  0.00215114   0.00000000     0.00250222   0.00000000    -0.00058203  -0.00000000
   10    6
  0.00034824   0.00000000     0.00055686  -0.00000000     0.00112900  -0.00000000
 -0.00003659   0.00000000    -0.00234377   0.00000000     0.00003659   0.00000000
  0.00112900  -0.00000000    -0.00055686   0.00000000     0.00034824  -0.00000000
   10    7
  0.00119850   0.00000000     0.00038508   0.00000000    -0.00233694  -0.00000000
 -0.00090925  -0.00000000    -0.00318135  -0.00000000     0.00090925   0.00000000
 -0.00233694  -0.00000000    -0.00038508  -0.00000000     0.00119850   0.00000000
   10    8
  0.00031192   0.00000000    -0.00162685  -0.00000000     0.00164855   0.00000000
  0.00105656   0.00000000     0.00031192   0.00000000     0.00008354   0.00000000
  0.00008354   0.00000000     0.00164855   0.00000000     0.00270292   0.00000000
   10    9
 -0.00058203   0.00000000    -0.00250222   0.00000000     0.00215114  -0.00000000
 -0.00030981   0.00000000    -0.00058203   0.00000000     0.00005313  -0.00000000
  0.00005313  -0.00000000     0.00215114  -0.00000000     0.00810949  -0.00000000
   10   10
  0.01430023   0.00000000     0.00014740   0.00000000    -0.00137463   0.00000000
  0.00014740   0.00000000     0.00645433   0.00000000    -0.00014740   0.00000000
 -0.00137463   0.00000000    -0.00014740   0.00000000     0.01430023   0.00000000
   10   11
  0.00080554   0.00000000     0.00079282   0.00000000     0.00306391   0.00000000
  0.00079282   0.00000000     0.00149612   0.00000000    -0.00079282  -0.00000000
  0.00306391   0.00000000    -0.00079282  -0.00000000     0.00080554   0.00000000
   11    1
 -0.00855597  -0.00000000    -0.00063572  -0.00000000    -0.00262542  -0.00000000
  0.00108529   0.00000000     0.00486336   0.00000000    -0.00108529  -0.00000000
 -0.00262542  -0.00000000     0.00063572   0.00000000    -0.00855597  -0.00000000
   11    2
 -0.00402193  -0.00000000     0.00567655   0.00000000     0.00334099   0.00000000
  0.00342444   0.00000000     0.00028043   0.00000000    -0.00342444  -0.00000000
  0.00334099   0.00000000    -0.00567655  -0.00000000    -0.00402193  -0.00000000
   11    3
 -0.00175190  -0.00000000    -0.00375777  -0.00000000    -0.00106238  -0.00000000
 -0.00138053  -0.00000000     0.00050646   0.00000000     0.00138053   0.00000000
 -0.00106238  -0.00000000     0.00375777   0.00000000    -0.00175190  -0.00000000
   11    4
  0.00810949   0.00000000    -0.00215114  -0.00000000     0.00005313   0.00000000
 -0.00005313  -0.00000000    -0.00058203  -0.00000000     0.00030981   0.00000000
  0.00215114   0.00000000     0.00250222   0.00000000    -0.00058203  -0.00000000
   11    5
  0.00270292   0.00000000    -0.00164855  -0.00000000     0.00008354   0.00000000
 -0.00008354  -0.00000000     0.00031192   0.00000000    -0.00105656  -0.00000000
  0.00164855   0.00000000     0.00162685   0.00000000     0.00031192   0.00000000
   11    6
  0.00119850  -0.00000000     0.00038508  -0.00000000    -0.00233694   0.00000000
 -0.00090925   0.00000000    -0.00318135   0.00000000     0.00090925  -0.00000000
 -0.00233694   0.00000000    -0.00038508   0.00000000     0.00119850  -0.00000000
   11    7
  0.00034824  -0.00000000     0.00055686  -0.00000000     0.00112900  -0.00000000
 -0.00003659   0.00000000    -0.00234377   0.00000000     0.00003659  -0.00000000
  0.00112900  -0.00000000    -0.00055686   0.00000000     0.00034824  -0.00000000
   11    8
 -0.00058203   0.00000000    -0.00250222   0.00000000     0.00215114  -0.00000000
 -0.00030981   0.00000000    -0.00058203   0.00000000     0.00005313  -0.00000000
  0.00005313  -0.00000000     0.00215114  -0.00000000     0.00810949  -0.00000000
   11    9
  0.00031192  -0.00000000    -0.00162685   0.00000000     0.00164855  -0.00000000
  0.00105656  -0.00000000     0.00031192  -0.00000000     0.00008354  -0.00000000
  0.00008354  -0.00000000     0.00164855  -0.00000000     0.00270292  -0.00000000
   11   10
  0.00080554  -0.00000000     0.00079282  -0.00000000     0.00306391  -0.00000000
  0.00079282  -0.00000000     0.00149612  -0.00000000    -0.00079282   0.00000000
  0.00306391  -0.00000000    -0.00079282   0.00000000     0.00080554  -0.00000000
   11   11
  0.01430023   0.00000000     0.00014740   0.00000000    -0.00137463   0.00000000
  0.00014740   0.00000000     0.00645433   0.00000000    -0.00014740   0.00000000
 -0.00137463   0.00000000    -0.00014740   0.00000000     0.01430023   0.00000000

     Dynamical  Matrix in cartesian axes

     q = (   -0.353553391   0.353553391   0.353553391 ) 

    1    1
  0.04659423   0.00000000    -0.00449904   0.00000000    -0.00449904   0.00000000
 -0.00449904   0.00000000     0.04659423   0.00000000     0.00449904   0.00000000
 -0.00449904   0.00000000     0.00449904   0.00000000     0.04659423   0.00000000
    1    2
  0.00385141   0.00000000    -0.00563450   0.00000000    -0.00563450   0.00000000
 -0.00563450   0.00000000     0.00385141   0.00000000     0.00563450   0.00000000
 -0.00563450   0.00000000     0.00563450   0.00000000     0.00385141   0.00000000
    1    3
  0.00385141   0.00000000    -0.00563450   0.00000000    -0.00563450   0.00000000
 -0.00563450   0.00000000     0.00385141   0.00000000     0.00563450   0.00000000
 -0.00563450   0.00000000     0.00563450   0.00000000     0.00385141   0.00000000
    1    4
  0.00486336   0.00000000     0.00063572   0.00000000     0.00063572   0.00000000
 -0.00108529  -0.00000000    -0.00855597  -0.00000000     0.00262542   0.00000000
 -0.00108529  -0.00000000     0.00262542   0.00000000    -0.00855597  -0.00000000
    1    5
  0.00486336   0.00000000     0.00063572   0.00000000     0.00063572   0.00000000
 -0.00108529  -0.00000000    -0.00855597  -0.00000000     0.00262542   0.00000000
 -0.00108529  -0.00000000     0.00262542   0.00000000    -0.00855597  -0.00000000
    1    6
 -0.00855597  -0.00000000    -0.00108529  -0.00000000    -0.00262542  -0.00000000
  0.00063572   0.00000000     0.00486336   0.00000000    -0.00063572  -0.00000000
 -0.00262542  -0.00000000     0.00108529   0.00000000    -0.00855597  -0.00000000
    1    7
 -0.00855597  -0.00000000    -0.00108529  -0.00000000    -0.00262542  -0.00000000
  0.00063572   0.00000000     0.00486336   0.00000000    -0.00063572  -0.00000000
 -0.00262542  -0.00000000     0.00108529   0.00000000    -0.00855597  -0.00000000
    1    8
 -0.00855597  -0.00000000    -0.00262542  -0.00000000    -0.00108529  -0.00000000
 -0.00262542  -0.00000000    -0.00855597  -0.00000000     0.00108529   0.00000000
  0.00063572   0.00000000    -0.00063572  -0.00000000     0.00486336   0.00000000
    1    9
 -0.00855597  -0.00000000    -0.00262542  -0.00000000    -0.00108529  -0.00000000
 -0.00262542  -0.00000000    -0.00855597  -0.00000000     0.00108529   0.00000000
  0.00063572   0.00000000    -0.00063572  -0.00000000     0.00486336   0.00000000
    1   10
 -0.00927566  -0.00000000     0.00236268   0.00000000     0.00236268   0.00000000
  0.00236268   0.00000000    -0.00927566  -0.00000000    -0.00236268  -0.00000000
  0.00236268   0.00000000    -0.00236268  -0.00000000    -0.00927566  -0.00000000
    1   11
 -0.00927566  -0.00000000     0.00236268   0.00000000     0.00236268   0.00000000
  0.00236268   0.00000000    -0.00927566  -0.00000000    -0.00236268  -0.00000000
  0.00236268   0.00000000    -0.00236268  -0.00000000    -0.00927566  -0.00000000
    2    1
  0.00385141   0.00000000    -0.00563450   0.00000000    -0.00563450   0.00000000
 -0.00563450   0.00000000     0.00385141   0.00000000     0.00563450   0.00000000
 -0.00563450   0.00000000     0.00563450   0.00000000     0.00385141   0.00000000
    2    2
  0.01929555   0.00000000    -0.00337602   0.00000000    -0.00337602   0.00000000
 -0.00337602   0.00000000     0.01929555   0.00000000     0.00337602   0.00000000
 -0.00337602   0.00000000     0.00337602   0.00000000     0.01929555   0.00000000
    2    3
 -0.00725866   0.00000000     0.00034657   0.00000000     0.00034657   0.00000000
  0.00034657   0.00000000    -0.00725866   0.00000000    -0.00034657   0.00000000
  0.00034657   0.00000000    -0.00034657   0.00000000    -0.00725866   0.00000000
    2    4
  0.00050646   0.00000000     0.00375777   0.00000000     0.00375777   0.00000000
  0.00138053   0.00000000    -0.00175190  -0.00000000     0.00106238   0.00000000
  0.00138053   0.00000000     0.00106238   0.00000000    -0.00175190  -0.00000000
    2    5
  0.00028043   0.00000000    -0.00567655  -0.00000000    -0.00567655  -0.00000000
 -0.00342444  -0.00000000    -0.00402193  -0.00000000    -0.00334099  -0.00000000
 -0.00342444  -0.00000000    -0.00334099  -0.00000000    -0.00402193  -0.00000000
    2    6
 -0.00175190  -0.00000000     0.00138053   0.00000000    -0.00106238  -0.00000000
  0.00375777   0.00000000     0.00050646   0.00000000    -0.00375777  -0.00000000
 -0.00106238  -0.00000000    -0.00138053  -0.00000000    -0.00175190  -0.00000000
    2    7
 -0.00402193  -0.00000000    -0.00342444  -0.00000000     0.00334099   0.00000000
 -0.00567655  -0.00000000     0.00028043   0.00000000     0.00567655   0.00000000
  0.00334099   0.00000000     0.00342444   0.00000000    -0.00402193  -0.00000000
    2    8
 -0.00175190  -0.00000000    -0.00106238  -0.00000000     0.00138053   0.00000000
 -0.00106238  -0.00000000    -0.00175190  -0.00000000    -0.00138053  -0.00000000
  0.00375777   0.00000000    -0.00375777  -0.00000000     0.00050646   0.00000000
    2    9
 -0.00402193  -0.00000000     0.00334099   0.00000000    -0.00342444  -0.00000000
  0.00334099   0.00000000    -0.00402193  -0.00000000     0.00342444   0.00000000
 -0.00567655  -0.00000000     0.00567655   0.00000000     0.00028043   0.00000000
    2   10
  0.00073155   0.00000000    -0.00107444  -0.00000000    -0.00107444  -0.00000000
 -0.00107444  -0.00000000     0.00073155   0.00000000     0.00107444   0.00000000
 -0.00107444  -0.00000000     0.00107444   0.00000000     0.00073155   0.00000000
    2   11
 -0.00354200  -0.00000000     0.00501512   0.00000000     0.00501512   0.00000000
  0.00501512   0.00000000    -0.00354200  -0.00000000    -0.00501512  -0.00000000
  0.00501512   0.00000000    -0.00501512  -0.00000000    -0.00354200  -0.00000000
    3    1
  0.00385141   0.00000000    -0.00563450   0.00000000    -0.00563450   0.00000000
 -0.00563450   0.00000000     0.00385141   0.00000000     0.00563450   0.00000000
 -0.00563450   0.00000000     0.00563450   0.00000000     0.00385141   0.00000000
    3    2
 -0.00725866   0.00000000     0.00034657   0.00000000     0.00034657   0.00000000
  0.00034657   0.00000000    -0.00725866   0.00000000    -0.00034657   0.00000000
  0.00034657   0.00000000    -0.00034657   0.00000000    -0.00725866   0.00000000
    3    3
  0.01929555   0.00000000    -0.00337602   0.00000000    -0.00337602   0.00000000
 -0.00337602   0.00000000     0.01929555   0.00000000     0.00337602   0.00000000
 -0.00337602   0.00000000     0.00337602   0.00000000     0.01929555   0.00000000
    3    4
  0.00028043   0.00000000    -0.00567655  -0.00000000    -0.00567655  -0.00000000
 -0.00342444  -0.00000000    -0.00402193  -0.00000000    -0.00334099  -0.00000000
 -0.00342444  -0.00000000    -0.00334099  -0.00000000    -0.00402193  -0.00000000
    3    5
  0.00050646   0.00000000     0.00375777   0.00000000     0.00375777   0.00000000
  0.00138053   0.00000000    -0.00175190  -0.00000000     0.00106238   0.00000000
  0.00138053   0.00000000     0.00106238   0.00000000    -0.00175190  -0.00000000
    3    6
 -0.00402193  -0.00000000    -0.00342444  -0.00000000     0.00334099   0.00000000
 -0.00567655  -0.00000000     0.00028043   0.00000000     0.00567655   0.00000000
  0.00334099   0.00000000     0.00342444   0.00000000    -0.00402193  -0.00000000
    3    7
 -0.00175190  -0.00000000     0.00138053   0.00000000    -0.00106238  -0.00000000
  0.00375777   0.00000000     0.00050646   0.00000000    -0.00375777  -0.00000000
 -0.00106238  -0.00000000    -0.00138053  -0.00000000    -0.00175190  -0.00000000
    3    8
 -0.00402193  -0.00000000     0.00334099   0.00000000    -0.00342444  -0.00000000
  0.00334099   0.00000000    -0.00402193  -0.00000000     0.00342444   0.00000000
 -0.00567655  -0.00000000     0.00567655   0.00000000     0.00028043   0.00000000
    3    9
 -0.00175190  -0.00000000    -0.00106238  -0.00000000     0.00138053   0.00000000
 -0.00106238  -0.00000000    -0.00175190  -0.00000000    -0.00138053  -0.00000000
  0.00375777   0.00000000    -0.00375777  -0.00000000     0.00050646   0.00000000
    3   10
 -0.00354200  -0.00000000     0.00501512   0.00000000     0.00501512   0.00000000
  0.00501512   0.00000000    -0.00354200  -0.00000000    -0.00501512  -0.00000000
  0.00501512   0.00000000    -0.00501512  -0.00000000    -0.00354200  -0.00000000
    3   11
  0.00073155   0.00000000    -0.00107444  -0.00000000    -0.00107444  -0.00000000
 -0.00107444  -0.00000000     0.00073155   0.00000000     0.00107444   0.00000000
 -0.00107444  -0.00000000     0.00107444   0.00000000     0.00073155   0.00000000
    4    1
  0.00486336  -0.00000000    -0.00108529   0.00000000    -0.00108529   0.00000000
