  5.000000000000000E-002   1.62369118239129        5.56045126041087     
           3

     Dynamical  Matrix in cartesian axes

     q = (   -0.707106781   0.000000000   0.000000000 ) 

    1    1
  0.23938934   0.00000000     0.00000000   0.00000000    -0.00000000   0.00000000
  0.00000000   0.00000000     0.09905501   0.00000000     0.00000000   0.00000000
 -0.00000000   0.00000000     0.00000000   0.00000000     0.09905501   0.00000000
    1    2
  0.00000000  -0.00000000    -0.00000000  -0.00000000     0.00000000   0.00000000
 -0.00000000   0.00000000     0.00000000  -0.00000000    -0.02542824  -0.00000000
 -0.00000000  -0.00000000    -0.02542824  -0.00000000     0.00000000  -0.00000000
    1    3
  0.00000000   0.00000000    -0.00000000   0.00000000    -0.00000000  -0.00000000
 -0.00000000  -0.00000000     0.00000000   0.00000000    -0.02542824   0.00000000
  0.00000000   0.00000000    -0.02542824   0.00000000     0.00000000   0.00000000
    1    4
 -0.00054747   0.00000000     0.01549780  -0.00000000     0.01549780  -0.00000000
  0.00225620  -0.00000000     0.00556270  -0.00000000     0.00184613  -0.00000000
  0.00225620  -0.00000000     0.00184613  -0.00000000     0.00556270  -0.00000000
    1    5
 -0.00054747   0.00000000     0.01549780  -0.00000000     0.01549780  -0.00000000
  0.00225620  -0.00000000     0.00556270  -0.00000000     0.00184613  -0.00000000
  0.00225620  -0.00000000     0.00184613  -0.00000000     0.00556270  -0.00000000
    1    6
  0.00054747  -0.00000000    -0.01549780   0.00000000     0.01549780  -0.00000000
 -0.00225620   0.00000000    -0.00556270   0.00000000     0.00184613  -0.00000000
  0.00225620  -0.00000000     0.00184613  -0.00000000    -0.00556270   0.00000000
    1    7
  0.00054747  -0.00000000    -0.01549780   0.00000000     0.01549780  -0.00000000
 -0.00225620   0.00000000    -0.00556270   0.00000000     0.00184613  -0.00000000
  0.00225620  -0.00000000     0.00184613  -0.00000000    -0.00556270   0.00000000
    1    8
  0.00054747  -0.00000000     0.01549780  -0.00000000    -0.01549780   0.00000000
  0.00225620  -0.00000000    -0.00556270   0.00000000     0.00184613  -0.00000000
 -0.00225620   0.00000000     0.00184613  -0.00000000    -0.00556270   0.00000000
    1    9
  0.00054747  -0.00000000     0.01549780  -0.00000000    -0.01549780   0.00000000
  0.00225620  -0.00000000    -0.00556270   0.00000000     0.00184613  -0.00000000
 -0.00225620   0.00000000     0.00184613  -0.00000000    -0.00556270   0.00000000
    1   10
 -0.00054747   0.00000000    -0.01549780   0.00000000    -0.01549780   0.00000000
 -0.00225620   0.00000000     0.00556270  -0.00000000     0.00184613  -0.00000000
 -0.00225620   0.00000000     0.00184613  -0.00000000     0.00556270  -0.00000000
    1   11
 -0.00054747   0.00000000    -0.01549780   0.00000000    -0.01549780   0.00000000
 -0.00225620   0.00000000     0.00556270  -0.00000000     0.00184613  -0.00000000
 -0.00225620   0.00000000     0.00184613  -0.00000000     0.00556270  -0.00000000
    2    1
 -0.00000000   0.00000000     0.00000000   0.00000000    -0.00000000  -0.00000000
 -0.00000000   0.00000000     0.00000000   0.00000000    -0.02542824   0.00000000
  0.00000000   0.00000000    -0.02542824   0.00000000     0.00000000   0.00000000
    2    2
  0.07616017   0.00000000    -0.00000000   0.00000000     0.00000000   0.00000000
 -0.00000000   0.00000000     0.05795519   0.00000000    -0.00000000   0.00000000
  0.00000000   0.00000000     0.00000000   0.00000000     0.05795519   0.00000000
    2    3
  0.00151229  -0.00000000     0.00000000   0.00000000     0.00000000   0.00000000
 -0.00000000   0.00000000    -0.02742998   0.00000000     0.00000000   0.00000000
 -0.00000000   0.00000000     0.00000000   0.00000000    -0.02742998   0.00000000
    2    4
 -0.01006738   0.00000000     0.00064622  -0.00000000     0.00064622  -0.00000000
  0.01292542  -0.00000000     0.00771371  -0.00000000     0.01530758  -0.00000000
  0.01292542  -0.00000000     0.01530758  -0.00000000     0.00771371  -0.00000000
    2    5
  0.00248609  -0.00000000    -0.01535924   0.00000000    -0.01535924   0.00000000
 -0.01577953   0.00000000    -0.01738027   0.00000000    -0.01905262   0.00000000
 -0.01577953   0.00000000    -0.01905262   0.00000000    -0.01738027   0.00000000
    2    6
 -0.01006738   0.00000000     0.00064622  -0.00000000    -0.00064622   0.00000000
  0.01292542  -0.00000000     0.00771371  -0.00000000    -0.01530758   0.00000000
 -0.01292542   0.00000000    -0.01530758   0.00000000     0.00771371  -0.00000000
    2    7
  0.00248609  -0.00000000    -0.01535924   0.00000000     0.01535924  -0.00000000
 -0.01577953   0.00000000    -0.01738027   0.00000000     0.01905262  -0.00000000
  0.01577953  -0.00000000     0.01905262  -0.00000000    -0.01738027   0.00000000
    2    8
 -0.01006738   0.00000000    -0.00064622   0.00000000     0.00064622  -0.00000000
 -0.01292542   0.00000000     0.00771371  -0.00000000    -0.01530758   0.00000000
  0.01292542  -0.00000000    -0.01530758   0.00000000     0.00771371  -0.00000000
    2    9
  0.00248609  -0.00000000     0.01535924  -0.00000000    -0.01535924   0.00000000
  0.01577953  -0.00000000    -0.01738027   0.00000000     0.01905262  -0.00000000
 -0.01577953   0.00000000     0.01905262  -0.00000000    -0.01738027   0.00000000
    2   10
 -0.01006738   0.00000000    -0.00064622   0.00000000    -0.00064622   0.00000000
 -0.01292542   0.00000000     0.00771371  -0.00000000     0.01530758  -0.00000000
 -0.01292542   0.00000000     0.01530758  -0.00000000     0.00771371  -0.00000000
    2   11
  0.00248609  -0.00000000     0.01535924  -0.00000000     0.01535924  -0.00000000
  0.01577953  -0.00000000    -0.01738027   0.00000000    -0.01905262   0.00000000
  0.01577953  -0.00000000    -0.01905262   0.00000000    -0.01738027   0.00000000
    3    1
  0.00000000  -0.00000000    -0.00000000   0.00000000    -0.00000000  -0.00000000
  0.00000000  -0.00000000     0.00000000  -0.00000000    -0.02542824  -0.00000000
 -0.00000000  -0.00000000    -0.02542824  -0.00000000     0.00000000  -0.00000000
    3    2
  0.00151229   0.00000000     0.00000000   0.00000000    -0.00000000  -0.00000000
 -0.00000000   0.00000000    -0.02742998  -0.00000000    -0.00000000  -0.00000000
 -0.00000000  -0.00000000    -0.00000000  -0.00000000    -0.02742998  -0.00000000
    3    3
  0.07616017   0.00000000     0.00000000   0.00000000     0.00000000   0.00000000
 -0.00000000   0.00000000     0.05795519   0.00000000     0.00000000   0.00000000
  0.00000000   0.00000000     0.00000000   0.00000000     0.05795519   0.00000000
    3    4
  0.00248609  -0.00000000    -0.01535924   0.00000000    -0.01535924   0.00000000
 -0.01577953   0.00000000    -0.01738027   0.00000000    -0.01905262   0.00000000
 -0.01577953   0.00000000    -0.01905262   0.00000000    -0.01738027   0.00000000
    3    5
 -0.01006738   0.00000000     0.00064622  -0.00000000     0.00064622  -0.00000000
  0.01292542  -0.00000000     0.00771371  -0.00000000     0.01530758  -0.00000000
  0.01292542  -0.00000000     0.01530758  -0.00000000     0.00771371  -0.00000000
    3    6
  0.00248609  -0.00000000    -0.01535924   0.00000000     0.01535924  -0.00000000
 -0.01577953   0.00000000    -0.01738027   0.00000000     0.01905262  -0.00000000
  0.01577953  -0.00000000     0.01905262  -0.00000000    -0.01738027   0.00000000
    3    7
 -0.01006738  -0.00000000     0.00064622   0.00000000    -0.00064622  -0.00000000
  0.01292542   0.00000000     0.00771371   0.00000000    -0.01530758  -0.00000000
 -0.01292542  -0.00000000    -0.01530758  -0.00000000     0.00771371   0.00000000
    3    8
  0.00248609  -0.00000000     0.01535924  -0.00000000    -0.01535924   0.00000000
  0.01577953  -0.00000000    -0.01738027   0.00000000     0.01905262  -0.00000000
 -0.01577953   0.00000000     0.01905262  -0.00000000    -0.01738027   0.00000000
    3    9
 -0.01006738  -0.00000000    -0.00064622  -0.00000000     0.00064622   0.00000000
 -0.01292542  -0.00000000     0.00771371   0.00000000    -0.01530758  -0.00000000
  0.01292542   0.00000000    -0.01530758  -0.00000000     0.00771371   0.00000000
    3   10
  0.00248609  -0.00000000     0.01535924  -0.00000000     0.01535924  -0.00000000
  0.01577953  -0.00000000    -0.01738027   0.00000000    -0.01905262   0.00000000
  0.01577953  -0.00000000    -0.01905262   0.00000000    -0.01738027   0.00000000
    3   11
 -0.01006738   0.00000000    -0.00064622   0.00000000    -0.00064622   0.00000000
 -0.01292542   0.00000000     0.00771371  -0.00000000     0.01530758  -0.00000000
 -0.01292542   0.00000000     0.01530758  -0.00000000     0.00771371  -0.00000000
    4    1
 -0.00054747  -0.00000000     0.00225620   0.00000000     0.00225620   0.00000000
  0.01549780   0.00000000     0.00556270   0.00000000     0.00184613   0.00000000
  0.01549780   0.00000000     0.00184613   0.00000000     0.00556270   0.00000000
    4    2
 -0.01006738  -0.00000000     0.01292542   0.00000000     0.01292542   0.00000000
  0.00064622   0.00000000     0.00771371   0.00000000     0.01530758   0.00000000
  0.00064622   0.00000000     0.01530758   0.00000000     0.00771371   0.00000000
    4    3
  0.00248609   0.00000000    -0.01577953  -0.00000000    -0.01577953  -0.00000000
 -0.01535924  -0.00000000    -0.01738027  -0.00000000    -0.01905262  -0.00000000
 -0.01535924  -0.00000000    -0.01905262  -0.00000000    -0.01738027  -0.00000000
    4    4
  0.04048847   0.00000000     0.00187231   0.00000000     0.00187231   0.00000000
  0.00187231   0.00000000     0.04710922   0.00000000     0.01481918   0.00000000
  0.00187231   0.00000000     0.01481918   0.00000000     0.04710922   0.00000000
    4    5
 -0.00397591  -0.00000000    -0.00556929  -0.00000000    -0.00556929  -0.00000000
 -0.00556929  -0.00000000    -0.01489014  -0.00000000    -0.01013681  -0.00000000
 -0.00556929  -0.00000000    -0.01013681  -0.00000000    -0.01489014  -0.00000000
    4    6
  0.00109155   0.00000000    -0.00379182  -0.00000000     0.00039676   0.00000000
 -0.00379182  -0.00000000    -0.00268385  -0.00000000     0.00301765   0.00000000
 -0.00039676  -0.00000000    -0.00301765  -0.00000000    -0.00072864  -0.00000000
    4    7
 -0.00553623  -0.00000000     0.00376475   0.00000000    -0.00179148  -0.00000000
  0.00376475   0.00000000     0.00202346   0.00000000    -0.00125105  -0.00000000
  0.00179148   0.00000000     0.00125105   0.00000000     0.01502365   0.00000000
    4    8
  0.00109155   0.00000000     0.00039676   0.00000000    -0.00379182  -0.00000000
 -0.00039676  -0.00000000    -0.00072864  -0.00000000    -0.00301765  -0.00000000
 -0.00379182  -0.00000000     0.00301765   0.00000000    -0.00268385  -0.00000000
    4    9
 -0.00553623  -0.00000000    -0.00179148  -0.00000000     0.00376475   0.00000000
  0.00179148   0.00000000     0.01502365   0.00000000     0.00125105   0.00000000
  0.00376475   0.00000000    -0.00125105  -0.00000000     0.00202346   0.00000000
    4   10
 -0.01387185  -0.00000000     0.00731942   0.00000000     0.00731942   0.00000000
 -0.00731942   0.00000000     0.00938171   0.00000000     0.00866116  -0.00000000
 -0.00731942   0.00000000     0.00866116  -0.00000000     0.00938171   0.00000000
    4   11
 -0.00190472  -0.00000000    -0.01247734  -0.00000000    -0.01247734  -0.00000000
  0.01247734   0.00000000    -0.01564232  -0.00000000    -0.00951077  -0.00000000
  0.01247734   0.00000000    -0.00951077  -0.00000000    -0.01564232  -0.00000000
    5    1
 -0.00054747  -0.00000000     0.00225620   0.00000000     0.00225620   0.00000000
  0.01549780   0.00000000     0.00556270   0.00000000     0.00184613   0.00000000
  0.01549780   0.00000000     0.00184613   0.00000000     0.00556270   0.00000000
    5    2
  0.00248609   0.00000000    -0.01577953  -0.00000000    -0.01577953  -0.00000000
 -0.01535924  -0.00000000    -0.01738027  -0.00000000    -0.01905262  -0.00000000
 -0.01535924  -0.00000000    -0.01905262  -0.00000000    -0.01738027  -0.00000000
    5    3
 -0.01006738  -0.00000000     0.01292542   0.00000000     0.01292542   0.00000000
  0.00064622   0.00000000     0.00771371   0.00000000     0.01530758   0.00000000
  0.00064622   0.00000000     0.01530758   0.00000000     0.00771371   0.00000000
    5    4
 -0.00397591   0.00000000    -0.00556929   0.00000000    -0.00556929   0.00000000
 -0.00556929   0.00000000    -0.01489014   0.00000000    -0.01013681   0.00000000
 -0.00556929   0.00000000    -0.01013681   0.00000000    -0.01489014   0.00000000
    5    5
  0.04048847   0.00000000     0.00187231   0.00000000     0.00187231   0.00000000
  0.00187231   0.00000000     0.04710922   0.00000000     0.01481918   0.00000000
  0.00187231   0.00000000     0.01481918   0.00000000     0.04710922   0.00000000
    5    6
 -0.00553623   0.00000000     0.00376475  -0.00000000    -0.00179148   0.00000000
  0.00376475  -0.00000000     0.00202346  -0.00000000    -0.00125105   0.00000000
  0.00179148  -0.00000000     0.00125105  -0.00000000     0.01502365  -0.00000000
    5    7
  0.00109155   0.00000000    -0.00379182  -0.00000000     0.00039676   0.00000000
 -0.00379182  -0.00000000    -0.00268385  -0.00000000     0.00301765   0.00000000
 -0.00039676  -0.00000000    -0.00301765  -0.00000000    -0.00072864  -0.00000000
    5    8
 -0.00553623   0.00000000    -0.00179148   0.00000000     0.00376475  -0.00000000
  0.00179148  -0.00000000     0.01502365  -0.00000000     0.00125105  -0.00000000
  0.00376475  -0.00000000    -0.00125105   0.00000000     0.00202346  -0.00000000
    5    9
  0.00109155   0.00000000     0.00039676   0.00000000    -0.00379182  -0.00000000
 -0.00039676  -0.00000000    -0.00072864  -0.00000000    -0.00301765  -0.00000000
 -0.00379182  -0.00000000     0.00301765   0.00000000    -0.00268385  -0.00000000
    5   10
 -0.00190472   0.00000000    -0.01247734   0.00000000    -0.01247734   0.00000000
  0.01247734  -0.00000000    -0.01564232   0.00000000    -0.00951077   0.00000000
  0.01247734  -0.00000000    -0.00951077   0.00000000    -0.01564232   0.00000000
    5   11
 -0.01387185   0.00000000     0.00731942  -0.00000000     0.00731942  -0.00000000
 -0.00731942  -0.00000000     0.00938171  -0.00000000     0.00866116   0.00000000
 -0.00731942  -0.00000000     0.00866116   0.00000000     0.00938171  -0.00000000
    6    1
  0.00054747   0.00000000    -0.00225620  -0.00000000     0.00225620   0.00000000
 -0.01549780  -0.00000000    -0.00556270  -0.00000000     0.00184613   0.00000000
  0.01549780   0.00000000     0.00184613   0.00000000    -0.00556270  -0.00000000
    6    2
 -0.01006738  -0.00000000     0.01292542   0.00000000    -0.01292542  -0.00000000
  0.00064622   0.00000000     0.00771371   0.00000000    -0.01530758  -0.00000000
 -0.00064622  -0.00000000    -0.01530758  -0.00000000     0.00771371   0.00000000
    6    3
  0.00248609   0.00000000    -0.01577953  -0.00000000     0.01577953   0.00000000
 -0.01535924  -0.00000000    -0.01738027  -0.00000000     0.01905262   0.00000000
  0.01535924   0.00000000     0.01905262   0.00000000    -0.01738027  -0.00000000
    6    4
  0.00109155  -0.00000000    -0.00379182   0.00000000    -0.00039676   0.00000000
 -0.00379182   0.00000000    -0.00268385   0.00000000    -0.00301765   0.00000000
  0.00039676  -0.00000000     0.00301765  -0.00000000    -0.00072864   0.00000000
    6    5
 -0.00553623  -0.00000000     0.00376475   0.00000000     0.00179148   0.00000000
  0.00376475   0.00000000     0.00202346   0.00000000     0.00125105   0.00000000
 -0.00179148  -0.00000000    -0.00125105  -0.00000000     0.01502365   0.00000000
    6    6
  0.04048847   0.00000000     0.00187231   0.00000000    -0.00187231   0.00000000
  0.00187231   0.00000000     0.04710922   0.00000000    -0.01481918   0.00000000
 -0.00187231   0.00000000    -0.01481918   0.00000000     0.04710922   0.00000000
    6    7
 -0.00397591  -0.00000000    -0.00556929  -0.00000000     0.00556929   0.00000000
 -0.00556929  -0.00000000    -0.01489014  -0.00000000     0.01013681   0.00000000
  0.00556929   0.00000000     0.01013681   0.00000000    -0.01489014  -0.00000000
    6    8
 -0.01387185   0.00000000     0.00731942  -0.00000000    -0.00731942   0.00000000
 -0.00731942  -0.00000000     0.00938171   0.00000000    -0.00866116  -0.00000000
  0.00731942   0.00000000    -0.00866116  -0.00000000     0.00938171   0.00000000
    6    9
 -0.00190472  -0.00000000    -0.01247734  -0.00000000     0.01247734   0.00000000
  0.01247734   0.00000000    -0.01564232  -0.00000000     0.00951077   0.00000000
 -0.01247734  -0.00000000     0.00951077   0.00000000    -0.01564232  -0.00000000
    6   10
  0.00109155  -0.00000000     0.00039676  -0.00000000     0.00379182  -0.00000000
 -0.00039676   0.00000000    -0.00072864   0.00000000     0.00301765  -0.00000000
  0.00379182  -0.00000000    -0.00301765   0.00000000    -0.00268385   0.00000000
    6   11
 -0.00553623  -0.00000000    -0.00179148  -0.00000000    -0.00376475  -0.00000000
  0.00179148   0.00000000     0.01502365   0.00000000    -0.00125105  -0.00000000
 -0.00376475  -0.00000000     0.00125105   0.00000000     0.00202346   0.00000000
    7    1
  0.00054747   0.00000000    -0.00225620  -0.00000000     0.00225620   0.00000000
 -0.01549780  -0.00000000    -0.00556270  -0.00000000     0.00184613   0.00000000
  0.01549780   0.00000000     0.00184613   0.00000000    -0.00556270  -0.00000000
    7    2
  0.00248609   0.00000000    -0.01577953  -0.00000000     0.01577953   0.00000000
 -0.01535924  -0.00000000    -0.01738027  -0.00000000     0.01905262   0.00000000
  0.01535924   0.00000000     0.01905262   0.00000000    -0.01738027  -0.00000000
    7    3
 -0.01006738   0.00000000     0.01292542  -0.00000000    -0.01292542   0.00000000
  0.00064622  -0.00000000     0.00771371  -0.00000000    -0.01530758   0.00000000
 -0.00064622   0.00000000    -0.01530758   0.00000000     0.00771371  -0.00000000
    7    4
 -0.00553623   0.00000000     0.00376475  -0.00000000     0.00179148  -0.00000000
  0.00376475  -0.00000000     0.00202346  -0.00000000     0.00125105  -0.00000000
 -0.00179148   0.00000000    -0.00125105   0.00000000     0.01502365  -0.00000000
    7    5
  0.00109155  -0.00000000    -0.00379182   0.00000000    -0.00039676   0.00000000
 -0.00379182   0.00000000    -0.00268385   0.00000000    -0.00301765   0.00000000
  0.00039676  -0.00000000     0.00301765  -0.00000000    -0.00072864   0.00000000
    7    6
 -0.00397591   0.00000000    -0.00556929   0.00000000     0.00556929  -0.00000000
 -0.00556929   0.00000000    -0.01489014   0.00000000     0.01013681  -0.00000000
  0.00556929  -0.00000000     0.01013681  -0.00000000    -0.01489014   0.00000000
    7    7
  0.04048847   0.00000000     0.00187231   0.00000000    -0.00187231   0.00000000
  0.00187231   0.00000000     0.04710922   0.00000000    -0.01481918   0.00000000
 -0.00187231   0.00000000    -0.01481918   0.00000000     0.04710922   0.00000000
    7    8
 -0.00190472   0.00000000    -0.01247734   0.00000000     0.01247734  -0.00000000
  0.01247734  -0.00000000    -0.01564232   0.00000000     0.00951077  -0.00000000
 -0.01247734   0.00000000     0.00951077  -0.00000000    -0.01564232   0.00000000
    7    9
 -0.01387185   0.00000000     0.00731942   0.00000000    -0.00731942   0.00000000
 -0.00731942   0.00000000     0.00938171   0.00000000    -0.00866116   0.00000000
  0.00731942   0.00000000    -0.00866116   0.00000000     0.00938171   0.00000000
    7   10
 -0.00553623   0.00000000    -0.00179148   0.00000000    -0.00376475   0.00000000
  0.00179148  -0.00000000     0.01502365  -0.00000000    -0.00125105   0.00000000
 -0.00376475   0.00000000     0.00125105  -0.00000000     0.00202346  -0.00000000
    7   11
  0.00109155  -0.00000000     0.00039676  -0.00000000     0.00379182  -0.00000000
 -0.00039676   0.00000000    -0.00072864   0.00000000     0.00301765  -0.00000000
  0.00379182  -0.00000000    -0.00301765   0.00000000    -0.00268385   0.00000000
    8    1
  0.00054747   0.00000000     0.00225620   0.00000000    -0.00225620  -0.00000000
  0.01549780   0.00000000    -0.00556270  -0.00000000     0.00184613   0.00000000
 -0.01549780  -0.00000000     0.00184613   0.00000000    -0.00556270  -0.00000000
    8    2
 -0.01006738  -0.00000000    -0.01292542  -0.00000000     0.01292542   0.00000000
 -0.00064622  -0.00000000     0.00771371   0.00000000    -0.01530758  -0.00000000
  0.00064622   0.00000000    -0.01530758  -0.00000000     0.00771371   0.00000000
    8    3
  0.00248609   0.00000000     0.01577953   0.00000000    -0.01577953  -0.00000000
  0.01535924   0.00000000    -0.01738027  -0.00000000     0.01905262   0.00000000
 -0.01535924  -0.00000000     0.01905262   0.00000000    -0.01738027  -0.00000000
    8    4
  0.00109155  -0.00000000    -0.00039676   0.00000000    -0.00379182   0.00000000
  0.00039676  -0.00000000    -0.00072864   0.00000000     0.00301765  -0.00000000
 -0.00379182   0.00000000    -0.00301765   0.00000000    -0.00268385   0.00000000
    8    5
 -0.00553623  -0.00000000     0.00179148   0.00000000     0.00376475   0.00000000
 -0.00179148  -0.00000000     0.01502365   0.00000000    -0.00125105  -0.00000000
  0.00376475   0.00000000     0.00125105   0.00000000     0.00202346   0.00000000
    8    6
 -0.01387185   0.00000000    -0.00731942   0.00000000     0.00731942  -0.00000000
  0.00731942   0.00000000     0.00938171   0.00000000    -0.00866116  -0.00000000
 -0.00731942  -0.00000000    -0.00866116  -0.00000000     0.00938171   0.00000000
    8    7
 -0.00190472  -0.00000000     0.01247734   0.00000000    -0.01247734  -0.00000000
 -0.01247734  -0.00000000    -0.01564232  -0.00000000     0.00951077   0.00000000
  0.01247734   0.00000000     0.00951077   0.00000000    -0.01564232  -0.00000000
    8    8
  0.04048847   0.00000000    -0.00187231   0.00000000     0.00187231   0.00000000
 -0.00187231   0.00000000     0.04710922   0.00000000    -0.01481918   0.00000000
  0.00187231   0.00000000    -0.01481918   0.00000000     0.04710922   0.00000000
    8    9
 -0.00397591  -0.00000000     0.00556929   0.00000000    -0.00556929  -0.00000000
  0.00556929   0.00000000    -0.01489014  -0.00000000     0.01013681   0.00000000
 -0.00556929  -0.00000000     0.01013681   0.00000000    -0.01489014  -0.00000000
    8   10
  0.00109155  -0.00000000     0.00379182  -0.00000000     0.00039676  -0.00000000
  0.00379182  -0.00000000    -0.00268385   0.00000000    -0.00301765   0.00000000
 -0.00039676   0.00000000     0.00301765  -0.00000000    -0.00072864   0.00000000
    8   11
 -0.00553623  -0.00000000    -0.00376475  -0.00000000    -0.00179148  -0.00000000
 -0.00376475  -0.00000000     0.00202346   0.00000000     0.00125105   0.00000000
  0.00179148   0.00000000    -0.00125105  -0.00000000     0.01502365   0.00000000
    9    1
  0.00054747   0.00000000     0.00225620   0.00000000    -0.00225620  -0.00000000
  0.01549780   0.00000000    -0.00556270  -0.00000000     0.00184613   0.00000000
 -0.01549780  -0.00000000     0.00184613   0.00000000    -0.00556270  -0.00000000
    9    2
  0.00248609   0.00000000     0.01577953   0.00000000    -0.01577953  -0.00000000
  0.01535924   0.00000000    -0.01738027  -0.00000000     0.01905262   0.00000000
 -0.01535924  -0.00000000     0.01905262   0.00000000    -0.01738027  -0.00000000
    9    3
 -0.01006738   0.00000000    -0.01292542   0.00000000     0.01292542  -0.00000000
 -0.00064622   0.00000000     0.00771371  -0.00000000    -0.01530758   0.00000000
  0.00064622  -0.00000000    -0.01530758   0.00000000     0.00771371  -0.00000000
    9    4
 -0.00553623   0.00000000     0.00179148  -0.00000000     0.00376475  -0.00000000
 -0.00179148   0.00000000     0.01502365  -0.00000000    -0.00125105   0.00000000
  0.00376475  -0.00000000     0.00125105  -0.00000000     0.00202346  -0.00000000
    9    5
  0.00109155  -0.00000000    -0.00039676   0.00000000    -0.00379182   0.00000000
  0.00039676  -0.00000000    -0.00072864   0.00000000     0.00301765  -0.00000000
 -0.00379182   0.00000000    -0.00301765   0.00000000    -0.00268385   0.00000000
    9    6
 -0.00190472   0.00000000     0.01247734  -0.00000000    -0.01247734   0.00000000
 -0.01247734   0.00000000    -0.01564232   0.00000000     0.00951077  -0.00000000
  0.01247734  -0.00000000     0.00951077  -0.00000000    -0.01564232   0.00000000
    9    7
 -0.01387185   0.00000000    -0.00731942   0.00000000     0.00731942   0.00000000
  0.00731942   0.00000000     0.00938171   0.00000000    -0.00866116   0.00000000
 -0.00731942   0.00000000    -0.00866116   0.00000000     0.00938171   0.00000000
    9    8
 -0.00397591   0.00000000     0.00556929  -0.00000000    -0.00556929   0.00000000
  0.00556929  -0.00000000    -0.01489014   0.00000000     0.01013681  -0.00000000
 -0.00556929   0.00000000     0.01013681  -0.00000000    -0.01489014   0.00000000
    9    9
  0.04048847   0.00000000    -0.00187231   0.00000000     0.00187231   0.00000000
 -0.00187231   0.00000000     0.04710922   0.00000000    -0.01481918   0.00000000
  0.00187231   0.00000000    -0.01481918   0.00000000     0.04710922   0.00000000
    9   10
 -0.00553623   0.00000000    -0.00376475   0.00000000    -0.00179148   0.00000000
 -0.00376475   0.00000000     0.00202346  -0.00000000     0.00125105  -0.00000000
  0.00179148  -0.00000000    -0.00125105   0.00000000     0.01502365  -0.00000000
    9   11
  0.00109155  -0.00000000     0.00379182  -0.00000000     0.00039676  -0.00000000
  0.00379182  -0.00000000    -0.00268385   0.00000000    -0.00301765   0.00000000
 -0.00039676   0.00000000     0.00301765  -0.00000000    -0.00072864   0.00000000
   10    1
 -0.00054747  -0.00000000    -0.00225620  -0.00000000    -0.00225620  -0.00000000
 -0.01549780  -0.00000000     0.00556270   0.00000000     0.00184613   0.00000000
 -0.01549780  -0.00000000     0.00184613   0.00000000     0.00556270   0.00000000
   10    2
 -0.01006738  -0.00000000    -0.01292542  -0.00000000    -0.01292542  -0.00000000
 -0.00064622  -0.00000000     0.00771371   0.00000000     0.01530758   0.00000000
 -0.00064622  -0.00000000     0.01530758   0.00000000     0.00771371   0.00000000
   10    3
  0.00248609   0.00000000     0.01577953   0.00000000     0.01577953   0.00000000
  0.01535924   0.00000000    -0.01738027  -0.00000000    -0.01905262  -0.00000000
  0.01535924   0.00000000    -0.01905262  -0.00000000    -0.01738027  -0.00000000
   10    4
 -0.01387185   0.00000000    -0.00731942  -0.00000000    -0.00731942  -0.00000000
  0.00731942  -0.00000000     0.00938171   0.00000000     0.00866116   0.00000000
  0.00731942  -0.00000000     0.00866116   0.00000000     0.00938171   0.00000000
   10    5
 -0.00190472  -0.00000000     0.01247734   0.00000000     0.01247734   0.00000000
 -0.01247734  -0.00000000    -0.01564232  -0.00000000    -0.00951077  -0.00000000
 -0.01247734  -0.00000000    -0.00951077  -0.00000000    -0.01564232  -0.00000000
   10    6
  0.00109155   0.00000000    -0.00039676  -0.00000000     0.00379182   0.00000000
  0.00039676   0.00000000    -0.00072864  -0.00000000    -0.00301765  -0.00000000
  0.00379182   0.00000000     0.00301765   0.00000000    -0.00268385  -0.00000000
   10    7
 -0.00553623  -0.00000000     0.00179148   0.00000000    -0.00376475  -0.00000000
 -0.00179148  -0.00000000     0.01502365   0.00000000     0.00125105   0.00000000
 -0.00376475  -0.00000000    -0.00125105  -0.00000000     0.00202346   0.00000000
   10    8
  0.00109155   0.00000000     0.00379182   0.00000000    -0.00039676  -0.00000000
  0.00379182   0.00000000    -0.00268385  -0.00000000     0.00301765   0.00000000
  0.00039676   0.00000000    -0.00301765  -0.00000000    -0.00072864  -0.00000000
   10    9
 -0.00553623  -0.00000000    -0.00376475  -0.00000000     0.00179148   0.00000000
 -0.00376475  -0.00000000     0.00202346   0.00000000    -0.00125105  -0.00000000
 -0.00179148  -0.00000000     0.00125105   0.00000000     0.01502365   0.00000000
   10   10
  0.04048847   0.00000000    -0.00187231   0.00000000    -0.00187231   0.00000000
 -0.00187231   0.00000000     0.04710922   0.00000000     0.01481918   0.00000000
 -0.00187231   0.00000000     0.01481918   0.00000000     0.04710922   0.00000000
   10   11
 -0.00397591  -0.00000000     0.00556929   0.00000000     0.00556929   0.00000000
  0.00556929   0.00000000    -0.01489014  -0.00000000    -0.01013681  -0.00000000
  0.00556929   0.00000000    -0.01013681  -0.00000000    -0.01489014  -0.00000000
   11    1
 -0.00054747  -0.00000000    -0.00225620  -0.00000000    -0.00225620  -0.00000000
 -0.01549780  -0.00000000     0.00556270   0.00000000     0.00184613   0.00000000
 -0.01549780  -0.00000000     0.00184613   0.00000000     0.00556270   0.00000000
   11    2
  0.00248609   0.00000000     0.01577953   0.00000000     0.01577953   0.00000000
  0.01535924   0.00000000    -0.01738027  -0.00000000    -0.01905262  -0.00000000
  0.01535924   0.00000000    -0.01905262  -0.00000000    -0.01738027  -0.00000000
   11    3
 -0.01006738  -0.00000000    -0.01292542  -0.00000000    -0.01292542  -0.00000000
 -0.00064622  -0.00000000     0.00771371   0.00000000     0.01530758   0.00000000
 -0.00064622  -0.00000000     0.01530758   0.00000000     0.00771371   0.00000000
   11    4
 -0.00190472   0.00000000     0.01247734  -0.00000000     0.01247734  -0.00000000
 -0.01247734   0.00000000    -0.01564232   0.00000000    -0.00951077   0.00000000
 -0.01247734   0.00000000    -0.00951077   0.00000000    -0.01564232   0.00000000
   11    5
 -0.01387185  -0.00000000    -0.00731942   0.00000000    -0.00731942   0.00000000
  0.00731942   0.00000000     0.00938171   0.00000000     0.00866116   0.00000000
  0.00731942   0.00000000     0.00866116   0.00000000     0.00938171   0.00000000
   11    6
 -0.00553623   0.00000000     0.00179148  -0.00000000    -0.00376475   0.00000000
 -0.00179148   0.00000000     0.01502365  -0.00000000     0.00125105  -0.00000000
 -0.00376475   0.00000000    -0.00125105   0.00000000     0.00202346  -0.00000000
   11    7
  0.00109155   0.00000000    -0.00039676  -0.00000000     0.00379182   0.00000000
  0.00039676   0.00000000    -0.00072864  -0.00000000    -0.00301765  -0.00000000
  0.00379182   0.00000000     0.00301765   0.00000000    -0.00268385  -0.00000000
   11    8
 -0.00553623   0.00000000    -0.00376475   0.00000000     0.00179148  -0.00000000
 -0.00376475   0.00000000     0.00202346  -0.00000000    -0.00125105   0.00000000
 -0.00179148   0.00000000     0.00125105  -0.00000000     0.01502365  -0.00000000
   11    9
  0.00109155   0.00000000     0.00379182   0.00000000    -0.00039676  -0.00000000
  0.00379182   0.00000000    -0.00268385  -0.00000000     0.00301765   0.00000000
  0.00039676   0.00000000    -0.00301765  -0.00000000    -0.00072864  -0.00000000
   11   10
 -0.00397591   0.00000000     0.00556929  -0.00000000     0.00556929  -0.00000000
  0.00556929  -0.00000000    -0.01489014   0.00000000    -0.01013681   0.00000000
  0.00556929  -0.00000000    -0.01013681   0.00000000    -0.01489014   0.00000000
   11   11
  0.04048847   0.00000000    -0.00187231   0.00000000    -0.00187231   0.00000000
 -0.00187231   0.00000000     0.04710922   0.00000000     0.01481918   0.00000000
 -0.00187231   0.00000000     0.01481918   0.00000000     0.04710922   0.00000000

     Dynamical  Matrix in cartesian axes

     q = (    0.000000000   0.000000000  -0.707106781 ) 

    1    1
  0.09905501   0.00000000    -0.00000000   0.00000000     0.00000000   0.00000000
 -0.00000000   0.00000000     0.09905501   0.00000000    -0.00000000   0.00000000
  0.00000000   0.00000000     0.00000000   0.00000000     0.23938934   0.00000000
    1    2
  0.00000000  -0.00000000    -0.02542824  -0.00000000    -0.00000000  -0.00000000
 -0.02542824  -0.00000000     0.00000000  -0.00000000     0.00000000   0.00000000
  0.00000000  -0.00000000     0.00000000  -0.00000000     0.00000000  -0.00000000
    1    3
  0.00000000   0.00000000    -0.02542824   0.00000000    -0.00000000   0.00000000
 -0.02542824   0.00000000     0.00000000   0.00000000     0.00000000   0.00000000
  0.00000000   0.00000000    -0.00000000   0.00000000    -0.00000000   0.00000000
    1    4
  0.00556270  -0.00000000     0.00184613  -0.00000000     0.00225620  -0.00000000
  0.00184613  -0.00000000     0.00556270  -0.00000000     0.00225620  -0.00000000
  0.01549780  -0.00000000     0.01549780  -0.00000000    -0.00054747   0.00000000
    1    5
  0.00556270  -0.00000000     0.00184613  -0.00000000     0.00225620  -0.00000000
  0.00184613  -0.00000000     0.00556270  -0.00000000     0.00225620  -0.00000000
  0.01549780  -0.00000000     0.01549780  -0.00000000    -0.00054747   0.00000000
    1    6
  0.00556270  -0.00000000     0.00184613  -0.00000000    -0.00225620   0.00000000
  0.00184613  -0.00000000     0.00556270  -0.00000000    -0.00225620   0.00000000
 -0.01549780   0.00000000    -0.01549780   0.00000000    -0.00054747   0.00000000
    1    7
  0.00556270  -0.00000000     0.00184613  -0.00000000    -0.00225620   0.00000000
  0.00184613  -0.00000000     0.00556270  -0.00000000    -0.00225620   0.00000000
 -0.01549780   0.00000000    -0.01549780   0.00000000    -0.00054747   0.00000000
    1    8
 -0.00556270   0.00000000     0.00184613  -0.00000000    -0.00225620   0.00000000
  0.00184613  -0.00000000    -0.00556270   0.00000000     0.00225620  -0.00000000
 -0.01549780   0.00000000     0.01549780  -0.00000000     0.00054747  -0.00000000
    1    9
 -0.00556270   0.00000000     0.00184613  -0.00000000    -0.00225620   0.00000000
  0.00184613  -0.00000000    -0.00556270   0.00000000     0.00225620  -0.00000000
 -0.01549780   0.00000000     0.01549780  -0.00000000     0.00054747  -0.00000000
    1   10
 -0.00556270   0.00000000     0.00184613  -0.00000000     0.00225620  -0.00000000
  0.00184613  -0.00000000    -0.00556270   0.00000000    -0.00225620   0.00000000
  0.01549780  -0.00000000    -0.01549780   0.00000000     0.00054747  -0.00000000
    1   11
 -0.00556270   0.00000000     0.00184613  -0.00000000     0.00225620  -0.00000000
  0.00184613  -0.00000000    -0.00556270   0.00000000    -0.00225620   0.00000000
  0.01549780  -0.00000000    -0.01549780   0.00000000     0.00054747  -0.00000000
    2    1
  0.00000000   0.00000000    -0.02542824   0.00000000    -0.00000000   0.00000000
 -0.02542824   0.00000000     0.00000000   0.00000000     0.00000000   0.00000000
 -0.00000000   0.00000000    -0.00000000  -0.00000000     0.00000000   0.00000000
    2    2
  0.05795519   0.00000000     0.00000000   0.00000000     0.00000000   0.00000000
  0.00000000   0.00000000     0.05795519   0.00000000    -0.00000000   0.00000000
  0.00000000   0.00000000     0.00000000   0.00000000     0.07616017   0.00000000
    2    3
 -0.02742998   0.00000000    -0.00000000   0.00000000     0.00000000   0.00000000
  0.00000000   0.00000000    -0.02742998   0.00000000     0.00000000   0.00000000
 -0.00000000  -0.00000000     0.00000000   0.00000000     0.00151229  -0.00000000
    2    4
  0.00771371  -0.00000000     0.01530758  -0.00000000     0.01292542  -0.00000000
  0.01530758  -0.00000000     0.00771371  -0.00000000     0.01292542  -0.00000000
  0.00064622  -0.00000000     0.00064622  -0.00000000    -0.01006738   0.00000000
    2    5
 -0.01738027   0.00000000    -0.01905262   0.00000000    -0.01577953   0.00000000
 -0.01905262   0.00000000    -0.01738027   0.00000000    -0.01577953   0.00000000
 -0.01535924   0.00000000    -0.01535924   0.00000000     0.00248609  -0.00000000
    2    6
  0.00771371  -0.00000000     0.01530758  -0.00000000    -0.01292542   0.00000000
  0.01530758  -0.00000000     0.00771371  -0.00000000    -0.01292542   0.00000000
 -0.00064622   0.00000000    -0.00064622   0.00000000    -0.01006738   0.00000000
    2    7
 -0.01738027   0.00000000    -0.01905262   0.00000000     0.01577953  -0.00000000
 -0.01905262   0.00000000    -0.01738027   0.00000000     0.01577953  -0.00000000
  0.01535924  -0.00000000     0.01535924  -0.00000000     0.00248609  -0.00000000
    2    8
  0.00771371  -0.00000000    -0.01530758   0.00000000     0.01292542  -0.00000000
 -0.01530758   0.00000000     0.00771371  -0.00000000    -0.01292542   0.00000000
  0.00064622  -0.00000000    -0.00064622   0.00000000    -0.01006738   0.00000000
    2    9
 -0.01738027   0.00000000     0.01905262  -0.00000000    -0.01577953   0.00000000
  0.01905262  -0.00000000    -0.01738027   0.00000000     0.01577953  -0.00000000
 -0.01535924   0.00000000     0.01535924  -0.00000000     0.00248609  -0.00000000
    2   10
  0.00771371  -0.00000000    -0.01530758   0.00000000    -0.01292542   0.00000000
 -0.01530758   0.00000000     0.00771371  -0.00000000     0.01292542  -0.00000000
 -0.00064622   0.00000000     0.00064622  -0.00000000    -0.01006738   0.00000000
    2   11
 -0.01738027   0.00000000     0.01905262  -0.00000000     0.01577953  -0.00000000
  0.01905262  -0.00000000    -0.01738027   0.00000000    -0.01577953   0.00000000
  0.01535924  -0.00000000    -0.01535924   0.00000000     0.00248609  -0.00000000
    3    1
  0.00000000  -0.00000000    -0.02542824  -0.00000000     0.00000000  -0.00000000
 -0.02542824  -0.00000000     0.00000000  -0.00000000     0.00000000  -0.00000000
  0.00000000   0.00000000     0.00000000  -0.00000000    -0.00000000  -0.00000000
    3    2
 -0.02742998  -0.00000000     0.00000000  -0.00000000    -0.00000000  -0.00000000
 -0.00000000  -0.00000000    -0.02742998  -0.00000000    -0.00000000   0.00000000
  0.00000000   0.00000000     0.00000000   0.00000000     0.00151229   0.00000000
    3    3
  0.05795519   0.00000000     0.00000000   0.00000000    -0.00000000   0.00000000
  0.00000000   0.00000000     0.05795519   0.00000000    -0.00000000   0.00000000
 -0.00000000   0.00000000     0.00000000   0.00000000     0.07616017   0.00000000
    3    4
 -0.01738027   0.00000000    -0.01905262   0.00000000    -0.01577953   0.00000000
 -0.01905262   0.00000000    -0.01738027   0.00000000    -0.01577953   0.00000000
 -0.01535924   0.00000000    -0.01535924   0.00000000     0.00248609  -0.00000000
    3    5
  0.00771371  -0.00000000     0.01530758  -0.00000000     0.01292542  -0.00000000
  0.01530758  -0.00000000     0.00771371  -0.00000000     0.01292542  -0.00000000
  0.00064622  -0.00000000     0.00064622  -0.00000000    -0.01006738   0.00000000
    3    6
 -0.01738027   0.00000000    -0.01905262   0.00000000     0.01577953  -0.00000000
 -0.01905262   0.00000000    -0.01738027   0.00000000     0.01577953  -0.00000000
  0.01535924  -0.00000000     0.01535924  -0.00000000     0.00248609  -0.00000000
    3    7
  0.00771371  -0.00000000     0.01530758  -0.00000000    -0.01292542   0.00000000
  0.01530758  -0.00000000     0.00771371  -0.00000000    -0.01292542   0.00000000
 -0.00064622   0.00000000    -0.00064622   0.00000000    -0.01006738   0.00000000
    3    8
 -0.01738027   0.00000000     0.01905262  -0.00000000    -0.01577953   0.00000000
  0.01905262  -0.00000000    -0.01738027   0.00000000     0.01577953  -0.00000000
 -0.01535924   0.00000000     0.01535924  -0.00000000     0.00248609  -0.00000000
    3    9
  0.00771371   0.00000000    -0.01530758  -0.00000000     0.01292542   0.00000000
 -0.01530758  -0.00000000     0.00771371   0.00000000    -0.01292542  -0.00000000
  0.00064622   0.00000000    -0.00064622  -0.00000000    -0.01006738  -0.00000000
    3   10
 -0.01738027   0.00000000     0.01905262  -0.00000000     0.01577953  -0.00000000
  0.01905262  -0.00000000    -0.01738027   0.00000000    -0.01577953   0.00000000
  0.01535924  -0.00000000    -0.01535924   0.00000000     0.00248609  -0.00000000
    3   11
  0.00771371   0.00000000    -0.01530758  -0.00000000    -0.01292542  -0.00000000
 -0.01530758  -0.00000000     0.00771371   0.00000000     0.01292542   0.00000000
 -0.00064622  -0.00000000     0.00064622   0.00000000    -0.01006738  -0.00000000
    4    1
  0.00556270   0.00000000     0.00184613   0.00000000     0.01549780   0.00000000
