  1.500000000000000E-002   1.62611031437266        4.44829059121779     
           3

     Dynamical  Matrix in cartesian axes

     q = (   -0.707106781   0.000000000   0.000000000 ) 

    1    1
  0.15877312   0.00000000     0.00000000   0.00000000    -0.00000000   0.00000000
 -0.00000000   0.00000000     0.07203072   0.00000000    -0.00000000   0.00000000
  0.00000000   0.00000000    -0.00000000   0.00000000     0.07203072   0.00000000
    1    2
 -0.00000000   0.00000000     0.00000000  -0.00000000     0.00000000   0.00000000
  0.00000000  -0.00000000     0.00000000  -0.00000000    -0.02677062  -0.00000000
  0.00000000   0.00000000    -0.02677062  -0.00000000    -0.00000000  -0.00000000
    1    3
  0.00000000  -0.00000000    -0.00000000   0.00000000    -0.00000000  -0.00000000
 -0.00000000  -0.00000000     0.00000000   0.00000000    -0.02677062   0.00000000
 -0.00000000  -0.00000000    -0.02677062   0.00000000     0.00000000   0.00000000
    1    4
  0.00095107  -0.00000000     0.01408398  -0.00000000     0.01408398  -0.00000000
  0.00003128  -0.00000000     0.00492843  -0.00000000     0.00640234  -0.00000000
  0.00003128  -0.00000000     0.00640234  -0.00000000     0.00492843  -0.00000000
    1    5
  0.00095107  -0.00000000     0.01408398  -0.00000000     0.01408398  -0.00000000
  0.00003128  -0.00000000     0.00492843  -0.00000000     0.00640234  -0.00000000
  0.00003128  -0.00000000     0.00640234  -0.00000000     0.00492843  -0.00000000
    1    6
 -0.00095107   0.00000000    -0.01408398   0.00000000     0.01408398  -0.00000000
 -0.00003128   0.00000000    -0.00492843   0.00000000     0.00640234  -0.00000000
  0.00003128  -0.00000000     0.00640234  -0.00000000    -0.00492843   0.00000000
    1    7
 -0.00095107   0.00000000    -0.01408398   0.00000000     0.01408398  -0.00000000
 -0.00003128   0.00000000    -0.00492843   0.00000000     0.00640234  -0.00000000
  0.00003128  -0.00000000     0.00640234  -0.00000000    -0.00492843   0.00000000
    1    8
 -0.00095107   0.00000000     0.01408398  -0.00000000    -0.01408398   0.00000000
  0.00003128  -0.00000000    -0.00492843   0.00000000     0.00640234  -0.00000000
 -0.00003128   0.00000000     0.00640234  -0.00000000    -0.00492843   0.00000000
    1    9
 -0.00095107   0.00000000     0.01408398  -0.00000000    -0.01408398   0.00000000
  0.00003128  -0.00000000    -0.00492843   0.00000000     0.00640234  -0.00000000
 -0.00003128   0.00000000     0.00640234  -0.00000000    -0.00492843   0.00000000
    1   10
  0.00095107  -0.00000000    -0.01408398   0.00000000    -0.01408398   0.00000000
 -0.00003128   0.00000000     0.00492843  -0.00000000     0.00640234  -0.00000000
 -0.00003128   0.00000000     0.00640234  -0.00000000     0.00492843  -0.00000000
    1   11
  0.00095107  -0.00000000    -0.01408398   0.00000000    -0.01408398   0.00000000
 -0.00003128   0.00000000     0.00492843  -0.00000000     0.00640234  -0.00000000
 -0.00003128   0.00000000     0.00640234  -0.00000000     0.00492843  -0.00000000
    2    1
 -0.00000000  -0.00000000     0.00000000  -0.00000000     0.00000000  -0.00000000
  0.00000000  -0.00000000    -0.00000000   0.00000000    -0.02677062   0.00000000
  0.00000000  -0.00000000    -0.02677062   0.00000000    -0.00000000   0.00000000
    2    2
  0.09586208   0.00000000     0.00000000   0.00000000    -0.00000000   0.00000000
  0.00000000   0.00000000     0.06798692   0.00000000     0.00000000   0.00000000
  0.00000000   0.00000000     0.00000000   0.00000000     0.06798692   0.00000000
    2    3
 -0.02321939   0.00000000    -0.00000000  -0.00000000     0.00000000   0.00000000
  0.00000000  -0.00000000    -0.02775704   0.00000000    -0.00000000   0.00000000
  0.00000000   0.00000000    -0.00000000   0.00000000    -0.02775704   0.00000000
    2    4
 -0.01594474   0.00000000     0.00665740  -0.00000000     0.00665740  -0.00000000
  0.01343298  -0.00000000     0.00866395  -0.00000000     0.02397052  -0.00000000
  0.01343298  -0.00000000     0.02397052  -0.00000000     0.00866395  -0.00000000
    2    5
  0.00814275  -0.00000000    -0.01991146   0.00000000    -0.01991146   0.00000000
 -0.01309793   0.00000000    -0.02392565   0.00000000    -0.02830136   0.00000000
 -0.01309793   0.00000000    -0.02830136   0.00000000    -0.02392565   0.00000000
    2    6
 -0.01594474   0.00000000     0.00665740  -0.00000000    -0.00665740   0.00000000
  0.01343298  -0.00000000     0.00866395  -0.00000000    -0.02397052   0.00000000
 -0.01343298   0.00000000    -0.02397052   0.00000000     0.00866395  -0.00000000
    2    7
  0.00814275  -0.00000000    -0.01991146   0.00000000     0.01991146  -0.00000000
 -0.01309793   0.00000000    -0.02392565   0.00000000     0.02830136  -0.00000000
  0.01309793  -0.00000000     0.02830136  -0.00000000    -0.02392565   0.00000000
    2    8
 -0.01594474   0.00000000    -0.00665740   0.00000000     0.00665740  -0.00000000
 -0.01343298   0.00000000     0.00866395  -0.00000000    -0.02397052   0.00000000
  0.01343298  -0.00000000    -0.02397052   0.00000000     0.00866395  -0.00000000
    2    9
  0.00814275  -0.00000000     0.01991146  -0.00000000    -0.01991146   0.00000000
  0.01309793  -0.00000000    -0.02392565   0.00000000     0.02830136  -0.00000000
 -0.01309793   0.00000000     0.02830136  -0.00000000    -0.02392565   0.00000000
    2   10
 -0.01594474   0.00000000    -0.00665740   0.00000000    -0.00665740   0.00000000
 -0.01343298   0.00000000     0.00866395  -0.00000000     0.02397052  -0.00000000
 -0.01343298   0.00000000     0.02397052  -0.00000000     0.00866395  -0.00000000
    2   11
  0.00814275  -0.00000000     0.01991146  -0.00000000     0.01991146  -0.00000000
  0.01309793  -0.00000000    -0.02392565   0.00000000    -0.02830136   0.00000000
  0.01309793  -0.00000000    -0.02830136   0.00000000    -0.02392565   0.00000000
    3    1
  0.00000000   0.00000000    -0.00000000   0.00000000     0.00000000   0.00000000
 -0.00000000  -0.00000000    -0.00000000  -0.00000000    -0.02677062  -0.00000000
 -0.00000000   0.00000000    -0.02677062  -0.00000000    -0.00000000  -0.00000000
    3    2
 -0.02321939  -0.00000000     0.00000000   0.00000000     0.00000000   0.00000000
 -0.00000000   0.00000000    -0.02775704  -0.00000000    -0.00000000  -0.00000000
  0.00000000   0.00000000    -0.00000000  -0.00000000    -0.02775704  -0.00000000
    3    3
  0.09586208   0.00000000    -0.00000000   0.00000000    -0.00000000   0.00000000
 -0.00000000   0.00000000     0.06798692   0.00000000    -0.00000000   0.00000000
 -0.00000000   0.00000000    -0.00000000   0.00000000     0.06798692   0.00000000
    3    4
  0.00814275  -0.00000000    -0.01991146   0.00000000    -0.01991146   0.00000000
 -0.01309793   0.00000000    -0.02392565   0.00000000    -0.02830136   0.00000000
 -0.01309793   0.00000000    -0.02830136   0.00000000    -0.02392565   0.00000000
    3    5
 -0.01594474   0.00000000     0.00665740  -0.00000000     0.00665740  -0.00000000
  0.01343298  -0.00000000     0.00866395  -0.00000000     0.02397052  -0.00000000
  0.01343298  -0.00000000     0.02397052  -0.00000000     0.00866395  -0.00000000
    3    6
  0.00814275  -0.00000000    -0.01991146   0.00000000     0.01991146  -0.00000000
 -0.01309793   0.00000000    -0.02392565   0.00000000     0.02830136  -0.00000000
  0.01309793  -0.00000000     0.02830136  -0.00000000    -0.02392565   0.00000000
    3    7
 -0.01594474  -0.00000000     0.00665740   0.00000000    -0.00665740  -0.00000000
  0.01343298   0.00000000     0.00866395   0.00000000    -0.02397052  -0.00000000
 -0.01343298  -0.00000000    -0.02397052  -0.00000000     0.00866395   0.00000000
    3    8
  0.00814275  -0.00000000     0.01991146  -0.00000000    -0.01991146   0.00000000
  0.01309793  -0.00000000    -0.02392565   0.00000000     0.02830136  -0.00000000
 -0.01309793   0.00000000     0.02830136  -0.00000000    -0.02392565   0.00000000
    3    9
 -0.01594474  -0.00000000    -0.00665740  -0.00000000     0.00665740   0.00000000
 -0.01343298  -0.00000000     0.00866395   0.00000000    -0.02397052  -0.00000000
  0.01343298   0.00000000    -0.02397052  -0.00000000     0.00866395   0.00000000
    3   10
  0.00814275  -0.00000000     0.01991146  -0.00000000     0.01991146  -0.00000000
  0.01309793  -0.00000000    -0.02392565   0.00000000    -0.02830136   0.00000000
  0.01309793  -0.00000000    -0.02830136   0.00000000    -0.02392565   0.00000000
    3   11
 -0.01594474   0.00000000    -0.00665740   0.00000000    -0.00665740   0.00000000
 -0.01343298   0.00000000     0.00866395  -0.00000000     0.02397052  -0.00000000
 -0.01343298   0.00000000     0.02397052  -0.00000000     0.00866395  -0.00000000
    4    1
  0.00095107   0.00000000     0.00003128   0.00000000     0.00003128   0.00000000
  0.01408398   0.00000000     0.00492843   0.00000000     0.00640234   0.00000000
  0.01408398   0.00000000     0.00640234   0.00000000     0.00492843   0.00000000
    4    2
 -0.01594474  -0.00000000     0.01343298   0.00000000     0.01343298   0.00000000
  0.00665740   0.00000000     0.00866395   0.00000000     0.02397052   0.00000000
  0.00665740   0.00000000     0.02397052   0.00000000     0.00866395   0.00000000
    4    3
  0.00814275   0.00000000    -0.01309793  -0.00000000    -0.01309793  -0.00000000
 -0.01991146  -0.00000000    -0.02392565  -0.00000000    -0.02830136  -0.00000000
 -0.01991146  -0.00000000    -0.02830136  -0.00000000    -0.02392565  -0.00000000
    4    4
  0.04088559   0.00000000     0.00047871   0.00000000     0.00047871   0.00000000
  0.00047871   0.00000000     0.06148883   0.00000000     0.02960082   0.00000000
  0.00047871   0.00000000     0.02960082   0.00000000     0.06148883   0.00000000
    4    5
 -0.00235146  -0.00000000    -0.00626643  -0.00000000    -0.00626643  -0.00000000
 -0.00626643  -0.00000000    -0.02332942  -0.00000000    -0.02229287  -0.00000000
 -0.00626643  -0.00000000    -0.02229287  -0.00000000    -0.02332942  -0.00000000
    4    6
  0.00245483   0.00000000    -0.00593805  -0.00000000    -0.00037374  -0.00000000
 -0.00593805  -0.00000000    -0.00975360  -0.00000000     0.00482344   0.00000000
  0.00037374   0.00000000    -0.00482344  -0.00000000    -0.00318437  -0.00000000
    4    7
 -0.00715855  -0.00000000     0.00498129   0.00000000    -0.00240932  -0.00000000
  0.00498129   0.00000000     0.00588479   0.00000000    -0.00241502  -0.00000000
  0.00240932   0.00000000     0.00241502   0.00000000     0.02584966   0.00000000
    4    8
  0.00245483   0.00000000    -0.00037374  -0.00000000    -0.00593805  -0.00000000
  0.00037374   0.00000000    -0.00318437  -0.00000000    -0.00482344  -0.00000000
 -0.00593805  -0.00000000     0.00482344   0.00000000    -0.00975360  -0.00000000
    4    9
 -0.00715855  -0.00000000    -0.00240932  -0.00000000     0.00498129   0.00000000
  0.00240932   0.00000000     0.02584966   0.00000000     0.00241502   0.00000000
  0.00498129   0.00000000    -0.00241502  -0.00000000     0.00588479   0.00000000
    4   10
 -0.00987070  -0.00000000     0.01012161   0.00000000     0.01012161   0.00000000
 -0.01012161   0.00000000     0.01145853  -0.00000000     0.01808337  -0.00000000
 -0.01012161   0.00000000     0.01808337  -0.00000000     0.01145853  -0.00000000
    4   11
 -0.01279690  -0.00000000    -0.01886237  -0.00000000    -0.01886237  -0.00000000
  0.01886237   0.00000000    -0.01887353  -0.00000000    -0.01732209  -0.00000000
  0.01886237   0.00000000    -0.01732209  -0.00000000    -0.01887353  -0.00000000
    5    1
  0.00095107   0.00000000     0.00003128   0.00000000     0.00003128   0.00000000
  0.01408398   0.00000000     0.00492843   0.00000000     0.00640234   0.00000000
  0.01408398   0.00000000     0.00640234   0.00000000     0.00492843   0.00000000
    5    2
  0.00814275   0.00000000    -0.01309793  -0.00000000    -0.01309793  -0.00000000
 -0.01991146  -0.00000000    -0.02392565  -0.00000000    -0.02830136  -0.00000000
 -0.01991146  -0.00000000    -0.02830136  -0.00000000    -0.02392565  -0.00000000
    5    3
 -0.01594474  -0.00000000     0.01343298   0.00000000     0.01343298   0.00000000
  0.00665740   0.00000000     0.00866395   0.00000000     0.02397052   0.00000000
  0.00665740   0.00000000     0.02397052   0.00000000     0.00866395   0.00000000
    5    4
 -0.00235146   0.00000000    -0.00626643   0.00000000    -0.00626643   0.00000000
 -0.00626643   0.00000000    -0.02332942   0.00000000    -0.02229287   0.00000000
 -0.00626643   0.00000000    -0.02229287   0.00000000    -0.02332942   0.00000000
    5    5
  0.04088559   0.00000000     0.00047871   0.00000000     0.00047871   0.00000000
  0.00047871   0.00000000     0.06148883   0.00000000     0.02960082   0.00000000
  0.00047871   0.00000000     0.02960082   0.00000000     0.06148883   0.00000000
    5    6
 -0.00715855   0.00000000     0.00498129  -0.00000000    -0.00240932   0.00000000
  0.00498129  -0.00000000     0.00588479  -0.00000000    -0.00241502   0.00000000
  0.00240932  -0.00000000     0.00241502  -0.00000000     0.02584966  -0.00000000
    5    7
  0.00245483   0.00000000    -0.00593805  -0.00000000    -0.00037374  -0.00000000
 -0.00593805  -0.00000000    -0.00975360  -0.00000000     0.00482344   0.00000000
  0.00037374   0.00000000    -0.00482344  -0.00000000    -0.00318437  -0.00000000
    5    8
 -0.00715855   0.00000000    -0.00240932   0.00000000     0.00498129  -0.00000000
  0.00240932  -0.00000000     0.02584966  -0.00000000     0.00241502  -0.00000000
  0.00498129  -0.00000000    -0.00241502   0.00000000     0.00588479  -0.00000000
    5    9
  0.00245483   0.00000000    -0.00037374  -0.00000000    -0.00593805  -0.00000000
  0.00037374   0.00000000    -0.00318437  -0.00000000    -0.00482344  -0.00000000
 -0.00593805  -0.00000000     0.00482344   0.00000000    -0.00975360  -0.00000000
    5   10
 -0.01279690   0.00000000    -0.01886237   0.00000000    -0.01886237   0.00000000
  0.01886237  -0.00000000    -0.01887353   0.00000000    -0.01732209   0.00000000
  0.01886237  -0.00000000    -0.01732209   0.00000000    -0.01887353   0.00000000
    5   11
 -0.00987070   0.00000000     0.01012161  -0.00000000     0.01012161  -0.00000000
 -0.01012161  -0.00000000     0.01145853   0.00000000     0.01808337   0.00000000
 -0.01012161  -0.00000000     0.01808337   0.00000000     0.01145853   0.00000000
    6    1
 -0.00095107  -0.00000000    -0.00003128  -0.00000000     0.00003128   0.00000000
 -0.01408398  -0.00000000    -0.00492843  -0.00000000     0.00640234   0.00000000
  0.01408398   0.00000000     0.00640234   0.00000000    -0.00492843  -0.00000000
    6    2
 -0.01594474  -0.00000000     0.01343298   0.00000000    -0.01343298  -0.00000000
  0.00665740   0.00000000     0.00866395   0.00000000    -0.02397052  -0.00000000
 -0.00665740  -0.00000000    -0.02397052  -0.00000000     0.00866395   0.00000000
    6    3
  0.00814275   0.00000000    -0.01309793  -0.00000000     0.01309793   0.00000000
 -0.01991146  -0.00000000    -0.02392565  -0.00000000     0.02830136   0.00000000
  0.01991146   0.00000000     0.02830136   0.00000000    -0.02392565  -0.00000000
    6    4
  0.00245483  -0.00000000    -0.00593805   0.00000000     0.00037374  -0.00000000
 -0.00593805   0.00000000    -0.00975360   0.00000000    -0.00482344   0.00000000
 -0.00037374   0.00000000     0.00482344  -0.00000000    -0.00318437   0.00000000
    6    5
 -0.00715855  -0.00000000     0.00498129   0.00000000     0.00240932   0.00000000
  0.00498129   0.00000000     0.00588479   0.00000000     0.00241502   0.00000000
 -0.00240932  -0.00000000    -0.00241502  -0.00000000     0.02584966   0.00000000
    6    6
  0.04088559   0.00000000     0.00047871   0.00000000    -0.00047871   0.00000000
  0.00047871   0.00000000     0.06148883   0.00000000    -0.02960082   0.00000000
 -0.00047871   0.00000000    -0.02960082   0.00000000     0.06148883   0.00000000
    6    7
 -0.00235146  -0.00000000    -0.00626643  -0.00000000     0.00626643   0.00000000
 -0.00626643  -0.00000000    -0.02332942  -0.00000000     0.02229287   0.00000000
  0.00626643   0.00000000     0.02229287   0.00000000    -0.02332942  -0.00000000
    6    8
 -0.00987070  -0.00000000     0.01012161  -0.00000000    -0.01012161   0.00000000
 -0.01012161  -0.00000000     0.01145853  -0.00000000    -0.01808337  -0.00000000
  0.01012161   0.00000000    -0.01808337  -0.00000000     0.01145853  -0.00000000
    6    9
 -0.01279690  -0.00000000    -0.01886237  -0.00000000     0.01886237   0.00000000
  0.01886237   0.00000000    -0.01887353  -0.00000000     0.01732209   0.00000000
 -0.01886237  -0.00000000     0.01732209   0.00000000    -0.01887353  -0.00000000
    6   10
  0.00245483  -0.00000000    -0.00037374   0.00000000     0.00593805  -0.00000000
  0.00037374  -0.00000000    -0.00318437   0.00000000     0.00482344  -0.00000000
  0.00593805  -0.00000000    -0.00482344   0.00000000    -0.00975360   0.00000000
    6   11
 -0.00715855  -0.00000000    -0.00240932  -0.00000000    -0.00498129  -0.00000000
  0.00240932   0.00000000     0.02584966   0.00000000    -0.00241502  -0.00000000
 -0.00498129  -0.00000000     0.00241502   0.00000000     0.00588479   0.00000000
    7    1
 -0.00095107  -0.00000000    -0.00003128  -0.00000000     0.00003128   0.00000000
 -0.01408398  -0.00000000    -0.00492843  -0.00000000     0.00640234   0.00000000
  0.01408398   0.00000000     0.00640234   0.00000000    -0.00492843  -0.00000000
    7    2
  0.00814275   0.00000000    -0.01309793  -0.00000000     0.01309793   0.00000000
 -0.01991146  -0.00000000    -0.02392565  -0.00000000     0.02830136   0.00000000
  0.01991146   0.00000000     0.02830136   0.00000000    -0.02392565  -0.00000000
    7    3
 -0.01594474   0.00000000     0.01343298  -0.00000000    -0.01343298   0.00000000
  0.00665740  -0.00000000     0.00866395  -0.00000000    -0.02397052   0.00000000
 -0.00665740   0.00000000    -0.02397052   0.00000000     0.00866395  -0.00000000
    7    4
 -0.00715855   0.00000000     0.00498129  -0.00000000     0.00240932  -0.00000000
  0.00498129  -0.00000000     0.00588479  -0.00000000     0.00241502  -0.00000000
 -0.00240932   0.00000000    -0.00241502   0.00000000     0.02584966  -0.00000000
    7    5
  0.00245483  -0.00000000    -0.00593805   0.00000000     0.00037374  -0.00000000
 -0.00593805   0.00000000    -0.00975360   0.00000000    -0.00482344   0.00000000
 -0.00037374   0.00000000     0.00482344  -0.00000000    -0.00318437   0.00000000
    7    6
 -0.00235146   0.00000000    -0.00626643   0.00000000     0.00626643  -0.00000000
 -0.00626643   0.00000000    -0.02332942   0.00000000     0.02229287  -0.00000000
  0.00626643  -0.00000000     0.02229287  -0.00000000    -0.02332942   0.00000000
    7    7
  0.04088559   0.00000000     0.00047871   0.00000000    -0.00047871   0.00000000
  0.00047871   0.00000000     0.06148883   0.00000000    -0.02960082   0.00000000
 -0.00047871   0.00000000    -0.02960082   0.00000000     0.06148883   0.00000000
    7    8
 -0.01279690   0.00000000    -0.01886237   0.00000000     0.01886237  -0.00000000
  0.01886237  -0.00000000    -0.01887353   0.00000000     0.01732209  -0.00000000
 -0.01886237   0.00000000     0.01732209  -0.00000000    -0.01887353   0.00000000
    7    9
 -0.00987070   0.00000000     0.01012161   0.00000000    -0.01012161   0.00000000
 -0.01012161   0.00000000     0.01145853   0.00000000    -0.01808337   0.00000000
  0.01012161   0.00000000    -0.01808337   0.00000000     0.01145853   0.00000000
    7   10
 -0.00715855   0.00000000    -0.00240932   0.00000000    -0.00498129   0.00000000
  0.00240932  -0.00000000     0.02584966  -0.00000000    -0.00241502   0.00000000
 -0.00498129   0.00000000     0.00241502  -0.00000000     0.00588479  -0.00000000
    7   11
  0.00245483  -0.00000000    -0.00037374   0.00000000     0.00593805  -0.00000000
  0.00037374  -0.00000000    -0.00318437   0.00000000     0.00482344  -0.00000000
  0.00593805  -0.00000000    -0.00482344   0.00000000    -0.00975360   0.00000000
    8    1
 -0.00095107  -0.00000000     0.00003128   0.00000000    -0.00003128  -0.00000000
  0.01408398   0.00000000    -0.00492843  -0.00000000     0.00640234   0.00000000
 -0.01408398  -0.00000000     0.00640234   0.00000000    -0.00492843  -0.00000000
    8    2
 -0.01594474  -0.00000000    -0.01343298  -0.00000000     0.01343298   0.00000000
 -0.00665740  -0.00000000     0.00866395   0.00000000    -0.02397052  -0.00000000
  0.00665740   0.00000000    -0.02397052  -0.00000000     0.00866395   0.00000000
    8    3
  0.00814275   0.00000000     0.01309793   0.00000000    -0.01309793  -0.00000000
  0.01991146   0.00000000    -0.02392565  -0.00000000     0.02830136   0.00000000
 -0.01991146  -0.00000000     0.02830136   0.00000000    -0.02392565  -0.00000000
    8    4
  0.00245483  -0.00000000     0.00037374  -0.00000000    -0.00593805   0.00000000
 -0.00037374   0.00000000    -0.00318437   0.00000000     0.00482344  -0.00000000
 -0.00593805   0.00000000    -0.00482344   0.00000000    -0.00975360   0.00000000
    8    5
 -0.00715855  -0.00000000     0.00240932   0.00000000     0.00498129   0.00000000
 -0.00240932  -0.00000000     0.02584966   0.00000000    -0.00241502  -0.00000000
  0.00498129   0.00000000     0.00241502   0.00000000     0.00588479   0.00000000
    8    6
 -0.00987070  -0.00000000    -0.01012161   0.00000000     0.01012161  -0.00000000
  0.01012161   0.00000000     0.01145853  -0.00000000    -0.01808337  -0.00000000
 -0.01012161  -0.00000000    -0.01808337  -0.00000000     0.01145853  -0.00000000
    8    7
 -0.01279690  -0.00000000     0.01886237   0.00000000    -0.01886237  -0.00000000
 -0.01886237  -0.00000000    -0.01887353  -0.00000000     0.01732209   0.00000000
  0.01886237   0.00000000     0.01732209   0.00000000    -0.01887353  -0.00000000
    8    8
  0.04088559   0.00000000    -0.00047871   0.00000000     0.00047871   0.00000000
 -0.00047871   0.00000000     0.06148883   0.00000000    -0.02960082   0.00000000
  0.00047871   0.00000000    -0.02960082   0.00000000     0.06148883   0.00000000
    8    9
 -0.00235146  -0.00000000     0.00626643   0.00000000    -0.00626643  -0.00000000
  0.00626643   0.00000000    -0.02332942  -0.00000000     0.02229287   0.00000000
 -0.00626643  -0.00000000     0.02229287   0.00000000    -0.02332942  -0.00000000
    8   10
  0.00245483  -0.00000000     0.00593805  -0.00000000    -0.00037374   0.00000000
  0.00593805  -0.00000000    -0.00975360   0.00000000    -0.00482344   0.00000000
  0.00037374  -0.00000000     0.00482344  -0.00000000    -0.00318437   0.00000000
    8   11
 -0.00715855  -0.00000000    -0.00498129  -0.00000000    -0.00240932  -0.00000000
 -0.00498129  -0.00000000     0.00588479   0.00000000     0.00241502   0.00000000
  0.00240932   0.00000000    -0.00241502  -0.00000000     0.02584966   0.00000000
    9    1
 -0.00095107  -0.00000000     0.00003128   0.00000000    -0.00003128  -0.00000000
  0.01408398   0.00000000    -0.00492843  -0.00000000     0.00640234   0.00000000
 -0.01408398  -0.00000000     0.00640234   0.00000000    -0.00492843  -0.00000000
    9    2
  0.00814275   0.00000000     0.01309793   0.00000000    -0.01309793  -0.00000000
  0.01991146   0.00000000    -0.02392565  -0.00000000     0.02830136   0.00000000
 -0.01991146  -0.00000000     0.02830136   0.00000000    -0.02392565  -0.00000000
    9    3
 -0.01594474   0.00000000    -0.01343298   0.00000000     0.01343298  -0.00000000
 -0.00665740   0.00000000     0.00866395  -0.00000000    -0.02397052   0.00000000
  0.00665740  -0.00000000    -0.02397052   0.00000000     0.00866395  -0.00000000
    9    4
 -0.00715855   0.00000000     0.00240932  -0.00000000     0.00498129  -0.00000000
 -0.00240932   0.00000000     0.02584966  -0.00000000    -0.00241502   0.00000000
  0.00498129  -0.00000000     0.00241502  -0.00000000     0.00588479  -0.00000000
    9    5
  0.00245483  -0.00000000     0.00037374  -0.00000000    -0.00593805   0.00000000
 -0.00037374   0.00000000    -0.00318437   0.00000000     0.00482344  -0.00000000
 -0.00593805   0.00000000    -0.00482344   0.00000000    -0.00975360   0.00000000
    9    6
 -0.01279690   0.00000000     0.01886237  -0.00000000    -0.01886237   0.00000000
 -0.01886237   0.00000000    -0.01887353   0.00000000     0.01732209  -0.00000000
  0.01886237  -0.00000000     0.01732209  -0.00000000    -0.01887353   0.00000000
    9    7
 -0.00987070   0.00000000    -0.01012161   0.00000000     0.01012161   0.00000000
  0.01012161   0.00000000     0.01145853   0.00000000    -0.01808337   0.00000000
 -0.01012161   0.00000000    -0.01808337   0.00000000     0.01145853   0.00000000
    9    8
 -0.00235146   0.00000000     0.00626643  -0.00000000    -0.00626643   0.00000000
  0.00626643  -0.00000000    -0.02332942   0.00000000     0.02229287  -0.00000000
 -0.00626643   0.00000000     0.02229287  -0.00000000    -0.02332942   0.00000000
    9    9
  0.04088559   0.00000000    -0.00047871   0.00000000     0.00047871   0.00000000
 -0.00047871   0.00000000     0.06148883   0.00000000    -0.02960082   0.00000000
  0.00047871   0.00000000    -0.02960082   0.00000000     0.06148883   0.00000000
    9   10
 -0.00715855   0.00000000    -0.00498129   0.00000000    -0.00240932   0.00000000
 -0.00498129   0.00000000     0.00588479  -0.00000000     0.00241502  -0.00000000
  0.00240932  -0.00000000    -0.00241502   0.00000000     0.02584966  -0.00000000
    9   11
  0.00245483  -0.00000000     0.00593805  -0.00000000    -0.00037374   0.00000000
  0.00593805  -0.00000000    -0.00975360   0.00000000    -0.00482344   0.00000000
  0.00037374  -0.00000000     0.00482344  -0.00000000    -0.00318437   0.00000000
   10    1
  0.00095107   0.00000000    -0.00003128  -0.00000000    -0.00003128  -0.00000000
 -0.01408398  -0.00000000     0.00492843   0.00000000     0.00640234   0.00000000
 -0.01408398  -0.00000000     0.00640234   0.00000000     0.00492843   0.00000000
   10    2
 -0.01594474  -0.00000000    -0.01343298  -0.00000000    -0.01343298  -0.00000000
 -0.00665740  -0.00000000     0.00866395   0.00000000     0.02397052   0.00000000
 -0.00665740  -0.00000000     0.02397052   0.00000000     0.00866395   0.00000000
   10    3
  0.00814275   0.00000000     0.01309793   0.00000000     0.01309793   0.00000000
  0.01991146   0.00000000    -0.02392565  -0.00000000    -0.02830136  -0.00000000
  0.01991146   0.00000000    -0.02830136  -0.00000000    -0.02392565  -0.00000000
   10    4
 -0.00987070  -0.00000000    -0.01012161  -0.00000000    -0.01012161  -0.00000000
  0.01012161  -0.00000000     0.01145853  -0.00000000     0.01808337  -0.00000000
  0.01012161  -0.00000000     0.01808337  -0.00000000     0.01145853  -0.00000000
   10    5
 -0.01279690  -0.00000000     0.01886237   0.00000000     0.01886237   0.00000000
 -0.01886237  -0.00000000    -0.01887353  -0.00000000    -0.01732209  -0.00000000
 -0.01886237  -0.00000000    -0.01732209  -0.00000000    -0.01887353  -0.00000000
   10    6
  0.00245483   0.00000000     0.00037374   0.00000000     0.00593805   0.00000000
 -0.00037374  -0.00000000    -0.00318437  -0.00000000    -0.00482344  -0.00000000
  0.00593805   0.00000000     0.00482344   0.00000000    -0.00975360  -0.00000000
   10    7
 -0.00715855  -0.00000000     0.00240932   0.00000000    -0.00498129  -0.00000000
 -0.00240932  -0.00000000     0.02584966   0.00000000     0.00241502   0.00000000
 -0.00498129  -0.00000000    -0.00241502  -0.00000000     0.00588479   0.00000000
   10    8
  0.00245483   0.00000000     0.00593805   0.00000000     0.00037374   0.00000000
  0.00593805   0.00000000    -0.00975360  -0.00000000     0.00482344   0.00000000
 -0.00037374  -0.00000000    -0.00482344  -0.00000000    -0.00318437  -0.00000000
   10    9
 -0.00715855  -0.00000000    -0.00498129  -0.00000000     0.00240932   0.00000000
 -0.00498129  -0.00000000     0.00588479   0.00000000    -0.00241502  -0.00000000
 -0.00240932  -0.00000000     0.00241502   0.00000000     0.02584966   0.00000000
   10   10
  0.04088559   0.00000000    -0.00047871   0.00000000    -0.00047871   0.00000000
 -0.00047871   0.00000000     0.06148883   0.00000000     0.02960082   0.00000000
 -0.00047871   0.00000000     0.02960082   0.00000000     0.06148883   0.00000000
   10   11
 -0.00235146  -0.00000000     0.00626643   0.00000000     0.00626643   0.00000000
  0.00626643   0.00000000    -0.02332942  -0.00000000    -0.02229287  -0.00000000
  0.00626643   0.00000000    -0.02229287  -0.00000000    -0.02332942  -0.00000000
   11    1
  0.00095107   0.00000000    -0.00003128  -0.00000000    -0.00003128  -0.00000000
 -0.01408398  -0.00000000     0.00492843   0.00000000     0.00640234   0.00000000
 -0.01408398  -0.00000000     0.00640234   0.00000000     0.00492843   0.00000000
   11    2
  0.00814275   0.00000000     0.01309793   0.00000000     0.01309793   0.00000000
  0.01991146   0.00000000    -0.02392565  -0.00000000    -0.02830136  -0.00000000
  0.01991146   0.00000000    -0.02830136  -0.00000000    -0.02392565  -0.00000000
   11    3
 -0.01594474  -0.00000000    -0.01343298  -0.00000000    -0.01343298  -0.00000000
 -0.00665740  -0.00000000     0.00866395   0.00000000     0.02397052   0.00000000
 -0.00665740  -0.00000000     0.02397052   0.00000000     0.00866395   0.00000000
   11    4
 -0.01279690   0.00000000     0.01886237  -0.00000000     0.01886237  -0.00000000
 -0.01886237   0.00000000    -0.01887353   0.00000000    -0.01732209   0.00000000
 -0.01886237   0.00000000    -0.01732209   0.00000000    -0.01887353   0.00000000
   11    5
 -0.00987070   0.00000000    -0.01012161   0.00000000    -0.01012161   0.00000000
  0.01012161   0.00000000     0.01145853   0.00000000     0.01808337   0.00000000
  0.01012161   0.00000000     0.01808337   0.00000000     0.01145853   0.00000000
   11    6
 -0.00715855   0.00000000     0.00240932  -0.00000000    -0.00498129   0.00000000
 -0.00240932   0.00000000     0.02584966  -0.00000000     0.00241502  -0.00000000
 -0.00498129   0.00000000    -0.00241502   0.00000000     0.00588479  -0.00000000
   11    7
  0.00245483   0.00000000     0.00037374   0.00000000     0.00593805   0.00000000
 -0.00037374  -0.00000000    -0.00318437  -0.00000000    -0.00482344  -0.00000000
  0.00593805   0.00000000     0.00482344   0.00000000    -0.00975360  -0.00000000
   11    8
 -0.00715855   0.00000000    -0.00498129   0.00000000     0.00240932  -0.00000000
 -0.00498129   0.00000000     0.00588479  -0.00000000    -0.00241502   0.00000000
 -0.00240932   0.00000000     0.00241502  -0.00000000     0.02584966  -0.00000000
   11    9
  0.00245483   0.00000000     0.00593805   0.00000000     0.00037374   0.00000000
  0.00593805   0.00000000    -0.00975360  -0.00000000     0.00482344   0.00000000
 -0.00037374  -0.00000000    -0.00482344  -0.00000000    -0.00318437  -0.00000000
   11   10
 -0.00235146   0.00000000     0.00626643  -0.00000000     0.00626643  -0.00000000
  0.00626643  -0.00000000    -0.02332942   0.00000000    -0.02229287   0.00000000
  0.00626643  -0.00000000    -0.02229287   0.00000000    -0.02332942   0.00000000
   11   11
  0.04088559   0.00000000    -0.00047871   0.00000000    -0.00047871   0.00000000
 -0.00047871   0.00000000     0.06148883   0.00000000     0.02960082   0.00000000
 -0.00047871   0.00000000     0.02960082   0.00000000     0.06148883   0.00000000

     Dynamical  Matrix in cartesian axes

     q = (    0.000000000   0.000000000  -0.707106781 ) 

    1    1
  0.07203072   0.00000000     0.00000000   0.00000000     0.00000000   0.00000000
  0.00000000   0.00000000     0.07203072   0.00000000     0.00000000   0.00000000
  0.00000000   0.00000000     0.00000000   0.00000000     0.15877312   0.00000000
    1    2
 -0.00000000  -0.00000000    -0.02677062  -0.00000000     0.00000000   0.00000000
 -0.02677062  -0.00000000    -0.00000000  -0.00000000     0.00000000   0.00000000
  0.00000000   0.00000000     0.00000000   0.00000000    -0.00000000   0.00000000
    1    3
  0.00000000   0.00000000    -0.02677062   0.00000000     0.00000000  -0.00000000
 -0.02677062   0.00000000     0.00000000   0.00000000     0.00000000  -0.00000000
  0.00000000   0.00000000    -0.00000000   0.00000000    -0.00000000  -0.00000000
    1    4
  0.00492843  -0.00000000     0.00640234  -0.00000000     0.00003128  -0.00000000
  0.00640234  -0.00000000     0.00492843  -0.00000000     0.00003128  -0.00000000
  0.01408398  -0.00000000     0.01408398  -0.00000000     0.00095107  -0.00000000
    1    5
  0.00492843  -0.00000000     0.00640234  -0.00000000     0.00003128  -0.00000000
  0.00640234  -0.00000000     0.00492843  -0.00000000     0.00003128  -0.00000000
  0.01408398  -0.00000000     0.01408398  -0.00000000     0.00095107  -0.00000000
    1    6
  0.00492843  -0.00000000     0.00640234  -0.00000000    -0.00003128   0.00000000
  0.00640234  -0.00000000     0.00492843  -0.00000000    -0.00003128   0.00000000
 -0.01408398   0.00000000    -0.01408398   0.00000000     0.00095107  -0.00000000
    1    7
  0.00492843  -0.00000000     0.00640234  -0.00000000    -0.00003128   0.00000000
  0.00640234  -0.00000000     0.00492843  -0.00000000    -0.00003128   0.00000000
 -0.01408398   0.00000000    -0.01408398   0.00000000     0.00095107  -0.00000000
    1    8
 -0.00492843   0.00000000     0.00640234  -0.00000000    -0.00003128   0.00000000
  0.00640234  -0.00000000    -0.00492843   0.00000000     0.00003128  -0.00000000
 -0.01408398   0.00000000     0.01408398  -0.00000000    -0.00095107   0.00000000
    1    9
 -0.00492843   0.00000000     0.00640234  -0.00000000    -0.00003128   0.00000000
  0.00640234  -0.00000000    -0.00492843   0.00000000     0.00003128  -0.00000000
 -0.01408398   0.00000000     0.01408398  -0.00000000    -0.00095107   0.00000000
    1   10
 -0.00492843   0.00000000     0.00640234  -0.00000000     0.00003128  -0.00000000
  0.00640234  -0.00000000    -0.00492843   0.00000000    -0.00003128   0.00000000
  0.01408398  -0.00000000    -0.01408398   0.00000000    -0.00095107   0.00000000
    1   11
 -0.00492843   0.00000000     0.00640234  -0.00000000     0.00003128  -0.00000000
  0.00640234  -0.00000000    -0.00492843   0.00000000    -0.00003128   0.00000000
  0.01408398  -0.00000000    -0.01408398   0.00000000    -0.00095107   0.00000000
    2    1
 -0.00000000   0.00000000    -0.02677062   0.00000000     0.00000000  -0.00000000
 -0.02677062   0.00000000    -0.00000000   0.00000000     0.00000000  -0.00000000
  0.00000000  -0.00000000     0.00000000  -0.00000000    -0.00000000  -0.00000000
    2    2
  0.06798692   0.00000000    -0.00000000   0.00000000     0.00000000   0.00000000
 -0.00000000   0.00000000     0.06798692   0.00000000    -0.00000000   0.00000000
  0.00000000   0.00000000     0.00000000   0.00000000     0.09586208   0.00000000
    2    3
 -0.02775704   0.00000000    -0.00000000   0.00000000     0.00000000   0.00000000
 -0.00000000   0.00000000    -0.02775704   0.00000000     0.00000000  -0.00000000
  0.00000000   0.00000000     0.00000000   0.00000000    -0.02321939   0.00000000
    2    4
  0.00866395  -0.00000000     0.02397052  -0.00000000     0.01343298  -0.00000000
  0.02397052  -0.00000000     0.00866395  -0.00000000     0.01343298  -0.00000000
  0.00665740  -0.00000000     0.00665740  -0.00000000    -0.01594474   0.00000000
    2    5
 -0.02392565   0.00000000    -0.02830136   0.00000000    -0.01309793   0.00000000
 -0.02830136   0.00000000    -0.02392565   0.00000000    -0.01309793   0.00000000
 -0.01991146   0.00000000    -0.01991146   0.00000000     0.00814275  -0.00000000
    2    6
  0.00866395  -0.00000000     0.02397052  -0.00000000    -0.01343298   0.00000000
  0.02397052  -0.00000000     0.00866395  -0.00000000    -0.01343298   0.00000000
 -0.00665740   0.00000000    -0.00665740   0.00000000    -0.01594474   0.00000000
    2    7
 -0.02392565   0.00000000    -0.02830136   0.00000000     0.01309793  -0.00000000
 -0.02830136   0.00000000    -0.02392565   0.00000000     0.01309793  -0.00000000
  0.01991146  -0.00000000     0.01991146  -0.00000000     0.00814275  -0.00000000
    2    8
  0.00866395  -0.00000000    -0.02397052   0.00000000     0.01343298  -0.00000000
 -0.02397052   0.00000000     0.00866395  -0.00000000    -0.01343298   0.00000000
  0.00665740  -0.00000000    -0.00665740   0.00000000    -0.01594474   0.00000000
    2    9
 -0.02392565   0.00000000     0.02830136  -0.00000000    -0.01309793   0.00000000
  0.02830136  -0.00000000    -0.02392565   0.00000000     0.01309793  -0.00000000
 -0.01991146   0.00000000     0.01991146  -0.00000000     0.00814275  -0.00000000
    2   10
  0.00866395  -0.00000000    -0.02397052   0.00000000    -0.01343298   0.00000000
 -0.02397052   0.00000000     0.00866395  -0.00000000     0.01343298  -0.00000000
 -0.00665740   0.00000000     0.00665740  -0.00000000    -0.01594474   0.00000000
    2   11
 -0.02392565   0.00000000     0.02830136  -0.00000000     0.01309793  -0.00000000
  0.02830136  -0.00000000    -0.02392565   0.00000000    -0.01309793   0.00000000
  0.01991146  -0.00000000    -0.01991146   0.00000000     0.00814275  -0.00000000
    3    1
 -0.00000000  -0.00000000    -0.02677062  -0.00000000     0.00000000   0.00000000
 -0.02677062  -0.00000000    -0.00000000  -0.00000000     0.00000000   0.00000000
  0.00000000   0.00000000     0.00000000   0.00000000     0.00000000   0.00000000
    3    2
 -0.02775704  -0.00000000    -0.00000000  -0.00000000     0.00000000   0.00000000
 -0.00000000  -0.00000000    -0.02775704  -0.00000000     0.00000000   0.00000000
  0.00000000   0.00000000    -0.00000000   0.00000000    -0.02321939  -0.00000000
    3    3
  0.06798692   0.00000000    -0.00000000   0.00000000    -0.00000000   0.00000000
  0.00000000   0.00000000     0.06798692   0.00000000    -0.00000000   0.00000000
  0.00000000   0.00000000    -0.00000000   0.00000000     0.09586208   0.00000000
    3    4
 -0.02392565   0.00000000    -0.02830136   0.00000000    -0.01309793   0.00000000
 -0.02830136   0.00000000    -0.02392565   0.00000000    -0.01309793   0.00000000
 -0.01991146   0.00000000    -0.01991146   0.00000000     0.00814275  -0.00000000
    3    5
  0.00866395  -0.00000000     0.02397052  -0.00000000     0.01343298  -0.00000000
  0.02397052  -0.00000000     0.00866395  -0.00000000     0.01343298  -0.00000000
  0.00665740  -0.00000000     0.00665740  -0.00000000    -0.01594474   0.00000000
    3    6
 -0.02392565   0.00000000    -0.02830136   0.00000000     0.01309793  -0.00000000
 -0.02830136   0.00000000    -0.02392565   0.00000000     0.01309793  -0.00000000
  0.01991146  -0.00000000     0.01991146  -0.00000000     0.00814275  -0.00000000
    3    7
  0.00866395  -0.00000000     0.02397052  -0.00000000    -0.01343298   0.00000000
  0.02397052  -0.00000000     0.00866395  -0.00000000    -0.01343298   0.00000000
 -0.00665740   0.00000000    -0.00665740   0.00000000    -0.01594474   0.00000000
    3    8
 -0.02392565   0.00000000     0.02830136  -0.00000000    -0.01309793   0.00000000
  0.02830136  -0.00000000    -0.02392565   0.00000000     0.01309793  -0.00000000
 -0.01991146   0.00000000     0.01991146  -0.00000000     0.00814275  -0.00000000
    3    9
  0.00866395   0.00000000    -0.02397052  -0.00000000     0.01343298   0.00000000
 -0.02397052  -0.00000000     0.00866395   0.00000000    -0.01343298  -0.00000000
  0.00665740   0.00000000    -0.00665740  -0.00000000    -0.01594474  -0.00000000
    3   10
 -0.02392565   0.00000000     0.02830136  -0.00000000     0.01309793  -0.00000000
  0.02830136  -0.00000000    -0.02392565   0.00000000    -0.01309793   0.00000000
  0.01991146  -0.00000000    -0.01991146   0.00000000     0.00814275  -0.00000000
    3   11
  0.00866395   0.00000000    -0.02397052  -0.00000000    -0.01343298  -0.00000000
 -0.02397052  -0.00000000     0.00866395   0.00000000     0.01343298   0.00000000
 -0.00665740  -0.00000000     0.00665740   0.00000000    -0.01594474  -0.00000000
    4    1
  0.00492843   0.00000000     0.00640234   0.00000000     0.01408398   0.00000000
