  2.500000000000000E-002   1.62642784585186        4.63499580460467     
           3

     Dynamical  Matrix in cartesian axes

     q = (   -0.707106781   0.000000000   0.000000000 ) 

    1    1
  0.17120782   0.00000000     0.00000000   0.00000000     0.00000000   0.00000000
  0.00000000   0.00000000     0.07723325   0.00000000    -0.00000000   0.00000000
  0.00000000   0.00000000    -0.00000000   0.00000000     0.07723325   0.00000000
    1    2
  0.00000000  -0.00000000    -0.00000000  -0.00000000    -0.00000000  -0.00000000
 -0.00000000   0.00000000     0.00000000  -0.00000000    -0.02541378  -0.00000000
 -0.00000000  -0.00000000    -0.02541378  -0.00000000     0.00000000  -0.00000000
    1    3
  0.00000000   0.00000000     0.00000000   0.00000000    -0.00000000   0.00000000
  0.00000000   0.00000000    -0.00000000   0.00000000    -0.02541378   0.00000000
 -0.00000000   0.00000000    -0.02541378   0.00000000     0.00000000   0.00000000
    1    4
  0.00356301  -0.00000000     0.01414887  -0.00000000     0.01414887  -0.00000000
  0.00053725  -0.00000000     0.00456998  -0.00000000     0.00432010  -0.00000000
  0.00053725  -0.00000000     0.00432010  -0.00000000     0.00456998  -0.00000000
    1    5
  0.00356301  -0.00000000     0.01414887  -0.00000000     0.01414887  -0.00000000
  0.00053725  -0.00000000     0.00456998  -0.00000000     0.00432010  -0.00000000
  0.00053725  -0.00000000     0.00432010  -0.00000000     0.00456998  -0.00000000
    1    6
 -0.00356301   0.00000000    -0.01414887   0.00000000     0.01414887  -0.00000000
 -0.00053725   0.00000000    -0.00456998   0.00000000     0.00432010  -0.00000000
  0.00053725  -0.00000000     0.00432010  -0.00000000    -0.00456998   0.00000000
    1    7
 -0.00356301   0.00000000    -0.01414887   0.00000000     0.01414887  -0.00000000
 -0.00053725   0.00000000    -0.00456998   0.00000000     0.00432010  -0.00000000
  0.00053725  -0.00000000     0.00432010  -0.00000000    -0.00456998   0.00000000
    1    8
 -0.00356301   0.00000000     0.01414887  -0.00000000    -0.01414887   0.00000000
  0.00053725  -0.00000000    -0.00456998   0.00000000     0.00432010  -0.00000000
 -0.00053725   0.00000000     0.00432010  -0.00000000    -0.00456998   0.00000000
    1    9
 -0.00356301   0.00000000     0.01414887  -0.00000000    -0.01414887   0.00000000
  0.00053725  -0.00000000    -0.00456998   0.00000000     0.00432010  -0.00000000
 -0.00053725   0.00000000     0.00432010  -0.00000000    -0.00456998   0.00000000
    1   10
  0.00356301  -0.00000000    -0.01414887   0.00000000    -0.01414887   0.00000000
 -0.00053725   0.00000000     0.00456998  -0.00000000     0.00432010  -0.00000000
 -0.00053725   0.00000000     0.00432010  -0.00000000     0.00456998  -0.00000000
    1   11
  0.00356301  -0.00000000    -0.01414887   0.00000000    -0.01414887   0.00000000
 -0.00053725   0.00000000     0.00456998  -0.00000000     0.00432010  -0.00000000
 -0.00053725   0.00000000     0.00432010  -0.00000000     0.00456998  -0.00000000
    2    1
  0.00000000   0.00000000    -0.00000000  -0.00000000    -0.00000000  -0.00000000
 -0.00000000  -0.00000000     0.00000000   0.00000000    -0.02541378   0.00000000
  0.00000000  -0.00000000    -0.02541378   0.00000000    -0.00000000   0.00000000
    2    2
  0.08379922   0.00000000     0.00000000   0.00000000     0.00000000   0.00000000
  0.00000000   0.00000000     0.06546180   0.00000000    -0.00000000   0.00000000
  0.00000000   0.00000000    -0.00000000   0.00000000     0.06546180   0.00000000
    2    3
 -0.00790120   0.00000000     0.00000000  -0.00000000     0.00000000   0.00000000
 -0.00000000  -0.00000000    -0.03075057   0.00000000     0.00000000   0.00000000
  0.00000000   0.00000000     0.00000000   0.00000000    -0.03075057   0.00000000
    2    4
 -0.01292387   0.00000000     0.00325208  -0.00000000     0.00325208  -0.00000000
  0.01446370  -0.00000000     0.00987824  -0.00000000     0.02089800  -0.00000000
  0.01446370  -0.00000000     0.02089800  -0.00000000     0.00987824  -0.00000000
    2    5
  0.00511129  -0.00000000    -0.01719443   0.00000000    -0.01719443   0.00000000
 -0.01521670   0.00000000    -0.02165335   0.00000000    -0.02486437   0.00000000
 -0.01521670   0.00000000    -0.02486437   0.00000000    -0.02165335   0.00000000
    2    6
 -0.01292387   0.00000000     0.00325208  -0.00000000    -0.00325208   0.00000000
  0.01446370  -0.00000000     0.00987824  -0.00000000    -0.02089800   0.00000000
 -0.01446370   0.00000000    -0.02089800   0.00000000     0.00987824  -0.00000000
    2    7
  0.00511129  -0.00000000    -0.01719443   0.00000000     0.01719443  -0.00000000
 -0.01521670   0.00000000    -0.02165335   0.00000000     0.02486437  -0.00000000
  0.01521670  -0.00000000     0.02486437  -0.00000000    -0.02165335   0.00000000
    2    8
 -0.01292387   0.00000000    -0.00325208   0.00000000     0.00325208  -0.00000000
 -0.01446370   0.00000000     0.00987824  -0.00000000    -0.02089800   0.00000000
  0.01446370  -0.00000000    -0.02089800   0.00000000     0.00987824  -0.00000000
    2    9
  0.00511129  -0.00000000     0.01719443  -0.00000000    -0.01719443   0.00000000
  0.01521670  -0.00000000    -0.02165335   0.00000000     0.02486437  -0.00000000
 -0.01521670   0.00000000     0.02486437  -0.00000000    -0.02165335   0.00000000
    2   10
 -0.01292387   0.00000000    -0.00325208   0.00000000    -0.00325208   0.00000000
 -0.01446370   0.00000000     0.00987824  -0.00000000     0.02089800  -0.00000000
 -0.01446370   0.00000000     0.02089800  -0.00000000     0.00987824  -0.00000000
    2   11
  0.00511129  -0.00000000     0.01719443  -0.00000000     0.01719443  -0.00000000
  0.01521670  -0.00000000    -0.02165335   0.00000000    -0.02486437   0.00000000
  0.01521670  -0.00000000    -0.02486437   0.00000000    -0.02165335   0.00000000
    3    1
  0.00000000  -0.00000000    -0.00000000  -0.00000000    -0.00000000   0.00000000
  0.00000000   0.00000000     0.00000000  -0.00000000    -0.02541378  -0.00000000
 -0.00000000  -0.00000000    -0.02541378  -0.00000000     0.00000000  -0.00000000
    3    2
 -0.00790120  -0.00000000    -0.00000000   0.00000000     0.00000000   0.00000000
 -0.00000000   0.00000000    -0.03075057  -0.00000000     0.00000000  -0.00000000
  0.00000000   0.00000000     0.00000000  -0.00000000    -0.03075057  -0.00000000
    3    3
  0.08379922   0.00000000     0.00000000   0.00000000     0.00000000   0.00000000
  0.00000000   0.00000000     0.06546180   0.00000000     0.00000000   0.00000000
  0.00000000   0.00000000    -0.00000000   0.00000000     0.06546180   0.00000000
    3    4
  0.00511129  -0.00000000    -0.01719443   0.00000000    -0.01719443   0.00000000
 -0.01521670   0.00000000    -0.02165335   0.00000000    -0.02486437   0.00000000
 -0.01521670   0.00000000    -0.02486437   0.00000000    -0.02165335   0.00000000
    3    5
 -0.01292387   0.00000000     0.00325208  -0.00000000     0.00325208  -0.00000000
  0.01446370  -0.00000000     0.00987824  -0.00000000     0.02089800  -0.00000000
  0.01446370  -0.00000000     0.02089800  -0.00000000     0.00987824  -0.00000000
    3    6
  0.00511129  -0.00000000    -0.01719443   0.00000000     0.01719443  -0.00000000
 -0.01521670   0.00000000    -0.02165335   0.00000000     0.02486437  -0.00000000
  0.01521670  -0.00000000     0.02486437  -0.00000000    -0.02165335   0.00000000
    3    7
 -0.01292387  -0.00000000     0.00325208   0.00000000    -0.00325208  -0.00000000
  0.01446370   0.00000000     0.00987824   0.00000000    -0.02089800  -0.00000000
 -0.01446370  -0.00000000    -0.02089800  -0.00000000     0.00987824   0.00000000
    3    8
  0.00511129  -0.00000000     0.01719443  -0.00000000    -0.01719443   0.00000000
  0.01521670  -0.00000000    -0.02165335   0.00000000     0.02486437  -0.00000000
 -0.01521670   0.00000000     0.02486437  -0.00000000    -0.02165335   0.00000000
    3    9
 -0.01292387  -0.00000000    -0.00325208  -0.00000000     0.00325208   0.00000000
 -0.01446370  -0.00000000     0.00987824   0.00000000    -0.02089800  -0.00000000
  0.01446370   0.00000000    -0.02089800  -0.00000000     0.00987824   0.00000000
    3   10
  0.00511129  -0.00000000     0.01719443  -0.00000000     0.01719443  -0.00000000
  0.01521670  -0.00000000    -0.02165335   0.00000000    -0.02486437   0.00000000
  0.01521670  -0.00000000    -0.02486437   0.00000000    -0.02165335   0.00000000
    3   11
 -0.01292387   0.00000000    -0.00325208   0.00000000    -0.00325208   0.00000000
 -0.01446370   0.00000000     0.00987824  -0.00000000     0.02089800  -0.00000000
 -0.01446370   0.00000000     0.02089800  -0.00000000     0.00987824  -0.00000000
    4    1
  0.00356301   0.00000000     0.00053725   0.00000000     0.00053725   0.00000000
  0.01414887   0.00000000     0.00456998   0.00000000     0.00432010   0.00000000
  0.01414887   0.00000000     0.00432010   0.00000000     0.00456998   0.00000000
    4    2
 -0.01292387  -0.00000000     0.01446370   0.00000000     0.01446370   0.00000000
  0.00325208   0.00000000     0.00987824   0.00000000     0.02089800   0.00000000
  0.00325208   0.00000000     0.02089800   0.00000000     0.00987824   0.00000000
    4    3
  0.00511129   0.00000000    -0.01521670  -0.00000000    -0.01521670  -0.00000000
 -0.01719443  -0.00000000    -0.02165335  -0.00000000    -0.02486437  -0.00000000
 -0.01719443  -0.00000000    -0.02486437  -0.00000000    -0.02165335  -0.00000000
    4    4
  0.03947585   0.00000000     0.00307421   0.00000000     0.00307421   0.00000000
  0.00307421   0.00000000     0.05218972   0.00000000     0.02381093   0.00000000
  0.00307421   0.00000000     0.02381093   0.00000000     0.05218972   0.00000000
    4    5
 -0.00316778  -0.00000000    -0.00730769  -0.00000000    -0.00730769  -0.00000000
 -0.00730769  -0.00000000    -0.01959816  -0.00000000    -0.01766521  -0.00000000
 -0.00730769  -0.00000000    -0.01766521  -0.00000000    -0.01959816  -0.00000000
    4    6
  0.00165631   0.00000000    -0.00556012  -0.00000000     0.00000598   0.00000000
 -0.00556012  -0.00000000    -0.00586845  -0.00000000     0.00357394   0.00000000
 -0.00000598  -0.00000000    -0.00357394  -0.00000000    -0.00197967  -0.00000000
    4    7
 -0.00625239  -0.00000000     0.00390124   0.00000000    -0.00197057  -0.00000000
  0.00390124   0.00000000     0.00375975   0.00000000    -0.00201469  -0.00000000
  0.00197057   0.00000000     0.00201469   0.00000000     0.01941746   0.00000000
    4    8
  0.00165631   0.00000000     0.00000598   0.00000000    -0.00556012  -0.00000000
 -0.00000598  -0.00000000    -0.00197967  -0.00000000    -0.00357394  -0.00000000
 -0.00556012  -0.00000000     0.00357394   0.00000000    -0.00586845  -0.00000000
    4    9
 -0.00625239  -0.00000000    -0.00197057  -0.00000000     0.00390124   0.00000000
  0.00197057   0.00000000     0.01941746   0.00000000     0.00201469   0.00000000
  0.00390124   0.00000000    -0.00201469  -0.00000000     0.00375975   0.00000000
    4   10
 -0.01274929   0.00000000     0.00913131   0.00000000     0.00913131   0.00000000
 -0.00913131   0.00000000     0.01112776   0.00000000     0.01467627   0.00000000
 -0.00913131   0.00000000     0.01467627   0.00000000     0.01112776   0.00000000
    4   11
 -0.00696662  -0.00000000    -0.01746012  -0.00000000    -0.01746012  -0.00000000
  0.01746012   0.00000000    -0.01725853  -0.00000000    -0.01482121  -0.00000000
  0.01746012   0.00000000    -0.01482121  -0.00000000    -0.01725853  -0.00000000
    5    1
  0.00356301   0.00000000     0.00053725   0.00000000     0.00053725   0.00000000
  0.01414887   0.00000000     0.00456998   0.00000000     0.00432010   0.00000000
  0.01414887   0.00000000     0.00432010   0.00000000     0.00456998   0.00000000
    5    2
  0.00511129   0.00000000    -0.01521670  -0.00000000    -0.01521670  -0.00000000
 -0.01719443  -0.00000000    -0.02165335  -0.00000000    -0.02486437  -0.00000000
 -0.01719443  -0.00000000    -0.02486437  -0.00000000    -0.02165335  -0.00000000
    5    3
 -0.01292387  -0.00000000     0.01446370   0.00000000     0.01446370   0.00000000
  0.00325208   0.00000000     0.00987824   0.00000000     0.02089800   0.00000000
  0.00325208   0.00000000     0.02089800   0.00000000     0.00987824   0.00000000
    5    4
 -0.00316778   0.00000000    -0.00730769   0.00000000    -0.00730769   0.00000000
 -0.00730769   0.00000000    -0.01959816   0.00000000    -0.01766521   0.00000000
 -0.00730769   0.00000000    -0.01766521   0.00000000    -0.01959816   0.00000000
    5    5
  0.03947585   0.00000000     0.00307421   0.00000000     0.00307421   0.00000000
  0.00307421   0.00000000     0.05218972   0.00000000     0.02381093   0.00000000
  0.00307421   0.00000000     0.02381093   0.00000000     0.05218972   0.00000000
    5    6
 -0.00625239   0.00000000     0.00390124  -0.00000000    -0.00197057   0.00000000
  0.00390124  -0.00000000     0.00375975  -0.00000000    -0.00201469   0.00000000
  0.00197057  -0.00000000     0.00201469  -0.00000000     0.01941746  -0.00000000
    5    7
  0.00165631   0.00000000    -0.00556012  -0.00000000     0.00000598  -0.00000000
 -0.00556012  -0.00000000    -0.00586845  -0.00000000     0.00357394   0.00000000
 -0.00000598  -0.00000000    -0.00357394  -0.00000000    -0.00197967  -0.00000000
    5    8
 -0.00625239   0.00000000    -0.00197057   0.00000000     0.00390124  -0.00000000
  0.00197057  -0.00000000     0.01941746  -0.00000000     0.00201469  -0.00000000
  0.00390124  -0.00000000    -0.00201469   0.00000000     0.00375975  -0.00000000
    5    9
  0.00165631   0.00000000     0.00000598  -0.00000000    -0.00556012  -0.00000000
 -0.00000598  -0.00000000    -0.00197967  -0.00000000    -0.00357394  -0.00000000
 -0.00556012  -0.00000000     0.00357394   0.00000000    -0.00586845  -0.00000000
    5   10
 -0.00696662   0.00000000    -0.01746012   0.00000000    -0.01746012   0.00000000
  0.01746012  -0.00000000    -0.01725853   0.00000000    -0.01482121   0.00000000
  0.01746012  -0.00000000    -0.01482121   0.00000000    -0.01725853   0.00000000
    5   11
 -0.01274929  -0.00000000     0.00913131  -0.00000000     0.00913131  -0.00000000
 -0.00913131  -0.00000000     0.01112776  -0.00000000     0.01467627  -0.00000000
 -0.00913131  -0.00000000     0.01467627  -0.00000000     0.01112776  -0.00000000
    6    1
 -0.00356301  -0.00000000    -0.00053725  -0.00000000     0.00053725   0.00000000
 -0.01414887  -0.00000000    -0.00456998  -0.00000000     0.00432010   0.00000000
  0.01414887   0.00000000     0.00432010   0.00000000    -0.00456998  -0.00000000
    6    2
 -0.01292387  -0.00000000     0.01446370   0.00000000    -0.01446370  -0.00000000
  0.00325208   0.00000000     0.00987824   0.00000000    -0.02089800  -0.00000000
 -0.00325208  -0.00000000    -0.02089800  -0.00000000     0.00987824   0.00000000
    6    3
  0.00511129   0.00000000    -0.01521670  -0.00000000     0.01521670   0.00000000
 -0.01719443  -0.00000000    -0.02165335  -0.00000000     0.02486437   0.00000000
  0.01719443   0.00000000     0.02486437   0.00000000    -0.02165335  -0.00000000
    6    4
  0.00165631  -0.00000000    -0.00556012   0.00000000    -0.00000598   0.00000000
 -0.00556012   0.00000000    -0.00586845   0.00000000    -0.00357394   0.00000000
  0.00000598  -0.00000000     0.00357394  -0.00000000    -0.00197967   0.00000000
    6    5
 -0.00625239  -0.00000000     0.00390124   0.00000000     0.00197057   0.00000000
  0.00390124   0.00000000     0.00375975   0.00000000     0.00201469   0.00000000
 -0.00197057  -0.00000000    -0.00201469  -0.00000000     0.01941746   0.00000000
    6    6
  0.03947585   0.00000000     0.00307421   0.00000000    -0.00307421   0.00000000
  0.00307421   0.00000000     0.05218972   0.00000000    -0.02381093   0.00000000
 -0.00307421   0.00000000    -0.02381093   0.00000000     0.05218972   0.00000000
    6    7
 -0.00316778  -0.00000000    -0.00730769  -0.00000000     0.00730769   0.00000000
 -0.00730769  -0.00000000    -0.01959816  -0.00000000     0.01766521   0.00000000
  0.00730769   0.00000000     0.01766521   0.00000000    -0.01959816  -0.00000000
    6    8
 -0.01274929   0.00000000     0.00913131  -0.00000000    -0.00913131   0.00000000
 -0.00913131  -0.00000000     0.01112776  -0.00000000    -0.01467627  -0.00000000
  0.00913131   0.00000000    -0.01467627  -0.00000000     0.01112776  -0.00000000
    6    9
 -0.00696662  -0.00000000    -0.01746012  -0.00000000     0.01746012   0.00000000
  0.01746012   0.00000000    -0.01725853  -0.00000000     0.01482121   0.00000000
 -0.01746012  -0.00000000     0.01482121   0.00000000    -0.01725853  -0.00000000
    6   10
  0.00165631  -0.00000000     0.00000598  -0.00000000     0.00556012  -0.00000000
 -0.00000598   0.00000000    -0.00197967   0.00000000     0.00357394  -0.00000000
  0.00556012  -0.00000000    -0.00357394   0.00000000    -0.00586845   0.00000000
    6   11
 -0.00625239  -0.00000000    -0.00197057  -0.00000000    -0.00390124  -0.00000000
  0.00197057   0.00000000     0.01941746   0.00000000    -0.00201469  -0.00000000
 -0.00390124  -0.00000000     0.00201469   0.00000000     0.00375975   0.00000000
    7    1
 -0.00356301  -0.00000000    -0.00053725  -0.00000000     0.00053725   0.00000000
 -0.01414887  -0.00000000    -0.00456998  -0.00000000     0.00432010   0.00000000
  0.01414887   0.00000000     0.00432010   0.00000000    -0.00456998  -0.00000000
    7    2
  0.00511129   0.00000000    -0.01521670  -0.00000000     0.01521670   0.00000000
 -0.01719443  -0.00000000    -0.02165335  -0.00000000     0.02486437   0.00000000
  0.01719443   0.00000000     0.02486437   0.00000000    -0.02165335  -0.00000000
    7    3
 -0.01292387   0.00000000     0.01446370  -0.00000000    -0.01446370   0.00000000
  0.00325208  -0.00000000     0.00987824  -0.00000000    -0.02089800   0.00000000
 -0.00325208   0.00000000    -0.02089800   0.00000000     0.00987824  -0.00000000
    7    4
 -0.00625239   0.00000000     0.00390124  -0.00000000     0.00197057  -0.00000000
  0.00390124  -0.00000000     0.00375975  -0.00000000     0.00201469  -0.00000000
 -0.00197057   0.00000000    -0.00201469   0.00000000     0.01941746  -0.00000000
    7    5
  0.00165631  -0.00000000    -0.00556012   0.00000000    -0.00000598   0.00000000
 -0.00556012   0.00000000    -0.00586845   0.00000000    -0.00357394   0.00000000
  0.00000598   0.00000000     0.00357394  -0.00000000    -0.00197967   0.00000000
    7    6
 -0.00316778   0.00000000    -0.00730769   0.00000000     0.00730769  -0.00000000
 -0.00730769   0.00000000    -0.01959816   0.00000000     0.01766521  -0.00000000
  0.00730769  -0.00000000     0.01766521  -0.00000000    -0.01959816   0.00000000
    7    7
  0.03947585   0.00000000     0.00307421   0.00000000    -0.00307421   0.00000000
  0.00307421   0.00000000     0.05218972   0.00000000    -0.02381093   0.00000000
 -0.00307421   0.00000000    -0.02381093   0.00000000     0.05218972   0.00000000
    7    8
 -0.00696662   0.00000000    -0.01746012   0.00000000     0.01746012  -0.00000000
  0.01746012  -0.00000000    -0.01725853   0.00000000     0.01482121  -0.00000000
 -0.01746012   0.00000000     0.01482121  -0.00000000    -0.01725853   0.00000000
    7    9
 -0.01274929   0.00000000     0.00913131   0.00000000    -0.00913131   0.00000000
 -0.00913131   0.00000000     0.01112776   0.00000000    -0.01467627   0.00000000
  0.00913131   0.00000000    -0.01467627   0.00000000     0.01112776   0.00000000
    7   10
 -0.00625239   0.00000000    -0.00197057   0.00000000    -0.00390124   0.00000000
  0.00197057  -0.00000000     0.01941746  -0.00000000    -0.00201469   0.00000000
 -0.00390124   0.00000000     0.00201469  -0.00000000     0.00375975  -0.00000000
    7   11
  0.00165631  -0.00000000     0.00000598  -0.00000000     0.00556012  -0.00000000
 -0.00000598  -0.00000000    -0.00197967   0.00000000     0.00357394  -0.00000000
  0.00556012  -0.00000000    -0.00357394   0.00000000    -0.00586845   0.00000000
    8    1
 -0.00356301  -0.00000000     0.00053725   0.00000000    -0.00053725  -0.00000000
  0.01414887   0.00000000    -0.00456998  -0.00000000     0.00432010   0.00000000
 -0.01414887  -0.00000000     0.00432010   0.00000000    -0.00456998  -0.00000000
    8    2
 -0.01292387  -0.00000000    -0.01446370  -0.00000000     0.01446370   0.00000000
 -0.00325208  -0.00000000     0.00987824   0.00000000    -0.02089800  -0.00000000
  0.00325208   0.00000000    -0.02089800  -0.00000000     0.00987824   0.00000000
    8    3
  0.00511129   0.00000000     0.01521670   0.00000000    -0.01521670  -0.00000000
  0.01719443   0.00000000    -0.02165335  -0.00000000     0.02486437   0.00000000
 -0.01719443  -0.00000000     0.02486437   0.00000000    -0.02165335  -0.00000000
    8    4
  0.00165631  -0.00000000    -0.00000598   0.00000000    -0.00556012   0.00000000
  0.00000598  -0.00000000    -0.00197967   0.00000000     0.00357394  -0.00000000
 -0.00556012   0.00000000    -0.00357394   0.00000000    -0.00586845   0.00000000
    8    5
 -0.00625239  -0.00000000     0.00197057   0.00000000     0.00390124   0.00000000
 -0.00197057  -0.00000000     0.01941746   0.00000000    -0.00201469  -0.00000000
  0.00390124   0.00000000     0.00201469   0.00000000     0.00375975   0.00000000
    8    6
 -0.01274929   0.00000000    -0.00913131   0.00000000     0.00913131  -0.00000000
  0.00913131   0.00000000     0.01112776  -0.00000000    -0.01467627  -0.00000000
 -0.00913131  -0.00000000    -0.01467627  -0.00000000     0.01112776  -0.00000000
    8    7
 -0.00696662  -0.00000000     0.01746012   0.00000000    -0.01746012  -0.00000000
 -0.01746012  -0.00000000    -0.01725853  -0.00000000     0.01482121   0.00000000
  0.01746012   0.00000000     0.01482121   0.00000000    -0.01725853  -0.00000000
    8    8
  0.03947585   0.00000000    -0.00307421   0.00000000     0.00307421   0.00000000
 -0.00307421   0.00000000     0.05218972   0.00000000    -0.02381093   0.00000000
  0.00307421   0.00000000    -0.02381093   0.00000000     0.05218972   0.00000000
    8    9
 -0.00316778  -0.00000000     0.00730769   0.00000000    -0.00730769  -0.00000000
  0.00730769   0.00000000    -0.01959816  -0.00000000     0.01766521   0.00000000
 -0.00730769  -0.00000000     0.01766521   0.00000000    -0.01959816  -0.00000000
    8   10
  0.00165631  -0.00000000     0.00556012  -0.00000000     0.00000598  -0.00000000
  0.00556012  -0.00000000    -0.00586845   0.00000000    -0.00357394   0.00000000
 -0.00000598   0.00000000     0.00357394  -0.00000000    -0.00197967   0.00000000
    8   11
 -0.00625239  -0.00000000    -0.00390124  -0.00000000    -0.00197057  -0.00000000
 -0.00390124  -0.00000000     0.00375975   0.00000000     0.00201469   0.00000000
  0.00197057   0.00000000    -0.00201469  -0.00000000     0.01941746   0.00000000
    9    1
 -0.00356301  -0.00000000     0.00053725   0.00000000    -0.00053725  -0.00000000
  0.01414887   0.00000000    -0.00456998  -0.00000000     0.00432010   0.00000000
 -0.01414887  -0.00000000     0.00432010   0.00000000    -0.00456998  -0.00000000
    9    2
  0.00511129   0.00000000     0.01521670   0.00000000    -0.01521670  -0.00000000
  0.01719443   0.00000000    -0.02165335  -0.00000000     0.02486437   0.00000000
 -0.01719443  -0.00000000     0.02486437   0.00000000    -0.02165335  -0.00000000
    9    3
 -0.01292387   0.00000000    -0.01446370   0.00000000     0.01446370  -0.00000000
 -0.00325208   0.00000000     0.00987824  -0.00000000    -0.02089800   0.00000000
  0.00325208  -0.00000000    -0.02089800   0.00000000     0.00987824  -0.00000000
    9    4
 -0.00625239   0.00000000     0.00197057  -0.00000000     0.00390124  -0.00000000
 -0.00197057   0.00000000     0.01941746  -0.00000000    -0.00201469   0.00000000
  0.00390124  -0.00000000     0.00201469  -0.00000000     0.00375975  -0.00000000
    9    5
  0.00165631  -0.00000000    -0.00000598   0.00000000    -0.00556012   0.00000000
  0.00000598   0.00000000    -0.00197967   0.00000000     0.00357394  -0.00000000
 -0.00556012   0.00000000    -0.00357394   0.00000000    -0.00586845   0.00000000
    9    6
 -0.00696662   0.00000000     0.01746012  -0.00000000    -0.01746012   0.00000000
 -0.01746012   0.00000000    -0.01725853   0.00000000     0.01482121  -0.00000000
  0.01746012  -0.00000000     0.01482121  -0.00000000    -0.01725853   0.00000000
    9    7
 -0.01274929   0.00000000    -0.00913131   0.00000000     0.00913131   0.00000000
  0.00913131   0.00000000     0.01112776   0.00000000    -0.01467627   0.00000000
 -0.00913131   0.00000000    -0.01467627   0.00000000     0.01112776   0.00000000
    9    8
 -0.00316778   0.00000000     0.00730769  -0.00000000    -0.00730769   0.00000000
  0.00730769  -0.00000000    -0.01959816   0.00000000     0.01766521  -0.00000000
 -0.00730769   0.00000000     0.01766521  -0.00000000    -0.01959816   0.00000000
    9    9
  0.03947585   0.00000000    -0.00307421   0.00000000     0.00307421   0.00000000
 -0.00307421   0.00000000     0.05218972   0.00000000    -0.02381093   0.00000000
  0.00307421   0.00000000    -0.02381093   0.00000000     0.05218972   0.00000000
    9   10
 -0.00625239   0.00000000    -0.00390124   0.00000000    -0.00197057   0.00000000
 -0.00390124   0.00000000     0.00375975  -0.00000000     0.00201469  -0.00000000
  0.00197057  -0.00000000    -0.00201469   0.00000000     0.01941746  -0.00000000
    9   11
  0.00165631  -0.00000000     0.00556012  -0.00000000     0.00000598  -0.00000000
  0.00556012  -0.00000000    -0.00586845   0.00000000    -0.00357394   0.00000000
 -0.00000598  -0.00000000     0.00357394  -0.00000000    -0.00197967   0.00000000
   10    1
  0.00356301   0.00000000    -0.00053725  -0.00000000    -0.00053725  -0.00000000
 -0.01414887  -0.00000000     0.00456998   0.00000000     0.00432010   0.00000000
 -0.01414887  -0.00000000     0.00432010   0.00000000     0.00456998   0.00000000
   10    2
 -0.01292387  -0.00000000    -0.01446370  -0.00000000    -0.01446370  -0.00000000
 -0.00325208  -0.00000000     0.00987824   0.00000000     0.02089800   0.00000000
 -0.00325208  -0.00000000     0.02089800   0.00000000     0.00987824   0.00000000
   10    3
  0.00511129   0.00000000     0.01521670   0.00000000     0.01521670   0.00000000
  0.01719443   0.00000000    -0.02165335  -0.00000000    -0.02486437  -0.00000000
  0.01719443   0.00000000    -0.02486437  -0.00000000    -0.02165335  -0.00000000
   10    4
 -0.01274929   0.00000000    -0.00913131  -0.00000000    -0.00913131  -0.00000000
  0.00913131  -0.00000000     0.01112776   0.00000000     0.01467627   0.00000000
  0.00913131  -0.00000000     0.01467627   0.00000000     0.01112776   0.00000000
   10    5
 -0.00696662  -0.00000000     0.01746012   0.00000000     0.01746012   0.00000000
 -0.01746012  -0.00000000    -0.01725853  -0.00000000    -0.01482121  -0.00000000
 -0.01746012  -0.00000000    -0.01482121  -0.00000000    -0.01725853  -0.00000000
   10    6
  0.00165631   0.00000000    -0.00000598  -0.00000000     0.00556012   0.00000000
  0.00000598   0.00000000    -0.00197967  -0.00000000    -0.00357394  -0.00000000
  0.00556012   0.00000000     0.00357394   0.00000000    -0.00586845  -0.00000000
   10    7
 -0.00625239  -0.00000000     0.00197057   0.00000000    -0.00390124  -0.00000000
 -0.00197057  -0.00000000     0.01941746   0.00000000     0.00201469   0.00000000
 -0.00390124  -0.00000000    -0.00201469  -0.00000000     0.00375975   0.00000000
   10    8
  0.00165631   0.00000000     0.00556012   0.00000000    -0.00000598  -0.00000000
  0.00556012   0.00000000    -0.00586845  -0.00000000     0.00357394   0.00000000
  0.00000598   0.00000000    -0.00357394  -0.00000000    -0.00197967  -0.00000000
   10    9
 -0.00625239  -0.00000000    -0.00390124  -0.00000000     0.00197057   0.00000000
 -0.00390124  -0.00000000     0.00375975   0.00000000    -0.00201469  -0.00000000
 -0.00197057  -0.00000000     0.00201469   0.00000000     0.01941746   0.00000000
   10   10
  0.03947585   0.00000000    -0.00307421   0.00000000    -0.00307421   0.00000000
 -0.00307421   0.00000000     0.05218972   0.00000000     0.02381093   0.00000000
 -0.00307421   0.00000000     0.02381093   0.00000000     0.05218972   0.00000000
   10   11
 -0.00316778  -0.00000000     0.00730769   0.00000000     0.00730769   0.00000000
  0.00730769   0.00000000    -0.01959816  -0.00000000    -0.01766521  -0.00000000
  0.00730769   0.00000000    -0.01766521  -0.00000000    -0.01959816  -0.00000000
   11    1
  0.00356301   0.00000000    -0.00053725  -0.00000000    -0.00053725  -0.00000000
 -0.01414887  -0.00000000     0.00456998   0.00000000     0.00432010   0.00000000
 -0.01414887  -0.00000000     0.00432010   0.00000000     0.00456998   0.00000000
   11    2
  0.00511129   0.00000000     0.01521670   0.00000000     0.01521670   0.00000000
  0.01719443   0.00000000    -0.02165335  -0.00000000    -0.02486437  -0.00000000
  0.01719443   0.00000000    -0.02486437  -0.00000000    -0.02165335  -0.00000000
   11    3
 -0.01292387  -0.00000000    -0.01446370  -0.00000000    -0.01446370  -0.00000000
 -0.00325208  -0.00000000     0.00987824   0.00000000     0.02089800   0.00000000
 -0.00325208  -0.00000000     0.02089800   0.00000000     0.00987824   0.00000000
   11    4
 -0.00696662   0.00000000     0.01746012  -0.00000000     0.01746012  -0.00000000
 -0.01746012   0.00000000    -0.01725853   0.00000000    -0.01482121   0.00000000
 -0.01746012   0.00000000    -0.01482121   0.00000000    -0.01725853   0.00000000
   11    5
 -0.01274929  -0.00000000    -0.00913131   0.00000000    -0.00913131   0.00000000
  0.00913131   0.00000000     0.01112776  -0.00000000     0.01467627  -0.00000000
  0.00913131   0.00000000     0.01467627  -0.00000000     0.01112776  -0.00000000
   11    6
 -0.00625239   0.00000000     0.00197057  -0.00000000    -0.00390124   0.00000000
 -0.00197057   0.00000000     0.01941746  -0.00000000     0.00201469  -0.00000000
 -0.00390124   0.00000000    -0.00201469   0.00000000     0.00375975  -0.00000000
   11    7
  0.00165631   0.00000000    -0.00000598   0.00000000     0.00556012   0.00000000
  0.00000598   0.00000000    -0.00197967  -0.00000000    -0.00357394  -0.00000000
  0.00556012   0.00000000     0.00357394   0.00000000    -0.00586845  -0.00000000
   11    8
 -0.00625239   0.00000000    -0.00390124   0.00000000     0.00197057  -0.00000000
 -0.00390124   0.00000000     0.00375975  -0.00000000    -0.00201469   0.00000000
 -0.00197057   0.00000000     0.00201469  -0.00000000     0.01941746  -0.00000000
   11    9
  0.00165631   0.00000000     0.00556012   0.00000000    -0.00000598   0.00000000
  0.00556012   0.00000000    -0.00586845  -0.00000000     0.00357394   0.00000000
  0.00000598   0.00000000    -0.00357394  -0.00000000    -0.00197967  -0.00000000
   11   10
 -0.00316778   0.00000000     0.00730769  -0.00000000     0.00730769  -0.00000000
  0.00730769  -0.00000000    -0.01959816   0.00000000    -0.01766521   0.00000000
  0.00730769  -0.00000000    -0.01766521   0.00000000    -0.01959816   0.00000000
   11   11
  0.03947585   0.00000000    -0.00307421   0.00000000    -0.00307421   0.00000000
 -0.00307421   0.00000000     0.05218972   0.00000000     0.02381093   0.00000000
 -0.00307421   0.00000000     0.02381093   0.00000000     0.05218972   0.00000000

     Dynamical  Matrix in cartesian axes

     q = (    0.000000000   0.000000000  -0.707106781 ) 

    1    1
  0.07723325   0.00000000    -0.00000000   0.00000000    -0.00000000   0.00000000
 -0.00000000   0.00000000     0.07723325   0.00000000     0.00000000   0.00000000
 -0.00000000   0.00000000     0.00000000   0.00000000     0.17120782   0.00000000
    1    2
  0.00000000  -0.00000000    -0.02541378  -0.00000000    -0.00000000   0.00000000
 -0.02541378  -0.00000000     0.00000000  -0.00000000    -0.00000000  -0.00000000
 -0.00000000  -0.00000000    -0.00000000  -0.00000000     0.00000000  -0.00000000
    1    3
  0.00000000   0.00000000    -0.02541378   0.00000000     0.00000000   0.00000000
 -0.02541378   0.00000000     0.00000000   0.00000000     0.00000000   0.00000000
  0.00000000   0.00000000     0.00000000   0.00000000    -0.00000000   0.00000000
    1    4
  0.00456998  -0.00000000     0.00432010  -0.00000000     0.00053725  -0.00000000
  0.00432010  -0.00000000     0.00456998  -0.00000000     0.00053725  -0.00000000
  0.01414887  -0.00000000     0.01414887  -0.00000000     0.00356301  -0.00000000
    1    5
  0.00456998  -0.00000000     0.00432010  -0.00000000     0.00053725  -0.00000000
  0.00432010  -0.00000000     0.00456998  -0.00000000     0.00053725  -0.00000000
  0.01414887  -0.00000000     0.01414887  -0.00000000     0.00356301  -0.00000000
    1    6
  0.00456998  -0.00000000     0.00432010  -0.00000000    -0.00053725   0.00000000
  0.00432010  -0.00000000     0.00456998  -0.00000000    -0.00053725   0.00000000
 -0.01414887   0.00000000    -0.01414887   0.00000000     0.00356301  -0.00000000
    1    7
  0.00456998  -0.00000000     0.00432010  -0.00000000    -0.00053725   0.00000000
  0.00432010  -0.00000000     0.00456998  -0.00000000    -0.00053725   0.00000000
 -0.01414887   0.00000000    -0.01414887   0.00000000     0.00356301  -0.00000000
    1    8
 -0.00456998   0.00000000     0.00432010  -0.00000000    -0.00053725   0.00000000
  0.00432010  -0.00000000    -0.00456998   0.00000000     0.00053725  -0.00000000
 -0.01414887   0.00000000     0.01414887  -0.00000000    -0.00356301   0.00000000
    1    9
 -0.00456998   0.00000000     0.00432010  -0.00000000    -0.00053725   0.00000000
  0.00432010  -0.00000000    -0.00456998   0.00000000     0.00053725  -0.00000000
 -0.01414887   0.00000000     0.01414887  -0.00000000    -0.00356301   0.00000000
    1   10
 -0.00456998   0.00000000     0.00432010  -0.00000000     0.00053725  -0.00000000
  0.00432010  -0.00000000    -0.00456998   0.00000000    -0.00053725   0.00000000
  0.01414887  -0.00000000    -0.01414887   0.00000000    -0.00356301   0.00000000
    1   11
 -0.00456998   0.00000000     0.00432010  -0.00000000     0.00053725  -0.00000000
  0.00432010  -0.00000000    -0.00456998   0.00000000    -0.00053725   0.00000000
  0.01414887  -0.00000000    -0.01414887   0.00000000    -0.00356301   0.00000000
    2    1
  0.00000000   0.00000000    -0.02541378   0.00000000    -0.00000000   0.00000000
 -0.02541378   0.00000000     0.00000000   0.00000000    -0.00000000   0.00000000
 -0.00000000   0.00000000    -0.00000000   0.00000000     0.00000000   0.00000000
    2    2
  0.06546180   0.00000000     0.00000000   0.00000000     0.00000000   0.00000000
  0.00000000   0.00000000     0.06546180   0.00000000     0.00000000   0.00000000
  0.00000000   0.00000000     0.00000000   0.00000000     0.08379922   0.00000000
    2    3
 -0.03075057   0.00000000     0.00000000   0.00000000     0.00000000   0.00000000
  0.00000000   0.00000000    -0.03075057   0.00000000    -0.00000000   0.00000000
  0.00000000   0.00000000     0.00000000   0.00000000    -0.00790120   0.00000000
    2    4
  0.00987824  -0.00000000     0.02089800  -0.00000000     0.01446370  -0.00000000
  0.02089800  -0.00000000     0.00987824  -0.00000000     0.01446370  -0.00000000
  0.00325208  -0.00000000     0.00325208  -0.00000000    -0.01292387   0.00000000
    2    5
 -0.02165335   0.00000000    -0.02486437   0.00000000    -0.01521670   0.00000000
 -0.02486437   0.00000000    -0.02165335   0.00000000    -0.01521670   0.00000000
 -0.01719443   0.00000000    -0.01719443   0.00000000     0.00511129  -0.00000000
    2    6
  0.00987824  -0.00000000     0.02089800  -0.00000000    -0.01446370   0.00000000
  0.02089800  -0.00000000     0.00987824  -0.00000000    -0.01446370   0.00000000
 -0.00325208   0.00000000    -0.00325208   0.00000000    -0.01292387   0.00000000
    2    7
 -0.02165335   0.00000000    -0.02486437   0.00000000     0.01521670  -0.00000000
 -0.02486437   0.00000000    -0.02165335   0.00000000     0.01521670  -0.00000000
  0.01719443  -0.00000000     0.01719443  -0.00000000     0.00511129  -0.00000000
    2    8
  0.00987824  -0.00000000    -0.02089800   0.00000000     0.01446370  -0.00000000
 -0.02089800   0.00000000     0.00987824  -0.00000000    -0.01446370   0.00000000
  0.00325208  -0.00000000    -0.00325208   0.00000000    -0.01292387   0.00000000
    2    9
 -0.02165335   0.00000000     0.02486437  -0.00000000    -0.01521670   0.00000000
  0.02486437  -0.00000000    -0.02165335   0.00000000     0.01521670  -0.00000000
 -0.01719443   0.00000000     0.01719443  -0.00000000     0.00511129  -0.00000000
    2   10
  0.00987824  -0.00000000    -0.02089800   0.00000000    -0.01446370   0.00000000
 -0.02089800   0.00000000     0.00987824  -0.00000000     0.01446370  -0.00000000
 -0.00325208   0.00000000     0.00325208  -0.00000000    -0.01292387   0.00000000
    2   11
 -0.02165335   0.00000000     0.02486437  -0.00000000     0.01521670  -0.00000000
  0.02486437  -0.00000000    -0.02165335   0.00000000    -0.01521670   0.00000000
  0.01719443  -0.00000000    -0.01719443   0.00000000     0.00511129  -0.00000000
    3    1
  0.00000000  -0.00000000    -0.02541378  -0.00000000     0.00000000   0.00000000
 -0.02541378  -0.00000000     0.00000000  -0.00000000     0.00000000   0.00000000
  0.00000000   0.00000000     0.00000000  -0.00000000    -0.00000000  -0.00000000
    3    2
 -0.03075057  -0.00000000     0.00000000  -0.00000000    -0.00000000  -0.00000000
  0.00000000  -0.00000000    -0.03075057  -0.00000000     0.00000000  -0.00000000
  0.00000000  -0.00000000     0.00000000  -0.00000000    -0.00790120  -0.00000000
    3    3
  0.06546180   0.00000000     0.00000000   0.00000000     0.00000000   0.00000000
  0.00000000   0.00000000     0.06546180   0.00000000     0.00000000   0.00000000
  0.00000000   0.00000000     0.00000000   0.00000000     0.08379922   0.00000000
    3    4
 -0.02165335   0.00000000    -0.02486437   0.00000000    -0.01521670   0.00000000
 -0.02486437   0.00000000    -0.02165335   0.00000000    -0.01521670   0.00000000
 -0.01719443   0.00000000    -0.01719443   0.00000000     0.00511129  -0.00000000
    3    5
  0.00987824  -0.00000000     0.02089800  -0.00000000     0.01446370  -0.00000000
  0.02089800  -0.00000000     0.00987824  -0.00000000     0.01446370  -0.00000000
  0.00325208  -0.00000000     0.00325208  -0.00000000    -0.01292387   0.00000000
    3    6
 -0.02165335   0.00000000    -0.02486437   0.00000000     0.01521670  -0.00000000
 -0.02486437   0.00000000    -0.02165335   0.00000000     0.01521670  -0.00000000
  0.01719443  -0.00000000     0.01719443  -0.00000000     0.00511129  -0.00000000
    3    7
  0.00987824  -0.00000000     0.02089800  -0.00000000    -0.01446370   0.00000000
  0.02089800  -0.00000000     0.00987824  -0.00000000    -0.01446370   0.00000000
 -0.00325208   0.00000000    -0.00325208   0.00000000    -0.01292387   0.00000000
    3    8
 -0.02165335   0.00000000     0.02486437  -0.00000000    -0.01521670   0.00000000
  0.02486437  -0.00000000    -0.02165335   0.00000000     0.01521670  -0.00000000
 -0.01719443   0.00000000     0.01719443  -0.00000000     0.00511129  -0.00000000
    3    9
  0.00987824   0.00000000    -0.02089800  -0.00000000     0.01446370   0.00000000
 -0.02089800  -0.00000000     0.00987824   0.00000000    -0.01446370  -0.00000000
  0.00325208   0.00000000    -0.00325208  -0.00000000    -0.01292387  -0.00000000
    3   10
 -0.02165335   0.00000000     0.02486437  -0.00000000     0.01521670  -0.00000000
  0.02486437  -0.00000000    -0.02165335   0.00000000    -0.01521670   0.00000000
  0.01719443  -0.00000000    -0.01719443   0.00000000     0.00511129  -0.00000000
    3   11
  0.00987824   0.00000000    -0.02089800  -0.00000000    -0.01446370  -0.00000000
 -0.02089800  -0.00000000     0.00987824   0.00000000     0.01446370   0.00000000
 -0.00325208  -0.00000000     0.00325208   0.00000000    -0.01292387  -0.00000000
    4    1
  0.00456998   0.00000000     0.00432010   0.00000000     0.01414887   0.00000000
