  2.500000000000000E-002   1.62642784585186        4.63499580460467     
           8

     Dynamical  Matrix in cartesian axes

     q = (    0.117851130   0.117851130  -0.117851130 ) 

    1    1
  0.18777863   0.00000000     0.05957171   0.00000000    -0.05957171   0.00000000
  0.05957171   0.00000000     0.18777863   0.00000000    -0.05957171   0.00000000
 -0.05957171   0.00000000    -0.05957171   0.00000000     0.18777863   0.00000000
    1    2
  0.00565448  -0.01253348     0.01695197  -0.01325258    -0.01695197   0.01325258
  0.01695197  -0.01325258     0.00565448  -0.01253348    -0.01695197   0.01325258
 -0.01695197   0.01325258    -0.01695197   0.01325258     0.00565448  -0.01253348
    1    3
  0.00565448   0.01253348     0.01695197   0.01325258    -0.01695197  -0.01325258
  0.01695197   0.01325258     0.00565448   0.01253348    -0.01695197  -0.01325258
 -0.01695197  -0.01325258    -0.01695197  -0.01325258     0.00565448   0.01253348
    1    4
 -0.01991964  -0.01162637     0.00672796  -0.00654988     0.01206326  -0.00642780
  0.00672796  -0.00654988    -0.01991964  -0.01162637     0.01206326  -0.00642780
  0.01222923  -0.00130868     0.01222923  -0.00130868    -0.00985829   0.02466334
    1    5
 -0.01991964   0.01162637     0.00672796   0.00654988     0.01206326   0.00642780
  0.00672796   0.00654988    -0.01991964   0.01162637     0.01206326   0.00642780
  0.01222923   0.00130868     0.01222923   0.00130868    -0.00985829  -0.02466334
    1    6
 -0.02240399   0.00664580    -0.00121474  -0.00879761     0.00121474   0.00879761
 -0.00121474  -0.00879761    -0.02240399   0.00664580     0.00121474   0.00879761
  0.00121474   0.00879761     0.00121474   0.00879761    -0.02240399   0.00664580
    1    7
 -0.02240399  -0.00664580    -0.00121474   0.00879761     0.00121474  -0.00879761
 -0.00121474   0.00879761    -0.02240399  -0.00664580     0.00121474  -0.00879761
  0.00121474  -0.00879761     0.00121474  -0.00879761    -0.02240399  -0.00664580
    1    8
 -0.00985829   0.02466334    -0.01222923   0.00130868     0.01222923  -0.00130868
 -0.01206326   0.00642780    -0.01991964  -0.01162637    -0.00672796   0.00654988
  0.01206326  -0.00642780    -0.00672796   0.00654988    -0.01991964  -0.01162637
    1    9
 -0.00985829  -0.02466334    -0.01222923  -0.00130868     0.01222923   0.00130868
 -0.01206326  -0.00642780    -0.01991964   0.01162637    -0.00672796  -0.00654988
  0.01206326   0.00642780    -0.00672796  -0.00654988    -0.01991964   0.01162637
    1   10
 -0.01991964  -0.01162637    -0.01206326   0.00642780    -0.00672796   0.00654988
 -0.01222923   0.00130868    -0.00985829   0.02466334     0.01222923  -0.00130868
 -0.00672796   0.00654988     0.01206326  -0.00642780    -0.01991964  -0.01162637
    1   11
 -0.01991964   0.01162637    -0.01206326  -0.00642780    -0.00672796  -0.00654988
 -0.01222923  -0.00130868    -0.00985829  -0.02466334     0.01222923   0.00130868
 -0.00672796  -0.00654988     0.01206326   0.00642780    -0.01991964   0.01162637
    2    1
  0.00565448   0.01253348     0.01695197   0.01325258    -0.01695197  -0.01325258
  0.01695197   0.01325258     0.00565448   0.01253348    -0.01695197  -0.01325258
 -0.01695197  -0.01325258    -0.01695197  -0.01325258     0.00565448   0.01253348
    2    2
  0.04020217  -0.00000000     0.01389525   0.00000000    -0.01389525  -0.00000000
  0.01389525   0.00000000     0.04020217  -0.00000000    -0.01389525  -0.00000000
 -0.01389525  -0.00000000    -0.01389525  -0.00000000     0.04020217  -0.00000000
    2    3
 -0.01718039   0.00863807    -0.00506352   0.00287808     0.00506352  -0.00287808
 -0.00506352   0.00287808    -0.01718039   0.00863807     0.00506352  -0.00287808
  0.00506352  -0.00287808     0.00506352  -0.00287808    -0.01718039   0.00863807
    2    4
 -0.00106655   0.00139555     0.00406449  -0.00013682     0.00397716   0.00374841
  0.00406449  -0.00013682    -0.00106655   0.00139555     0.00397716   0.00374841
 -0.00184799  -0.00267792    -0.00184799  -0.00267792     0.00061030  -0.00291936
    2    5
 -0.00212333   0.00441894    -0.00899634   0.00111331    -0.00577681   0.00566096
 -0.00899634   0.00111331    -0.00212333   0.00441894    -0.00577681   0.00566096
 -0.00388462  -0.00402635    -0.00388462  -0.00402635    -0.00418580  -0.00157853
    2    6
  0.00641426  -0.00126990     0.00867426  -0.00179405    -0.00867426   0.00179405
  0.00867426  -0.00179405     0.00641426  -0.00126990    -0.00867426   0.00179405
 -0.00867426   0.00179405    -0.00867426   0.00179405     0.00641426  -0.00126990
    2    7
 -0.01329470   0.00144835    -0.01753647   0.00274029     0.01753647  -0.00274029
 -0.01753647   0.00274029    -0.01329470   0.00144835     0.01753647  -0.00274029
  0.01753647  -0.00274029     0.01753647  -0.00274029    -0.01329470   0.00144835
    2    8
  0.00061030  -0.00291936     0.00184799   0.00267792    -0.00184799  -0.00267792
 -0.00397716  -0.00374841    -0.00106655   0.00139555    -0.00406449   0.00013682
  0.00397716   0.00374841    -0.00406449   0.00013682    -0.00106655   0.00139555
    2    9
 -0.00418580  -0.00157853     0.00388462   0.00402635    -0.00388462  -0.00402635
  0.00577681  -0.00566096    -0.00212333   0.00441894     0.00899634  -0.00111331
 -0.00577681   0.00566096     0.00899634  -0.00111331    -0.00212333   0.00441894
    2   10
 -0.00106655   0.00139555    -0.00397716  -0.00374841    -0.00406449   0.00013682
  0.00184799   0.00267792     0.00061030  -0.00291936    -0.00184799  -0.00267792
 -0.00406449   0.00013682     0.00397716   0.00374841    -0.00106655   0.00139555
    2   11
 -0.00212333   0.00441894     0.00577681  -0.00566096     0.00899634  -0.00111331
  0.00388462   0.00402635    -0.00418580  -0.00157853    -0.00388462  -0.00402635
  0.00899634  -0.00111331    -0.00577681   0.00566096    -0.00212333   0.00441894
    3    1
  0.00565448  -0.01253348     0.01695197  -0.01325258    -0.01695197   0.01325258
  0.01695197  -0.01325258     0.00565448  -0.01253348    -0.01695197   0.01325258
 -0.01695197   0.01325258    -0.01695197   0.01325258     0.00565448  -0.01253348
    3    2
 -0.01718039  -0.00863807    -0.00506352  -0.00287808     0.00506352   0.00287808
 -0.00506352  -0.00287808    -0.01718039  -0.00863807     0.00506352   0.00287808
  0.00506352   0.00287808     0.00506352   0.00287808    -0.01718039  -0.00863807
    3    3
  0.04020217   0.00000000     0.01389525  -0.00000000    -0.01389525   0.00000000
  0.01389525  -0.00000000     0.04020217   0.00000000    -0.01389525   0.00000000
 -0.01389525   0.00000000    -0.01389525   0.00000000     0.04020217   0.00000000
    3    4
 -0.00212333  -0.00441894    -0.00899634  -0.00111331    -0.00577681  -0.00566096
 -0.00899634  -0.00111331    -0.00212333  -0.00441894    -0.00577681  -0.00566096
 -0.00388462   0.00402635    -0.00388462   0.00402635    -0.00418580   0.00157853
    3    5
 -0.00106655  -0.00139555     0.00406449   0.00013682     0.00397716  -0.00374841
  0.00406449   0.00013682    -0.00106655  -0.00139555     0.00397716  -0.00374841
 -0.00184799   0.00267792    -0.00184799   0.00267792     0.00061030   0.00291936
    3    6
 -0.01329470  -0.00144835    -0.01753647  -0.00274029     0.01753647   0.00274029
 -0.01753647  -0.00274029    -0.01329470  -0.00144835     0.01753647   0.00274029
  0.01753647   0.00274029     0.01753647   0.00274029    -0.01329470  -0.00144835
    3    7
  0.00641426   0.00126990     0.00867426   0.00179405    -0.00867426  -0.00179405
  0.00867426   0.00179405     0.00641426   0.00126990    -0.00867426  -0.00179405
 -0.00867426  -0.00179405    -0.00867426  -0.00179405     0.00641426   0.00126990
    3    8
 -0.00418580   0.00157853     0.00388462  -0.00402635    -0.00388462   0.00402635
  0.00577681   0.00566096    -0.00212333  -0.00441894     0.00899634   0.00111331
 -0.00577681  -0.00566096     0.00899634   0.00111331    -0.00212333  -0.00441894
    3    9
  0.00061030   0.00291936     0.00184799  -0.00267792    -0.00184799   0.00267792
 -0.00397716   0.00374841    -0.00106655  -0.00139555    -0.00406449  -0.00013682
  0.00397716  -0.00374841    -0.00406449  -0.00013682    -0.00106655  -0.00139555
    3   10
 -0.00212333  -0.00441894     0.00577681   0.00566096     0.00899634   0.00111331
  0.00388462  -0.00402635    -0.00418580   0.00157853    -0.00388462   0.00402635
  0.00899634   0.00111331    -0.00577681  -0.00566096    -0.00212333  -0.00441894
    3   11
 -0.00106655  -0.00139555    -0.00397716   0.00374841    -0.00406449  -0.00013682
  0.00184799  -0.00267792     0.00061030   0.00291936    -0.00184799   0.00267792
 -0.00406449  -0.00013682     0.00397716  -0.00374841    -0.00106655  -0.00139555
    4    1
 -0.01991964   0.01162637     0.00672796   0.00654988     0.01222923   0.00130868
  0.00672796   0.00654988    -0.01991964   0.01162637     0.01222923   0.00130868
  0.01206326   0.00642780     0.01206326   0.00642780    -0.00985829  -0.02466334
    4    2
 -0.00106655  -0.00139555     0.00406449   0.00013682    -0.00184799   0.00267792
  0.00406449   0.00013682    -0.00106655  -0.00139555    -0.00184799   0.00267792
  0.00397716  -0.00374841     0.00397716  -0.00374841     0.00061030   0.00291936
    4    3
 -0.00212333   0.00441894    -0.00899634   0.00111331    -0.00388462  -0.00402635
 -0.00899634   0.00111331    -0.00212333   0.00441894    -0.00388462  -0.00402635
 -0.00577681   0.00566096    -0.00577681   0.00566096    -0.00418580  -0.00157853
    4    4
  0.02882663   0.00000000     0.00300062  -0.00000000     0.00126253   0.00147751
  0.00300062   0.00000000     0.02882663  -0.00000000     0.00126253   0.00147751
  0.00126253  -0.00147751     0.00126253  -0.00147751     0.02382668  -0.00000000
    4    5
 -0.00088386  -0.00499246    -0.00190327  -0.00109961    -0.00243766  -0.00287373
 -0.00190327  -0.00109961    -0.00088386  -0.00499246    -0.00243766  -0.00287373
 -0.00243766  -0.00287373    -0.00243766  -0.00287373    -0.00388012   0.00160785
    4    6
 -0.00171408  -0.00837565    -0.00219784  -0.00233463     0.00072852   0.00197354
 -0.00219784  -0.00233463    -0.00171408  -0.00837565     0.00072852   0.00197354
 -0.00163661  -0.00412238    -0.00163661  -0.00412238     0.00292317   0.00599303
    4    7
  0.00805559   0.00497588     0.00189893   0.00226934     0.00091694  -0.00227853
  0.00189893   0.00226934     0.00805559   0.00497588     0.00091694  -0.00227853
 -0.00055020   0.00416262    -0.00055020   0.00416262    -0.01128055  -0.00118282
    4    8
 -0.00650540  -0.00350447     0.00309503   0.00065867    -0.00410754   0.00000000
 -0.00316009   0.00180073     0.00788508   0.00000000    -0.00309503   0.00065867
 -0.00153666   0.00000000     0.00316009   0.00180073    -0.00650540   0.00350447
    4    9
  0.00786996   0.00555589    -0.00279986   0.00276250     0.00350499  -0.00130342
 -0.00011652  -0.00051541    -0.00624419  -0.01383974     0.00279986  -0.00276250
 -0.00006175  -0.00047778     0.00011652   0.00051541     0.00786996   0.00555589
    4   10
  0.00788508   0.00000000    -0.00316009   0.00180073    -0.00309503   0.00065867
  0.00309503   0.00065867    -0.00650540  -0.00350447    -0.00410754   0.00000000
  0.00316009   0.00180073    -0.00153666   0.00000000    -0.00650540   0.00350447
    4   11
 -0.00624419  -0.01383974    -0.00011652  -0.00051541     0.00279986  -0.00276250
 -0.00279986   0.00276250     0.00786996   0.00555589     0.00350499  -0.00130342
  0.00011652   0.00051541    -0.00006175  -0.00047778     0.00786996   0.00555589
    5    1
 -0.01991964  -0.01162637     0.00672796  -0.00654988     0.01222923  -0.00130868
  0.00672796  -0.00654988    -0.01991964  -0.01162637     0.01222923  -0.00130868
  0.01206326  -0.00642780     0.01206326  -0.00642780    -0.00985829   0.02466334
    5    2
 -0.00212333  -0.00441894    -0.00899634  -0.00111331    -0.00388462   0.00402635
 -0.00899634  -0.00111331    -0.00212333  -0.00441894    -0.00388462   0.00402635
 -0.00577681  -0.00566096    -0.00577681  -0.00566096    -0.00418580   0.00157853
    5    3
 -0.00106655   0.00139555     0.00406449  -0.00013682    -0.00184799  -0.00267792
  0.00406449  -0.00013682    -0.00106655   0.00139555    -0.00184799  -0.00267792
  0.00397716   0.00374841     0.00397716   0.00374841     0.00061030  -0.00291936
    5    4
 -0.00088386   0.00499246    -0.00190327   0.00109961    -0.00243766   0.00287373
 -0.00190327   0.00109961    -0.00088386   0.00499246    -0.00243766   0.00287373
 -0.00243766   0.00287373    -0.00243766   0.00287373    -0.00388012  -0.00160785
    5    5
  0.02882663  -0.00000000     0.00300062   0.00000000     0.00126253  -0.00147751
  0.00300062  -0.00000000     0.02882663   0.00000000     0.00126253  -0.00147751
  0.00126253   0.00147751     0.00126253   0.00147751     0.02382668   0.00000000
    5    6
  0.00805559  -0.00497588     0.00189893  -0.00226934     0.00091694   0.00227853
  0.00189893  -0.00226934     0.00805559  -0.00497588     0.00091694   0.00227853
 -0.00055020  -0.00416262    -0.00055020  -0.00416262    -0.01128055   0.00118282
    5    7
 -0.00171408   0.00837565    -0.00219784   0.00233463     0.00072852  -0.00197354
 -0.00219784   0.00233463    -0.00171408   0.00837565     0.00072852  -0.00197354
 -0.00163661   0.00412238    -0.00163661   0.00412238     0.00292317  -0.00599303
    5    8
  0.00786996  -0.00555589    -0.00279986  -0.00276250     0.00350499   0.00130342
 -0.00011652   0.00051541    -0.00624419   0.01383974     0.00279986   0.00276250
 -0.00006175   0.00047778     0.00011652  -0.00051541     0.00786996  -0.00555589
    5    9
 -0.00650540   0.00350447     0.00309503  -0.00065867    -0.00410754  -0.00000000
 -0.00316009  -0.00180073     0.00788508  -0.00000000    -0.00309503  -0.00065867
 -0.00153666  -0.00000000     0.00316009  -0.00180073    -0.00650540  -0.00350447
    5   10
 -0.00624419   0.01383974    -0.00011652   0.00051541     0.00279986   0.00276250
 -0.00279986  -0.00276250     0.00786996  -0.00555589     0.00350499   0.00130342
  0.00011652  -0.00051541    -0.00006175   0.00047778     0.00786996  -0.00555589
    5   11
  0.00788508  -0.00000000    -0.00316009  -0.00180073    -0.00309503  -0.00065867
  0.00309503  -0.00065867    -0.00650540   0.00350447    -0.00410754  -0.00000000
  0.00316009  -0.00180073    -0.00153666  -0.00000000    -0.00650540  -0.00350447
    6    1
 -0.02240399  -0.00664580    -0.00121474   0.00879761     0.00121474  -0.00879761
 -0.00121474   0.00879761    -0.02240399  -0.00664580     0.00121474  -0.00879761
  0.00121474  -0.00879761     0.00121474  -0.00879761    -0.02240399  -0.00664580
    6    2
  0.00641426   0.00126990     0.00867426   0.00179405    -0.00867426  -0.00179405
  0.00867426   0.00179405     0.00641426   0.00126990    -0.00867426  -0.00179405
 -0.00867426  -0.00179405    -0.00867426  -0.00179405     0.00641426   0.00126990
    6    3
 -0.01329470   0.00144835    -0.01753647   0.00274029     0.01753647  -0.00274029
 -0.01753647   0.00274029    -0.01329470   0.00144835     0.01753647  -0.00274029
  0.01753647  -0.00274029     0.01753647  -0.00274029    -0.01329470   0.00144835
    6    4
 -0.00171408   0.00837565    -0.00219784   0.00233463    -0.00163661   0.00412238
 -0.00219784   0.00233463    -0.00171408   0.00837565    -0.00163661   0.00412238
  0.00072852  -0.00197354     0.00072852  -0.00197354     0.00292317  -0.00599303
    6    5
  0.00805559   0.00497588     0.00189893   0.00226934    -0.00055020   0.00416262
  0.00189893   0.00226934     0.00805559   0.00497588    -0.00055020   0.00416262
  0.00091694  -0.00227853     0.00091694  -0.00227853    -0.01128055  -0.00118282
    6    6
  0.03481870  -0.00000000     0.00957507   0.00000000    -0.00957507  -0.00000000
  0.00957507   0.00000000     0.03481870  -0.00000000    -0.00957507  -0.00000000
 -0.00957507  -0.00000000    -0.00957507  -0.00000000     0.03481870  -0.00000000
    6    7
 -0.01455316   0.00317353    -0.00900104   0.00169515     0.00900104  -0.00169515
 -0.00900104   0.00169515    -0.01455316   0.00317353     0.00900104  -0.00169515
  0.00900104  -0.00169515     0.00900104  -0.00169515    -0.01455316   0.00317353
    6    8
  0.00292317  -0.00599303    -0.00072852   0.00197354     0.00072852  -0.00197354
  0.00163661  -0.00412238    -0.00171408   0.00837565     0.00219784  -0.00233463
 -0.00163661   0.00412238     0.00219784  -0.00233463    -0.00171408   0.00837565
    6    9
 -0.01128055  -0.00118282    -0.00091694   0.00227853     0.00091694  -0.00227853
  0.00055020  -0.00416262     0.00805559   0.00497588    -0.00189893  -0.00226934
 -0.00055020   0.00416262    -0.00189893  -0.00226934     0.00805559   0.00497588
    6   10
 -0.00171408   0.00837565     0.00163661  -0.00412238     0.00219784  -0.00233463
 -0.00072852   0.00197354     0.00292317  -0.00599303     0.00072852  -0.00197354
  0.00219784  -0.00233463    -0.00163661   0.00412238    -0.00171408   0.00837565
    6   11
  0.00805559   0.00497588     0.00055020  -0.00416262    -0.00189893  -0.00226934
 -0.00091694   0.00227853    -0.01128055  -0.00118282     0.00091694  -0.00227853
 -0.00189893  -0.00226934    -0.00055020   0.00416262     0.00805559   0.00497588
    7    1
 -0.02240399   0.00664580    -0.00121474  -0.00879761     0.00121474   0.00879761
 -0.00121474  -0.00879761    -0.02240399   0.00664580     0.00121474   0.00879761
  0.00121474   0.00879761     0.00121474   0.00879761    -0.02240399   0.00664580
    7    2
 -0.01329470  -0.00144835    -0.01753647  -0.00274029     0.01753647   0.00274029
 -0.01753647  -0.00274029    -0.01329470  -0.00144835     0.01753647   0.00274029
  0.01753647   0.00274029     0.01753647   0.00274029    -0.01329470  -0.00144835
    7    3
  0.00641426  -0.00126990     0.00867426  -0.00179405    -0.00867426   0.00179405
  0.00867426  -0.00179405     0.00641426  -0.00126990    -0.00867426   0.00179405
 -0.00867426   0.00179405    -0.00867426   0.00179405     0.00641426  -0.00126990
    7    4
  0.00805559  -0.00497588     0.00189893  -0.00226934    -0.00055020  -0.00416262
  0.00189893  -0.00226934     0.00805559  -0.00497588    -0.00055020  -0.00416262
  0.00091694   0.00227853     0.00091694   0.00227853    -0.01128055   0.00118282
    7    5
 -0.00171408  -0.00837565    -0.00219784  -0.00233463    -0.00163661  -0.00412238
 -0.00219784  -0.00233463    -0.00171408  -0.00837565    -0.00163661  -0.00412238
  0.00072852   0.00197354     0.00072852   0.00197354     0.00292317   0.00599303
    7    6
 -0.01455316  -0.00317353    -0.00900104  -0.00169515     0.00900104   0.00169515
 -0.00900104  -0.00169515    -0.01455316  -0.00317353     0.00900104   0.00169515
  0.00900104   0.00169515     0.00900104   0.00169515    -0.01455316  -0.00317353
    7    7
  0.03481870   0.00000000     0.00957507  -0.00000000    -0.00957507   0.00000000
  0.00957507  -0.00000000     0.03481870   0.00000000    -0.00957507   0.00000000
 -0.00957507   0.00000000    -0.00957507   0.00000000     0.03481870   0.00000000
    7    8
 -0.01128055   0.00118282    -0.00091694  -0.00227853     0.00091694   0.00227853
  0.00055020   0.00416262     0.00805559  -0.00497588    -0.00189893   0.00226934
 -0.00055020  -0.00416262    -0.00189893   0.00226934     0.00805559  -0.00497588
    7    9
  0.00292317   0.00599303    -0.00072852  -0.00197354     0.00072852   0.00197354
  0.00163661   0.00412238    -0.00171408  -0.00837565     0.00219784   0.00233463
 -0.00163661  -0.00412238     0.00219784   0.00233463    -0.00171408  -0.00837565
    7   10
  0.00805559  -0.00497588     0.00055020   0.00416262    -0.00189893   0.00226934
 -0.00091694  -0.00227853    -0.01128055   0.00118282     0.00091694   0.00227853
 -0.00189893   0.00226934    -0.00055020  -0.00416262     0.00805559  -0.00497588
    7   11
 -0.00171408  -0.00837565     0.00163661   0.00412238     0.00219784   0.00233463
 -0.00072852  -0.00197354     0.00292317   0.00599303     0.00072852   0.00197354
  0.00219784   0.00233463    -0.00163661  -0.00412238    -0.00171408  -0.00837565
    8    1
 -0.00985829  -0.02466334    -0.01206326  -0.00642780     0.01206326   0.00642780
 -0.01222923  -0.00130868    -0.01991964   0.01162637    -0.00672796  -0.00654988
  0.01222923   0.00130868    -0.00672796  -0.00654988    -0.01991964   0.01162637
    8    2
  0.00061030   0.00291936    -0.00397716   0.00374841     0.00397716  -0.00374841
  0.00184799  -0.00267792    -0.00106655  -0.00139555    -0.00406449  -0.00013682
 -0.00184799   0.00267792    -0.00406449  -0.00013682    -0.00106655  -0.00139555
    8    3
 -0.00418580  -0.00157853     0.00577681  -0.00566096    -0.00577681   0.00566096
  0.00388462   0.00402635    -0.00212333   0.00441894     0.00899634  -0.00111331
 -0.00388462  -0.00402635     0.00899634  -0.00111331    -0.00212333   0.00441894
    8    4
 -0.00650540   0.00350447    -0.00316009  -0.00180073    -0.00153666  -0.00000000
  0.00309503  -0.00065867     0.00788508  -0.00000000     0.00316009  -0.00180073
 -0.00410754   0.00000000    -0.00309503  -0.00065867    -0.00650540  -0.00350447
    8    5
  0.00786996   0.00555589    -0.00011652  -0.00051541    -0.00006175  -0.00047778
 -0.00279986   0.00276250    -0.00624419  -0.01383974     0.00011652   0.00051541
  0.00350499  -0.00130342     0.00279986  -0.00276250     0.00786996   0.00555589
    8    6
  0.00292317   0.00599303     0.00163661   0.00412238    -0.00163661  -0.00412238
 -0.00072852  -0.00197354    -0.00171408  -0.00837565     0.00219784   0.00233463
  0.00072852   0.00197354     0.00219784   0.00233463    -0.00171408  -0.00837565
    8    7
 -0.01128055  -0.00118282     0.00055020  -0.00416262    -0.00055020   0.00416262
 -0.00091694   0.00227853     0.00805559   0.00497588    -0.00189893  -0.00226934
  0.00091694  -0.00227853    -0.00189893  -0.00226934     0.00805559   0.00497588
    8    8
  0.02382668  -0.00000000    -0.00126253   0.00147751     0.00126253  -0.00147751
 -0.00126253  -0.00147751     0.02882663   0.00000000    -0.00300062   0.00000000
  0.00126253   0.00147751    -0.00300062   0.00000000     0.02882663   0.00000000
    8    9
 -0.00388012   0.00160785     0.00243766   0.00287373    -0.00243766  -0.00287373
  0.00243766   0.00287373    -0.00088386  -0.00499246     0.00190327   0.00109961
 -0.00243766  -0.00287373     0.00190327   0.00109961    -0.00088386  -0.00499246
    8   10
 -0.00650540   0.00350447     0.00153666  -0.00000000     0.00316009   0.00180073
  0.00410754  -0.00000000    -0.00650540  -0.00350447    -0.00309503  -0.00065867
 -0.00309503   0.00065867     0.00316009  -0.00180073     0.00788508  -0.00000000
    8   11
  0.00786996   0.00555589     0.00006175   0.00047778     0.00011652   0.00051541
 -0.00350499   0.00130342     0.00786996   0.00555589     0.00279986  -0.00276250
  0.00279986  -0.00276250     0.00011652   0.00051541    -0.00624419  -0.01383974
    9    1
 -0.00985829   0.02466334    -0.01206326   0.00642780     0.01206326  -0.00642780
 -0.01222923   0.00130868    -0.01991964  -0.01162637    -0.00672796   0.00654988
  0.01222923  -0.00130868    -0.00672796   0.00654988    -0.01991964  -0.01162637
    9    2
 -0.00418580   0.00157853     0.00577681   0.00566096    -0.00577681  -0.00566096
  0.00388462  -0.00402635    -0.00212333  -0.00441894     0.00899634   0.00111331
 -0.00388462   0.00402635     0.00899634   0.00111331    -0.00212333  -0.00441894
    9    3
  0.00061030  -0.00291936    -0.00397716  -0.00374841     0.00397716   0.00374841
  0.00184799   0.00267792    -0.00106655   0.00139555    -0.00406449   0.00013682
 -0.00184799  -0.00267792    -0.00406449   0.00013682    -0.00106655   0.00139555
    9    4
  0.00786996  -0.00555589    -0.00011652   0.00051541    -0.00006175   0.00047778
 -0.00279986  -0.00276250    -0.00624419   0.01383974     0.00011652  -0.00051541
  0.00350499   0.00130342     0.00279986   0.00276250     0.00786996  -0.00555589
    9    5
 -0.00650540  -0.00350447    -0.00316009   0.00180073    -0.00153666   0.00000000
  0.00309503   0.00065867     0.00788508   0.00000000     0.00316009   0.00180073
 -0.00410754   0.00000000    -0.00309503   0.00065867    -0.00650540   0.00350447
    9    6
 -0.01128055   0.00118282     0.00055020   0.00416262    -0.00055020  -0.00416262
 -0.00091694  -0.00227853     0.00805559  -0.00497588    -0.00189893   0.00226934
  0.00091694   0.00227853    -0.00189893   0.00226934     0.00805559  -0.00497588
    9    7
  0.00292317  -0.00599303     0.00163661  -0.00412238    -0.00163661   0.00412238
 -0.00072852   0.00197354    -0.00171408   0.00837565     0.00219784  -0.00233463
  0.00072852  -0.00197354     0.00219784  -0.00233463    -0.00171408   0.00837565
    9    8
 -0.00388012  -0.00160785     0.00243766  -0.00287373    -0.00243766   0.00287373
  0.00243766  -0.00287373    -0.00088386   0.00499246     0.00190327  -0.00109961
 -0.00243766   0.00287373     0.00190327  -0.00109961    -0.00088386   0.00499246
    9    9
  0.02382668   0.00000000    -0.00126253  -0.00147751     0.00126253   0.00147751
 -0.00126253   0.00147751     0.02882663  -0.00000000    -0.00300062  -0.00000000
  0.00126253  -0.00147751    -0.00300062  -0.00000000     0.02882663  -0.00000000
    9   10
  0.00786996  -0.00555589     0.00006175  -0.00047778     0.00011652  -0.00051541
 -0.00350499  -0.00130342     0.00786996  -0.00555589     0.00279986   0.00276250
  0.00279986   0.00276250     0.00011652  -0.00051541    -0.00624419   0.01383974
    9   11
 -0.00650540  -0.00350447     0.00153666   0.00000000     0.00316009  -0.00180073
  0.00410754  -0.00000000    -0.00650540   0.00350447    -0.00309503   0.00065867
 -0.00309503  -0.00065867     0.00316009   0.00180073     0.00788508  -0.00000000
   10    1
 -0.01991964   0.01162637    -0.01222923  -0.00130868    -0.00672796  -0.00654988
 -0.01206326  -0.00642780    -0.00985829  -0.02466334     0.01206326   0.00642780
 -0.00672796  -0.00654988     0.01222923   0.00130868    -0.01991964   0.01162637
   10    2
 -0.00106655  -0.00139555     0.00184799  -0.00267792    -0.00406449  -0.00013682
 -0.00397716   0.00374841     0.00061030   0.00291936     0.00397716  -0.00374841
 -0.00406449  -0.00013682    -0.00184799   0.00267792    -0.00106655  -0.00139555
   10    3
 -0.00212333   0.00441894     0.00388462   0.00402635     0.00899634  -0.00111331
  0.00577681  -0.00566096    -0.00418580  -0.00157853    -0.00577681   0.00566096
  0.00899634  -0.00111331    -0.00388462  -0.00402635    -0.00212333   0.00441894
   10    4
  0.00788508  -0.00000000     0.00309503  -0.00065867     0.00316009  -0.00180073
 -0.00316009  -0.00180073    -0.00650540   0.00350447    -0.00153666  -0.00000000
 -0.00309503  -0.00065867    -0.00410754   0.00000000    -0.00650540  -0.00350447
   10    5
 -0.00624419  -0.01383974    -0.00279986   0.00276250     0.00011652   0.00051541
 -0.00011652  -0.00051541     0.00786996   0.00555589    -0.00006175  -0.00047778
  0.00279986  -0.00276250     0.00350499  -0.00130342     0.00786996   0.00555589
   10    6
 -0.00171408  -0.00837565    -0.00072852  -0.00197354     0.00219784   0.00233463
  0.00163661   0.00412238     0.00292317   0.00599303    -0.00163661  -0.00412238
  0.00219784   0.00233463     0.00072852   0.00197354    -0.00171408  -0.00837565
   10    7
  0.00805559   0.00497588    -0.00091694   0.00227853    -0.00189893  -0.00226934
  0.00055020  -0.00416262    -0.01128055  -0.00118282    -0.00055020   0.00416262
 -0.00189893  -0.00226934     0.00091694  -0.00227853     0.00805559   0.00497588
   10    8
 -0.00650540  -0.00350447     0.00410754  -0.00000000    -0.00309503  -0.00065867
  0.00153666  -0.00000000    -0.00650540   0.00350447     0.00316009   0.00180073
  0.00316009  -0.00180073    -0.00309503   0.00065867     0.00788508   0.00000000
   10    9
  0.00786996   0.00555589    -0.00350499   0.00130342     0.00279986  -0.00276250
  0.00006175   0.00047778     0.00786996   0.00555589     0.00011652   0.00051541
  0.00011652   0.00051541     0.00279986  -0.00276250    -0.00624419  -0.01383974
   10   10
  0.02882663   0.00000000    -0.00126253  -0.00147751    -0.00300062  -0.00000000
 -0.00126253   0.00147751     0.02382668  -0.00000000     0.00126253  -0.00147751
 -0.00300062  -0.00000000     0.00126253   0.00147751     0.02882663   0.00000000
   10   11
 -0.00088386  -0.00499246     0.00243766   0.00287373     0.00190327   0.00109961
  0.00243766   0.00287373    -0.00388012   0.00160785    -0.00243766  -0.00287373
  0.00190327   0.00109961    -0.00243766  -0.00287373    -0.00088386  -0.00499246
   11    1
 -0.01991964  -0.01162637    -0.01222923   0.00130868    -0.00672796   0.00654988
 -0.01206326   0.00642780    -0.00985829   0.02466334     0.01206326  -0.00642780
 -0.00672796   0.00654988     0.01222923  -0.00130868    -0.01991964  -0.01162637
   11    2
 -0.00212333  -0.00441894     0.00388462  -0.00402635     0.00899634   0.00111331
  0.00577681   0.00566096    -0.00418580   0.00157853    -0.00577681  -0.00566096
  0.00899634   0.00111331    -0.00388462   0.00402635    -0.00212333  -0.00441894
   11    3
 -0.00106655   0.00139555     0.00184799   0.00267792    -0.00406449   0.00013682
 -0.00397716  -0.00374841     0.00061030  -0.00291936     0.00397716   0.00374841
 -0.00406449   0.00013682    -0.00184799  -0.00267792    -0.00106655   0.00139555
   11    4
 -0.00624419   0.01383974    -0.00279986  -0.00276250     0.00011652  -0.00051541
 -0.00011652   0.00051541     0.00786996  -0.00555589    -0.00006175   0.00047778
  0.00279986   0.00276250     0.00350499   0.00130342     0.00786996  -0.00555589
   11    5
  0.00788508   0.00000000     0.00309503   0.00065867     0.00316009   0.00180073
 -0.00316009   0.00180073    -0.00650540  -0.00350447    -0.00153666   0.00000000
 -0.00309503   0.00065867    -0.00410754  -0.00000000    -0.00650540   0.00350447
   11    6
  0.00805559  -0.00497588    -0.00091694  -0.00227853    -0.00189893   0.00226934
  0.00055020   0.00416262    -0.01128055   0.00118282    -0.00055020  -0.00416262
 -0.00189893   0.00226934     0.00091694   0.00227853     0.00805559  -0.00497588
   11    7
 -0.00171408   0.00837565    -0.00072852   0.00197354     0.00219784  -0.00233463
  0.00163661  -0.00412238     0.00292317  -0.00599303    -0.00163661   0.00412238
  0.00219784  -0.00233463     0.00072852  -0.00197354    -0.00171408   0.00837565
   11    8
  0.00786996  -0.00555589    -0.00350499  -0.00130342     0.00279986   0.00276250
  0.00006175  -0.00047778     0.00786996  -0.00555589     0.00011652  -0.00051541
  0.00011652  -0.00051541     0.00279986   0.00276250    -0.00624419   0.01383974
   11    9
 -0.00650540   0.00350447     0.00410754   0.00000000    -0.00309503   0.00065867
  0.00153666   0.00000000    -0.00650540  -0.00350447     0.00316009  -0.00180073
  0.00316009   0.00180073    -0.00309503  -0.00065867     0.00788508  -0.00000000
   11   10
 -0.00088386   0.00499246     0.00243766  -0.00287373     0.00190327  -0.00109961
  0.00243766  -0.00287373    -0.00388012  -0.00160785    -0.00243766   0.00287373
  0.00190327  -0.00109961    -0.00243766   0.00287373    -0.00088386   0.00499246
   11   11
  0.02882663  -0.00000000    -0.00126253   0.00147751    -0.00300062   0.00000000
 -0.00126253  -0.00147751     0.02382668   0.00000000     0.00126253   0.00147751
 -0.00300062   0.00000000     0.00126253  -0.00147751     0.02882663  -0.00000000

     Dynamical  Matrix in cartesian axes

     q = (    0.117851130  -0.117851130  -0.117851130 ) 

    1    1
  0.18777863   0.00000000    -0.05957171   0.00000000    -0.05957171   0.00000000
 -0.05957171   0.00000000     0.18777863   0.00000000     0.05957171   0.00000000
 -0.05957171   0.00000000     0.05957171   0.00000000     0.18777863   0.00000000
    1    2
  0.00565448   0.01253348    -0.01695197  -0.01325258    -0.01695197  -0.01325258
 -0.01695197  -0.01325258     0.00565448   0.01253348     0.01695197   0.01325258
 -0.01695197  -0.01325258     0.01695197   0.01325258     0.00565448   0.01253348
    1    3
  0.00565448  -0.01253348    -0.01695197   0.01325258    -0.01695197   0.01325258
 -0.01695197   0.01325258     0.00565448  -0.01253348     0.01695197  -0.01325258
 -0.01695197   0.01325258     0.01695197  -0.01325258     0.00565448  -0.01253348
    1    4
 -0.00985829  -0.02466334     0.01222923   0.00130868     0.01222923   0.00130868
  0.01206326   0.00642780    -0.01991964   0.01162637     0.00672796   0.00654988
  0.01206326   0.00642780     0.00672796   0.00654988    -0.01991964   0.01162637
    1    5
 -0.00985829   0.02466334     0.01222923  -0.00130868     0.01222923  -0.00130868
  0.01206326  -0.00642780    -0.01991964  -0.01162637     0.00672796  -0.00654988
  0.01206326  -0.00642780     0.00672796  -0.00654988    -0.01991964  -0.01162637
    1    6
 -0.01991964   0.01162637     0.01206326   0.00642780    -0.00672796  -0.00654988
  0.01222923   0.00130868    -0.00985829  -0.02466334    -0.01222923  -0.00130868
 -0.00672796  -0.00654988    -0.01206326  -0.00642780    -0.01991964   0.01162637
    1    7
 -0.01991964  -0.01162637     0.01206326  -0.00642780    -0.00672796   0.00654988
  0.01222923  -0.00130868    -0.00985829   0.02466334    -0.01222923   0.00130868
 -0.00672796   0.00654988    -0.01206326   0.00642780    -0.01991964  -0.01162637
    1    8
 -0.01991964   0.01162637    -0.00672796  -0.00654988     0.01206326   0.00642780
 -0.00672796  -0.00654988    -0.01991964   0.01162637    -0.01206326  -0.00642780
  0.01222923   0.00130868    -0.01222923  -0.00130868    -0.00985829  -0.02466334
    1    9
 -0.01991964  -0.01162637    -0.00672796   0.00654988     0.01206326  -0.00642780
 -0.00672796   0.00654988    -0.01991964  -0.01162637    -0.01206326   0.00642780
  0.01222923  -0.00130868    -0.01222923   0.00130868    -0.00985829   0.02466334
    1   10
 -0.02240399  -0.00664580     0.00121474  -0.00879761     0.00121474  -0.00879761
  0.00121474  -0.00879761    -0.02240399  -0.00664580    -0.00121474   0.00879761
  0.00121474  -0.00879761    -0.00121474   0.00879761    -0.02240399  -0.00664580
    1   11
 -0.02240399   0.00664580     0.00121474   0.00879761     0.00121474   0.00879761
  0.00121474   0.00879761    -0.02240399   0.00664580    -0.00121474  -0.00879761
  0.00121474   0.00879761    -0.00121474  -0.00879761    -0.02240399   0.00664580
    2    1
  0.00565448  -0.01253348    -0.01695197   0.01325258    -0.01695197   0.01325258
 -0.01695197   0.01325258     0.00565448  -0.01253348     0.01695197  -0.01325258
 -0.01695197   0.01325258     0.01695197  -0.01325258     0.00565448  -0.01253348
    2    2
  0.04020217   0.00000000    -0.01389525   0.00000000    -0.01389525   0.00000000
 -0.01389525   0.00000000     0.04020217   0.00000000     0.01389525  -0.00000000
 -0.01389525   0.00000000     0.01389525  -0.00000000     0.04020217   0.00000000
    2    3
 -0.01718039  -0.00863807     0.00506352   0.00287808     0.00506352   0.00287808
  0.00506352   0.00287808    -0.01718039  -0.00863807    -0.00506352  -0.00287808
  0.00506352   0.00287808    -0.00506352  -0.00287808    -0.01718039  -0.00863807
    2    4
  0.00061030   0.00291936    -0.00184799   0.00267792    -0.00184799   0.00267792
  0.00397716  -0.00374841    -0.00106655  -0.00139555     0.00406449   0.00013682
  0.00397716  -0.00374841     0.00406449   0.00013682    -0.00106655  -0.00139555
    2    5
 -0.00418580   0.00157853    -0.00388462   0.00402635    -0.00388462   0.00402635
 -0.00577681  -0.00566096    -0.00212333  -0.00441894    -0.00899634  -0.00111331
 -0.00577681  -0.00566096    -0.00899634  -0.00111331    -0.00212333  -0.00441894
    2    6
 -0.00106655  -0.00139555     0.00397716  -0.00374841    -0.00406449  -0.00013682
 -0.00184799   0.00267792     0.00061030   0.00291936     0.00184799  -0.00267792
 -0.00406449  -0.00013682    -0.00397716   0.00374841    -0.00106655  -0.00139555
    2    7
 -0.00212333  -0.00441894    -0.00577681  -0.00566096     0.00899634   0.00111331
 -0.00388462   0.00402635    -0.00418580   0.00157853     0.00388462  -0.00402635
  0.00899634   0.00111331     0.00577681   0.00566096    -0.00212333  -0.00441894
    2    8
 -0.00106655  -0.00139555    -0.00406449  -0.00013682     0.00397716  -0.00374841
 -0.00406449  -0.00013682    -0.00106655  -0.00139555    -0.00397716   0.00374841
 -0.00184799   0.00267792     0.00184799  -0.00267792     0.00061030   0.00291936
    2    9
 -0.00212333  -0.00441894     0.00899634   0.00111331    -0.00577681  -0.00566096
  0.00899634   0.00111331    -0.00212333  -0.00441894     0.00577681   0.00566096
 -0.00388462   0.00402635     0.00388462  -0.00402635    -0.00418580   0.00157853
    2   10
  0.00641426   0.00126990    -0.00867426  -0.00179405    -0.00867426  -0.00179405
 -0.00867426  -0.00179405     0.00641426   0.00126990     0.00867426   0.00179405
 -0.00867426  -0.00179405     0.00867426   0.00179405     0.00641426   0.00126990
    2   11
 -0.01329470  -0.00144835     0.01753647   0.00274029     0.01753647   0.00274029
  0.01753647   0.00274029    -0.01329470  -0.00144835    -0.01753647  -0.00274029
  0.01753647   0.00274029    -0.01753647  -0.00274029    -0.01329470  -0.00144835
    3    1
  0.00565448   0.01253348    -0.01695197  -0.01325258    -0.01695197  -0.01325258
 -0.01695197  -0.01325258     0.00565448   0.01253348     0.01695197   0.01325258
 -0.01695197  -0.01325258     0.01695197   0.01325258     0.00565448   0.01253348
    3    2
 -0.01718039   0.00863807     0.00506352  -0.00287808     0.00506352  -0.00287808
  0.00506352  -0.00287808    -0.01718039   0.00863807    -0.00506352   0.00287808
  0.00506352  -0.00287808    -0.00506352   0.00287808    -0.01718039   0.00863807
    3    3
  0.04020217  -0.00000000    -0.01389525  -0.00000000    -0.01389525  -0.00000000
 -0.01389525  -0.00000000     0.04020217  -0.00000000     0.01389525   0.00000000
 -0.01389525  -0.00000000     0.01389525   0.00000000     0.04020217  -0.00000000
    3    4
 -0.00418580  -0.00157853    -0.00388462  -0.00402635    -0.00388462  -0.00402635
 -0.00577681   0.00566096    -0.00212333   0.00441894    -0.00899634   0.00111331
 -0.00577681   0.00566096    -0.00899634   0.00111331    -0.00212333   0.00441894
    3    5
  0.00061030  -0.00291936    -0.00184799  -0.00267792    -0.00184799  -0.00267792
  0.00397716   0.00374841    -0.00106655   0.00139555     0.00406449  -0.00013682
  0.00397716   0.00374841     0.00406449  -0.00013682    -0.00106655   0.00139555
    3    6
 -0.00212333   0.00441894    -0.00577681   0.00566096     0.00899634  -0.00111331
 -0.00388462  -0.00402635    -0.00418580  -0.00157853     0.00388462   0.00402635
  0.00899634  -0.00111331     0.00577681  -0.00566096    -0.00212333   0.00441894
    3    7
 -0.00106655   0.00139555     0.00397716   0.00374841    -0.00406449   0.00013682
 -0.00184799  -0.00267792     0.00061030  -0.00291936     0.00184799   0.00267792
 -0.00406449   0.00013682    -0.00397716  -0.00374841    -0.00106655   0.00139555
    3    8
 -0.00212333   0.00441894     0.00899634  -0.00111331    -0.00577681   0.00566096
  0.00899634  -0.00111331    -0.00212333   0.00441894     0.00577681  -0.00566096
 -0.00388462  -0.00402635     0.00388462   0.00402635    -0.00418580  -0.00157853
    3    9
 -0.00106655   0.00139555    -0.00406449   0.00013682     0.00397716   0.00374841
 -0.00406449   0.00013682    -0.00106655   0.00139555    -0.00397716  -0.00374841
 -0.00184799  -0.00267792     0.00184799   0.00267792     0.00061030  -0.00291936
    3   10
 -0.01329470   0.00144835     0.01753647  -0.00274029     0.01753647  -0.00274029
  0.01753647  -0.00274029    -0.01329470   0.00144835    -0.01753647   0.00274029
  0.01753647  -0.00274029    -0.01753647   0.00274029    -0.01329470   0.00144835
    3   11
  0.00641426  -0.00126990    -0.00867426   0.00179405    -0.00867426   0.00179405
 -0.00867426   0.00179405     0.00641426  -0.00126990     0.00867426  -0.00179405
 -0.00867426   0.00179405     0.00867426  -0.00179405     0.00641426  -0.00126990
    4    1
 -0.00985829   0.02466334     0.01206326  -0.00642780     0.01206326  -0.00642780
