  5.000000000000000E-002   1.62369118239129        5.56045126041087     
           4

     Dynamical  Matrix in cartesian axes

     q = (   -0.353553391  -0.353553391   0.353553391 ) 

    1    1
  0.05884504   0.00000000     0.00392999   0.00000000    -0.00392999   0.00000000
  0.00392999   0.00000000     0.05884504   0.00000000    -0.00392999   0.00000000
 -0.00392999   0.00000000    -0.00392999   0.00000000     0.05884504   0.00000000
    1    2
  0.00367003   0.00000000     0.00675391   0.00000000    -0.00675391   0.00000000
  0.00675391   0.00000000     0.00367003   0.00000000    -0.00675391   0.00000000
 -0.00675391   0.00000000    -0.00675391   0.00000000     0.00367003   0.00000000
    1    3
  0.00367003   0.00000000     0.00675391   0.00000000    -0.00675391   0.00000000
  0.00675391   0.00000000     0.00367003   0.00000000    -0.00675391   0.00000000
 -0.00675391   0.00000000    -0.00675391   0.00000000     0.00367003   0.00000000
    1    4
 -0.00972906   0.00000000     0.00355113  -0.00000000    -0.00106454   0.00000000
  0.00355113  -0.00000000    -0.00972906   0.00000000    -0.00106454   0.00000000
  0.00093918  -0.00000000     0.00093918  -0.00000000     0.00556928  -0.00000000
    1    5
 -0.00972906   0.00000000     0.00355113  -0.00000000    -0.00106454   0.00000000
  0.00355113  -0.00000000    -0.00972906   0.00000000    -0.00106454   0.00000000
  0.00093918  -0.00000000     0.00093918  -0.00000000     0.00556928  -0.00000000
    1    6
 -0.01081752   0.00000000    -0.00198556   0.00000000     0.00198556  -0.00000000
 -0.00198556   0.00000000    -0.01081752   0.00000000     0.00198556  -0.00000000
  0.00198556  -0.00000000     0.00198556  -0.00000000    -0.01081752   0.00000000
    1    7
 -0.01081752   0.00000000    -0.00198556   0.00000000     0.00198556  -0.00000000
 -0.00198556   0.00000000    -0.01081752   0.00000000     0.00198556  -0.00000000
  0.00198556  -0.00000000     0.00198556  -0.00000000    -0.01081752   0.00000000
    1    8
  0.00556928  -0.00000000    -0.00093918   0.00000000     0.00093918  -0.00000000
  0.00106454  -0.00000000    -0.00972906   0.00000000    -0.00355113   0.00000000
 -0.00106454   0.00000000    -0.00355113   0.00000000    -0.00972906   0.00000000
    1    9
  0.00556928  -0.00000000    -0.00093918   0.00000000     0.00093918  -0.00000000
  0.00106454  -0.00000000    -0.00972906   0.00000000    -0.00355113   0.00000000
 -0.00106454   0.00000000    -0.00355113   0.00000000    -0.00972906   0.00000000
    1   10
 -0.00972906   0.00000000     0.00106454  -0.00000000    -0.00355113   0.00000000
 -0.00093918   0.00000000     0.00556928  -0.00000000     0.00093918  -0.00000000
 -0.00355113   0.00000000    -0.00106454   0.00000000    -0.00972906   0.00000000
    1   11
 -0.00972906   0.00000000     0.00106454  -0.00000000    -0.00355113   0.00000000
 -0.00093918   0.00000000     0.00556928  -0.00000000     0.00093918  -0.00000000
 -0.00355113   0.00000000    -0.00106454   0.00000000    -0.00972906   0.00000000
    2    1
  0.00367003   0.00000000     0.00675391   0.00000000    -0.00675391   0.00000000
  0.00675391   0.00000000     0.00367003   0.00000000    -0.00675391   0.00000000
 -0.00675391   0.00000000    -0.00675391   0.00000000     0.00367003   0.00000000
    2    2
  0.02104460   0.00000000     0.00385615   0.00000000    -0.00385615   0.00000000
  0.00385615   0.00000000     0.02104460   0.00000000    -0.00385615   0.00000000
 -0.00385615   0.00000000    -0.00385615   0.00000000     0.02104460   0.00000000
    2    3
 -0.00734172   0.00000000    -0.00037430   0.00000000     0.00037430   0.00000000
 -0.00037430   0.00000000    -0.00734172   0.00000000     0.00037430   0.00000000
  0.00037430   0.00000000     0.00037430   0.00000000    -0.00734172   0.00000000
    2    4
 -0.00185599   0.00000000     0.00098132  -0.00000000     0.00133222  -0.00000000
  0.00098132  -0.00000000    -0.00185599   0.00000000     0.00133222  -0.00000000
  0.00379244  -0.00000000     0.00379244  -0.00000000     0.00048573  -0.00000000
    2    5
 -0.00426470   0.00000000    -0.00374795   0.00000000    -0.00358911   0.00000000
 -0.00374795   0.00000000    -0.00426470   0.00000000    -0.00358911   0.00000000
 -0.00596085   0.00000000    -0.00596085   0.00000000     0.00004005  -0.00000000
    2    6
  0.00114027  -0.00000000     0.00127403  -0.00000000    -0.00127403   0.00000000
  0.00127403  -0.00000000     0.00114027  -0.00000000    -0.00127403   0.00000000
 -0.00127403   0.00000000    -0.00127403   0.00000000     0.00114027  -0.00000000
    2    7
 -0.00410965   0.00000000    -0.00569762   0.00000000     0.00569762  -0.00000000
 -0.00569762   0.00000000    -0.00410965   0.00000000     0.00569762  -0.00000000
  0.00569762  -0.00000000     0.00569762  -0.00000000    -0.00410965   0.00000000
    2    8
  0.00048573  -0.00000000    -0.00379244   0.00000000     0.00379244  -0.00000000
 -0.00133222   0.00000000    -0.00185599   0.00000000    -0.00098132   0.00000000
  0.00133222  -0.00000000    -0.00098132   0.00000000    -0.00185599   0.00000000
    2    9
  0.00004005  -0.00000000     0.00596085  -0.00000000    -0.00596085   0.00000000
  0.00358911  -0.00000000    -0.00426470   0.00000000     0.00374795  -0.00000000
 -0.00358911   0.00000000     0.00374795  -0.00000000    -0.00426470   0.00000000
    2   10
 -0.00185599   0.00000000    -0.00133222   0.00000000    -0.00098132   0.00000000
 -0.00379244   0.00000000     0.00048573  -0.00000000     0.00379244  -0.00000000
 -0.00098132   0.00000000     0.00133222  -0.00000000    -0.00185599   0.00000000
    2   11
 -0.00426470   0.00000000     0.00358911  -0.00000000     0.00374795  -0.00000000
  0.00596085  -0.00000000     0.00004005  -0.00000000    -0.00596085   0.00000000
  0.00374795  -0.00000000    -0.00358911   0.00000000    -0.00426470   0.00000000
    3    1
  0.00367003   0.00000000     0.00675391   0.00000000    -0.00675391   0.00000000
  0.00675391   0.00000000     0.00367003   0.00000000    -0.00675391   0.00000000
 -0.00675391   0.00000000    -0.00675391   0.00000000     0.00367003   0.00000000
    3    2
 -0.00734172   0.00000000    -0.00037430   0.00000000     0.00037430   0.00000000
 -0.00037430   0.00000000    -0.00734172   0.00000000     0.00037430   0.00000000
  0.00037430   0.00000000     0.00037430   0.00000000    -0.00734172   0.00000000
    3    3
  0.02104460   0.00000000     0.00385615   0.00000000    -0.00385615   0.00000000
  0.00385615   0.00000000     0.02104460   0.00000000    -0.00385615   0.00000000
 -0.00385615   0.00000000    -0.00385615   0.00000000     0.02104460   0.00000000
    3    4
 -0.00426470   0.00000000    -0.00374795   0.00000000    -0.00358911   0.00000000
 -0.00374795   0.00000000    -0.00426470   0.00000000    -0.00358911   0.00000000
 -0.00596085   0.00000000    -0.00596085   0.00000000     0.00004005  -0.00000000
    3    5
 -0.00185599   0.00000000     0.00098132  -0.00000000     0.00133222  -0.00000000
  0.00098132  -0.00000000    -0.00185599   0.00000000     0.00133222  -0.00000000
  0.00379244  -0.00000000     0.00379244  -0.00000000     0.00048573  -0.00000000
    3    6
 -0.00410965   0.00000000    -0.00569762   0.00000000     0.00569762  -0.00000000
 -0.00569762   0.00000000    -0.00410965   0.00000000     0.00569762  -0.00000000
  0.00569762  -0.00000000     0.00569762  -0.00000000    -0.00410965   0.00000000
    3    7
  0.00114027  -0.00000000     0.00127403  -0.00000000    -0.00127403   0.00000000
  0.00127403  -0.00000000     0.00114027  -0.00000000    -0.00127403   0.00000000
 -0.00127403   0.00000000    -0.00127403   0.00000000     0.00114027  -0.00000000
    3    8
  0.00004005  -0.00000000     0.00596085  -0.00000000    -0.00596085   0.00000000
  0.00358911  -0.00000000    -0.00426470   0.00000000     0.00374795  -0.00000000
 -0.00358911   0.00000000     0.00374795  -0.00000000    -0.00426470   0.00000000
    3    9
  0.00048573  -0.00000000    -0.00379244   0.00000000     0.00379244  -0.00000000
 -0.00133222   0.00000000    -0.00185599   0.00000000    -0.00098132   0.00000000
  0.00133222  -0.00000000    -0.00098132   0.00000000    -0.00185599   0.00000000
    3   10
 -0.00426470   0.00000000     0.00358911  -0.00000000     0.00374795  -0.00000000
  0.00596085  -0.00000000     0.00004005  -0.00000000    -0.00596085   0.00000000
  0.00374795  -0.00000000    -0.00358911   0.00000000    -0.00426470   0.00000000
    3   11
 -0.00185599   0.00000000    -0.00133222   0.00000000    -0.00098132   0.00000000
 -0.00379244   0.00000000     0.00048573  -0.00000000     0.00379244  -0.00000000
 -0.00098132   0.00000000     0.00133222  -0.00000000    -0.00185599   0.00000000
    4    1
 -0.00972906  -0.00000000     0.00355113   0.00000000     0.00093918   0.00000000
  0.00355113   0.00000000    -0.00972906  -0.00000000     0.00093918   0.00000000
 -0.00106454  -0.00000000    -0.00106454  -0.00000000     0.00556928   0.00000000
    4    2
 -0.00185599  -0.00000000     0.00098132   0.00000000     0.00379244   0.00000000
  0.00098132   0.00000000    -0.00185599  -0.00000000     0.00379244   0.00000000
  0.00133222   0.00000000     0.00133222   0.00000000     0.00048573   0.00000000
    4    3
 -0.00426470  -0.00000000    -0.00374795  -0.00000000    -0.00596085  -0.00000000
 -0.00374795  -0.00000000    -0.00426470  -0.00000000    -0.00596085  -0.00000000
 -0.00358911  -0.00000000    -0.00358911  -0.00000000     0.00004005   0.00000000
    4    4
  0.01612824   0.00000000     0.00131315   0.00000000    -0.00050883   0.00000000
  0.00131315   0.00000000     0.01612824   0.00000000    -0.00050883   0.00000000
 -0.00050883   0.00000000    -0.00050883   0.00000000     0.00794958   0.00000000
    4    5
  0.00096093   0.00000000    -0.00294337  -0.00000000    -0.00081270  -0.00000000
 -0.00294337  -0.00000000     0.00096093   0.00000000    -0.00081270  -0.00000000
 -0.00081270  -0.00000000    -0.00081270  -0.00000000     0.00197003   0.00000000
    4    6
  0.00055677  -0.00000000    -0.00134120   0.00000000    -0.00042401   0.00000000
 -0.00134120   0.00000000     0.00055677  -0.00000000    -0.00042401   0.00000000
 -0.00006064   0.00000000    -0.00006064   0.00000000    -0.00271063   0.00000000
    4    7
  0.00109687   0.00000000     0.00228427   0.00000000    -0.00022693  -0.00000000
  0.00228427   0.00000000     0.00109687   0.00000000    -0.00022693  -0.00000000
  0.00086214   0.00000000     0.00086214   0.00000000    -0.00377948  -0.00000000
    4    8
  0.00057037  -0.00000000    -0.00155935   0.00000000     0.00145297  -0.00000000
 -0.00007218   0.00000000     0.00280437  -0.00000000     0.00155935  -0.00000000
 -0.00102846   0.00000000     0.00007218  -0.00000000     0.00057037  -0.00000000
    4    9
 -0.00054632   0.00000000    -0.00226971   0.00000000     0.00245725  -0.00000000
  0.00001334  -0.00000000     0.00889033  -0.00000000     0.00226971  -0.00000000
  0.00034668  -0.00000000    -0.00001334   0.00000000    -0.00054632   0.00000000
    4   10
  0.00280437  -0.00000000    -0.00007218   0.00000000     0.00155935  -0.00000000
 -0.00155935   0.00000000     0.00057037  -0.00000000     0.00145297  -0.00000000
  0.00007218  -0.00000000    -0.00102846   0.00000000     0.00057037  -0.00000000
    4   11
  0.00889033  -0.00000000     0.00001334  -0.00000000     0.00226971  -0.00000000
 -0.00226971   0.00000000    -0.00054632   0.00000000     0.00245725  -0.00000000
 -0.00001334   0.00000000     0.00034668  -0.00000000    -0.00054632   0.00000000
    5    1
 -0.00972906  -0.00000000     0.00355113   0.00000000     0.00093918   0.00000000
  0.00355113   0.00000000    -0.00972906  -0.00000000     0.00093918   0.00000000
 -0.00106454  -0.00000000    -0.00106454  -0.00000000     0.00556928   0.00000000
    5    2
 -0.00426470  -0.00000000    -0.00374795  -0.00000000    -0.00596085  -0.00000000
 -0.00374795  -0.00000000    -0.00426470  -0.00000000    -0.00596085  -0.00000000
 -0.00358911  -0.00000000    -0.00358911  -0.00000000     0.00004005   0.00000000
    5    3
 -0.00185599  -0.00000000     0.00098132   0.00000000     0.00379244   0.00000000
  0.00098132   0.00000000    -0.00185599  -0.00000000     0.00379244   0.00000000
  0.00133222   0.00000000     0.00133222   0.00000000     0.00048573   0.00000000
    5    4
  0.00096093  -0.00000000    -0.00294337   0.00000000    -0.00081270   0.00000000
 -0.00294337   0.00000000     0.00096093  -0.00000000    -0.00081270   0.00000000
 -0.00081270   0.00000000    -0.00081270   0.00000000     0.00197003  -0.00000000
    5    5
  0.01612824   0.00000000     0.00131315   0.00000000    -0.00050883   0.00000000
  0.00131315   0.00000000     0.01612824   0.00000000    -0.00050883   0.00000000
 -0.00050883   0.00000000    -0.00050883   0.00000000     0.00794958   0.00000000
    5    6
  0.00109687  -0.00000000     0.00228427  -0.00000000    -0.00022693   0.00000000
  0.00228427  -0.00000000     0.00109687  -0.00000000    -0.00022693   0.00000000
  0.00086214  -0.00000000     0.00086214  -0.00000000    -0.00377948   0.00000000
    5    7
  0.00055677  -0.00000000    -0.00134120   0.00000000    -0.00042401   0.00000000
 -0.00134120   0.00000000     0.00055677  -0.00000000    -0.00042401   0.00000000
 -0.00006064   0.00000000    -0.00006064   0.00000000    -0.00271063   0.00000000
    5    8
 -0.00054632   0.00000000    -0.00226971   0.00000000     0.00245725   0.00000000
  0.00001334   0.00000000     0.00889033   0.00000000     0.00226971   0.00000000
  0.00034668   0.00000000    -0.00001334   0.00000000    -0.00054632   0.00000000
    5    9
  0.00057037  -0.00000000    -0.00155935   0.00000000     0.00145297  -0.00000000
 -0.00007218   0.00000000     0.00280437  -0.00000000     0.00155935  -0.00000000
 -0.00102846   0.00000000     0.00007218  -0.00000000     0.00057037  -0.00000000
    5   10
  0.00889033  -0.00000000     0.00001334  -0.00000000     0.00226971  -0.00000000
 -0.00226971   0.00000000    -0.00054632   0.00000000     0.00245725  -0.00000000
 -0.00001334  -0.00000000     0.00034668  -0.00000000    -0.00054632   0.00000000
    5   11
  0.00280437  -0.00000000    -0.00007218   0.00000000     0.00155935  -0.00000000
 -0.00155935   0.00000000     0.00057037  -0.00000000     0.00145297  -0.00000000
  0.00007218  -0.00000000    -0.00102846   0.00000000     0.00057037  -0.00000000
    6    1
 -0.01081752  -0.00000000    -0.00198556  -0.00000000     0.00198556   0.00000000
 -0.00198556  -0.00000000    -0.01081752  -0.00000000     0.00198556   0.00000000
  0.00198556   0.00000000     0.00198556   0.00000000    -0.01081752  -0.00000000
    6    2
  0.00114027   0.00000000     0.00127403   0.00000000    -0.00127403  -0.00000000
  0.00127403   0.00000000     0.00114027   0.00000000    -0.00127403  -0.00000000
 -0.00127403  -0.00000000    -0.00127403  -0.00000000     0.00114027   0.00000000
    6    3
 -0.00410965  -0.00000000    -0.00569762  -0.00000000     0.00569762   0.00000000
 -0.00569762  -0.00000000    -0.00410965  -0.00000000     0.00569762   0.00000000
  0.00569762   0.00000000     0.00569762   0.00000000    -0.00410965  -0.00000000
    6    4
  0.00055677   0.00000000    -0.00134120  -0.00000000    -0.00006064  -0.00000000
 -0.00134120  -0.00000000     0.00055677   0.00000000    -0.00006064  -0.00000000
 -0.00042401  -0.00000000    -0.00042401  -0.00000000    -0.00271063  -0.00000000
    6    5
  0.00109687   0.00000000     0.00228427   0.00000000     0.00086214   0.00000000
  0.00228427   0.00000000     0.00109687   0.00000000     0.00086214   0.00000000
 -0.00022693  -0.00000000    -0.00022693  -0.00000000    -0.00377948  -0.00000000
    6    6
  0.01483792   0.00000000     0.00318719   0.00000000    -0.00318719   0.00000000
  0.00318719   0.00000000     0.01483792   0.00000000    -0.00318719   0.00000000
 -0.00318719   0.00000000    -0.00318719   0.00000000     0.01483792   0.00000000
    6    7
 -0.00423692   0.00000000    -0.00091196   0.00000000     0.00091196  -0.00000000
 -0.00091196   0.00000000    -0.00423692   0.00000000     0.00091196  -0.00000000
  0.00091196  -0.00000000     0.00091196  -0.00000000    -0.00423692   0.00000000
    6    8
 -0.00271063  -0.00000000     0.00042401   0.00000000    -0.00042401  -0.00000000
  0.00006064   0.00000000     0.00055677   0.00000000     0.00134120   0.00000000
 -0.00006064  -0.00000000     0.00134120   0.00000000     0.00055677   0.00000000
    6    9
 -0.00377948   0.00000000     0.00022693  -0.00000000    -0.00022693   0.00000000
 -0.00086214   0.00000000     0.00109687  -0.00000000    -0.00228427   0.00000000
  0.00086214  -0.00000000    -0.00228427   0.00000000     0.00109687  -0.00000000
    6   10
  0.00055677  -0.00000000     0.00006064  -0.00000000     0.00134120   0.00000000
  0.00042401   0.00000000    -0.00271063  -0.00000000    -0.00042401  -0.00000000
  0.00134120   0.00000000    -0.00006064  -0.00000000     0.00055677  -0.00000000
    6   11
  0.00109687   0.00000000    -0.00086214  -0.00000000    -0.00228427  -0.00000000
  0.00022693  -0.00000000    -0.00377948  -0.00000000    -0.00022693  -0.00000000
 -0.00228427  -0.00000000     0.00086214   0.00000000     0.00109687   0.00000000
    7    1
 -0.01081752  -0.00000000    -0.00198556  -0.00000000     0.00198556   0.00000000
 -0.00198556  -0.00000000    -0.01081752  -0.00000000     0.00198556   0.00000000
  0.00198556   0.00000000     0.00198556   0.00000000    -0.01081752  -0.00000000
    7    2
 -0.00410965  -0.00000000    -0.00569762  -0.00000000     0.00569762   0.00000000
 -0.00569762  -0.00000000    -0.00410965  -0.00000000     0.00569762   0.00000000
  0.00569762   0.00000000     0.00569762   0.00000000    -0.00410965  -0.00000000
    7    3
  0.00114027   0.00000000     0.00127403   0.00000000    -0.00127403  -0.00000000
  0.00127403   0.00000000     0.00114027   0.00000000    -0.00127403  -0.00000000
 -0.00127403  -0.00000000    -0.00127403  -0.00000000     0.00114027   0.00000000
    7    4
  0.00109687  -0.00000000     0.00228427  -0.00000000     0.00086214  -0.00000000
  0.00228427  -0.00000000     0.00109687  -0.00000000     0.00086214  -0.00000000
 -0.00022693   0.00000000    -0.00022693   0.00000000    -0.00377948   0.00000000
    7    5
  0.00055677   0.00000000    -0.00134120  -0.00000000    -0.00006064  -0.00000000
 -0.00134120  -0.00000000     0.00055677   0.00000000    -0.00006064  -0.00000000
 -0.00042401  -0.00000000    -0.00042401  -0.00000000    -0.00271063  -0.00000000
    7    6
 -0.00423692  -0.00000000    -0.00091196  -0.00000000     0.00091196   0.00000000
 -0.00091196  -0.00000000    -0.00423692  -0.00000000     0.00091196   0.00000000
  0.00091196   0.00000000     0.00091196   0.00000000    -0.00423692  -0.00000000
    7    7
  0.01483792   0.00000000     0.00318719   0.00000000    -0.00318719   0.00000000
  0.00318719   0.00000000     0.01483792   0.00000000    -0.00318719   0.00000000
 -0.00318719   0.00000000    -0.00318719   0.00000000     0.01483792   0.00000000
    7    8
 -0.00377948   0.00000000     0.00022693  -0.00000000    -0.00022693  -0.00000000
 -0.00086214  -0.00000000     0.00109687   0.00000000    -0.00228427  -0.00000000
  0.00086214   0.00000000    -0.00228427   0.00000000     0.00109687   0.00000000
    7    9
 -0.00271063   0.00000000     0.00042401  -0.00000000    -0.00042401   0.00000000
  0.00006064  -0.00000000     0.00055677  -0.00000000     0.00134120  -0.00000000
 -0.00006064   0.00000000     0.00134120  -0.00000000     0.00055677  -0.00000000
    7   10
  0.00109687  -0.00000000    -0.00086214   0.00000000    -0.00228427   0.00000000
  0.00022693  -0.00000000    -0.00377948   0.00000000    -0.00022693   0.00000000
 -0.00228427   0.00000000     0.00086214  -0.00000000     0.00109687  -0.00000000
    7   11
  0.00055677   0.00000000     0.00006064   0.00000000     0.00134120   0.00000000
  0.00042401   0.00000000    -0.00271063  -0.00000000    -0.00042401  -0.00000000
  0.00134120   0.00000000    -0.00006064  -0.00000000     0.00055677   0.00000000
    8    1
  0.00556928   0.00000000     0.00106454   0.00000000    -0.00106454  -0.00000000
 -0.00093918  -0.00000000    -0.00972906  -0.00000000    -0.00355113  -0.00000000
  0.00093918   0.00000000    -0.00355113  -0.00000000    -0.00972906  -0.00000000
    8    2
  0.00048573   0.00000000    -0.00133222  -0.00000000     0.00133222   0.00000000
 -0.00379244  -0.00000000    -0.00185599  -0.00000000    -0.00098132  -0.00000000
  0.00379244   0.00000000    -0.00098132  -0.00000000    -0.00185599  -0.00000000
    8    3
  0.00004005   0.00000000     0.00358911   0.00000000    -0.00358911  -0.00000000
  0.00596085   0.00000000    -0.00426470  -0.00000000     0.00374795   0.00000000
 -0.00596085  -0.00000000     0.00374795   0.00000000    -0.00426470  -0.00000000
    8    4
  0.00057037   0.00000000    -0.00007218  -0.00000000    -0.00102846  -0.00000000
 -0.00155935  -0.00000000     0.00280437   0.00000000     0.00007218   0.00000000
  0.00145297   0.00000000     0.00155935   0.00000000     0.00057037   0.00000000
    8    5
 -0.00054632   0.00000000     0.00001334   0.00000000     0.00034668   0.00000000
 -0.00226971   0.00000000     0.00889033   0.00000000    -0.00001334   0.00000000
  0.00245725   0.00000000     0.00226971   0.00000000    -0.00054632   0.00000000
    8    6
 -0.00271063   0.00000000     0.00006064  -0.00000000    -0.00006064   0.00000000
  0.00042401  -0.00000000     0.00055677  -0.00000000     0.00134120  -0.00000000
 -0.00042401   0.00000000     0.00134120  -0.00000000     0.00055677  -0.00000000
    8    7
 -0.00377948  -0.00000000    -0.00086214   0.00000000     0.00086214  -0.00000000
  0.00022693   0.00000000     0.00109687  -0.00000000    -0.00228427  -0.00000000
 -0.00022693   0.00000000    -0.00228427   0.00000000     0.00109687  -0.00000000
    8    8
  0.00794958   0.00000000     0.00050883   0.00000000    -0.00050883   0.00000000
  0.00050883   0.00000000     0.01612824   0.00000000    -0.00131315   0.00000000
 -0.00050883   0.00000000    -0.00131315   0.00000000     0.01612824   0.00000000
    8    9
  0.00197003  -0.00000000     0.00081270  -0.00000000    -0.00081270   0.00000000
  0.00081270  -0.00000000     0.00096093  -0.00000000     0.00294337  -0.00000000
 -0.00081270   0.00000000     0.00294337  -0.00000000     0.00096093  -0.00000000
    8   10
  0.00057037  -0.00000000     0.00102846  -0.00000000     0.00007218  -0.00000000
 -0.00145297   0.00000000     0.00057037  -0.00000000     0.00155935  -0.00000000
  0.00155935  -0.00000000     0.00007218  -0.00000000     0.00280437  -0.00000000
    8   11
 -0.00054632  -0.00000000    -0.00034668  -0.00000000    -0.00001334  -0.00000000
 -0.00245725  -0.00000000    -0.00054632  -0.00000000     0.00226971   0.00000000
  0.00226971   0.00000000    -0.00001334  -0.00000000     0.00889033   0.00000000
    9    1
  0.00556928   0.00000000     0.00106454   0.00000000    -0.00106454  -0.00000000
 -0.00093918  -0.00000000    -0.00972906  -0.00000000    -0.00355113  -0.00000000
  0.00093918   0.00000000    -0.00355113  -0.00000000    -0.00972906  -0.00000000
    9    2
  0.00004005   0.00000000     0.00358911   0.00000000    -0.00358911  -0.00000000
  0.00596085   0.00000000    -0.00426470  -0.00000000     0.00374795   0.00000000
 -0.00596085  -0.00000000     0.00374795   0.00000000    -0.00426470  -0.00000000
    9    3
  0.00048573   0.00000000    -0.00133222  -0.00000000     0.00133222   0.00000000
 -0.00379244  -0.00000000    -0.00185599  -0.00000000    -0.00098132  -0.00000000
  0.00379244   0.00000000    -0.00098132  -0.00000000    -0.00185599  -0.00000000
    9    4
 -0.00054632  -0.00000000     0.00001334   0.00000000     0.00034668   0.00000000
 -0.00226971  -0.00000000     0.00889033   0.00000000    -0.00001334  -0.00000000
  0.00245725   0.00000000     0.00226971   0.00000000    -0.00054632  -0.00000000
    9    5
  0.00057037   0.00000000    -0.00007218  -0.00000000    -0.00102846  -0.00000000
 -0.00155935  -0.00000000     0.00280437   0.00000000     0.00007218   0.00000000
  0.00145297   0.00000000     0.00155935   0.00000000     0.00057037   0.00000000
    9    6
 -0.00377948  -0.00000000    -0.00086214  -0.00000000     0.00086214   0.00000000
  0.00022693   0.00000000     0.00109687   0.00000000    -0.00228427  -0.00000000
 -0.00022693  -0.00000000    -0.00228427  -0.00000000     0.00109687   0.00000000
    9    7
 -0.00271063  -0.00000000     0.00006064   0.00000000    -0.00006064  -0.00000000
  0.00042401   0.00000000     0.00055677   0.00000000     0.00134120   0.00000000
 -0.00042401  -0.00000000     0.00134120   0.00000000     0.00055677   0.00000000
    9    8
  0.00197003   0.00000000     0.00081270   0.00000000    -0.00081270  -0.00000000
  0.00081270   0.00000000     0.00096093   0.00000000     0.00294337   0.00000000
 -0.00081270  -0.00000000     0.00294337   0.00000000     0.00096093   0.00000000
    9    9
  0.00794958   0.00000000     0.00050883   0.00000000    -0.00050883   0.00000000
  0.00050883   0.00000000     0.01612824   0.00000000    -0.00131315   0.00000000
 -0.00050883   0.00000000    -0.00131315   0.00000000     0.01612824   0.00000000
    9   10
 -0.00054632  -0.00000000    -0.00034668  -0.00000000    -0.00001334  -0.00000000
 -0.00245725  -0.00000000    -0.00054632  -0.00000000     0.00226971   0.00000000
  0.00226971   0.00000000    -0.00001334  -0.00000000     0.00889033   0.00000000
    9   11
  0.00057037   0.00000000     0.00102846   0.00000000     0.00007218   0.00000000
 -0.00145297  -0.00000000     0.00057037   0.00000000     0.00155935   0.00000000
  0.00155935   0.00000000     0.00007218   0.00000000     0.00280437   0.00000000
   10    1
 -0.00972906  -0.00000000    -0.00093918  -0.00000000    -0.00355113  -0.00000000
  0.00106454   0.00000000     0.00556928   0.00000000    -0.00106454  -0.00000000
 -0.00355113  -0.00000000     0.00093918   0.00000000    -0.00972906  -0.00000000
   10    2
 -0.00185599  -0.00000000    -0.00379244  -0.00000000    -0.00098132  -0.00000000
 -0.00133222  -0.00000000     0.00048573   0.00000000     0.00133222   0.00000000
 -0.00098132  -0.00000000     0.00379244   0.00000000    -0.00185599  -0.00000000
   10    3
 -0.00426470  -0.00000000     0.00596085   0.00000000     0.00374795   0.00000000
  0.00358911   0.00000000     0.00004005   0.00000000    -0.00358911  -0.00000000
  0.00374795   0.00000000    -0.00596085  -0.00000000    -0.00426470  -0.00000000
   10    4
  0.00280437   0.00000000    -0.00155935  -0.00000000     0.00007218   0.00000000
 -0.00007218  -0.00000000     0.00057037   0.00000000    -0.00102846  -0.00000000
  0.00155935   0.00000000     0.00145297   0.00000000     0.00057037   0.00000000
   10    5
  0.00889033   0.00000000    -0.00226971  -0.00000000    -0.00001334   0.00000000
  0.00001334   0.00000000    -0.00054632  -0.00000000     0.00034668   0.00000000
  0.00226971   0.00000000     0.00245725   0.00000000    -0.00054632  -0.00000000
   10    6
  0.00055677   0.00000000     0.00042401  -0.00000000     0.00134120  -0.00000000
  0.00006064   0.00000000    -0.00271063   0.00000000    -0.00006064   0.00000000
  0.00134120  -0.00000000    -0.00042401   0.00000000     0.00055677   0.00000000
   10    7
  0.00109687   0.00000000     0.00022693   0.00000000    -0.00228427  -0.00000000
 -0.00086214  -0.00000000    -0.00377948  -0.00000000     0.00086214   0.00000000
 -0.00228427  -0.00000000    -0.00022693  -0.00000000     0.00109687   0.00000000
   10    8
  0.00057037   0.00000000    -0.00145297  -0.00000000     0.00155935   0.00000000
  0.00102846   0.00000000     0.00057037   0.00000000     0.00007218   0.00000000
  0.00007218   0.00000000     0.00155935   0.00000000     0.00280437   0.00000000
   10    9
 -0.00054632   0.00000000    -0.00245725   0.00000000     0.00226971  -0.00000000
 -0.00034668   0.00000000    -0.00054632   0.00000000    -0.00001334   0.00000000
 -0.00001334   0.00000000     0.00226971  -0.00000000     0.00889033  -0.00000000
   10   10
  0.01612824   0.00000000     0.00050883   0.00000000    -0.00131315   0.00000000
  0.00050883   0.00000000     0.00794958   0.00000000    -0.00050883   0.00000000
 -0.00131315   0.00000000    -0.00050883   0.00000000     0.01612824   0.00000000
   10   11
  0.00096093   0.00000000     0.00081270   0.00000000     0.00294337   0.00000000
  0.00081270   0.00000000     0.00197003   0.00000000    -0.00081270  -0.00000000
  0.00294337   0.00000000    -0.00081270  -0.00000000     0.00096093   0.00000000
   11    1
 -0.00972906  -0.00000000    -0.00093918  -0.00000000    -0.00355113  -0.00000000
  0.00106454   0.00000000     0.00556928   0.00000000    -0.00106454  -0.00000000
 -0.00355113  -0.00000000     0.00093918   0.00000000    -0.00972906  -0.00000000
   11    2
 -0.00426470  -0.00000000     0.00596085   0.00000000     0.00374795   0.00000000
  0.00358911   0.00000000     0.00004005   0.00000000    -0.00358911  -0.00000000
  0.00374795   0.00000000    -0.00596085  -0.00000000    -0.00426470  -0.00000000
   11    3
 -0.00185599  -0.00000000    -0.00379244  -0.00000000    -0.00098132  -0.00000000
 -0.00133222  -0.00000000     0.00048573   0.00000000     0.00133222   0.00000000
 -0.00098132  -0.00000000     0.00379244   0.00000000    -0.00185599  -0.00000000
   11    4
  0.00889033   0.00000000    -0.00226971  -0.00000000    -0.00001334  -0.00000000
  0.00001334   0.00000000    -0.00054632  -0.00000000     0.00034668   0.00000000
  0.00226971   0.00000000     0.00245725   0.00000000    -0.00054632  -0.00000000
   11    5
  0.00280437   0.00000000    -0.00155935  -0.00000000     0.00007218   0.00000000
 -0.00007218  -0.00000000     0.00057037   0.00000000    -0.00102846  -0.00000000
  0.00155935   0.00000000     0.00145297   0.00000000     0.00057037   0.00000000
   11    6
  0.00109687  -0.00000000     0.00022693   0.00000000    -0.00228427   0.00000000
 -0.00086214   0.00000000    -0.00377948   0.00000000     0.00086214  -0.00000000
 -0.00228427   0.00000000    -0.00022693   0.00000000     0.00109687  -0.00000000
   11    7
  0.00055677  -0.00000000     0.00042401  -0.00000000     0.00134120  -0.00000000
  0.00006064  -0.00000000    -0.00271063   0.00000000    -0.00006064   0.00000000
  0.00134120  -0.00000000    -0.00042401   0.00000000     0.00055677  -0.00000000
   11    8
 -0.00054632   0.00000000    -0.00245725   0.00000000     0.00226971  -0.00000000
 -0.00034668   0.00000000    -0.00054632   0.00000000    -0.00001334   0.00000000
 -0.00001334   0.00000000     0.00226971  -0.00000000     0.00889033  -0.00000000
   11    9
  0.00057037  -0.00000000    -0.00145297   0.00000000     0.00155935  -0.00000000
  0.00102846  -0.00000000     0.00057037  -0.00000000     0.00007218  -0.00000000
  0.00007218  -0.00000000     0.00155935  -0.00000000     0.00280437  -0.00000000
   11   10
  0.00096093  -0.00000000     0.00081270  -0.00000000     0.00294337  -0.00000000
  0.00081270  -0.00000000     0.00197003  -0.00000000    -0.00081270   0.00000000
  0.00294337  -0.00000000    -0.00081270   0.00000000     0.00096093  -0.00000000
   11   11
  0.01612824   0.00000000     0.00050883   0.00000000    -0.00131315   0.00000000
  0.00050883   0.00000000     0.00794958   0.00000000    -0.00050883   0.00000000
 -0.00131315   0.00000000    -0.00050883   0.00000000     0.01612824   0.00000000

     Dynamical  Matrix in cartesian axes

     q = (   -0.353553391   0.353553391   0.353553391 ) 

    1    1
  0.05884504   0.00000000    -0.00392999   0.00000000    -0.00392999   0.00000000
 -0.00392999   0.00000000     0.05884504   0.00000000     0.00392999   0.00000000
 -0.00392999   0.00000000     0.00392999   0.00000000     0.05884504   0.00000000
    1    2
  0.00367003   0.00000000    -0.00675391   0.00000000    -0.00675391   0.00000000
 -0.00675391   0.00000000     0.00367003   0.00000000     0.00675391   0.00000000
 -0.00675391   0.00000000     0.00675391   0.00000000     0.00367003   0.00000000
    1    3
  0.00367003   0.00000000    -0.00675391   0.00000000    -0.00675391   0.00000000
 -0.00675391   0.00000000     0.00367003   0.00000000     0.00675391   0.00000000
 -0.00675391   0.00000000     0.00675391   0.00000000     0.00367003   0.00000000
    1    4
  0.00556928   0.00000000     0.00093918   0.00000000     0.00093918   0.00000000
 -0.00106454  -0.00000000    -0.00972906  -0.00000000     0.00355113   0.00000000
 -0.00106454  -0.00000000     0.00355113   0.00000000    -0.00972906  -0.00000000
    1    5
  0.00556928   0.00000000     0.00093918   0.00000000     0.00093918   0.00000000
 -0.00106454  -0.00000000    -0.00972906  -0.00000000     0.00355113   0.00000000
 -0.00106454  -0.00000000     0.00355113   0.00000000    -0.00972906  -0.00000000
    1    6
 -0.00972906  -0.00000000    -0.00106454  -0.00000000    -0.00355113  -0.00000000
  0.00093918   0.00000000     0.00556928   0.00000000    -0.00093918  -0.00000000
 -0.00355113  -0.00000000     0.00106454   0.00000000    -0.00972906  -0.00000000
    1    7
 -0.00972906  -0.00000000    -0.00106454  -0.00000000    -0.00355113  -0.00000000
  0.00093918   0.00000000     0.00556928   0.00000000    -0.00093918  -0.00000000
 -0.00355113  -0.00000000     0.00106454   0.00000000    -0.00972906  -0.00000000
    1    8
 -0.00972906  -0.00000000    -0.00355113  -0.00000000    -0.00106454  -0.00000000
 -0.00355113  -0.00000000    -0.00972906  -0.00000000     0.00106454   0.00000000
  0.00093918   0.00000000    -0.00093918  -0.00000000     0.00556928   0.00000000
    1    9
 -0.00972906  -0.00000000    -0.00355113  -0.00000000    -0.00106454  -0.00000000
 -0.00355113  -0.00000000    -0.00972906  -0.00000000     0.00106454   0.00000000
  0.00093918   0.00000000    -0.00093918  -0.00000000     0.00556928   0.00000000
    1   10
 -0.01081752  -0.00000000     0.00198556   0.00000000     0.00198556   0.00000000
  0.00198556   0.00000000    -0.01081752  -0.00000000    -0.00198556  -0.00000000
  0.00198556   0.00000000    -0.00198556  -0.00000000    -0.01081752  -0.00000000
    1   11
 -0.01081752  -0.00000000     0.00198556   0.00000000     0.00198556   0.00000000
  0.00198556   0.00000000    -0.01081752  -0.00000000    -0.00198556  -0.00000000
  0.00198556   0.00000000    -0.00198556  -0.00000000    -0.01081752  -0.00000000
    2    1
  0.00367003   0.00000000    -0.00675391   0.00000000    -0.00675391   0.00000000
 -0.00675391   0.00000000     0.00367003   0.00000000     0.00675391   0.00000000
 -0.00675391   0.00000000     0.00675391   0.00000000     0.00367003   0.00000000
    2    2
  0.02104460   0.00000000    -0.00385615   0.00000000    -0.00385615   0.00000000
 -0.00385615   0.00000000     0.02104460   0.00000000     0.00385615   0.00000000
 -0.00385615   0.00000000     0.00385615   0.00000000     0.02104460   0.00000000
    2    3
 -0.00734172   0.00000000     0.00037430   0.00000000     0.00037430   0.00000000
  0.00037430   0.00000000    -0.00734172   0.00000000    -0.00037430   0.00000000
  0.00037430   0.00000000    -0.00037430   0.00000000    -0.00734172   0.00000000
    2    4
  0.00048573   0.00000000     0.00379244   0.00000000     0.00379244   0.00000000
  0.00133222   0.00000000    -0.00185599  -0.00000000     0.00098132   0.00000000
  0.00133222   0.00000000     0.00098132   0.00000000    -0.00185599  -0.00000000
    2    5
  0.00004005   0.00000000    -0.00596085  -0.00000000    -0.00596085  -0.00000000
 -0.00358911  -0.00000000    -0.00426470  -0.00000000    -0.00374795  -0.00000000
 -0.00358911  -0.00000000    -0.00374795  -0.00000000    -0.00426470  -0.00000000
    2    6
 -0.00185599  -0.00000000     0.00133222   0.00000000    -0.00098132  -0.00000000
  0.00379244   0.00000000     0.00048573   0.00000000    -0.00379244  -0.00000000
 -0.00098132  -0.00000000    -0.00133222  -0.00000000    -0.00185599  -0.00000000
    2    7
 -0.00426470  -0.00000000    -0.00358911  -0.00000000     0.00374795   0.00000000
 -0.00596085  -0.00000000     0.00004005   0.00000000     0.00596085   0.00000000
  0.00374795   0.00000000     0.00358911   0.00000000    -0.00426470  -0.00000000
    2    8
 -0.00185599  -0.00000000    -0.00098132  -0.00000000     0.00133222   0.00000000
 -0.00098132  -0.00000000    -0.00185599  -0.00000000    -0.00133222  -0.00000000
  0.00379244   0.00000000    -0.00379244  -0.00000000     0.00048573   0.00000000
    2    9
 -0.00426470  -0.00000000     0.00374795   0.00000000    -0.00358911  -0.00000000
  0.00374795   0.00000000    -0.00426470  -0.00000000     0.00358911   0.00000000
 -0.00596085  -0.00000000     0.00596085   0.00000000     0.00004005   0.00000000
    2   10
  0.00114027   0.00000000    -0.00127403  -0.00000000    -0.00127403  -0.00000000
 -0.00127403  -0.00000000     0.00114027   0.00000000     0.00127403   0.00000000
 -0.00127403  -0.00000000     0.00127403   0.00000000     0.00114027   0.00000000
    2   11
 -0.00410965  -0.00000000     0.00569762   0.00000000     0.00569762   0.00000000
  0.00569762   0.00000000    -0.00410965  -0.00000000    -0.00569762  -0.00000000
  0.00569762   0.00000000    -0.00569762  -0.00000000    -0.00410965  -0.00000000
    3    1
  0.00367003   0.00000000    -0.00675391   0.00000000    -0.00675391   0.00000000
 -0.00675391   0.00000000     0.00367003   0.00000000     0.00675391   0.00000000
 -0.00675391   0.00000000     0.00675391   0.00000000     0.00367003   0.00000000
    3    2
 -0.00734172   0.00000000     0.00037430   0.00000000     0.00037430   0.00000000
  0.00037430   0.00000000    -0.00734172   0.00000000    -0.00037430   0.00000000
  0.00037430   0.00000000    -0.00037430   0.00000000    -0.00734172   0.00000000
    3    3
  0.02104460   0.00000000    -0.00385615   0.00000000    -0.00385615   0.00000000
 -0.00385615   0.00000000     0.02104460   0.00000000     0.00385615   0.00000000
 -0.00385615   0.00000000     0.00385615   0.00000000     0.02104460   0.00000000
    3    4
  0.00004005   0.00000000    -0.00596085  -0.00000000    -0.00596085  -0.00000000
 -0.00358911  -0.00000000    -0.00426470  -0.00000000    -0.00374795  -0.00000000
 -0.00358911  -0.00000000    -0.00374795  -0.00000000    -0.00426470  -0.00000000
    3    5
  0.00048573   0.00000000     0.00379244   0.00000000     0.00379244   0.00000000
  0.00133222   0.00000000    -0.00185599  -0.00000000     0.00098132   0.00000000
  0.00133222   0.00000000     0.00098132   0.00000000    -0.00185599  -0.00000000
    3    6
 -0.00426470  -0.00000000    -0.00358911  -0.00000000     0.00374795   0.00000000
 -0.00596085  -0.00000000     0.00004005   0.00000000     0.00596085   0.00000000
  0.00374795   0.00000000     0.00358911   0.00000000    -0.00426470  -0.00000000
    3    7
 -0.00185599  -0.00000000     0.00133222   0.00000000    -0.00098132  -0.00000000
  0.00379244   0.00000000     0.00048573   0.00000000    -0.00379244  -0.00000000
 -0.00098132  -0.00000000    -0.00133222  -0.00000000    -0.00185599  -0.00000000
    3    8
 -0.00426470  -0.00000000     0.00374795   0.00000000    -0.00358911  -0.00000000
  0.00374795   0.00000000    -0.00426470  -0.00000000     0.00358911   0.00000000
 -0.00596085  -0.00000000     0.00596085   0.00000000     0.00004005   0.00000000
    3    9
 -0.00185599  -0.00000000    -0.00098132  -0.00000000     0.00133222   0.00000000
 -0.00098132  -0.00000000    -0.00185599  -0.00000000    -0.00133222  -0.00000000
  0.00379244   0.00000000    -0.00379244  -0.00000000     0.00048573   0.00000000
    3   10
 -0.00410965  -0.00000000     0.00569762   0.00000000     0.00569762   0.00000000
  0.00569762   0.00000000    -0.00410965  -0.00000000    -0.00569762  -0.00000000
  0.00569762   0.00000000    -0.00569762  -0.00000000    -0.00410965  -0.00000000
    3   11
  0.00114027   0.00000000    -0.00127403  -0.00000000    -0.00127403  -0.00000000
 -0.00127403  -0.00000000     0.00114027   0.00000000     0.00127403   0.00000000
 -0.00127403  -0.00000000     0.00127403   0.00000000     0.00114027   0.00000000
    4    1
  0.00556928  -0.00000000    -0.00106454   0.00000000    -0.00106454   0.00000000
