  1.000000000000000E-002   1.62564894158596        4.49115391218799     
           3

     Dynamical  Matrix in cartesian axes

     q = (   -0.707106781   0.000000000   0.000000000 ) 

    1    1
  0.15434499   0.00000000     0.00000000   0.00000000     0.00000000   0.00000000
  0.00000000   0.00000000     0.06461326   0.00000000     0.00000000   0.00000000
 -0.00000000   0.00000000     0.00000000   0.00000000     0.06461326   0.00000000
    1    2
  0.00000000  -0.00000000    -0.00000000   0.00000000     0.00000000  -0.00000000
  0.00000000  -0.00000000     0.00000000   0.00000000    -0.02644554  -0.00000000
  0.00000000  -0.00000000    -0.02644554  -0.00000000    -0.00000000   0.00000000
    1    3
 -0.00000000   0.00000000     0.00000000   0.00000000     0.00000000   0.00000000
  0.00000000  -0.00000000    -0.00000000  -0.00000000    -0.02644554   0.00000000
  0.00000000   0.00000000    -0.02644554   0.00000000    -0.00000000  -0.00000000
    1    4
 -0.00213017   0.00000000     0.01375874  -0.00000000     0.01375874  -0.00000000
 -0.00026640   0.00000000     0.00479874  -0.00000000     0.00835514  -0.00000000
 -0.00026640   0.00000000     0.00835514  -0.00000000     0.00479874  -0.00000000
    1    5
 -0.00213017   0.00000000     0.01375874  -0.00000000     0.01375874  -0.00000000
 -0.00026640   0.00000000     0.00479874  -0.00000000     0.00835514  -0.00000000
 -0.00026640   0.00000000     0.00835514  -0.00000000     0.00479874  -0.00000000
    1    6
  0.00213017  -0.00000000    -0.01375874   0.00000000     0.01375874  -0.00000000
  0.00026640  -0.00000000    -0.00479874   0.00000000     0.00835514  -0.00000000
 -0.00026640   0.00000000     0.00835514  -0.00000000    -0.00479874   0.00000000
    1    7
  0.00213017  -0.00000000    -0.01375874   0.00000000     0.01375874  -0.00000000
  0.00026640   0.00000000    -0.00479874   0.00000000     0.00835514  -0.00000000
 -0.00026640  -0.00000000     0.00835514  -0.00000000    -0.00479874   0.00000000
    1    8
  0.00213017  -0.00000000     0.01375874  -0.00000000    -0.01375874   0.00000000
 -0.00026640   0.00000000    -0.00479874   0.00000000     0.00835514  -0.00000000
  0.00026640  -0.00000000     0.00835514  -0.00000000    -0.00479874   0.00000000
    1    9
  0.00213017  -0.00000000     0.01375874  -0.00000000    -0.01375874   0.00000000
 -0.00026640  -0.00000000    -0.00479874   0.00000000     0.00835514  -0.00000000
  0.00026640   0.00000000     0.00835514  -0.00000000    -0.00479874   0.00000000
    1   10
 -0.00213017   0.00000000    -0.01375874   0.00000000    -0.01375874   0.00000000
  0.00026640  -0.00000000     0.00479874  -0.00000000     0.00835514  -0.00000000
  0.00026640  -0.00000000     0.00835514  -0.00000000     0.00479874  -0.00000000
    1   11
 -0.00213017   0.00000000    -0.01375874   0.00000000    -0.01375874   0.00000000
  0.00026640  -0.00000000     0.00479874  -0.00000000     0.00835514  -0.00000000
  0.00026640  -0.00000000     0.00835514  -0.00000000     0.00479874  -0.00000000
    2    1
 -0.00000000   0.00000000     0.00000000  -0.00000000     0.00000000  -0.00000000
 -0.00000000   0.00000000     0.00000000  -0.00000000    -0.02644554   0.00000000
  0.00000000   0.00000000    -0.02644554   0.00000000    -0.00000000  -0.00000000
    2    2
  0.12259006   0.00000000    -0.00000000   0.00000000    -0.00000000   0.00000000
 -0.00000000   0.00000000     0.06977694   0.00000000    -0.00000000   0.00000000
  0.00000000   0.00000000    -0.00000000   0.00000000     0.06977694   0.00000000
    2    3
 -0.03498559   0.00000000    -0.00000000   0.00000000     0.00000000  -0.00000000
 -0.00000000  -0.00000000    -0.02651408   0.00000000     0.00000000  -0.00000000
 -0.00000000   0.00000000     0.00000000  -0.00000000    -0.02651408   0.00000000
    2    4
 -0.01865126   0.00000000     0.00884940  -0.00000000     0.00884940  -0.00000000
  0.01234128  -0.00000000     0.00709306  -0.00000000     0.02653917  -0.00000000
  0.01234128  -0.00000000     0.02653917  -0.00000000     0.00709306  -0.00000000
    2    5
  0.00889471  -0.00000000    -0.02514077   0.00000000    -0.02514077   0.00000000
 -0.01202656   0.00000000    -0.02506633   0.00000000    -0.03091233   0.00000000
 -0.01202656   0.00000000    -0.03091233   0.00000000    -0.02506633   0.00000000
    2    6
 -0.01865126   0.00000000     0.00884940  -0.00000000    -0.00884940   0.00000000
  0.01234128  -0.00000000     0.00709306  -0.00000000    -0.02653917   0.00000000
 -0.01234128   0.00000000    -0.02653917   0.00000000     0.00709306  -0.00000000
    2    7
  0.00889471  -0.00000000    -0.02514077   0.00000000     0.02514077  -0.00000000
 -0.01202656   0.00000000    -0.02506633   0.00000000     0.03091233  -0.00000000
  0.01202656  -0.00000000     0.03091233  -0.00000000    -0.02506633   0.00000000
    2    8
 -0.01865126   0.00000000    -0.00884940   0.00000000     0.00884940  -0.00000000
 -0.01234128   0.00000000     0.00709306  -0.00000000    -0.02653917   0.00000000
  0.01234128  -0.00000000    -0.02653917   0.00000000     0.00709306  -0.00000000
    2    9
  0.00889471  -0.00000000     0.02514077  -0.00000000    -0.02514077   0.00000000
  0.01202656  -0.00000000    -0.02506633   0.00000000     0.03091233  -0.00000000
 -0.01202656   0.00000000     0.03091233  -0.00000000    -0.02506633   0.00000000
    2   10
 -0.01865126   0.00000000    -0.00884940   0.00000000    -0.00884940   0.00000000
 -0.01234128   0.00000000     0.00709306  -0.00000000     0.02653917  -0.00000000
 -0.01234128   0.00000000     0.02653917  -0.00000000     0.00709306  -0.00000000
    2   11
  0.00889471  -0.00000000     0.02514077  -0.00000000     0.02514077  -0.00000000
  0.01202656  -0.00000000    -0.02506633   0.00000000    -0.03091233   0.00000000
  0.01202656  -0.00000000    -0.03091233   0.00000000    -0.02506633   0.00000000
    3    1
 -0.00000000  -0.00000000     0.00000000   0.00000000     0.00000000   0.00000000
  0.00000000   0.00000000    -0.00000000   0.00000000    -0.02644554  -0.00000000
  0.00000000   0.00000000    -0.02644554  -0.00000000    -0.00000000   0.00000000
    3    2
 -0.03498559  -0.00000000    -0.00000000   0.00000000     0.00000000  -0.00000000
 -0.00000000   0.00000000    -0.02651408  -0.00000000     0.00000000   0.00000000
 -0.00000000   0.00000000     0.00000000   0.00000000    -0.02651408  -0.00000000
    3    3
  0.12259006   0.00000000    -0.00000000   0.00000000     0.00000000   0.00000000
 -0.00000000   0.00000000     0.06977694   0.00000000    -0.00000000   0.00000000
  0.00000000   0.00000000    -0.00000000   0.00000000     0.06977694   0.00000000
    3    4
  0.00889471  -0.00000000    -0.02514077   0.00000000    -0.02514077   0.00000000
 -0.01202656   0.00000000    -0.02506633   0.00000000    -0.03091233   0.00000000
 -0.01202656   0.00000000    -0.03091233   0.00000000    -0.02506633   0.00000000
    3    5
 -0.01865126   0.00000000     0.00884940  -0.00000000     0.00884940  -0.00000000
  0.01234128  -0.00000000     0.00709306  -0.00000000     0.02653917  -0.00000000
  0.01234128  -0.00000000     0.02653917  -0.00000000     0.00709306  -0.00000000
    3    6
  0.00889471  -0.00000000    -0.02514077   0.00000000     0.02514077  -0.00000000
 -0.01202656   0.00000000    -0.02506633   0.00000000     0.03091233  -0.00000000
  0.01202656  -0.00000000     0.03091233  -0.00000000    -0.02506633   0.00000000
    3    7
 -0.01865126  -0.00000000     0.00884940   0.00000000    -0.00884940  -0.00000000
  0.01234128   0.00000000     0.00709306   0.00000000    -0.02653917  -0.00000000
 -0.01234128  -0.00000000    -0.02653917  -0.00000000     0.00709306   0.00000000
    3    8
  0.00889471  -0.00000000     0.02514077  -0.00000000    -0.02514077   0.00000000
  0.01202656  -0.00000000    -0.02506633   0.00000000     0.03091233  -0.00000000
 -0.01202656   0.00000000     0.03091233  -0.00000000    -0.02506633   0.00000000
    3    9
 -0.01865126  -0.00000000    -0.00884940  -0.00000000     0.00884940   0.00000000
 -0.01234128  -0.00000000     0.00709306   0.00000000    -0.02653917  -0.00000000
  0.01234128   0.00000000    -0.02653917  -0.00000000     0.00709306   0.00000000
    3   10
  0.00889471  -0.00000000     0.02514077  -0.00000000     0.02514077  -0.00000000
  0.01202656  -0.00000000    -0.02506633   0.00000000    -0.03091233   0.00000000
  0.01202656  -0.00000000    -0.03091233   0.00000000    -0.02506633   0.00000000
    3   11
 -0.01865126   0.00000000    -0.00884940   0.00000000    -0.00884940   0.00000000
 -0.01234128   0.00000000     0.00709306  -0.00000000     0.02653917  -0.00000000
 -0.01234128   0.00000000     0.02653917  -0.00000000     0.00709306  -0.00000000
    4    1
 -0.00213017  -0.00000000    -0.00026640  -0.00000000    -0.00026640  -0.00000000
  0.01375874   0.00000000     0.00479874   0.00000000     0.00835514   0.00000000
  0.01375874   0.00000000     0.00835514   0.00000000     0.00479874   0.00000000
    4    2
 -0.01865126  -0.00000000     0.01234128   0.00000000     0.01234128   0.00000000
  0.00884940   0.00000000     0.00709306   0.00000000     0.02653917   0.00000000
  0.00884940   0.00000000     0.02653917   0.00000000     0.00709306   0.00000000
    4    3
  0.00889471   0.00000000    -0.01202656  -0.00000000    -0.01202656  -0.00000000
 -0.02514077  -0.00000000    -0.02506633  -0.00000000    -0.03091233  -0.00000000
 -0.02514077  -0.00000000    -0.03091233  -0.00000000    -0.02506633  -0.00000000
    4    4
  0.04372360   0.00000000    -0.00239915   0.00000000    -0.00239915   0.00000000
 -0.00239915   0.00000000     0.07093781   0.00000000     0.03413051   0.00000000
 -0.00239915   0.00000000     0.03413051   0.00000000     0.07093781   0.00000000
    4    5
 -0.00386344  -0.00000000    -0.00355813  -0.00000000    -0.00355813  -0.00000000
 -0.00355813  -0.00000000    -0.02616216  -0.00000000    -0.02514487  -0.00000000
 -0.00355813  -0.00000000    -0.02514487  -0.00000000    -0.02616216  -0.00000000
    4    6
  0.00350405   0.00000000    -0.00496770  -0.00000000    -0.00128818  -0.00000000
 -0.00496770  -0.00000000    -0.01406289  -0.00000000     0.00615856   0.00000000
  0.00128818   0.00000000    -0.00615856  -0.00000000    -0.00474831  -0.00000000
    4    7
 -0.00816204  -0.00000000     0.00582212   0.00000000    -0.00227514  -0.00000000
  0.00582212   0.00000000     0.00857854   0.00000000    -0.00308439  -0.00000000
  0.00227514   0.00000000     0.00308439   0.00000000     0.03164667   0.00000000
    4    8
  0.00350405   0.00000000    -0.00128818  -0.00000000    -0.00496770  -0.00000000
  0.00128818   0.00000000    -0.00474831  -0.00000000    -0.00615856  -0.00000000
 -0.00496770  -0.00000000     0.00615856   0.00000000    -0.01406289  -0.00000000
    4    9
 -0.00816204  -0.00000000    -0.00227514  -0.00000000     0.00582212   0.00000000
  0.00227514   0.00000000     0.03164667   0.00000000     0.00308439   0.00000000
  0.00582212   0.00000000    -0.00308439  -0.00000000     0.00857854   0.00000000
    4   10
 -0.00529668  -0.00000000     0.01228835   0.00000000     0.01228835   0.00000000
 -0.01228835   0.00000000     0.00934818  -0.00000000     0.01828998   0.00000000
 -0.01228835   0.00000000     0.01828998   0.00000000     0.00934818  -0.00000000
    4   11
 -0.01808417  -0.00000000    -0.02041439  -0.00000000    -0.02041439  -0.00000000
  0.02041439   0.00000000    -0.02010902  -0.00000000    -0.01779137  -0.00000000
  0.02041439   0.00000000    -0.01779137  -0.00000000    -0.02010902  -0.00000000
    5    1
 -0.00213017  -0.00000000    -0.00026640  -0.00000000    -0.00026640  -0.00000000
  0.01375874   0.00000000     0.00479874   0.00000000     0.00835514   0.00000000
  0.01375874   0.00000000     0.00835514   0.00000000     0.00479874   0.00000000
    5    2
  0.00889471   0.00000000    -0.01202656  -0.00000000    -0.01202656  -0.00000000
 -0.02514077  -0.00000000    -0.02506633  -0.00000000    -0.03091233  -0.00000000
 -0.02514077  -0.00000000    -0.03091233  -0.00000000    -0.02506633  -0.00000000
    5    3
 -0.01865126  -0.00000000     0.01234128   0.00000000     0.01234128   0.00000000
  0.00884940   0.00000000     0.00709306   0.00000000     0.02653917   0.00000000
  0.00884940   0.00000000     0.02653917   0.00000000     0.00709306   0.00000000
    5    4
 -0.00386344   0.00000000    -0.00355813   0.00000000    -0.00355813   0.00000000
 -0.00355813   0.00000000    -0.02616216   0.00000000    -0.02514487   0.00000000
 -0.00355813   0.00000000    -0.02514487   0.00000000    -0.02616216   0.00000000
    5    5
  0.04372360   0.00000000    -0.00239915   0.00000000    -0.00239915   0.00000000
 -0.00239915   0.00000000     0.07093781   0.00000000     0.03413051   0.00000000
 -0.00239915   0.00000000     0.03413051   0.00000000     0.07093781   0.00000000
    5    6
 -0.00816204   0.00000000     0.00582212  -0.00000000    -0.00227514   0.00000000
  0.00582212  -0.00000000     0.00857854  -0.00000000    -0.00308439   0.00000000
  0.00227514  -0.00000000     0.00308439  -0.00000000     0.03164667  -0.00000000
    5    7
  0.00350405   0.00000000    -0.00496770  -0.00000000    -0.00128818  -0.00000000
 -0.00496770  -0.00000000    -0.01406289  -0.00000000     0.00615856   0.00000000
  0.00128818   0.00000000    -0.00615856  -0.00000000    -0.00474831  -0.00000000
    5    8
 -0.00816204   0.00000000    -0.00227514   0.00000000     0.00582212  -0.00000000
  0.00227514  -0.00000000     0.03164667  -0.00000000     0.00308439  -0.00000000
  0.00582212  -0.00000000    -0.00308439   0.00000000     0.00857854  -0.00000000
    5    9
  0.00350405   0.00000000    -0.00128818  -0.00000000    -0.00496770  -0.00000000
  0.00128818   0.00000000    -0.00474831  -0.00000000    -0.00615856  -0.00000000
 -0.00496770  -0.00000000     0.00615856   0.00000000    -0.01406289  -0.00000000
    5   10
 -0.01808417   0.00000000    -0.02041439   0.00000000    -0.02041439   0.00000000
  0.02041439  -0.00000000    -0.02010902   0.00000000    -0.01779137   0.00000000
  0.02041439  -0.00000000    -0.01779137   0.00000000    -0.02010902   0.00000000
    5   11
 -0.00529668   0.00000000     0.01228835  -0.00000000     0.01228835  -0.00000000
 -0.01228835  -0.00000000     0.00934818   0.00000000     0.01828998  -0.00000000
 -0.01228835  -0.00000000     0.01828998  -0.00000000     0.00934818   0.00000000
    6    1
  0.00213017   0.00000000     0.00026640   0.00000000    -0.00026640  -0.00000000
 -0.01375874  -0.00000000    -0.00479874  -0.00000000     0.00835514   0.00000000
  0.01375874   0.00000000     0.00835514   0.00000000    -0.00479874  -0.00000000
    6    2
 -0.01865126  -0.00000000     0.01234128   0.00000000    -0.01234128  -0.00000000
  0.00884940   0.00000000     0.00709306   0.00000000    -0.02653917  -0.00000000
 -0.00884940  -0.00000000    -0.02653917  -0.00000000     0.00709306   0.00000000
    6    3
  0.00889471   0.00000000    -0.01202656  -0.00000000     0.01202656   0.00000000
 -0.02514077  -0.00000000    -0.02506633  -0.00000000     0.03091233   0.00000000
  0.02514077   0.00000000     0.03091233   0.00000000    -0.02506633  -0.00000000
    6    4
  0.00350405  -0.00000000    -0.00496770   0.00000000     0.00128818  -0.00000000
 -0.00496770   0.00000000    -0.01406289   0.00000000    -0.00615856   0.00000000
 -0.00128818   0.00000000     0.00615856  -0.00000000    -0.00474831   0.00000000
    6    5
 -0.00816204  -0.00000000     0.00582212   0.00000000     0.00227514   0.00000000
  0.00582212   0.00000000     0.00857854   0.00000000     0.00308439   0.00000000
 -0.00227514  -0.00000000    -0.00308439  -0.00000000     0.03164667   0.00000000
    6    6
  0.04372360   0.00000000    -0.00239915   0.00000000     0.00239915   0.00000000
 -0.00239915   0.00000000     0.07093781   0.00000000    -0.03413051   0.00000000
  0.00239915   0.00000000    -0.03413051   0.00000000     0.07093781   0.00000000
    6    7
 -0.00386344  -0.00000000    -0.00355813  -0.00000000     0.00355813   0.00000000
 -0.00355813  -0.00000000    -0.02616216  -0.00000000     0.02514487   0.00000000
  0.00355813   0.00000000     0.02514487   0.00000000    -0.02616216  -0.00000000
    6    8
 -0.00529668  -0.00000000     0.01228835   0.00000000    -0.01228835  -0.00000000
 -0.01228835   0.00000000     0.00934818   0.00000000    -0.01828998  -0.00000000
  0.01228835  -0.00000000    -0.01828998  -0.00000000     0.00934818   0.00000000
    6    9
 -0.01808417  -0.00000000    -0.02041439  -0.00000000     0.02041439   0.00000000
  0.02041439   0.00000000    -0.02010902  -0.00000000     0.01779137   0.00000000
 -0.02041439  -0.00000000     0.01779137   0.00000000    -0.02010902  -0.00000000
    6   10
  0.00350405  -0.00000000    -0.00128818   0.00000000     0.00496770  -0.00000000
  0.00128818  -0.00000000    -0.00474831   0.00000000     0.00615856  -0.00000000
  0.00496770  -0.00000000    -0.00615856   0.00000000    -0.01406289   0.00000000
    6   11
 -0.00816204  -0.00000000    -0.00227514  -0.00000000    -0.00582212  -0.00000000
  0.00227514   0.00000000     0.03164667   0.00000000    -0.00308439  -0.00000000
 -0.00582212  -0.00000000     0.00308439   0.00000000     0.00857854   0.00000000
    7    1
  0.00213017   0.00000000     0.00026640  -0.00000000    -0.00026640   0.00000000
 -0.01375874  -0.00000000    -0.00479874  -0.00000000     0.00835514   0.00000000
  0.01375874   0.00000000     0.00835514   0.00000000    -0.00479874  -0.00000000
    7    2
  0.00889471   0.00000000    -0.01202656  -0.00000000     0.01202656   0.00000000
 -0.02514077  -0.00000000    -0.02506633  -0.00000000     0.03091233   0.00000000
  0.02514077   0.00000000     0.03091233   0.00000000    -0.02506633  -0.00000000
    7    3
 -0.01865126   0.00000000     0.01234128  -0.00000000    -0.01234128   0.00000000
  0.00884940  -0.00000000     0.00709306  -0.00000000    -0.02653917   0.00000000
 -0.00884940   0.00000000    -0.02653917   0.00000000     0.00709306  -0.00000000
    7    4
 -0.00816204   0.00000000     0.00582212  -0.00000000     0.00227514  -0.00000000
  0.00582212  -0.00000000     0.00857854  -0.00000000     0.00308439  -0.00000000
 -0.00227514   0.00000000    -0.00308439   0.00000000     0.03164667  -0.00000000
    7    5
  0.00350405  -0.00000000    -0.00496770   0.00000000     0.00128818  -0.00000000
 -0.00496770   0.00000000    -0.01406289   0.00000000    -0.00615856   0.00000000
 -0.00128818   0.00000000     0.00615856  -0.00000000    -0.00474831   0.00000000
    7    6
 -0.00386344   0.00000000    -0.00355813   0.00000000     0.00355813  -0.00000000
 -0.00355813   0.00000000    -0.02616216   0.00000000     0.02514487  -0.00000000
  0.00355813  -0.00000000     0.02514487  -0.00000000    -0.02616216   0.00000000
    7    7
  0.04372360   0.00000000    -0.00239915   0.00000000     0.00239915   0.00000000
 -0.00239915   0.00000000     0.07093781   0.00000000    -0.03413051   0.00000000
  0.00239915   0.00000000    -0.03413051   0.00000000     0.07093781   0.00000000
    7    8
 -0.01808417   0.00000000    -0.02041439   0.00000000     0.02041439  -0.00000000
  0.02041439  -0.00000000    -0.02010902   0.00000000     0.01779137  -0.00000000
 -0.02041439   0.00000000     0.01779137  -0.00000000    -0.02010902   0.00000000
    7    9
 -0.00529668   0.00000000     0.01228835   0.00000000    -0.01228835   0.00000000
 -0.01228835   0.00000000     0.00934818   0.00000000    -0.01828998   0.00000000
  0.01228835   0.00000000    -0.01828998   0.00000000     0.00934818   0.00000000
    7   10
 -0.00816204   0.00000000    -0.00227514   0.00000000    -0.00582212   0.00000000
  0.00227514  -0.00000000     0.03164667  -0.00000000    -0.00308439   0.00000000
 -0.00582212   0.00000000     0.00308439  -0.00000000     0.00857854  -0.00000000
    7   11
  0.00350405  -0.00000000    -0.00128818   0.00000000     0.00496770  -0.00000000
  0.00128818  -0.00000000    -0.00474831   0.00000000     0.00615856  -0.00000000
  0.00496770  -0.00000000    -0.00615856   0.00000000    -0.01406289   0.00000000
    8    1
  0.00213017   0.00000000    -0.00026640  -0.00000000     0.00026640   0.00000000
  0.01375874   0.00000000    -0.00479874  -0.00000000     0.00835514   0.00000000
 -0.01375874  -0.00000000     0.00835514   0.00000000    -0.00479874  -0.00000000
    8    2
 -0.01865126  -0.00000000    -0.01234128  -0.00000000     0.01234128   0.00000000
 -0.00884940  -0.00000000     0.00709306   0.00000000    -0.02653917  -0.00000000
  0.00884940   0.00000000    -0.02653917  -0.00000000     0.00709306   0.00000000
    8    3
  0.00889471   0.00000000     0.01202656   0.00000000    -0.01202656  -0.00000000
  0.02514077   0.00000000    -0.02506633  -0.00000000     0.03091233   0.00000000
 -0.02514077  -0.00000000     0.03091233   0.00000000    -0.02506633  -0.00000000
    8    4
  0.00350405  -0.00000000     0.00128818  -0.00000000    -0.00496770   0.00000000
 -0.00128818   0.00000000    -0.00474831   0.00000000     0.00615856  -0.00000000
 -0.00496770   0.00000000    -0.00615856   0.00000000    -0.01406289   0.00000000
    8    5
 -0.00816204  -0.00000000     0.00227514   0.00000000     0.00582212   0.00000000
 -0.00227514  -0.00000000     0.03164667   0.00000000    -0.00308439  -0.00000000
  0.00582212   0.00000000     0.00308439   0.00000000     0.00857854   0.00000000
    8    6
 -0.00529668  -0.00000000    -0.01228835  -0.00000000     0.01228835   0.00000000
  0.01228835  -0.00000000     0.00934818   0.00000000    -0.01828998  -0.00000000
 -0.01228835   0.00000000    -0.01828998  -0.00000000     0.00934818   0.00000000
    8    7
 -0.01808417  -0.00000000     0.02041439   0.00000000    -0.02041439  -0.00000000
 -0.02041439  -0.00000000    -0.02010902  -0.00000000     0.01779137   0.00000000
  0.02041439   0.00000000     0.01779137   0.00000000    -0.02010902  -0.00000000
    8    8
  0.04372360   0.00000000     0.00239915   0.00000000    -0.00239915   0.00000000
  0.00239915   0.00000000     0.07093781   0.00000000    -0.03413051   0.00000000
 -0.00239915   0.00000000    -0.03413051   0.00000000     0.07093781   0.00000000
    8    9
 -0.00386344  -0.00000000     0.00355813   0.00000000    -0.00355813  -0.00000000
  0.00355813   0.00000000    -0.02616216  -0.00000000     0.02514487   0.00000000
 -0.00355813  -0.00000000     0.02514487   0.00000000    -0.02616216  -0.00000000
    8   10
  0.00350405  -0.00000000     0.00496770  -0.00000000    -0.00128818   0.00000000
  0.00496770  -0.00000000    -0.01406289   0.00000000    -0.00615856   0.00000000
  0.00128818  -0.00000000     0.00615856  -0.00000000    -0.00474831   0.00000000
    8   11
 -0.00816204  -0.00000000    -0.00582212  -0.00000000    -0.00227514  -0.00000000
 -0.00582212  -0.00000000     0.00857854   0.00000000     0.00308439   0.00000000
  0.00227514   0.00000000    -0.00308439  -0.00000000     0.03164667   0.00000000
    9    1
  0.00213017   0.00000000    -0.00026640   0.00000000     0.00026640  -0.00000000
  0.01375874   0.00000000    -0.00479874  -0.00000000     0.00835514   0.00000000
 -0.01375874  -0.00000000     0.00835514   0.00000000    -0.00479874  -0.00000000
    9    2
  0.00889471   0.00000000     0.01202656   0.00000000    -0.01202656  -0.00000000
  0.02514077   0.00000000    -0.02506633  -0.00000000     0.03091233   0.00000000
 -0.02514077  -0.00000000     0.03091233   0.00000000    -0.02506633  -0.00000000
    9    3
 -0.01865126   0.00000000    -0.01234128   0.00000000     0.01234128  -0.00000000
 -0.00884940   0.00000000     0.00709306  -0.00000000    -0.02653917   0.00000000
  0.00884940  -0.00000000    -0.02653917   0.00000000     0.00709306  -0.00000000
    9    4
 -0.00816204   0.00000000     0.00227514  -0.00000000     0.00582212  -0.00000000
 -0.00227514   0.00000000     0.03164667  -0.00000000    -0.00308439   0.00000000
  0.00582212  -0.00000000     0.00308439  -0.00000000     0.00857854  -0.00000000
    9    5
  0.00350405  -0.00000000     0.00128818  -0.00000000    -0.00496770   0.00000000
 -0.00128818   0.00000000    -0.00474831   0.00000000     0.00615856  -0.00000000
 -0.00496770   0.00000000    -0.00615856   0.00000000    -0.01406289   0.00000000
    9    6
 -0.01808417   0.00000000     0.02041439  -0.00000000    -0.02041439   0.00000000
 -0.02041439   0.00000000    -0.02010902   0.00000000     0.01779137  -0.00000000
  0.02041439  -0.00000000     0.01779137  -0.00000000    -0.02010902   0.00000000
    9    7
 -0.00529668   0.00000000    -0.01228835   0.00000000     0.01228835   0.00000000
  0.01228835   0.00000000     0.00934818   0.00000000    -0.01828998   0.00000000
 -0.01228835   0.00000000    -0.01828998   0.00000000     0.00934818   0.00000000
    9    8
 -0.00386344   0.00000000     0.00355813  -0.00000000    -0.00355813   0.00000000
  0.00355813  -0.00000000    -0.02616216   0.00000000     0.02514487  -0.00000000
 -0.00355813   0.00000000     0.02514487  -0.00000000    -0.02616216   0.00000000
    9    9
  0.04372360   0.00000000     0.00239915   0.00000000    -0.00239915   0.00000000
  0.00239915   0.00000000     0.07093781   0.00000000    -0.03413051   0.00000000
 -0.00239915   0.00000000    -0.03413051   0.00000000     0.07093781   0.00000000
    9   10
 -0.00816204   0.00000000    -0.00582212   0.00000000    -0.00227514   0.00000000
 -0.00582212   0.00000000     0.00857854  -0.00000000     0.00308439  -0.00000000
  0.00227514  -0.00000000    -0.00308439   0.00000000     0.03164667  -0.00000000
    9   11
  0.00350405  -0.00000000     0.00496770  -0.00000000    -0.00128818   0.00000000
  0.00496770  -0.00000000    -0.01406289   0.00000000    -0.00615856   0.00000000
  0.00128818  -0.00000000     0.00615856  -0.00000000    -0.00474831   0.00000000
   10    1
 -0.00213017  -0.00000000     0.00026640   0.00000000     0.00026640   0.00000000
 -0.01375874  -0.00000000     0.00479874   0.00000000     0.00835514   0.00000000
 -0.01375874  -0.00000000     0.00835514   0.00000000     0.00479874   0.00000000
   10    2
 -0.01865126  -0.00000000    -0.01234128  -0.00000000    -0.01234128  -0.00000000
 -0.00884940  -0.00000000     0.00709306   0.00000000     0.02653917   0.00000000
 -0.00884940  -0.00000000     0.02653917   0.00000000     0.00709306   0.00000000
   10    3
  0.00889471   0.00000000     0.01202656   0.00000000     0.01202656   0.00000000
  0.02514077   0.00000000    -0.02506633  -0.00000000    -0.03091233  -0.00000000
  0.02514077   0.00000000    -0.03091233  -0.00000000    -0.02506633  -0.00000000
   10    4
 -0.00529668  -0.00000000    -0.01228835  -0.00000000    -0.01228835  -0.00000000
  0.01228835  -0.00000000     0.00934818  -0.00000000     0.01828998   0.00000000
  0.01228835  -0.00000000     0.01828998   0.00000000     0.00934818  -0.00000000
   10    5
 -0.01808417  -0.00000000     0.02041439   0.00000000     0.02041439   0.00000000
 -0.02041439  -0.00000000    -0.02010902  -0.00000000    -0.01779137  -0.00000000
 -0.02041439  -0.00000000    -0.01779137  -0.00000000    -0.02010902  -0.00000000
   10    6
  0.00350405   0.00000000     0.00128818   0.00000000     0.00496770   0.00000000
 -0.00128818  -0.00000000    -0.00474831  -0.00000000    -0.00615856  -0.00000000
  0.00496770   0.00000000     0.00615856   0.00000000    -0.01406289  -0.00000000
   10    7
 -0.00816204  -0.00000000     0.00227514   0.00000000    -0.00582212  -0.00000000
 -0.00227514  -0.00000000     0.03164667   0.00000000     0.00308439   0.00000000
 -0.00582212  -0.00000000    -0.00308439  -0.00000000     0.00857854   0.00000000
   10    8
  0.00350405   0.00000000     0.00496770   0.00000000     0.00128818   0.00000000
  0.00496770   0.00000000    -0.01406289  -0.00000000     0.00615856   0.00000000
 -0.00128818  -0.00000000    -0.00615856  -0.00000000    -0.00474831  -0.00000000
   10    9
 -0.00816204  -0.00000000    -0.00582212  -0.00000000     0.00227514   0.00000000
 -0.00582212  -0.00000000     0.00857854   0.00000000    -0.00308439  -0.00000000
 -0.00227514  -0.00000000     0.00308439   0.00000000     0.03164667   0.00000000
   10   10
  0.04372360   0.00000000     0.00239915   0.00000000     0.00239915   0.00000000
  0.00239915   0.00000000     0.07093781   0.00000000     0.03413051   0.00000000
  0.00239915   0.00000000     0.03413051   0.00000000     0.07093781   0.00000000
   10   11
 -0.00386344  -0.00000000     0.00355813   0.00000000     0.00355813   0.00000000
  0.00355813   0.00000000    -0.02616216  -0.00000000    -0.02514487  -0.00000000
  0.00355813   0.00000000    -0.02514487  -0.00000000    -0.02616216  -0.00000000
   11    1
 -0.00213017  -0.00000000     0.00026640   0.00000000     0.00026640   0.00000000
 -0.01375874  -0.00000000     0.00479874   0.00000000     0.00835514   0.00000000
 -0.01375874  -0.00000000     0.00835514   0.00000000     0.00479874   0.00000000
   11    2
  0.00889471   0.00000000     0.01202656   0.00000000     0.01202656   0.00000000
  0.02514077   0.00000000    -0.02506633  -0.00000000    -0.03091233  -0.00000000
  0.02514077   0.00000000    -0.03091233  -0.00000000    -0.02506633  -0.00000000
   11    3
 -0.01865126  -0.00000000    -0.01234128  -0.00000000    -0.01234128  -0.00000000
 -0.00884940  -0.00000000     0.00709306   0.00000000     0.02653917   0.00000000
 -0.00884940  -0.00000000     0.02653917   0.00000000     0.00709306   0.00000000
   11    4
 -0.01808417   0.00000000     0.02041439  -0.00000000     0.02041439  -0.00000000
 -0.02041439   0.00000000    -0.02010902   0.00000000    -0.01779137   0.00000000
 -0.02041439   0.00000000    -0.01779137   0.00000000    -0.02010902   0.00000000
   11    5
 -0.00529668   0.00000000    -0.01228835   0.00000000    -0.01228835   0.00000000
  0.01228835   0.00000000     0.00934818   0.00000000     0.01828998  -0.00000000
  0.01228835   0.00000000     0.01828998  -0.00000000     0.00934818   0.00000000
   11    6
 -0.00816204   0.00000000     0.00227514  -0.00000000    -0.00582212   0.00000000
 -0.00227514   0.00000000     0.03164667  -0.00000000     0.00308439  -0.00000000
 -0.00582212   0.00000000    -0.00308439   0.00000000     0.00857854  -0.00000000
   11    7
  0.00350405   0.00000000     0.00128818   0.00000000     0.00496770   0.00000000
 -0.00128818  -0.00000000    -0.00474831  -0.00000000    -0.00615856  -0.00000000
  0.00496770   0.00000000     0.00615856   0.00000000    -0.01406289  -0.00000000
   11    8
 -0.00816204   0.00000000    -0.00582212   0.00000000     0.00227514  -0.00000000
 -0.00582212   0.00000000     0.00857854  -0.00000000    -0.00308439   0.00000000
 -0.00227514   0.00000000     0.00308439  -0.00000000     0.03164667  -0.00000000
   11    9
  0.00350405   0.00000000     0.00496770   0.00000000     0.00128818   0.00000000
  0.00496770   0.00000000    -0.01406289  -0.00000000     0.00615856   0.00000000
 -0.00128818  -0.00000000    -0.00615856  -0.00000000    -0.00474831  -0.00000000
   11   10
 -0.00386344   0.00000000     0.00355813  -0.00000000     0.00355813  -0.00000000
  0.00355813  -0.00000000    -0.02616216   0.00000000    -0.02514487   0.00000000
  0.00355813  -0.00000000    -0.02514487   0.00000000    -0.02616216   0.00000000
   11   11
  0.04372360   0.00000000     0.00239915   0.00000000     0.00239915   0.00000000
  0.00239915   0.00000000     0.07093781   0.00000000     0.03413051   0.00000000
  0.00239915   0.00000000     0.03413051   0.00000000     0.07093781   0.00000000

     Dynamical  Matrix in cartesian axes

     q = (    0.000000000   0.000000000  -0.707106781 ) 

    1    1
  0.06461326   0.00000000     0.00000000   0.00000000    -0.00000000   0.00000000
  0.00000000   0.00000000     0.06461326   0.00000000     0.00000000   0.00000000
  0.00000000   0.00000000     0.00000000   0.00000000     0.15434499   0.00000000
    1    2
  0.00000000   0.00000000    -0.02644554  -0.00000000    -0.00000000  -0.00000000
 -0.02644554  -0.00000000     0.00000000   0.00000000    -0.00000000  -0.00000000
 -0.00000000  -0.00000000    -0.00000000  -0.00000000     0.00000000  -0.00000000
    1    3
 -0.00000000  -0.00000000    -0.02644554   0.00000000     0.00000000   0.00000000
 -0.02644554   0.00000000    -0.00000000  -0.00000000     0.00000000  -0.00000000
  0.00000000  -0.00000000     0.00000000  -0.00000000    -0.00000000   0.00000000
    1    4
  0.00479874  -0.00000000     0.00835514  -0.00000000    -0.00026640   0.00000000
  0.00835514  -0.00000000     0.00479874  -0.00000000    -0.00026640   0.00000000
  0.01375874  -0.00000000     0.01375874  -0.00000000    -0.00213017   0.00000000
    1    5
  0.00479874  -0.00000000     0.00835514  -0.00000000    -0.00026640   0.00000000
  0.00835514  -0.00000000     0.00479874  -0.00000000    -0.00026640   0.00000000
  0.01375874  -0.00000000     0.01375874  -0.00000000    -0.00213017   0.00000000
    1    6
  0.00479874  -0.00000000     0.00835514  -0.00000000     0.00026640  -0.00000000
  0.00835514  -0.00000000     0.00479874  -0.00000000     0.00026640  -0.00000000
 -0.01375874   0.00000000    -0.01375874   0.00000000    -0.00213017   0.00000000
    1    7
  0.00479874  -0.00000000     0.00835514  -0.00000000     0.00026640  -0.00000000
  0.00835514  -0.00000000     0.00479874  -0.00000000     0.00026640  -0.00000000
 -0.01375874   0.00000000    -0.01375874   0.00000000    -0.00213017   0.00000000
    1    8
 -0.00479874   0.00000000     0.00835514  -0.00000000     0.00026640  -0.00000000
  0.00835514  -0.00000000    -0.00479874   0.00000000    -0.00026640   0.00000000
 -0.01375874   0.00000000     0.01375874  -0.00000000     0.00213017  -0.00000000
    1    9
 -0.00479874   0.00000000     0.00835514  -0.00000000     0.00026640   0.00000000
  0.00835514  -0.00000000    -0.00479874   0.00000000    -0.00026640  -0.00000000
 -0.01375874   0.00000000     0.01375874  -0.00000000     0.00213017  -0.00000000
    1   10
 -0.00479874   0.00000000     0.00835514  -0.00000000    -0.00026640   0.00000000
  0.00835514  -0.00000000    -0.00479874   0.00000000     0.00026640  -0.00000000
  0.01375874  -0.00000000    -0.01375874   0.00000000     0.00213017  -0.00000000
    1   11
 -0.00479874   0.00000000     0.00835514  -0.00000000    -0.00026640  -0.00000000
  0.00835514  -0.00000000    -0.00479874   0.00000000     0.00026640   0.00000000
  0.01375874  -0.00000000    -0.01375874   0.00000000     0.00213017  -0.00000000
    2    1
  0.00000000  -0.00000000    -0.02644554   0.00000000    -0.00000000   0.00000000
 -0.02644554   0.00000000     0.00000000  -0.00000000    -0.00000000   0.00000000
 -0.00000000   0.00000000    -0.00000000   0.00000000     0.00000000   0.00000000
    2    2
  0.06977694   0.00000000    -0.00000000   0.00000000     0.00000000   0.00000000
 -0.00000000   0.00000000     0.06977694   0.00000000     0.00000000   0.00000000
  0.00000000   0.00000000    -0.00000000   0.00000000     0.12259006   0.00000000
    2    3
 -0.02651408   0.00000000     0.00000000  -0.00000000     0.00000000   0.00000000
  0.00000000  -0.00000000    -0.02651408   0.00000000    -0.00000000  -0.00000000
 -0.00000000   0.00000000     0.00000000  -0.00000000    -0.03498559   0.00000000
    2    4
  0.00709306  -0.00000000     0.02653917  -0.00000000     0.01234128  -0.00000000
  0.02653917  -0.00000000     0.00709306  -0.00000000     0.01234128  -0.00000000
  0.00884940  -0.00000000     0.00884940  -0.00000000    -0.01865126   0.00000000
    2    5
 -0.02506633   0.00000000    -0.03091233   0.00000000    -0.01202656   0.00000000
 -0.03091233   0.00000000    -0.02506633   0.00000000    -0.01202656   0.00000000
 -0.02514077   0.00000000    -0.02514077   0.00000000     0.00889471  -0.00000000
    2    6
  0.00709306  -0.00000000     0.02653917  -0.00000000    -0.01234128   0.00000000
  0.02653917  -0.00000000     0.00709306  -0.00000000    -0.01234128   0.00000000
 -0.00884940   0.00000000    -0.00884940   0.00000000    -0.01865126   0.00000000
    2    7
 -0.02506633   0.00000000    -0.03091233   0.00000000     0.01202656  -0.00000000
 -0.03091233   0.00000000    -0.02506633   0.00000000     0.01202656  -0.00000000
  0.02514077  -0.00000000     0.02514077  -0.00000000     0.00889471  -0.00000000
    2    8
  0.00709306  -0.00000000    -0.02653917   0.00000000     0.01234128  -0.00000000
 -0.02653917   0.00000000     0.00709306  -0.00000000    -0.01234128   0.00000000
  0.00884940  -0.00000000    -0.00884940   0.00000000    -0.01865126   0.00000000
    2    9
 -0.02506633   0.00000000     0.03091233  -0.00000000    -0.01202656   0.00000000
  0.03091233  -0.00000000    -0.02506633   0.00000000     0.01202656  -0.00000000
 -0.02514077   0.00000000     0.02514077  -0.00000000     0.00889471  -0.00000000
    2   10
  0.00709306  -0.00000000    -0.02653917   0.00000000    -0.01234128   0.00000000
 -0.02653917   0.00000000     0.00709306  -0.00000000     0.01234128  -0.00000000
 -0.00884940   0.00000000     0.00884940  -0.00000000    -0.01865126   0.00000000
    2   11
 -0.02506633   0.00000000     0.03091233  -0.00000000     0.01202656  -0.00000000
  0.03091233  -0.00000000    -0.02506633   0.00000000    -0.01202656   0.00000000
  0.02514077  -0.00000000    -0.02514077   0.00000000     0.00889471  -0.00000000
    3    1
 -0.00000000   0.00000000    -0.02644554  -0.00000000     0.00000000   0.00000000
 -0.02644554  -0.00000000    -0.00000000   0.00000000     0.00000000   0.00000000
  0.00000000  -0.00000000     0.00000000   0.00000000    -0.00000000  -0.00000000
    3    2
 -0.02651408  -0.00000000     0.00000000   0.00000000    -0.00000000   0.00000000
  0.00000000   0.00000000    -0.02651408  -0.00000000    -0.00000000   0.00000000
 -0.00000000   0.00000000     0.00000000   0.00000000    -0.03498559  -0.00000000
    3    3
  0.06977694   0.00000000     0.00000000   0.00000000     0.00000000   0.00000000
  0.00000000   0.00000000     0.06977694   0.00000000    -0.00000000   0.00000000
  0.00000000   0.00000000    -0.00000000   0.00000000     0.12259006   0.00000000
    3    4
 -0.02506633   0.00000000    -0.03091233   0.00000000    -0.01202656   0.00000000
 -0.03091233   0.00000000    -0.02506633   0.00000000    -0.01202656   0.00000000
 -0.02514077   0.00000000    -0.02514077   0.00000000     0.00889471  -0.00000000
    3    5
  0.00709306  -0.00000000     0.02653917  -0.00000000     0.01234128  -0.00000000
  0.02653917  -0.00000000     0.00709306  -0.00000000     0.01234128  -0.00000000
  0.00884940  -0.00000000     0.00884940  -0.00000000    -0.01865126   0.00000000
    3    6
 -0.02506633   0.00000000    -0.03091233   0.00000000     0.01202656  -0.00000000
 -0.03091233   0.00000000    -0.02506633   0.00000000     0.01202656  -0.00000000
  0.02514077  -0.00000000     0.02514077  -0.00000000     0.00889471  -0.00000000
    3    7
  0.00709306  -0.00000000     0.02653917  -0.00000000    -0.01234128   0.00000000
  0.02653917  -0.00000000     0.00709306  -0.00000000    -0.01234128   0.00000000
 -0.00884940   0.00000000    -0.00884940   0.00000000    -0.01865126   0.00000000
    3    8
 -0.02506633   0.00000000     0.03091233  -0.00000000    -0.01202656   0.00000000
  0.03091233  -0.00000000    -0.02506633   0.00000000     0.01202656  -0.00000000
 -0.02514077   0.00000000     0.02514077  -0.00000000     0.00889471  -0.00000000
    3    9
  0.00709306   0.00000000    -0.02653917  -0.00000000     0.01234128   0.00000000
 -0.02653917  -0.00000000     0.00709306   0.00000000    -0.01234128  -0.00000000
  0.00884940   0.00000000    -0.00884940  -0.00000000    -0.01865126  -0.00000000
    3   10
 -0.02506633   0.00000000     0.03091233  -0.00000000     0.01202656  -0.00000000
  0.03091233  -0.00000000    -0.02506633   0.00000000    -0.01202656   0.00000000
  0.02514077  -0.00000000    -0.02514077   0.00000000     0.00889471  -0.00000000
    3   11
  0.00709306   0.00000000    -0.02653917  -0.00000000    -0.01234128  -0.00000000
 -0.02653917  -0.00000000     0.00709306   0.00000000     0.01234128   0.00000000
 -0.00884940  -0.00000000     0.00884940   0.00000000    -0.01865126  -0.00000000
    4    1
  0.00479874   0.00000000     0.00835514   0.00000000     0.01375874   0.00000000
