  1.000000000000000E-002   1.62564894158596        4.49115391218799     
           8

     Dynamical  Matrix in cartesian axes

     q = (    0.117851130   0.117851130  -0.117851130 ) 

    1    1
  0.25107790   0.00000000     0.10897554   0.00000000    -0.10897554   0.00000000
  0.10897554   0.00000000     0.25107790   0.00000000    -0.10897554   0.00000000
 -0.10897554   0.00000000    -0.10897554   0.00000000     0.25107790   0.00000000
    1    2
  0.00947805  -0.02508429     0.02186056  -0.01968387    -0.02186056   0.01968387
  0.02186056  -0.01968387     0.00947805  -0.02508429    -0.02186056   0.01968387
 -0.02186056   0.01968387    -0.02186056   0.01968387     0.00947805  -0.02508429
    1    3
  0.00947805   0.02508429     0.02186056   0.01968387    -0.02186056  -0.01968387
  0.02186056   0.01968387     0.00947805   0.02508429    -0.02186056  -0.01968387
 -0.02186056  -0.01968387    -0.02186056  -0.01968387     0.00947805   0.02508429
    1    4
 -0.02747047  -0.01150308     0.00426784  -0.00954126     0.01407106  -0.01484398
  0.00426784  -0.00954126    -0.02747047  -0.01150308     0.01407106  -0.01484398
  0.01829765  -0.00509570     0.01829765  -0.00509570    -0.01420558   0.03672074
    1    5
 -0.02747047   0.01150308     0.00426784   0.00954126     0.01407106   0.01484398
  0.00426784   0.00954126    -0.02747047   0.01150308     0.01407106   0.01484398
  0.01829765   0.00509570     0.01829765   0.00509570    -0.01420558  -0.03672074
    1    6
 -0.02999307   0.01080055    -0.00704334  -0.00847883     0.00704334   0.00847883
 -0.00704334  -0.00847883    -0.02999307   0.01080055     0.00704334   0.00847883
  0.00704334   0.00847883     0.00704334   0.00847883    -0.02999307   0.01080055
    1    7
 -0.02999307  -0.01080055    -0.00704334   0.00847883     0.00704334  -0.00847883
 -0.00704334   0.00847883    -0.02999307  -0.01080055     0.00704334  -0.00847883
  0.00704334  -0.00847883     0.00704334  -0.00847883    -0.02999307  -0.01080055
    1    8
 -0.01420558   0.03672074    -0.01829765   0.00509570     0.01829765  -0.00509570
 -0.01407106   0.01484398    -0.02747047  -0.01150308    -0.00426784   0.00954126
  0.01407106  -0.01484398    -0.00426784   0.00954126    -0.02747047  -0.01150308
    1    9
 -0.01420558  -0.03672074    -0.01829765  -0.00509570     0.01829765   0.00509570
 -0.01407106  -0.01484398    -0.02747047   0.01150308    -0.00426784  -0.00954126
  0.01407106   0.01484398    -0.00426784  -0.00954126    -0.02747047   0.01150308
    1   10
 -0.02747047  -0.01150308    -0.01407106   0.01484398    -0.00426784   0.00954126
 -0.01829765   0.00509570    -0.01420558   0.03672074     0.01829765  -0.00509570
 -0.00426784   0.00954126     0.01407106  -0.01484398    -0.02747047  -0.01150308
    1   11
 -0.02747047   0.01150308    -0.01407106  -0.01484398    -0.00426784  -0.00954126
 -0.01829765  -0.00509570    -0.01420558  -0.03672074     0.01829765   0.00509570
 -0.00426784  -0.00954126     0.01407106   0.01484398    -0.02747047   0.01150308
    2    1
  0.00947805   0.02508429     0.02186056   0.01968387    -0.02186056  -0.01968387
  0.02186056   0.01968387     0.00947805   0.02508429    -0.02186056  -0.01968387
 -0.02186056  -0.01968387    -0.02186056  -0.01968387     0.00947805   0.02508429
    2    2
  0.04485589  -0.00000000     0.01543210   0.00000000    -0.01543210  -0.00000000
  0.01543210   0.00000000     0.04485589  -0.00000000    -0.01543210  -0.00000000
 -0.01543210  -0.00000000    -0.01543210  -0.00000000     0.04485589  -0.00000000
    2    3
 -0.01702201   0.01025897    -0.00874566   0.00899217     0.00874566  -0.00899217
 -0.00874566   0.00899217    -0.01702201   0.01025897     0.00874566  -0.00899217
  0.00874566  -0.00899217     0.00874566  -0.00899217    -0.01702201   0.01025897
    2    4
 -0.00302451  -0.00103290     0.00436599   0.00127698     0.00314417   0.00315749
  0.00436599   0.00127698    -0.00302451  -0.00103290     0.00314417   0.00315749
 -0.00152711  -0.00054272    -0.00152711  -0.00054272    -0.00299813  -0.00179053
    2    5
 -0.00476387   0.00292729    -0.00990312   0.00003444    -0.00698193   0.00663363
 -0.00990312   0.00003444    -0.00476387   0.00292729    -0.00698193   0.00663363
 -0.00496917  -0.00129239    -0.00496917  -0.00129239    -0.00467579  -0.00456274
    2    6
  0.00720415  -0.00256045     0.00987351  -0.00467053    -0.00987351   0.00467053
  0.00987351  -0.00467053     0.00720415  -0.00256045    -0.00987351   0.00467053
 -0.00987351   0.00467053    -0.00987351   0.00467053     0.00720415  -0.00256045
    2    7
 -0.01301373   0.00011430    -0.02007006   0.00137341     0.02007006  -0.00137341
 -0.02007006   0.00137341    -0.01301373   0.00011430     0.02007006  -0.00137341
  0.02007006  -0.00137341     0.02007006  -0.00137341    -0.01301373   0.00011430
    2    8
 -0.00299813  -0.00179053     0.00152711   0.00054272    -0.00152711  -0.00054272
 -0.00314417  -0.00315749    -0.00302451  -0.00103290    -0.00436599  -0.00127698
  0.00314417   0.00315749    -0.00436599  -0.00127698    -0.00302451  -0.00103290
    2    9
 -0.00467579  -0.00456274     0.00496917   0.00129239    -0.00496917  -0.00129239
  0.00698193  -0.00663363    -0.00476387   0.00292729     0.00990312  -0.00003444
 -0.00698193   0.00663363     0.00990312  -0.00003444    -0.00476387   0.00292729
    2   10
 -0.00302451  -0.00103290    -0.00314417  -0.00315749    -0.00436599  -0.00127698
  0.00152711   0.00054272    -0.00299813  -0.00179053    -0.00152711  -0.00054272
 -0.00436599  -0.00127698     0.00314417   0.00315749    -0.00302451  -0.00103290
    2   11
 -0.00476387   0.00292729     0.00698193  -0.00663363     0.00990312  -0.00003444
  0.00496917   0.00129239    -0.00467579  -0.00456274    -0.00496917  -0.00129239
  0.00990312  -0.00003444    -0.00698193   0.00663363    -0.00476387   0.00292729
    3    1
  0.00947805  -0.02508429     0.02186056  -0.01968387    -0.02186056   0.01968387
  0.02186056  -0.01968387     0.00947805  -0.02508429    -0.02186056   0.01968387
 -0.02186056   0.01968387    -0.02186056   0.01968387     0.00947805  -0.02508429
    3    2
 -0.01702201  -0.01025897    -0.00874566  -0.00899217     0.00874566   0.00899217
 -0.00874566  -0.00899217    -0.01702201  -0.01025897     0.00874566   0.00899217
  0.00874566   0.00899217     0.00874566   0.00899217    -0.01702201  -0.01025897
    3    3
  0.04485589   0.00000000     0.01543210  -0.00000000    -0.01543210   0.00000000
  0.01543210  -0.00000000     0.04485589   0.00000000    -0.01543210   0.00000000
 -0.01543210   0.00000000    -0.01543210   0.00000000     0.04485589   0.00000000
    3    4
 -0.00476387  -0.00292729    -0.00990312  -0.00003444    -0.00698193  -0.00663363
 -0.00990312  -0.00003444    -0.00476387  -0.00292729    -0.00698193  -0.00663363
 -0.00496917   0.00129239    -0.00496917   0.00129239    -0.00467579   0.00456274
    3    5
 -0.00302451   0.00103290     0.00436599  -0.00127698     0.00314417  -0.00315749
  0.00436599  -0.00127698    -0.00302451   0.00103290     0.00314417  -0.00315749
 -0.00152711   0.00054272    -0.00152711   0.00054272    -0.00299813   0.00179053
    3    6
 -0.01301373  -0.00011430    -0.02007006  -0.00137341     0.02007006   0.00137341
 -0.02007006  -0.00137341    -0.01301373  -0.00011430     0.02007006   0.00137341
  0.02007006   0.00137341     0.02007006   0.00137341    -0.01301373  -0.00011430
    3    7
  0.00720415   0.00256045     0.00987351   0.00467053    -0.00987351  -0.00467053
  0.00987351   0.00467053     0.00720415   0.00256045    -0.00987351  -0.00467053
 -0.00987351  -0.00467053    -0.00987351  -0.00467053     0.00720415   0.00256045
    3    8
 -0.00467579   0.00456274     0.00496917  -0.00129239    -0.00496917   0.00129239
  0.00698193   0.00663363    -0.00476387  -0.00292729     0.00990312   0.00003444
 -0.00698193  -0.00663363     0.00990312   0.00003444    -0.00476387  -0.00292729
    3    9
 -0.00299813   0.00179053     0.00152711  -0.00054272    -0.00152711   0.00054272
 -0.00314417   0.00315749    -0.00302451   0.00103290    -0.00436599   0.00127698
  0.00314417  -0.00315749    -0.00436599   0.00127698    -0.00302451   0.00103290
    3   10
 -0.00476387  -0.00292729     0.00698193   0.00663363     0.00990312   0.00003444
  0.00496917  -0.00129239    -0.00467579   0.00456274    -0.00496917   0.00129239
  0.00990312   0.00003444    -0.00698193  -0.00663363    -0.00476387  -0.00292729
    3   11
 -0.00302451   0.00103290    -0.00314417   0.00315749    -0.00436599   0.00127698
  0.00152711  -0.00054272    -0.00299813   0.00179053    -0.00152711   0.00054272
 -0.00436599   0.00127698     0.00314417  -0.00315749    -0.00302451   0.00103290
    4    1
 -0.02747047   0.01150308     0.00426784   0.00954126     0.01829765   0.00509570
  0.00426784   0.00954126    -0.02747047   0.01150308     0.01829765   0.00509570
  0.01407106   0.01484398     0.01407106   0.01484398    -0.01420558  -0.03672074
    4    2
 -0.00302451   0.00103290     0.00436599  -0.00127698    -0.00152711   0.00054272
  0.00436599  -0.00127698    -0.00302451   0.00103290    -0.00152711   0.00054272
  0.00314417  -0.00315749     0.00314417  -0.00315749    -0.00299813   0.00179053
    4    3
 -0.00476387   0.00292729    -0.00990312   0.00003444    -0.00496917  -0.00129239
 -0.00990312   0.00003444    -0.00476387   0.00292729    -0.00496917  -0.00129239
 -0.00698193   0.00663363    -0.00698193   0.00663363    -0.00467579  -0.00456274
    4    4
  0.03270560   0.00000000     0.00165512  -0.00000000    -0.00023470   0.00102639
  0.00165512  -0.00000000     0.03270560   0.00000000    -0.00023470   0.00102639
 -0.00023470  -0.00102639    -0.00023470  -0.00102639     0.02907892  -0.00000000
    4    5
  0.00192949  -0.00363442    -0.00297106  -0.00022793    -0.00010751  -0.00404931
 -0.00297106  -0.00022793     0.00192949  -0.00363442    -0.00010751  -0.00404931
 -0.00010751  -0.00404931    -0.00010751  -0.00404931    -0.00359845   0.00397180
    4    6
 -0.00060634  -0.00865914    -0.00119250  -0.00048887    -0.00254911   0.00153577
 -0.00119250  -0.00048887    -0.00060634  -0.00865914    -0.00254911   0.00153577
 -0.00239275  -0.00613666    -0.00239275  -0.00613666     0.00348905   0.00620391
    4    7
  0.00755637   0.00610207     0.00196131   0.00110564     0.00253406  -0.00238860
  0.00196131   0.00110564     0.00755637   0.00610207     0.00253406  -0.00238860
 -0.00145238   0.00367334    -0.00145238   0.00367334    -0.01283727   0.00273164
    4    8
 -0.00373943  -0.00614521     0.00146115  -0.00083796    -0.00154570   0.00000000
 -0.00347552   0.00139670     0.00703494   0.00000000    -0.00146115  -0.00083796
 -0.00130595  -0.00000000     0.00347552   0.00139670    -0.00373943   0.00614521
    4    9
  0.00944570   0.00634161    -0.00114799   0.00451030     0.00215006  -0.00462195
 -0.00108484  -0.00025059    -0.00299123  -0.01759678     0.00114799  -0.00451030
  0.00129266  -0.00156802     0.00108484   0.00025059     0.00944570   0.00634161
    4   10
  0.00703494   0.00000000    -0.00347552   0.00139670    -0.00146115  -0.00083796
  0.00146115  -0.00083796    -0.00373943  -0.00614521    -0.00154570   0.00000000
  0.00347552   0.00139670    -0.00130595  -0.00000000    -0.00373943   0.00614521
    4   11
 -0.00299123  -0.01759678    -0.00108484  -0.00025059     0.00114799  -0.00451030
 -0.00114799   0.00451030     0.00944570   0.00634161     0.00215006  -0.00462195
  0.00108484   0.00025059     0.00129266  -0.00156802     0.00944570   0.00634161
    5    1
 -0.02747047  -0.01150308     0.00426784  -0.00954126     0.01829765  -0.00509570
  0.00426784  -0.00954126    -0.02747047  -0.01150308     0.01829765  -0.00509570
  0.01407106  -0.01484398     0.01407106  -0.01484398    -0.01420558   0.03672074
    5    2
 -0.00476387  -0.00292729    -0.00990312  -0.00003444    -0.00496917   0.00129239
 -0.00990312  -0.00003444    -0.00476387  -0.00292729    -0.00496917   0.00129239
 -0.00698193  -0.00663363    -0.00698193  -0.00663363    -0.00467579   0.00456274
    5    3
 -0.00302451  -0.00103290     0.00436599   0.00127698    -0.00152711  -0.00054272
  0.00436599   0.00127698    -0.00302451  -0.00103290    -0.00152711  -0.00054272
  0.00314417   0.00315749     0.00314417   0.00315749    -0.00299813  -0.00179053
    5    4
  0.00192949   0.00363442    -0.00297106   0.00022793    -0.00010751   0.00404931
 -0.00297106   0.00022793     0.00192949   0.00363442    -0.00010751   0.00404931
 -0.00010751   0.00404931    -0.00010751   0.00404931    -0.00359845  -0.00397180
    5    5
  0.03270560  -0.00000000     0.00165512   0.00000000    -0.00023470  -0.00102639
  0.00165512   0.00000000     0.03270560  -0.00000000    -0.00023470  -0.00102639
 -0.00023470   0.00102639    -0.00023470   0.00102639     0.02907892   0.00000000
    5    6
  0.00755637  -0.00610207     0.00196131  -0.00110564     0.00253406   0.00238860
  0.00196131  -0.00110564     0.00755637  -0.00610207     0.00253406   0.00238860
 -0.00145238  -0.00367334    -0.00145238  -0.00367334    -0.01283727  -0.00273164
    5    7
 -0.00060634   0.00865914    -0.00119250   0.00048887    -0.00254911  -0.00153577
 -0.00119250   0.00048887    -0.00060634   0.00865914    -0.00254911  -0.00153577
 -0.00239275   0.00613666    -0.00239275   0.00613666     0.00348905  -0.00620391
    5    8
  0.00944570  -0.00634161    -0.00114799  -0.00451030     0.00215006   0.00462195
 -0.00108484   0.00025059    -0.00299123   0.01759678     0.00114799   0.00451030
  0.00129266   0.00156802     0.00108484  -0.00025059     0.00944570  -0.00634161
    5    9
 -0.00373943   0.00614521     0.00146115   0.00083796    -0.00154570  -0.00000000
 -0.00347552  -0.00139670     0.00703494   0.00000000    -0.00146115   0.00083796
 -0.00130595   0.00000000     0.00347552  -0.00139670    -0.00373943  -0.00614521
    5   10
 -0.00299123   0.01759678    -0.00108484   0.00025059     0.00114799   0.00451030
 -0.00114799  -0.00451030     0.00944570  -0.00634161     0.00215006   0.00462195
  0.00108484  -0.00025059     0.00129266   0.00156802     0.00944570  -0.00634161
    5   11
  0.00703494   0.00000000    -0.00347552  -0.00139670    -0.00146115   0.00083796
  0.00146115   0.00083796    -0.00373943   0.00614521    -0.00154570  -0.00000000
  0.00347552  -0.00139670    -0.00130595   0.00000000    -0.00373943  -0.00614521
    6    1
 -0.02999307  -0.01080055    -0.00704334   0.00847883     0.00704334  -0.00847883
 -0.00704334   0.00847883    -0.02999307  -0.01080055     0.00704334  -0.00847883
  0.00704334  -0.00847883     0.00704334  -0.00847883    -0.02999307  -0.01080055
    6    2
  0.00720415   0.00256045     0.00987351   0.00467053    -0.00987351  -0.00467053
  0.00987351   0.00467053     0.00720415   0.00256045    -0.00987351  -0.00467053
 -0.00987351  -0.00467053    -0.00987351  -0.00467053     0.00720415   0.00256045
    6    3
 -0.01301373   0.00011430    -0.02007006   0.00137341     0.02007006  -0.00137341
 -0.02007006   0.00137341    -0.01301373   0.00011430     0.02007006  -0.00137341
  0.02007006  -0.00137341     0.02007006  -0.00137341    -0.01301373   0.00011430
    6    4
 -0.00060634   0.00865914    -0.00119250   0.00048887    -0.00239275   0.00613666
 -0.00119250   0.00048887    -0.00060634   0.00865914    -0.00239275   0.00613666
 -0.00254911  -0.00153577    -0.00254911  -0.00153577     0.00348905  -0.00620391
    6    5
  0.00755637   0.00610207     0.00196131   0.00110564    -0.00145238   0.00367334
  0.00196131   0.00110564     0.00755637   0.00610207    -0.00145238   0.00367334
  0.00253406  -0.00238860     0.00253406  -0.00238860    -0.01283727   0.00273164
    6    6
  0.03820359  -0.00000000     0.01053293   0.00000000    -0.01053293  -0.00000000
  0.01053293   0.00000000     0.03820359  -0.00000000    -0.01053293  -0.00000000
 -0.01053293  -0.00000000    -0.01053293  -0.00000000     0.03820359  -0.00000000
    6    7
 -0.01464877   0.00135387    -0.00984732   0.00231983     0.00984732  -0.00231983
 -0.00984732   0.00231983    -0.01464877   0.00135387     0.00984732  -0.00231983
  0.00984732  -0.00231983     0.00984732  -0.00231983    -0.01464877   0.00135387
    6    8
  0.00348905  -0.00620391     0.00254911   0.00153577    -0.00254911  -0.00153577
  0.00239275  -0.00613666    -0.00060634   0.00865914     0.00119250  -0.00048887
 -0.00239275   0.00613666     0.00119250  -0.00048887    -0.00060634   0.00865914
    6    9
 -0.01283727   0.00273164    -0.00253406   0.00238860     0.00253406  -0.00238860
  0.00145238  -0.00367334     0.00755637   0.00610207    -0.00196131  -0.00110564
 -0.00145238   0.00367334    -0.00196131  -0.00110564     0.00755637   0.00610207
    6   10
 -0.00060634   0.00865914     0.00239275  -0.00613666     0.00119250  -0.00048887
  0.00254911   0.00153577     0.00348905  -0.00620391    -0.00254911  -0.00153577
  0.00119250  -0.00048887    -0.00239275   0.00613666    -0.00060634   0.00865914
    6   11
  0.00755637   0.00610207     0.00145238  -0.00367334    -0.00196131  -0.00110564
 -0.00253406   0.00238860    -0.01283727   0.00273164     0.00253406  -0.00238860
 -0.00196131  -0.00110564    -0.00145238   0.00367334     0.00755637   0.00610207
    7    1
 -0.02999307   0.01080055    -0.00704334  -0.00847883     0.00704334   0.00847883
 -0.00704334  -0.00847883    -0.02999307   0.01080055     0.00704334   0.00847883
  0.00704334   0.00847883     0.00704334   0.00847883    -0.02999307   0.01080055
    7    2
 -0.01301373  -0.00011430    -0.02007006  -0.00137341     0.02007006   0.00137341
 -0.02007006  -0.00137341    -0.01301373  -0.00011430     0.02007006   0.00137341
  0.02007006   0.00137341     0.02007006   0.00137341    -0.01301373  -0.00011430
    7    3
  0.00720415  -0.00256045     0.00987351  -0.00467053    -0.00987351   0.00467053
  0.00987351  -0.00467053     0.00720415  -0.00256045    -0.00987351   0.00467053
 -0.00987351   0.00467053    -0.00987351   0.00467053     0.00720415  -0.00256045
    7    4
  0.00755637  -0.00610207     0.00196131  -0.00110564    -0.00145238  -0.00367334
  0.00196131  -0.00110564     0.00755637  -0.00610207    -0.00145238  -0.00367334
  0.00253406   0.00238860     0.00253406   0.00238860    -0.01283727  -0.00273164
    7    5
 -0.00060634  -0.00865914    -0.00119250  -0.00048887    -0.00239275  -0.00613666
 -0.00119250  -0.00048887    -0.00060634  -0.00865914    -0.00239275  -0.00613666
 -0.00254911   0.00153577    -0.00254911   0.00153577     0.00348905   0.00620391
    7    6
 -0.01464877  -0.00135387    -0.00984732  -0.00231983     0.00984732   0.00231983
 -0.00984732  -0.00231983    -0.01464877  -0.00135387     0.00984732   0.00231983
  0.00984732   0.00231983     0.00984732   0.00231983    -0.01464877  -0.00135387
    7    7
  0.03820359   0.00000000     0.01053293  -0.00000000    -0.01053293   0.00000000
  0.01053293  -0.00000000     0.03820359   0.00000000    -0.01053293   0.00000000
 -0.01053293   0.00000000    -0.01053293   0.00000000     0.03820359   0.00000000
    7    8
 -0.01283727  -0.00273164    -0.00253406  -0.00238860     0.00253406   0.00238860
  0.00145238   0.00367334     0.00755637  -0.00610207    -0.00196131   0.00110564
 -0.00145238  -0.00367334    -0.00196131   0.00110564     0.00755637  -0.00610207
    7    9
  0.00348905   0.00620391     0.00254911  -0.00153577    -0.00254911   0.00153577
  0.00239275   0.00613666    -0.00060634  -0.00865914     0.00119250   0.00048887
 -0.00239275  -0.00613666     0.00119250   0.00048887    -0.00060634  -0.00865914
    7   10
  0.00755637  -0.00610207     0.00145238   0.00367334    -0.00196131   0.00110564
 -0.00253406  -0.00238860    -0.01283727  -0.00273164     0.00253406   0.00238860
 -0.00196131   0.00110564    -0.00145238  -0.00367334     0.00755637  -0.00610207
    7   11
 -0.00060634  -0.00865914     0.00239275   0.00613666     0.00119250   0.00048887
  0.00254911  -0.00153577     0.00348905   0.00620391    -0.00254911   0.00153577
  0.00119250   0.00048887    -0.00239275  -0.00613666    -0.00060634  -0.00865914
    8    1
 -0.01420558  -0.03672074    -0.01407106  -0.01484398     0.01407106   0.01484398
 -0.01829765  -0.00509570    -0.02747047   0.01150308    -0.00426784  -0.00954126
  0.01829765   0.00509570    -0.00426784  -0.00954126    -0.02747047   0.01150308
    8    2
 -0.00299813   0.00179053    -0.00314417   0.00315749     0.00314417  -0.00315749
  0.00152711  -0.00054272    -0.00302451   0.00103290    -0.00436599   0.00127698
 -0.00152711   0.00054272    -0.00436599   0.00127698    -0.00302451   0.00103290
    8    3
 -0.00467579  -0.00456274     0.00698193  -0.00663363    -0.00698193   0.00663363
  0.00496917   0.00129239    -0.00476387   0.00292729     0.00990312  -0.00003444
 -0.00496917  -0.00129239     0.00990312  -0.00003444    -0.00476387   0.00292729
    8    4
 -0.00373943   0.00614521    -0.00347552  -0.00139670    -0.00130595  -0.00000000
  0.00146115   0.00083796     0.00703494  -0.00000000     0.00347552  -0.00139670
 -0.00154570   0.00000000    -0.00146115   0.00083796    -0.00373943  -0.00614521
    8    5
  0.00944570   0.00634161    -0.00108484  -0.00025059     0.00129266  -0.00156802
 -0.00114799   0.00451030    -0.00299123  -0.01759678     0.00108484   0.00025059
  0.00215006  -0.00462195     0.00114799  -0.00451030     0.00944570   0.00634161
    8    6
  0.00348905   0.00620391     0.00239275   0.00613666    -0.00239275  -0.00613666
  0.00254911  -0.00153577    -0.00060634  -0.00865914     0.00119250   0.00048887
 -0.00254911   0.00153577     0.00119250   0.00048887    -0.00060634  -0.00865914
    8    7
 -0.01283727   0.00273164     0.00145238  -0.00367334    -0.00145238   0.00367334
 -0.00253406   0.00238860     0.00755637   0.00610207    -0.00196131  -0.00110564
  0.00253406  -0.00238860    -0.00196131  -0.00110564     0.00755637   0.00610207
    8    8
  0.02907892  -0.00000000     0.00023470   0.00102639    -0.00023470  -0.00102639
  0.00023470  -0.00102639     0.03270560   0.00000000    -0.00165512   0.00000000
 -0.00023470   0.00102639    -0.00165512   0.00000000     0.03270560   0.00000000
    8    9
 -0.00359845   0.00397180     0.00010751   0.00404931    -0.00010751  -0.00404931
  0.00010751   0.00404931     0.00192949  -0.00363442     0.00297106   0.00022793
 -0.00010751  -0.00404931     0.00297106   0.00022793     0.00192949  -0.00363442
    8   10
 -0.00373943   0.00614521     0.00130595   0.00000000     0.00347552   0.00139670
  0.00154570  -0.00000000    -0.00373943  -0.00614521    -0.00146115   0.00083796
 -0.00146115  -0.00083796     0.00347552  -0.00139670     0.00703494   0.00000000
    8   11
  0.00944570   0.00634161    -0.00129266   0.00156802     0.00108484   0.00025059
 -0.00215006   0.00462195     0.00944570   0.00634161     0.00114799  -0.00451030
  0.00114799  -0.00451030     0.00108484   0.00025059    -0.00299123  -0.01759678
    9    1
 -0.01420558   0.03672074    -0.01407106   0.01484398     0.01407106  -0.01484398
 -0.01829765   0.00509570    -0.02747047  -0.01150308    -0.00426784   0.00954126
  0.01829765  -0.00509570    -0.00426784   0.00954126    -0.02747047  -0.01150308
    9    2
 -0.00467579   0.00456274     0.00698193   0.00663363    -0.00698193  -0.00663363
  0.00496917  -0.00129239    -0.00476387  -0.00292729     0.00990312   0.00003444
 -0.00496917   0.00129239     0.00990312   0.00003444    -0.00476387  -0.00292729
    9    3
 -0.00299813  -0.00179053    -0.00314417  -0.00315749     0.00314417   0.00315749
  0.00152711   0.00054272    -0.00302451  -0.00103290    -0.00436599  -0.00127698
 -0.00152711  -0.00054272    -0.00436599  -0.00127698    -0.00302451  -0.00103290
    9    4
  0.00944570  -0.00634161    -0.00108484   0.00025059     0.00129266   0.00156802
 -0.00114799  -0.00451030    -0.00299123   0.01759678     0.00108484  -0.00025059
  0.00215006   0.00462195     0.00114799   0.00451030     0.00944570  -0.00634161
    9    5
 -0.00373943  -0.00614521    -0.00347552   0.00139670    -0.00130595  -0.00000000
  0.00146115  -0.00083796     0.00703494   0.00000000     0.00347552   0.00139670
 -0.00154570   0.00000000    -0.00146115  -0.00083796    -0.00373943   0.00614521
    9    6
 -0.01283727  -0.00273164     0.00145238   0.00367334    -0.00145238  -0.00367334
 -0.00253406  -0.00238860     0.00755637  -0.00610207    -0.00196131   0.00110564
  0.00253406   0.00238860    -0.00196131   0.00110564     0.00755637  -0.00610207
    9    7
  0.00348905  -0.00620391     0.00239275  -0.00613666    -0.00239275   0.00613666
  0.00254911   0.00153577    -0.00060634   0.00865914     0.00119250  -0.00048887
 -0.00254911  -0.00153577     0.00119250  -0.00048887    -0.00060634   0.00865914
    9    8
 -0.00359845  -0.00397180     0.00010751  -0.00404931    -0.00010751   0.00404931
  0.00010751  -0.00404931     0.00192949   0.00363442     0.00297106  -0.00022793
 -0.00010751   0.00404931     0.00297106  -0.00022793     0.00192949   0.00363442
    9    9
  0.02907892   0.00000000     0.00023470  -0.00102639    -0.00023470   0.00102639
  0.00023470   0.00102639     0.03270560  -0.00000000    -0.00165512  -0.00000000
 -0.00023470  -0.00102639    -0.00165512  -0.00000000     0.03270560  -0.00000000
    9   10
  0.00944570  -0.00634161    -0.00129266  -0.00156802     0.00108484  -0.00025059
 -0.00215006  -0.00462195     0.00944570  -0.00634161     0.00114799   0.00451030
  0.00114799   0.00451030     0.00108484  -0.00025059    -0.00299123   0.01759678
    9   11
 -0.00373943  -0.00614521     0.00130595  -0.00000000     0.00347552  -0.00139670
  0.00154570   0.00000000    -0.00373943   0.00614521    -0.00146115  -0.00083796
 -0.00146115   0.00083796     0.00347552   0.00139670     0.00703494   0.00000000
   10    1
 -0.02747047   0.01150308    -0.01829765  -0.00509570    -0.00426784  -0.00954126
 -0.01407106  -0.01484398    -0.01420558  -0.03672074     0.01407106   0.01484398
 -0.00426784  -0.00954126     0.01829765   0.00509570    -0.02747047   0.01150308
   10    2
 -0.00302451   0.00103290     0.00152711  -0.00054272    -0.00436599   0.00127698
 -0.00314417   0.00315749    -0.00299813   0.00179053     0.00314417  -0.00315749
 -0.00436599   0.00127698    -0.00152711   0.00054272    -0.00302451   0.00103290
   10    3
 -0.00476387   0.00292729     0.00496917   0.00129239     0.00990312  -0.00003444
  0.00698193  -0.00663363    -0.00467579  -0.00456274    -0.00698193   0.00663363
  0.00990312  -0.00003444    -0.00496917  -0.00129239    -0.00476387   0.00292729
   10    4
  0.00703494  -0.00000000     0.00146115   0.00083796     0.00347552  -0.00139670
 -0.00347552  -0.00139670    -0.00373943   0.00614521    -0.00130595   0.00000000
 -0.00146115   0.00083796    -0.00154570   0.00000000    -0.00373943  -0.00614521
   10    5
 -0.00299123  -0.01759678    -0.00114799   0.00451030     0.00108484   0.00025059
 -0.00108484  -0.00025059     0.00944570   0.00634161     0.00129266  -0.00156802
  0.00114799  -0.00451030     0.00215006  -0.00462195     0.00944570   0.00634161
   10    6
 -0.00060634  -0.00865914     0.00254911  -0.00153577     0.00119250   0.00048887
  0.00239275   0.00613666     0.00348905   0.00620391    -0.00239275  -0.00613666
  0.00119250   0.00048887    -0.00254911   0.00153577    -0.00060634  -0.00865914
   10    7
  0.00755637   0.00610207    -0.00253406   0.00238860    -0.00196131  -0.00110564
  0.00145238  -0.00367334    -0.01283727   0.00273164    -0.00145238   0.00367334
 -0.00196131  -0.00110564     0.00253406  -0.00238860     0.00755637   0.00610207
   10    8
 -0.00373943  -0.00614521     0.00154570   0.00000000    -0.00146115   0.00083796
  0.00130595  -0.00000000    -0.00373943   0.00614521     0.00347552   0.00139670
  0.00347552  -0.00139670    -0.00146115  -0.00083796     0.00703494  -0.00000000
   10    9
  0.00944570   0.00634161    -0.00215006   0.00462195     0.00114799  -0.00451030
 -0.00129266   0.00156802     0.00944570   0.00634161     0.00108484   0.00025059
  0.00108484   0.00025059     0.00114799  -0.00451030    -0.00299123  -0.01759678
   10   10
  0.03270560   0.00000000     0.00023470  -0.00102639    -0.00165512   0.00000000
  0.00023470   0.00102639     0.02907892  -0.00000000    -0.00023470  -0.00102639
 -0.00165512   0.00000000    -0.00023470   0.00102639     0.03270560   0.00000000
   10   11
  0.00192949  -0.00363442     0.00010751   0.00404931     0.00297106   0.00022793
  0.00010751   0.00404931    -0.00359845   0.00397180    -0.00010751  -0.00404931
  0.00297106   0.00022793    -0.00010751  -0.00404931     0.00192949  -0.00363442
   11    1
 -0.02747047  -0.01150308    -0.01829765   0.00509570    -0.00426784   0.00954126
 -0.01407106   0.01484398    -0.01420558   0.03672074     0.01407106  -0.01484398
 -0.00426784   0.00954126     0.01829765  -0.00509570    -0.02747047  -0.01150308
   11    2
 -0.00476387  -0.00292729     0.00496917  -0.00129239     0.00990312   0.00003444
  0.00698193   0.00663363    -0.00467579   0.00456274    -0.00698193  -0.00663363
  0.00990312   0.00003444    -0.00496917   0.00129239    -0.00476387  -0.00292729
   11    3
 -0.00302451  -0.00103290     0.00152711   0.00054272    -0.00436599  -0.00127698
 -0.00314417  -0.00315749    -0.00299813  -0.00179053     0.00314417   0.00315749
 -0.00436599  -0.00127698    -0.00152711  -0.00054272    -0.00302451  -0.00103290
   11    4
 -0.00299123   0.01759678    -0.00114799  -0.00451030     0.00108484  -0.00025059
 -0.00108484   0.00025059     0.00944570  -0.00634161     0.00129266   0.00156802
  0.00114799   0.00451030     0.00215006   0.00462195     0.00944570  -0.00634161
   11    5
  0.00703494   0.00000000     0.00146115  -0.00083796     0.00347552   0.00139670
 -0.00347552   0.00139670    -0.00373943  -0.00614521    -0.00130595   0.00000000
 -0.00146115  -0.00083796    -0.00154570   0.00000000    -0.00373943   0.00614521
   11    6
  0.00755637  -0.00610207    -0.00253406  -0.00238860    -0.00196131   0.00110564
  0.00145238   0.00367334    -0.01283727  -0.00273164    -0.00145238  -0.00367334
 -0.00196131   0.00110564     0.00253406   0.00238860     0.00755637  -0.00610207
   11    7
 -0.00060634   0.00865914     0.00254911   0.00153577     0.00119250  -0.00048887
  0.00239275  -0.00613666     0.00348905  -0.00620391    -0.00239275   0.00613666
  0.00119250  -0.00048887    -0.00254911  -0.00153577    -0.00060634   0.00865914
   11    8
  0.00944570  -0.00634161    -0.00215006  -0.00462195     0.00114799   0.00451030
 -0.00129266  -0.00156802     0.00944570  -0.00634161     0.00108484  -0.00025059
  0.00108484  -0.00025059     0.00114799   0.00451030    -0.00299123   0.01759678
   11    9
 -0.00373943   0.00614521     0.00154570  -0.00000000    -0.00146115  -0.00083796
  0.00130595   0.00000000    -0.00373943  -0.00614521     0.00347552  -0.00139670
  0.00347552   0.00139670    -0.00146115   0.00083796     0.00703494   0.00000000
   11   10
  0.00192949   0.00363442     0.00010751  -0.00404931     0.00297106  -0.00022793
  0.00010751  -0.00404931    -0.00359845  -0.00397180    -0.00010751   0.00404931
  0.00297106  -0.00022793    -0.00010751   0.00404931     0.00192949   0.00363442
   11   11
  0.03270560  -0.00000000     0.00023470   0.00102639    -0.00165512  -0.00000000
  0.00023470  -0.00102639     0.02907892   0.00000000    -0.00023470   0.00102639
 -0.00165512  -0.00000000    -0.00023470  -0.00102639     0.03270560  -0.00000000

     Dynamical  Matrix in cartesian axes

     q = (    0.117851130  -0.117851130  -0.117851130 ) 

    1    1
  0.25107790   0.00000000    -0.10897554   0.00000000    -0.10897554   0.00000000
 -0.10897554   0.00000000     0.25107790   0.00000000     0.10897554   0.00000000
 -0.10897554   0.00000000     0.10897554   0.00000000     0.25107790   0.00000000
    1    2
  0.00947805   0.02508429    -0.02186056  -0.01968387    -0.02186056  -0.01968387
 -0.02186056  -0.01968387     0.00947805   0.02508429     0.02186056   0.01968387
 -0.02186056  -0.01968387     0.02186056   0.01968387     0.00947805   0.02508429
    1    3
  0.00947805  -0.02508429    -0.02186056   0.01968387    -0.02186056   0.01968387
 -0.02186056   0.01968387     0.00947805  -0.02508429     0.02186056  -0.01968387
 -0.02186056   0.01968387     0.02186056  -0.01968387     0.00947805  -0.02508429
    1    4
 -0.01420558  -0.03672074     0.01829765   0.00509570     0.01829765   0.00509570
  0.01407106   0.01484398    -0.02747047   0.01150308     0.00426784   0.00954126
  0.01407106   0.01484398     0.00426784   0.00954126    -0.02747047   0.01150308
    1    5
 -0.01420558   0.03672074     0.01829765  -0.00509570     0.01829765  -0.00509570
  0.01407106  -0.01484398    -0.02747047  -0.01150308     0.00426784  -0.00954126
  0.01407106  -0.01484398     0.00426784  -0.00954126    -0.02747047  -0.01150308
    1    6
 -0.02747047   0.01150308     0.01407106   0.01484398    -0.00426784  -0.00954126
  0.01829765   0.00509570    -0.01420558  -0.03672074    -0.01829765  -0.00509570
 -0.00426784  -0.00954126    -0.01407106  -0.01484398    -0.02747047   0.01150308
    1    7
 -0.02747047  -0.01150308     0.01407106  -0.01484398    -0.00426784   0.00954126
  0.01829765  -0.00509570    -0.01420558   0.03672074    -0.01829765   0.00509570
 -0.00426784   0.00954126    -0.01407106   0.01484398    -0.02747047  -0.01150308
    1    8
 -0.02747047   0.01150308    -0.00426784  -0.00954126     0.01407106   0.01484398
 -0.00426784  -0.00954126    -0.02747047   0.01150308    -0.01407106  -0.01484398
  0.01829765   0.00509570    -0.01829765  -0.00509570    -0.01420558  -0.03672074
    1    9
 -0.02747047  -0.01150308    -0.00426784   0.00954126     0.01407106  -0.01484398
 -0.00426784   0.00954126    -0.02747047  -0.01150308    -0.01407106   0.01484398
  0.01829765  -0.00509570    -0.01829765   0.00509570    -0.01420558   0.03672074
    1   10
 -0.02999307  -0.01080055     0.00704334  -0.00847883     0.00704334  -0.00847883
  0.00704334  -0.00847883    -0.02999307  -0.01080055    -0.00704334   0.00847883
  0.00704334  -0.00847883    -0.00704334   0.00847883    -0.02999307  -0.01080055
    1   11
 -0.02999307   0.01080055     0.00704334   0.00847883     0.00704334   0.00847883
  0.00704334   0.00847883    -0.02999307   0.01080055    -0.00704334  -0.00847883
  0.00704334   0.00847883    -0.00704334  -0.00847883    -0.02999307   0.01080055
    2    1
  0.00947805  -0.02508429    -0.02186056   0.01968387    -0.02186056   0.01968387
 -0.02186056   0.01968387     0.00947805  -0.02508429     0.02186056  -0.01968387
 -0.02186056   0.01968387     0.02186056  -0.01968387     0.00947805  -0.02508429
    2    2
  0.04485589   0.00000000    -0.01543210   0.00000000    -0.01543210   0.00000000
 -0.01543210   0.00000000     0.04485589   0.00000000     0.01543210  -0.00000000
 -0.01543210   0.00000000     0.01543210  -0.00000000     0.04485589   0.00000000
    2    3
 -0.01702201  -0.01025897     0.00874566   0.00899217     0.00874566   0.00899217
  0.00874566   0.00899217    -0.01702201  -0.01025897    -0.00874566  -0.00899217
  0.00874566   0.00899217    -0.00874566  -0.00899217    -0.01702201  -0.01025897
    2    4
 -0.00299813   0.00179053    -0.00152711   0.00054272    -0.00152711   0.00054272
  0.00314417  -0.00315749    -0.00302451   0.00103290     0.00436599  -0.00127698
  0.00314417  -0.00315749     0.00436599  -0.00127698    -0.00302451   0.00103290
    2    5
 -0.00467579   0.00456274    -0.00496917   0.00129239    -0.00496917   0.00129239
 -0.00698193  -0.00663363    -0.00476387  -0.00292729    -0.00990312  -0.00003444
 -0.00698193  -0.00663363    -0.00990312  -0.00003444    -0.00476387  -0.00292729
    2    6
 -0.00302451   0.00103290     0.00314417  -0.00315749    -0.00436599   0.00127698
 -0.00152711   0.00054272    -0.00299813   0.00179053     0.00152711  -0.00054272
 -0.00436599   0.00127698    -0.00314417   0.00315749    -0.00302451   0.00103290
    2    7
 -0.00476387  -0.00292729    -0.00698193  -0.00663363     0.00990312   0.00003444
 -0.00496917   0.00129239    -0.00467579   0.00456274     0.00496917  -0.00129239
  0.00990312   0.00003444     0.00698193   0.00663363    -0.00476387  -0.00292729
    2    8
 -0.00302451   0.00103290    -0.00436599   0.00127698     0.00314417  -0.00315749
 -0.00436599   0.00127698    -0.00302451   0.00103290    -0.00314417   0.00315749
 -0.00152711   0.00054272     0.00152711  -0.00054272    -0.00299813   0.00179053
    2    9
 -0.00476387  -0.00292729     0.00990312   0.00003444    -0.00698193  -0.00663363
  0.00990312   0.00003444    -0.00476387  -0.00292729     0.00698193   0.00663363
 -0.00496917   0.00129239     0.00496917  -0.00129239    -0.00467579   0.00456274
    2   10
  0.00720415   0.00256045    -0.00987351  -0.00467053    -0.00987351  -0.00467053
 -0.00987351  -0.00467053     0.00720415   0.00256045     0.00987351   0.00467053
 -0.00987351  -0.00467053     0.00987351   0.00467053     0.00720415   0.00256045
    2   11
 -0.01301373  -0.00011430     0.02007006   0.00137341     0.02007006   0.00137341
  0.02007006   0.00137341    -0.01301373  -0.00011430    -0.02007006  -0.00137341
  0.02007006   0.00137341    -0.02007006  -0.00137341    -0.01301373  -0.00011430
    3    1
  0.00947805   0.02508429    -0.02186056  -0.01968387    -0.02186056  -0.01968387
 -0.02186056  -0.01968387     0.00947805   0.02508429     0.02186056   0.01968387
 -0.02186056  -0.01968387     0.02186056   0.01968387     0.00947805   0.02508429
    3    2
 -0.01702201   0.01025897     0.00874566  -0.00899217     0.00874566  -0.00899217
  0.00874566  -0.00899217    -0.01702201   0.01025897    -0.00874566   0.00899217
  0.00874566  -0.00899217    -0.00874566   0.00899217    -0.01702201   0.01025897
    3    3
  0.04485589  -0.00000000    -0.01543210  -0.00000000    -0.01543210  -0.00000000
 -0.01543210  -0.00000000     0.04485589  -0.00000000     0.01543210   0.00000000
 -0.01543210  -0.00000000     0.01543210   0.00000000     0.04485589  -0.00000000
    3    4
 -0.00467579  -0.00456274    -0.00496917  -0.00129239    -0.00496917  -0.00129239
 -0.00698193   0.00663363    -0.00476387   0.00292729    -0.00990312   0.00003444
 -0.00698193   0.00663363    -0.00990312   0.00003444    -0.00476387   0.00292729
    3    5
 -0.00299813  -0.00179053    -0.00152711  -0.00054272    -0.00152711  -0.00054272
  0.00314417   0.00315749    -0.00302451  -0.00103290     0.00436599   0.00127698
  0.00314417   0.00315749     0.00436599   0.00127698    -0.00302451  -0.00103290
    3    6
 -0.00476387   0.00292729    -0.00698193   0.00663363     0.00990312  -0.00003444
 -0.00496917  -0.00129239    -0.00467579  -0.00456274     0.00496917   0.00129239
  0.00990312  -0.00003444     0.00698193  -0.00663363    -0.00476387   0.00292729
    3    7
 -0.00302451  -0.00103290     0.00314417   0.00315749    -0.00436599  -0.00127698
 -0.00152711  -0.00054272    -0.00299813  -0.00179053     0.00152711   0.00054272
 -0.00436599  -0.00127698    -0.00314417  -0.00315749    -0.00302451  -0.00103290
    3    8
 -0.00476387   0.00292729     0.00990312  -0.00003444    -0.00698193   0.00663363
  0.00990312  -0.00003444    -0.00476387   0.00292729     0.00698193  -0.00663363
 -0.00496917  -0.00129239     0.00496917   0.00129239    -0.00467579  -0.00456274
    3    9
 -0.00302451  -0.00103290    -0.00436599  -0.00127698     0.00314417   0.00315749
 -0.00436599  -0.00127698    -0.00302451  -0.00103290    -0.00314417  -0.00315749
 -0.00152711  -0.00054272     0.00152711   0.00054272    -0.00299813  -0.00179053
    3   10
 -0.01301373   0.00011430     0.02007006  -0.00137341     0.02007006  -0.00137341
  0.02007006  -0.00137341    -0.01301373   0.00011430    -0.02007006   0.00137341
  0.02007006  -0.00137341    -0.02007006   0.00137341    -0.01301373   0.00011430
    3   11
  0.00720415  -0.00256045    -0.00987351   0.00467053    -0.00987351   0.00467053
 -0.00987351   0.00467053     0.00720415  -0.00256045     0.00987351  -0.00467053
 -0.00987351   0.00467053     0.00987351  -0.00467053     0.00720415  -0.00256045
    4    1
 -0.01420558   0.03672074     0.01407106  -0.01484398     0.01407106  -0.01484398
