  3.500000000000000E-002   1.62595643165958        4.90373158411627     
           6

     Dynamical  Matrix in cartesian axes

     q = (    0.471404521   0.000000000   0.000000000 ) 

    1    1
  0.25502914   0.00000000    -0.00000000   0.00000000     0.00000000   0.00000000
 -0.00000000   0.00000000     0.10697741   0.00000000     0.00000000   0.00000000
  0.00000000   0.00000000     0.00000000   0.00000000     0.10697741   0.00000000
    1    2
  0.01256307   0.02175988    -0.00000000  -0.00000000     0.00000000   0.00000000
  0.00000000   0.00000000    -0.01251723  -0.02168047    -0.02659950   0.01535723
 -0.00000000  -0.00000000    -0.02659950   0.01535723    -0.01251723  -0.02168047
    1    3
  0.01256307  -0.02175988    -0.00000000   0.00000000     0.00000000  -0.00000000
  0.00000000  -0.00000000    -0.01251723   0.02168047    -0.02659950  -0.01535723
 -0.00000000   0.00000000    -0.02659950  -0.01535723    -0.01251723   0.02168047
    1    4
 -0.00513751  -0.00591734     0.01202761   0.00941665     0.01202761   0.00941665
  0.01157719  -0.00744559     0.00770094   0.00161278     0.00790376  -0.00228463
  0.01157719  -0.00744559     0.00790376  -0.00228463     0.00770094   0.00161278
    1    5
 -0.00513751   0.00591734     0.01202761  -0.00941665     0.01202761  -0.00941665
  0.01157719   0.00744559     0.00770094  -0.00161278     0.00790376   0.00228463
  0.01157719   0.00744559     0.00790376   0.00228463     0.00770094  -0.00161278
    1    6
  0.00769333   0.00149054    -0.01416886  -0.00570789     0.01416886   0.00570789
  0.00065947  -0.01374893    -0.00524718  -0.00586282     0.00197333   0.00798717
 -0.00065947   0.01374893     0.00197333   0.00798717    -0.00524718  -0.00586282
    1    7
  0.00769333  -0.00149054    -0.01416886   0.00570789     0.01416886  -0.00570789
  0.00065947   0.01374893    -0.00524718   0.00586282     0.00197333  -0.00798717
 -0.00065947  -0.01374893     0.00197333  -0.00798717    -0.00524718   0.00586282
    1    8
  0.00769333   0.00149054     0.01416886   0.00570789    -0.01416886  -0.00570789
 -0.00065947   0.01374893    -0.00524718  -0.00586282     0.00197333   0.00798717
  0.00065947  -0.01374893     0.00197333   0.00798717    -0.00524718  -0.00586282
    1    9
  0.00769333  -0.00149054     0.01416886  -0.00570789    -0.01416886   0.00570789
 -0.00065947  -0.01374893    -0.00524718   0.00586282     0.00197333  -0.00798717
  0.00065947   0.01374893     0.00197333  -0.00798717    -0.00524718   0.00586282
    1   10
 -0.00513751  -0.00591734    -0.01202761  -0.00941665    -0.01202761  -0.00941665
 -0.01157719   0.00744559     0.00770094   0.00161278     0.00790376  -0.00228463
 -0.01157719   0.00744559     0.00790376  -0.00228463     0.00770094   0.00161278
    1   11
 -0.00513751   0.00591734    -0.01202761   0.00941665    -0.01202761   0.00941665
 -0.01157719  -0.00744559     0.00770094  -0.00161278     0.00790376   0.00228463
 -0.01157719  -0.00744559     0.00790376   0.00228463     0.00770094  -0.00161278
    2    1
  0.01256307  -0.02175988    -0.00000000  -0.00000000    -0.00000000   0.00000000
 -0.00000000  -0.00000000    -0.01251723   0.02168047    -0.02659950  -0.01535723
 -0.00000000   0.00000000    -0.02659950  -0.01535723    -0.01251723   0.02168047
    2    2
  0.07105278  -0.00000000     0.00000000  -0.00000000    -0.00000000  -0.00000000
  0.00000000   0.00000000     0.03879236   0.00000000    -0.00000000  -0.00000000
 -0.00000000   0.00000000    -0.00000000  -0.00000000     0.03879236  -0.00000000
    2    3
  0.00031609   0.00054749    -0.00000000   0.00000000     0.00000000  -0.00000000
 -0.00000000   0.00000000    -0.00144378  -0.00250069     0.01393750  -0.00804682
  0.00000000   0.00000000     0.01393750  -0.00804682    -0.00144378  -0.00250069
    2    4
 -0.00769057  -0.01204993     0.00195126   0.00098168     0.00195126   0.00098168
 -0.00387507   0.00334227    -0.00313125   0.00456276    -0.00099977   0.00666634
 -0.00387507   0.00334227    -0.00099977   0.00666634    -0.00313125   0.00456276
    2    5
 -0.00030084  -0.00275351    -0.01498926   0.00112305    -0.01498926   0.00112305
 -0.00966863  -0.00180094    -0.01018521   0.00069653    -0.01243871  -0.00269401
 -0.00966863  -0.00180094    -0.01243871  -0.00269401    -0.01018521   0.00069653
    2    6
 -0.00659026  -0.01268519    -0.00012547   0.00218068     0.00012547  -0.00218068
  0.00483202  -0.00168477     0.00551710  -0.00043036    -0.00627311  -0.00246735
 -0.00483202   0.00168477    -0.00627311  -0.00246735     0.00551710  -0.00043036
    2    7
 -0.00030084   0.00275351    -0.01498926  -0.00112305     0.01498926   0.00112305
 -0.00966863   0.00180094    -0.01018521  -0.00069653     0.01243871  -0.00269401
  0.00966863  -0.00180094     0.01243871  -0.00269401    -0.01018521  -0.00069653
    2    8
 -0.00659026  -0.01268519     0.00012547  -0.00218068    -0.00012547   0.00218068
 -0.00483202   0.00168477     0.00551710  -0.00043036    -0.00627311  -0.00246735
  0.00483202  -0.00168477    -0.00627311  -0.00246735     0.00551710  -0.00043036
    2    9
 -0.00030084   0.00275351     0.01498926   0.00112305    -0.01498926  -0.00112305
  0.00966863  -0.00180094    -0.01018521  -0.00069653     0.01243871  -0.00269401
 -0.00966863   0.00180094     0.01243871  -0.00269401    -0.01018521  -0.00069653
    2   10
 -0.00769057  -0.01204993    -0.00195126  -0.00098168    -0.00195126  -0.00098168
  0.00387507  -0.00334227    -0.00313125   0.00456276    -0.00099977   0.00666634
  0.00387507  -0.00334227    -0.00099977   0.00666634    -0.00313125   0.00456276
    2   11
 -0.00030084  -0.00275351     0.01498926  -0.00112305     0.01498926  -0.00112305
  0.00966863   0.00180094    -0.01018521   0.00069653    -0.01243871  -0.00269401
  0.00966863   0.00180094    -0.01243871  -0.00269401    -0.01018521   0.00069653
    3    1
  0.01256307   0.02175988    -0.00000000   0.00000000    -0.00000000  -0.00000000
 -0.00000000   0.00000000    -0.01251723  -0.02168047    -0.02659950   0.01535723
 -0.00000000  -0.00000000    -0.02659950   0.01535723    -0.01251723  -0.02168047
    3    2
  0.00031609  -0.00054749    -0.00000000  -0.00000000     0.00000000   0.00000000
 -0.00000000  -0.00000000    -0.00144378   0.00250069     0.01393750   0.00804682
  0.00000000  -0.00000000     0.01393750   0.00804682    -0.00144378   0.00250069
    3    3
  0.07105278   0.00000000     0.00000000   0.00000000    -0.00000000   0.00000000
  0.00000000  -0.00000000     0.03879236  -0.00000000    -0.00000000   0.00000000
 -0.00000000  -0.00000000    -0.00000000   0.00000000     0.03879236   0.00000000
    3    4
 -0.00030084   0.00275351    -0.01498926  -0.00112305    -0.01498926  -0.00112305
 -0.00966863   0.00180094    -0.01018521  -0.00069653    -0.01243871   0.00269401
 -0.00966863   0.00180094    -0.01243871   0.00269401    -0.01018521  -0.00069653
    3    5
 -0.00769057   0.01204993     0.00195126  -0.00098168     0.00195126  -0.00098168
 -0.00387507  -0.00334227    -0.00313125  -0.00456276    -0.00099977  -0.00666634
 -0.00387507  -0.00334227    -0.00099977  -0.00666634    -0.00313125  -0.00456276
    3    6
 -0.00030084  -0.00275351    -0.01498926   0.00112305     0.01498926  -0.00112305
 -0.00966863  -0.00180094    -0.01018521   0.00069653     0.01243871   0.00269401
  0.00966863   0.00180094     0.01243871   0.00269401    -0.01018521   0.00069653
    3    7
 -0.00659026   0.01268519    -0.00012547  -0.00218068     0.00012547   0.00218068
  0.00483202   0.00168477     0.00551710   0.00043036    -0.00627311   0.00246735
 -0.00483202  -0.00168477    -0.00627311   0.00246735     0.00551710   0.00043036
    3    8
 -0.00030084  -0.00275351     0.01498926  -0.00112305    -0.01498926   0.00112305
  0.00966863   0.00180094    -0.01018521   0.00069653     0.01243871   0.00269401
 -0.00966863  -0.00180094     0.01243871   0.00269401    -0.01018521   0.00069653
    3    9
 -0.00659026   0.01268519     0.00012547   0.00218068    -0.00012547  -0.00218068
 -0.00483202  -0.00168477     0.00551710   0.00043036    -0.00627311   0.00246735
  0.00483202   0.00168477    -0.00627311   0.00246735     0.00551710   0.00043036
    3   10
 -0.00030084   0.00275351     0.01498926   0.00112305     0.01498926   0.00112305
  0.00966863  -0.00180094    -0.01018521  -0.00069653    -0.01243871   0.00269401
  0.00966863  -0.00180094    -0.01243871   0.00269401    -0.01018521  -0.00069653
    3   11
 -0.00769057   0.01204993    -0.00195126   0.00098168    -0.00195126   0.00098168
  0.00387507   0.00334227    -0.00313125  -0.00456276    -0.00099977  -0.00666634
  0.00387507   0.00334227    -0.00099977  -0.00666634    -0.00313125  -0.00456276
    4    1
 -0.00513751   0.00591734     0.01157719   0.00744559     0.01157719   0.00744559
  0.01202761  -0.00941665     0.00770094  -0.00161278     0.00790376   0.00228463
  0.01202761  -0.00941665     0.00790376   0.00228463     0.00770094  -0.00161278
    4    2
 -0.00769057   0.01204993    -0.00387507  -0.00334227    -0.00387507  -0.00334227
  0.00195126  -0.00098168    -0.00313125  -0.00456276    -0.00099977  -0.00666634
  0.00195126  -0.00098168    -0.00099977  -0.00666634    -0.00313125  -0.00456276
    4    3
 -0.00030084  -0.00275351    -0.00966863  -0.00180094    -0.00966863  -0.00180094
 -0.01498926   0.00112305    -0.01018521   0.00069653    -0.01243871  -0.00269401
 -0.01498926   0.00112305    -0.01243871  -0.00269401    -0.01018521   0.00069653
    4    4
  0.03346075   0.00000000    -0.00127713   0.00011924    -0.00127713   0.00011924
 -0.00127713  -0.00011924     0.03322173   0.00000000     0.00971589  -0.00000000
 -0.00127713  -0.00011924     0.00971589  -0.00000000     0.03322173   0.00000000
    4    5
  0.00597712   0.00092150     0.00148613   0.00186341     0.00148613   0.00186341
  0.00148613   0.00186341     0.00294388   0.00464060    -0.00154721   0.00318361
  0.00148613   0.00186341    -0.00154721   0.00318361     0.00294388   0.00464060
    4    6
  0.00492439  -0.00098293    -0.00064166   0.00084427     0.00125691  -0.00247824
 -0.00064166   0.00084427    -0.00256348  -0.00467452     0.00105736   0.00081353
 -0.00125691   0.00247824    -0.00105736  -0.00081353    -0.00062117   0.00119745
    4    7
 -0.00041855   0.00072494     0.00216634  -0.00483482    -0.00219956   0.00349879
  0.00310391  -0.00429352    -0.00212706   0.00368418    -0.00018913  -0.00171126
  0.00193026  -0.00365427    -0.00157656   0.00069184     0.00700893  -0.01213982
    4    8
  0.00492439  -0.00098293     0.00125691  -0.00247824    -0.00064166   0.00084427
 -0.00125691   0.00247824    -0.00062117   0.00119745    -0.00105736  -0.00081353
 -0.00064166   0.00084427     0.00105736   0.00081353    -0.00256348  -0.00467452
    4    9
 -0.00041855   0.00072494    -0.00219956   0.00349879     0.00216634  -0.00483482
  0.00193026  -0.00365427     0.00700893  -0.01213982    -0.00157656   0.00069184
  0.00310391  -0.00429352    -0.00018913  -0.00171126    -0.00212706   0.00368418
    4   10
  0.00117305  -0.00000000     0.00553476   0.00116713     0.00553476   0.00116713
 -0.00553476   0.00116713     0.00038916   0.00000000     0.00419311  -0.00000000
 -0.00553476   0.00116713     0.00419311   0.00000000     0.00038916   0.00000000
    4   11
  0.00950612   0.00790542     0.00289702   0.00459272     0.00289702   0.00459272
 -0.00289702  -0.00459272    -0.00623494   0.00989863    -0.00095520   0.00652514
 -0.00289702  -0.00459272    -0.00095520   0.00652514    -0.00623494   0.00989863
    5    1
 -0.00513751  -0.00591734     0.01157719  -0.00744559     0.01157719  -0.00744559
  0.01202761   0.00941665     0.00770094   0.00161278     0.00790376  -0.00228463
  0.01202761   0.00941665     0.00790376  -0.00228463     0.00770094   0.00161278
    5    2
 -0.00030084   0.00275351    -0.00966863   0.00180094    -0.00966863   0.00180094
 -0.01498926  -0.00112305    -0.01018521  -0.00069653    -0.01243871   0.00269401
 -0.01498926  -0.00112305    -0.01243871   0.00269401    -0.01018521  -0.00069653
    5    3
 -0.00769057  -0.01204993    -0.00387507   0.00334227    -0.00387507   0.00334227
  0.00195126   0.00098168    -0.00313125   0.00456276    -0.00099977   0.00666634
  0.00195126   0.00098168    -0.00099977   0.00666634    -0.00313125   0.00456276
    5    4
  0.00597712  -0.00092150     0.00148613  -0.00186341     0.00148613  -0.00186341
  0.00148613  -0.00186341     0.00294388  -0.00464060    -0.00154721  -0.00318361
  0.00148613  -0.00186341    -0.00154721  -0.00318361     0.00294388  -0.00464060
    5    5
  0.03346075  -0.00000000    -0.00127713  -0.00011924    -0.00127713  -0.00011924
 -0.00127713   0.00011924     0.03322173  -0.00000000     0.00971589   0.00000000
 -0.00127713   0.00011924     0.00971589   0.00000000     0.03322173  -0.00000000
    5    6
 -0.00041855  -0.00072494     0.00216634   0.00483482    -0.00219956  -0.00349879
  0.00310391   0.00429352    -0.00212706  -0.00368418    -0.00018913   0.00171126
  0.00193026   0.00365427    -0.00157656  -0.00069184     0.00700893   0.01213982
    5    7
  0.00492439   0.00098293    -0.00064166  -0.00084427     0.00125691   0.00247824
 -0.00064166  -0.00084427    -0.00256348   0.00467452     0.00105736  -0.00081353
 -0.00125691  -0.00247824    -0.00105736   0.00081353    -0.00062117  -0.00119745
    5    8
 -0.00041855  -0.00072494    -0.00219956  -0.00349879     0.00216634   0.00483482
  0.00193026   0.00365427     0.00700893   0.01213982    -0.00157656  -0.00069184
  0.00310391   0.00429352    -0.00018913   0.00171126    -0.00212706  -0.00368418
    5    9
  0.00492439   0.00098293     0.00125691   0.00247824    -0.00064166  -0.00084427
 -0.00125691  -0.00247824    -0.00062117  -0.00119745    -0.00105736   0.00081353
 -0.00064166  -0.00084427     0.00105736  -0.00081353    -0.00256348   0.00467452
    5   10
  0.00950612  -0.00790542     0.00289702  -0.00459272     0.00289702  -0.00459272
 -0.00289702   0.00459272    -0.00623494  -0.00989863    -0.00095520  -0.00652514
 -0.00289702   0.00459272    -0.00095520  -0.00652514    -0.00623494  -0.00989863
    5   11
  0.00117305  -0.00000000     0.00553476  -0.00116713     0.00553476  -0.00116713
 -0.00553476  -0.00116713     0.00038916   0.00000000     0.00419311   0.00000000
 -0.00553476  -0.00116713     0.00419311  -0.00000000     0.00038916   0.00000000
    6    1
  0.00769333  -0.00149054     0.00065947   0.01374893    -0.00065947  -0.01374893
 -0.01416886   0.00570789    -0.00524718   0.00586282     0.00197333  -0.00798717
  0.01416886  -0.00570789     0.00197333  -0.00798717    -0.00524718   0.00586282
    6    2
 -0.00659026   0.01268519     0.00483202   0.00168477    -0.00483202  -0.00168477
 -0.00012547  -0.00218068     0.00551710   0.00043036    -0.00627311   0.00246735
  0.00012547   0.00218068    -0.00627311   0.00246735     0.00551710   0.00043036
    6    3
 -0.00030084   0.00275351    -0.00966863   0.00180094     0.00966863  -0.00180094
 -0.01498926  -0.00112305    -0.01018521  -0.00069653     0.01243871  -0.00269401
  0.01498926   0.00112305     0.01243871  -0.00269401    -0.01018521  -0.00069653
    6    4
  0.00492439   0.00098293    -0.00064166  -0.00084427    -0.00125691  -0.00247824
 -0.00064166  -0.00084427    -0.00256348   0.00467452    -0.00105736   0.00081353
  0.00125691   0.00247824     0.00105736  -0.00081353    -0.00062117  -0.00119745
    6    5
 -0.00041855   0.00072494     0.00310391  -0.00429352     0.00193026  -0.00365427
  0.00216634  -0.00483482    -0.00212706   0.00368418    -0.00157656   0.00069184
 -0.00219956   0.00349879    -0.00018913  -0.00171126     0.00700893  -0.01213982
    6    6
  0.03346075  -0.00000000    -0.00127713  -0.00011924     0.00127713   0.00011924
 -0.00127713   0.00011924     0.03322173  -0.00000000    -0.00971589  -0.00000000
  0.00127713  -0.00011924    -0.00971589  -0.00000000     0.03322173  -0.00000000
    6    7
 -0.00378660  -0.00471558    -0.00235683  -0.00035532     0.00235683   0.00035532
 -0.00235683  -0.00035532    -0.00549082  -0.00022918     0.00198348  -0.00293173
  0.00235683   0.00035532     0.00198348  -0.00293173    -0.00549082  -0.00022918
    6    8
  0.00117305   0.00000000     0.00553476  -0.00116713    -0.00553476   0.00116713
 -0.00553476  -0.00116713     0.00038916   0.00000000    -0.00419311   0.00000000
  0.00553476   0.00116713    -0.00419311   0.00000000     0.00038916   0.00000000
    6    9
 -0.01159936  -0.00427983    -0.00542592  -0.00021253     0.00542592   0.00021253
  0.00542592   0.00021253    -0.00545500   0.01034893     0.00517333  -0.00408979
 -0.00542592  -0.00021253     0.00517333  -0.00408979    -0.00545500   0.01034893
    6   10
  0.00492439   0.00098293     0.00125691   0.00247824     0.00064166   0.00084427
 -0.00125691  -0.00247824    -0.00062117  -0.00119745     0.00105736  -0.00081353
  0.00064166   0.00084427    -0.00105736   0.00081353    -0.00256348   0.00467452
    6   11
 -0.00041855   0.00072494    -0.00193026   0.00365427    -0.00310391   0.00429352
  0.00219956  -0.00349879     0.00700893  -0.01213982    -0.00018913  -0.00171126
 -0.00216634   0.00483482    -0.00157656   0.00069184    -0.00212706   0.00368418
    7    1
  0.00769333   0.00149054     0.00065947  -0.01374893    -0.00065947   0.01374893
 -0.01416886  -0.00570789    -0.00524718  -0.00586282     0.00197333   0.00798717
  0.01416886   0.00570789     0.00197333   0.00798717    -0.00524718  -0.00586282
    7    2
 -0.00030084  -0.00275351    -0.00966863  -0.00180094     0.00966863   0.00180094
 -0.01498926   0.00112305    -0.01018521   0.00069653     0.01243871   0.00269401
  0.01498926  -0.00112305     0.01243871   0.00269401    -0.01018521   0.00069653
    7    3
 -0.00659026  -0.01268519     0.00483202  -0.00168477    -0.00483202   0.00168477
 -0.00012547   0.00218068     0.00551710  -0.00043036    -0.00627311  -0.00246735
  0.00012547  -0.00218068    -0.00627311  -0.00246735     0.00551710  -0.00043036
    7    4
 -0.00041855  -0.00072494     0.00310391   0.00429352     0.00193026   0.00365427
  0.00216634   0.00483482    -0.00212706  -0.00368418    -0.00157656  -0.00069184
 -0.00219956  -0.00349879    -0.00018913   0.00171126     0.00700893   0.01213982
    7    5
  0.00492439  -0.00098293    -0.00064166   0.00084427    -0.00125691   0.00247824
 -0.00064166   0.00084427    -0.00256348  -0.00467452    -0.00105736  -0.00081353
  0.00125691  -0.00247824     0.00105736   0.00081353    -0.00062117   0.00119745
    7    6
 -0.00378660   0.00471558    -0.00235683   0.00035532     0.00235683  -0.00035532
 -0.00235683   0.00035532    -0.00549082   0.00022918     0.00198348   0.00293173
  0.00235683  -0.00035532     0.00198348   0.00293173    -0.00549082   0.00022918
    7    7
  0.03346075   0.00000000    -0.00127713   0.00011924     0.00127713  -0.00011924
 -0.00127713  -0.00011924     0.03322173   0.00000000    -0.00971589   0.00000000
  0.00127713   0.00011924    -0.00971589   0.00000000     0.03322173   0.00000000
    7    8
 -0.01159936   0.00427983    -0.00542592   0.00021253     0.00542592  -0.00021253
  0.00542592  -0.00021253    -0.00545500  -0.01034893     0.00517333   0.00408979
 -0.00542592   0.00021253     0.00517333   0.00408979    -0.00545500  -0.01034893
    7    9
  0.00117305  -0.00000000     0.00553476   0.00116713    -0.00553476  -0.00116713
 -0.00553476   0.00116713     0.00038916  -0.00000000    -0.00419311   0.00000000
  0.00553476  -0.00116713    -0.00419311   0.00000000     0.00038916  -0.00000000
    7   10
 -0.00041855  -0.00072494    -0.00193026  -0.00365427    -0.00310391  -0.00429352
  0.00219956   0.00349879     0.00700893   0.01213982    -0.00018913   0.00171126
 -0.00216634  -0.00483482    -0.00157656  -0.00069184    -0.00212706  -0.00368418
    7   11
  0.00492439  -0.00098293     0.00125691  -0.00247824     0.00064166  -0.00084427
 -0.00125691   0.00247824    -0.00062117   0.00119745     0.00105736   0.00081353
  0.00064166  -0.00084427    -0.00105736  -0.00081353    -0.00256348  -0.00467452
    8    1
  0.00769333  -0.00149054    -0.00065947  -0.01374893     0.00065947   0.01374893
  0.01416886  -0.00570789    -0.00524718   0.00586282     0.00197333  -0.00798717
 -0.01416886   0.00570789     0.00197333  -0.00798717    -0.00524718   0.00586282
    8    2
 -0.00659026   0.01268519    -0.00483202  -0.00168477     0.00483202   0.00168477
  0.00012547   0.00218068     0.00551710   0.00043036    -0.00627311   0.00246735
 -0.00012547  -0.00218068    -0.00627311   0.00246735     0.00551710   0.00043036
    8    3
 -0.00030084   0.00275351     0.00966863  -0.00180094    -0.00966863   0.00180094
  0.01498926   0.00112305    -0.01018521  -0.00069653     0.01243871  -0.00269401
 -0.01498926  -0.00112305     0.01243871  -0.00269401    -0.01018521  -0.00069653
    8    4
  0.00492439   0.00098293    -0.00125691  -0.00247824    -0.00064166  -0.00084427
  0.00125691   0.00247824    -0.00062117  -0.00119745     0.00105736  -0.00081353
 -0.00064166  -0.00084427    -0.00105736   0.00081353    -0.00256348   0.00467452
    8    5
 -0.00041855   0.00072494     0.00193026  -0.00365427     0.00310391  -0.00429352
 -0.00219956   0.00349879     0.00700893  -0.01213982    -0.00018913  -0.00171126
  0.00216634  -0.00483482    -0.00157656   0.00069184    -0.00212706   0.00368418
    8    6
  0.00117305  -0.00000000    -0.00553476   0.00116713     0.00553476  -0.00116713
  0.00553476   0.00116713     0.00038916   0.00000000    -0.00419311  -0.00000000
 -0.00553476  -0.00116713    -0.00419311  -0.00000000     0.00038916   0.00000000
    8    7
 -0.01159936  -0.00427983     0.00542592   0.00021253    -0.00542592  -0.00021253
 -0.00542592  -0.00021253    -0.00545500   0.01034893     0.00517333  -0.00408979
  0.00542592   0.00021253     0.00517333  -0.00408979    -0.00545500   0.01034893
    8    8
  0.03346075  -0.00000000     0.00127713   0.00011924    -0.00127713  -0.00011924
  0.00127713  -0.00011924     0.03322173  -0.00000000    -0.00971589  -0.00000000
 -0.00127713   0.00011924    -0.00971589  -0.00000000     0.03322173  -0.00000000
    8    9
 -0.00378660  -0.00471558     0.00235683   0.00035532    -0.00235683  -0.00035532
  0.00235683   0.00035532    -0.00549082  -0.00022918     0.00198348  -0.00293173
 -0.00235683  -0.00035532     0.00198348  -0.00293173    -0.00549082  -0.00022918
    8   10
  0.00492439   0.00098293     0.00064166   0.00084427     0.00125691   0.00247824
  0.00064166   0.00084427    -0.00256348   0.00467452    -0.00105736   0.00081353
 -0.00125691  -0.00247824     0.00105736  -0.00081353    -0.00062117  -0.00119745
    8   11
 -0.00041855   0.00072494    -0.00310391   0.00429352    -0.00193026   0.00365427
 -0.00216634   0.00483482    -0.00212706   0.00368418    -0.00157656   0.00069184
  0.00219956  -0.00349879    -0.00018913  -0.00171126     0.00700893  -0.01213982
    9    1
  0.00769333   0.00149054    -0.00065947   0.01374893     0.00065947  -0.01374893
  0.01416886   0.00570789    -0.00524718  -0.00586282     0.00197333   0.00798717
 -0.01416886  -0.00570789     0.00197333   0.00798717    -0.00524718  -0.00586282
    9    2
 -0.00030084  -0.00275351     0.00966863   0.00180094    -0.00966863  -0.00180094
  0.01498926  -0.00112305    -0.01018521   0.00069653     0.01243871   0.00269401
 -0.01498926   0.00112305     0.01243871   0.00269401    -0.01018521   0.00069653
    9    3
 -0.00659026  -0.01268519    -0.00483202   0.00168477     0.00483202  -0.00168477
  0.00012547  -0.00218068     0.00551710  -0.00043036    -0.00627311  -0.00246735
 -0.00012547   0.00218068    -0.00627311  -0.00246735     0.00551710  -0.00043036
    9    4
 -0.00041855  -0.00072494     0.00193026   0.00365427     0.00310391   0.00429352
 -0.00219956  -0.00349879     0.00700893   0.01213982    -0.00018913   0.00171126
  0.00216634   0.00483482    -0.00157656  -0.00069184    -0.00212706  -0.00368418
    9    5
  0.00492439  -0.00098293    -0.00125691   0.00247824    -0.00064166   0.00084427
  0.00125691  -0.00247824    -0.00062117   0.00119745     0.00105736   0.00081353
 -0.00064166   0.00084427    -0.00105736  -0.00081353    -0.00256348  -0.00467452
    9    6
 -0.01159936   0.00427983     0.00542592  -0.00021253    -0.00542592   0.00021253
 -0.00542592   0.00021253    -0.00545500  -0.01034893     0.00517333   0.00408979
  0.00542592  -0.00021253     0.00517333   0.00408979    -0.00545500  -0.01034893
    9    7
  0.00117305   0.00000000    -0.00553476  -0.00116713     0.00553476   0.00116713
  0.00553476  -0.00116713     0.00038916  -0.00000000    -0.00419311   0.00000000
 -0.00553476   0.00116713    -0.00419311   0.00000000     0.00038916  -0.00000000
    9    8
 -0.00378660   0.00471558     0.00235683  -0.00035532    -0.00235683   0.00035532
  0.00235683  -0.00035532    -0.00549082   0.00022918     0.00198348   0.00293173
 -0.00235683   0.00035532     0.00198348   0.00293173    -0.00549082   0.00022918
    9    9
  0.03346075   0.00000000     0.00127713  -0.00011924    -0.00127713   0.00011924
  0.00127713   0.00011924     0.03322173   0.00000000    -0.00971589   0.00000000
 -0.00127713  -0.00011924    -0.00971589   0.00000000     0.03322173   0.00000000
    9   10
 -0.00041855  -0.00072494    -0.00310391  -0.00429352    -0.00193026  -0.00365427
 -0.00216634  -0.00483482    -0.00212706  -0.00368418    -0.00157656  -0.00069184
  0.00219956   0.00349879    -0.00018913   0.00171126     0.00700893   0.01213982
    9   11
  0.00492439  -0.00098293     0.00064166  -0.00084427     0.00125691  -0.00247824
  0.00064166  -0.00084427    -0.00256348  -0.00467452    -0.00105736  -0.00081353
 -0.00125691   0.00247824     0.00105736   0.00081353    -0.00062117   0.00119745
   10    1
 -0.00513751   0.00591734    -0.01157719  -0.00744559    -0.01157719  -0.00744559
 -0.01202761   0.00941665     0.00770094  -0.00161278     0.00790376   0.00228463
 -0.01202761   0.00941665     0.00790376   0.00228463     0.00770094  -0.00161278
   10    2
 -0.00769057   0.01204993     0.00387507   0.00334227     0.00387507   0.00334227
 -0.00195126   0.00098168    -0.00313125  -0.00456276    -0.00099977  -0.00666634
 -0.00195126   0.00098168    -0.00099977  -0.00666634    -0.00313125  -0.00456276
   10    3
 -0.00030084  -0.00275351     0.00966863   0.00180094     0.00966863   0.00180094
  0.01498926  -0.00112305    -0.01018521   0.00069653    -0.01243871  -0.00269401
  0.01498926  -0.00112305    -0.01243871  -0.00269401    -0.01018521   0.00069653
   10    4
  0.00117305  -0.00000000    -0.00553476  -0.00116713    -0.00553476  -0.00116713
  0.00553476  -0.00116713     0.00038916  -0.00000000     0.00419311  -0.00000000
  0.00553476  -0.00116713     0.00419311  -0.00000000     0.00038916   0.00000000
   10    5
  0.00950612   0.00790542    -0.00289702  -0.00459272    -0.00289702  -0.00459272
  0.00289702   0.00459272    -0.00623494   0.00989863    -0.00095520   0.00652514
  0.00289702   0.00459272    -0.00095520   0.00652514    -0.00623494   0.00989863
   10    6
  0.00492439  -0.00098293    -0.00125691   0.00247824     0.00064166  -0.00084427
  0.00125691  -0.00247824    -0.00062117   0.00119745    -0.00105736  -0.00081353
  0.00064166  -0.00084427     0.00105736   0.00081353    -0.00256348  -0.00467452
   10    7
 -0.00041855   0.00072494     0.00219956  -0.00349879    -0.00216634   0.00483482
 -0.00193026   0.00365427     0.00700893  -0.01213982    -0.00157656   0.00069184
 -0.00310391   0.00429352    -0.00018913  -0.00171126    -0.00212706   0.00368418
   10    8
  0.00492439  -0.00098293     0.00064166  -0.00084427    -0.00125691   0.00247824
  0.00064166  -0.00084427    -0.00256348  -0.00467452     0.00105736   0.00081353
  0.00125691  -0.00247824    -0.00105736  -0.00081353    -0.00062117   0.00119745
   10    9
 -0.00041855   0.00072494    -0.00216634   0.00483482     0.00219956  -0.00349879
 -0.00310391   0.00429352    -0.00212706   0.00368418    -0.00018913  -0.00171126
 -0.00193026   0.00365427    -0.00157656   0.00069184     0.00700893  -0.01213982
   10   10
  0.03346075   0.00000000     0.00127713  -0.00011924     0.00127713  -0.00011924
  0.00127713   0.00011924     0.03322173   0.00000000     0.00971589  -0.00000000
  0.00127713   0.00011924     0.00971589  -0.00000000     0.03322173   0.00000000
   10   11
  0.00597712   0.00092150    -0.00148613  -0.00186341    -0.00148613  -0.00186341
 -0.00148613  -0.00186341     0.00294388   0.00464060    -0.00154721   0.00318361
 -0.00148613  -0.00186341    -0.00154721   0.00318361     0.00294388   0.00464060
   11    1
 -0.00513751  -0.00591734    -0.01157719   0.00744559    -0.01157719   0.00744559
 -0.01202761  -0.00941665     0.00770094   0.00161278     0.00790376  -0.00228463
 -0.01202761  -0.00941665     0.00790376  -0.00228463     0.00770094   0.00161278
   11    2
 -0.00030084   0.00275351     0.00966863  -0.00180094     0.00966863  -0.00180094
  0.01498926   0.00112305    -0.01018521  -0.00069653    -0.01243871   0.00269401
  0.01498926   0.00112305    -0.01243871   0.00269401    -0.01018521  -0.00069653
   11    3
 -0.00769057  -0.01204993     0.00387507  -0.00334227     0.00387507  -0.00334227
 -0.00195126  -0.00098168    -0.00313125   0.00456276    -0.00099977   0.00666634
 -0.00195126  -0.00098168    -0.00099977   0.00666634    -0.00313125   0.00456276
   11    4
  0.00950612  -0.00790542    -0.00289702   0.00459272    -0.00289702   0.00459272
  0.00289702  -0.00459272    -0.00623494  -0.00989863    -0.00095520  -0.00652514
  0.00289702  -0.00459272    -0.00095520  -0.00652514    -0.00623494  -0.00989863
   11    5
  0.00117305   0.00000000    -0.00553476   0.00116713    -0.00553476   0.00116713
  0.00553476   0.00116713     0.00038916   0.00000000     0.00419311   0.00000000
  0.00553476   0.00116713     0.00419311   0.00000000     0.00038916  -0.00000000
   11    6
 -0.00041855  -0.00072494     0.00219956   0.00349879    -0.00216634  -0.00483482
 -0.00193026  -0.00365427     0.00700893   0.01213982    -0.00157656  -0.00069184
 -0.00310391  -0.00429352    -0.00018913   0.00171126    -0.00212706  -0.00368418
   11    7
  0.00492439   0.00098293    -0.00125691  -0.00247824     0.00064166   0.00084427
  0.00125691   0.00247824    -0.00062117  -0.00119745    -0.00105736   0.00081353
  0.00064166   0.00084427     0.00105736  -0.00081353    -0.00256348   0.00467452
   11    8
 -0.00041855  -0.00072494    -0.00216634  -0.00483482     0.00219956   0.00349879
 -0.00310391  -0.00429352    -0.00212706  -0.00368418    -0.00018913   0.00171126
 -0.00193026  -0.00365427    -0.00157656  -0.00069184     0.00700893   0.01213982
   11    9
  0.00492439   0.00098293     0.00064166   0.00084427    -0.00125691  -0.00247824
  0.00064166   0.00084427    -0.00256348   0.00467452     0.00105736  -0.00081353
  0.00125691   0.00247824    -0.00105736   0.00081353    -0.00062117  -0.00119745
   11   10
  0.00597712  -0.00092150    -0.00148613   0.00186341    -0.00148613   0.00186341
 -0.00148613   0.00186341     0.00294388  -0.00464060    -0.00154721  -0.00318361
 -0.00148613   0.00186341    -0.00154721  -0.00318361     0.00294388  -0.00464060
   11   11
  0.03346075  -0.00000000     0.00127713   0.00011924     0.00127713   0.00011924
  0.00127713  -0.00011924     0.03322173  -0.00000000     0.00971589   0.00000000
  0.00127713  -0.00011924     0.00971589   0.00000000     0.03322173  -0.00000000

     Dynamical  Matrix in cartesian axes

     q = (   -0.471404521   0.000000000   0.000000000 ) 

    1    1
  0.25502914   0.00000000    -0.00000000   0.00000000     0.00000000   0.00000000
 -0.00000000   0.00000000     0.10697741   0.00000000     0.00000000   0.00000000
  0.00000000   0.00000000     0.00000000   0.00000000     0.10697741   0.00000000
    1    2
  0.01256307  -0.02175988    -0.00000000   0.00000000     0.00000000  -0.00000000
  0.00000000  -0.00000000    -0.01251723   0.02168047    -0.02659950  -0.01535723
  0.00000000   0.00000000    -0.02659950  -0.01535723    -0.01251723   0.02168047
    1    3
  0.01256307   0.02175988    -0.00000000   0.00000000     0.00000000   0.00000000
  0.00000000  -0.00000000    -0.01251723  -0.02168047    -0.02659950   0.01535723
 -0.00000000   0.00000000    -0.02659950   0.01535723    -0.01251723  -0.02168047
    1    4
 -0.00513751   0.00591734     0.01202761  -0.00941665     0.01202761  -0.00941665
  0.01157719   0.00744559     0.00770094  -0.00161278     0.00790376   0.00228463
  0.01157719   0.00744559     0.00790376   0.00228463     0.00770094  -0.00161278
    1    5
 -0.00513751  -0.00591734     0.01202761   0.00941665     0.01202761   0.00941665
  0.01157719  -0.00744559     0.00770094   0.00161278     0.00790376  -0.00228463
  0.01157719  -0.00744559     0.00790376  -0.00228463     0.00770094   0.00161278
    1    6
  0.00769333  -0.00149054    -0.01416886   0.00570789     0.01416886  -0.00570789
  0.00065947   0.01374893    -0.00524718   0.00586282     0.00197333  -0.00798717
 -0.00065947  -0.01374893     0.00197333  -0.00798717    -0.00524718   0.00586282
    1    7
  0.00769333   0.00149054    -0.01416886  -0.00570789     0.01416886   0.00570789
  0.00065947  -0.01374893    -0.00524718  -0.00586282     0.00197333   0.00798717
 -0.00065947   0.01374893     0.00197333   0.00798717    -0.00524718  -0.00586282
    1    8
  0.00769333  -0.00149054     0.01416886  -0.00570789    -0.01416886   0.00570789
 -0.00065947  -0.01374893    -0.00524718   0.00586282     0.00197333  -0.00798717
  0.00065947   0.01374893     0.00197333  -0.00798717    -0.00524718   0.00586282
    1    9
  0.00769333   0.00149054     0.01416886   0.00570789    -0.01416886  -0.00570789
 -0.00065947   0.01374893    -0.00524718  -0.00586282     0.00197333   0.00798717
  0.00065947  -0.01374893     0.00197333   0.00798717    -0.00524718  -0.00586282
    1   10
 -0.00513751   0.00591734    -0.01202761   0.00941665    -0.01202761   0.00941665
 -0.01157719  -0.00744559     0.00770094  -0.00161278     0.00790376   0.00228463
 -0.01157719  -0.00744559     0.00790376   0.00228463     0.00770094  -0.00161278
    1   11
 -0.00513751  -0.00591734    -0.01202761  -0.00941665    -0.01202761  -0.00941665
 -0.01157719   0.00744559     0.00770094   0.00161278     0.00790376  -0.00228463
 -0.01157719   0.00744559     0.00790376  -0.00228463     0.00770094   0.00161278
    2    1
  0.01256307   0.02175988     0.00000000   0.00000000    -0.00000000  -0.00000000
 -0.00000000   0.00000000    -0.01251723  -0.02168047    -0.02659950   0.01535723
 -0.00000000  -0.00000000    -0.02659950   0.01535723    -0.01251723  -0.02168047
    2    2
  0.07105278   0.00000000    -0.00000000   0.00000000     0.00000000  -0.00000000
 -0.00000000  -0.00000000     0.03879236  -0.00000000    -0.00000000   0.00000000
  0.00000000  -0.00000000    -0.00000000   0.00000000     0.03879236   0.00000000
    2    3
  0.00031609  -0.00054749     0.00000000  -0.00000000     0.00000000  -0.00000000
  0.00000000  -0.00000000    -0.00144378   0.00250069     0.01393750   0.00804682
  0.00000000  -0.00000000     0.01393750   0.00804682    -0.00144378   0.00250069
    2    4
 -0.00769057   0.01204993     0.00195126  -0.00098168     0.00195126  -0.00098168
 -0.00387507  -0.00334227    -0.00313125  -0.00456276    -0.00099977  -0.00666634
 -0.00387507  -0.00334227    -0.00099977  -0.00666634    -0.00313125  -0.00456276
    2    5
 -0.00030084   0.00275351    -0.01498926  -0.00112305    -0.01498926  -0.00112305
 -0.00966863   0.00180094    -0.01018521  -0.00069653    -0.01243871   0.00269401
 -0.00966863   0.00180094    -0.01243871   0.00269401    -0.01018521  -0.00069653
    2    6
 -0.00659026   0.01268519    -0.00012547  -0.00218068     0.00012547   0.00218068
  0.00483202   0.00168477     0.00551710   0.00043036    -0.00627311   0.00246735
 -0.00483202  -0.00168477    -0.00627311   0.00246735     0.00551710   0.00043036
    2    7
 -0.00030084  -0.00275351    -0.01498926   0.00112305     0.01498926  -0.00112305
 -0.00966863  -0.00180094    -0.01018521   0.00069653     0.01243871   0.00269401
  0.00966863   0.00180094     0.01243871   0.00269401    -0.01018521   0.00069653
    2    8
 -0.00659026   0.01268519     0.00012547   0.00218068    -0.00012547  -0.00218068
 -0.00483202  -0.00168477     0.00551710   0.00043036    -0.00627311   0.00246735
  0.00483202   0.00168477    -0.00627311   0.00246735     0.00551710   0.00043036
    2    9
 -0.00030084  -0.00275351     0.01498926  -0.00112305    -0.01498926   0.00112305
  0.00966863   0.00180094    -0.01018521   0.00069653     0.01243871   0.00269401
 -0.00966863  -0.00180094     0.01243871   0.00269401    -0.01018521   0.00069653
    2   10
 -0.00769057   0.01204993    -0.00195126   0.00098168    -0.00195126   0.00098168
  0.00387507   0.00334227    -0.00313125  -0.00456276    -0.00099977  -0.00666634
  0.00387507   0.00334227    -0.00099977  -0.00666634    -0.00313125  -0.00456276
    2   11
 -0.00030084   0.00275351     0.01498926   0.00112305     0.01498926   0.00112305
  0.00966863  -0.00180094    -0.01018521  -0.00069653    -0.01243871   0.00269401
  0.00966863  -0.00180094    -0.01243871   0.00269401    -0.01018521  -0.00069653
    3    1
  0.01256307  -0.02175988    -0.00000000   0.00000000    -0.00000000  -0.00000000
 -0.00000000  -0.00000000    -0.01251723   0.02168047    -0.02659950  -0.01535723
 -0.00000000   0.00000000    -0.02659950  -0.01535723    -0.01251723   0.02168047
    3    2
  0.00031609   0.00054749     0.00000000   0.00000000     0.00000000   0.00000000
  0.00000000   0.00000000    -0.00144378  -0.00250069     0.01393750  -0.00804682
  0.00000000   0.00000000     0.01393750  -0.00804682    -0.00144378  -0.00250069
    3    3
  0.07105278  -0.00000000    -0.00000000  -0.00000000     0.00000000   0.00000000
 -0.00000000   0.00000000     0.03879236   0.00000000    -0.00000000  -0.00000000
  0.00000000   0.00000000    -0.00000000  -0.00000000     0.03879236  -0.00000000
    3    4
 -0.00030084  -0.00275351    -0.01498926   0.00112305    -0.01498926   0.00112305
 -0.00966863  -0.00180094    -0.01018521   0.00069653    -0.01243871  -0.00269401
 -0.00966863  -0.00180094    -0.01243871  -0.00269401    -0.01018521   0.00069653
    3    5
 -0.00769057  -0.01204993     0.00195126   0.00098168     0.00195126   0.00098168
 -0.00387507   0.00334227    -0.00313125   0.00456276    -0.00099977   0.00666634
 -0.00387507   0.00334227    -0.00099977   0.00666634    -0.00313125   0.00456276
    3    6
 -0.00030084   0.00275351    -0.01498926  -0.00112305     0.01498926   0.00112305
 -0.00966863   0.00180094    -0.01018521  -0.00069653     0.01243871  -0.00269401
  0.00966863  -0.00180094     0.01243871  -0.00269401    -0.01018521  -0.00069653
    3    7
 -0.00659026  -0.01268519    -0.00012547   0.00218068     0.00012547  -0.00218068
  0.00483202  -0.00168477     0.00551710  -0.00043036    -0.00627311  -0.00246735
 -0.00483202   0.00168477    -0.00627311  -0.00246735     0.00551710  -0.00043036
    3    8
 -0.00030084   0.00275351     0.01498926   0.00112305    -0.01498926  -0.00112305
  0.00966863  -0.00180094    -0.01018521  -0.00069653     0.01243871  -0.00269401
 -0.00966863   0.00180094     0.01243871  -0.00269401    -0.01018521  -0.00069653
    3    9
 -0.00659026  -0.01268519     0.00012547  -0.00218068    -0.00012547   0.00218068
 -0.00483202   0.00168477     0.00551710  -0.00043036    -0.00627311  -0.00246735
  0.00483202  -0.00168477    -0.00627311  -0.00246735     0.00551710  -0.00043036
    3   10
 -0.00030084  -0.00275351     0.01498926  -0.00112305     0.01498926  -0.00112305
  0.00966863   0.00180094    -0.01018521   0.00069653    -0.01243871  -0.00269401
  0.00966863   0.00180094    -0.01243871  -0.00269401    -0.01018521   0.00069653
    3   11
 -0.00769057  -0.01204993    -0.00195126  -0.00098168    -0.00195126  -0.00098168
  0.00387507  -0.00334227    -0.00313125   0.00456276    -0.00099977   0.00666634
  0.00387507  -0.00334227    -0.00099977   0.00666634    -0.00313125   0.00456276
    4    1
 -0.00513751  -0.00591734     0.01157719  -0.00744559     0.01157719  -0.00744559
