  5.000000000000000E-002   1.62369118239129        5.56045126041087     
           8

     Dynamical  Matrix in cartesian axes

     q = (    0.235702260   0.235702260  -0.235702260 ) 

    1    1
  0.13640616   0.00000000     0.02661367   0.00000000    -0.02661367   0.00000000
  0.02661367   0.00000000     0.13640616   0.00000000    -0.02661367   0.00000000
 -0.02661367   0.00000000    -0.02661367   0.00000000     0.13640616   0.00000000
    1    2
  0.00567851  -0.00482358     0.01390004  -0.01035762    -0.01390004   0.01035762
  0.01390004  -0.01035762     0.00567851  -0.00482358    -0.01390004   0.01035762
 -0.01390004   0.01035762    -0.01390004   0.01035762     0.00567851  -0.00482358
    1    3
  0.00567851   0.00482358     0.01390004   0.01035762    -0.01390004  -0.01035762
  0.01390004   0.01035762     0.00567851   0.00482358    -0.01390004  -0.01035762
 -0.01390004  -0.01035762    -0.01390004  -0.01035762     0.00567851   0.00482358
    1    4
 -0.01640337  -0.00288697     0.00532140  -0.00487705     0.00543296  -0.00560246
  0.00532140  -0.00487705    -0.01640337  -0.00288697     0.00543296  -0.00560246
  0.00695269  -0.00172807     0.00695269  -0.00172807     0.00052526   0.01839480
    1    5
 -0.01640337   0.00288697     0.00532140   0.00487705     0.00543296   0.00560246
  0.00532140   0.00487705    -0.01640337   0.00288697     0.00543296   0.00560246
  0.00695269   0.00172807     0.00695269   0.00172807     0.00052526  -0.01839480
    1    6
 -0.02228116   0.00376533    -0.00092546  -0.00496398     0.00092546   0.00496398
 -0.00092546  -0.00496398    -0.02228116   0.00376533     0.00092546   0.00496398
  0.00092546   0.00496398     0.00092546   0.00496398    -0.02228116   0.00376533
    1    7
 -0.02228116  -0.00376533    -0.00092546   0.00496398     0.00092546  -0.00496398
 -0.00092546   0.00496398    -0.02228116  -0.00376533     0.00092546  -0.00496398
  0.00092546  -0.00496398     0.00092546  -0.00496398    -0.02228116  -0.00376533
    1    8
  0.00052526   0.01839480    -0.00695269   0.00172807     0.00695269  -0.00172807
 -0.00543296   0.00560246    -0.01640337  -0.00288697    -0.00532140   0.00487705
  0.00543296  -0.00560246    -0.00532140   0.00487705    -0.01640337  -0.00288697
    1    9
  0.00052526  -0.01839480    -0.00695269  -0.00172807     0.00695269   0.00172807
 -0.00543296  -0.00560246    -0.01640337   0.00288697    -0.00532140  -0.00487705
  0.00543296   0.00560246    -0.00532140  -0.00487705    -0.01640337   0.00288697
    1   10
 -0.01640337  -0.00288697    -0.00543296   0.00560246    -0.00532140   0.00487705
 -0.00695269   0.00172807     0.00052526   0.01839480     0.00695269  -0.00172807
 -0.00532140   0.00487705     0.00543296  -0.00560246    -0.01640337  -0.00288697
    1   11
 -0.01640337   0.00288697    -0.00543296  -0.00560246    -0.00532140  -0.00487705
 -0.00695269  -0.00172807     0.00052526  -0.01839480     0.00695269   0.00172807
 -0.00532140  -0.00487705     0.00543296   0.00560246    -0.01640337   0.00288697
    2    1
  0.00567851   0.00482358     0.01390004   0.01035762    -0.01390004  -0.01035762
  0.01390004   0.01035762     0.00567851   0.00482358    -0.01390004  -0.01035762
 -0.01390004  -0.01035762    -0.01390004  -0.01035762     0.00567851   0.00482358
    2    2
  0.03086571  -0.00000000     0.01047192   0.00000000    -0.01047192  -0.00000000
  0.01047192   0.00000000     0.03086571  -0.00000000    -0.01047192  -0.00000000
 -0.01047192  -0.00000000    -0.01047192  -0.00000000     0.03086571  -0.00000000
    2    3
 -0.00492792   0.00722329    -0.00159837   0.00673145     0.00159837  -0.00673145
 -0.00159837   0.00673145    -0.00492792   0.00722329     0.00159837  -0.00673145
  0.00159837  -0.00673145     0.00159837  -0.00673145    -0.00492792   0.00722329
    2    4
 -0.00288307  -0.00122229     0.00090890  -0.00239565     0.00229552   0.00156507
  0.00090890  -0.00239565    -0.00288307  -0.00122229     0.00229552   0.00156507
 -0.00138345   0.00393960    -0.00138345   0.00393960    -0.00034483  -0.00190301
    2    5
 -0.00639461   0.00371279    -0.00652350  -0.00012559    -0.00378333   0.00294692
 -0.00652350  -0.00012559    -0.00639461   0.00371279    -0.00378333   0.00294692
 -0.00385344  -0.00193456    -0.00385344  -0.00193456    -0.00369925  -0.00233458
    2    6
  0.00482840  -0.00182270     0.00359792  -0.00416122    -0.00359792   0.00416122
  0.00359792  -0.00416122     0.00482840  -0.00182270    -0.00359792   0.00416122
 -0.00359792   0.00416122    -0.00359792   0.00416122     0.00482840  -0.00182270
    2    7
 -0.00992954   0.00321418    -0.01097851   0.00261498     0.01097851  -0.00261498
 -0.01097851   0.00261498    -0.00992954   0.00321418     0.01097851  -0.00261498
  0.01097851  -0.00261498     0.01097851  -0.00261498    -0.00992954   0.00321418
    2    8
 -0.00034483  -0.00190301     0.00138345  -0.00393960    -0.00138345   0.00393960
 -0.00229552  -0.00156507    -0.00288307  -0.00122229    -0.00090890   0.00239565
  0.00229552   0.00156507    -0.00090890   0.00239565    -0.00288307  -0.00122229
    2    9
 -0.00369925  -0.00233458     0.00385344   0.00193456    -0.00385344  -0.00193456
  0.00378333  -0.00294692    -0.00639461   0.00371279     0.00652350   0.00012559
 -0.00378333   0.00294692     0.00652350   0.00012559    -0.00639461   0.00371279
    2   10
 -0.00288307  -0.00122229    -0.00229552  -0.00156507    -0.00090890   0.00239565
  0.00138345  -0.00393960    -0.00034483  -0.00190301    -0.00138345   0.00393960
 -0.00090890   0.00239565     0.00229552   0.00156507    -0.00288307  -0.00122229
    2   11
 -0.00639461   0.00371279     0.00378333  -0.00294692     0.00652350   0.00012559
  0.00385344   0.00193456    -0.00369925  -0.00233458    -0.00385344  -0.00193456
  0.00652350   0.00012559    -0.00378333   0.00294692    -0.00639461   0.00371279
    3    1
  0.00567851  -0.00482358     0.01390004  -0.01035762    -0.01390004   0.01035762
  0.01390004  -0.01035762     0.00567851  -0.00482358    -0.01390004   0.01035762
 -0.01390004   0.01035762    -0.01390004   0.01035762     0.00567851  -0.00482358
    3    2
 -0.00492792  -0.00722329    -0.00159837  -0.00673145     0.00159837   0.00673145
 -0.00159837  -0.00673145    -0.00492792  -0.00722329     0.00159837   0.00673145
  0.00159837   0.00673145     0.00159837   0.00673145    -0.00492792  -0.00722329
    3    3
  0.03086571   0.00000000     0.01047192  -0.00000000    -0.01047192   0.00000000
  0.01047192  -0.00000000     0.03086571   0.00000000    -0.01047192   0.00000000
 -0.01047192   0.00000000    -0.01047192   0.00000000     0.03086571   0.00000000
    3    4
 -0.00639461  -0.00371279    -0.00652350   0.00012559    -0.00378333  -0.00294692
 -0.00652350   0.00012559    -0.00639461  -0.00371279    -0.00378333  -0.00294692
 -0.00385344   0.00193456    -0.00385344   0.00193456    -0.00369925   0.00233458
    3    5
 -0.00288307   0.00122229     0.00090890   0.00239565     0.00229552  -0.00156507
  0.00090890   0.00239565    -0.00288307   0.00122229     0.00229552  -0.00156507
 -0.00138345  -0.00393960    -0.00138345  -0.00393960    -0.00034483   0.00190301
    3    6
 -0.00992954  -0.00321418    -0.01097851  -0.00261498     0.01097851   0.00261498
 -0.01097851  -0.00261498    -0.00992954  -0.00321418     0.01097851   0.00261498
  0.01097851   0.00261498     0.01097851   0.00261498    -0.00992954  -0.00321418
    3    7
  0.00482840   0.00182270     0.00359792   0.00416122    -0.00359792  -0.00416122
  0.00359792   0.00416122     0.00482840   0.00182270    -0.00359792  -0.00416122
 -0.00359792  -0.00416122    -0.00359792  -0.00416122     0.00482840   0.00182270
    3    8
 -0.00369925   0.00233458     0.00385344  -0.00193456    -0.00385344   0.00193456
  0.00378333   0.00294692    -0.00639461  -0.00371279     0.00652350  -0.00012559
 -0.00378333  -0.00294692     0.00652350  -0.00012559    -0.00639461  -0.00371279
    3    9
 -0.00034483   0.00190301     0.00138345   0.00393960    -0.00138345  -0.00393960
 -0.00229552   0.00156507    -0.00288307   0.00122229    -0.00090890  -0.00239565
  0.00229552  -0.00156507    -0.00090890  -0.00239565    -0.00288307   0.00122229
    3   10
 -0.00639461  -0.00371279     0.00378333   0.00294692     0.00652350  -0.00012559
  0.00385344  -0.00193456    -0.00369925   0.00233458    -0.00385344   0.00193456
  0.00652350  -0.00012559    -0.00378333  -0.00294692    -0.00639461  -0.00371279
    3   11
 -0.00288307   0.00122229    -0.00229552   0.00156507    -0.00090890  -0.00239565
  0.00138345   0.00393960    -0.00034483   0.00190301    -0.00138345  -0.00393960
 -0.00090890  -0.00239565     0.00229552  -0.00156507    -0.00288307   0.00122229
    4    1
 -0.01640337   0.00288697     0.00532140   0.00487705     0.00695269   0.00172807
  0.00532140   0.00487705    -0.01640337   0.00288697     0.00695269   0.00172807
  0.00543296   0.00560246     0.00543296   0.00560246     0.00052526  -0.01839480
    4    2
 -0.00288307   0.00122229     0.00090890   0.00239565    -0.00138345  -0.00393960
  0.00090890   0.00239565    -0.00288307   0.00122229    -0.00138345  -0.00393960
  0.00229552  -0.00156507     0.00229552  -0.00156507    -0.00034483   0.00190301
    4    3
 -0.00639461   0.00371279    -0.00652350  -0.00012559    -0.00385344  -0.00193456
 -0.00652350  -0.00012559    -0.00639461   0.00371279    -0.00385344  -0.00193456
 -0.00378333   0.00294692    -0.00378333   0.00294692    -0.00369925  -0.00233458
    4    4
  0.02479065  -0.00000000     0.00174772  -0.00000000    -0.00241415   0.00122319
  0.00174772   0.00000000     0.02479065  -0.00000000    -0.00241415   0.00122319
 -0.00241415  -0.00122319    -0.00241415  -0.00122319     0.01773663   0.00000000
    4    5
  0.00249054  -0.00008705     0.00075272   0.00029923     0.00033095   0.00001495
  0.00075272   0.00029923     0.00249054  -0.00008705     0.00033095   0.00001495
  0.00033095   0.00001495     0.00033095   0.00001495    -0.00017035  -0.00100441
    4    6
  0.00372685  -0.00172686    -0.00152459  -0.00047065    -0.00080863  -0.00022312
 -0.00152459  -0.00047065     0.00372685  -0.00172686    -0.00080863  -0.00022312
 -0.00007639  -0.00142174    -0.00007639  -0.00142174    -0.00235918   0.00419755
    4    7
  0.00163210   0.00143197    -0.00008746  -0.00126883     0.00216352   0.00033160
 -0.00008746  -0.00126883     0.00163210   0.00143197     0.00216352   0.00033160
 -0.00121028   0.00195090    -0.00121028   0.00195090    -0.00678023   0.00157083
    4    8
  0.00083806  -0.00256225     0.00026494   0.00189500     0.00017548   0.00000000
  0.00010248  -0.00010890     0.00459785   0.00000000    -0.00026494   0.00189500
  0.00005628   0.00000000    -0.00010248  -0.00010890     0.00083806   0.00256225
    4    9
  0.00201346   0.00280741    -0.00384838   0.00022545     0.00471500  -0.00017402
  0.00048528  -0.00075887     0.00601182  -0.00902803     0.00384838  -0.00022545
 -0.00069666  -0.00209427    -0.00048528   0.00075887     0.00201346   0.00280741
    4   10
  0.00459785   0.00000000     0.00010248  -0.00010890    -0.00026494   0.00189500
  0.00026494   0.00189500     0.00083806  -0.00256225     0.00017548   0.00000000
 -0.00010248  -0.00010890     0.00005628   0.00000000     0.00083806   0.00256225
    4   11
  0.00601182  -0.00902803     0.00048528  -0.00075887     0.00384838  -0.00022545
 -0.00384838   0.00022545     0.00201346   0.00280741     0.00471500  -0.00017402
 -0.00048528   0.00075887    -0.00069666  -0.00209427     0.00201346   0.00280741
    5    1
 -0.01640337  -0.00288697     0.00532140  -0.00487705     0.00695269  -0.00172807
  0.00532140  -0.00487705    -0.01640337  -0.00288697     0.00695269  -0.00172807
  0.00543296  -0.00560246     0.00543296  -0.00560246     0.00052526   0.01839480
    5    2
 -0.00639461  -0.00371279    -0.00652350   0.00012559    -0.00385344   0.00193456
 -0.00652350   0.00012559    -0.00639461  -0.00371279    -0.00385344   0.00193456
 -0.00378333  -0.00294692    -0.00378333  -0.00294692    -0.00369925   0.00233458
    5    3
 -0.00288307  -0.00122229     0.00090890  -0.00239565    -0.00138345   0.00393960
  0.00090890  -0.00239565    -0.00288307  -0.00122229    -0.00138345   0.00393960
  0.00229552   0.00156507     0.00229552   0.00156507    -0.00034483  -0.00190301
    5    4
  0.00249054   0.00008705     0.00075272  -0.00029923     0.00033095  -0.00001495
  0.00075272  -0.00029923     0.00249054   0.00008705     0.00033095  -0.00001495
  0.00033095  -0.00001495     0.00033095  -0.00001495    -0.00017035   0.00100441
    5    5
  0.02479065   0.00000000     0.00174772   0.00000000    -0.00241415  -0.00122319
  0.00174772  -0.00000000     0.02479065   0.00000000    -0.00241415  -0.00122319
 -0.00241415   0.00122319    -0.00241415   0.00122319     0.01773663  -0.00000000
    5    6
  0.00163210  -0.00143197    -0.00008746   0.00126883     0.00216352  -0.00033160
 -0.00008746   0.00126883     0.00163210  -0.00143197     0.00216352  -0.00033160
 -0.00121028  -0.00195090    -0.00121028  -0.00195090    -0.00678023  -0.00157083
    5    7
  0.00372685   0.00172686    -0.00152459   0.00047065    -0.00080863   0.00022312
 -0.00152459   0.00047065     0.00372685   0.00172686    -0.00080863   0.00022312
 -0.00007639   0.00142174    -0.00007639   0.00142174    -0.00235918  -0.00419755
    5    8
  0.00201346  -0.00280741    -0.00384838  -0.00022545     0.00471500   0.00017402
  0.00048528   0.00075887     0.00601182   0.00902803     0.00384838   0.00022545
 -0.00069666   0.00209427    -0.00048528  -0.00075887     0.00201346  -0.00280741
    5    9
  0.00083806   0.00256225     0.00026494  -0.00189500     0.00017548   0.00000000
  0.00010248   0.00010890     0.00459785   0.00000000    -0.00026494  -0.00189500
  0.00005628   0.00000000    -0.00010248   0.00010890     0.00083806  -0.00256225
    5   10
  0.00601182   0.00902803     0.00048528   0.00075887     0.00384838   0.00022545
 -0.00384838  -0.00022545     0.00201346  -0.00280741     0.00471500   0.00017402
 -0.00048528  -0.00075887    -0.00069666   0.00209427     0.00201346  -0.00280741
    5   11
  0.00459785   0.00000000     0.00010248   0.00010890    -0.00026494  -0.00189500
  0.00026494  -0.00189500     0.00083806   0.00256225     0.00017548   0.00000000
 -0.00010248   0.00010890     0.00005628   0.00000000     0.00083806  -0.00256225
    6    1
 -0.02228116  -0.00376533    -0.00092546   0.00496398     0.00092546  -0.00496398
 -0.00092546   0.00496398    -0.02228116  -0.00376533     0.00092546  -0.00496398
  0.00092546  -0.00496398     0.00092546  -0.00496398    -0.02228116  -0.00376533
    6    2
  0.00482840   0.00182270     0.00359792   0.00416122    -0.00359792  -0.00416122
  0.00359792   0.00416122     0.00482840   0.00182270    -0.00359792  -0.00416122
 -0.00359792  -0.00416122    -0.00359792  -0.00416122     0.00482840   0.00182270
    6    3
 -0.00992954   0.00321418    -0.01097851   0.00261498     0.01097851  -0.00261498
 -0.01097851   0.00261498    -0.00992954   0.00321418     0.01097851  -0.00261498
  0.01097851  -0.00261498     0.01097851  -0.00261498    -0.00992954   0.00321418
    6    4
  0.00372685   0.00172686    -0.00152459   0.00047065    -0.00007639   0.00142174
 -0.00152459   0.00047065     0.00372685   0.00172686    -0.00007639   0.00142174
 -0.00080863   0.00022312    -0.00080863   0.00022312    -0.00235918  -0.00419755
    6    5
  0.00163210   0.00143197    -0.00008746  -0.00126883    -0.00121028   0.00195090
 -0.00008746  -0.00126883     0.00163210   0.00143197    -0.00121028   0.00195090
  0.00216352   0.00033160     0.00216352   0.00033160    -0.00678023   0.00157083
    6    6
  0.02596980   0.00000000     0.00433840   0.00000000    -0.00433840  -0.00000000
  0.00433840   0.00000000     0.02596980   0.00000000    -0.00433840  -0.00000000
 -0.00433840  -0.00000000    -0.00433840  -0.00000000     0.02596980   0.00000000
    6    7
 -0.00420230   0.00106511    -0.00186124   0.00043095     0.00186124  -0.00043095
 -0.00186124   0.00043095    -0.00420230   0.00106511     0.00186124  -0.00043095
  0.00186124  -0.00043095     0.00186124  -0.00043095    -0.00420230   0.00106511
    6    8
 -0.00235918  -0.00419755     0.00080863  -0.00022312    -0.00080863   0.00022312
  0.00007639  -0.00142174     0.00372685   0.00172686     0.00152459  -0.00047065
 -0.00007639   0.00142174     0.00152459  -0.00047065     0.00372685   0.00172686
    6    9
 -0.00678023   0.00157083    -0.00216352  -0.00033160     0.00216352   0.00033160
  0.00121028  -0.00195090     0.00163210   0.00143197     0.00008746   0.00126883
 -0.00121028   0.00195090     0.00008746   0.00126883     0.00163210   0.00143197
    6   10
  0.00372685   0.00172686     0.00007639  -0.00142174     0.00152459  -0.00047065
  0.00080863  -0.00022312    -0.00235918  -0.00419755    -0.00080863   0.00022312
  0.00152459  -0.00047065    -0.00007639   0.00142174     0.00372685   0.00172686
    6   11
  0.00163210   0.00143197     0.00121028  -0.00195090     0.00008746   0.00126883
 -0.00216352  -0.00033160    -0.00678023   0.00157083     0.00216352   0.00033160
  0.00008746   0.00126883    -0.00121028   0.00195090     0.00163210   0.00143197
    7    1
 -0.02228116   0.00376533    -0.00092546  -0.00496398     0.00092546   0.00496398
 -0.00092546  -0.00496398    -0.02228116   0.00376533     0.00092546   0.00496398
  0.00092546   0.00496398     0.00092546   0.00496398    -0.02228116   0.00376533
    7    2
 -0.00992954  -0.00321418    -0.01097851  -0.00261498     0.01097851   0.00261498
 -0.01097851  -0.00261498    -0.00992954  -0.00321418     0.01097851   0.00261498
  0.01097851   0.00261498     0.01097851   0.00261498    -0.00992954  -0.00321418
    7    3
  0.00482840  -0.00182270     0.00359792  -0.00416122    -0.00359792   0.00416122
  0.00359792  -0.00416122     0.00482840  -0.00182270    -0.00359792   0.00416122
 -0.00359792   0.00416122    -0.00359792   0.00416122     0.00482840  -0.00182270
    7    4
  0.00163210  -0.00143197    -0.00008746   0.00126883    -0.00121028  -0.00195090
 -0.00008746   0.00126883     0.00163210  -0.00143197    -0.00121028  -0.00195090
  0.00216352  -0.00033160     0.00216352  -0.00033160    -0.00678023  -0.00157083
    7    5
  0.00372685  -0.00172686    -0.00152459  -0.00047065    -0.00007639  -0.00142174
 -0.00152459  -0.00047065     0.00372685  -0.00172686    -0.00007639  -0.00142174
 -0.00080863  -0.00022312    -0.00080863  -0.00022312    -0.00235918   0.00419755
    7    6
 -0.00420230  -0.00106511    -0.00186124  -0.00043095     0.00186124   0.00043095
 -0.00186124  -0.00043095    -0.00420230  -0.00106511     0.00186124   0.00043095
  0.00186124   0.00043095     0.00186124   0.00043095    -0.00420230  -0.00106511
    7    7
  0.02596980  -0.00000000     0.00433840  -0.00000000    -0.00433840   0.00000000
  0.00433840  -0.00000000     0.02596980  -0.00000000    -0.00433840   0.00000000
 -0.00433840   0.00000000    -0.00433840   0.00000000     0.02596980  -0.00000000
    7    8
 -0.00678023  -0.00157083    -0.00216352   0.00033160     0.00216352  -0.00033160
  0.00121028   0.00195090     0.00163210  -0.00143197     0.00008746  -0.00126883
 -0.00121028  -0.00195090     0.00008746  -0.00126883     0.00163210  -0.00143197
    7    9
 -0.00235918   0.00419755     0.00080863   0.00022312    -0.00080863  -0.00022312
  0.00007639   0.00142174     0.00372685  -0.00172686     0.00152459   0.00047065
 -0.00007639  -0.00142174     0.00152459   0.00047065     0.00372685  -0.00172686
    7   10
  0.00163210  -0.00143197     0.00121028   0.00195090     0.00008746  -0.00126883
 -0.00216352   0.00033160    -0.00678023  -0.00157083     0.00216352  -0.00033160
  0.00008746  -0.00126883    -0.00121028  -0.00195090     0.00163210  -0.00143197
    7   11
  0.00372685  -0.00172686     0.00007639   0.00142174     0.00152459   0.00047065
  0.00080863   0.00022312    -0.00235918   0.00419755    -0.00080863  -0.00022312
  0.00152459   0.00047065    -0.00007639  -0.00142174     0.00372685  -0.00172686
    8    1
  0.00052526  -0.01839480    -0.00543296  -0.00560246     0.00543296   0.00560246
 -0.00695269  -0.00172807    -0.01640337   0.00288697    -0.00532140  -0.00487705
  0.00695269   0.00172807    -0.00532140  -0.00487705    -0.01640337   0.00288697
    8    2
 -0.00034483   0.00190301    -0.00229552   0.00156507     0.00229552  -0.00156507
  0.00138345   0.00393960    -0.00288307   0.00122229    -0.00090890  -0.00239565
 -0.00138345  -0.00393960    -0.00090890  -0.00239565    -0.00288307   0.00122229
    8    3
 -0.00369925  -0.00233458     0.00378333  -0.00294692    -0.00378333   0.00294692
  0.00385344   0.00193456    -0.00639461   0.00371279     0.00652350   0.00012559
 -0.00385344  -0.00193456     0.00652350   0.00012559    -0.00639461   0.00371279
    8    4
  0.00083806   0.00256225     0.00010248   0.00010890     0.00005628  -0.00000000
  0.00026494  -0.00189500     0.00459785  -0.00000000    -0.00010248   0.00010890
  0.00017548   0.00000000    -0.00026494  -0.00189500     0.00083806  -0.00256225
    8    5
  0.00201346   0.00280741     0.00048528  -0.00075887    -0.00069666  -0.00209427
 -0.00384838   0.00022545     0.00601182  -0.00902803    -0.00048528   0.00075887
  0.00471500  -0.00017402     0.00384838  -0.00022545     0.00201346   0.00280741
    8    6
 -0.00235918   0.00419755     0.00007639   0.00142174    -0.00007639  -0.00142174
  0.00080863   0.00022312     0.00372685  -0.00172686     0.00152459   0.00047065
 -0.00080863  -0.00022312     0.00152459   0.00047065     0.00372685  -0.00172686
    8    7
 -0.00678023   0.00157083     0.00121028  -0.00195090    -0.00121028   0.00195090
 -0.00216352  -0.00033160     0.00163210   0.00143197     0.00008746   0.00126883
  0.00216352   0.00033160     0.00008746   0.00126883     0.00163210   0.00143197
    8    8
  0.01773663   0.00000000     0.00241415   0.00122319    -0.00241415  -0.00122319
  0.00241415  -0.00122319     0.02479065  -0.00000000    -0.00174772   0.00000000
 -0.00241415   0.00122319    -0.00174772   0.00000000     0.02479065  -0.00000000
    8    9
 -0.00017035  -0.00100441    -0.00033095  -0.00001495     0.00033095   0.00001495
 -0.00033095  -0.00001495     0.00249054  -0.00008705    -0.00075272  -0.00029923
  0.00033095   0.00001495    -0.00075272  -0.00029923     0.00249054  -0.00008705
    8   10
  0.00083806   0.00256225    -0.00005628   0.00000000    -0.00010248  -0.00010890
 -0.00017548  -0.00000000     0.00083806  -0.00256225    -0.00026494  -0.00189500
 -0.00026494   0.00189500    -0.00010248   0.00010890     0.00459785  -0.00000000
    8   11
  0.00201346   0.00280741     0.00069666   0.00209427    -0.00048528   0.00075887
 -0.00471500   0.00017402     0.00201346   0.00280741     0.00384838  -0.00022545
  0.00384838  -0.00022545    -0.00048528   0.00075887     0.00601182  -0.00902803
    9    1
  0.00052526   0.01839480    -0.00543296   0.00560246     0.00543296  -0.00560246
 -0.00695269   0.00172807    -0.01640337  -0.00288697    -0.00532140   0.00487705
  0.00695269  -0.00172807    -0.00532140   0.00487705    -0.01640337  -0.00288697
    9    2
 -0.00369925   0.00233458     0.00378333   0.00294692    -0.00378333  -0.00294692
  0.00385344  -0.00193456    -0.00639461  -0.00371279     0.00652350  -0.00012559
 -0.00385344   0.00193456     0.00652350  -0.00012559    -0.00639461  -0.00371279
    9    3
 -0.00034483  -0.00190301    -0.00229552  -0.00156507     0.00229552   0.00156507
  0.00138345  -0.00393960    -0.00288307  -0.00122229    -0.00090890   0.00239565
 -0.00138345   0.00393960    -0.00090890   0.00239565    -0.00288307  -0.00122229
    9    4
  0.00201346  -0.00280741     0.00048528   0.00075887    -0.00069666   0.00209427
 -0.00384838  -0.00022545     0.00601182   0.00902803    -0.00048528  -0.00075887
  0.00471500   0.00017402     0.00384838   0.00022545     0.00201346  -0.00280741
    9    5
  0.00083806  -0.00256225     0.00010248  -0.00010890     0.00005628   0.00000000
  0.00026494   0.00189500     0.00459785  -0.00000000    -0.00010248  -0.00010890
  0.00017548  -0.00000000    -0.00026494   0.00189500     0.00083806   0.00256225
    9    6
 -0.00678023  -0.00157083     0.00121028   0.00195090    -0.00121028  -0.00195090
 -0.00216352   0.00033160     0.00163210  -0.00143197     0.00008746  -0.00126883
  0.00216352  -0.00033160     0.00008746  -0.00126883     0.00163210  -0.00143197
    9    7
 -0.00235918  -0.00419755     0.00007639  -0.00142174    -0.00007639   0.00142174
  0.00080863  -0.00022312     0.00372685   0.00172686     0.00152459  -0.00047065
 -0.00080863   0.00022312     0.00152459  -0.00047065     0.00372685   0.00172686
    9    8
 -0.00017035   0.00100441    -0.00033095   0.00001495     0.00033095  -0.00001495
 -0.00033095   0.00001495     0.00249054   0.00008705    -0.00075272   0.00029923
  0.00033095  -0.00001495    -0.00075272   0.00029923     0.00249054   0.00008705
    9    9
  0.01773663  -0.00000000     0.00241415  -0.00122319    -0.00241415   0.00122319
  0.00241415   0.00122319     0.02479065   0.00000000    -0.00174772  -0.00000000
 -0.00241415  -0.00122319    -0.00174772  -0.00000000     0.02479065   0.00000000
    9   10
  0.00201346  -0.00280741     0.00069666  -0.00209427    -0.00048528  -0.00075887
 -0.00471500  -0.00017402     0.00201346  -0.00280741     0.00384838   0.00022545
  0.00384838   0.00022545    -0.00048528  -0.00075887     0.00601182   0.00902803
    9   11
  0.00083806  -0.00256225    -0.00005628  -0.00000000    -0.00010248   0.00010890
 -0.00017548   0.00000000     0.00083806   0.00256225    -0.00026494   0.00189500
 -0.00026494  -0.00189500    -0.00010248  -0.00010890     0.00459785  -0.00000000
   10    1
 -0.01640337   0.00288697    -0.00695269  -0.00172807    -0.00532140  -0.00487705
 -0.00543296  -0.00560246     0.00052526  -0.01839480     0.00543296   0.00560246
 -0.00532140  -0.00487705     0.00695269   0.00172807    -0.01640337   0.00288697
   10    2
 -0.00288307   0.00122229     0.00138345   0.00393960    -0.00090890  -0.00239565
 -0.00229552   0.00156507    -0.00034483   0.00190301     0.00229552  -0.00156507
 -0.00090890  -0.00239565    -0.00138345  -0.00393960    -0.00288307   0.00122229
   10    3
 -0.00639461   0.00371279     0.00385344   0.00193456     0.00652350   0.00012559
  0.00378333  -0.00294692    -0.00369925  -0.00233458    -0.00378333   0.00294692
  0.00652350   0.00012559    -0.00385344  -0.00193456    -0.00639461   0.00371279
   10    4
  0.00459785  -0.00000000     0.00026494  -0.00189500    -0.00010248   0.00010890
  0.00010248   0.00010890     0.00083806   0.00256225     0.00005628   0.00000000
 -0.00026494  -0.00189500     0.00017548  -0.00000000     0.00083806  -0.00256225
   10    5
  0.00601182  -0.00902803    -0.00384838   0.00022545    -0.00048528   0.00075887
  0.00048528  -0.00075887     0.00201346   0.00280741    -0.00069666  -0.00209427
  0.00384838  -0.00022545     0.00471500  -0.00017402     0.00201346   0.00280741
   10    6
  0.00372685  -0.00172686     0.00080863   0.00022312     0.00152459   0.00047065
  0.00007639   0.00142174    -0.00235918   0.00419755    -0.00007639  -0.00142174
  0.00152459   0.00047065    -0.00080863  -0.00022312     0.00372685  -0.00172686
   10    7
  0.00163210   0.00143197    -0.00216352  -0.00033160     0.00008746   0.00126883
  0.00121028  -0.00195090    -0.00678023   0.00157083    -0.00121028   0.00195090
  0.00008746   0.00126883     0.00216352   0.00033160     0.00163210   0.00143197
   10    8
  0.00083806  -0.00256225    -0.00017548  -0.00000000    -0.00026494  -0.00189500
 -0.00005628   0.00000000     0.00083806   0.00256225    -0.00010248  -0.00010890
 -0.00010248   0.00010890    -0.00026494   0.00189500     0.00459785   0.00000000
   10    9
  0.00201346   0.00280741    -0.00471500   0.00017402     0.00384838  -0.00022545
  0.00069666   0.00209427     0.00201346   0.00280741    -0.00048528   0.00075887
 -0.00048528   0.00075887     0.00384838  -0.00022545     0.00601182  -0.00902803
   10   10
  0.02479065  -0.00000000     0.00241415  -0.00122319    -0.00174772   0.00000000
  0.00241415   0.00122319     0.01773663   0.00000000    -0.00241415  -0.00122319
 -0.00174772   0.00000000    -0.00241415   0.00122319     0.02479065  -0.00000000
   10   11
  0.00249054  -0.00008705    -0.00033095  -0.00001495    -0.00075272  -0.00029923
 -0.00033095  -0.00001495    -0.00017035  -0.00100441     0.00033095   0.00001495
 -0.00075272  -0.00029923     0.00033095   0.00001495     0.00249054  -0.00008705
   11    1
 -0.01640337  -0.00288697    -0.00695269   0.00172807    -0.00532140   0.00487705
 -0.00543296   0.00560246     0.00052526   0.01839480     0.00543296  -0.00560246
 -0.00532140   0.00487705     0.00695269  -0.00172807    -0.01640337  -0.00288697
   11    2
 -0.00639461  -0.00371279     0.00385344  -0.00193456     0.00652350  -0.00012559
  0.00378333   0.00294692    -0.00369925   0.00233458    -0.00378333  -0.00294692
  0.00652350  -0.00012559    -0.00385344   0.00193456    -0.00639461  -0.00371279
   11    3
 -0.00288307  -0.00122229     0.00138345  -0.00393960    -0.00090890   0.00239565
 -0.00229552  -0.00156507    -0.00034483  -0.00190301     0.00229552   0.00156507
 -0.00090890   0.00239565    -0.00138345   0.00393960    -0.00288307  -0.00122229
   11    4
  0.00601182   0.00902803    -0.00384838  -0.00022545    -0.00048528  -0.00075887
  0.00048528   0.00075887     0.00201346  -0.00280741    -0.00069666   0.00209427
  0.00384838   0.00022545     0.00471500   0.00017402     0.00201346  -0.00280741
   11    5
  0.00459785  -0.00000000     0.00026494   0.00189500    -0.00010248  -0.00010890
  0.00010248  -0.00010890     0.00083806  -0.00256225     0.00005628   0.00000000
 -0.00026494   0.00189500     0.00017548   0.00000000     0.00083806   0.00256225
   11    6
  0.00163210  -0.00143197    -0.00216352   0.00033160     0.00008746  -0.00126883
  0.00121028   0.00195090    -0.00678023  -0.00157083    -0.00121028  -0.00195090
  0.00008746  -0.00126883     0.00216352  -0.00033160     0.00163210  -0.00143197
   11    7
  0.00372685   0.00172686     0.00080863  -0.00022312     0.00152459  -0.00047065
  0.00007639  -0.00142174    -0.00235918  -0.00419755    -0.00007639   0.00142174
  0.00152459  -0.00047065    -0.00080863   0.00022312     0.00372685   0.00172686
   11    8
  0.00201346  -0.00280741    -0.00471500  -0.00017402     0.00384838   0.00022545
  0.00069666  -0.00209427     0.00201346  -0.00280741    -0.00048528  -0.00075887
 -0.00048528  -0.00075887     0.00384838   0.00022545     0.00601182   0.00902803
   11    9
  0.00083806   0.00256225    -0.00017548   0.00000000    -0.00026494   0.00189500
 -0.00005628  -0.00000000     0.00083806  -0.00256225    -0.00010248   0.00010890
 -0.00010248  -0.00010890    -0.00026494  -0.00189500     0.00459785   0.00000000
   11   10
  0.00249054   0.00008705    -0.00033095   0.00001495    -0.00075272   0.00029923
 -0.00033095   0.00001495    -0.00017035   0.00100441     0.00033095  -0.00001495
 -0.00075272   0.00029923     0.00033095  -0.00001495     0.00249054   0.00008705
   11   11
  0.02479065   0.00000000     0.00241415   0.00122319    -0.00174772  -0.00000000
  0.00241415  -0.00122319     0.01773663  -0.00000000    -0.00241415   0.00122319
 -0.00174772  -0.00000000    -0.00241415  -0.00122319     0.02479065   0.00000000

     Dynamical  Matrix in cartesian axes

     q = (    0.235702260  -0.235702260  -0.235702260 ) 

    1    1
  0.13640616   0.00000000    -0.02661367   0.00000000    -0.02661367   0.00000000
 -0.02661367   0.00000000     0.13640616   0.00000000     0.02661367   0.00000000
 -0.02661367   0.00000000     0.02661367   0.00000000     0.13640616   0.00000000
    1    2
  0.00567851   0.00482358    -0.01390004  -0.01035762    -0.01390004  -0.01035762
 -0.01390004  -0.01035762     0.00567851   0.00482358     0.01390004   0.01035762
 -0.01390004  -0.01035762     0.01390004   0.01035762     0.00567851   0.00482358
    1    3
  0.00567851  -0.00482358    -0.01390004   0.01035762    -0.01390004   0.01035762
 -0.01390004   0.01035762     0.00567851  -0.00482358     0.01390004  -0.01035762
 -0.01390004   0.01035762     0.01390004  -0.01035762     0.00567851  -0.00482358
    1    4
  0.00052526  -0.01839480     0.00695269   0.00172807     0.00695269   0.00172807
  0.00543296   0.00560246    -0.01640337   0.00288697     0.00532140   0.00487705
  0.00543296   0.00560246     0.00532140   0.00487705    -0.01640337   0.00288697
    1    5
  0.00052526   0.01839480     0.00695269  -0.00172807     0.00695269  -0.00172807
  0.00543296  -0.00560246    -0.01640337  -0.00288697     0.00532140  -0.00487705
  0.00543296  -0.00560246     0.00532140  -0.00487705    -0.01640337  -0.00288697
    1    6
 -0.01640337   0.00288697     0.00543296   0.00560246    -0.00532140  -0.00487705
  0.00695269   0.00172807     0.00052526  -0.01839480    -0.00695269  -0.00172807
 -0.00532140  -0.00487705    -0.00543296  -0.00560246    -0.01640337   0.00288697
    1    7
 -0.01640337  -0.00288697     0.00543296  -0.00560246    -0.00532140   0.00487705
  0.00695269  -0.00172807     0.00052526   0.01839480    -0.00695269   0.00172807
 -0.00532140   0.00487705    -0.00543296   0.00560246    -0.01640337  -0.00288697
    1    8
 -0.01640337   0.00288697    -0.00532140  -0.00487705     0.00543296   0.00560246
 -0.00532140  -0.00487705    -0.01640337   0.00288697    -0.00543296  -0.00560246
  0.00695269   0.00172807    -0.00695269  -0.00172807     0.00052526  -0.01839480
    1    9
 -0.01640337  -0.00288697    -0.00532140   0.00487705     0.00543296  -0.00560246
 -0.00532140   0.00487705    -0.01640337  -0.00288697    -0.00543296   0.00560246
  0.00695269  -0.00172807    -0.00695269   0.00172807     0.00052526   0.01839480
    1   10
 -0.02228116  -0.00376533     0.00092546  -0.00496398     0.00092546  -0.00496398
  0.00092546  -0.00496398    -0.02228116  -0.00376533    -0.00092546   0.00496398
  0.00092546  -0.00496398    -0.00092546   0.00496398    -0.02228116  -0.00376533
    1   11
 -0.02228116   0.00376533     0.00092546   0.00496398     0.00092546   0.00496398
  0.00092546   0.00496398    -0.02228116   0.00376533    -0.00092546  -0.00496398
  0.00092546   0.00496398    -0.00092546  -0.00496398    -0.02228116   0.00376533
    2    1
  0.00567851  -0.00482358    -0.01390004   0.01035762    -0.01390004   0.01035762
 -0.01390004   0.01035762     0.00567851  -0.00482358     0.01390004  -0.01035762
 -0.01390004   0.01035762     0.01390004  -0.01035762     0.00567851  -0.00482358
    2    2
  0.03086571   0.00000000    -0.01047192   0.00000000    -0.01047192   0.00000000
 -0.01047192   0.00000000     0.03086571   0.00000000     0.01047192  -0.00000000
 -0.01047192   0.00000000     0.01047192  -0.00000000     0.03086571   0.00000000
    2    3
 -0.00492792  -0.00722329     0.00159837   0.00673145     0.00159837   0.00673145
  0.00159837   0.00673145    -0.00492792  -0.00722329    -0.00159837  -0.00673145
  0.00159837   0.00673145    -0.00159837  -0.00673145    -0.00492792  -0.00722329
    2    4
 -0.00034483   0.00190301    -0.00138345  -0.00393960    -0.00138345  -0.00393960
  0.00229552  -0.00156507    -0.00288307   0.00122229     0.00090890   0.00239565
  0.00229552  -0.00156507     0.00090890   0.00239565    -0.00288307   0.00122229
    2    5
 -0.00369925   0.00233458    -0.00385344   0.00193456    -0.00385344   0.00193456
 -0.00378333  -0.00294692    -0.00639461  -0.00371279    -0.00652350   0.00012559
 -0.00378333  -0.00294692    -0.00652350   0.00012559    -0.00639461  -0.00371279
    2    6
 -0.00288307   0.00122229     0.00229552  -0.00156507    -0.00090890  -0.00239565
 -0.00138345  -0.00393960    -0.00034483   0.00190301     0.00138345   0.00393960
 -0.00090890  -0.00239565    -0.00229552   0.00156507    -0.00288307   0.00122229
    2    7
 -0.00639461  -0.00371279    -0.00378333  -0.00294692     0.00652350  -0.00012559
 -0.00385344   0.00193456    -0.00369925   0.00233458     0.00385344  -0.00193456
  0.00652350  -0.00012559     0.00378333   0.00294692    -0.00639461  -0.00371279
    2    8
 -0.00288307   0.00122229    -0.00090890  -0.00239565     0.00229552  -0.00156507
 -0.00090890  -0.00239565    -0.00288307   0.00122229    -0.00229552   0.00156507
 -0.00138345  -0.00393960     0.00138345   0.00393960    -0.00034483   0.00190301
    2    9
 -0.00639461  -0.00371279     0.00652350  -0.00012559    -0.00378333  -0.00294692
  0.00652350  -0.00012559    -0.00639461  -0.00371279     0.00378333   0.00294692
 -0.00385344   0.00193456     0.00385344  -0.00193456    -0.00369925   0.00233458
    2   10
  0.00482840   0.00182270    -0.00359792  -0.00416122    -0.00359792  -0.00416122
 -0.00359792  -0.00416122     0.00482840   0.00182270     0.00359792   0.00416122
 -0.00359792  -0.00416122     0.00359792   0.00416122     0.00482840   0.00182270
    2   11
 -0.00992954  -0.00321418     0.01097851   0.00261498     0.01097851   0.00261498
  0.01097851   0.00261498    -0.00992954  -0.00321418    -0.01097851  -0.00261498
  0.01097851   0.00261498    -0.01097851  -0.00261498    -0.00992954  -0.00321418
    3    1
  0.00567851   0.00482358    -0.01390004  -0.01035762    -0.01390004  -0.01035762
 -0.01390004  -0.01035762     0.00567851   0.00482358     0.01390004   0.01035762
 -0.01390004  -0.01035762     0.01390004   0.01035762     0.00567851   0.00482358
    3    2
 -0.00492792   0.00722329     0.00159837  -0.00673145     0.00159837  -0.00673145
  0.00159837  -0.00673145    -0.00492792   0.00722329    -0.00159837   0.00673145
  0.00159837  -0.00673145    -0.00159837   0.00673145    -0.00492792   0.00722329
    3    3
  0.03086571  -0.00000000    -0.01047192  -0.00000000    -0.01047192  -0.00000000
 -0.01047192  -0.00000000     0.03086571  -0.00000000     0.01047192   0.00000000
 -0.01047192  -0.00000000     0.01047192   0.00000000     0.03086571  -0.00000000
    3    4
 -0.00369925  -0.00233458    -0.00385344  -0.00193456    -0.00385344  -0.00193456
 -0.00378333   0.00294692    -0.00639461   0.00371279    -0.00652350  -0.00012559
 -0.00378333   0.00294692    -0.00652350  -0.00012559    -0.00639461   0.00371279
    3    5
 -0.00034483  -0.00190301    -0.00138345   0.00393960    -0.00138345   0.00393960
  0.00229552   0.00156507    -0.00288307  -0.00122229     0.00090890  -0.00239565
  0.00229552   0.00156507     0.00090890  -0.00239565    -0.00288307  -0.00122229
    3    6
 -0.00639461   0.00371279    -0.00378333   0.00294692     0.00652350   0.00012559
 -0.00385344  -0.00193456    -0.00369925  -0.00233458     0.00385344   0.00193456
  0.00652350   0.00012559     0.00378333  -0.00294692    -0.00639461   0.00371279
    3    7
 -0.00288307  -0.00122229     0.00229552   0.00156507    -0.00090890   0.00239565
 -0.00138345   0.00393960    -0.00034483  -0.00190301     0.00138345  -0.00393960
 -0.00090890   0.00239565    -0.00229552  -0.00156507    -0.00288307  -0.00122229
    3    8
 -0.00639461   0.00371279     0.00652350   0.00012559    -0.00378333   0.00294692
  0.00652350   0.00012559    -0.00639461   0.00371279     0.00378333  -0.00294692
 -0.00385344  -0.00193456     0.00385344   0.00193456    -0.00369925  -0.00233458
    3    9
 -0.00288307  -0.00122229    -0.00090890   0.00239565     0.00229552   0.00156507
 -0.00090890   0.00239565    -0.00288307  -0.00122229    -0.00229552  -0.00156507
 -0.00138345   0.00393960     0.00138345  -0.00393960    -0.00034483  -0.00190301
    3   10
 -0.00992954   0.00321418     0.01097851  -0.00261498     0.01097851  -0.00261498
  0.01097851  -0.00261498    -0.00992954   0.00321418    -0.01097851   0.00261498
  0.01097851  -0.00261498    -0.01097851   0.00261498    -0.00992954   0.00321418
    3   11
  0.00482840  -0.00182270    -0.00359792   0.00416122    -0.00359792   0.00416122
 -0.00359792   0.00416122     0.00482840  -0.00182270     0.00359792  -0.00416122
 -0.00359792   0.00416122     0.00359792  -0.00416122     0.00482840  -0.00182270
    4    1
  0.00052526   0.01839480     0.00543296  -0.00560246     0.00543296  -0.00560246
