  1.500000000000000E-002   1.62611031437266        4.44829059121779     
           8

     Dynamical  Matrix in cartesian axes

     q = (    0.235702260   0.235702260  -0.235702260 ) 

    1    1
  0.04597492   0.00000000     0.01308503   0.00000000    -0.01308503   0.00000000
  0.01308503   0.00000000     0.04597492   0.00000000    -0.01308503   0.00000000
 -0.01308503   0.00000000    -0.01308503   0.00000000     0.04597492   0.00000000
    1    2
  0.00763554  -0.00226425     0.00862618  -0.00589921    -0.00862618   0.00589921
  0.00862618  -0.00589921     0.00763554  -0.00226425    -0.00862618   0.00589921
 -0.00862618   0.00589921    -0.00862618   0.00589921     0.00763554  -0.00226425
    1    3
  0.00763554   0.00226425     0.00862618   0.00589921    -0.00862618  -0.00589921
  0.00862618   0.00589921     0.00763554   0.00226425    -0.00862618  -0.00589921
 -0.00862618  -0.00589921    -0.00862618  -0.00589921     0.00763554   0.00226425
    1    4
 -0.00704572  -0.00400811     0.00102297  -0.00483691     0.00207880  -0.00081392
  0.00102297  -0.00483691    -0.00704572  -0.00400811     0.00207880  -0.00081392
  0.00168153   0.00313636     0.00168153   0.00313636    -0.00001656   0.00711515
    1    5
 -0.00704572   0.00400811     0.00102297   0.00483691     0.00207880   0.00081392
  0.00102297   0.00483691    -0.00704572   0.00400811     0.00207880   0.00081392
  0.00168153  -0.00313636     0.00168153  -0.00313636    -0.00001656  -0.00711515
    1    6
 -0.01144248  -0.00097583    -0.00229370  -0.00338859     0.00229370   0.00338859
 -0.00229370  -0.00338859    -0.01144248  -0.00097583     0.00229370   0.00338859
  0.00229370   0.00338859     0.00229370   0.00338859    -0.01144248  -0.00097583
    1    7
 -0.01144248   0.00097583    -0.00229370   0.00338859     0.00229370  -0.00338859
 -0.00229370   0.00338859    -0.01144248   0.00097583     0.00229370  -0.00338859
  0.00229370  -0.00338859     0.00229370  -0.00338859    -0.01144248   0.00097583
    1    8
 -0.00001656   0.00711515    -0.00168153  -0.00313636     0.00168153   0.00313636
 -0.00207880   0.00081392    -0.00704572  -0.00400811    -0.00102297   0.00483691
  0.00207880  -0.00081392    -0.00102297   0.00483691    -0.00704572  -0.00400811
    1    9
 -0.00001656  -0.00711515    -0.00168153   0.00313636     0.00168153  -0.00313636
 -0.00207880  -0.00081392    -0.00704572   0.00400811    -0.00102297  -0.00483691
  0.00207880   0.00081392    -0.00102297  -0.00483691    -0.00704572   0.00400811
    1   10
 -0.00704572  -0.00400811    -0.00207880   0.00081392    -0.00102297   0.00483691
 -0.00168153  -0.00313636    -0.00001656   0.00711515     0.00168153   0.00313636
 -0.00102297   0.00483691     0.00207880  -0.00081392    -0.00704572  -0.00400811
    1   11
 -0.00704572   0.00400811    -0.00207880  -0.00081392    -0.00102297  -0.00483691
 -0.00168153   0.00313636    -0.00001656  -0.00711515     0.00168153  -0.00313636
 -0.00102297  -0.00483691     0.00207880   0.00081392    -0.00704572   0.00400811
    2    1
  0.00763554   0.00226425     0.00862618   0.00589921    -0.00862618  -0.00589921
  0.00862618   0.00589921     0.00763554   0.00226425    -0.00862618  -0.00589921
 -0.00862618  -0.00589921    -0.00862618  -0.00589921     0.00763554   0.00226425
    2    2
  0.02027162  -0.00000000     0.00898449  -0.00000000    -0.00898449   0.00000000
  0.00898449  -0.00000000     0.02027162  -0.00000000    -0.00898449   0.00000000
 -0.00898449   0.00000000    -0.00898449   0.00000000     0.02027162  -0.00000000
    2    3
  0.00150184   0.00312579     0.00166093   0.00601914    -0.00166093  -0.00601914
  0.00166093   0.00601914     0.00150184   0.00312579    -0.00166093  -0.00601914
 -0.00166093  -0.00601914    -0.00166093  -0.00601914     0.00150184   0.00312579
    2    4
 -0.00519985  -0.00155962     0.00121326  -0.00285768     0.00098097   0.00150534
  0.00121326  -0.00285768    -0.00519985  -0.00155962     0.00098097   0.00150534
 -0.00125466   0.00593590    -0.00125466   0.00593590    -0.00045334  -0.00099226
    2    5
 -0.00543582   0.00688215    -0.00465138   0.00252508    -0.00224233   0.00111474
 -0.00465138   0.00252508    -0.00543582   0.00688215    -0.00224233   0.00111474
 -0.00109394  -0.00369603    -0.00109394  -0.00369603    -0.00356688   0.00002390
    2    6
  0.00223840  -0.00183885     0.00098076  -0.00340926    -0.00098076   0.00340926
  0.00098076  -0.00340926     0.00223840  -0.00183885    -0.00098076   0.00340926
 -0.00098076   0.00340926    -0.00098076   0.00340926     0.00223840  -0.00183885
    2    7
 -0.00766712   0.00127254    -0.00760300   0.00174548     0.00760300  -0.00174548
 -0.00760300   0.00174548    -0.00766712   0.00127254     0.00760300  -0.00174548
  0.00760300  -0.00174548     0.00760300  -0.00174548    -0.00766712   0.00127254
    2    8
 -0.00045334  -0.00099226     0.00125466  -0.00593590    -0.00125466   0.00593590
 -0.00098097  -0.00150534    -0.00519985  -0.00155962    -0.00121326   0.00285768
  0.00098097   0.00150534    -0.00121326   0.00285768    -0.00519985  -0.00155962
    2    9
 -0.00356688   0.00002390     0.00109394   0.00369603    -0.00109394  -0.00369603
  0.00224233  -0.00111474    -0.00543582   0.00688215     0.00465138  -0.00252508
 -0.00224233   0.00111474     0.00465138  -0.00252508    -0.00543582   0.00688215
    2   10
 -0.00519985  -0.00155962    -0.00098097  -0.00150534    -0.00121326   0.00285768
  0.00125466  -0.00593590    -0.00045334  -0.00099226    -0.00125466   0.00593590
 -0.00121326   0.00285768     0.00098097   0.00150534    -0.00519985  -0.00155962
    2   11
 -0.00543582   0.00688215     0.00224233  -0.00111474     0.00465138  -0.00252508
  0.00109394   0.00369603    -0.00356688   0.00002390    -0.00109394  -0.00369603
  0.00465138  -0.00252508    -0.00224233   0.00111474    -0.00543582   0.00688215
    3    1
  0.00763554  -0.00226425     0.00862618  -0.00589921    -0.00862618   0.00589921
  0.00862618  -0.00589921     0.00763554  -0.00226425    -0.00862618   0.00589921
 -0.00862618   0.00589921    -0.00862618   0.00589921     0.00763554  -0.00226425
    3    2
  0.00150184  -0.00312579     0.00166093  -0.00601914    -0.00166093   0.00601914
  0.00166093  -0.00601914     0.00150184  -0.00312579    -0.00166093   0.00601914
 -0.00166093   0.00601914    -0.00166093   0.00601914     0.00150184  -0.00312579
    3    3
  0.02027162   0.00000000     0.00898449   0.00000000    -0.00898449  -0.00000000
  0.00898449   0.00000000     0.02027162   0.00000000    -0.00898449  -0.00000000
 -0.00898449  -0.00000000    -0.00898449  -0.00000000     0.02027162   0.00000000
    3    4
 -0.00543582  -0.00688215    -0.00465138  -0.00252508    -0.00224233  -0.00111474
 -0.00465138  -0.00252508    -0.00543582  -0.00688215    -0.00224233  -0.00111474
 -0.00109394   0.00369603    -0.00109394   0.00369603    -0.00356688  -0.00002390
    3    5
 -0.00519985   0.00155962     0.00121326   0.00285768     0.00098097  -0.00150534
  0.00121326   0.00285768    -0.00519985   0.00155962     0.00098097  -0.00150534
 -0.00125466  -0.00593590    -0.00125466  -0.00593590    -0.00045334   0.00099226
    3    6
 -0.00766712  -0.00127254    -0.00760300  -0.00174548     0.00760300   0.00174548
 -0.00760300  -0.00174548    -0.00766712  -0.00127254     0.00760300   0.00174548
  0.00760300   0.00174548     0.00760300   0.00174548    -0.00766712  -0.00127254
    3    7
  0.00223840   0.00183885     0.00098076   0.00340926    -0.00098076  -0.00340926
  0.00098076   0.00340926     0.00223840   0.00183885    -0.00098076  -0.00340926
 -0.00098076  -0.00340926    -0.00098076  -0.00340926     0.00223840   0.00183885
    3    8
 -0.00356688  -0.00002390     0.00109394  -0.00369603    -0.00109394   0.00369603
  0.00224233   0.00111474    -0.00543582  -0.00688215     0.00465138   0.00252508
 -0.00224233  -0.00111474     0.00465138   0.00252508    -0.00543582  -0.00688215
    3    9
 -0.00045334   0.00099226     0.00125466   0.00593590    -0.00125466  -0.00593590
 -0.00098097   0.00150534    -0.00519985   0.00155962    -0.00121326  -0.00285768
  0.00098097  -0.00150534    -0.00121326  -0.00285768    -0.00519985   0.00155962
    3   10
 -0.00543582  -0.00688215     0.00224233   0.00111474     0.00465138   0.00252508
  0.00109394  -0.00369603    -0.00356688  -0.00002390    -0.00109394   0.00369603
  0.00465138   0.00252508    -0.00224233  -0.00111474    -0.00543582  -0.00688215
    3   11
 -0.00519985   0.00155962    -0.00098097   0.00150534    -0.00121326  -0.00285768
  0.00125466   0.00593590    -0.00045334   0.00099226    -0.00125466  -0.00593590
 -0.00121326  -0.00285768     0.00098097  -0.00150534    -0.00519985   0.00155962
    4    1
 -0.00704572   0.00400811     0.00102297   0.00483691     0.00168153  -0.00313636
  0.00102297   0.00483691    -0.00704572   0.00400811     0.00168153  -0.00313636
  0.00207880   0.00081392     0.00207880   0.00081392    -0.00001656  -0.00711515
    4    2
 -0.00519985   0.00155962     0.00121326   0.00285768    -0.00125466  -0.00593590
  0.00121326   0.00285768    -0.00519985   0.00155962    -0.00125466  -0.00593590
  0.00098097  -0.00150534     0.00098097  -0.00150534    -0.00045334   0.00099226
    4    3
 -0.00543582   0.00688215    -0.00465138   0.00252508    -0.00109394  -0.00369603
 -0.00465138   0.00252508    -0.00543582   0.00688215    -0.00109394  -0.00369603
 -0.00224233   0.00111474    -0.00224233   0.00111474    -0.00356688   0.00002390
    4    4
  0.01553358  -0.00000000     0.00262340   0.00000000    -0.00072376   0.00005651
  0.00262340   0.00000000     0.01553358  -0.00000000    -0.00072376   0.00005651
 -0.00072376  -0.00005651    -0.00072376  -0.00005651     0.00914742  -0.00000000
    4    5
  0.00229812  -0.00075163     0.00179673  -0.00012594     0.00115079   0.00065425
  0.00179673  -0.00012594     0.00229812  -0.00075163     0.00115079   0.00065425
  0.00115079   0.00065425     0.00115079   0.00065425    -0.00114105  -0.00013953
    4    6
  0.00222051  -0.00303934     0.00024767  -0.00127921    -0.00072297   0.00082734
  0.00024767  -0.00127921     0.00222051  -0.00303934    -0.00072297   0.00082734
  0.00009394  -0.00073883     0.00009394  -0.00073883    -0.00163055   0.00119206
    4    7
  0.00027228  -0.00053751    -0.00119055  -0.00176500     0.00157272   0.00177833
 -0.00119055  -0.00176500     0.00027228  -0.00053751     0.00157272   0.00177833
 -0.00080892   0.00183963    -0.00080892   0.00183963    -0.00280420   0.00141758
    4    8
  0.00096792  -0.00016523     0.00109209   0.00376020     0.00052938  -0.00000000
  0.00080005   0.00024748     0.00597730   0.00000000    -0.00109209   0.00376020
  0.00171114   0.00000000    -0.00080005   0.00024748     0.00096792   0.00016523
    4    9
  0.00244056   0.00088741    -0.00385438  -0.00149022     0.00615193   0.00269235
 -0.00098596  -0.00033841     0.00452063  -0.00690810     0.00385438   0.00149022
 -0.00053993  -0.00117558     0.00098596   0.00033841     0.00244056   0.00088741
    4   10
  0.00597730   0.00000000     0.00080005   0.00024748    -0.00109209   0.00376020
  0.00109209   0.00376020     0.00096792  -0.00016523     0.00052938   0.00000000
 -0.00080005   0.00024748     0.00171114   0.00000000     0.00096792   0.00016523
    4   11
  0.00452063  -0.00690810    -0.00098596  -0.00033841     0.00385438   0.00149022
 -0.00385438  -0.00149022     0.00244056   0.00088741     0.00615193   0.00269235
  0.00098596   0.00033841    -0.00053993  -0.00117558     0.00244056   0.00088741
    5    1
 -0.00704572  -0.00400811     0.00102297  -0.00483691     0.00168153   0.00313636
  0.00102297  -0.00483691    -0.00704572  -0.00400811     0.00168153   0.00313636
  0.00207880  -0.00081392     0.00207880  -0.00081392    -0.00001656   0.00711515
    5    2
 -0.00543582  -0.00688215    -0.00465138  -0.00252508    -0.00109394   0.00369603
 -0.00465138  -0.00252508    -0.00543582  -0.00688215    -0.00109394   0.00369603
 -0.00224233  -0.00111474    -0.00224233  -0.00111474    -0.00356688  -0.00002390
    5    3
 -0.00519985  -0.00155962     0.00121326  -0.00285768    -0.00125466   0.00593590
  0.00121326  -0.00285768    -0.00519985  -0.00155962    -0.00125466   0.00593590
  0.00098097   0.00150534     0.00098097   0.00150534    -0.00045334  -0.00099226
    5    4
  0.00229812   0.00075163     0.00179673   0.00012594     0.00115079  -0.00065425
  0.00179673   0.00012594     0.00229812   0.00075163     0.00115079  -0.00065425
  0.00115079  -0.00065425     0.00115079  -0.00065425    -0.00114105   0.00013953
    5    5
  0.01553358   0.00000000     0.00262340  -0.00000000    -0.00072376  -0.00005651
  0.00262340  -0.00000000     0.01553358   0.00000000    -0.00072376  -0.00005651
 -0.00072376   0.00005651    -0.00072376   0.00005651     0.00914742   0.00000000
    5    6
  0.00027228   0.00053751    -0.00119055   0.00176500     0.00157272  -0.00177833
 -0.00119055   0.00176500     0.00027228   0.00053751     0.00157272  -0.00177833
 -0.00080892  -0.00183963    -0.00080892  -0.00183963    -0.00280420  -0.00141758
    5    7
  0.00222051   0.00303934     0.00024767   0.00127921    -0.00072297  -0.00082734
  0.00024767   0.00127921     0.00222051   0.00303934    -0.00072297  -0.00082734
  0.00009394   0.00073883     0.00009394   0.00073883    -0.00163055  -0.00119206
    5    8
  0.00244056  -0.00088741    -0.00385438   0.00149022     0.00615193  -0.00269235
 -0.00098596   0.00033841     0.00452063   0.00690810     0.00385438  -0.00149022
 -0.00053993   0.00117558     0.00098596  -0.00033841     0.00244056  -0.00088741
    5    9
  0.00096792   0.00016523     0.00109209  -0.00376020     0.00052938   0.00000000
  0.00080005  -0.00024748     0.00597730  -0.00000000    -0.00109209  -0.00376020
  0.00171114  -0.00000000    -0.00080005  -0.00024748     0.00096792  -0.00016523
    5   10
  0.00452063   0.00690810    -0.00098596   0.00033841     0.00385438  -0.00149022
 -0.00385438   0.00149022     0.00244056  -0.00088741     0.00615193  -0.00269235
  0.00098596  -0.00033841    -0.00053993   0.00117558     0.00244056  -0.00088741
    5   11
  0.00597730  -0.00000000     0.00080005  -0.00024748    -0.00109209  -0.00376020
  0.00109209  -0.00376020     0.00096792   0.00016523     0.00052938  -0.00000000
 -0.00080005  -0.00024748     0.00171114  -0.00000000     0.00096792  -0.00016523
    6    1
 -0.01144248   0.00097583    -0.00229370   0.00338859     0.00229370  -0.00338859
 -0.00229370   0.00338859    -0.01144248   0.00097583     0.00229370  -0.00338859
  0.00229370  -0.00338859     0.00229370  -0.00338859    -0.01144248   0.00097583
    6    2
  0.00223840   0.00183885     0.00098076   0.00340926    -0.00098076  -0.00340926
  0.00098076   0.00340926     0.00223840   0.00183885    -0.00098076  -0.00340926
 -0.00098076  -0.00340926    -0.00098076  -0.00340926     0.00223840   0.00183885
    6    3
 -0.00766712   0.00127254    -0.00760300   0.00174548     0.00760300  -0.00174548
 -0.00760300   0.00174548    -0.00766712   0.00127254     0.00760300  -0.00174548
  0.00760300  -0.00174548     0.00760300  -0.00174548    -0.00766712   0.00127254
    6    4
  0.00222051   0.00303934     0.00024767   0.00127921     0.00009394   0.00073883
  0.00024767   0.00127921     0.00222051   0.00303934     0.00009394   0.00073883
 -0.00072297  -0.00082734    -0.00072297  -0.00082734    -0.00163055  -0.00119206
    6    5
  0.00027228  -0.00053751    -0.00119055  -0.00176500    -0.00080892   0.00183963
 -0.00119055  -0.00176500     0.00027228  -0.00053751    -0.00080892   0.00183963
  0.00157272   0.00177833     0.00157272   0.00177833    -0.00280420   0.00141758
    6    6
  0.01240280   0.00000000     0.00496304   0.00000000    -0.00496304  -0.00000000
  0.00496304   0.00000000     0.01240280   0.00000000    -0.00496304  -0.00000000
 -0.00496304  -0.00000000    -0.00496304  -0.00000000     0.01240280   0.00000000
    6    7
  0.00008630  -0.00072700    -0.00083979   0.00021216     0.00083979  -0.00021216
 -0.00083979   0.00021216     0.00008630  -0.00072700     0.00083979  -0.00021216
  0.00083979  -0.00021216     0.00083979  -0.00021216     0.00008630  -0.00072700
    6    8
 -0.00163055  -0.00119206     0.00072297   0.00082734    -0.00072297  -0.00082734
 -0.00009394  -0.00073883     0.00222051   0.00303934    -0.00024767  -0.00127921
  0.00009394   0.00073883    -0.00024767  -0.00127921     0.00222051   0.00303934
    6    9
 -0.00280420   0.00141758    -0.00157272  -0.00177833     0.00157272   0.00177833
  0.00080892  -0.00183963     0.00027228  -0.00053751     0.00119055   0.00176500
 -0.00080892   0.00183963     0.00119055   0.00176500     0.00027228  -0.00053751
    6   10
  0.00222051   0.00303934    -0.00009394  -0.00073883    -0.00024767  -0.00127921
  0.00072297   0.00082734    -0.00163055  -0.00119206    -0.00072297  -0.00082734
 -0.00024767  -0.00127921     0.00009394   0.00073883     0.00222051   0.00303934
    6   11
  0.00027228  -0.00053751     0.00080892  -0.00183963     0.00119055   0.00176500
 -0.00157272  -0.00177833    -0.00280420   0.00141758     0.00157272   0.00177833
  0.00119055   0.00176500    -0.00080892   0.00183963     0.00027228  -0.00053751
    7    1
 -0.01144248  -0.00097583    -0.00229370  -0.00338859     0.00229370   0.00338859
 -0.00229370  -0.00338859    -0.01144248  -0.00097583     0.00229370   0.00338859
  0.00229370   0.00338859     0.00229370   0.00338859    -0.01144248  -0.00097583
    7    2
 -0.00766712  -0.00127254    -0.00760300  -0.00174548     0.00760300   0.00174548
 -0.00760300  -0.00174548    -0.00766712  -0.00127254     0.00760300   0.00174548
  0.00760300   0.00174548     0.00760300   0.00174548    -0.00766712  -0.00127254
    7    3
  0.00223840  -0.00183885     0.00098076  -0.00340926    -0.00098076   0.00340926
  0.00098076  -0.00340926     0.00223840  -0.00183885    -0.00098076   0.00340926
 -0.00098076   0.00340926    -0.00098076   0.00340926     0.00223840  -0.00183885
    7    4
  0.00027228   0.00053751    -0.00119055   0.00176500    -0.00080892  -0.00183963
 -0.00119055   0.00176500     0.00027228   0.00053751    -0.00080892  -0.00183963
  0.00157272  -0.00177833     0.00157272  -0.00177833    -0.00280420  -0.00141758
    7    5
  0.00222051  -0.00303934     0.00024767  -0.00127921     0.00009394  -0.00073883
  0.00024767  -0.00127921     0.00222051  -0.00303934     0.00009394  -0.00073883
 -0.00072297   0.00082734    -0.00072297   0.00082734    -0.00163055   0.00119206
    7    6
  0.00008630   0.00072700    -0.00083979  -0.00021216     0.00083979   0.00021216
 -0.00083979  -0.00021216     0.00008630   0.00072700     0.00083979   0.00021216
  0.00083979   0.00021216     0.00083979   0.00021216     0.00008630   0.00072700
    7    7
  0.01240280  -0.00000000     0.00496304  -0.00000000    -0.00496304   0.00000000
  0.00496304  -0.00000000     0.01240280  -0.00000000    -0.00496304   0.00000000
 -0.00496304   0.00000000    -0.00496304   0.00000000     0.01240280  -0.00000000
    7    8
 -0.00280420  -0.00141758    -0.00157272   0.00177833     0.00157272  -0.00177833
  0.00080892   0.00183963     0.00027228   0.00053751     0.00119055  -0.00176500
 -0.00080892  -0.00183963     0.00119055  -0.00176500     0.00027228   0.00053751
    7    9
 -0.00163055   0.00119206     0.00072297  -0.00082734    -0.00072297   0.00082734
 -0.00009394   0.00073883     0.00222051  -0.00303934    -0.00024767   0.00127921
  0.00009394  -0.00073883    -0.00024767   0.00127921     0.00222051  -0.00303934
    7   10
  0.00027228   0.00053751     0.00080892   0.00183963     0.00119055  -0.00176500
 -0.00157272   0.00177833    -0.00280420  -0.00141758     0.00157272  -0.00177833
  0.00119055  -0.00176500    -0.00080892  -0.00183963     0.00027228   0.00053751
    7   11
  0.00222051  -0.00303934    -0.00009394   0.00073883    -0.00024767   0.00127921
  0.00072297  -0.00082734    -0.00163055   0.00119206    -0.00072297   0.00082734
 -0.00024767   0.00127921     0.00009394  -0.00073883     0.00222051  -0.00303934
    8    1
 -0.00001656  -0.00711515    -0.00207880  -0.00081392     0.00207880   0.00081392
 -0.00168153   0.00313636    -0.00704572   0.00400811    -0.00102297  -0.00483691
  0.00168153  -0.00313636    -0.00102297  -0.00483691    -0.00704572   0.00400811
    8    2
 -0.00045334   0.00099226    -0.00098097   0.00150534     0.00098097  -0.00150534
  0.00125466   0.00593590    -0.00519985   0.00155962    -0.00121326  -0.00285768
 -0.00125466  -0.00593590    -0.00121326  -0.00285768    -0.00519985   0.00155962
    8    3
 -0.00356688   0.00002390     0.00224233  -0.00111474    -0.00224233   0.00111474
  0.00109394   0.00369603    -0.00543582   0.00688215     0.00465138  -0.00252508
 -0.00109394  -0.00369603     0.00465138  -0.00252508    -0.00543582   0.00688215
    8    4
  0.00096792   0.00016523     0.00080005  -0.00024748     0.00171114   0.00000000
  0.00109209  -0.00376020     0.00597730  -0.00000000    -0.00080005  -0.00024748
  0.00052938  -0.00000000    -0.00109209  -0.00376020     0.00096792  -0.00016523
    8    5
  0.00244056   0.00088741    -0.00098596  -0.00033841    -0.00053993  -0.00117558
 -0.00385438  -0.00149022     0.00452063  -0.00690810     0.00098596   0.00033841
  0.00615193   0.00269235     0.00385438   0.00149022     0.00244056   0.00088741
    8    6
 -0.00163055   0.00119206    -0.00009394   0.00073883     0.00009394  -0.00073883
  0.00072297  -0.00082734     0.00222051  -0.00303934    -0.00024767   0.00127921
 -0.00072297   0.00082734    -0.00024767   0.00127921     0.00222051  -0.00303934
    8    7
 -0.00280420   0.00141758     0.00080892  -0.00183963    -0.00080892   0.00183963
 -0.00157272  -0.00177833     0.00027228  -0.00053751     0.00119055   0.00176500
  0.00157272   0.00177833     0.00119055   0.00176500     0.00027228  -0.00053751
    8    8
  0.00914742  -0.00000000     0.00072376   0.00005651    -0.00072376  -0.00005651
  0.00072376  -0.00005651     0.01553358  -0.00000000    -0.00262340  -0.00000000
 -0.00072376   0.00005651    -0.00262340  -0.00000000     0.01553358  -0.00000000
    8    9
 -0.00114105  -0.00013953    -0.00115079  -0.00065425     0.00115079   0.00065425
 -0.00115079  -0.00065425     0.00229812  -0.00075163    -0.00179673   0.00012594
  0.00115079   0.00065425    -0.00179673   0.00012594     0.00229812  -0.00075163
    8   10
  0.00096792   0.00016523    -0.00171114   0.00000000    -0.00080005   0.00024748
 -0.00052938  -0.00000000     0.00096792  -0.00016523    -0.00109209  -0.00376020
 -0.00109209   0.00376020    -0.00080005  -0.00024748     0.00597730  -0.00000000
    8   11
  0.00244056   0.00088741     0.00053993   0.00117558     0.00098596   0.00033841
 -0.00615193  -0.00269235     0.00244056   0.00088741     0.00385438   0.00149022
  0.00385438   0.00149022     0.00098596   0.00033841     0.00452063  -0.00690810
    9    1
 -0.00001656   0.00711515    -0.00207880   0.00081392     0.00207880  -0.00081392
 -0.00168153  -0.00313636    -0.00704572  -0.00400811    -0.00102297   0.00483691
  0.00168153   0.00313636    -0.00102297   0.00483691    -0.00704572  -0.00400811
    9    2
 -0.00356688  -0.00002390     0.00224233   0.00111474    -0.00224233  -0.00111474
  0.00109394  -0.00369603    -0.00543582  -0.00688215     0.00465138   0.00252508
 -0.00109394   0.00369603     0.00465138   0.00252508    -0.00543582  -0.00688215
    9    3
 -0.00045334  -0.00099226    -0.00098097  -0.00150534     0.00098097   0.00150534
  0.00125466  -0.00593590    -0.00519985  -0.00155962    -0.00121326   0.00285768
 -0.00125466   0.00593590    -0.00121326   0.00285768    -0.00519985  -0.00155962
    9    4
  0.00244056  -0.00088741    -0.00098596   0.00033841    -0.00053993   0.00117558
 -0.00385438   0.00149022     0.00452063   0.00690810     0.00098596  -0.00033841
  0.00615193  -0.00269235     0.00385438  -0.00149022     0.00244056  -0.00088741
    9    5
  0.00096792  -0.00016523     0.00080005   0.00024748     0.00171114  -0.00000000
  0.00109209   0.00376020     0.00597730  -0.00000000    -0.00080005   0.00024748
  0.00052938   0.00000000    -0.00109209   0.00376020     0.00096792   0.00016523
    9    6
 -0.00280420  -0.00141758     0.00080892   0.00183963    -0.00080892  -0.00183963
 -0.00157272   0.00177833     0.00027228   0.00053751     0.00119055  -0.00176500
  0.00157272  -0.00177833     0.00119055  -0.00176500     0.00027228   0.00053751
    9    7
 -0.00163055  -0.00119206    -0.00009394  -0.00073883     0.00009394   0.00073883
  0.00072297   0.00082734     0.00222051   0.00303934    -0.00024767  -0.00127921
 -0.00072297  -0.00082734    -0.00024767  -0.00127921     0.00222051   0.00303934
    9    8
 -0.00114105   0.00013953    -0.00115079   0.00065425     0.00115079  -0.00065425
 -0.00115079   0.00065425     0.00229812   0.00075163    -0.00179673  -0.00012594
  0.00115079  -0.00065425    -0.00179673  -0.00012594     0.00229812   0.00075163
    9    9
  0.00914742   0.00000000     0.00072376  -0.00005651    -0.00072376   0.00005651
  0.00072376   0.00005651     0.01553358   0.00000000    -0.00262340   0.00000000
 -0.00072376  -0.00005651    -0.00262340   0.00000000     0.01553358   0.00000000
    9   10
  0.00244056  -0.00088741     0.00053993  -0.00117558     0.00098596  -0.00033841
 -0.00615193   0.00269235     0.00244056  -0.00088741     0.00385438  -0.00149022
  0.00385438  -0.00149022     0.00098596  -0.00033841     0.00452063   0.00690810
    9   11
  0.00096792  -0.00016523    -0.00171114   0.00000000    -0.00080005  -0.00024748
 -0.00052938  -0.00000000     0.00096792   0.00016523    -0.00109209   0.00376020
 -0.00109209  -0.00376020    -0.00080005   0.00024748     0.00597730  -0.00000000
   10    1
 -0.00704572   0.00400811    -0.00168153   0.00313636    -0.00102297  -0.00483691
 -0.00207880  -0.00081392    -0.00001656  -0.00711515     0.00207880   0.00081392
 -0.00102297  -0.00483691     0.00168153  -0.00313636    -0.00704572   0.00400811
   10    2
 -0.00519985   0.00155962     0.00125466   0.00593590    -0.00121326  -0.00285768
 -0.00098097   0.00150534    -0.00045334   0.00099226     0.00098097  -0.00150534
 -0.00121326  -0.00285768    -0.00125466  -0.00593590    -0.00519985   0.00155962
   10    3
 -0.00543582   0.00688215     0.00109394   0.00369603     0.00465138  -0.00252508
  0.00224233  -0.00111474    -0.00356688   0.00002390    -0.00224233   0.00111474
  0.00465138  -0.00252508    -0.00109394  -0.00369603    -0.00543582   0.00688215
   10    4
  0.00597730  -0.00000000     0.00109209  -0.00376020    -0.00080005  -0.00024748
  0.00080005  -0.00024748     0.00096792   0.00016523     0.00171114  -0.00000000
 -0.00109209  -0.00376020     0.00052938   0.00000000     0.00096792  -0.00016523
   10    5
  0.00452063  -0.00690810    -0.00385438  -0.00149022     0.00098596   0.00033841
 -0.00098596  -0.00033841     0.00244056   0.00088741    -0.00053993  -0.00117558
  0.00385438   0.00149022     0.00615193   0.00269235     0.00244056   0.00088741
   10    6
  0.00222051  -0.00303934     0.00072297  -0.00082734    -0.00024767   0.00127921
 -0.00009394   0.00073883    -0.00163055   0.00119206     0.00009394  -0.00073883
 -0.00024767   0.00127921    -0.00072297   0.00082734     0.00222051  -0.00303934
   10    7
  0.00027228  -0.00053751    -0.00157272  -0.00177833     0.00119055   0.00176500
  0.00080892  -0.00183963    -0.00280420   0.00141758    -0.00080892   0.00183963
  0.00119055   0.00176500     0.00157272   0.00177833     0.00027228  -0.00053751
   10    8
  0.00096792  -0.00016523    -0.00052938   0.00000000    -0.00109209  -0.00376020
 -0.00171114   0.00000000     0.00096792   0.00016523    -0.00080005   0.00024748
 -0.00080005  -0.00024748    -0.00109209   0.00376020     0.00597730   0.00000000
   10    9
  0.00244056   0.00088741    -0.00615193  -0.00269235     0.00385438   0.00149022
  0.00053993   0.00117558     0.00244056   0.00088741     0.00098596   0.00033841
  0.00098596   0.00033841     0.00385438   0.00149022     0.00452063  -0.00690810
   10   10
  0.01553358  -0.00000000     0.00072376  -0.00005651    -0.00262340  -0.00000000
  0.00072376   0.00005651     0.00914742  -0.00000000    -0.00072376  -0.00005651
 -0.00262340  -0.00000000    -0.00072376   0.00005651     0.01553358  -0.00000000
   10   11
  0.00229812  -0.00075163    -0.00115079  -0.00065425    -0.00179673   0.00012594
 -0.00115079  -0.00065425    -0.00114105  -0.00013953     0.00115079   0.00065425
 -0.00179673   0.00012594     0.00115079   0.00065425     0.00229812  -0.00075163
   11    1
 -0.00704572  -0.00400811    -0.00168153  -0.00313636    -0.00102297   0.00483691
 -0.00207880   0.00081392    -0.00001656   0.00711515     0.00207880  -0.00081392
 -0.00102297   0.00483691     0.00168153   0.00313636    -0.00704572  -0.00400811
   11    2
 -0.00543582  -0.00688215     0.00109394  -0.00369603     0.00465138   0.00252508
  0.00224233   0.00111474    -0.00356688  -0.00002390    -0.00224233  -0.00111474
  0.00465138   0.00252508    -0.00109394   0.00369603    -0.00543582  -0.00688215
   11    3
 -0.00519985  -0.00155962     0.00125466  -0.00593590    -0.00121326   0.00285768
 -0.00098097  -0.00150534    -0.00045334  -0.00099226     0.00098097   0.00150534
 -0.00121326   0.00285768    -0.00125466   0.00593590    -0.00519985  -0.00155962
   11    4
  0.00452063   0.00690810    -0.00385438   0.00149022     0.00098596  -0.00033841
 -0.00098596   0.00033841     0.00244056  -0.00088741    -0.00053993   0.00117558
  0.00385438  -0.00149022     0.00615193  -0.00269235     0.00244056  -0.00088741
   11    5
  0.00597730   0.00000000     0.00109209   0.00376020    -0.00080005   0.00024748
  0.00080005   0.00024748     0.00096792  -0.00016523     0.00171114   0.00000000
 -0.00109209   0.00376020     0.00052938   0.00000000     0.00096792   0.00016523
   11    6
  0.00027228   0.00053751    -0.00157272   0.00177833     0.00119055  -0.00176500
  0.00080892   0.00183963    -0.00280420  -0.00141758    -0.00080892  -0.00183963
  0.00119055  -0.00176500     0.00157272  -0.00177833     0.00027228   0.00053751
   11    7
  0.00222051   0.00303934     0.00072297   0.00082734    -0.00024767  -0.00127921
 -0.00009394  -0.00073883    -0.00163055  -0.00119206     0.00009394   0.00073883
 -0.00024767  -0.00127921    -0.00072297  -0.00082734     0.00222051   0.00303934
   11    8
  0.00244056  -0.00088741    -0.00615193   0.00269235     0.00385438  -0.00149022
  0.00053993  -0.00117558     0.00244056  -0.00088741     0.00098596  -0.00033841
  0.00098596  -0.00033841     0.00385438  -0.00149022     0.00452063   0.00690810
   11    9
  0.00096792   0.00016523    -0.00052938   0.00000000    -0.00109209   0.00376020
 -0.00171114   0.00000000     0.00096792  -0.00016523    -0.00080005  -0.00024748
 -0.00080005   0.00024748    -0.00109209  -0.00376020     0.00597730   0.00000000
   11   10
  0.00229812   0.00075163    -0.00115079   0.00065425    -0.00179673  -0.00012594
 -0.00115079   0.00065425    -0.00114105   0.00013953     0.00115079  -0.00065425
 -0.00179673  -0.00012594     0.00115079  -0.00065425     0.00229812   0.00075163
   11   11
  0.01553358   0.00000000     0.00072376   0.00005651    -0.00262340   0.00000000
  0.00072376  -0.00005651     0.00914742   0.00000000    -0.00072376   0.00005651
 -0.00262340   0.00000000    -0.00072376  -0.00005651     0.01553358   0.00000000

     Dynamical  Matrix in cartesian axes

     q = (    0.235702260  -0.235702260  -0.235702260 ) 

    1    1
  0.04597492   0.00000000    -0.01308503   0.00000000    -0.01308503   0.00000000
 -0.01308503   0.00000000     0.04597492   0.00000000     0.01308503   0.00000000
 -0.01308503   0.00000000     0.01308503   0.00000000     0.04597492   0.00000000
    1    2
  0.00763554   0.00226425    -0.00862618  -0.00589921    -0.00862618  -0.00589921
 -0.00862618  -0.00589921     0.00763554   0.00226425     0.00862618   0.00589921
 -0.00862618  -0.00589921     0.00862618   0.00589921     0.00763554   0.00226425
    1    3
  0.00763554  -0.00226425    -0.00862618   0.00589921    -0.00862618   0.00589921
 -0.00862618   0.00589921     0.00763554  -0.00226425     0.00862618  -0.00589921
 -0.00862618   0.00589921     0.00862618  -0.00589921     0.00763554  -0.00226425
    1    4
 -0.00001656  -0.00711515     0.00168153  -0.00313636     0.00168153  -0.00313636
  0.00207880   0.00081392    -0.00704572   0.00400811     0.00102297   0.00483691
  0.00207880   0.00081392     0.00102297   0.00483691    -0.00704572   0.00400811
    1    5
 -0.00001656   0.00711515     0.00168153   0.00313636     0.00168153   0.00313636
  0.00207880  -0.00081392    -0.00704572  -0.00400811     0.00102297  -0.00483691
  0.00207880  -0.00081392     0.00102297  -0.00483691    -0.00704572  -0.00400811
    1    6
 -0.00704572   0.00400811     0.00207880   0.00081392    -0.00102297  -0.00483691
  0.00168153  -0.00313636    -0.00001656  -0.00711515    -0.00168153   0.00313636
 -0.00102297  -0.00483691    -0.00207880  -0.00081392    -0.00704572   0.00400811
    1    7
 -0.00704572  -0.00400811     0.00207880  -0.00081392    -0.00102297   0.00483691
  0.00168153   0.00313636    -0.00001656   0.00711515    -0.00168153  -0.00313636
 -0.00102297   0.00483691    -0.00207880   0.00081392    -0.00704572  -0.00400811
    1    8
 -0.00704572   0.00400811    -0.00102297  -0.00483691     0.00207880   0.00081392
 -0.00102297  -0.00483691    -0.00704572   0.00400811    -0.00207880  -0.00081392
  0.00168153  -0.00313636    -0.00168153   0.00313636    -0.00001656  -0.00711515
    1    9
 -0.00704572  -0.00400811    -0.00102297   0.00483691     0.00207880  -0.00081392
 -0.00102297   0.00483691    -0.00704572  -0.00400811    -0.00207880   0.00081392
  0.00168153   0.00313636    -0.00168153  -0.00313636    -0.00001656   0.00711515
    1   10
 -0.01144248   0.00097583     0.00229370  -0.00338859     0.00229370  -0.00338859
  0.00229370  -0.00338859    -0.01144248   0.00097583    -0.00229370   0.00338859
  0.00229370  -0.00338859    -0.00229370   0.00338859    -0.01144248   0.00097583
    1   11
 -0.01144248  -0.00097583     0.00229370   0.00338859     0.00229370   0.00338859
  0.00229370   0.00338859    -0.01144248  -0.00097583    -0.00229370  -0.00338859
  0.00229370   0.00338859    -0.00229370  -0.00338859    -0.01144248  -0.00097583
    2    1
  0.00763554  -0.00226425    -0.00862618   0.00589921    -0.00862618   0.00589921
 -0.00862618   0.00589921     0.00763554  -0.00226425     0.00862618  -0.00589921
 -0.00862618   0.00589921     0.00862618  -0.00589921     0.00763554  -0.00226425
    2    2
  0.02027162   0.00000000    -0.00898449  -0.00000000    -0.00898449  -0.00000000
 -0.00898449  -0.00000000     0.02027162   0.00000000     0.00898449   0.00000000
 -0.00898449  -0.00000000     0.00898449   0.00000000     0.02027162   0.00000000
    2    3
  0.00150184  -0.00312579    -0.00166093   0.00601914    -0.00166093   0.00601914
 -0.00166093   0.00601914     0.00150184  -0.00312579     0.00166093  -0.00601914
 -0.00166093   0.00601914     0.00166093  -0.00601914     0.00150184  -0.00312579
    2    4
 -0.00045334   0.00099226    -0.00125466  -0.00593590    -0.00125466  -0.00593590
  0.00098097  -0.00150534    -0.00519985   0.00155962     0.00121326   0.00285768
  0.00098097  -0.00150534     0.00121326   0.00285768    -0.00519985   0.00155962
    2    5
 -0.00356688  -0.00002390    -0.00109394   0.00369603    -0.00109394   0.00369603
 -0.00224233  -0.00111474    -0.00543582  -0.00688215    -0.00465138  -0.00252508
 -0.00224233  -0.00111474    -0.00465138  -0.00252508    -0.00543582  -0.00688215
    2    6
 -0.00519985   0.00155962     0.00098097  -0.00150534    -0.00121326  -0.00285768
 -0.00125466  -0.00593590    -0.00045334   0.00099226     0.00125466   0.00593590
 -0.00121326  -0.00285768    -0.00098097   0.00150534    -0.00519985   0.00155962
    2    7
 -0.00543582  -0.00688215    -0.00224233  -0.00111474     0.00465138   0.00252508
 -0.00109394   0.00369603    -0.00356688  -0.00002390     0.00109394  -0.00369603
  0.00465138   0.00252508     0.00224233   0.00111474    -0.00543582  -0.00688215
    2    8
 -0.00519985   0.00155962    -0.00121326  -0.00285768     0.00098097  -0.00150534
 -0.00121326  -0.00285768    -0.00519985   0.00155962    -0.00098097   0.00150534
 -0.00125466  -0.00593590     0.00125466   0.00593590    -0.00045334   0.00099226
    2    9
 -0.00543582  -0.00688215     0.00465138   0.00252508    -0.00224233  -0.00111474
  0.00465138   0.00252508    -0.00543582  -0.00688215     0.00224233   0.00111474
 -0.00109394   0.00369603     0.00109394  -0.00369603    -0.00356688  -0.00002390
    2   10
  0.00223840   0.00183885    -0.00098076  -0.00340926    -0.00098076  -0.00340926
 -0.00098076  -0.00340926     0.00223840   0.00183885     0.00098076   0.00340926
 -0.00098076  -0.00340926     0.00098076   0.00340926     0.00223840   0.00183885
    2   11
 -0.00766712  -0.00127254     0.00760300   0.00174548     0.00760300   0.00174548
  0.00760300   0.00174548    -0.00766712  -0.00127254    -0.00760300  -0.00174548
  0.00760300   0.00174548    -0.00760300  -0.00174548    -0.00766712  -0.00127254
    3    1
  0.00763554   0.00226425    -0.00862618  -0.00589921    -0.00862618  -0.00589921
 -0.00862618  -0.00589921     0.00763554   0.00226425     0.00862618   0.00589921
 -0.00862618  -0.00589921     0.00862618   0.00589921     0.00763554   0.00226425
    3    2
  0.00150184   0.00312579    -0.00166093  -0.00601914    -0.00166093  -0.00601914
 -0.00166093  -0.00601914     0.00150184   0.00312579     0.00166093   0.00601914
 -0.00166093  -0.00601914     0.00166093   0.00601914     0.00150184   0.00312579
    3    3
  0.02027162  -0.00000000    -0.00898449   0.00000000    -0.00898449   0.00000000
 -0.00898449   0.00000000     0.02027162  -0.00000000     0.00898449  -0.00000000
 -0.00898449   0.00000000     0.00898449  -0.00000000     0.02027162  -0.00000000
    3    4
 -0.00356688   0.00002390    -0.00109394  -0.00369603    -0.00109394  -0.00369603
 -0.00224233   0.00111474    -0.00543582   0.00688215    -0.00465138   0.00252508
 -0.00224233   0.00111474    -0.00465138   0.00252508    -0.00543582   0.00688215
    3    5
 -0.00045334  -0.00099226    -0.00125466   0.00593590    -0.00125466   0.00593590
  0.00098097   0.00150534    -0.00519985  -0.00155962     0.00121326  -0.00285768
  0.00098097   0.00150534     0.00121326  -0.00285768    -0.00519985  -0.00155962
    3    6
 -0.00543582   0.00688215    -0.00224233   0.00111474     0.00465138  -0.00252508
 -0.00109394  -0.00369603    -0.00356688   0.00002390     0.00109394   0.00369603
  0.00465138  -0.00252508     0.00224233  -0.00111474    -0.00543582   0.00688215
    3    7
 -0.00519985  -0.00155962     0.00098097   0.00150534    -0.00121326   0.00285768
 -0.00125466   0.00593590    -0.00045334  -0.00099226     0.00125466  -0.00593590
 -0.00121326   0.00285768    -0.00098097  -0.00150534    -0.00519985  -0.00155962
    3    8
 -0.00543582   0.00688215     0.00465138  -0.00252508    -0.00224233   0.00111474
  0.00465138  -0.00252508    -0.00543582   0.00688215     0.00224233  -0.00111474
 -0.00109394  -0.00369603     0.00109394   0.00369603    -0.00356688   0.00002390
    3    9
 -0.00519985  -0.00155962    -0.00121326   0.00285768     0.00098097   0.00150534
 -0.00121326   0.00285768    -0.00519985  -0.00155962    -0.00098097  -0.00150534
 -0.00125466   0.00593590     0.00125466  -0.00593590    -0.00045334  -0.00099226
    3   10
 -0.00766712   0.00127254     0.00760300  -0.00174548     0.00760300  -0.00174548
  0.00760300  -0.00174548    -0.00766712   0.00127254    -0.00760300   0.00174548
  0.00760300  -0.00174548    -0.00760300   0.00174548    -0.00766712   0.00127254
    3   11
  0.00223840  -0.00183885    -0.00098076   0.00340926    -0.00098076   0.00340926
 -0.00098076   0.00340926     0.00223840  -0.00183885     0.00098076  -0.00340926
 -0.00098076   0.00340926     0.00098076  -0.00340926     0.00223840  -0.00183885
    4    1
 -0.00001656   0.00711515     0.00207880  -0.00081392     0.00207880  -0.00081392
