  4.500000000000000E-002   1.62466440089185        5.30948034695369     
           6

     Dynamical  Matrix in cartesian axes

     q = (    0.235702260   0.000000000   0.000000000 ) 

    1    1
  0.34667733   0.00000000     0.00000000   0.00000000    -0.00000000   0.00000000
  0.00000000   0.00000000     0.11773609   0.00000000     0.00000000   0.00000000
 -0.00000000   0.00000000     0.00000000   0.00000000     0.11773609   0.00000000
    1    2
  0.03886029   0.02243600     0.00000000   0.00000000    -0.00000000   0.00000000
 -0.00000000   0.00000000    -0.01515263  -0.00874837    -0.00626928   0.01085870
 -0.00000000  -0.00000000    -0.00626928   0.01085870    -0.01515263  -0.00874837
    1    3
  0.03886029  -0.02243600     0.00000000   0.00000000    -0.00000000   0.00000000
 -0.00000000  -0.00000000    -0.01515263   0.00874837    -0.00626928  -0.01085870
 -0.00000000   0.00000000    -0.00626928  -0.01085870    -0.01515263   0.00874837
    1    4
 -0.04553124   0.00191163     0.00689701   0.00246419     0.00689701   0.00246419
  0.01146536  -0.00446458    -0.00323760   0.00815097     0.01183839  -0.00626864
  0.01146536  -0.00446458     0.01183839  -0.00626864    -0.00323760   0.00815097
    1    5
 -0.04553124  -0.00191163     0.00689701  -0.00246419     0.00689701  -0.00246419
  0.01146536   0.00446458    -0.00323760  -0.00815097     0.01183839   0.00626864
  0.01146536   0.00446458     0.01183839   0.00626864    -0.00323760  -0.00815097
    1    6
 -0.02442114   0.03847540     0.00131446  -0.00720508    -0.00131446   0.00720508
  0.00959912  -0.00769701    -0.00867775  -0.00127164    -0.01134800   0.00711802
 -0.00959912   0.00769701    -0.01134800   0.00711802    -0.00867775  -0.00127164
    1    7
 -0.02442114  -0.03847540     0.00131446   0.00720508    -0.00131446  -0.00720508
  0.00959912   0.00769701    -0.00867775   0.00127164    -0.01134800  -0.00711802
 -0.00959912  -0.00769701    -0.01134800  -0.00711802    -0.00867775   0.00127164
    1    8
 -0.02442114   0.03847540    -0.00131446   0.00720508     0.00131446  -0.00720508
 -0.00959912   0.00769701    -0.00867775  -0.00127164    -0.01134800   0.00711802
  0.00959912  -0.00769701    -0.01134800   0.00711802    -0.00867775  -0.00127164
    1    9
 -0.02442114  -0.03847540    -0.00131446  -0.00720508     0.00131446   0.00720508
 -0.00959912  -0.00769701    -0.00867775   0.00127164    -0.01134800  -0.00711802
  0.00959912   0.00769701    -0.01134800  -0.00711802    -0.00867775   0.00127164
    1   10
 -0.04553124   0.00191163    -0.00689701  -0.00246419    -0.00689701  -0.00246419
 -0.01146536   0.00446458    -0.00323760   0.00815097     0.01183839  -0.00626864
 -0.01146536   0.00446458     0.01183839  -0.00626864    -0.00323760   0.00815097
    1   11
 -0.04553124  -0.00191163    -0.00689701   0.00246419    -0.00689701   0.00246419
 -0.01146536  -0.00446458    -0.00323760  -0.00815097     0.01183839   0.00626864
 -0.01146536  -0.00446458     0.01183839   0.00626864    -0.00323760  -0.00815097
    2    1
  0.03886029  -0.02243600    -0.00000000  -0.00000000     0.00000000   0.00000000
  0.00000000   0.00000000    -0.01515263   0.00874837    -0.00626928  -0.01085870
 -0.00000000   0.00000000    -0.00626928  -0.01085870    -0.01515263   0.00874837
    2    2
  0.06637102  -0.00000000     0.00000000   0.00000000    -0.00000000   0.00000000
  0.00000000   0.00000000     0.02917778  -0.00000000     0.00000000   0.00000000
  0.00000000   0.00000000     0.00000000   0.00000000     0.02917778  -0.00000000
    2    3
 -0.00259997   0.00450328    -0.00000000  -0.00000000    -0.00000000  -0.00000000
  0.00000000  -0.00000000    -0.00473096   0.00819426     0.00621824   0.00359011
  0.00000000  -0.00000000     0.00621824   0.00359011    -0.00473096   0.00819426
    2    4
  0.00314184  -0.00325161     0.00384957   0.00152897     0.00384957   0.00152897
 -0.00147367  -0.00198619    -0.00375681  -0.00191584    -0.00361462  -0.00135348
 -0.00147367  -0.00198619    -0.00361462  -0.00135348    -0.00375681  -0.00191584
    2    5
 -0.00987751   0.00123285    -0.01386850   0.00306745    -0.01386850   0.00306745
 -0.00660173  -0.00216768    -0.00419713  -0.00006159    -0.01016650  -0.00154574
 -0.00660173  -0.00216768    -0.01016650  -0.00154574    -0.00419713  -0.00006159
    2    6
  0.00124506  -0.00434672    -0.00324891  -0.00256934     0.00324891   0.00256934
  0.00245693   0.00028314     0.00353757   0.00229558    -0.00297945  -0.00245361
 -0.00245693  -0.00028314    -0.00297945  -0.00245361     0.00353757   0.00229558
    2    7
 -0.00987751  -0.00123285    -0.01386850  -0.00306745     0.01386850   0.00306745
 -0.00660173   0.00216768    -0.00419713   0.00006159     0.01016650  -0.00154574
  0.00660173  -0.00216768     0.01016650  -0.00154574    -0.00419713   0.00006159
    2    8
  0.00124506  -0.00434672     0.00324891   0.00256934    -0.00324891  -0.00256934
 -0.00245693  -0.00028314     0.00353757   0.00229558    -0.00297945  -0.00245361
  0.00245693   0.00028314    -0.00297945  -0.00245361     0.00353757   0.00229558
    2    9
 -0.00987751  -0.00123285     0.01386850   0.00306745    -0.01386850  -0.00306745
  0.00660173  -0.00216768    -0.00419713   0.00006159     0.01016650  -0.00154574
 -0.00660173   0.00216768     0.01016650  -0.00154574    -0.00419713   0.00006159
    2   10
  0.00314184  -0.00325161    -0.00384957  -0.00152897    -0.00384957  -0.00152897
  0.00147367   0.00198619    -0.00375681  -0.00191584    -0.00361462  -0.00135348
  0.00147367   0.00198619    -0.00361462  -0.00135348    -0.00375681  -0.00191584
    2   11
 -0.00987751   0.00123285     0.01386850  -0.00306745     0.01386850  -0.00306745
  0.00660173   0.00216768    -0.00419713  -0.00006159    -0.01016650  -0.00154574
  0.00660173   0.00216768    -0.01016650  -0.00154574    -0.00419713  -0.00006159
    3    1
  0.03886029   0.02243600    -0.00000000   0.00000000     0.00000000  -0.00000000
  0.00000000   0.00000000    -0.01515263  -0.00874837    -0.00626928   0.01085870
 -0.00000000  -0.00000000    -0.00626928   0.01085870    -0.01515263  -0.00874837
    3    2
 -0.00259997  -0.00450328    -0.00000000   0.00000000    -0.00000000   0.00000000
  0.00000000   0.00000000    -0.00473096  -0.00819426     0.00621824  -0.00359011
  0.00000000   0.00000000     0.00621824  -0.00359011    -0.00473096  -0.00819426
    3    3
  0.06637102   0.00000000     0.00000000  -0.00000000    -0.00000000  -0.00000000
  0.00000000  -0.00000000     0.02917778   0.00000000     0.00000000  -0.00000000
  0.00000000  -0.00000000     0.00000000  -0.00000000     0.02917778   0.00000000
    3    4
 -0.00987751  -0.00123285    -0.01386850  -0.00306745    -0.01386850  -0.00306745
 -0.00660173   0.00216768    -0.00419713   0.00006159    -0.01016650   0.00154574
 -0.00660173   0.00216768    -0.01016650   0.00154574    -0.00419713   0.00006159
    3    5
  0.00314184   0.00325161     0.00384957  -0.00152897     0.00384957  -0.00152897
 -0.00147367   0.00198619    -0.00375681   0.00191584    -0.00361462   0.00135348
 -0.00147367   0.00198619    -0.00361462   0.00135348    -0.00375681   0.00191584
    3    6
 -0.00987751   0.00123285    -0.01386850   0.00306745     0.01386850  -0.00306745
 -0.00660173  -0.00216768    -0.00419713  -0.00006159     0.01016650   0.00154574
  0.00660173   0.00216768     0.01016650   0.00154574    -0.00419713  -0.00006159
    3    7
  0.00124506   0.00434672    -0.00324891   0.00256934     0.00324891  -0.00256934
  0.00245693  -0.00028314     0.00353757  -0.00229558    -0.00297945   0.00245361
 -0.00245693   0.00028314    -0.00297945   0.00245361     0.00353757  -0.00229558
    3    8
 -0.00987751   0.00123285     0.01386850  -0.00306745    -0.01386850   0.00306745
  0.00660173   0.00216768    -0.00419713  -0.00006159     0.01016650   0.00154574
 -0.00660173  -0.00216768     0.01016650   0.00154574    -0.00419713  -0.00006159
    3    9
  0.00124506   0.00434672     0.00324891  -0.00256934    -0.00324891   0.00256934
 -0.00245693   0.00028314     0.00353757  -0.00229558    -0.00297945   0.00245361
  0.00245693  -0.00028314    -0.00297945   0.00245361     0.00353757  -0.00229558
    3   10
 -0.00987751  -0.00123285     0.01386850   0.00306745     0.01386850   0.00306745
  0.00660173  -0.00216768    -0.00419713   0.00006159    -0.01016650   0.00154574
  0.00660173  -0.00216768    -0.01016650   0.00154574    -0.00419713   0.00006159
    3   11
  0.00314184   0.00325161    -0.00384957   0.00152897    -0.00384957   0.00152897
  0.00147367  -0.00198619    -0.00375681   0.00191584    -0.00361462   0.00135348
  0.00147367  -0.00198619    -0.00361462   0.00135348    -0.00375681   0.00191584
    4    1
 -0.04553124  -0.00191163     0.01146536   0.00446458     0.01146536   0.00446458
  0.00689701  -0.00246419    -0.00323760  -0.00815097     0.01183839   0.00626864
  0.00689701  -0.00246419     0.01183839   0.00626864    -0.00323760  -0.00815097
    4    2
  0.00314184   0.00325161    -0.00147367   0.00198619    -0.00147367   0.00198619
  0.00384957  -0.00152897    -0.00375681   0.00191584    -0.00361462   0.00135348
  0.00384957  -0.00152897    -0.00361462   0.00135348    -0.00375681   0.00191584
    4    3
 -0.00987751   0.00123285    -0.00660173  -0.00216768    -0.00660173  -0.00216768
 -0.01386850   0.00306745    -0.00419713  -0.00006159    -0.01016650  -0.00154574
 -0.01386850   0.00306745    -0.01016650  -0.00154574    -0.00419713  -0.00006159
    4    4
  0.04366625  -0.00000000    -0.00171782   0.00264675    -0.00171782   0.00264675
 -0.00171782  -0.00264675     0.03548318   0.00000000     0.00458564  -0.00000000
 -0.00171782  -0.00264675     0.00458564  -0.00000000     0.03548318  -0.00000000
    4    5
  0.00861248  -0.00819972     0.00062546  -0.00231048     0.00062546  -0.00231048
  0.00062546  -0.00231048     0.00214997  -0.00575370     0.00246983  -0.00096456
  0.00062546  -0.00231048     0.00246983  -0.00096456     0.00214997  -0.00575370
    4    6
  0.00231588  -0.01564856    -0.00096942  -0.00069406     0.00077613   0.00148963
 -0.00096942  -0.00069406    -0.00675450  -0.00520996     0.00091044   0.00066837
 -0.00077613  -0.00148963    -0.00091044  -0.00066837     0.00158686   0.00311603
    4    7
  0.00773630   0.01339966    -0.00146471  -0.00172005     0.00099740   0.00391330
 -0.00075725  -0.00212850     0.00456047   0.00789896    -0.00009742   0.00035395
 -0.00289031  -0.00282042    -0.00035524  -0.00009261    -0.00853762  -0.01478760
    4    8
  0.00231588  -0.01564856     0.00077613   0.00148963    -0.00096942  -0.00069406
 -0.00077613  -0.00148963     0.00158686   0.00311603    -0.00091044  -0.00066837
 -0.00096942  -0.00069406     0.00091044   0.00066837    -0.00675450  -0.00520996
    4    9
  0.00773630   0.01339966     0.00099740   0.00391330    -0.00146471  -0.00172005
 -0.00289031  -0.00282042    -0.00853762  -0.01478760    -0.00035524  -0.00009261
 -0.00075725  -0.00212850    -0.00009742   0.00035395     0.00456047   0.00789896
    4   10
  0.01558263   0.00000000     0.00035055  -0.00124159     0.00035055  -0.00124159
 -0.00035055  -0.00124159    -0.00692602   0.00000000    -0.00000610   0.00000000
 -0.00035055  -0.00124159    -0.00000610   0.00000000    -0.00692602  -0.00000000
    4   11
  0.01260159  -0.01769840     0.00422788  -0.00189544     0.00422788  -0.00189544
 -0.00422788   0.00189544     0.00725599   0.01037342     0.00555454  -0.00056865
 -0.00422788   0.00189544     0.00555454  -0.00056865     0.00725599   0.01037342
    5    1
 -0.04553124   0.00191163     0.01146536  -0.00446458     0.01146536  -0.00446458
  0.00689701   0.00246419    -0.00323760   0.00815097     0.01183839  -0.00626864
  0.00689701   0.00246419     0.01183839  -0.00626864    -0.00323760   0.00815097
    5    2
 -0.00987751  -0.00123285    -0.00660173   0.00216768    -0.00660173   0.00216768
 -0.01386850  -0.00306745    -0.00419713   0.00006159    -0.01016650   0.00154574
 -0.01386850  -0.00306745    -0.01016650   0.00154574    -0.00419713   0.00006159
    5    3
  0.00314184  -0.00325161    -0.00147367  -0.00198619    -0.00147367  -0.00198619
  0.00384957   0.00152897    -0.00375681  -0.00191584    -0.00361462  -0.00135348
  0.00384957   0.00152897    -0.00361462  -0.00135348    -0.00375681  -0.00191584
    5    4
  0.00861248   0.00819972     0.00062546   0.00231048     0.00062546   0.00231048
  0.00062546   0.00231048     0.00214997   0.00575370     0.00246983   0.00096456
  0.00062546   0.00231048     0.00246983   0.00096456     0.00214997   0.00575370
    5    5
  0.04366625   0.00000000    -0.00171782  -0.00264675    -0.00171782  -0.00264675
 -0.00171782   0.00264675     0.03548318  -0.00000000     0.00458564   0.00000000
 -0.00171782   0.00264675     0.00458564   0.00000000     0.03548318   0.00000000
    5    6
  0.00773630  -0.01339966    -0.00146471   0.00172005     0.00099740  -0.00391330
 -0.00075725   0.00212850     0.00456047  -0.00789896    -0.00009742  -0.00035395
 -0.00289031   0.00282042    -0.00035524   0.00009261    -0.00853762   0.01478760
    5    7
  0.00231588   0.01564856    -0.00096942   0.00069406     0.00077613  -0.00148963
 -0.00096942   0.00069406    -0.00675450   0.00520996     0.00091044  -0.00066837
 -0.00077613   0.00148963    -0.00091044   0.00066837     0.00158686  -0.00311603
    5    8
  0.00773630  -0.01339966     0.00099740  -0.00391330    -0.00146471   0.00172005
 -0.00289031   0.00282042    -0.00853762   0.01478760    -0.00035524   0.00009261
 -0.00075725   0.00212850    -0.00009742  -0.00035395     0.00456047  -0.00789896
    5    9
  0.00231588   0.01564856     0.00077613  -0.00148963    -0.00096942   0.00069406
 -0.00077613   0.00148963     0.00158686  -0.00311603    -0.00091044   0.00066837
 -0.00096942   0.00069406     0.00091044  -0.00066837    -0.00675450   0.00520996
    5   10
  0.01260159   0.01769840     0.00422788   0.00189544     0.00422788   0.00189544
 -0.00422788  -0.00189544     0.00725599  -0.01037342     0.00555454   0.00056865
 -0.00422788  -0.00189544     0.00555454   0.00056865     0.00725599  -0.01037342
    5   11
  0.01558263  -0.00000000     0.00035055   0.00124159     0.00035055   0.00124159
 -0.00035055   0.00124159    -0.00692602   0.00000000    -0.00000610  -0.00000000
 -0.00035055   0.00124159    -0.00000610  -0.00000000    -0.00692602  -0.00000000
    6    1
 -0.02442114  -0.03847540     0.00959912   0.00769701    -0.00959912  -0.00769701
  0.00131446   0.00720508    -0.00867775   0.00127164    -0.01134800  -0.00711802
 -0.00131446  -0.00720508    -0.01134800  -0.00711802    -0.00867775   0.00127164
    6    2
  0.00124506   0.00434672     0.00245693  -0.00028314    -0.00245693   0.00028314
 -0.00324891   0.00256934     0.00353757  -0.00229558    -0.00297945   0.00245361
  0.00324891  -0.00256934    -0.00297945   0.00245361     0.00353757  -0.00229558
    6    3
 -0.00987751  -0.00123285    -0.00660173   0.00216768     0.00660173  -0.00216768
 -0.01386850  -0.00306745    -0.00419713   0.00006159     0.01016650  -0.00154574
  0.01386850   0.00306745     0.01016650  -0.00154574    -0.00419713   0.00006159
    6    4
  0.00231588   0.01564856    -0.00096942   0.00069406    -0.00077613   0.00148963
 -0.00096942   0.00069406    -0.00675450   0.00520996    -0.00091044   0.00066837
  0.00077613  -0.00148963     0.00091044  -0.00066837     0.00158686  -0.00311603
    6    5
  0.00773630   0.01339966    -0.00075725  -0.00212850    -0.00289031  -0.00282042
 -0.00146471  -0.00172005     0.00456047   0.00789896    -0.00035524  -0.00009261
  0.00099740   0.00391330    -0.00009742   0.00035395    -0.00853762  -0.01478760
    6    6
  0.04366625   0.00000000    -0.00171782  -0.00264675     0.00171782   0.00264675
 -0.00171782   0.00264675     0.03548318   0.00000000    -0.00458564  -0.00000000
  0.00171782  -0.00264675    -0.00458564  -0.00000000     0.03548318   0.00000000
    6    7
 -0.01140741   0.00335877    -0.00231366  -0.00061357     0.00231366   0.00061357
 -0.00231366  -0.00061357    -0.00605783  -0.00101492     0.00207025  -0.00165666
  0.00231366   0.00061357     0.00207025  -0.00165666    -0.00605783  -0.00101492
    6    8
  0.01558263   0.00000000     0.00035055   0.00124159    -0.00035055  -0.00124159
 -0.00035055   0.00124159    -0.00692602  -0.00000000     0.00000610   0.00000000
  0.00035055  -0.00124159     0.00000610   0.00000000    -0.00692602  -0.00000000
    6    9
 -0.02162806   0.00206409    -0.00375544   0.00271373     0.00375544  -0.00271373
  0.00375544  -0.00271373     0.00535565   0.01147059     0.00326973  -0.00452605
 -0.00375544   0.00271373     0.00326973  -0.00452605     0.00535565   0.01147059
    6   10
  0.00231588   0.01564856     0.00077613  -0.00148963     0.00096942  -0.00069406
 -0.00077613   0.00148963     0.00158686  -0.00311603     0.00091044  -0.00066837
  0.00096942  -0.00069406    -0.00091044   0.00066837    -0.00675450   0.00520996
    6   11
  0.00773630   0.01339966     0.00289031   0.00282042     0.00075725   0.00212850
 -0.00099740  -0.00391330    -0.00853762  -0.01478760    -0.00009742   0.00035395
  0.00146471   0.00172005    -0.00035524  -0.00009261     0.00456047   0.00789896
    7    1
 -0.02442114   0.03847540     0.00959912  -0.00769701    -0.00959912   0.00769701
  0.00131446  -0.00720508    -0.00867775  -0.00127164    -0.01134800   0.00711802
 -0.00131446   0.00720508    -0.01134800   0.00711802    -0.00867775  -0.00127164
    7    2
 -0.00987751   0.00123285    -0.00660173  -0.00216768     0.00660173   0.00216768
 -0.01386850   0.00306745    -0.00419713  -0.00006159     0.01016650   0.00154574
  0.01386850  -0.00306745     0.01016650   0.00154574    -0.00419713  -0.00006159
    7    3
  0.00124506  -0.00434672     0.00245693   0.00028314    -0.00245693  -0.00028314
 -0.00324891  -0.00256934     0.00353757   0.00229558    -0.00297945  -0.00245361
  0.00324891   0.00256934    -0.00297945  -0.00245361     0.00353757   0.00229558
    7    4
  0.00773630  -0.01339966    -0.00075725   0.00212850    -0.00289031   0.00282042
 -0.00146471   0.00172005     0.00456047  -0.00789896    -0.00035524   0.00009261
  0.00099740  -0.00391330    -0.00009742  -0.00035395    -0.00853762   0.01478760
    7    5
  0.00231588  -0.01564856    -0.00096942  -0.00069406    -0.00077613  -0.00148963
 -0.00096942  -0.00069406    -0.00675450  -0.00520996    -0.00091044  -0.00066837
  0.00077613   0.00148963     0.00091044   0.00066837     0.00158686   0.00311603
    7    6
 -0.01140741  -0.00335877    -0.00231366   0.00061357     0.00231366  -0.00061357
 -0.00231366   0.00061357    -0.00605783   0.00101492     0.00207025   0.00165666
  0.00231366  -0.00061357     0.00207025   0.00165666    -0.00605783   0.00101492
    7    7
  0.04366625  -0.00000000    -0.00171782   0.00264675     0.00171782  -0.00264675
 -0.00171782  -0.00264675     0.03548318  -0.00000000    -0.00458564   0.00000000
  0.00171782   0.00264675    -0.00458564   0.00000000     0.03548318  -0.00000000
    7    8
 -0.02162806  -0.00206409    -0.00375544  -0.00271373     0.00375544   0.00271373
  0.00375544   0.00271373     0.00535565  -0.01147059     0.00326973   0.00452605
 -0.00375544  -0.00271373     0.00326973   0.00452605     0.00535565  -0.01147059
    7    9
  0.01558263  -0.00000000     0.00035055  -0.00124159    -0.00035055   0.00124159
 -0.00035055  -0.00124159    -0.00692602   0.00000000     0.00000610  -0.00000000
  0.00035055   0.00124159     0.00000610  -0.00000000    -0.00692602   0.00000000
    7   10
  0.00773630  -0.01339966     0.00289031  -0.00282042     0.00075725  -0.00212850
 -0.00099740   0.00391330    -0.00853762   0.01478760    -0.00009742  -0.00035395
  0.00146471  -0.00172005    -0.00035524   0.00009261     0.00456047  -0.00789896
    7   11
  0.00231588  -0.01564856     0.00077613   0.00148963     0.00096942   0.00069406
 -0.00077613  -0.00148963     0.00158686   0.00311603     0.00091044   0.00066837
  0.00096942   0.00069406    -0.00091044  -0.00066837    -0.00675450  -0.00520996
    8    1
 -0.02442114  -0.03847540    -0.00959912  -0.00769701     0.00959912   0.00769701
 -0.00131446  -0.00720508    -0.00867775   0.00127164    -0.01134800  -0.00711802
  0.00131446   0.00720508    -0.01134800  -0.00711802    -0.00867775   0.00127164
    8    2
  0.00124506   0.00434672    -0.00245693   0.00028314     0.00245693  -0.00028314
  0.00324891  -0.00256934     0.00353757  -0.00229558    -0.00297945   0.00245361
 -0.00324891   0.00256934    -0.00297945   0.00245361     0.00353757  -0.00229558
    8    3
 -0.00987751  -0.00123285     0.00660173  -0.00216768    -0.00660173   0.00216768
  0.01386850   0.00306745    -0.00419713   0.00006159     0.01016650  -0.00154574
 -0.01386850  -0.00306745     0.01016650  -0.00154574    -0.00419713   0.00006159
    8    4
  0.00231588   0.01564856    -0.00077613   0.00148963    -0.00096942   0.00069406
  0.00077613  -0.00148963     0.00158686  -0.00311603     0.00091044  -0.00066837
 -0.00096942   0.00069406    -0.00091044   0.00066837    -0.00675450   0.00520996
    8    5
  0.00773630   0.01339966    -0.00289031  -0.00282042    -0.00075725  -0.00212850
  0.00099740   0.00391330    -0.00853762  -0.01478760    -0.00009742   0.00035395
 -0.00146471  -0.00172005    -0.00035524  -0.00009261     0.00456047   0.00789896
    8    6
  0.01558263   0.00000000    -0.00035055  -0.00124159     0.00035055   0.00124159
  0.00035055  -0.00124159    -0.00692602  -0.00000000     0.00000610   0.00000000
 -0.00035055   0.00124159     0.00000610   0.00000000    -0.00692602  -0.00000000
    8    7
 -0.02162806   0.00206409     0.00375544  -0.00271373    -0.00375544   0.00271373
 -0.00375544   0.00271373     0.00535565   0.01147059     0.00326973  -0.00452605
  0.00375544  -0.00271373     0.00326973  -0.00452605     0.00535565   0.01147059
    8    8
  0.04366625   0.00000000     0.00171782   0.00264675    -0.00171782  -0.00264675
  0.00171782  -0.00264675     0.03548318   0.00000000    -0.00458564  -0.00000000
 -0.00171782   0.00264675    -0.00458564  -0.00000000     0.03548318   0.00000000
    8    9
 -0.01140741   0.00335877     0.00231366   0.00061357    -0.00231366  -0.00061357
  0.00231366   0.00061357    -0.00605783  -0.00101492     0.00207025  -0.00165666
 -0.00231366  -0.00061357     0.00207025  -0.00165666    -0.00605783  -0.00101492
    8   10
  0.00231588   0.01564856     0.00096942  -0.00069406     0.00077613  -0.00148963
  0.00096942  -0.00069406    -0.00675450   0.00520996    -0.00091044   0.00066837
 -0.00077613   0.00148963     0.00091044  -0.00066837     0.00158686  -0.00311603
    8   11
  0.00773630   0.01339966     0.00075725   0.00212850     0.00289031   0.00282042
  0.00146471   0.00172005     0.00456047   0.00789896    -0.00035524  -0.00009261
 -0.00099740  -0.00391330    -0.00009742   0.00035395    -0.00853762  -0.01478760
    9    1
 -0.02442114   0.03847540    -0.00959912   0.00769701     0.00959912  -0.00769701
 -0.00131446   0.00720508    -0.00867775  -0.00127164    -0.01134800   0.00711802
  0.00131446  -0.00720508    -0.01134800   0.00711802    -0.00867775  -0.00127164
    9    2
 -0.00987751   0.00123285     0.00660173   0.00216768    -0.00660173  -0.00216768
  0.01386850  -0.00306745    -0.00419713  -0.00006159     0.01016650   0.00154574
 -0.01386850   0.00306745     0.01016650   0.00154574    -0.00419713  -0.00006159
    9    3
  0.00124506  -0.00434672    -0.00245693  -0.00028314     0.00245693   0.00028314
  0.00324891   0.00256934     0.00353757   0.00229558    -0.00297945  -0.00245361
 -0.00324891  -0.00256934    -0.00297945  -0.00245361     0.00353757   0.00229558
    9    4
  0.00773630  -0.01339966    -0.00289031   0.00282042    -0.00075725   0.00212850
  0.00099740  -0.00391330    -0.00853762   0.01478760    -0.00009742  -0.00035395
 -0.00146471   0.00172005    -0.00035524   0.00009261     0.00456047  -0.00789896
    9    5
  0.00231588  -0.01564856    -0.00077613  -0.00148963    -0.00096942  -0.00069406
  0.00077613   0.00148963     0.00158686   0.00311603     0.00091044   0.00066837
 -0.00096942  -0.00069406    -0.00091044  -0.00066837    -0.00675450  -0.00520996
    9    6
 -0.02162806  -0.00206409     0.00375544   0.00271373    -0.00375544  -0.00271373
 -0.00375544  -0.00271373     0.00535565  -0.01147059     0.00326973   0.00452605
  0.00375544   0.00271373     0.00326973   0.00452605     0.00535565  -0.01147059
    9    7
  0.01558263  -0.00000000    -0.00035055   0.00124159     0.00035055  -0.00124159
  0.00035055   0.00124159    -0.00692602  -0.00000000     0.00000610   0.00000000
 -0.00035055  -0.00124159     0.00000610   0.00000000    -0.00692602  -0.00000000
    9    8
 -0.01140741  -0.00335877     0.00231366  -0.00061357    -0.00231366   0.00061357
  0.00231366  -0.00061357    -0.00605783   0.00101492     0.00207025   0.00165666
 -0.00231366   0.00061357     0.00207025   0.00165666    -0.00605783   0.00101492
    9    9
  0.04366625  -0.00000000     0.00171782  -0.00264675    -0.00171782   0.00264675
  0.00171782   0.00264675     0.03548318  -0.00000000    -0.00458564   0.00000000
 -0.00171782  -0.00264675    -0.00458564   0.00000000     0.03548318  -0.00000000
    9   10
  0.00773630  -0.01339966     0.00075725  -0.00212850     0.00289031  -0.00282042
  0.00146471  -0.00172005     0.00456047  -0.00789896    -0.00035524   0.00009261
 -0.00099740   0.00391330    -0.00009742  -0.00035395    -0.00853762   0.01478760
    9   11
  0.00231588  -0.01564856     0.00096942   0.00069406     0.00077613   0.00148963
  0.00096942   0.00069406    -0.00675450  -0.00520996    -0.00091044  -0.00066837
 -0.00077613  -0.00148963     0.00091044   0.00066837     0.00158686   0.00311603
   10    1
 -0.04553124  -0.00191163    -0.01146536  -0.00446458    -0.01146536  -0.00446458
 -0.00689701   0.00246419    -0.00323760  -0.00815097     0.01183839   0.00626864
 -0.00689701   0.00246419     0.01183839   0.00626864    -0.00323760  -0.00815097
   10    2
  0.00314184   0.00325161     0.00147367  -0.00198619     0.00147367  -0.00198619
 -0.00384957   0.00152897    -0.00375681   0.00191584    -0.00361462   0.00135348
 -0.00384957   0.00152897    -0.00361462   0.00135348    -0.00375681   0.00191584
   10    3
 -0.00987751   0.00123285     0.00660173   0.00216768     0.00660173   0.00216768
  0.01386850  -0.00306745    -0.00419713  -0.00006159    -0.01016650  -0.00154574
  0.01386850  -0.00306745    -0.01016650  -0.00154574    -0.00419713  -0.00006159
   10    4
  0.01558263   0.00000000    -0.00035055   0.00124159    -0.00035055   0.00124159
  0.00035055   0.00124159    -0.00692602   0.00000000    -0.00000610   0.00000000
  0.00035055   0.00124159    -0.00000610   0.00000000    -0.00692602  -0.00000000
   10    5
  0.01260159  -0.01769840    -0.00422788   0.00189544    -0.00422788   0.00189544
  0.00422788  -0.00189544     0.00725599   0.01037342     0.00555454  -0.00056865
  0.00422788  -0.00189544     0.00555454  -0.00056865     0.00725599   0.01037342
   10    6
  0.00231588  -0.01564856    -0.00077613  -0.00148963     0.00096942   0.00069406
  0.00077613   0.00148963     0.00158686   0.00311603    -0.00091044  -0.00066837
  0.00096942   0.00069406     0.00091044   0.00066837    -0.00675450  -0.00520996
   10    7
  0.00773630   0.01339966    -0.00099740  -0.00391330     0.00146471   0.00172005
  0.00289031   0.00282042    -0.00853762  -0.01478760    -0.00035524  -0.00009261
  0.00075725   0.00212850    -0.00009742   0.00035395     0.00456047   0.00789896
   10    8
  0.00231588  -0.01564856     0.00096942   0.00069406    -0.00077613  -0.00148963
  0.00096942   0.00069406    -0.00675450  -0.00520996     0.00091044   0.00066837
  0.00077613   0.00148963    -0.00091044  -0.00066837     0.00158686   0.00311603
   10    9
  0.00773630   0.01339966     0.00146471   0.00172005    -0.00099740  -0.00391330
  0.00075725   0.00212850     0.00456047   0.00789896    -0.00009742   0.00035395
  0.00289031   0.00282042    -0.00035524  -0.00009261    -0.00853762  -0.01478760
   10   10
  0.04366625  -0.00000000     0.00171782  -0.00264675     0.00171782  -0.00264675
  0.00171782   0.00264675     0.03548318   0.00000000     0.00458564  -0.00000000
  0.00171782   0.00264675     0.00458564  -0.00000000     0.03548318   0.00000000
   10   11
  0.00861248  -0.00819972    -0.00062546   0.00231048    -0.00062546   0.00231048
 -0.00062546   0.00231048     0.00214997  -0.00575370     0.00246983  -0.00096456
 -0.00062546   0.00231048     0.00246983  -0.00096456     0.00214997  -0.00575370
   11    1
 -0.04553124   0.00191163    -0.01146536   0.00446458    -0.01146536   0.00446458
 -0.00689701  -0.00246419    -0.00323760   0.00815097     0.01183839  -0.00626864
 -0.00689701  -0.00246419     0.01183839  -0.00626864    -0.00323760   0.00815097
   11    2
 -0.00987751  -0.00123285     0.00660173  -0.00216768     0.00660173  -0.00216768
  0.01386850   0.00306745    -0.00419713   0.00006159    -0.01016650   0.00154574
  0.01386850   0.00306745    -0.01016650   0.00154574    -0.00419713   0.00006159
   11    3
  0.00314184  -0.00325161     0.00147367   0.00198619     0.00147367   0.00198619
 -0.00384957  -0.00152897    -0.00375681  -0.00191584    -0.00361462  -0.00135348
 -0.00384957  -0.00152897    -0.00361462  -0.00135348    -0.00375681  -0.00191584
   11    4
  0.01260159   0.01769840    -0.00422788  -0.00189544    -0.00422788  -0.00189544
  0.00422788   0.00189544     0.00725599  -0.01037342     0.00555454   0.00056865
  0.00422788   0.00189544     0.00555454   0.00056865     0.00725599  -0.01037342
   11    5
  0.01558263   0.00000000    -0.00035055  -0.00124159    -0.00035055  -0.00124159
  0.00035055  -0.00124159    -0.00692602   0.00000000    -0.00000610  -0.00000000
  0.00035055  -0.00124159    -0.00000610   0.00000000    -0.00692602  -0.00000000
   11    6
  0.00773630  -0.01339966    -0.00099740   0.00391330     0.00146471  -0.00172005
  0.00289031  -0.00282042    -0.00853762   0.01478760    -0.00035524   0.00009261
  0.00075725  -0.00212850    -0.00009742  -0.00035395     0.00456047  -0.00789896
   11    7
  0.00231588   0.01564856    -0.00077613   0.00148963     0.00096942  -0.00069406
  0.00077613  -0.00148963     0.00158686  -0.00311603    -0.00091044   0.00066837
  0.00096942  -0.00069406     0.00091044  -0.00066837    -0.00675450   0.00520996
   11    8
  0.00773630  -0.01339966     0.00146471  -0.00172005    -0.00099740   0.00391330
  0.00075725  -0.00212850     0.00456047  -0.00789896    -0.00009742  -0.00035395
  0.00289031  -0.00282042    -0.00035524   0.00009261    -0.00853762   0.01478760
   11    9
  0.00231588   0.01564856     0.00096942  -0.00069406    -0.00077613   0.00148963
  0.00096942  -0.00069406    -0.00675450   0.00520996     0.00091044  -0.00066837
  0.00077613  -0.00148963    -0.00091044   0.00066837     0.00158686  -0.00311603
   11   10
  0.00861248   0.00819972    -0.00062546  -0.00231048    -0.00062546  -0.00231048
 -0.00062546  -0.00231048     0.00214997   0.00575370     0.00246983   0.00096456
 -0.00062546  -0.00231048     0.00246983   0.00096456     0.00214997   0.00575370
   11   11
  0.04366625   0.00000000     0.00171782   0.00264675     0.00171782   0.00264675
  0.00171782  -0.00264675     0.03548318  -0.00000000     0.00458564   0.00000000
  0.00171782  -0.00264675     0.00458564   0.00000000     0.03548318  -0.00000000

     Dynamical  Matrix in cartesian axes

     q = (   -0.235702260   0.000000000   0.000000000 ) 

    1    1
  0.34667733   0.00000000    -0.00000000   0.00000000     0.00000000   0.00000000
 -0.00000000   0.00000000     0.11773609   0.00000000     0.00000000   0.00000000
 -0.00000000   0.00000000     0.00000000   0.00000000     0.11773609   0.00000000
    1    2
  0.03886029  -0.02243600    -0.00000000  -0.00000000     0.00000000   0.00000000
 -0.00000000  -0.00000000    -0.01515263   0.00874837    -0.00626928  -0.01085870
 -0.00000000   0.00000000    -0.00626928  -0.01085870    -0.01515263   0.00874837
    1    3
  0.03886029   0.02243600    -0.00000000   0.00000000     0.00000000  -0.00000000
 -0.00000000  -0.00000000    -0.01515263  -0.00874837    -0.00626928   0.01085870
  0.00000000   0.00000000    -0.00626928   0.01085870    -0.01515263  -0.00874837
    1    4
 -0.04553124  -0.00191163     0.00689701  -0.00246419     0.00689701  -0.00246419
  0.01146536   0.00446458    -0.00323760  -0.00815097     0.01183839   0.00626864
  0.01146536   0.00446458     0.01183839   0.00626864    -0.00323760  -0.00815097
    1    5
 -0.04553124   0.00191163     0.00689701   0.00246419     0.00689701   0.00246419
  0.01146536  -0.00446458    -0.00323760   0.00815097     0.01183839  -0.00626864
  0.01146536  -0.00446458     0.01183839  -0.00626864    -0.00323760   0.00815097
    1    6
 -0.02442114  -0.03847540     0.00131446   0.00720508    -0.00131446  -0.00720508
  0.00959912   0.00769701    -0.00867775   0.00127164    -0.01134800  -0.00711802
 -0.00959912  -0.00769701    -0.01134800  -0.00711802    -0.00867775   0.00127164
    1    7
 -0.02442114   0.03847540     0.00131446  -0.00720508    -0.00131446   0.00720508
  0.00959912  -0.00769701    -0.00867775  -0.00127164    -0.01134800   0.00711802
 -0.00959912   0.00769701    -0.01134800   0.00711802    -0.00867775  -0.00127164
    1    8
 -0.02442114  -0.03847540    -0.00131446  -0.00720508     0.00131446   0.00720508
 -0.00959912  -0.00769701    -0.00867775   0.00127164    -0.01134800  -0.00711802
  0.00959912   0.00769701    -0.01134800  -0.00711802    -0.00867775   0.00127164
    1    9
 -0.02442114   0.03847540    -0.00131446   0.00720508     0.00131446  -0.00720508
 -0.00959912   0.00769701    -0.00867775  -0.00127164    -0.01134800   0.00711802
  0.00959912  -0.00769701    -0.01134800   0.00711802    -0.00867775  -0.00127164
    1   10
 -0.04553124  -0.00191163    -0.00689701   0.00246419    -0.00689701   0.00246419
 -0.01146536  -0.00446458    -0.00323760  -0.00815097     0.01183839   0.00626864
 -0.01146536  -0.00446458     0.01183839   0.00626864    -0.00323760  -0.00815097
    1   11
 -0.04553124   0.00191163    -0.00689701  -0.00246419    -0.00689701  -0.00246419
 -0.01146536   0.00446458    -0.00323760   0.00815097     0.01183839  -0.00626864
 -0.01146536   0.00446458     0.01183839  -0.00626864    -0.00323760   0.00815097
    2    1
  0.03886029   0.02243600    -0.00000000  -0.00000000    -0.00000000   0.00000000
 -0.00000000  -0.00000000    -0.01515263  -0.00874837    -0.00626928   0.01085870
 -0.00000000  -0.00000000    -0.00626928   0.01085870    -0.01515263  -0.00874837
    2    2
  0.06637102   0.00000000    -0.00000000  -0.00000000     0.00000000  -0.00000000
 -0.00000000  -0.00000000     0.02917778  -0.00000000     0.00000000  -0.00000000
  0.00000000  -0.00000000     0.00000000  -0.00000000     0.02917778   0.00000000
    2    3
 -0.00259997  -0.00450328     0.00000000   0.00000000    -0.00000000   0.00000000
  0.00000000   0.00000000    -0.00473096  -0.00819426     0.00621824  -0.00359011
  0.00000000   0.00000000     0.00621824  -0.00359011    -0.00473096  -0.00819426
    2    4
  0.00314184   0.00325161     0.00384957  -0.00152897     0.00384957  -0.00152897
 -0.00147367   0.00198619    -0.00375681   0.00191584    -0.00361462   0.00135348
 -0.00147367   0.00198619    -0.00361462   0.00135348    -0.00375681   0.00191584
    2    5
 -0.00987751  -0.00123285    -0.01386850  -0.00306745    -0.01386850  -0.00306745
 -0.00660173   0.00216768    -0.00419713   0.00006159    -0.01016650   0.00154574
 -0.00660173   0.00216768    -0.01016650   0.00154574    -0.00419713   0.00006159
    2    6
  0.00124506   0.00434672    -0.00324891   0.00256934     0.00324891  -0.00256934
  0.00245693  -0.00028314     0.00353757  -0.00229558    -0.00297945   0.00245361
 -0.00245693   0.00028314    -0.00297945   0.00245361     0.00353757  -0.00229558
    2    7
 -0.00987751   0.00123285    -0.01386850   0.00306745     0.01386850  -0.00306745
 -0.00660173  -0.00216768    -0.00419713  -0.00006159     0.01016650   0.00154574
  0.00660173   0.00216768     0.01016650   0.00154574    -0.00419713  -0.00006159
    2    8
  0.00124506   0.00434672     0.00324891  -0.00256934    -0.00324891   0.00256934
 -0.00245693   0.00028314     0.00353757  -0.00229558    -0.00297945   0.00245361
  0.00245693  -0.00028314    -0.00297945   0.00245361     0.00353757  -0.00229558
    2    9
 -0.00987751   0.00123285     0.01386850  -0.00306745    -0.01386850   0.00306745
  0.00660173   0.00216768    -0.00419713  -0.00006159     0.01016650   0.00154574
 -0.00660173  -0.00216768     0.01016650   0.00154574    -0.00419713  -0.00006159
    2   10
  0.00314184   0.00325161    -0.00384957   0.00152897    -0.00384957   0.00152897
  0.00147367  -0.00198619    -0.00375681   0.00191584    -0.00361462   0.00135348
  0.00147367  -0.00198619    -0.00361462   0.00135348    -0.00375681   0.00191584
    2   11
 -0.00987751  -0.00123285     0.01386850   0.00306745     0.01386850   0.00306745
  0.00660173  -0.00216768    -0.00419713   0.00006159    -0.01016650   0.00154574
  0.00660173  -0.00216768    -0.01016650   0.00154574    -0.00419713   0.00006159
    3    1
  0.03886029  -0.02243600    -0.00000000   0.00000000    -0.00000000  -0.00000000
 -0.00000000  -0.00000000    -0.01515263   0.00874837    -0.00626928  -0.01085870
  0.00000000   0.00000000    -0.00626928  -0.01085870    -0.01515263   0.00874837
    3    2
 -0.00259997   0.00450328     0.00000000  -0.00000000    -0.00000000  -0.00000000
  0.00000000  -0.00000000    -0.00473096   0.00819426     0.00621824   0.00359011
  0.00000000  -0.00000000     0.00621824   0.00359011    -0.00473096   0.00819426
    3    3
  0.06637102  -0.00000000    -0.00000000   0.00000000     0.00000000   0.00000000
 -0.00000000   0.00000000     0.02917778   0.00000000     0.00000000   0.00000000
  0.00000000   0.00000000     0.00000000   0.00000000     0.02917778  -0.00000000
    3    4
 -0.00987751   0.00123285    -0.01386850   0.00306745    -0.01386850   0.00306745
 -0.00660173  -0.00216768    -0.00419713  -0.00006159    -0.01016650  -0.00154574
 -0.00660173  -0.00216768    -0.01016650  -0.00154574    -0.00419713  -0.00006159
    3    5
  0.00314184  -0.00325161     0.00384957   0.00152897     0.00384957   0.00152897
 -0.00147367  -0.00198619    -0.00375681  -0.00191584    -0.00361462  -0.00135348
 -0.00147367  -0.00198619    -0.00361462  -0.00135348    -0.00375681  -0.00191584
    3    6
 -0.00987751  -0.00123285    -0.01386850  -0.00306745     0.01386850   0.00306745
 -0.00660173   0.00216768    -0.00419713   0.00006159     0.01016650  -0.00154574
  0.00660173  -0.00216768     0.01016650  -0.00154574    -0.00419713   0.00006159
    3    7
  0.00124506  -0.00434672    -0.00324891  -0.00256934     0.00324891   0.00256934
  0.00245693   0.00028314     0.00353757   0.00229558    -0.00297945  -0.00245361
 -0.00245693  -0.00028314    -0.00297945  -0.00245361     0.00353757   0.00229558
    3    8
 -0.00987751  -0.00123285     0.01386850   0.00306745    -0.01386850  -0.00306745
  0.00660173  -0.00216768    -0.00419713   0.00006159     0.01016650  -0.00154574
 -0.00660173   0.00216768     0.01016650  -0.00154574    -0.00419713   0.00006159
    3    9
  0.00124506  -0.00434672     0.00324891   0.00256934    -0.00324891  -0.00256934
 -0.00245693  -0.00028314     0.00353757   0.00229558    -0.00297945  -0.00245361
  0.00245693   0.00028314    -0.00297945  -0.00245361     0.00353757   0.00229558
    3   10
 -0.00987751   0.00123285     0.01386850  -0.00306745     0.01386850  -0.00306745
  0.00660173   0.00216768    -0.00419713  -0.00006159    -0.01016650  -0.00154574
  0.00660173   0.00216768    -0.01016650  -0.00154574    -0.00419713  -0.00006159
    3   11
  0.00314184  -0.00325161    -0.00384957  -0.00152897    -0.00384957  -0.00152897
  0.00147367   0.00198619    -0.00375681  -0.00191584    -0.00361462  -0.00135348
  0.00147367   0.00198619    -0.00361462  -0.00135348    -0.00375681  -0.00191584
    4    1
 -0.04553124   0.00191163     0.01146536  -0.00446458     0.01146536  -0.00446458
