  5.000000000000000E-002   1.62369118239129        5.56045126041087     
           6

     Dynamical  Matrix in cartesian axes

     q = (    0.235702260   0.000000000   0.000000000 ) 

    1    1
  0.34853775   0.00000000     0.00000000   0.00000000    -0.00000000   0.00000000
  0.00000000   0.00000000     0.13019389   0.00000000    -0.00000000   0.00000000
  0.00000000   0.00000000     0.00000000   0.00000000     0.13019389   0.00000000
    1    2
  0.03733369   0.02155462     0.00000000  -0.00000000    -0.00000000   0.00000000
 -0.00000000   0.00000000    -0.01531178  -0.00884026    -0.00651058   0.01127666
  0.00000000  -0.00000000    -0.00651058   0.01127666    -0.01531178  -0.00884026
    1    3
  0.03733369  -0.02155462     0.00000000   0.00000000    -0.00000000  -0.00000000
 -0.00000000  -0.00000000    -0.01531178   0.00884026    -0.00651058  -0.01127666
  0.00000000   0.00000000    -0.00651058  -0.01127666    -0.01531178   0.00884026
    1    4
 -0.04482883   0.00163085     0.00798034   0.00305805     0.00798034   0.00305805
  0.01174690  -0.00458161    -0.00454509   0.00908239     0.01246929  -0.00671603
  0.01174690  -0.00458161     0.01246929  -0.00671603    -0.00454509   0.00908239
    1    5
 -0.04482883  -0.00163085     0.00798034  -0.00305805     0.00798034  -0.00305805
  0.01174690   0.00458161    -0.00454509  -0.00908239     0.01246929   0.00671603
  0.01174690   0.00458161     0.01246929   0.00671603    -0.00454509  -0.00908239
    1    6
 -0.02382677   0.03800748     0.00134183  -0.00844020    -0.00134183   0.00844020
  0.00984125  -0.00788231    -0.01013813  -0.00060503    -0.01205089   0.00744071
 -0.00984125   0.00788231    -0.01205089   0.00744071    -0.01013813  -0.00060503
    1    7
 -0.02382677  -0.03800748     0.00134183   0.00844020    -0.00134183  -0.00844020
  0.00984125   0.00788231    -0.01013813   0.00060503    -0.01205089  -0.00744071
 -0.00984125  -0.00788231    -0.01205089  -0.00744071    -0.01013813   0.00060503
    1    8
 -0.02382677   0.03800748    -0.00134183   0.00844020     0.00134183  -0.00844020
 -0.00984125   0.00788231    -0.01013813  -0.00060503    -0.01205089   0.00744071
  0.00984125  -0.00788231    -0.01205089   0.00744071    -0.01013813  -0.00060503
    1    9
 -0.02382677  -0.03800748    -0.00134183  -0.00844020     0.00134183   0.00844020
 -0.00984125  -0.00788231    -0.01013813   0.00060503    -0.01205089  -0.00744071
  0.00984125   0.00788231    -0.01205089  -0.00744071    -0.01013813   0.00060503
    1   10
 -0.04482883   0.00163085    -0.00798034  -0.00305805    -0.00798034  -0.00305805
 -0.01174690   0.00458161    -0.00454509   0.00908239     0.01246929  -0.00671603
 -0.01174690   0.00458161     0.01246929  -0.00671603    -0.00454509   0.00908239
    1   11
 -0.04482883  -0.00163085    -0.00798034   0.00305805    -0.00798034   0.00305805
 -0.01174690  -0.00458161    -0.00454509  -0.00908239     0.01246929   0.00671603
 -0.01174690  -0.00458161     0.01246929   0.00671603    -0.00454509  -0.00908239
    2    1
  0.03733369  -0.02155462    -0.00000000  -0.00000000     0.00000000   0.00000000
  0.00000000   0.00000000    -0.01531178   0.00884026    -0.00651058  -0.01127666
 -0.00000000   0.00000000    -0.00651058  -0.01127666    -0.01531178   0.00884026
    2    2
  0.06492332  -0.00000000     0.00000000  -0.00000000     0.00000000  -0.00000000
  0.00000000   0.00000000     0.02973140   0.00000000     0.00000000   0.00000000
  0.00000000   0.00000000     0.00000000   0.00000000     0.02973140   0.00000000
    2    3
 -0.00235166   0.00407319    -0.00000000   0.00000000     0.00000000   0.00000000
 -0.00000000   0.00000000    -0.00465802   0.00806792     0.00605968   0.00349856
  0.00000000  -0.00000000     0.00605968   0.00349856    -0.00465802   0.00806792
    2    4
  0.00278475  -0.00302493     0.00367225   0.00145408     0.00367225   0.00145408
 -0.00149051  -0.00198172    -0.00363576  -0.00179614    -0.00351351  -0.00125598
 -0.00149051  -0.00198172    -0.00351351  -0.00125598    -0.00363576  -0.00179614
    2    5
 -0.00943611   0.00118110    -0.01355393   0.00272411    -0.01355393   0.00272411
 -0.00664794  -0.00210465    -0.00422242  -0.00000722    -0.01033797  -0.00144911
 -0.00664794  -0.00210465    -0.01033797  -0.00144911    -0.00422242  -0.00000722
    2    6
  0.00122730  -0.00392413    -0.00309540  -0.00245322     0.00309540   0.00245322
  0.00246148   0.00029996     0.00337338   0.00225059    -0.00284446  -0.00241480
 -0.00246148  -0.00029996    -0.00284446  -0.00241480     0.00337338   0.00225059
    2    7
 -0.00943611  -0.00118110    -0.01355393  -0.00272411     0.01355393   0.00272411
 -0.00664794   0.00210465    -0.00422242   0.00000722     0.01033797  -0.00144911
  0.00664794  -0.00210465     0.01033797  -0.00144911    -0.00422242   0.00000722
    2    8
  0.00122730  -0.00392413     0.00309540   0.00245322    -0.00309540  -0.00245322
 -0.00246148  -0.00029996     0.00337338   0.00225059    -0.00284446  -0.00241480
  0.00246148   0.00029996    -0.00284446  -0.00241480     0.00337338   0.00225059
    2    9
 -0.00943611  -0.00118110     0.01355393   0.00272411    -0.01355393  -0.00272411
  0.00664794  -0.00210465    -0.00422242   0.00000722     0.01033797  -0.00144911
 -0.00664794   0.00210465     0.01033797  -0.00144911    -0.00422242   0.00000722
    2   10
  0.00278475  -0.00302493    -0.00367225  -0.00145408    -0.00367225  -0.00145408
  0.00149051   0.00198172    -0.00363576  -0.00179614    -0.00351351  -0.00125598
  0.00149051   0.00198172    -0.00351351  -0.00125598    -0.00363576  -0.00179614
    2   11
 -0.00943611   0.00118110     0.01355393  -0.00272411     0.01355393  -0.00272411
  0.00664794   0.00210465    -0.00422242  -0.00000722    -0.01033797  -0.00144911
  0.00664794   0.00210465    -0.01033797  -0.00144911    -0.00422242  -0.00000722
    3    1
  0.03733369   0.02155462    -0.00000000   0.00000000     0.00000000  -0.00000000
  0.00000000   0.00000000    -0.01531178  -0.00884026    -0.00651058   0.01127666
 -0.00000000  -0.00000000    -0.00651058   0.01127666    -0.01531178  -0.00884026
    3    2
 -0.00235166  -0.00407319    -0.00000000   0.00000000     0.00000000  -0.00000000
 -0.00000000  -0.00000000    -0.00465802  -0.00806792     0.00605968  -0.00349856
  0.00000000   0.00000000     0.00605968  -0.00349856    -0.00465802  -0.00806792
    3    3
  0.06492332   0.00000000     0.00000000   0.00000000     0.00000000   0.00000000
  0.00000000  -0.00000000     0.02973140  -0.00000000     0.00000000  -0.00000000
  0.00000000  -0.00000000     0.00000000  -0.00000000     0.02973140  -0.00000000
    3    4
 -0.00943611  -0.00118110    -0.01355393  -0.00272411    -0.01355393  -0.00272411
 -0.00664794   0.00210465    -0.00422242   0.00000722    -0.01033797   0.00144911
 -0.00664794   0.00210465    -0.01033797   0.00144911    -0.00422242   0.00000722
    3    5
  0.00278475   0.00302493     0.00367225  -0.00145408     0.00367225  -0.00145408
 -0.00149051   0.00198172    -0.00363576   0.00179614    -0.00351351   0.00125598
 -0.00149051   0.00198172    -0.00351351   0.00125598    -0.00363576   0.00179614
    3    6
 -0.00943611   0.00118110    -0.01355393   0.00272411     0.01355393  -0.00272411
 -0.00664794  -0.00210465    -0.00422242  -0.00000722     0.01033797   0.00144911
  0.00664794   0.00210465     0.01033797   0.00144911    -0.00422242  -0.00000722
    3    7
  0.00122730   0.00392413    -0.00309540   0.00245322     0.00309540  -0.00245322
  0.00246148  -0.00029996     0.00337338  -0.00225059    -0.00284446   0.00241480
 -0.00246148   0.00029996    -0.00284446   0.00241480     0.00337338  -0.00225059
    3    8
 -0.00943611   0.00118110     0.01355393  -0.00272411    -0.01355393   0.00272411
  0.00664794   0.00210465    -0.00422242  -0.00000722     0.01033797   0.00144911
 -0.00664794  -0.00210465     0.01033797   0.00144911    -0.00422242  -0.00000722
    3    9
  0.00122730   0.00392413     0.00309540  -0.00245322    -0.00309540   0.00245322
 -0.00246148   0.00029996     0.00337338  -0.00225059    -0.00284446   0.00241480
  0.00246148  -0.00029996    -0.00284446   0.00241480     0.00337338  -0.00225059
    3   10
 -0.00943611  -0.00118110     0.01355393   0.00272411     0.01355393   0.00272411
  0.00664794  -0.00210465    -0.00422242   0.00000722    -0.01033797   0.00144911
  0.00664794  -0.00210465    -0.01033797   0.00144911    -0.00422242   0.00000722
    3   11
  0.00278475   0.00302493    -0.00367225   0.00145408    -0.00367225   0.00145408
  0.00149051  -0.00198172    -0.00363576   0.00179614    -0.00351351   0.00125598
  0.00149051  -0.00198172    -0.00351351   0.00125598    -0.00363576   0.00179614
    4    1
 -0.04482883  -0.00163085     0.01174690   0.00458161     0.01174690   0.00458161
  0.00798034  -0.00305805    -0.00454509  -0.00908239     0.01246929   0.00671603
  0.00798034  -0.00305805     0.01246929   0.00671603    -0.00454509  -0.00908239
    4    2
  0.00278475   0.00302493    -0.00149051   0.00198172    -0.00149051   0.00198172
  0.00367225  -0.00145408    -0.00363576   0.00179614    -0.00351351   0.00125598
  0.00367225  -0.00145408    -0.00351351   0.00125598    -0.00363576   0.00179614
    4    3
 -0.00943611   0.00118110    -0.00664794  -0.00210465    -0.00664794  -0.00210465
 -0.01355393   0.00272411    -0.00422242  -0.00000722    -0.01033797  -0.00144911
 -0.01355393   0.00272411    -0.01033797  -0.00144911    -0.00422242  -0.00000722
    4    4
  0.04349097  -0.00000000    -0.00198566   0.00252768    -0.00198566   0.00252768
 -0.00198566  -0.00252768     0.03652503   0.00000000     0.00410027  -0.00000000
 -0.00198566  -0.00252768     0.00410027  -0.00000000     0.03652503  -0.00000000
    4    5
  0.00838076  -0.00818622     0.00069444  -0.00222307     0.00069444  -0.00222307
  0.00069444  -0.00222307     0.00237758  -0.00579625     0.00234371  -0.00121469
  0.00069444  -0.00222307     0.00234371  -0.00121469     0.00237758  -0.00579625
    4    6
  0.00223267  -0.01521929    -0.00107463  -0.00063394     0.00074107   0.00141060
 -0.00107463  -0.00063394    -0.00675822  -0.00518802     0.00113101   0.00060155
 -0.00074107  -0.00141060    -0.00113101  -0.00060155     0.00163698   0.00318454
    4    7
  0.00758194   0.01313230    -0.00135180  -0.00170231     0.00091675   0.00373464
 -0.00079834  -0.00202185     0.00468204   0.00810954    -0.00010744   0.00023788
 -0.00277592  -0.00266125    -0.00025973  -0.00002589    -0.00861053  -0.01491388
    4    8
  0.00223267  -0.01521929     0.00074107   0.00141060    -0.00107463  -0.00063394
 -0.00074107  -0.00141060     0.00163698   0.00318454    -0.00113101  -0.00060155
 -0.00107463  -0.00063394     0.00113101   0.00060155    -0.00675822  -0.00518802
    4    9
  0.00758194   0.01313230     0.00091675   0.00373464    -0.00135180  -0.00170231
 -0.00277592  -0.00266125    -0.00861053  -0.01491388    -0.00025973  -0.00002589
 -0.00079834  -0.00202185    -0.00010744   0.00023788     0.00468204   0.00810954
    4   10
  0.01505675  -0.00000000     0.00037347  -0.00115782     0.00037347  -0.00115782
 -0.00037347  -0.00115782    -0.00656907   0.00000000    -0.00022308   0.00000000
 -0.00037347  -0.00115782    -0.00022308   0.00000000    -0.00656907  -0.00000000
    4   11
  0.01231778  -0.01747425     0.00398145  -0.00196414     0.00398145  -0.00196414
 -0.00398145   0.00196414     0.00723534   0.01079950     0.00529610  -0.00038462
 -0.00398145   0.00196414     0.00529610  -0.00038462     0.00723534   0.01079950
    5    1
 -0.04482883   0.00163085     0.01174690  -0.00458161     0.01174690  -0.00458161
  0.00798034   0.00305805    -0.00454509   0.00908239     0.01246929  -0.00671603
  0.00798034   0.00305805     0.01246929  -0.00671603    -0.00454509   0.00908239
    5    2
 -0.00943611  -0.00118110    -0.00664794   0.00210465    -0.00664794   0.00210465
 -0.01355393  -0.00272411    -0.00422242   0.00000722    -0.01033797   0.00144911
 -0.01355393  -0.00272411    -0.01033797   0.00144911    -0.00422242   0.00000722
    5    3
  0.00278475  -0.00302493    -0.00149051  -0.00198172    -0.00149051  -0.00198172
  0.00367225   0.00145408    -0.00363576  -0.00179614    -0.00351351  -0.00125598
  0.00367225   0.00145408    -0.00351351  -0.00125598    -0.00363576  -0.00179614
    5    4
  0.00838076   0.00818622     0.00069444   0.00222307     0.00069444   0.00222307
  0.00069444   0.00222307     0.00237758   0.00579625     0.00234371   0.00121469
  0.00069444   0.00222307     0.00234371   0.00121469     0.00237758   0.00579625
    5    5
  0.04349097   0.00000000    -0.00198566  -0.00252768    -0.00198566  -0.00252768
 -0.00198566   0.00252768     0.03652503  -0.00000000     0.00410027   0.00000000
 -0.00198566   0.00252768     0.00410027   0.00000000     0.03652503   0.00000000
    5    6
  0.00758194  -0.01313230    -0.00135180   0.00170231     0.00091675  -0.00373464
 -0.00079834   0.00202185     0.00468204  -0.00810954    -0.00010744  -0.00023788
 -0.00277592   0.00266125    -0.00025973   0.00002589    -0.00861053   0.01491388
    5    7
  0.00223267   0.01521929    -0.00107463   0.00063394     0.00074107  -0.00141060
 -0.00107463   0.00063394    -0.00675822   0.00518802     0.00113101  -0.00060155
 -0.00074107   0.00141060    -0.00113101   0.00060155     0.00163698  -0.00318454
    5    8
  0.00758194  -0.01313230     0.00091675  -0.00373464    -0.00135180   0.00170231
 -0.00277592   0.00266125    -0.00861053   0.01491388    -0.00025973   0.00002589
 -0.00079834   0.00202185    -0.00010744  -0.00023788     0.00468204  -0.00810954
    5    9
  0.00223267   0.01521929     0.00074107  -0.00141060    -0.00107463   0.00063394
 -0.00074107   0.00141060     0.00163698  -0.00318454    -0.00113101   0.00060155
 -0.00107463   0.00063394     0.00113101  -0.00060155    -0.00675822   0.00518802
    5   10
  0.01231778   0.01747425     0.00398145   0.00196414     0.00398145   0.00196414
 -0.00398145  -0.00196414     0.00723534  -0.01079950     0.00529610   0.00038462
 -0.00398145  -0.00196414     0.00529610   0.00038462     0.00723534  -0.01079950
    5   11
  0.01505675   0.00000000     0.00037347   0.00115782     0.00037347   0.00115782
 -0.00037347   0.00115782    -0.00656907  -0.00000000    -0.00022308  -0.00000000
 -0.00037347   0.00115782    -0.00022308  -0.00000000    -0.00656907   0.00000000
    6    1
 -0.02382677  -0.03800748     0.00984125   0.00788231    -0.00984125  -0.00788231
  0.00134183   0.00844020    -0.01013813   0.00060503    -0.01205089  -0.00744071
 -0.00134183  -0.00844020    -0.01205089  -0.00744071    -0.01013813   0.00060503
    6    2
  0.00122730   0.00392413     0.00246148  -0.00029996    -0.00246148   0.00029996
 -0.00309540   0.00245322     0.00337338  -0.00225059    -0.00284446   0.00241480
  0.00309540  -0.00245322    -0.00284446   0.00241480     0.00337338  -0.00225059
    6    3
 -0.00943611  -0.00118110    -0.00664794   0.00210465     0.00664794  -0.00210465
 -0.01355393  -0.00272411    -0.00422242   0.00000722     0.01033797  -0.00144911
  0.01355393   0.00272411     0.01033797  -0.00144911    -0.00422242   0.00000722
    6    4
  0.00223267   0.01521929    -0.00107463   0.00063394    -0.00074107   0.00141060
 -0.00107463   0.00063394    -0.00675822   0.00518802    -0.00113101   0.00060155
  0.00074107  -0.00141060     0.00113101  -0.00060155     0.00163698  -0.00318454
    6    5
  0.00758194   0.01313230    -0.00079834  -0.00202185    -0.00277592  -0.00266125
 -0.00135180  -0.00170231     0.00468204   0.00810954    -0.00025973  -0.00002589
  0.00091675   0.00373464    -0.00010744   0.00023788    -0.00861053  -0.01491388
    6    6
  0.04349097   0.00000000    -0.00198566  -0.00252768     0.00198566   0.00252768
 -0.00198566   0.00252768     0.03652503   0.00000000    -0.00410027  -0.00000000
  0.00198566  -0.00252768    -0.00410027  -0.00000000     0.03652503   0.00000000
    6    7
 -0.01127986   0.00316484    -0.00227245  -0.00051013     0.00227245   0.00051013
 -0.00227245  -0.00051013    -0.00620849  -0.00083908     0.00222381  -0.00142237
  0.00227245   0.00051013     0.00222381  -0.00142237    -0.00620849  -0.00083908
    6    8
  0.01505675   0.00000000     0.00037347   0.00115782    -0.00037347  -0.00115782
 -0.00037347   0.00115782    -0.00656907  -0.00000000     0.00022308   0.00000000
  0.00037347  -0.00115782     0.00022308   0.00000000    -0.00656907  -0.00000000
    6    9
 -0.02129204   0.00193038    -0.00369172   0.00246597     0.00369172  -0.00246597
  0.00369172  -0.00246597     0.00573497   0.01166573     0.00298114  -0.00439424
 -0.00369172   0.00246597     0.00298114  -0.00439424     0.00573497   0.01166573
    6   10
  0.00223267   0.01521929     0.00074107  -0.00141060     0.00107463  -0.00063394
 -0.00074107   0.00141060     0.00163698  -0.00318454     0.00113101  -0.00060155
  0.00107463  -0.00063394    -0.00113101   0.00060155    -0.00675822   0.00518802
    6   11
  0.00758194   0.01313230     0.00277592   0.00266125     0.00079834   0.00202185
 -0.00091675  -0.00373464    -0.00861053  -0.01491388    -0.00010744   0.00023788
  0.00135180   0.00170231    -0.00025973  -0.00002589     0.00468204   0.00810954
    7    1
 -0.02382677   0.03800748     0.00984125  -0.00788231    -0.00984125   0.00788231
  0.00134183  -0.00844020    -0.01013813  -0.00060503    -0.01205089   0.00744071
 -0.00134183   0.00844020    -0.01205089   0.00744071    -0.01013813  -0.00060503
    7    2
 -0.00943611   0.00118110    -0.00664794  -0.00210465     0.00664794   0.00210465
 -0.01355393   0.00272411    -0.00422242  -0.00000722     0.01033797   0.00144911
  0.01355393  -0.00272411     0.01033797   0.00144911    -0.00422242  -0.00000722
    7    3
  0.00122730  -0.00392413     0.00246148   0.00029996    -0.00246148  -0.00029996
 -0.00309540  -0.00245322     0.00337338   0.00225059    -0.00284446  -0.00241480
  0.00309540   0.00245322    -0.00284446  -0.00241480     0.00337338   0.00225059
    7    4
  0.00758194  -0.01313230    -0.00079834   0.00202185    -0.00277592   0.00266125
 -0.00135180   0.00170231     0.00468204  -0.00810954    -0.00025973   0.00002589
  0.00091675  -0.00373464    -0.00010744  -0.00023788    -0.00861053   0.01491388
    7    5
  0.00223267  -0.01521929    -0.00107463  -0.00063394    -0.00074107  -0.00141060
 -0.00107463  -0.00063394    -0.00675822  -0.00518802    -0.00113101  -0.00060155
  0.00074107   0.00141060     0.00113101   0.00060155     0.00163698   0.00318454
    7    6
 -0.01127986  -0.00316484    -0.00227245   0.00051013     0.00227245  -0.00051013
 -0.00227245   0.00051013    -0.00620849   0.00083908     0.00222381   0.00142237
  0.00227245  -0.00051013     0.00222381   0.00142237    -0.00620849   0.00083908
    7    7
  0.04349097  -0.00000000    -0.00198566   0.00252768     0.00198566  -0.00252768
 -0.00198566  -0.00252768     0.03652503  -0.00000000    -0.00410027   0.00000000
  0.00198566   0.00252768    -0.00410027   0.00000000     0.03652503  -0.00000000
    7    8
 -0.02129204  -0.00193038    -0.00369172  -0.00246597     0.00369172   0.00246597
  0.00369172   0.00246597     0.00573497  -0.01166573     0.00298114   0.00439424
 -0.00369172  -0.00246597     0.00298114   0.00439424     0.00573497  -0.01166573
    7    9
  0.01505675  -0.00000000     0.00037347  -0.00115782    -0.00037347   0.00115782
 -0.00037347  -0.00115782    -0.00656907   0.00000000     0.00022308  -0.00000000
  0.00037347   0.00115782     0.00022308  -0.00000000    -0.00656907   0.00000000
    7   10
  0.00758194  -0.01313230     0.00277592  -0.00266125     0.00079834  -0.00202185
 -0.00091675   0.00373464    -0.00861053   0.01491388    -0.00010744  -0.00023788
  0.00135180  -0.00170231    -0.00025973   0.00002589     0.00468204  -0.00810954
    7   11
  0.00223267  -0.01521929     0.00074107   0.00141060     0.00107463   0.00063394
 -0.00074107  -0.00141060     0.00163698   0.00318454     0.00113101   0.00060155
  0.00107463   0.00063394    -0.00113101  -0.00060155    -0.00675822  -0.00518802
    8    1
 -0.02382677  -0.03800748    -0.00984125  -0.00788231     0.00984125   0.00788231
 -0.00134183  -0.00844020    -0.01013813   0.00060503    -0.01205089  -0.00744071
  0.00134183   0.00844020    -0.01205089  -0.00744071    -0.01013813   0.00060503
    8    2
  0.00122730   0.00392413    -0.00246148   0.00029996     0.00246148  -0.00029996
  0.00309540  -0.00245322     0.00337338  -0.00225059    -0.00284446   0.00241480
 -0.00309540   0.00245322    -0.00284446   0.00241480     0.00337338  -0.00225059
    8    3
 -0.00943611  -0.00118110     0.00664794  -0.00210465    -0.00664794   0.00210465
  0.01355393   0.00272411    -0.00422242   0.00000722     0.01033797  -0.00144911
 -0.01355393  -0.00272411     0.01033797  -0.00144911    -0.00422242   0.00000722
    8    4
  0.00223267   0.01521929    -0.00074107   0.00141060    -0.00107463   0.00063394
  0.00074107  -0.00141060     0.00163698  -0.00318454     0.00113101  -0.00060155
 -0.00107463   0.00063394    -0.00113101   0.00060155    -0.00675822   0.00518802
    8    5
  0.00758194   0.01313230    -0.00277592  -0.00266125    -0.00079834  -0.00202185
  0.00091675   0.00373464    -0.00861053  -0.01491388    -0.00010744   0.00023788
 -0.00135180  -0.00170231    -0.00025973  -0.00002589     0.00468204   0.00810954
    8    6
  0.01505675   0.00000000    -0.00037347  -0.00115782     0.00037347   0.00115782
  0.00037347  -0.00115782    -0.00656907  -0.00000000     0.00022308   0.00000000
 -0.00037347   0.00115782     0.00022308   0.00000000    -0.00656907  -0.00000000
    8    7
 -0.02129204   0.00193038     0.00369172  -0.00246597    -0.00369172   0.00246597
 -0.00369172   0.00246597     0.00573497   0.01166573     0.00298114  -0.00439424
  0.00369172  -0.00246597     0.00298114  -0.00439424     0.00573497   0.01166573
    8    8
  0.04349097   0.00000000     0.00198566   0.00252768    -0.00198566  -0.00252768
  0.00198566  -0.00252768     0.03652503   0.00000000    -0.00410027  -0.00000000
 -0.00198566   0.00252768    -0.00410027  -0.00000000     0.03652503   0.00000000
    8    9
 -0.01127986   0.00316484     0.00227245   0.00051013    -0.00227245  -0.00051013
  0.00227245   0.00051013    -0.00620849  -0.00083908     0.00222381  -0.00142237
 -0.00227245  -0.00051013     0.00222381  -0.00142237    -0.00620849  -0.00083908
    8   10
  0.00223267   0.01521929     0.00107463  -0.00063394     0.00074107  -0.00141060
  0.00107463  -0.00063394    -0.00675822   0.00518802    -0.00113101   0.00060155
 -0.00074107   0.00141060     0.00113101  -0.00060155     0.00163698  -0.00318454
    8   11
  0.00758194   0.01313230     0.00079834   0.00202185     0.00277592   0.00266125
  0.00135180   0.00170231     0.00468204   0.00810954    -0.00025973  -0.00002589
 -0.00091675  -0.00373464    -0.00010744   0.00023788    -0.00861053  -0.01491388
    9    1
 -0.02382677   0.03800748    -0.00984125   0.00788231     0.00984125  -0.00788231
 -0.00134183   0.00844020    -0.01013813  -0.00060503    -0.01205089   0.00744071
  0.00134183  -0.00844020    -0.01205089   0.00744071    -0.01013813  -0.00060503
    9    2
 -0.00943611   0.00118110     0.00664794   0.00210465    -0.00664794  -0.00210465
  0.01355393  -0.00272411    -0.00422242  -0.00000722     0.01033797   0.00144911
 -0.01355393   0.00272411     0.01033797   0.00144911    -0.00422242  -0.00000722
    9    3
  0.00122730  -0.00392413    -0.00246148  -0.00029996     0.00246148   0.00029996
  0.00309540   0.00245322     0.00337338   0.00225059    -0.00284446  -0.00241480
 -0.00309540  -0.00245322    -0.00284446  -0.00241480     0.00337338   0.00225059
    9    4
  0.00758194  -0.01313230    -0.00277592   0.00266125    -0.00079834   0.00202185
  0.00091675  -0.00373464    -0.00861053   0.01491388    -0.00010744  -0.00023788
 -0.00135180   0.00170231    -0.00025973   0.00002589     0.00468204  -0.00810954
    9    5
  0.00223267  -0.01521929    -0.00074107  -0.00141060    -0.00107463  -0.00063394
  0.00074107   0.00141060     0.00163698   0.00318454     0.00113101   0.00060155
 -0.00107463  -0.00063394    -0.00113101  -0.00060155    -0.00675822  -0.00518802
    9    6
 -0.02129204  -0.00193038     0.00369172   0.00246597    -0.00369172  -0.00246597
 -0.00369172  -0.00246597     0.00573497  -0.01166573     0.00298114   0.00439424
  0.00369172   0.00246597     0.00298114   0.00439424     0.00573497  -0.01166573
    9    7
  0.01505675  -0.00000000    -0.00037347   0.00115782     0.00037347  -0.00115782
  0.00037347   0.00115782    -0.00656907   0.00000000     0.00022308  -0.00000000
 -0.00037347  -0.00115782     0.00022308  -0.00000000    -0.00656907   0.00000000
    9    8
 -0.01127986  -0.00316484     0.00227245  -0.00051013    -0.00227245   0.00051013
  0.00227245  -0.00051013    -0.00620849   0.00083908     0.00222381   0.00142237
 -0.00227245   0.00051013     0.00222381   0.00142237    -0.00620849   0.00083908
    9    9
  0.04349097  -0.00000000     0.00198566  -0.00252768    -0.00198566   0.00252768
  0.00198566   0.00252768     0.03652503  -0.00000000    -0.00410027   0.00000000
 -0.00198566  -0.00252768    -0.00410027   0.00000000     0.03652503  -0.00000000
    9   10
  0.00758194  -0.01313230     0.00079834  -0.00202185     0.00277592  -0.00266125
  0.00135180  -0.00170231     0.00468204  -0.00810954    -0.00025973   0.00002589
 -0.00091675   0.00373464    -0.00010744  -0.00023788    -0.00861053   0.01491388
    9   11
  0.00223267  -0.01521929     0.00107463   0.00063394     0.00074107   0.00141060
  0.00107463   0.00063394    -0.00675822  -0.00518802    -0.00113101  -0.00060155
 -0.00074107  -0.00141060     0.00113101   0.00060155     0.00163698   0.00318454
   10    1
 -0.04482883  -0.00163085    -0.01174690  -0.00458161    -0.01174690  -0.00458161
 -0.00798034   0.00305805    -0.00454509  -0.00908239     0.01246929   0.00671603
 -0.00798034   0.00305805     0.01246929   0.00671603    -0.00454509  -0.00908239
   10    2
  0.00278475   0.00302493     0.00149051  -0.00198172     0.00149051  -0.00198172
 -0.00367225   0.00145408    -0.00363576   0.00179614    -0.00351351   0.00125598
 -0.00367225   0.00145408    -0.00351351   0.00125598    -0.00363576   0.00179614
   10    3
 -0.00943611   0.00118110     0.00664794   0.00210465     0.00664794   0.00210465
  0.01355393  -0.00272411    -0.00422242  -0.00000722    -0.01033797  -0.00144911
  0.01355393  -0.00272411    -0.01033797  -0.00144911    -0.00422242  -0.00000722
   10    4
  0.01505675  -0.00000000    -0.00037347   0.00115782    -0.00037347   0.00115782
  0.00037347   0.00115782    -0.00656907  -0.00000000    -0.00022308   0.00000000
  0.00037347   0.00115782    -0.00022308  -0.00000000    -0.00656907   0.00000000
   10    5
  0.01231778  -0.01747425    -0.00398145   0.00196414    -0.00398145   0.00196414
  0.00398145  -0.00196414     0.00723534   0.01079950     0.00529610  -0.00038462
  0.00398145  -0.00196414     0.00529610  -0.00038462     0.00723534   0.01079950
   10    6
  0.00223267  -0.01521929    -0.00074107  -0.00141060     0.00107463   0.00063394
  0.00074107   0.00141060     0.00163698   0.00318454    -0.00113101  -0.00060155
  0.00107463   0.00063394     0.00113101   0.00060155    -0.00675822  -0.00518802
   10    7
  0.00758194   0.01313230    -0.00091675  -0.00373464     0.00135180   0.00170231
  0.00277592   0.00266125    -0.00861053  -0.01491388    -0.00025973  -0.00002589
  0.00079834   0.00202185    -0.00010744   0.00023788     0.00468204   0.00810954
   10    8
  0.00223267  -0.01521929     0.00107463   0.00063394    -0.00074107  -0.00141060
  0.00107463   0.00063394    -0.00675822  -0.00518802     0.00113101   0.00060155
  0.00074107   0.00141060    -0.00113101  -0.00060155     0.00163698   0.00318454
   10    9
  0.00758194   0.01313230     0.00135180   0.00170231    -0.00091675  -0.00373464
  0.00079834   0.00202185     0.00468204   0.00810954    -0.00010744   0.00023788
  0.00277592   0.00266125    -0.00025973  -0.00002589    -0.00861053  -0.01491388
   10   10
  0.04349097  -0.00000000     0.00198566  -0.00252768     0.00198566  -0.00252768
  0.00198566   0.00252768     0.03652503   0.00000000     0.00410027  -0.00000000
  0.00198566   0.00252768     0.00410027  -0.00000000     0.03652503   0.00000000
   10   11
  0.00838076  -0.00818622    -0.00069444   0.00222307    -0.00069444   0.00222307
 -0.00069444   0.00222307     0.00237758  -0.00579625     0.00234371  -0.00121469
 -0.00069444   0.00222307     0.00234371  -0.00121469     0.00237758  -0.00579625
   11    1
 -0.04482883   0.00163085    -0.01174690   0.00458161    -0.01174690   0.00458161
 -0.00798034  -0.00305805    -0.00454509   0.00908239     0.01246929  -0.00671603
 -0.00798034  -0.00305805     0.01246929  -0.00671603    -0.00454509   0.00908239
   11    2
 -0.00943611  -0.00118110     0.00664794  -0.00210465     0.00664794  -0.00210465
  0.01355393   0.00272411    -0.00422242   0.00000722    -0.01033797   0.00144911
  0.01355393   0.00272411    -0.01033797   0.00144911    -0.00422242   0.00000722
   11    3
  0.00278475  -0.00302493     0.00149051   0.00198172     0.00149051   0.00198172
 -0.00367225  -0.00145408    -0.00363576  -0.00179614    -0.00351351  -0.00125598
 -0.00367225  -0.00145408    -0.00351351  -0.00125598    -0.00363576  -0.00179614
   11    4
  0.01231778   0.01747425    -0.00398145  -0.00196414    -0.00398145  -0.00196414
  0.00398145   0.00196414     0.00723534  -0.01079950     0.00529610   0.00038462
  0.00398145   0.00196414     0.00529610   0.00038462     0.00723534  -0.01079950
   11    5
  0.01505675   0.00000000    -0.00037347  -0.00115782    -0.00037347  -0.00115782
  0.00037347  -0.00115782    -0.00656907   0.00000000    -0.00022308  -0.00000000
  0.00037347  -0.00115782    -0.00022308  -0.00000000    -0.00656907   0.00000000
   11    6
  0.00758194  -0.01313230    -0.00091675   0.00373464     0.00135180  -0.00170231
  0.00277592  -0.00266125    -0.00861053   0.01491388    -0.00025973   0.00002589
  0.00079834  -0.00202185    -0.00010744  -0.00023788     0.00468204  -0.00810954
   11    7
  0.00223267   0.01521929    -0.00074107   0.00141060     0.00107463  -0.00063394
  0.00074107  -0.00141060     0.00163698  -0.00318454    -0.00113101   0.00060155
  0.00107463  -0.00063394     0.00113101  -0.00060155    -0.00675822   0.00518802
   11    8
  0.00758194  -0.01313230     0.00135180  -0.00170231    -0.00091675   0.00373464
  0.00079834  -0.00202185     0.00468204  -0.00810954    -0.00010744  -0.00023788
  0.00277592  -0.00266125    -0.00025973   0.00002589    -0.00861053   0.01491388
   11    9
  0.00223267   0.01521929     0.00107463  -0.00063394    -0.00074107   0.00141060
  0.00107463  -0.00063394    -0.00675822   0.00518802     0.00113101  -0.00060155
  0.00074107  -0.00141060    -0.00113101   0.00060155     0.00163698  -0.00318454
   11   10
  0.00838076   0.00818622    -0.00069444  -0.00222307    -0.00069444  -0.00222307
 -0.00069444  -0.00222307     0.00237758   0.00579625     0.00234371   0.00121469
 -0.00069444  -0.00222307     0.00234371   0.00121469     0.00237758   0.00579625
   11   11
  0.04349097   0.00000000     0.00198566   0.00252768     0.00198566   0.00252768
  0.00198566  -0.00252768     0.03652503  -0.00000000     0.00410027   0.00000000
  0.00198566  -0.00252768     0.00410027   0.00000000     0.03652503  -0.00000000

     Dynamical  Matrix in cartesian axes

     q = (   -0.235702260   0.000000000   0.000000000 ) 

    1    1
  0.34853775   0.00000000    -0.00000000   0.00000000     0.00000000   0.00000000
 -0.00000000   0.00000000     0.13019389   0.00000000    -0.00000000   0.00000000
  0.00000000   0.00000000    -0.00000000   0.00000000     0.13019389   0.00000000
    1    2
  0.03733369  -0.02155462    -0.00000000  -0.00000000     0.00000000   0.00000000
 -0.00000000   0.00000000    -0.01531178   0.00884026    -0.00651058  -0.01127666
 -0.00000000  -0.00000000    -0.00651058  -0.01127666    -0.01531178   0.00884026
    1    3
  0.03733369   0.02155462    -0.00000000   0.00000000     0.00000000  -0.00000000
 -0.00000000  -0.00000000    -0.01531178  -0.00884026    -0.00651058   0.01127666
 -0.00000000   0.00000000    -0.00651058   0.01127666    -0.01531178  -0.00884026
    1    4
 -0.04482883  -0.00163085     0.00798034  -0.00305805     0.00798034  -0.00305805
  0.01174690   0.00458161    -0.00454509  -0.00908239     0.01246929   0.00671603
  0.01174690   0.00458161     0.01246929   0.00671603    -0.00454509  -0.00908239
    1    5
 -0.04482883   0.00163085     0.00798034   0.00305805     0.00798034   0.00305805
  0.01174690  -0.00458161    -0.00454509   0.00908239     0.01246929  -0.00671603
  0.01174690  -0.00458161     0.01246929  -0.00671603    -0.00454509   0.00908239
    1    6
 -0.02382677  -0.03800748     0.00134183   0.00844020    -0.00134183  -0.00844020
  0.00984125   0.00788231    -0.01013813   0.00060503    -0.01205089  -0.00744071
 -0.00984125  -0.00788231    -0.01205089  -0.00744071    -0.01013813   0.00060503
    1    7
 -0.02382677   0.03800748     0.00134183  -0.00844020    -0.00134183   0.00844020
  0.00984125  -0.00788231    -0.01013813  -0.00060503    -0.01205089   0.00744071
 -0.00984125   0.00788231    -0.01205089   0.00744071    -0.01013813  -0.00060503
    1    8
 -0.02382677  -0.03800748    -0.00134183  -0.00844020     0.00134183   0.00844020
 -0.00984125  -0.00788231    -0.01013813   0.00060503    -0.01205089  -0.00744071
  0.00984125   0.00788231    -0.01205089  -0.00744071    -0.01013813   0.00060503
    1    9
 -0.02382677   0.03800748    -0.00134183   0.00844020     0.00134183  -0.00844020
 -0.00984125   0.00788231    -0.01013813  -0.00060503    -0.01205089   0.00744071
  0.00984125  -0.00788231    -0.01205089   0.00744071    -0.01013813  -0.00060503
    1   10
 -0.04482883  -0.00163085    -0.00798034   0.00305805    -0.00798034   0.00305805
 -0.01174690  -0.00458161    -0.00454509  -0.00908239     0.01246929   0.00671603
 -0.01174690  -0.00458161     0.01246929   0.00671603    -0.00454509  -0.00908239
    1   11
 -0.04482883   0.00163085    -0.00798034  -0.00305805    -0.00798034  -0.00305805
 -0.01174690   0.00458161    -0.00454509   0.00908239     0.01246929  -0.00671603
 -0.01174690   0.00458161     0.01246929  -0.00671603    -0.00454509   0.00908239
    2    1
  0.03733369   0.02155462     0.00000000   0.00000000     0.00000000  -0.00000000
 -0.00000000   0.00000000    -0.01531178  -0.00884026    -0.00651058   0.01127666
 -0.00000000  -0.00000000    -0.00651058   0.01127666    -0.01531178  -0.00884026
    2    2
  0.06492332   0.00000000     0.00000000  -0.00000000     0.00000000  -0.00000000
  0.00000000   0.00000000     0.02973140  -0.00000000    -0.00000000  -0.00000000
 -0.00000000  -0.00000000    -0.00000000  -0.00000000     0.02973140  -0.00000000
    2    3
 -0.00235166  -0.00407319    -0.00000000  -0.00000000     0.00000000  -0.00000000
 -0.00000000   0.00000000    -0.00465802  -0.00806792     0.00605968  -0.00349856
  0.00000000   0.00000000     0.00605968  -0.00349856    -0.00465802  -0.00806792
    2    4
  0.00278475   0.00302493     0.00367225  -0.00145408     0.00367225  -0.00145408
 -0.00149051   0.00198172    -0.00363576   0.00179614    -0.00351351   0.00125598
 -0.00149051   0.00198172    -0.00351351   0.00125598    -0.00363576   0.00179614
    2    5
 -0.00943611  -0.00118110    -0.01355393  -0.00272411    -0.01355393  -0.00272411
 -0.00664794   0.00210465    -0.00422242   0.00000722    -0.01033797   0.00144911
 -0.00664794   0.00210465    -0.01033797   0.00144911    -0.00422242   0.00000722
    2    6
  0.00122730   0.00392413    -0.00309540   0.00245322     0.00309540  -0.00245322
  0.00246148  -0.00029996     0.00337338  -0.00225059    -0.00284446   0.00241480
 -0.00246148   0.00029996    -0.00284446   0.00241480     0.00337338  -0.00225059
    2    7
 -0.00943611   0.00118110    -0.01355393   0.00272411     0.01355393  -0.00272411
 -0.00664794  -0.00210465    -0.00422242  -0.00000722     0.01033797   0.00144911
  0.00664794   0.00210465     0.01033797   0.00144911    -0.00422242  -0.00000722
    2    8
  0.00122730   0.00392413     0.00309540  -0.00245322    -0.00309540   0.00245322
 -0.00246148   0.00029996     0.00337338  -0.00225059    -0.00284446   0.00241480
  0.00246148  -0.00029996    -0.00284446   0.00241480     0.00337338  -0.00225059
    2    9
 -0.00943611   0.00118110     0.01355393  -0.00272411    -0.01355393   0.00272411
  0.00664794   0.00210465    -0.00422242  -0.00000722     0.01033797   0.00144911
 -0.00664794  -0.00210465     0.01033797   0.00144911    -0.00422242  -0.00000722
    2   10
  0.00278475   0.00302493    -0.00367225   0.00145408    -0.00367225   0.00145408
  0.00149051  -0.00198172    -0.00363576   0.00179614    -0.00351351   0.00125598
  0.00149051  -0.00198172    -0.00351351   0.00125598    -0.00363576   0.00179614
    2   11
 -0.00943611  -0.00118110     0.01355393   0.00272411     0.01355393   0.00272411
  0.00664794  -0.00210465    -0.00422242   0.00000722    -0.01033797   0.00144911
  0.00664794  -0.00210465    -0.01033797   0.00144911    -0.00422242   0.00000722
    3    1
  0.03733369  -0.02155462     0.00000000   0.00000000     0.00000000  -0.00000000
 -0.00000000   0.00000000    -0.01531178   0.00884026    -0.00651058  -0.01127666
 -0.00000000   0.00000000    -0.00651058  -0.01127666    -0.01531178   0.00884026
    3    2
 -0.00235166   0.00407319    -0.00000000   0.00000000     0.00000000   0.00000000
 -0.00000000   0.00000000    -0.00465802   0.00806792     0.00605968   0.00349856
  0.00000000   0.00000000     0.00605968   0.00349856    -0.00465802   0.00806792
    3    3
  0.06492332  -0.00000000     0.00000000   0.00000000     0.00000000   0.00000000
  0.00000000  -0.00000000     0.02973140   0.00000000    -0.00000000   0.00000000
 -0.00000000   0.00000000    -0.00000000   0.00000000     0.02973140   0.00000000
    3    4
 -0.00943611   0.00118110    -0.01355393   0.00272411    -0.01355393   0.00272411
 -0.00664794  -0.00210465    -0.00422242  -0.00000722    -0.01033797  -0.00144911
 -0.00664794  -0.00210465    -0.01033797  -0.00144911    -0.00422242  -0.00000722
    3    5
  0.00278475  -0.00302493     0.00367225   0.00145408     0.00367225   0.00145408
 -0.00149051  -0.00198172    -0.00363576  -0.00179614    -0.00351351  -0.00125598
 -0.00149051  -0.00198172    -0.00351351  -0.00125598    -0.00363576  -0.00179614
    3    6
 -0.00943611  -0.00118110    -0.01355393  -0.00272411     0.01355393   0.00272411
 -0.00664794   0.00210465    -0.00422242   0.00000722     0.01033797  -0.00144911
  0.00664794  -0.00210465     0.01033797  -0.00144911    -0.00422242   0.00000722
    3    7
  0.00122730  -0.00392413    -0.00309540  -0.00245322     0.00309540   0.00245322
  0.00246148   0.00029996     0.00337338   0.00225059    -0.00284446  -0.00241480
 -0.00246148  -0.00029996    -0.00284446  -0.00241480     0.00337338   0.00225059
    3    8
 -0.00943611  -0.00118110     0.01355393   0.00272411    -0.01355393  -0.00272411
  0.00664794  -0.00210465    -0.00422242   0.00000722     0.01033797  -0.00144911
 -0.00664794   0.00210465     0.01033797  -0.00144911    -0.00422242   0.00000722
    3    9
  0.00122730  -0.00392413     0.00309540   0.00245322    -0.00309540  -0.00245322
 -0.00246148  -0.00029996     0.00337338   0.00225059    -0.00284446  -0.00241480
  0.00246148   0.00029996    -0.00284446  -0.00241480     0.00337338   0.00225059
    3   10
 -0.00943611   0.00118110     0.01355393  -0.00272411     0.01355393  -0.00272411
  0.00664794   0.00210465    -0.00422242  -0.00000722    -0.01033797  -0.00144911
  0.00664794   0.00210465    -0.01033797  -0.00144911    -0.00422242  -0.00000722
    3   11
  0.00278475  -0.00302493    -0.00367225  -0.00145408    -0.00367225  -0.00145408
  0.00149051   0.00198172    -0.00363576  -0.00179614    -0.00351351  -0.00125598
  0.00149051   0.00198172    -0.00351351  -0.00125598    -0.00363576  -0.00179614
    4    1
 -0.04482883   0.00163085     0.01174690  -0.00458161     0.01174690  -0.00458161
