  3.500000000000000E-002   1.62595643165958        4.90373158411627     
           4

     Dynamical  Matrix in cartesian axes

     q = (   -0.353553391  -0.353553391   0.353553391 ) 

    1    1
  0.03028924   0.00000000     0.00476649   0.00000000    -0.00476649   0.00000000
  0.00476649   0.00000000     0.03028924   0.00000000    -0.00476649   0.00000000
 -0.00476649   0.00000000    -0.00476649   0.00000000     0.03028924   0.00000000
    1    2
  0.00377060   0.00000000     0.00378509   0.00000000    -0.00378509   0.00000000
  0.00378509   0.00000000     0.00377060   0.00000000    -0.00378509   0.00000000
 -0.00378509   0.00000000    -0.00378509   0.00000000     0.00377060   0.00000000
    1    3
  0.00377060   0.00000000     0.00378509   0.00000000    -0.00378509   0.00000000
  0.00378509   0.00000000     0.00377060   0.00000000    -0.00378509   0.00000000
 -0.00378509   0.00000000    -0.00378509   0.00000000     0.00377060   0.00000000
    1    4
 -0.00687901   0.00000000     0.00131720  -0.00000000    -0.00097174   0.00000000
  0.00131720  -0.00000000    -0.00687901   0.00000000    -0.00097174   0.00000000
  0.00014551  -0.00000000     0.00014551  -0.00000000     0.00386961  -0.00000000
    1    5
 -0.00687901   0.00000000     0.00131720  -0.00000000    -0.00097174   0.00000000
  0.00131720  -0.00000000    -0.00687901   0.00000000    -0.00097174   0.00000000
  0.00014551  -0.00000000     0.00014551  -0.00000000     0.00386961  -0.00000000
    1    6
 -0.00698308   0.00000000    -0.00263315   0.00000000     0.00263315  -0.00000000
 -0.00263315   0.00000000    -0.00698308   0.00000000     0.00263315  -0.00000000
  0.00263315  -0.00000000     0.00263315  -0.00000000    -0.00698308   0.00000000
    1    7
 -0.00698308   0.00000000    -0.00263315   0.00000000     0.00263315  -0.00000000
 -0.00263315   0.00000000    -0.00698308   0.00000000     0.00263315  -0.00000000
  0.00263315  -0.00000000     0.00263315  -0.00000000    -0.00698308   0.00000000
    1    8
  0.00386961  -0.00000000    -0.00014551   0.00000000     0.00014551  -0.00000000
  0.00097174  -0.00000000    -0.00687901   0.00000000    -0.00131720   0.00000000
 -0.00097174   0.00000000    -0.00131720   0.00000000    -0.00687901   0.00000000
    1    9
  0.00386961  -0.00000000    -0.00014551   0.00000000     0.00014551  -0.00000000
  0.00097174  -0.00000000    -0.00687901   0.00000000    -0.00131720   0.00000000
 -0.00097174   0.00000000    -0.00131720   0.00000000    -0.00687901   0.00000000
    1   10
 -0.00687901   0.00000000     0.00097174  -0.00000000    -0.00131720   0.00000000
 -0.00014551   0.00000000     0.00386961  -0.00000000     0.00014551  -0.00000000
 -0.00131720   0.00000000    -0.00097174   0.00000000    -0.00687901   0.00000000
    1   11
 -0.00687901   0.00000000     0.00097174  -0.00000000    -0.00131720   0.00000000
 -0.00014551   0.00000000     0.00386961  -0.00000000     0.00014551  -0.00000000
 -0.00131720   0.00000000    -0.00097174   0.00000000    -0.00687901   0.00000000
    2    1
  0.00377060   0.00000000     0.00378509   0.00000000    -0.00378509   0.00000000
  0.00378509   0.00000000     0.00377060   0.00000000    -0.00378509   0.00000000
 -0.00378509   0.00000000    -0.00378509   0.00000000     0.00377060   0.00000000
    2    2
  0.01590488   0.00000000     0.00223449   0.00000000    -0.00223449   0.00000000
  0.00223449   0.00000000     0.01590488   0.00000000    -0.00223449   0.00000000
 -0.00223449   0.00000000    -0.00223449   0.00000000     0.01590488   0.00000000
    2    3
 -0.00691478   0.00000000    -0.00044642   0.00000000     0.00044642   0.00000000
 -0.00044642   0.00000000    -0.00691478   0.00000000     0.00044642   0.00000000
  0.00044642   0.00000000     0.00044642   0.00000000    -0.00691478   0.00000000
    2    4
 -0.00151078   0.00000000     0.00119817  -0.00000000     0.00144071  -0.00000000
  0.00119817  -0.00000000    -0.00151078   0.00000000     0.00144071  -0.00000000
  0.00343453  -0.00000000     0.00343453  -0.00000000     0.00030449  -0.00000000
    2    5
 -0.00348654   0.00000000    -0.00252569   0.00000000    -0.00323835   0.00000000
 -0.00252569   0.00000000    -0.00348654   0.00000000    -0.00323835   0.00000000
 -0.00517533   0.00000000    -0.00517533   0.00000000     0.00058103  -0.00000000
    2    6
 -0.00010915   0.00000000     0.00052210  -0.00000000    -0.00052210   0.00000000
  0.00052210  -0.00000000    -0.00010915   0.00000000    -0.00052210   0.00000000
 -0.00052210   0.00000000    -0.00052210   0.00000000    -0.00010915   0.00000000
    2    7
 -0.00229697   0.00000000    -0.00358076   0.00000000     0.00358076  -0.00000000
 -0.00358076   0.00000000    -0.00229697   0.00000000     0.00358076  -0.00000000
  0.00358076  -0.00000000     0.00358076  -0.00000000    -0.00229697   0.00000000
    2    8
  0.00030449  -0.00000000    -0.00343453   0.00000000     0.00343453  -0.00000000
 -0.00144071   0.00000000    -0.00151078   0.00000000    -0.00119817   0.00000000
  0.00144071  -0.00000000    -0.00119817   0.00000000    -0.00151078   0.00000000
    2    9
  0.00058103  -0.00000000     0.00517533  -0.00000000    -0.00517533   0.00000000
  0.00323835  -0.00000000    -0.00348654   0.00000000     0.00252569  -0.00000000
 -0.00323835   0.00000000     0.00252569  -0.00000000    -0.00348654   0.00000000
    2   10
 -0.00151078   0.00000000    -0.00144071   0.00000000    -0.00119817   0.00000000
 -0.00343453   0.00000000     0.00030449  -0.00000000     0.00343453  -0.00000000
 -0.00119817   0.00000000     0.00144071  -0.00000000    -0.00151078   0.00000000
    2   11
 -0.00348654   0.00000000     0.00323835  -0.00000000     0.00252569  -0.00000000
  0.00517533  -0.00000000     0.00058103  -0.00000000    -0.00517533   0.00000000
  0.00252569  -0.00000000    -0.00323835   0.00000000    -0.00348654   0.00000000
    3    1
  0.00377060   0.00000000     0.00378509   0.00000000    -0.00378509   0.00000000
  0.00378509   0.00000000     0.00377060   0.00000000    -0.00378509   0.00000000
 -0.00378509   0.00000000    -0.00378509   0.00000000     0.00377060   0.00000000
    3    2
 -0.00691478   0.00000000    -0.00044642   0.00000000     0.00044642   0.00000000
 -0.00044642   0.00000000    -0.00691478   0.00000000     0.00044642   0.00000000
  0.00044642   0.00000000     0.00044642   0.00000000    -0.00691478   0.00000000
    3    3
  0.01590488   0.00000000     0.00223449   0.00000000    -0.00223449   0.00000000
  0.00223449   0.00000000     0.01590488   0.00000000    -0.00223449   0.00000000
 -0.00223449   0.00000000    -0.00223449   0.00000000     0.01590488   0.00000000
    3    4
 -0.00348654   0.00000000    -0.00252569   0.00000000    -0.00323835   0.00000000
 -0.00252569   0.00000000    -0.00348654   0.00000000    -0.00323835   0.00000000
 -0.00517533   0.00000000    -0.00517533   0.00000000     0.00058103  -0.00000000
    3    5
 -0.00151078   0.00000000     0.00119817  -0.00000000     0.00144071  -0.00000000
  0.00119817  -0.00000000    -0.00151078   0.00000000     0.00144071  -0.00000000
  0.00343453  -0.00000000     0.00343453  -0.00000000     0.00030449  -0.00000000
    3    6
 -0.00229697   0.00000000    -0.00358076   0.00000000     0.00358076  -0.00000000
 -0.00358076   0.00000000    -0.00229697   0.00000000     0.00358076  -0.00000000
  0.00358076  -0.00000000     0.00358076  -0.00000000    -0.00229697   0.00000000
    3    7
 -0.00010915   0.00000000     0.00052210  -0.00000000    -0.00052210   0.00000000
  0.00052210  -0.00000000    -0.00010915   0.00000000    -0.00052210   0.00000000
 -0.00052210   0.00000000    -0.00052210   0.00000000    -0.00010915   0.00000000
    3    8
  0.00058103  -0.00000000     0.00517533  -0.00000000    -0.00517533   0.00000000
  0.00323835  -0.00000000    -0.00348654   0.00000000     0.00252569  -0.00000000
 -0.00323835   0.00000000     0.00252569  -0.00000000    -0.00348654   0.00000000
    3    9
  0.00030449  -0.00000000    -0.00343453   0.00000000     0.00343453  -0.00000000
 -0.00144071   0.00000000    -0.00151078   0.00000000    -0.00119817   0.00000000
  0.00144071  -0.00000000    -0.00119817   0.00000000    -0.00151078   0.00000000
    3   10
 -0.00348654   0.00000000     0.00323835  -0.00000000     0.00252569  -0.00000000
  0.00517533  -0.00000000     0.00058103  -0.00000000    -0.00517533   0.00000000
  0.00252569  -0.00000000    -0.00323835   0.00000000    -0.00348654   0.00000000
    3   11
 -0.00151078   0.00000000    -0.00144071   0.00000000    -0.00119817   0.00000000
 -0.00343453   0.00000000     0.00030449  -0.00000000     0.00343453  -0.00000000
 -0.00119817   0.00000000     0.00144071  -0.00000000    -0.00151078   0.00000000
    4    1
 -0.00687901  -0.00000000     0.00131720   0.00000000     0.00014551   0.00000000
  0.00131720   0.00000000    -0.00687901  -0.00000000     0.00014551   0.00000000
 -0.00097174  -0.00000000    -0.00097174  -0.00000000     0.00386961   0.00000000
    4    2
 -0.00151078  -0.00000000     0.00119817   0.00000000     0.00343453   0.00000000
  0.00119817   0.00000000    -0.00151078  -0.00000000     0.00343453   0.00000000
  0.00144071   0.00000000     0.00144071   0.00000000     0.00030449   0.00000000
    4    3
 -0.00348654  -0.00000000    -0.00252569  -0.00000000    -0.00517533  -0.00000000
 -0.00252569  -0.00000000    -0.00348654  -0.00000000    -0.00517533  -0.00000000
 -0.00323835  -0.00000000    -0.00323835  -0.00000000     0.00058103   0.00000000
    4    4
  0.01128411   0.00000000     0.00135524   0.00000000     0.00036621   0.00000000
  0.00135524   0.00000000     0.01128411   0.00000000     0.00036621   0.00000000
  0.00036621   0.00000000     0.00036621   0.00000000     0.00439672   0.00000000
    4    5
  0.00066700   0.00000000    -0.00306545  -0.00000000    -0.00068645  -0.00000000
 -0.00306545  -0.00000000     0.00066700   0.00000000    -0.00068645  -0.00000000
 -0.00068645  -0.00000000    -0.00068645  -0.00000000     0.00073255   0.00000000
    4    6
  0.00001560   0.00000000    -0.00088505   0.00000000    -0.00051876   0.00000000
 -0.00088505   0.00000000     0.00001560  -0.00000000    -0.00051876   0.00000000
  0.00018075  -0.00000000     0.00018075  -0.00000000    -0.00178920   0.00000000
    4    7
  0.00139628   0.00000000     0.00217177   0.00000000    -0.00058601  -0.00000000
  0.00217177   0.00000000     0.00139628   0.00000000    -0.00058601  -0.00000000
  0.00085052   0.00000000     0.00085052   0.00000000    -0.00222868  -0.00000000
    4    8
 -0.00000614   0.00000000    -0.00170130   0.00000000     0.00196247  -0.00000000
 -0.00002562   0.00000000     0.00258231  -0.00000000     0.00170130  -0.00000000
 -0.00103283   0.00000000     0.00002562  -0.00000000    -0.00000614   0.00000000
    4    9
 -0.00057342   0.00000000    -0.00195004   0.00000000     0.00244372  -0.00000000
 -0.00012364   0.00000000     0.00670625  -0.00000000     0.00195004  -0.00000000
  0.00038160  -0.00000000     0.00012364  -0.00000000    -0.00057342   0.00000000
    4   10
  0.00258231  -0.00000000    -0.00002562   0.00000000     0.00170130  -0.00000000
 -0.00170130   0.00000000    -0.00000614   0.00000000     0.00196247  -0.00000000
  0.00002562  -0.00000000    -0.00103283   0.00000000    -0.00000614   0.00000000
    4   11
  0.00670625  -0.00000000    -0.00012364   0.00000000     0.00195004  -0.00000000
 -0.00195004   0.00000000    -0.00057342   0.00000000     0.00244372  -0.00000000
  0.00012364  -0.00000000     0.00038160  -0.00000000    -0.00057342   0.00000000
    5    1
 -0.00687901  -0.00000000     0.00131720   0.00000000     0.00014551   0.00000000
  0.00131720   0.00000000    -0.00687901  -0.00000000     0.00014551   0.00000000
 -0.00097174  -0.00000000    -0.00097174  -0.00000000     0.00386961   0.00000000
    5    2
 -0.00348654  -0.00000000    -0.00252569  -0.00000000    -0.00517533  -0.00000000
 -0.00252569  -0.00000000    -0.00348654  -0.00000000    -0.00517533  -0.00000000
 -0.00323835  -0.00000000    -0.00323835  -0.00000000     0.00058103   0.00000000
    5    3
 -0.00151078  -0.00000000     0.00119817   0.00000000     0.00343453   0.00000000
  0.00119817   0.00000000    -0.00151078  -0.00000000     0.00343453   0.00000000
  0.00144071   0.00000000     0.00144071   0.00000000     0.00030449   0.00000000
    5    4
  0.00066700  -0.00000000    -0.00306545   0.00000000    -0.00068645   0.00000000
 -0.00306545   0.00000000     0.00066700  -0.00000000    -0.00068645   0.00000000
 -0.00068645   0.00000000    -0.00068645   0.00000000     0.00073255  -0.00000000
    5    5
  0.01128411   0.00000000     0.00135524   0.00000000     0.00036621   0.00000000
  0.00135524   0.00000000     0.01128411   0.00000000     0.00036621   0.00000000
  0.00036621   0.00000000     0.00036621   0.00000000     0.00439672   0.00000000
    5    6
  0.00139628  -0.00000000     0.00217177  -0.00000000    -0.00058601   0.00000000
  0.00217177  -0.00000000     0.00139628  -0.00000000    -0.00058601   0.00000000
  0.00085052  -0.00000000     0.00085052  -0.00000000    -0.00222868   0.00000000
    5    7
  0.00001560  -0.00000000    -0.00088505   0.00000000    -0.00051876   0.00000000
 -0.00088505   0.00000000     0.00001560  -0.00000000    -0.00051876   0.00000000
  0.00018075  -0.00000000     0.00018075  -0.00000000    -0.00178920   0.00000000
    5    8
 -0.00057342   0.00000000    -0.00195004   0.00000000     0.00244372   0.00000000
 -0.00012364   0.00000000     0.00670625   0.00000000     0.00195004   0.00000000
  0.00038160   0.00000000     0.00012364   0.00000000    -0.00057342   0.00000000
    5    9
 -0.00000614   0.00000000    -0.00170130   0.00000000     0.00196247  -0.00000000
 -0.00002562   0.00000000     0.00258231  -0.00000000     0.00170130  -0.00000000
 -0.00103283   0.00000000     0.00002562  -0.00000000    -0.00000614   0.00000000
    5   10
  0.00670625  -0.00000000    -0.00012364   0.00000000     0.00195004  -0.00000000
 -0.00195004   0.00000000    -0.00057342   0.00000000     0.00244372  -0.00000000
  0.00012364  -0.00000000     0.00038160  -0.00000000    -0.00057342   0.00000000
    5   11
  0.00258231  -0.00000000    -0.00002562   0.00000000     0.00170130  -0.00000000
 -0.00170130   0.00000000    -0.00000614   0.00000000     0.00196247  -0.00000000
  0.00002562  -0.00000000    -0.00103283   0.00000000    -0.00000614   0.00000000
    6    1
 -0.00698308  -0.00000000    -0.00263315  -0.00000000     0.00263315   0.00000000
 -0.00263315  -0.00000000    -0.00698308  -0.00000000     0.00263315   0.00000000
  0.00263315   0.00000000     0.00263315   0.00000000    -0.00698308  -0.00000000
    6    2
 -0.00010915  -0.00000000     0.00052210   0.00000000    -0.00052210  -0.00000000
  0.00052210   0.00000000    -0.00010915  -0.00000000    -0.00052210  -0.00000000
 -0.00052210  -0.00000000    -0.00052210  -0.00000000    -0.00010915  -0.00000000
    6    3
 -0.00229697  -0.00000000    -0.00358076  -0.00000000     0.00358076   0.00000000
 -0.00358076  -0.00000000    -0.00229697  -0.00000000     0.00358076   0.00000000
  0.00358076   0.00000000     0.00358076   0.00000000    -0.00229697  -0.00000000
    6    4
  0.00001560  -0.00000000    -0.00088505  -0.00000000     0.00018075   0.00000000
 -0.00088505  -0.00000000     0.00001560   0.00000000     0.00018075   0.00000000
 -0.00051876  -0.00000000    -0.00051876  -0.00000000    -0.00178920  -0.00000000
    6    5
  0.00139628   0.00000000     0.00217177   0.00000000     0.00085052   0.00000000
  0.00217177   0.00000000     0.00139628   0.00000000     0.00085052   0.00000000
 -0.00058601  -0.00000000    -0.00058601  -0.00000000    -0.00222868  -0.00000000
    6    6
  0.00803833   0.00000000     0.00243004   0.00000000    -0.00243004   0.00000000
  0.00243004   0.00000000     0.00803833   0.00000000    -0.00243004   0.00000000
 -0.00243004   0.00000000    -0.00243004   0.00000000     0.00803833   0.00000000
    6    7
 -0.00192263   0.00000000    -0.00027176   0.00000000     0.00027176  -0.00000000
 -0.00027176   0.00000000    -0.00192263   0.00000000     0.00027176  -0.00000000
  0.00027176  -0.00000000     0.00027176  -0.00000000    -0.00192263   0.00000000
    6    8
 -0.00178920  -0.00000000     0.00051876   0.00000000    -0.00051876  -0.00000000
 -0.00018075  -0.00000000     0.00001560   0.00000000     0.00088505   0.00000000
  0.00018075   0.00000000     0.00088505   0.00000000     0.00001560  -0.00000000
    6    9
 -0.00222868   0.00000000     0.00058601  -0.00000000    -0.00058601   0.00000000
 -0.00085052   0.00000000     0.00139628  -0.00000000    -0.00217177   0.00000000
  0.00085052  -0.00000000    -0.00217177   0.00000000     0.00139628  -0.00000000
    6   10
  0.00001560  -0.00000000    -0.00018075  -0.00000000     0.00088505   0.00000000
  0.00051876   0.00000000    -0.00178920   0.00000000    -0.00051876  -0.00000000
  0.00088505   0.00000000     0.00018075  -0.00000000     0.00001560   0.00000000
    6   11
  0.00139628   0.00000000    -0.00085052  -0.00000000    -0.00217177  -0.00000000
  0.00058601   0.00000000    -0.00222868  -0.00000000    -0.00058601  -0.00000000
 -0.00217177  -0.00000000     0.00085052   0.00000000     0.00139628   0.00000000
    7    1
 -0.00698308  -0.00000000    -0.00263315  -0.00000000     0.00263315   0.00000000
 -0.00263315  -0.00000000    -0.00698308  -0.00000000     0.00263315   0.00000000
  0.00263315   0.00000000     0.00263315   0.00000000    -0.00698308  -0.00000000
    7    2
 -0.00229697  -0.00000000    -0.00358076  -0.00000000     0.00358076   0.00000000
 -0.00358076  -0.00000000    -0.00229697  -0.00000000     0.00358076   0.00000000
  0.00358076   0.00000000     0.00358076   0.00000000    -0.00229697  -0.00000000
    7    3
 -0.00010915  -0.00000000     0.00052210   0.00000000    -0.00052210  -0.00000000
  0.00052210   0.00000000    -0.00010915  -0.00000000    -0.00052210  -0.00000000
 -0.00052210  -0.00000000    -0.00052210  -0.00000000    -0.00010915  -0.00000000
    7    4
  0.00139628  -0.00000000     0.00217177  -0.00000000     0.00085052  -0.00000000
  0.00217177  -0.00000000     0.00139628  -0.00000000     0.00085052  -0.00000000
 -0.00058601   0.00000000    -0.00058601   0.00000000    -0.00222868   0.00000000
    7    5
  0.00001560   0.00000000    -0.00088505  -0.00000000     0.00018075   0.00000000
 -0.00088505  -0.00000000     0.00001560   0.00000000     0.00018075   0.00000000
 -0.00051876  -0.00000000    -0.00051876  -0.00000000    -0.00178920  -0.00000000
    7    6
 -0.00192263  -0.00000000    -0.00027176  -0.00000000     0.00027176   0.00000000
 -0.00027176  -0.00000000    -0.00192263  -0.00000000     0.00027176   0.00000000
  0.00027176   0.00000000     0.00027176   0.00000000    -0.00192263  -0.00000000
    7    7
  0.00803833   0.00000000     0.00243004   0.00000000    -0.00243004   0.00000000
  0.00243004   0.00000000     0.00803833   0.00000000    -0.00243004   0.00000000
 -0.00243004   0.00000000    -0.00243004   0.00000000     0.00803833   0.00000000
    7    8
 -0.00222868   0.00000000     0.00058601  -0.00000000    -0.00058601  -0.00000000
 -0.00085052   0.00000000     0.00139628   0.00000000    -0.00217177  -0.00000000
  0.00085052   0.00000000    -0.00217177   0.00000000     0.00139628   0.00000000
    7    9
 -0.00178920   0.00000000     0.00051876  -0.00000000    -0.00051876   0.00000000
 -0.00018075   0.00000000     0.00001560  -0.00000000     0.00088505  -0.00000000
  0.00018075  -0.00000000     0.00088505  -0.00000000     0.00001560  -0.00000000
    7   10
  0.00139628  -0.00000000    -0.00085052   0.00000000    -0.00217177   0.00000000
  0.00058601  -0.00000000    -0.00222868   0.00000000    -0.00058601   0.00000000
 -0.00217177   0.00000000     0.00085052  -0.00000000     0.00139628  -0.00000000
    7   11
  0.00001560   0.00000000    -0.00018075  -0.00000000     0.00088505   0.00000000
  0.00051876   0.00000000    -0.00178920  -0.00000000    -0.00051876  -0.00000000
  0.00088505   0.00000000     0.00018075   0.00000000     0.00001560   0.00000000
    8    1
  0.00386961   0.00000000     0.00097174   0.00000000    -0.00097174  -0.00000000
 -0.00014551  -0.00000000    -0.00687901  -0.00000000    -0.00131720  -0.00000000
  0.00014551   0.00000000    -0.00131720  -0.00000000    -0.00687901  -0.00000000
    8    2
  0.00030449   0.00000000    -0.00144071  -0.00000000     0.00144071   0.00000000
 -0.00343453  -0.00000000    -0.00151078  -0.00000000    -0.00119817  -0.00000000
  0.00343453   0.00000000    -0.00119817  -0.00000000    -0.00151078  -0.00000000
    8    3
  0.00058103   0.00000000     0.00323835   0.00000000    -0.00323835  -0.00000000
  0.00517533   0.00000000    -0.00348654  -0.00000000     0.00252569   0.00000000
 -0.00517533  -0.00000000     0.00252569   0.00000000    -0.00348654  -0.00000000
    8    4
 -0.00000614  -0.00000000    -0.00002562  -0.00000000    -0.00103283  -0.00000000
 -0.00170130  -0.00000000     0.00258231   0.00000000     0.00002562   0.00000000
  0.00196247   0.00000000     0.00170130   0.00000000    -0.00000614  -0.00000000
    8    5
 -0.00057342   0.00000000    -0.00012364   0.00000000     0.00038160   0.00000000
 -0.00195004   0.00000000     0.00670625   0.00000000     0.00012364   0.00000000
  0.00244372   0.00000000     0.00195004   0.00000000    -0.00057342   0.00000000
    8    6
 -0.00178920   0.00000000    -0.00018075   0.00000000     0.00018075  -0.00000000
  0.00051876  -0.00000000     0.00001560  -0.00000000     0.00088505  -0.00000000
 -0.00051876   0.00000000     0.00088505  -0.00000000     0.00001560   0.00000000
    8    7
 -0.00222868  -0.00000000    -0.00085052  -0.00000000     0.00085052  -0.00000000
  0.00058601   0.00000000     0.00139628  -0.00000000    -0.00217177  -0.00000000
 -0.00058601   0.00000000    -0.00217177   0.00000000     0.00139628  -0.00000000
    8    8
  0.00439672   0.00000000    -0.00036621   0.00000000     0.00036621   0.00000000
 -0.00036621   0.00000000     0.01128411   0.00000000    -0.00135524   0.00000000
  0.00036621   0.00000000    -0.00135524   0.00000000     0.01128411   0.00000000
    8    9
  0.00073255  -0.00000000     0.00068645  -0.00000000    -0.00068645   0.00000000
  0.00068645  -0.00000000     0.00066700  -0.00000000     0.00306545  -0.00000000
 -0.00068645   0.00000000     0.00306545  -0.00000000     0.00066700  -0.00000000
    8   10
 -0.00000614   0.00000000     0.00103283  -0.00000000     0.00002562  -0.00000000
 -0.00196247   0.00000000    -0.00000614  -0.00000000     0.00170130  -0.00000000
  0.00170130  -0.00000000     0.00002562  -0.00000000     0.00258231  -0.00000000
    8   11
 -0.00057342  -0.00000000    -0.00038160  -0.00000000     0.00012364   0.00000000
 -0.00244372  -0.00000000    -0.00057342  -0.00000000     0.00195004   0.00000000
  0.00195004   0.00000000     0.00012364   0.00000000     0.00670625   0.00000000
    9    1
  0.00386961   0.00000000     0.00097174   0.00000000    -0.00097174  -0.00000000
 -0.00014551  -0.00000000    -0.00687901  -0.00000000    -0.00131720  -0.00000000
  0.00014551   0.00000000    -0.00131720  -0.00000000    -0.00687901  -0.00000000
    9    2
  0.00058103   0.00000000     0.00323835   0.00000000    -0.00323835  -0.00000000
  0.00517533   0.00000000    -0.00348654  -0.00000000     0.00252569   0.00000000
 -0.00517533  -0.00000000     0.00252569   0.00000000    -0.00348654  -0.00000000
    9    3
  0.00030449   0.00000000    -0.00144071  -0.00000000     0.00144071   0.00000000
 -0.00343453  -0.00000000    -0.00151078  -0.00000000    -0.00119817  -0.00000000
  0.00343453   0.00000000    -0.00119817  -0.00000000    -0.00151078  -0.00000000
    9    4
 -0.00057342  -0.00000000    -0.00012364  -0.00000000     0.00038160   0.00000000
 -0.00195004  -0.00000000     0.00670625   0.00000000     0.00012364   0.00000000
  0.00244372   0.00000000     0.00195004   0.00000000    -0.00057342  -0.00000000
    9    5
 -0.00000614  -0.00000000    -0.00002562  -0.00000000    -0.00103283  -0.00000000
 -0.00170130  -0.00000000     0.00258231   0.00000000     0.00002562   0.00000000
  0.00196247   0.00000000     0.00170130   0.00000000    -0.00000614  -0.00000000
    9    6
 -0.00222868  -0.00000000    -0.00085052  -0.00000000     0.00085052   0.00000000
  0.00058601   0.00000000     0.00139628   0.00000000    -0.00217177  -0.00000000
 -0.00058601  -0.00000000    -0.00217177  -0.00000000     0.00139628   0.00000000
    9    7
 -0.00178920  -0.00000000    -0.00018075  -0.00000000     0.00018075   0.00000000
  0.00051876   0.00000000     0.00001560   0.00000000     0.00088505   0.00000000
 -0.00051876  -0.00000000     0.00088505   0.00000000     0.00001560   0.00000000
    9    8
  0.00073255   0.00000000     0.00068645   0.00000000    -0.00068645  -0.00000000
  0.00068645   0.00000000     0.00066700   0.00000000     0.00306545   0.00000000
 -0.00068645  -0.00000000     0.00306545   0.00000000     0.00066700   0.00000000
    9    9
  0.00439672   0.00000000    -0.00036621   0.00000000     0.00036621   0.00000000
 -0.00036621   0.00000000     0.01128411   0.00000000    -0.00135524   0.00000000
  0.00036621   0.00000000    -0.00135524   0.00000000     0.01128411   0.00000000
    9   10
 -0.00057342  -0.00000000    -0.00038160  -0.00000000     0.00012364   0.00000000
 -0.00244372  -0.00000000    -0.00057342  -0.00000000     0.00195004   0.00000000
  0.00195004   0.00000000     0.00012364   0.00000000     0.00670625   0.00000000
    9   11
 -0.00000614  -0.00000000     0.00103283   0.00000000     0.00002562   0.00000000
 -0.00196247  -0.00000000    -0.00000614  -0.00000000     0.00170130   0.00000000
  0.00170130   0.00000000     0.00002562   0.00000000     0.00258231   0.00000000
   10    1
 -0.00687901  -0.00000000    -0.00014551  -0.00000000    -0.00131720  -0.00000000
  0.00097174   0.00000000     0.00386961   0.00000000    -0.00097174  -0.00000000
 -0.00131720  -0.00000000     0.00014551   0.00000000    -0.00687901  -0.00000000
   10    2
 -0.00151078  -0.00000000    -0.00343453  -0.00000000    -0.00119817  -0.00000000
 -0.00144071  -0.00000000     0.00030449   0.00000000     0.00144071   0.00000000
 -0.00119817  -0.00000000     0.00343453   0.00000000    -0.00151078  -0.00000000
   10    3
 -0.00348654  -0.00000000     0.00517533   0.00000000     0.00252569   0.00000000
  0.00323835   0.00000000     0.00058103   0.00000000    -0.00323835  -0.00000000
  0.00252569   0.00000000    -0.00517533  -0.00000000    -0.00348654  -0.00000000
   10    4
  0.00258231   0.00000000    -0.00170130  -0.00000000     0.00002562   0.00000000
 -0.00002562  -0.00000000    -0.00000614  -0.00000000    -0.00103283  -0.00000000
  0.00170130   0.00000000     0.00196247   0.00000000    -0.00000614  -0.00000000
   10    5
  0.00670625   0.00000000    -0.00195004  -0.00000000     0.00012364   0.00000000
 -0.00012364  -0.00000000    -0.00057342  -0.00000000     0.00038160   0.00000000
  0.00195004   0.00000000     0.00244372   0.00000000    -0.00057342  -0.00000000
   10    6
  0.00001560   0.00000000     0.00051876  -0.00000000     0.00088505  -0.00000000
 -0.00018075   0.00000000    -0.00178920  -0.00000000     0.00018075   0.00000000
  0.00088505  -0.00000000    -0.00051876   0.00000000     0.00001560  -0.00000000
   10    7
  0.00139628   0.00000000     0.00058601   0.00000000    -0.00217177  -0.00000000
 -0.00085052  -0.00000000    -0.00222868  -0.00000000     0.00085052   0.00000000
 -0.00217177  -0.00000000    -0.00058601  -0.00000000     0.00139628   0.00000000
   10    8
 -0.00000614  -0.00000000    -0.00196247  -0.00000000     0.00170130   0.00000000
  0.00103283   0.00000000    -0.00000614   0.00000000     0.00002562   0.00000000
  0.00002562   0.00000000     0.00170130   0.00000000     0.00258231   0.00000000
   10    9
 -0.00057342   0.00000000    -0.00244372   0.00000000     0.00195004  -0.00000000
 -0.00038160   0.00000000    -0.00057342   0.00000000     0.00012364  -0.00000000
  0.00012364  -0.00000000     0.00195004  -0.00000000     0.00670625  -0.00000000
   10   10
  0.01128411   0.00000000    -0.00036621   0.00000000    -0.00135524   0.00000000
 -0.00036621   0.00000000     0.00439672   0.00000000     0.00036621   0.00000000
 -0.00135524   0.00000000     0.00036621   0.00000000     0.01128411   0.00000000
   10   11
  0.00066700   0.00000000     0.00068645   0.00000000     0.00306545   0.00000000
  0.00068645   0.00000000     0.00073255   0.00000000    -0.00068645  -0.00000000
  0.00306545   0.00000000    -0.00068645  -0.00000000     0.00066700   0.00000000
   11    1
 -0.00687901  -0.00000000    -0.00014551  -0.00000000    -0.00131720  -0.00000000
  0.00097174   0.00000000     0.00386961   0.00000000    -0.00097174  -0.00000000
 -0.00131720  -0.00000000     0.00014551   0.00000000    -0.00687901  -0.00000000
   11    2
 -0.00348654  -0.00000000     0.00517533   0.00000000     0.00252569   0.00000000
  0.00323835   0.00000000     0.00058103   0.00000000    -0.00323835  -0.00000000
  0.00252569   0.00000000    -0.00517533  -0.00000000    -0.00348654  -0.00000000
   11    3
 -0.00151078  -0.00000000    -0.00343453  -0.00000000    -0.00119817  -0.00000000
 -0.00144071  -0.00000000     0.00030449   0.00000000     0.00144071   0.00000000
 -0.00119817  -0.00000000     0.00343453   0.00000000    -0.00151078  -0.00000000
   11    4
  0.00670625   0.00000000    -0.00195004  -0.00000000     0.00012364   0.00000000
 -0.00012364  -0.00000000    -0.00057342  -0.00000000     0.00038160   0.00000000
  0.00195004   0.00000000     0.00244372   0.00000000    -0.00057342  -0.00000000
   11    5
  0.00258231   0.00000000    -0.00170130  -0.00000000     0.00002562   0.00000000
 -0.00002562  -0.00000000    -0.00000614  -0.00000000    -0.00103283  -0.00000000
  0.00170130   0.00000000     0.00196247   0.00000000    -0.00000614  -0.00000000
   11    6
  0.00139628  -0.00000000     0.00058601  -0.00000000    -0.00217177   0.00000000
 -0.00085052   0.00000000    -0.00222868   0.00000000     0.00085052  -0.00000000
 -0.00217177   0.00000000    -0.00058601   0.00000000     0.00139628  -0.00000000
   11    7
  0.00001560  -0.00000000     0.00051876  -0.00000000     0.00088505  -0.00000000
 -0.00018075   0.00000000    -0.00178920   0.00000000     0.00018075  -0.00000000
  0.00088505  -0.00000000    -0.00051876   0.00000000     0.00001560  -0.00000000
   11    8
 -0.00057342   0.00000000    -0.00244372   0.00000000     0.00195004  -0.00000000
 -0.00038160   0.00000000    -0.00057342   0.00000000     0.00012364  -0.00000000
  0.00012364  -0.00000000     0.00195004  -0.00000000     0.00670625  -0.00000000
   11    9
 -0.00000614   0.00000000    -0.00196247   0.00000000     0.00170130  -0.00000000
  0.00103283  -0.00000000    -0.00000614   0.00000000     0.00002562  -0.00000000
  0.00002562  -0.00000000     0.00170130  -0.00000000     0.00258231  -0.00000000
   11   10
  0.00066700  -0.00000000     0.00068645  -0.00000000     0.00306545  -0.00000000
  0.00068645  -0.00000000     0.00073255  -0.00000000    -0.00068645   0.00000000
  0.00306545  -0.00000000    -0.00068645   0.00000000     0.00066700  -0.00000000
   11   11
  0.01128411   0.00000000    -0.00036621   0.00000000    -0.00135524   0.00000000
 -0.00036621   0.00000000     0.00439672   0.00000000     0.00036621   0.00000000
 -0.00135524   0.00000000     0.00036621   0.00000000     0.01128411   0.00000000

     Dynamical  Matrix in cartesian axes

     q = (   -0.353553391   0.353553391   0.353553391 ) 

    1    1
  0.03028924   0.00000000    -0.00476649   0.00000000    -0.00476649   0.00000000
 -0.00476649   0.00000000     0.03028924   0.00000000     0.00476649   0.00000000
 -0.00476649   0.00000000     0.00476649   0.00000000     0.03028924   0.00000000
    1    2
  0.00377060   0.00000000    -0.00378509   0.00000000    -0.00378509   0.00000000
 -0.00378509   0.00000000     0.00377060   0.00000000     0.00378509   0.00000000
 -0.00378509   0.00000000     0.00378509   0.00000000     0.00377060   0.00000000
    1    3
  0.00377060   0.00000000    -0.00378509   0.00000000    -0.00378509   0.00000000
 -0.00378509   0.00000000     0.00377060   0.00000000     0.00378509   0.00000000
 -0.00378509   0.00000000     0.00378509   0.00000000     0.00377060   0.00000000
    1    4
  0.00386961   0.00000000     0.00014551   0.00000000     0.00014551   0.00000000
 -0.00097174  -0.00000000    -0.00687901  -0.00000000     0.00131720   0.00000000
 -0.00097174  -0.00000000     0.00131720   0.00000000    -0.00687901  -0.00000000
    1    5
  0.00386961   0.00000000     0.00014551   0.00000000     0.00014551   0.00000000
 -0.00097174  -0.00000000    -0.00687901  -0.00000000     0.00131720   0.00000000
 -0.00097174  -0.00000000     0.00131720   0.00000000    -0.00687901  -0.00000000
    1    6
 -0.00687901  -0.00000000    -0.00097174  -0.00000000    -0.00131720  -0.00000000
  0.00014551   0.00000000     0.00386961   0.00000000    -0.00014551  -0.00000000
 -0.00131720  -0.00000000     0.00097174   0.00000000    -0.00687901  -0.00000000
    1    7
 -0.00687901  -0.00000000    -0.00097174  -0.00000000    -0.00131720  -0.00000000
  0.00014551   0.00000000     0.00386961   0.00000000    -0.00014551  -0.00000000
 -0.00131720  -0.00000000     0.00097174   0.00000000    -0.00687901  -0.00000000
    1    8
 -0.00687901  -0.00000000    -0.00131720  -0.00000000    -0.00097174  -0.00000000
 -0.00131720  -0.00000000    -0.00687901  -0.00000000     0.00097174   0.00000000
  0.00014551   0.00000000    -0.00014551  -0.00000000     0.00386961   0.00000000
    1    9
 -0.00687901  -0.00000000    -0.00131720  -0.00000000    -0.00097174  -0.00000000
 -0.00131720  -0.00000000    -0.00687901  -0.00000000     0.00097174   0.00000000
  0.00014551   0.00000000    -0.00014551  -0.00000000     0.00386961   0.00000000
    1   10
 -0.00698308  -0.00000000     0.00263315   0.00000000     0.00263315   0.00000000
  0.00263315   0.00000000    -0.00698308  -0.00000000    -0.00263315  -0.00000000
  0.00263315   0.00000000    -0.00263315  -0.00000000    -0.00698308  -0.00000000
    1   11
 -0.00698308  -0.00000000     0.00263315   0.00000000     0.00263315   0.00000000
  0.00263315   0.00000000    -0.00698308  -0.00000000    -0.00263315  -0.00000000
  0.00263315   0.00000000    -0.00263315  -0.00000000    -0.00698308  -0.00000000
    2    1
  0.00377060   0.00000000    -0.00378509   0.00000000    -0.00378509   0.00000000
 -0.00378509   0.00000000     0.00377060   0.00000000     0.00378509   0.00000000
 -0.00378509   0.00000000     0.00378509   0.00000000     0.00377060   0.00000000
    2    2
  0.01590488   0.00000000    -0.00223449   0.00000000    -0.00223449   0.00000000
 -0.00223449   0.00000000     0.01590488   0.00000000     0.00223449   0.00000000
 -0.00223449   0.00000000     0.00223449   0.00000000     0.01590488   0.00000000
    2    3
 -0.00691478   0.00000000     0.00044642   0.00000000     0.00044642   0.00000000
  0.00044642   0.00000000    -0.00691478   0.00000000    -0.00044642   0.00000000
  0.00044642   0.00000000    -0.00044642   0.00000000    -0.00691478   0.00000000
    2    4
  0.00030449   0.00000000     0.00343453   0.00000000     0.00343453   0.00000000
  0.00144071   0.00000000    -0.00151078  -0.00000000     0.00119817   0.00000000
  0.00144071   0.00000000     0.00119817   0.00000000    -0.00151078  -0.00000000
    2    5
  0.00058103   0.00000000    -0.00517533  -0.00000000    -0.00517533  -0.00000000
 -0.00323835  -0.00000000    -0.00348654  -0.00000000    -0.00252569  -0.00000000
 -0.00323835  -0.00000000    -0.00252569  -0.00000000    -0.00348654  -0.00000000
    2    6
 -0.00151078  -0.00000000     0.00144071   0.00000000    -0.00119817  -0.00000000
  0.00343453   0.00000000     0.00030449   0.00000000    -0.00343453  -0.00000000
 -0.00119817  -0.00000000    -0.00144071  -0.00000000    -0.00151078  -0.00000000
    2    7
 -0.00348654  -0.00000000    -0.00323835  -0.00000000     0.00252569   0.00000000
 -0.00517533  -0.00000000     0.00058103   0.00000000     0.00517533   0.00000000
  0.00252569   0.00000000     0.00323835   0.00000000    -0.00348654  -0.00000000
    2    8
 -0.00151078  -0.00000000    -0.00119817  -0.00000000     0.00144071   0.00000000
 -0.00119817  -0.00000000    -0.00151078  -0.00000000    -0.00144071  -0.00000000
  0.00343453   0.00000000    -0.00343453  -0.00000000     0.00030449   0.00000000
    2    9
 -0.00348654  -0.00000000     0.00252569   0.00000000    -0.00323835  -0.00000000
  0.00252569   0.00000000    -0.00348654  -0.00000000     0.00323835   0.00000000
 -0.00517533  -0.00000000     0.00517533   0.00000000     0.00058103   0.00000000
    2   10
 -0.00010915  -0.00000000    -0.00052210  -0.00000000    -0.00052210  -0.00000000
 -0.00052210  -0.00000000    -0.00010915  -0.00000000     0.00052210   0.00000000
 -0.00052210  -0.00000000     0.00052210   0.00000000    -0.00010915  -0.00000000
    2   11
 -0.00229697  -0.00000000     0.00358076   0.00000000     0.00358076   0.00000000
  0.00358076   0.00000000    -0.00229697  -0.00000000    -0.00358076  -0.00000000
  0.00358076   0.00000000    -0.00358076  -0.00000000    -0.00229697  -0.00000000
    3    1
  0.00377060   0.00000000    -0.00378509   0.00000000    -0.00378509   0.00000000
 -0.00378509   0.00000000     0.00377060   0.00000000     0.00378509   0.00000000
 -0.00378509   0.00000000     0.00378509   0.00000000     0.00377060   0.00000000
    3    2
 -0.00691478   0.00000000     0.00044642   0.00000000     0.00044642   0.00000000
  0.00044642   0.00000000    -0.00691478   0.00000000    -0.00044642   0.00000000
  0.00044642   0.00000000    -0.00044642   0.00000000    -0.00691478   0.00000000
    3    3
  0.01590488   0.00000000    -0.00223449   0.00000000    -0.00223449   0.00000000
 -0.00223449   0.00000000     0.01590488   0.00000000     0.00223449   0.00000000
 -0.00223449   0.00000000     0.00223449   0.00000000     0.01590488   0.00000000
    3    4
  0.00058103   0.00000000    -0.00517533  -0.00000000    -0.00517533  -0.00000000
 -0.00323835  -0.00000000    -0.00348654  -0.00000000    -0.00252569  -0.00000000
 -0.00323835  -0.00000000    -0.00252569  -0.00000000    -0.00348654  -0.00000000
    3    5
  0.00030449   0.00000000     0.00343453   0.00000000     0.00343453   0.00000000
  0.00144071   0.00000000    -0.00151078  -0.00000000     0.00119817   0.00000000
  0.00144071   0.00000000     0.00119817   0.00000000    -0.00151078  -0.00000000
    3    6
 -0.00348654  -0.00000000    -0.00323835  -0.00000000     0.00252569   0.00000000
 -0.00517533  -0.00000000     0.00058103   0.00000000     0.00517533   0.00000000
  0.00252569   0.00000000     0.00323835   0.00000000    -0.00348654  -0.00000000
    3    7
 -0.00151078  -0.00000000     0.00144071   0.00000000    -0.00119817  -0.00000000
  0.00343453   0.00000000     0.00030449   0.00000000    -0.00343453  -0.00000000
 -0.00119817  -0.00000000    -0.00144071  -0.00000000    -0.00151078  -0.00000000
    3    8
 -0.00348654  -0.00000000     0.00252569   0.00000000    -0.00323835  -0.00000000
  0.00252569   0.00000000    -0.00348654  -0.00000000     0.00323835   0.00000000
 -0.00517533  -0.00000000     0.00517533   0.00000000     0.00058103   0.00000000
    3    9
 -0.00151078  -0.00000000    -0.00119817  -0.00000000     0.00144071   0.00000000
 -0.00119817  -0.00000000    -0.00151078  -0.00000000    -0.00144071  -0.00000000
  0.00343453   0.00000000    -0.00343453  -0.00000000     0.00030449   0.00000000
    3   10
 -0.00229697  -0.00000000     0.00358076   0.00000000     0.00358076   0.00000000
  0.00358076   0.00000000    -0.00229697  -0.00000000    -0.00358076  -0.00000000
  0.00358076   0.00000000    -0.00358076  -0.00000000    -0.00229697  -0.00000000
    3   11
 -0.00010915  -0.00000000    -0.00052210  -0.00000000    -0.00052210  -0.00000000
 -0.00052210  -0.00000000    -0.00010915  -0.00000000     0.00052210   0.00000000
 -0.00052210  -0.00000000     0.00052210   0.00000000    -0.00010915  -0.00000000
    4    1
  0.00386961  -0.00000000    -0.00097174   0.00000000    -0.00097174   0.00000000
