  4.500000000000000E-002   1.62466440089185        5.30948034695369     
           8

     Dynamical  Matrix in cartesian axes

     q = (    0.117851130   0.117851130  -0.117851130 ) 

    1    1
  0.21946937   0.00000000     0.04364445   0.00000000    -0.04364445   0.00000000
  0.04364445   0.00000000     0.21946937   0.00000000    -0.04364445   0.00000000
 -0.04364445   0.00000000    -0.04364445   0.00000000     0.21946937   0.00000000
    1    2
  0.00193547  -0.00819185     0.01527036  -0.01135078    -0.01527036   0.01135078
  0.01527036  -0.01135078     0.00193547  -0.00819185    -0.01527036   0.01135078
 -0.01527036   0.01135078    -0.01527036   0.01135078     0.00193547  -0.00819185
    1    3
  0.00193547   0.00819185     0.01527036   0.01135078    -0.01527036  -0.01135078
  0.01527036   0.01135078     0.00193547   0.00819185    -0.01527036  -0.01135078
 -0.01527036  -0.01135078    -0.01527036  -0.01135078     0.00193547   0.00819185
    1    4
 -0.02335057  -0.01270290     0.00944807  -0.00435672     0.01265874  -0.00476569
  0.00944807  -0.00435672    -0.02335057  -0.01270290     0.01265874  -0.00476569
  0.01407033  -0.00248307     0.01407033  -0.00248307    -0.01195862   0.02722044
    1    5
 -0.02335057   0.01270290     0.00944807   0.00435672     0.01265874   0.00476569
  0.00944807   0.00435672    -0.02335057   0.01270290     0.01265874   0.00476569
  0.01407033   0.00248307     0.01407033   0.00248307    -0.01195862  -0.02722044
    1    6
 -0.02435431   0.01196645     0.00203064  -0.00767988    -0.00203064   0.00767988
  0.00203064  -0.00767988    -0.02435431   0.01196645    -0.00203064   0.00767988
 -0.00203064   0.00767988    -0.00203064   0.00767988    -0.02435431   0.01196645
    1    7
 -0.02435431  -0.01196645     0.00203064   0.00767988    -0.00203064  -0.00767988
  0.00203064   0.00767988    -0.02435431  -0.01196645    -0.00203064  -0.00767988
 -0.00203064  -0.00767988    -0.00203064  -0.00767988    -0.02435431  -0.01196645
    1    8
 -0.01195862   0.02722044    -0.01407033   0.00248307     0.01407033  -0.00248307
 -0.01265874   0.00476569    -0.02335057  -0.01270290    -0.00944807   0.00435672
  0.01265874  -0.00476569    -0.00944807   0.00435672    -0.02335057  -0.01270290
    1    9
 -0.01195862  -0.02722044    -0.01407033  -0.00248307     0.01407033   0.00248307
 -0.01265874  -0.00476569    -0.02335057   0.01270290    -0.00944807  -0.00435672
  0.01265874   0.00476569    -0.00944807  -0.00435672    -0.02335057   0.01270290
    1   10
 -0.02335057  -0.01270290    -0.01265874   0.00476569    -0.00944807   0.00435672
 -0.01407033   0.00248307    -0.01195862   0.02722044     0.01407033  -0.00248307
 -0.00944807   0.00435672     0.01265874  -0.00476569    -0.02335057  -0.01270290
    1   11
 -0.02335057   0.01270290    -0.01265874  -0.00476569    -0.00944807  -0.00435672
 -0.01407033  -0.00248307    -0.01195862  -0.02722044     0.01407033   0.00248307
 -0.00944807  -0.00435672     0.01265874   0.00476569    -0.02335057   0.01270290
    2    1
  0.00193547   0.00819185     0.01527036   0.01135078    -0.01527036  -0.01135078
  0.01527036   0.01135078     0.00193547   0.00819185    -0.01527036  -0.01135078
 -0.01527036  -0.01135078    -0.01527036  -0.01135078     0.00193547   0.00819185
    2    2
  0.03788445  -0.00000000     0.01037437   0.00000000    -0.01037437  -0.00000000
  0.01037437   0.00000000     0.03788445  -0.00000000    -0.01037437  -0.00000000
 -0.01037437  -0.00000000    -0.01037437  -0.00000000     0.03788445  -0.00000000
    2    3
 -0.01364664   0.00734822    -0.00205637   0.00082633     0.00205637  -0.00082633
 -0.00205637   0.00082633    -0.01364664   0.00734822     0.00205637  -0.00082633
  0.00205637  -0.00082633     0.00205637  -0.00082633    -0.01364664   0.00734822
    2    4
 -0.00092025   0.00108605     0.00319564  -0.00054435     0.00343030   0.00276828
  0.00319564  -0.00054435    -0.00092025   0.00108605     0.00343030   0.00276828
 -0.00086978  -0.00260708    -0.00086978  -0.00260708     0.00046865  -0.00302352
    2    5
 -0.00239463   0.00269920    -0.00893524   0.00009431    -0.00643223   0.00399910
 -0.00893524   0.00009431    -0.00239463   0.00269920    -0.00643223   0.00399910
 -0.00525551  -0.00255784    -0.00525551  -0.00255784    -0.00376875  -0.00033750
    2    6
  0.00391016  -0.00058826     0.00506125  -0.00130924    -0.00506125   0.00130924
  0.00506125  -0.00130924     0.00391016  -0.00058826    -0.00506125   0.00130924
 -0.00506125   0.00130924    -0.00506125   0.00130924     0.00391016  -0.00058826
    2    7
 -0.01059353   0.00177545    -0.01443516   0.00216869     0.01443516  -0.00216869
 -0.01443516   0.00216869    -0.01059353   0.00177545     0.01443516  -0.00216869
  0.01443516  -0.00216869     0.01443516  -0.00216869    -0.01059353   0.00177545
    2    8
  0.00046865  -0.00302352     0.00086978   0.00260708    -0.00086978  -0.00260708
 -0.00343030  -0.00276828    -0.00092025   0.00108605    -0.00319564   0.00054435
  0.00343030   0.00276828    -0.00319564   0.00054435    -0.00092025   0.00108605
    2    9
 -0.00376875  -0.00033750     0.00525551   0.00255784    -0.00525551  -0.00255784
  0.00643223  -0.00399910    -0.00239463   0.00269920     0.00893524  -0.00009431
 -0.00643223   0.00399910     0.00893524  -0.00009431    -0.00239463   0.00269920
    2   10
 -0.00092025   0.00108605    -0.00343030  -0.00276828    -0.00319564   0.00054435
  0.00086978   0.00260708     0.00046865  -0.00302352    -0.00086978  -0.00260708
 -0.00319564   0.00054435     0.00343030   0.00276828    -0.00092025   0.00108605
    2   11
 -0.00239463   0.00269920     0.00643223  -0.00399910     0.00893524  -0.00009431
  0.00525551   0.00255784    -0.00376875  -0.00033750    -0.00525551  -0.00255784
  0.00893524  -0.00009431    -0.00643223   0.00399910    -0.00239463   0.00269920
    3    1
  0.00193547  -0.00819185     0.01527036  -0.01135078    -0.01527036   0.01135078
  0.01527036  -0.01135078     0.00193547  -0.00819185    -0.01527036   0.01135078
 -0.01527036   0.01135078    -0.01527036   0.01135078     0.00193547  -0.00819185
    3    2
 -0.01364664  -0.00734822    -0.00205637  -0.00082633     0.00205637   0.00082633
 -0.00205637  -0.00082633    -0.01364664  -0.00734822     0.00205637   0.00082633
  0.00205637   0.00082633     0.00205637   0.00082633    -0.01364664  -0.00734822
    3    3
  0.03788445   0.00000000     0.01037437  -0.00000000    -0.01037437   0.00000000
  0.01037437  -0.00000000     0.03788445   0.00000000    -0.01037437   0.00000000
 -0.01037437   0.00000000    -0.01037437   0.00000000     0.03788445   0.00000000
    3    4
 -0.00239463  -0.00269920    -0.00893524  -0.00009431    -0.00643223  -0.00399910
 -0.00893524  -0.00009431    -0.00239463  -0.00269920    -0.00643223  -0.00399910
 -0.00525551   0.00255784    -0.00525551   0.00255784    -0.00376875   0.00033750
    3    5
 -0.00092025  -0.00108605     0.00319564   0.00054435     0.00343030  -0.00276828
  0.00319564   0.00054435    -0.00092025  -0.00108605     0.00343030  -0.00276828
 -0.00086978   0.00260708    -0.00086978   0.00260708     0.00046865   0.00302352
    3    6
 -0.01059353  -0.00177545    -0.01443516  -0.00216869     0.01443516   0.00216869
 -0.01443516  -0.00216869    -0.01059353  -0.00177545     0.01443516   0.00216869
  0.01443516   0.00216869     0.01443516   0.00216869    -0.01059353  -0.00177545
    3    7
  0.00391016   0.00058826     0.00506125   0.00130924    -0.00506125  -0.00130924
  0.00506125   0.00130924     0.00391016   0.00058826    -0.00506125  -0.00130924
 -0.00506125  -0.00130924    -0.00506125  -0.00130924     0.00391016   0.00058826
    3    8
 -0.00376875   0.00033750     0.00525551  -0.00255784    -0.00525551   0.00255784
  0.00643223   0.00399910    -0.00239463  -0.00269920     0.00893524   0.00009431
 -0.00643223  -0.00399910     0.00893524   0.00009431    -0.00239463  -0.00269920
    3    9
  0.00046865   0.00302352     0.00086978  -0.00260708    -0.00086978   0.00260708
 -0.00343030   0.00276828    -0.00092025  -0.00108605    -0.00319564  -0.00054435
  0.00343030  -0.00276828    -0.00319564  -0.00054435    -0.00092025  -0.00108605
    3   10
 -0.00239463  -0.00269920     0.00643223   0.00399910     0.00893524   0.00009431
  0.00525551  -0.00255784    -0.00376875   0.00033750    -0.00525551   0.00255784
  0.00893524   0.00009431    -0.00643223  -0.00399910    -0.00239463  -0.00269920
    3   11
 -0.00092025  -0.00108605    -0.00343030   0.00276828    -0.00319564  -0.00054435
  0.00086978  -0.00260708     0.00046865   0.00302352    -0.00086978   0.00260708
 -0.00319564  -0.00054435     0.00343030  -0.00276828    -0.00092025  -0.00108605
    4    1
 -0.02335057   0.01270290     0.00944807   0.00435672     0.01407033   0.00248307
  0.00944807   0.00435672    -0.02335057   0.01270290     0.01407033   0.00248307
  0.01265874   0.00476569     0.01265874   0.00476569    -0.01195862  -0.02722044
    4    2
 -0.00092025  -0.00108605     0.00319564   0.00054435    -0.00086978   0.00260708
  0.00319564   0.00054435    -0.00092025  -0.00108605    -0.00086978   0.00260708
  0.00343030  -0.00276828     0.00343030  -0.00276828     0.00046865   0.00302352
    4    3
 -0.00239463   0.00269920    -0.00893524   0.00009431    -0.00525551  -0.00255784
 -0.00893524   0.00009431    -0.00239463   0.00269920    -0.00525551  -0.00255784
 -0.00643223   0.00399910    -0.00643223   0.00399910    -0.00376875  -0.00033750
    4    4
  0.03286326   0.00000000     0.00136907  -0.00000000    -0.00024687   0.00149334
  0.00136907  -0.00000000     0.03286326   0.00000000    -0.00024687   0.00149334
 -0.00024687  -0.00149334    -0.00024687  -0.00149334     0.02818606  -0.00000000
    4    5
 -0.00206059  -0.00572805    -0.00239588  -0.00157354    -0.00220611  -0.00249294
 -0.00239588  -0.00157354    -0.00206059  -0.00572805    -0.00220611  -0.00249294
 -0.00220611  -0.00249294    -0.00220611  -0.00249294    -0.00379938   0.00010080
    4    6
 -0.00255750  -0.00736874    -0.00270925  -0.00099128     0.00103967   0.00125912
 -0.00270925  -0.00099128    -0.00255750  -0.00736874     0.00103967   0.00125912
 -0.00127494  -0.00228416    -0.00127494  -0.00228416     0.00357071   0.00506758
    4    7
  0.00944037   0.00505758     0.00170367   0.00136097     0.00062544  -0.00181894
  0.00170367   0.00136097     0.00944037   0.00505758     0.00062544  -0.00181894
 -0.00110028   0.00302888    -0.00110028   0.00302888    -0.01319181  -0.00039820
    4    8
 -0.00604020  -0.00382037     0.00265312   0.00044467    -0.00360720   0.00000000
 -0.00268086   0.00144733     0.00707979   0.00000000    -0.00265312   0.00044467
 -0.00106379  -0.00000000     0.00268086   0.00144733    -0.00604020   0.00382037
    4    9
  0.00898945   0.00569475    -0.00252507   0.00240417     0.00278295  -0.00118941
 -0.00044665  -0.00098940    -0.00713870  -0.01445432     0.00252507  -0.00240417
 -0.00026993  -0.00115319     0.00044665   0.00098940     0.00898945   0.00569475
    4   10
  0.00707979   0.00000000    -0.00268086   0.00144733    -0.00265312   0.00044467
  0.00265312   0.00044467    -0.00604020  -0.00382037    -0.00360720   0.00000000
  0.00268086   0.00144733    -0.00106379   0.00000000    -0.00604020   0.00382037
    4   11
 -0.00713870  -0.01445432    -0.00044665  -0.00098940     0.00252507  -0.00240417
 -0.00252507   0.00240417     0.00898945   0.00569475     0.00278295  -0.00118941
  0.00044665   0.00098940    -0.00026993  -0.00115319     0.00898945   0.00569475
    5    1
 -0.02335057  -0.01270290     0.00944807  -0.00435672     0.01407033  -0.00248307
  0.00944807  -0.00435672    -0.02335057  -0.01270290     0.01407033  -0.00248307
  0.01265874  -0.00476569     0.01265874  -0.00476569    -0.01195862   0.02722044
    5    2
 -0.00239463  -0.00269920    -0.00893524  -0.00009431    -0.00525551   0.00255784
 -0.00893524  -0.00009431    -0.00239463  -0.00269920    -0.00525551   0.00255784
 -0.00643223  -0.00399910    -0.00643223  -0.00399910    -0.00376875   0.00033750
    5    3
 -0.00092025   0.00108605     0.00319564  -0.00054435    -0.00086978  -0.00260708
  0.00319564  -0.00054435    -0.00092025   0.00108605    -0.00086978  -0.00260708
  0.00343030   0.00276828     0.00343030   0.00276828     0.00046865  -0.00302352
    5    4
 -0.00206059   0.00572805    -0.00239588   0.00157354    -0.00220611   0.00249294
 -0.00239588   0.00157354    -0.00206059   0.00572805    -0.00220611   0.00249294
 -0.00220611   0.00249294    -0.00220611   0.00249294    -0.00379938  -0.00010080
    5    5
  0.03286326  -0.00000000     0.00136907   0.00000000    -0.00024687  -0.00149334
  0.00136907   0.00000000     0.03286326  -0.00000000    -0.00024687  -0.00149334
 -0.00024687   0.00149334    -0.00024687   0.00149334     0.02818606   0.00000000
    5    6
  0.00944037  -0.00505758     0.00170367  -0.00136097     0.00062544   0.00181894
  0.00170367  -0.00136097     0.00944037  -0.00505758     0.00062544   0.00181894
 -0.00110028  -0.00302888    -0.00110028  -0.00302888    -0.01319181   0.00039820
    5    7
 -0.00255750   0.00736874    -0.00270925   0.00099128     0.00103967  -0.00125912
 -0.00270925   0.00099128    -0.00255750   0.00736874     0.00103967  -0.00125912
 -0.00127494   0.00228416    -0.00127494   0.00228416     0.00357071  -0.00506758
    5    8
  0.00898945  -0.00569475    -0.00252507  -0.00240417     0.00278295   0.00118941
 -0.00044665   0.00098940    -0.00713870   0.01445432     0.00252507   0.00240417
 -0.00026993   0.00115319     0.00044665  -0.00098940     0.00898945  -0.00569475
    5    9
 -0.00604020   0.00382037     0.00265312  -0.00044467    -0.00360720  -0.00000000
 -0.00268086  -0.00144733     0.00707979  -0.00000000    -0.00265312  -0.00044467
 -0.00106379   0.00000000     0.00268086  -0.00144733    -0.00604020  -0.00382037
    5   10
 -0.00713870   0.01445432    -0.00044665   0.00098940     0.00252507   0.00240417
 -0.00252507  -0.00240417     0.00898945  -0.00569475     0.00278295   0.00118941
  0.00044665  -0.00098940    -0.00026993   0.00115319     0.00898945  -0.00569475
    5   11
  0.00707979   0.00000000    -0.00268086  -0.00144733    -0.00265312  -0.00044467
  0.00265312  -0.00044467    -0.00604020   0.00382037    -0.00360720   0.00000000
  0.00268086  -0.00144733    -0.00106379   0.00000000    -0.00604020  -0.00382037
    6    1
 -0.02435431  -0.01196645     0.00203064   0.00767988    -0.00203064  -0.00767988
  0.00203064   0.00767988    -0.02435431  -0.01196645    -0.00203064  -0.00767988
 -0.00203064  -0.00767988    -0.00203064  -0.00767988    -0.02435431  -0.01196645
    6    2
  0.00391016   0.00058826     0.00506125   0.00130924    -0.00506125  -0.00130924
  0.00506125   0.00130924     0.00391016   0.00058826    -0.00506125  -0.00130924
 -0.00506125  -0.00130924    -0.00506125  -0.00130924     0.00391016   0.00058826
    6    3
 -0.01059353   0.00177545    -0.01443516   0.00216869     0.01443516  -0.00216869
 -0.01443516   0.00216869    -0.01059353   0.00177545     0.01443516  -0.00216869
  0.01443516  -0.00216869     0.01443516  -0.00216869    -0.01059353   0.00177545
    6    4
 -0.00255750   0.00736874    -0.00270925   0.00099128    -0.00127494   0.00228416
 -0.00270925   0.00099128    -0.00255750   0.00736874    -0.00127494   0.00228416
  0.00103967  -0.00125912     0.00103967  -0.00125912     0.00357071  -0.00506758
    6    5
  0.00944037   0.00505758     0.00170367   0.00136097    -0.00110028   0.00302888
  0.00170367   0.00136097     0.00944037   0.00505758    -0.00110028   0.00302888
  0.00062544  -0.00181894     0.00062544  -0.00181894    -0.01319181  -0.00039820
    6    6
  0.03608542  -0.00000000     0.00537814   0.00000000    -0.00537814  -0.00000000
  0.00537814   0.00000000     0.03608542  -0.00000000    -0.00537814  -0.00000000
 -0.00537814  -0.00000000    -0.00537814  -0.00000000     0.03608542  -0.00000000
    6    7
 -0.01146006   0.00336673    -0.00600627   0.00138056     0.00600627  -0.00138056
 -0.00600627   0.00138056    -0.01146006   0.00336673     0.00600627  -0.00138056
  0.00600627  -0.00138056     0.00600627  -0.00138056    -0.01146006   0.00336673
    6    8
  0.00357071  -0.00506758    -0.00103967   0.00125912     0.00103967  -0.00125912
  0.00127494  -0.00228416    -0.00255750   0.00736874     0.00270925  -0.00099128
 -0.00127494   0.00228416     0.00270925  -0.00099128    -0.00255750   0.00736874
    6    9
 -0.01319181  -0.00039820    -0.00062544   0.00181894     0.00062544  -0.00181894
  0.00110028  -0.00302888     0.00944037   0.00505758    -0.00170367  -0.00136097
 -0.00110028   0.00302888    -0.00170367  -0.00136097     0.00944037   0.00505758
    6   10
 -0.00255750   0.00736874     0.00127494  -0.00228416     0.00270925  -0.00099128
 -0.00103967   0.00125912     0.00357071  -0.00506758     0.00103967  -0.00125912
  0.00270925  -0.00099128    -0.00127494   0.00228416    -0.00255750   0.00736874
    6   11
  0.00944037   0.00505758     0.00110028  -0.00302888    -0.00170367  -0.00136097
 -0.00062544   0.00181894    -0.01319181  -0.00039820     0.00062544  -0.00181894
 -0.00170367  -0.00136097    -0.00110028   0.00302888     0.00944037   0.00505758
    7    1
 -0.02435431   0.01196645     0.00203064  -0.00767988    -0.00203064   0.00767988
  0.00203064  -0.00767988    -0.02435431   0.01196645    -0.00203064   0.00767988
 -0.00203064   0.00767988    -0.00203064   0.00767988    -0.02435431   0.01196645
    7    2
 -0.01059353  -0.00177545    -0.01443516  -0.00216869     0.01443516   0.00216869
 -0.01443516  -0.00216869    -0.01059353  -0.00177545     0.01443516   0.00216869
  0.01443516   0.00216869     0.01443516   0.00216869    -0.01059353  -0.00177545
    7    3
  0.00391016  -0.00058826     0.00506125  -0.00130924    -0.00506125   0.00130924
  0.00506125  -0.00130924     0.00391016  -0.00058826    -0.00506125   0.00130924
 -0.00506125   0.00130924    -0.00506125   0.00130924     0.00391016  -0.00058826
    7    4
  0.00944037  -0.00505758     0.00170367  -0.00136097    -0.00110028  -0.00302888
  0.00170367  -0.00136097     0.00944037  -0.00505758    -0.00110028  -0.00302888
  0.00062544   0.00181894     0.00062544   0.00181894    -0.01319181   0.00039820
    7    5
 -0.00255750  -0.00736874    -0.00270925  -0.00099128    -0.00127494  -0.00228416
 -0.00270925  -0.00099128    -0.00255750  -0.00736874    -0.00127494  -0.00228416
  0.00103967   0.00125912     0.00103967   0.00125912     0.00357071   0.00506758
    7    6
 -0.01146006  -0.00336673    -0.00600627  -0.00138056     0.00600627   0.00138056
 -0.00600627  -0.00138056    -0.01146006  -0.00336673     0.00600627   0.00138056
  0.00600627   0.00138056     0.00600627   0.00138056    -0.01146006  -0.00336673
    7    7
  0.03608542   0.00000000     0.00537814  -0.00000000    -0.00537814   0.00000000
  0.00537814  -0.00000000     0.03608542   0.00000000    -0.00537814   0.00000000
 -0.00537814   0.00000000    -0.00537814   0.00000000     0.03608542   0.00000000
    7    8
 -0.01319181   0.00039820    -0.00062544  -0.00181894     0.00062544   0.00181894
  0.00110028   0.00302888     0.00944037  -0.00505758    -0.00170367   0.00136097
 -0.00110028  -0.00302888    -0.00170367   0.00136097     0.00944037  -0.00505758
    7    9
  0.00357071   0.00506758    -0.00103967  -0.00125912     0.00103967   0.00125912
  0.00127494   0.00228416    -0.00255750  -0.00736874     0.00270925   0.00099128
 -0.00127494  -0.00228416     0.00270925   0.00099128    -0.00255750  -0.00736874
    7   10
  0.00944037  -0.00505758     0.00110028   0.00302888    -0.00170367   0.00136097
 -0.00062544  -0.00181894    -0.01319181   0.00039820     0.00062544   0.00181894
 -0.00170367   0.00136097    -0.00110028  -0.00302888     0.00944037  -0.00505758
    7   11
 -0.00255750  -0.00736874     0.00127494   0.00228416     0.00270925   0.00099128
 -0.00103967  -0.00125912     0.00357071   0.00506758     0.00103967   0.00125912
  0.00270925   0.00099128    -0.00127494  -0.00228416    -0.00255750  -0.00736874
    8    1
 -0.01195862  -0.02722044    -0.01265874  -0.00476569     0.01265874   0.00476569
 -0.01407033  -0.00248307    -0.02335057   0.01270290    -0.00944807  -0.00435672
  0.01407033   0.00248307    -0.00944807  -0.00435672    -0.02335057   0.01270290
    8    2
  0.00046865   0.00302352    -0.00343030   0.00276828     0.00343030  -0.00276828
  0.00086978  -0.00260708    -0.00092025  -0.00108605    -0.00319564  -0.00054435
 -0.00086978   0.00260708    -0.00319564  -0.00054435    -0.00092025  -0.00108605
    8    3
 -0.00376875  -0.00033750     0.00643223  -0.00399910    -0.00643223   0.00399910
  0.00525551   0.00255784    -0.00239463   0.00269920     0.00893524  -0.00009431
 -0.00525551  -0.00255784     0.00893524  -0.00009431    -0.00239463   0.00269920
    8    4
 -0.00604020   0.00382037    -0.00268086  -0.00144733    -0.00106379   0.00000000
  0.00265312  -0.00044467     0.00707979   0.00000000     0.00268086  -0.00144733
 -0.00360720   0.00000000    -0.00265312  -0.00044467    -0.00604020  -0.00382037
    8    5
  0.00898945   0.00569475    -0.00044665  -0.00098940    -0.00026993  -0.00115319
 -0.00252507   0.00240417    -0.00713870  -0.01445432     0.00044665   0.00098940
  0.00278295  -0.00118941     0.00252507  -0.00240417     0.00898945   0.00569475
    8    6
  0.00357071   0.00506758     0.00127494   0.00228416    -0.00127494  -0.00228416
 -0.00103967  -0.00125912    -0.00255750  -0.00736874     0.00270925   0.00099128
  0.00103967   0.00125912     0.00270925   0.00099128    -0.00255750  -0.00736874
    8    7
 -0.01319181  -0.00039820     0.00110028  -0.00302888    -0.00110028   0.00302888
 -0.00062544   0.00181894     0.00944037   0.00505758    -0.00170367  -0.00136097
  0.00062544  -0.00181894    -0.00170367  -0.00136097     0.00944037   0.00505758
    8    8
  0.02818606  -0.00000000     0.00024687   0.00149334    -0.00024687  -0.00149334
  0.00024687  -0.00149334     0.03286326   0.00000000    -0.00136907   0.00000000
 -0.00024687   0.00149334    -0.00136907   0.00000000     0.03286326   0.00000000
    8    9
 -0.00379938   0.00010080     0.00220611   0.00249294    -0.00220611  -0.00249294
  0.00220611   0.00249294    -0.00206059  -0.00572805     0.00239588   0.00157354
 -0.00220611  -0.00249294     0.00239588   0.00157354    -0.00206059  -0.00572805
    8   10
 -0.00604020   0.00382037     0.00106379  -0.00000000     0.00268086   0.00144733
  0.00360720  -0.00000000    -0.00604020  -0.00382037    -0.00265312  -0.00044467
 -0.00265312   0.00044467     0.00268086  -0.00144733     0.00707979  -0.00000000
    8   11
  0.00898945   0.00569475     0.00026993   0.00115319     0.00044665   0.00098940
 -0.00278295   0.00118941     0.00898945   0.00569475     0.00252507  -0.00240417
  0.00252507  -0.00240417     0.00044665   0.00098940    -0.00713870  -0.01445432
    9    1
 -0.01195862   0.02722044    -0.01265874   0.00476569     0.01265874  -0.00476569
 -0.01407033   0.00248307    -0.02335057  -0.01270290    -0.00944807   0.00435672
  0.01407033  -0.00248307    -0.00944807   0.00435672    -0.02335057  -0.01270290
    9    2
 -0.00376875   0.00033750     0.00643223   0.00399910    -0.00643223  -0.00399910
  0.00525551  -0.00255784    -0.00239463  -0.00269920     0.00893524   0.00009431
 -0.00525551   0.00255784     0.00893524   0.00009431    -0.00239463  -0.00269920
    9    3
  0.00046865  -0.00302352    -0.00343030  -0.00276828     0.00343030   0.00276828
  0.00086978   0.00260708    -0.00092025   0.00108605    -0.00319564   0.00054435
 -0.00086978  -0.00260708    -0.00319564   0.00054435    -0.00092025   0.00108605
    9    4
  0.00898945  -0.00569475    -0.00044665   0.00098940    -0.00026993   0.00115319
 -0.00252507  -0.00240417    -0.00713870   0.01445432     0.00044665  -0.00098940
  0.00278295   0.00118941     0.00252507   0.00240417     0.00898945  -0.00569475
    9    5
 -0.00604020  -0.00382037    -0.00268086   0.00144733    -0.00106379   0.00000000
  0.00265312   0.00044467     0.00707979   0.00000000     0.00268086   0.00144733
 -0.00360720   0.00000000    -0.00265312   0.00044467    -0.00604020   0.00382037
    9    6
 -0.01319181   0.00039820     0.00110028   0.00302888    -0.00110028  -0.00302888
 -0.00062544  -0.00181894     0.00944037  -0.00505758    -0.00170367   0.00136097
  0.00062544   0.00181894    -0.00170367   0.00136097     0.00944037  -0.00505758
    9    7
  0.00357071  -0.00506758     0.00127494  -0.00228416    -0.00127494   0.00228416
 -0.00103967   0.00125912    -0.00255750   0.00736874     0.00270925  -0.00099128
  0.00103967  -0.00125912     0.00270925  -0.00099128    -0.00255750   0.00736874
    9    8
 -0.00379938  -0.00010080     0.00220611  -0.00249294    -0.00220611   0.00249294
  0.00220611  -0.00249294    -0.00206059   0.00572805     0.00239588  -0.00157354
 -0.00220611   0.00249294     0.00239588  -0.00157354    -0.00206059   0.00572805
    9    9
  0.02818606   0.00000000     0.00024687  -0.00149334    -0.00024687   0.00149334
  0.00024687   0.00149334     0.03286326  -0.00000000    -0.00136907  -0.00000000
 -0.00024687  -0.00149334    -0.00136907  -0.00000000     0.03286326  -0.00000000
    9   10
  0.00898945  -0.00569475     0.00026993  -0.00115319     0.00044665  -0.00098940
 -0.00278295  -0.00118941     0.00898945  -0.00569475     0.00252507   0.00240417
  0.00252507   0.00240417     0.00044665  -0.00098940    -0.00713870   0.01445432
    9   11
 -0.00604020  -0.00382037     0.00106379   0.00000000     0.00268086  -0.00144733
  0.00360720   0.00000000    -0.00604020   0.00382037    -0.00265312   0.00044467
 -0.00265312  -0.00044467     0.00268086   0.00144733     0.00707979  -0.00000000
   10    1
 -0.02335057   0.01270290    -0.01407033  -0.00248307    -0.00944807  -0.00435672
 -0.01265874  -0.00476569    -0.01195862  -0.02722044     0.01265874   0.00476569
 -0.00944807  -0.00435672     0.01407033   0.00248307    -0.02335057   0.01270290
   10    2
 -0.00092025  -0.00108605     0.00086978  -0.00260708    -0.00319564  -0.00054435
 -0.00343030   0.00276828     0.00046865   0.00302352     0.00343030  -0.00276828
 -0.00319564  -0.00054435    -0.00086978   0.00260708    -0.00092025  -0.00108605
   10    3
 -0.00239463   0.00269920     0.00525551   0.00255784     0.00893524  -0.00009431
  0.00643223  -0.00399910    -0.00376875  -0.00033750    -0.00643223   0.00399910
  0.00893524  -0.00009431    -0.00525551  -0.00255784    -0.00239463   0.00269920
   10    4
  0.00707979   0.00000000     0.00265312  -0.00044467     0.00268086  -0.00144733
 -0.00268086  -0.00144733    -0.00604020   0.00382037    -0.00106379  -0.00000000
 -0.00265312  -0.00044467    -0.00360720   0.00000000    -0.00604020  -0.00382037
   10    5
 -0.00713870  -0.01445432    -0.00252507   0.00240417     0.00044665   0.00098940
 -0.00044665  -0.00098940     0.00898945   0.00569475    -0.00026993  -0.00115319
  0.00252507  -0.00240417     0.00278295  -0.00118941     0.00898945   0.00569475
   10    6
 -0.00255750  -0.00736874    -0.00103967  -0.00125912     0.00270925   0.00099128
  0.00127494   0.00228416     0.00357071   0.00506758    -0.00127494  -0.00228416
  0.00270925   0.00099128     0.00103967   0.00125912    -0.00255750  -0.00736874
   10    7
  0.00944037   0.00505758    -0.00062544   0.00181894    -0.00170367  -0.00136097
  0.00110028  -0.00302888    -0.01319181  -0.00039820    -0.00110028   0.00302888
 -0.00170367  -0.00136097     0.00062544  -0.00181894     0.00944037   0.00505758
   10    8
 -0.00604020  -0.00382037     0.00360720   0.00000000    -0.00265312  -0.00044467
  0.00106379  -0.00000000    -0.00604020   0.00382037     0.00268086   0.00144733
  0.00268086  -0.00144733    -0.00265312   0.00044467     0.00707979  -0.00000000
   10    9
  0.00898945   0.00569475    -0.00278295   0.00118941     0.00252507  -0.00240417
  0.00026993   0.00115319     0.00898945   0.00569475     0.00044665   0.00098940
  0.00044665   0.00098940     0.00252507  -0.00240417    -0.00713870  -0.01445432
   10   10
  0.03286326   0.00000000     0.00024687  -0.00149334    -0.00136907   0.00000000
  0.00024687   0.00149334     0.02818606  -0.00000000    -0.00024687  -0.00149334
 -0.00136907   0.00000000    -0.00024687   0.00149334     0.03286326   0.00000000
   10   11
 -0.00206059  -0.00572805     0.00220611   0.00249294     0.00239588   0.00157354
  0.00220611   0.00249294    -0.00379938   0.00010080    -0.00220611  -0.00249294
  0.00239588   0.00157354    -0.00220611  -0.00249294    -0.00206059  -0.00572805
   11    1
 -0.02335057  -0.01270290    -0.01407033   0.00248307    -0.00944807   0.00435672
 -0.01265874   0.00476569    -0.01195862   0.02722044     0.01265874  -0.00476569
 -0.00944807   0.00435672     0.01407033  -0.00248307    -0.02335057  -0.01270290
   11    2
 -0.00239463  -0.00269920     0.00525551  -0.00255784     0.00893524   0.00009431
  0.00643223   0.00399910    -0.00376875   0.00033750    -0.00643223  -0.00399910
  0.00893524   0.00009431    -0.00525551   0.00255784    -0.00239463  -0.00269920
   11    3
 -0.00092025   0.00108605     0.00086978   0.00260708    -0.00319564   0.00054435
 -0.00343030  -0.00276828     0.00046865  -0.00302352     0.00343030   0.00276828
 -0.00319564   0.00054435    -0.00086978  -0.00260708    -0.00092025   0.00108605
   11    4
 -0.00713870   0.01445432    -0.00252507  -0.00240417     0.00044665  -0.00098940
 -0.00044665   0.00098940     0.00898945  -0.00569475    -0.00026993   0.00115319
  0.00252507   0.00240417     0.00278295   0.00118941     0.00898945  -0.00569475
   11    5
  0.00707979   0.00000000     0.00265312   0.00044467     0.00268086   0.00144733
 -0.00268086   0.00144733    -0.00604020  -0.00382037    -0.00106379   0.00000000
 -0.00265312   0.00044467    -0.00360720  -0.00000000    -0.00604020   0.00382037
   11    6
  0.00944037  -0.00505758    -0.00062544  -0.00181894    -0.00170367   0.00136097
  0.00110028   0.00302888    -0.01319181   0.00039820    -0.00110028  -0.00302888
 -0.00170367   0.00136097     0.00062544   0.00181894     0.00944037  -0.00505758
   11    7
 -0.00255750   0.00736874    -0.00103967   0.00125912     0.00270925  -0.00099128
  0.00127494  -0.00228416     0.00357071  -0.00506758    -0.00127494   0.00228416
  0.00270925  -0.00099128     0.00103967  -0.00125912    -0.00255750   0.00736874
   11    8
  0.00898945  -0.00569475    -0.00278295  -0.00118941     0.00252507   0.00240417
  0.00026993  -0.00115319     0.00898945  -0.00569475     0.00044665  -0.00098940
  0.00044665  -0.00098940     0.00252507   0.00240417    -0.00713870   0.01445432
   11    9
 -0.00604020   0.00382037     0.00360720   0.00000000    -0.00265312   0.00044467
  0.00106379   0.00000000    -0.00604020  -0.00382037     0.00268086  -0.00144733
  0.00268086   0.00144733    -0.00265312  -0.00044467     0.00707979   0.00000000
   11   10
 -0.00206059   0.00572805     0.00220611  -0.00249294     0.00239588  -0.00157354
  0.00220611  -0.00249294    -0.00379938  -0.00010080    -0.00220611   0.00249294
  0.00239588  -0.00157354    -0.00220611   0.00249294    -0.00206059   0.00572805
   11   11
  0.03286326  -0.00000000     0.00024687   0.00149334    -0.00136907  -0.00000000
  0.00024687  -0.00149334     0.02818606   0.00000000    -0.00024687   0.00149334
 -0.00136907  -0.00000000    -0.00024687  -0.00149334     0.03286326  -0.00000000

     Dynamical  Matrix in cartesian axes

     q = (    0.117851130  -0.117851130  -0.117851130 ) 

    1    1
  0.21946937   0.00000000    -0.04364445   0.00000000    -0.04364445   0.00000000
 -0.04364445   0.00000000     0.21946937   0.00000000     0.04364445   0.00000000
 -0.04364445   0.00000000     0.04364445   0.00000000     0.21946937   0.00000000
    1    2
  0.00193547   0.00819185    -0.01527036  -0.01135078    -0.01527036  -0.01135078
 -0.01527036  -0.01135078     0.00193547   0.00819185     0.01527036   0.01135078
 -0.01527036  -0.01135078     0.01527036   0.01135078     0.00193547   0.00819185
    1    3
  0.00193547  -0.00819185    -0.01527036   0.01135078    -0.01527036   0.01135078
 -0.01527036   0.01135078     0.00193547  -0.00819185     0.01527036  -0.01135078
 -0.01527036   0.01135078     0.01527036  -0.01135078     0.00193547  -0.00819185
    1    4
 -0.01195862  -0.02722044     0.01407033   0.00248307     0.01407033   0.00248307
  0.01265874   0.00476569    -0.02335057   0.01270290     0.00944807   0.00435672
  0.01265874   0.00476569     0.00944807   0.00435672    -0.02335057   0.01270290
    1    5
 -0.01195862   0.02722044     0.01407033  -0.00248307     0.01407033  -0.00248307
  0.01265874  -0.00476569    -0.02335057  -0.01270290     0.00944807  -0.00435672
  0.01265874  -0.00476569     0.00944807  -0.00435672    -0.02335057  -0.01270290
    1    6
 -0.02335057   0.01270290     0.01265874   0.00476569    -0.00944807  -0.00435672
  0.01407033   0.00248307    -0.01195862  -0.02722044    -0.01407033  -0.00248307
 -0.00944807  -0.00435672    -0.01265874  -0.00476569    -0.02335057   0.01270290
    1    7
 -0.02335057  -0.01270290     0.01265874  -0.00476569    -0.00944807   0.00435672
  0.01407033  -0.00248307    -0.01195862   0.02722044    -0.01407033   0.00248307
 -0.00944807   0.00435672    -0.01265874   0.00476569    -0.02335057  -0.01270290
    1    8
 -0.02335057   0.01270290    -0.00944807  -0.00435672     0.01265874   0.00476569
 -0.00944807  -0.00435672    -0.02335057   0.01270290    -0.01265874  -0.00476569
  0.01407033   0.00248307    -0.01407033  -0.00248307    -0.01195862  -0.02722044
    1    9
 -0.02335057  -0.01270290    -0.00944807   0.00435672     0.01265874  -0.00476569
 -0.00944807   0.00435672    -0.02335057  -0.01270290    -0.01265874   0.00476569
  0.01407033  -0.00248307    -0.01407033   0.00248307    -0.01195862   0.02722044
    1   10
 -0.02435431  -0.01196645    -0.00203064  -0.00767988    -0.00203064  -0.00767988
 -0.00203064  -0.00767988    -0.02435431  -0.01196645     0.00203064   0.00767988
 -0.00203064  -0.00767988     0.00203064   0.00767988    -0.02435431  -0.01196645
    1   11
 -0.02435431   0.01196645    -0.00203064   0.00767988    -0.00203064   0.00767988
 -0.00203064   0.00767988    -0.02435431   0.01196645     0.00203064  -0.00767988
 -0.00203064   0.00767988     0.00203064  -0.00767988    -0.02435431   0.01196645
    2    1
  0.00193547  -0.00819185    -0.01527036   0.01135078    -0.01527036   0.01135078
 -0.01527036   0.01135078     0.00193547  -0.00819185     0.01527036  -0.01135078
 -0.01527036   0.01135078     0.01527036  -0.01135078     0.00193547  -0.00819185
    2    2
  0.03788445   0.00000000    -0.01037437   0.00000000    -0.01037437   0.00000000
 -0.01037437   0.00000000     0.03788445   0.00000000     0.01037437  -0.00000000
 -0.01037437   0.00000000     0.01037437  -0.00000000     0.03788445   0.00000000
    2    3
 -0.01364664  -0.00734822     0.00205637   0.00082633     0.00205637   0.00082633
  0.00205637   0.00082633    -0.01364664  -0.00734822    -0.00205637  -0.00082633
  0.00205637   0.00082633    -0.00205637  -0.00082633    -0.01364664  -0.00734822
    2    4
  0.00046865   0.00302352    -0.00086978   0.00260708    -0.00086978   0.00260708
  0.00343030  -0.00276828    -0.00092025  -0.00108605     0.00319564   0.00054435
  0.00343030  -0.00276828     0.00319564   0.00054435    -0.00092025  -0.00108605
    2    5
 -0.00376875   0.00033750    -0.00525551   0.00255784    -0.00525551   0.00255784
 -0.00643223  -0.00399910    -0.00239463  -0.00269920    -0.00893524  -0.00009431
 -0.00643223  -0.00399910    -0.00893524  -0.00009431    -0.00239463  -0.00269920
    2    6
 -0.00092025  -0.00108605     0.00343030  -0.00276828    -0.00319564  -0.00054435
 -0.00086978   0.00260708     0.00046865   0.00302352     0.00086978  -0.00260708
 -0.00319564  -0.00054435    -0.00343030   0.00276828    -0.00092025  -0.00108605
    2    7
 -0.00239463  -0.00269920    -0.00643223  -0.00399910     0.00893524   0.00009431
 -0.00525551   0.00255784    -0.00376875   0.00033750     0.00525551  -0.00255784
  0.00893524   0.00009431     0.00643223   0.00399910    -0.00239463  -0.00269920
    2    8
 -0.00092025  -0.00108605    -0.00319564  -0.00054435     0.00343030  -0.00276828
 -0.00319564  -0.00054435    -0.00092025  -0.00108605    -0.00343030   0.00276828
 -0.00086978   0.00260708     0.00086978  -0.00260708     0.00046865   0.00302352
    2    9
 -0.00239463  -0.00269920     0.00893524   0.00009431    -0.00643223  -0.00399910
  0.00893524   0.00009431    -0.00239463  -0.00269920     0.00643223   0.00399910
 -0.00525551   0.00255784     0.00525551  -0.00255784    -0.00376875   0.00033750
    2   10
  0.00391016   0.00058826    -0.00506125  -0.00130924    -0.00506125  -0.00130924
 -0.00506125  -0.00130924     0.00391016   0.00058826     0.00506125   0.00130924
 -0.00506125  -0.00130924     0.00506125   0.00130924     0.00391016   0.00058826
    2   11
 -0.01059353  -0.00177545     0.01443516   0.00216869     0.01443516   0.00216869
  0.01443516   0.00216869    -0.01059353  -0.00177545    -0.01443516  -0.00216869
  0.01443516   0.00216869    -0.01443516  -0.00216869    -0.01059353  -0.00177545
    3    1
  0.00193547   0.00819185    -0.01527036  -0.01135078    -0.01527036  -0.01135078
 -0.01527036  -0.01135078     0.00193547   0.00819185     0.01527036   0.01135078
 -0.01527036  -0.01135078     0.01527036   0.01135078     0.00193547   0.00819185
    3    2
 -0.01364664   0.00734822     0.00205637  -0.00082633     0.00205637  -0.00082633
  0.00205637  -0.00082633    -0.01364664   0.00734822    -0.00205637   0.00082633
  0.00205637  -0.00082633    -0.00205637   0.00082633    -0.01364664   0.00734822
    3    3
  0.03788445  -0.00000000    -0.01037437  -0.00000000    -0.01037437  -0.00000000
 -0.01037437  -0.00000000     0.03788445  -0.00000000     0.01037437   0.00000000
 -0.01037437  -0.00000000     0.01037437   0.00000000     0.03788445  -0.00000000
    3    4
 -0.00376875  -0.00033750    -0.00525551  -0.00255784    -0.00525551  -0.00255784
 -0.00643223   0.00399910    -0.00239463   0.00269920    -0.00893524   0.00009431
 -0.00643223   0.00399910    -0.00893524   0.00009431    -0.00239463   0.00269920
    3    5
  0.00046865  -0.00302352    -0.00086978  -0.00260708    -0.00086978  -0.00260708
  0.00343030   0.00276828    -0.00092025   0.00108605     0.00319564  -0.00054435
  0.00343030   0.00276828     0.00319564  -0.00054435    -0.00092025   0.00108605
    3    6
 -0.00239463   0.00269920    -0.00643223   0.00399910     0.00893524  -0.00009431
 -0.00525551  -0.00255784    -0.00376875  -0.00033750     0.00525551   0.00255784
  0.00893524  -0.00009431     0.00643223  -0.00399910    -0.00239463   0.00269920
    3    7
 -0.00092025   0.00108605     0.00343030   0.00276828    -0.00319564   0.00054435
 -0.00086978  -0.00260708     0.00046865  -0.00302352     0.00086978   0.00260708
 -0.00319564   0.00054435    -0.00343030  -0.00276828    -0.00092025   0.00108605
    3    8
 -0.00239463   0.00269920     0.00893524  -0.00009431    -0.00643223   0.00399910
  0.00893524  -0.00009431    -0.00239463   0.00269920     0.00643223  -0.00399910
 -0.00525551  -0.00255784     0.00525551   0.00255784    -0.00376875  -0.00033750
    3    9
 -0.00092025   0.00108605    -0.00319564   0.00054435     0.00343030   0.00276828
 -0.00319564   0.00054435    -0.00092025   0.00108605    -0.00343030  -0.00276828
 -0.00086978  -0.00260708     0.00086978   0.00260708     0.00046865  -0.00302352
    3   10
 -0.01059353   0.00177545     0.01443516  -0.00216869     0.01443516  -0.00216869
  0.01443516  -0.00216869    -0.01059353   0.00177545    -0.01443516   0.00216869
  0.01443516  -0.00216869    -0.01443516   0.00216869    -0.01059353   0.00177545
    3   11
  0.00391016  -0.00058826    -0.00506125   0.00130924    -0.00506125   0.00130924
 -0.00506125   0.00130924     0.00391016  -0.00058826     0.00506125  -0.00130924
 -0.00506125   0.00130924     0.00506125  -0.00130924     0.00391016  -0.00058826
    4    1
 -0.01195862   0.02722044     0.01265874  -0.00476569     0.01265874  -0.00476569
