  1.500000000000000E-002   1.62611031437266        4.44829059121779     
           6

     Dynamical  Matrix in cartesian axes

     q = (    0.471404521   0.000000000   0.000000000 ) 

    1    1
  0.24531253   0.00000000     0.00000000   0.00000000     0.00000000   0.00000000
  0.00000000   0.00000000     0.08927133   0.00000000     0.00000000   0.00000000
  0.00000000   0.00000000     0.00000000   0.00000000     0.08927133   0.00000000
    1    2
  0.02163556   0.03747389     0.00000000   0.00000000    -0.00000000  -0.00000000
  0.00000000   0.00000000    -0.01132682  -0.01961862    -0.02280215   0.01316483
 -0.00000000  -0.00000000    -0.02280215   0.01316483    -0.01132682  -0.01961862
    1    3
  0.02163556  -0.03747389     0.00000000  -0.00000000    -0.00000000   0.00000000
  0.00000000  -0.00000000    -0.01132682   0.01961862    -0.02280215  -0.01316483
 -0.00000000   0.00000000    -0.02280215  -0.01316483    -0.01132682   0.01961862
    1    4
  0.00299213  -0.01124001     0.00542590   0.01291044     0.00542590   0.01291044
  0.00967623  -0.00544203     0.00738896  -0.00004498     0.00772022   0.00128631
  0.00967623  -0.00544203     0.00772022   0.00128631     0.00738896  -0.00004498
    1    5
  0.00299213   0.01124001     0.00542590  -0.01291044     0.00542590  -0.01291044
  0.00967623   0.00544203     0.00738896   0.00004498     0.00772022  -0.00128631
  0.00967623   0.00544203     0.00772022  -0.00128631     0.00738896   0.00004498
    1    6
  0.00823807  -0.00821127    -0.01389372   0.00175626     0.01389372  -0.00175626
 -0.00012518  -0.01110088    -0.00365552  -0.00642152     0.00497409   0.00604276
  0.00012518   0.01110088     0.00497409   0.00604276    -0.00365552  -0.00642152
    1    7
  0.00823807   0.00821127    -0.01389372  -0.00175626     0.01389372   0.00175626
 -0.00012518   0.01110088    -0.00365552   0.00642152     0.00497409  -0.00604276
  0.00012518  -0.01110088     0.00497409  -0.00604276    -0.00365552   0.00642152
    1    8
  0.00823807  -0.00821127     0.01389372  -0.00175626    -0.01389372   0.00175626
  0.00012518   0.01110088    -0.00365552  -0.00642152     0.00497409   0.00604276
 -0.00012518  -0.01110088     0.00497409   0.00604276    -0.00365552  -0.00642152
    1    9
  0.00823807   0.00821127     0.01389372   0.00175626    -0.01389372  -0.00175626
  0.00012518  -0.01110088    -0.00365552   0.00642152     0.00497409  -0.00604276
 -0.00012518   0.01110088     0.00497409  -0.00604276    -0.00365552   0.00642152
    1   10
  0.00299213  -0.01124001    -0.00542590  -0.01291044    -0.00542590  -0.01291044
 -0.00967623   0.00544203     0.00738896  -0.00004498     0.00772022   0.00128631
 -0.00967623   0.00544203     0.00772022   0.00128631     0.00738896  -0.00004498
    1   11
  0.00299213   0.01124001    -0.00542590   0.01291044    -0.00542590   0.01291044
 -0.00967623  -0.00544203     0.00738896   0.00004498     0.00772022  -0.00128631
 -0.00967623  -0.00544203     0.00772022  -0.00128631     0.00738896   0.00004498
    2    1
  0.02163556  -0.03747389     0.00000000   0.00000000    -0.00000000   0.00000000
  0.00000000   0.00000000    -0.01132682   0.01961862    -0.02280215  -0.01316483
 -0.00000000   0.00000000    -0.02280215  -0.01316483    -0.01132682   0.01961862
    2    2
  0.08301243   0.00000000     0.00000000  -0.00000000     0.00000000  -0.00000000
 -0.00000000   0.00000000     0.03333163  -0.00000000     0.00000000  -0.00000000
  0.00000000  -0.00000000    -0.00000000  -0.00000000     0.03333163   0.00000000
    2    3
 -0.00547368  -0.00948069     0.00000000  -0.00000000     0.00000000   0.00000000
  0.00000000  -0.00000000    -0.00121250  -0.00210011     0.01328673  -0.00767110
  0.00000000   0.00000000     0.01328673  -0.00767110    -0.00121250  -0.00210011
    2    4
 -0.00691931  -0.01876260     0.00196438   0.00490454     0.00196438   0.00490454
 -0.00340071   0.00246610    -0.00281266   0.00315364    -0.00152364   0.00585839
 -0.00340071   0.00246610    -0.00152364   0.00585839    -0.00281266   0.00315364
    2    5
  0.00504938  -0.00484938    -0.01833525   0.00253287    -0.01833525   0.00253287
 -0.00867762  -0.00115957    -0.00902355   0.00121827    -0.01038803  -0.00161428
 -0.00867762  -0.00115957    -0.01038803  -0.00161428    -0.00902355   0.00121827
    2    6
 -0.01278923  -0.01537360     0.00326526   0.00415347    -0.00326526  -0.00415347
  0.00383606  -0.00171205     0.00413746  -0.00085902    -0.00583533  -0.00160968
 -0.00383606   0.00171205    -0.00583533  -0.00160968     0.00413746  -0.00085902
    2    7
  0.00504938   0.00484938    -0.01833525  -0.00253287     0.01833525   0.00253287
 -0.00867762   0.00115957    -0.00902355  -0.00121827     0.01038803  -0.00161428
  0.00867762  -0.00115957     0.01038803  -0.00161428    -0.00902355  -0.00121827
    2    8
 -0.01278923  -0.01537360    -0.00326526  -0.00415347     0.00326526   0.00415347
 -0.00383606   0.00171205     0.00413746  -0.00085902    -0.00583533  -0.00160968
  0.00383606  -0.00171205    -0.00583533  -0.00160968     0.00413746  -0.00085902
    2    9
  0.00504938   0.00484938     0.01833525   0.00253287    -0.01833525  -0.00253287
  0.00867762  -0.00115957    -0.00902355  -0.00121827     0.01038803  -0.00161428
 -0.00867762   0.00115957     0.01038803  -0.00161428    -0.00902355  -0.00121827
    2   10
 -0.00691931  -0.01876260    -0.00196438  -0.00490454    -0.00196438  -0.00490454
  0.00340071  -0.00246610    -0.00281266   0.00315364    -0.00152364   0.00585839
  0.00340071  -0.00246610    -0.00152364   0.00585839    -0.00281266   0.00315364
    2   11
  0.00504938  -0.00484938     0.01833525  -0.00253287     0.01833525  -0.00253287
  0.00867762   0.00115957    -0.00902355   0.00121827    -0.01038803  -0.00161428
  0.00867762   0.00115957    -0.01038803  -0.00161428    -0.00902355   0.00121827
    3    1
  0.02163556   0.03747389     0.00000000   0.00000000    -0.00000000   0.00000000
  0.00000000   0.00000000    -0.01132682  -0.01961862    -0.02280215   0.01316483
 -0.00000000   0.00000000    -0.02280215   0.01316483    -0.01132682  -0.01961862
    3    2
 -0.00547368   0.00948069     0.00000000   0.00000000     0.00000000  -0.00000000
  0.00000000   0.00000000    -0.00121250   0.00210011     0.01328673   0.00767110
  0.00000000  -0.00000000     0.01328673   0.00767110    -0.00121250   0.00210011
    3    3
  0.08301243  -0.00000000     0.00000000   0.00000000     0.00000000   0.00000000
 -0.00000000  -0.00000000     0.03333163   0.00000000     0.00000000   0.00000000
  0.00000000   0.00000000    -0.00000000   0.00000000     0.03333163  -0.00000000
    3    4
  0.00504938   0.00484938    -0.01833525  -0.00253287    -0.01833525  -0.00253287
 -0.00867762   0.00115957    -0.00902355  -0.00121827    -0.01038803   0.00161428
 -0.00867762   0.00115957    -0.01038803   0.00161428    -0.00902355  -0.00121827
    3    5
 -0.00691931   0.01876260     0.00196438  -0.00490454     0.00196438  -0.00490454
 -0.00340071  -0.00246610    -0.00281266  -0.00315364    -0.00152364  -0.00585839
 -0.00340071  -0.00246610    -0.00152364  -0.00585839    -0.00281266  -0.00315364
    3    6
  0.00504938  -0.00484938    -0.01833525   0.00253287     0.01833525  -0.00253287
 -0.00867762  -0.00115957    -0.00902355   0.00121827     0.01038803   0.00161428
  0.00867762   0.00115957     0.01038803   0.00161428    -0.00902355   0.00121827
    3    7
 -0.01278923   0.01537360     0.00326526  -0.00415347    -0.00326526   0.00415347
  0.00383606   0.00171205     0.00413746   0.00085902    -0.00583533   0.00160968
 -0.00383606  -0.00171205    -0.00583533   0.00160968     0.00413746   0.00085902
    3    8
  0.00504938  -0.00484938     0.01833525  -0.00253287    -0.01833525   0.00253287
  0.00867762   0.00115957    -0.00902355   0.00121827     0.01038803   0.00161428
 -0.00867762  -0.00115957     0.01038803   0.00161428    -0.00902355   0.00121827
    3    9
 -0.01278923   0.01537360    -0.00326526   0.00415347     0.00326526  -0.00415347
 -0.00383606  -0.00171205     0.00413746   0.00085902    -0.00583533   0.00160968
  0.00383606   0.00171205    -0.00583533   0.00160968     0.00413746   0.00085902
    3   10
  0.00504938   0.00484938     0.01833525   0.00253287     0.01833525   0.00253287
  0.00867762  -0.00115957    -0.00902355  -0.00121827    -0.01038803   0.00161428
  0.00867762  -0.00115957    -0.01038803   0.00161428    -0.00902355  -0.00121827
    3   11
 -0.00691931   0.01876260    -0.00196438   0.00490454    -0.00196438   0.00490454
  0.00340071   0.00246610    -0.00281266  -0.00315364    -0.00152364  -0.00585839
  0.00340071   0.00246610    -0.00152364  -0.00585839    -0.00281266  -0.00315364
    4    1
  0.00299213   0.01124001     0.00967623   0.00544203     0.00967623   0.00544203
  0.00542590  -0.01291044     0.00738896   0.00004498     0.00772022  -0.00128631
  0.00542590  -0.01291044     0.00772022  -0.00128631     0.00738896   0.00004498
    4    2
 -0.00691931   0.01876260    -0.00340071  -0.00246610    -0.00340071  -0.00246610
  0.00196438  -0.00490454    -0.00281266  -0.00315364    -0.00152364  -0.00585839
  0.00196438  -0.00490454    -0.00152364  -0.00585839    -0.00281266  -0.00315364
    4    3
  0.00504938  -0.00484938    -0.00867762  -0.00115957    -0.00867762  -0.00115957
 -0.01833525   0.00253287    -0.00902355   0.00121827    -0.01038803  -0.00161428
 -0.01833525   0.00253287    -0.01038803  -0.00161428    -0.00902355   0.00121827
    4    4
  0.03393918  -0.00000000    -0.00276628   0.00017666    -0.00276628   0.00017666
 -0.00276628  -0.00017666     0.03240633   0.00000000     0.00972469  -0.00000000
 -0.00276628  -0.00017666     0.00972469  -0.00000000     0.03240633   0.00000000
    4    5
  0.00534701  -0.00093610     0.00156505   0.00095759     0.00156505   0.00095759
  0.00156505   0.00095759     0.00404651   0.00265341    -0.00293808   0.00482214
  0.00156505   0.00095759    -0.00293808   0.00482214     0.00404651   0.00265341
    4    6
  0.00591035  -0.00112259    -0.00171645   0.00180728     0.00305535  -0.00273379
 -0.00171645   0.00180728    -0.00312729  -0.00554233    -0.00110898   0.00054605
 -0.00305535   0.00273379     0.00110898  -0.00054605    -0.00058925   0.00252845
    4    7
 -0.00005890   0.00010202     0.00219080  -0.00568617    -0.00158411   0.00487174
  0.00382896  -0.00474038    -0.00314927   0.00545469    -0.00025116  -0.00078180
  0.00342699  -0.00380775    -0.00080264   0.00017338     0.00819137  -0.01418787
    4    8
  0.00591035  -0.00112259     0.00305535  -0.00273379    -0.00171645   0.00180728
 -0.00305535   0.00273379    -0.00058925   0.00252845     0.00110898  -0.00054605
 -0.00171645   0.00180728    -0.00110898   0.00054605    -0.00312729  -0.00554233
    4    9
 -0.00005890   0.00010202    -0.00158411   0.00487174     0.00219080  -0.00568617
  0.00342699  -0.00380775     0.00819137  -0.01418787    -0.00080264   0.00017338
  0.00382896  -0.00474038    -0.00025116  -0.00078180    -0.00314927   0.00545469
    4   10
  0.00393890  -0.00000000     0.00635550   0.00152206     0.00635550   0.00152206
 -0.00635550   0.00152206    -0.00482381  -0.00000000     0.00448484  -0.00000000
 -0.00635550   0.00152206     0.00448484   0.00000000    -0.00482381  -0.00000000
    4   11
  0.01000560   0.01119993     0.00343917   0.00556266     0.00343917   0.00556266
 -0.00343917  -0.00556266    -0.00728245   0.00695857     0.00043149   0.00476181
 -0.00343917  -0.00556266     0.00043149   0.00476181    -0.00728245   0.00695857
    5    1
  0.00299213  -0.01124001     0.00967623  -0.00544203     0.00967623  -0.00544203
  0.00542590   0.01291044     0.00738896  -0.00004498     0.00772022   0.00128631
  0.00542590   0.01291044     0.00772022   0.00128631     0.00738896  -0.00004498
    5    2
  0.00504938   0.00484938    -0.00867762   0.00115957    -0.00867762   0.00115957
 -0.01833525  -0.00253287    -0.00902355  -0.00121827    -0.01038803   0.00161428
 -0.01833525  -0.00253287    -0.01038803   0.00161428    -0.00902355  -0.00121827
    5    3
 -0.00691931  -0.01876260    -0.00340071   0.00246610    -0.00340071   0.00246610
  0.00196438   0.00490454    -0.00281266   0.00315364    -0.00152364   0.00585839
  0.00196438   0.00490454    -0.00152364   0.00585839    -0.00281266   0.00315364
    5    4
  0.00534701   0.00093610     0.00156505  -0.00095759     0.00156505  -0.00095759
  0.00156505  -0.00095759     0.00404651  -0.00265341    -0.00293808  -0.00482214
  0.00156505  -0.00095759    -0.00293808  -0.00482214     0.00404651  -0.00265341
    5    5
  0.03393918   0.00000000    -0.00276628  -0.00017666    -0.00276628  -0.00017666
 -0.00276628   0.00017666     0.03240633  -0.00000000     0.00972469   0.00000000
 -0.00276628   0.00017666     0.00972469   0.00000000     0.03240633  -0.00000000
    5    6
 -0.00005890  -0.00010202     0.00219080   0.00568617    -0.00158411  -0.00487174
  0.00382896   0.00474038    -0.00314927  -0.00545469    -0.00025116   0.00078180
  0.00342699   0.00380775    -0.00080264  -0.00017338     0.00819137   0.01418787
    5    7
  0.00591035   0.00112259    -0.00171645  -0.00180728     0.00305535   0.00273379
 -0.00171645  -0.00180728    -0.00312729   0.00554233    -0.00110898  -0.00054605
 -0.00305535  -0.00273379     0.00110898   0.00054605    -0.00058925  -0.00252845
    5    8
 -0.00005890  -0.00010202    -0.00158411  -0.00487174     0.00219080   0.00568617
  0.00342699   0.00380775     0.00819137   0.01418787    -0.00080264  -0.00017338
  0.00382896   0.00474038    -0.00025116   0.00078180    -0.00314927  -0.00545469
    5    9
  0.00591035   0.00112259     0.00305535   0.00273379    -0.00171645  -0.00180728
 -0.00305535  -0.00273379    -0.00058925  -0.00252845     0.00110898   0.00054605
 -0.00171645  -0.00180728    -0.00110898  -0.00054605    -0.00312729   0.00554233
    5   10
  0.01000560  -0.01119993     0.00343917  -0.00556266     0.00343917  -0.00556266
 -0.00343917   0.00556266    -0.00728245  -0.00695857     0.00043149  -0.00476181
 -0.00343917   0.00556266     0.00043149  -0.00476181    -0.00728245  -0.00695857
    5   11
  0.00393890   0.00000000     0.00635550  -0.00152206     0.00635550  -0.00152206
 -0.00635550  -0.00152206    -0.00482381   0.00000000     0.00448484   0.00000000
 -0.00635550  -0.00152206     0.00448484   0.00000000    -0.00482381  -0.00000000
    6    1
  0.00823807   0.00821127    -0.00012518   0.01110088     0.00012518  -0.01110088
 -0.01389372  -0.00175626    -0.00365552   0.00642152     0.00497409  -0.00604276
  0.01389372   0.00175626     0.00497409  -0.00604276    -0.00365552   0.00642152
    6    2
 -0.01278923   0.01537360     0.00383606   0.00171205    -0.00383606  -0.00171205
  0.00326526  -0.00415347     0.00413746   0.00085902    -0.00583533   0.00160968
 -0.00326526   0.00415347    -0.00583533   0.00160968     0.00413746   0.00085902
    6    3
  0.00504938   0.00484938    -0.00867762   0.00115957     0.00867762  -0.00115957
 -0.01833525  -0.00253287    -0.00902355  -0.00121827     0.01038803  -0.00161428
  0.01833525   0.00253287     0.01038803  -0.00161428    -0.00902355  -0.00121827
    6    4
  0.00591035   0.00112259    -0.00171645  -0.00180728    -0.00305535  -0.00273379
 -0.00171645  -0.00180728    -0.00312729   0.00554233     0.00110898   0.00054605
  0.00305535   0.00273379    -0.00110898  -0.00054605    -0.00058925  -0.00252845
    6    5
 -0.00005890   0.00010202     0.00382896  -0.00474038     0.00342699  -0.00380775
  0.00219080  -0.00568617    -0.00314927   0.00545469    -0.00080264   0.00017338
 -0.00158411   0.00487174    -0.00025116  -0.00078180     0.00819137  -0.01418787
    6    6
  0.03393918   0.00000000    -0.00276628  -0.00017666     0.00276628   0.00017666
 -0.00276628   0.00017666     0.03240633  -0.00000000    -0.00972469  -0.00000000
  0.00276628  -0.00017666    -0.00972469  -0.00000000     0.03240633  -0.00000000
    6    7
 -0.00186282  -0.00509870    -0.00161183  -0.00087658     0.00161183   0.00087658
 -0.00161183  -0.00087658    -0.00432117  -0.00217768     0.00270705  -0.00495552
  0.00161183   0.00087658     0.00270705  -0.00495552    -0.00432117  -0.00217768
    6    8
  0.00393890   0.00000000     0.00635550  -0.00152206    -0.00635550   0.00152206
 -0.00635550  -0.00152206    -0.00482381   0.00000000    -0.00448484  -0.00000000
  0.00635550   0.00152206    -0.00448484  -0.00000000    -0.00482381   0.00000000
    6    9
 -0.01470222  -0.00306514    -0.00653699  -0.00019708     0.00653699   0.00019708
  0.00653699   0.00019708    -0.00238507   0.00978607     0.00433959  -0.00200722
 -0.00653699  -0.00019708     0.00433959  -0.00200722    -0.00238507   0.00978607
    6   10
  0.00591035   0.00112259     0.00305535   0.00273379     0.00171645   0.00180728
 -0.00305535  -0.00273379    -0.00058925  -0.00252845    -0.00110898  -0.00054605
  0.00171645   0.00180728     0.00110898   0.00054605    -0.00312729   0.00554233
    6   11
 -0.00005890   0.00010202    -0.00342699   0.00380775    -0.00382896   0.00474038
  0.00158411  -0.00487174     0.00819137  -0.01418787    -0.00025116  -0.00078180
 -0.00219080   0.00568617    -0.00080264   0.00017338    -0.00314927   0.00545469
    7    1
  0.00823807  -0.00821127    -0.00012518  -0.01110088     0.00012518   0.01110088
 -0.01389372   0.00175626    -0.00365552  -0.00642152     0.00497409   0.00604276
  0.01389372  -0.00175626     0.00497409   0.00604276    -0.00365552  -0.00642152
    7    2
  0.00504938  -0.00484938    -0.00867762  -0.00115957     0.00867762   0.00115957
 -0.01833525   0.00253287    -0.00902355   0.00121827     0.01038803   0.00161428
  0.01833525  -0.00253287     0.01038803   0.00161428    -0.00902355   0.00121827
    7    3
 -0.01278923  -0.01537360     0.00383606  -0.00171205    -0.00383606   0.00171205
  0.00326526   0.00415347     0.00413746  -0.00085902    -0.00583533  -0.00160968
 -0.00326526  -0.00415347    -0.00583533  -0.00160968     0.00413746  -0.00085902
    7    4
 -0.00005890  -0.00010202     0.00382896   0.00474038     0.00342699   0.00380775
  0.00219080   0.00568617    -0.00314927  -0.00545469    -0.00080264  -0.00017338
 -0.00158411  -0.00487174    -0.00025116   0.00078180     0.00819137   0.01418787
    7    5
  0.00591035  -0.00112259    -0.00171645   0.00180728    -0.00305535   0.00273379
 -0.00171645   0.00180728    -0.00312729  -0.00554233     0.00110898  -0.00054605
  0.00305535  -0.00273379    -0.00110898   0.00054605    -0.00058925   0.00252845
    7    6
 -0.00186282   0.00509870    -0.00161183   0.00087658     0.00161183  -0.00087658
 -0.00161183   0.00087658    -0.00432117   0.00217768     0.00270705   0.00495552
  0.00161183  -0.00087658     0.00270705   0.00495552    -0.00432117   0.00217768
    7    7
  0.03393918  -0.00000000    -0.00276628   0.00017666     0.00276628  -0.00017666
 -0.00276628  -0.00017666     0.03240633   0.00000000    -0.00972469   0.00000000
  0.00276628   0.00017666    -0.00972469   0.00000000     0.03240633   0.00000000
    7    8
 -0.01470222   0.00306514    -0.00653699   0.00019708     0.00653699  -0.00019708
  0.00653699  -0.00019708    -0.00238507  -0.00978607     0.00433959   0.00200722
 -0.00653699   0.00019708     0.00433959   0.00200722    -0.00238507  -0.00978607
    7    9
  0.00393890  -0.00000000     0.00635550   0.00152206    -0.00635550  -0.00152206
 -0.00635550   0.00152206    -0.00482381  -0.00000000    -0.00448484   0.00000000
  0.00635550  -0.00152206    -0.00448484   0.00000000    -0.00482381  -0.00000000
    7   10
 -0.00005890  -0.00010202    -0.00342699  -0.00380775    -0.00382896  -0.00474038
  0.00158411   0.00487174     0.00819137   0.01418787    -0.00025116   0.00078180
 -0.00219080  -0.00568617    -0.00080264  -0.00017338    -0.00314927  -0.00545469
    7   11
  0.00591035  -0.00112259     0.00305535  -0.00273379     0.00171645  -0.00180728
 -0.00305535   0.00273379    -0.00058925   0.00252845    -0.00110898   0.00054605
  0.00171645  -0.00180728     0.00110898  -0.00054605    -0.00312729  -0.00554233
    8    1
  0.00823807   0.00821127     0.00012518  -0.01110088    -0.00012518   0.01110088
  0.01389372   0.00175626    -0.00365552   0.00642152     0.00497409  -0.00604276
 -0.01389372  -0.00175626     0.00497409  -0.00604276    -0.00365552   0.00642152
    8    2
 -0.01278923   0.01537360    -0.00383606  -0.00171205     0.00383606   0.00171205
 -0.00326526   0.00415347     0.00413746   0.00085902    -0.00583533   0.00160968
  0.00326526  -0.00415347    -0.00583533   0.00160968     0.00413746   0.00085902
    8    3
  0.00504938   0.00484938     0.00867762  -0.00115957    -0.00867762   0.00115957
  0.01833525   0.00253287    -0.00902355  -0.00121827     0.01038803  -0.00161428
 -0.01833525  -0.00253287     0.01038803  -0.00161428    -0.00902355  -0.00121827
    8    4
  0.00591035   0.00112259    -0.00305535  -0.00273379    -0.00171645  -0.00180728
  0.00305535   0.00273379    -0.00058925  -0.00252845    -0.00110898  -0.00054605
 -0.00171645  -0.00180728     0.00110898   0.00054605    -0.00312729   0.00554233
    8    5
 -0.00005890   0.00010202     0.00342699  -0.00380775     0.00382896  -0.00474038
 -0.00158411   0.00487174     0.00819137  -0.01418787    -0.00025116  -0.00078180
  0.00219080  -0.00568617    -0.00080264   0.00017338    -0.00314927   0.00545469
    8    6
  0.00393890   0.00000000    -0.00635550   0.00152206     0.00635550  -0.00152206
  0.00635550   0.00152206    -0.00482381   0.00000000    -0.00448484  -0.00000000
 -0.00635550  -0.00152206    -0.00448484  -0.00000000    -0.00482381   0.00000000
    8    7
 -0.01470222  -0.00306514     0.00653699   0.00019708    -0.00653699  -0.00019708
 -0.00653699  -0.00019708    -0.00238507   0.00978607     0.00433959  -0.00200722
  0.00653699   0.00019708     0.00433959  -0.00200722    -0.00238507   0.00978607
    8    8
  0.03393918   0.00000000     0.00276628   0.00017666    -0.00276628  -0.00017666
  0.00276628  -0.00017666     0.03240633  -0.00000000    -0.00972469  -0.00000000
 -0.00276628   0.00017666    -0.00972469  -0.00000000     0.03240633  -0.00000000
    8    9
 -0.00186282  -0.00509870     0.00161183   0.00087658    -0.00161183  -0.00087658
  0.00161183   0.00087658    -0.00432117  -0.00217768     0.00270705  -0.00495552
 -0.00161183  -0.00087658     0.00270705  -0.00495552    -0.00432117  -0.00217768
    8   10
  0.00591035   0.00112259     0.00171645   0.00180728     0.00305535   0.00273379
  0.00171645   0.00180728    -0.00312729   0.00554233     0.00110898   0.00054605
 -0.00305535  -0.00273379    -0.00110898  -0.00054605    -0.00058925  -0.00252845
    8   11
 -0.00005890   0.00010202    -0.00382896   0.00474038    -0.00342699   0.00380775
 -0.00219080   0.00568617    -0.00314927   0.00545469    -0.00080264   0.00017338
  0.00158411  -0.00487174    -0.00025116  -0.00078180     0.00819137  -0.01418787
    9    1
  0.00823807  -0.00821127     0.00012518   0.01110088    -0.00012518  -0.01110088
  0.01389372  -0.00175626    -0.00365552  -0.00642152     0.00497409   0.00604276
 -0.01389372   0.00175626     0.00497409   0.00604276    -0.00365552  -0.00642152
    9    2
  0.00504938  -0.00484938     0.00867762   0.00115957    -0.00867762  -0.00115957
  0.01833525  -0.00253287    -0.00902355   0.00121827     0.01038803   0.00161428
 -0.01833525   0.00253287     0.01038803   0.00161428    -0.00902355   0.00121827
    9    3
 -0.01278923  -0.01537360    -0.00383606   0.00171205     0.00383606  -0.00171205
 -0.00326526  -0.00415347     0.00413746  -0.00085902    -0.00583533  -0.00160968
  0.00326526   0.00415347    -0.00583533  -0.00160968     0.00413746  -0.00085902
    9    4
 -0.00005890  -0.00010202     0.00342699   0.00380775     0.00382896   0.00474038
 -0.00158411  -0.00487174     0.00819137   0.01418787    -0.00025116   0.00078180
  0.00219080   0.00568617    -0.00080264  -0.00017338    -0.00314927  -0.00545469
    9    5
  0.00591035  -0.00112259    -0.00305535   0.00273379    -0.00171645   0.00180728
  0.00305535  -0.00273379    -0.00058925   0.00252845    -0.00110898   0.00054605
 -0.00171645   0.00180728     0.00110898  -0.00054605    -0.00312729  -0.00554233
    9    6
 -0.01470222   0.00306514     0.00653699  -0.00019708    -0.00653699   0.00019708
 -0.00653699   0.00019708    -0.00238507  -0.00978607     0.00433959   0.00200722
  0.00653699  -0.00019708     0.00433959   0.00200722    -0.00238507  -0.00978607
    9    7
  0.00393890  -0.00000000    -0.00635550  -0.00152206     0.00635550   0.00152206
  0.00635550  -0.00152206    -0.00482381  -0.00000000    -0.00448484   0.00000000
 -0.00635550   0.00152206    -0.00448484   0.00000000    -0.00482381   0.00000000
    9    8
 -0.00186282   0.00509870     0.00161183  -0.00087658    -0.00161183   0.00087658
  0.00161183  -0.00087658    -0.00432117   0.00217768     0.00270705   0.00495552
 -0.00161183   0.00087658     0.00270705   0.00495552    -0.00432117   0.00217768
    9    9
  0.03393918  -0.00000000     0.00276628  -0.00017666    -0.00276628   0.00017666
  0.00276628   0.00017666     0.03240633   0.00000000    -0.00972469   0.00000000
 -0.00276628  -0.00017666    -0.00972469   0.00000000     0.03240633   0.00000000
    9   10
 -0.00005890  -0.00010202    -0.00382896  -0.00474038    -0.00342699  -0.00380775
 -0.00219080  -0.00568617    -0.00314927  -0.00545469    -0.00080264  -0.00017338
  0.00158411   0.00487174    -0.00025116   0.00078180     0.00819137   0.01418787
    9   11
  0.00591035  -0.00112259     0.00171645  -0.00180728     0.00305535  -0.00273379
  0.00171645  -0.00180728    -0.00312729  -0.00554233     0.00110898  -0.00054605
 -0.00305535   0.00273379    -0.00110898   0.00054605    -0.00058925   0.00252845
   10    1
  0.00299213   0.01124001    -0.00967623  -0.00544203    -0.00967623  -0.00544203
 -0.00542590   0.01291044     0.00738896   0.00004498     0.00772022  -0.00128631
 -0.00542590   0.01291044     0.00772022  -0.00128631     0.00738896   0.00004498
   10    2
 -0.00691931   0.01876260     0.00340071   0.00246610     0.00340071   0.00246610
 -0.00196438   0.00490454    -0.00281266  -0.00315364    -0.00152364  -0.00585839
 -0.00196438   0.00490454    -0.00152364  -0.00585839    -0.00281266  -0.00315364
   10    3
  0.00504938  -0.00484938     0.00867762   0.00115957     0.00867762   0.00115957
  0.01833525  -0.00253287    -0.00902355   0.00121827    -0.01038803  -0.00161428
  0.01833525  -0.00253287    -0.01038803  -0.00161428    -0.00902355   0.00121827
   10    4
  0.00393890   0.00000000    -0.00635550  -0.00152206    -0.00635550  -0.00152206
  0.00635550  -0.00152206    -0.00482381   0.00000000     0.00448484   0.00000000
  0.00635550  -0.00152206     0.00448484  -0.00000000    -0.00482381  -0.00000000
   10    5
  0.01000560   0.01119993    -0.00343917  -0.00556266    -0.00343917  -0.00556266
  0.00343917   0.00556266    -0.00728245   0.00695857     0.00043149   0.00476181
  0.00343917   0.00556266     0.00043149   0.00476181    -0.00728245   0.00695857
   10    6
  0.00591035  -0.00112259    -0.00305535   0.00273379     0.00171645  -0.00180728
  0.00305535  -0.00273379    -0.00058925   0.00252845     0.00110898  -0.00054605
  0.00171645  -0.00180728    -0.00110898   0.00054605    -0.00312729  -0.00554233
   10    7
 -0.00005890   0.00010202     0.00158411  -0.00487174    -0.00219080   0.00568617
 -0.00342699   0.00380775     0.00819137  -0.01418787    -0.00080264   0.00017338
 -0.00382896   0.00474038    -0.00025116  -0.00078180    -0.00314927   0.00545469
   10    8
  0.00591035  -0.00112259     0.00171645  -0.00180728    -0.00305535   0.00273379
  0.00171645  -0.00180728    -0.00312729  -0.00554233    -0.00110898   0.00054605
  0.00305535  -0.00273379     0.00110898  -0.00054605    -0.00058925   0.00252845
   10    9
 -0.00005890   0.00010202    -0.00219080   0.00568617     0.00158411  -0.00487174
 -0.00382896   0.00474038    -0.00314927   0.00545469    -0.00025116  -0.00078180
 -0.00342699   0.00380775    -0.00080264   0.00017338     0.00819137  -0.01418787
   10   10
  0.03393918  -0.00000000     0.00276628  -0.00017666     0.00276628  -0.00017666
  0.00276628   0.00017666     0.03240633   0.00000000     0.00972469  -0.00000000
  0.00276628   0.00017666     0.00972469  -0.00000000     0.03240633   0.00000000
   10   11
  0.00534701  -0.00093610    -0.00156505  -0.00095759    -0.00156505  -0.00095759
 -0.00156505  -0.00095759     0.00404651   0.00265341    -0.00293808   0.00482214
 -0.00156505  -0.00095759    -0.00293808   0.00482214     0.00404651   0.00265341
   11    1
  0.00299213  -0.01124001    -0.00967623   0.00544203    -0.00967623   0.00544203
 -0.00542590  -0.01291044     0.00738896  -0.00004498     0.00772022   0.00128631
 -0.00542590  -0.01291044     0.00772022   0.00128631     0.00738896  -0.00004498
   11    2
  0.00504938   0.00484938     0.00867762  -0.00115957     0.00867762  -0.00115957
  0.01833525   0.00253287    -0.00902355  -0.00121827    -0.01038803   0.00161428
  0.01833525   0.00253287    -0.01038803   0.00161428    -0.00902355  -0.00121827
   11    3
 -0.00691931  -0.01876260     0.00340071  -0.00246610     0.00340071  -0.00246610
 -0.00196438  -0.00490454    -0.00281266   0.00315364    -0.00152364   0.00585839
 -0.00196438  -0.00490454    -0.00152364   0.00585839    -0.00281266   0.00315364
   11    4
  0.01000560  -0.01119993    -0.00343917   0.00556266    -0.00343917   0.00556266
  0.00343917  -0.00556266    -0.00728245  -0.00695857     0.00043149  -0.00476181
  0.00343917  -0.00556266     0.00043149  -0.00476181    -0.00728245  -0.00695857
   11    5
  0.00393890   0.00000000    -0.00635550   0.00152206    -0.00635550   0.00152206
  0.00635550   0.00152206    -0.00482381   0.00000000     0.00448484  -0.00000000
  0.00635550   0.00152206     0.00448484   0.00000000    -0.00482381   0.00000000
   11    6
 -0.00005890  -0.00010202     0.00158411   0.00487174    -0.00219080  -0.00568617
 -0.00342699  -0.00380775     0.00819137   0.01418787    -0.00080264  -0.00017338
 -0.00382896  -0.00474038    -0.00025116   0.00078180    -0.00314927  -0.00545469
   11    7
  0.00591035   0.00112259    -0.00305535  -0.00273379     0.00171645   0.00180728
  0.00305535   0.00273379    -0.00058925  -0.00252845     0.00110898   0.00054605
  0.00171645   0.00180728    -0.00110898  -0.00054605    -0.00312729   0.00554233
   11    8
 -0.00005890  -0.00010202    -0.00219080  -0.00568617     0.00158411   0.00487174
 -0.00382896  -0.00474038    -0.00314927  -0.00545469    -0.00025116   0.00078180
 -0.00342699  -0.00380775    -0.00080264  -0.00017338     0.00819137   0.01418787
   11    9
  0.00591035   0.00112259     0.00171645   0.00180728    -0.00305535  -0.00273379
  0.00171645   0.00180728    -0.00312729   0.00554233    -0.00110898  -0.00054605
  0.00305535   0.00273379     0.00110898   0.00054605    -0.00058925  -0.00252845
   11   10
  0.00534701   0.00093610    -0.00156505   0.00095759    -0.00156505   0.00095759
 -0.00156505   0.00095759     0.00404651  -0.00265341    -0.00293808  -0.00482214
 -0.00156505   0.00095759    -0.00293808  -0.00482214     0.00404651  -0.00265341
   11   11
  0.03393918   0.00000000     0.00276628   0.00017666     0.00276628   0.00017666
  0.00276628  -0.00017666     0.03240633  -0.00000000     0.00972469   0.00000000
  0.00276628  -0.00017666     0.00972469   0.00000000     0.03240633  -0.00000000

     Dynamical  Matrix in cartesian axes

     q = (   -0.471404521   0.000000000   0.000000000 ) 

    1    1
  0.24531253   0.00000000     0.00000000   0.00000000    -0.00000000   0.00000000
  0.00000000   0.00000000     0.08927133   0.00000000    -0.00000000   0.00000000
 -0.00000000   0.00000000    -0.00000000   0.00000000     0.08927133   0.00000000
    1    2
  0.02163556  -0.03747389    -0.00000000  -0.00000000    -0.00000000   0.00000000
  0.00000000  -0.00000000    -0.01132682   0.01961862    -0.02280215  -0.01316483
  0.00000000   0.00000000    -0.02280215  -0.01316483    -0.01132682   0.01961862
    1    3
  0.02163556   0.03747389    -0.00000000  -0.00000000    -0.00000000   0.00000000
  0.00000000   0.00000000    -0.01132682  -0.01961862    -0.02280215   0.01316483
 -0.00000000  -0.00000000    -0.02280215   0.01316483    -0.01132682  -0.01961862
    1    4
  0.00299213   0.01124001     0.00542590  -0.01291044     0.00542590  -0.01291044
  0.00967623   0.00544203     0.00738896   0.00004498     0.00772022  -0.00128631
  0.00967623   0.00544203     0.00772022  -0.00128631     0.00738896   0.00004498
    1    5
  0.00299213  -0.01124001     0.00542590   0.01291044     0.00542590   0.01291044
  0.00967623  -0.00544203     0.00738896  -0.00004498     0.00772022   0.00128631
  0.00967623  -0.00544203     0.00772022   0.00128631     0.00738896  -0.00004498
    1    6
  0.00823807   0.00821127    -0.01389372  -0.00175626     0.01389372   0.00175626
 -0.00012518   0.01110088    -0.00365552   0.00642152     0.00497409  -0.00604276
  0.00012518  -0.01110088     0.00497409  -0.00604276    -0.00365552   0.00642152
    1    7
  0.00823807  -0.00821127    -0.01389372   0.00175626     0.01389372  -0.00175626
 -0.00012518  -0.01110088    -0.00365552  -0.00642152     0.00497409   0.00604276
  0.00012518   0.01110088     0.00497409   0.00604276    -0.00365552  -0.00642152
    1    8
  0.00823807   0.00821127     0.01389372   0.00175626    -0.01389372  -0.00175626
  0.00012518  -0.01110088    -0.00365552   0.00642152     0.00497409  -0.00604276
 -0.00012518   0.01110088     0.00497409  -0.00604276    -0.00365552   0.00642152
    1    9
  0.00823807  -0.00821127     0.01389372  -0.00175626    -0.01389372   0.00175626
  0.00012518   0.01110088    -0.00365552  -0.00642152     0.00497409   0.00604276
 -0.00012518  -0.01110088     0.00497409   0.00604276    -0.00365552  -0.00642152
    1   10
  0.00299213   0.01124001    -0.00542590   0.01291044    -0.00542590   0.01291044
 -0.00967623  -0.00544203     0.00738896   0.00004498     0.00772022  -0.00128631
 -0.00967623  -0.00544203     0.00772022  -0.00128631     0.00738896   0.00004498
    1   11
  0.00299213  -0.01124001    -0.00542590  -0.01291044    -0.00542590  -0.01291044
 -0.00967623   0.00544203     0.00738896  -0.00004498     0.00772022   0.00128631
 -0.00967623   0.00544203     0.00772022   0.00128631     0.00738896  -0.00004498
    2    1
  0.02163556   0.03747389     0.00000000   0.00000000     0.00000000   0.00000000
  0.00000000   0.00000000    -0.01132682  -0.01961862    -0.02280215   0.01316483
 -0.00000000   0.00000000    -0.02280215   0.01316483    -0.01132682  -0.01961862
    2    2
  0.08301243   0.00000000    -0.00000000   0.00000000     0.00000000  -0.00000000
 -0.00000000  -0.00000000     0.03333163  -0.00000000    -0.00000000   0.00000000
  0.00000000   0.00000000    -0.00000000   0.00000000     0.03333163  -0.00000000
    2    3
 -0.00547368   0.00948069     0.00000000  -0.00000000     0.00000000   0.00000000
  0.00000000   0.00000000    -0.00121250   0.00210011     0.01328673   0.00767110
  0.00000000   0.00000000     0.01328673   0.00767110    -0.00121250   0.00210011
    2    4
 -0.00691931   0.01876260     0.00196438  -0.00490454     0.00196438  -0.00490454
 -0.00340071  -0.00246610    -0.00281266  -0.00315364    -0.00152364  -0.00585839
 -0.00340071  -0.00246610    -0.00152364  -0.00585839    -0.00281266  -0.00315364
    2    5
  0.00504938   0.00484938    -0.01833525  -0.00253287    -0.01833525  -0.00253287
 -0.00867762   0.00115957    -0.00902355  -0.00121827    -0.01038803   0.00161428
 -0.00867762   0.00115957    -0.01038803   0.00161428    -0.00902355  -0.00121827
    2    6
 -0.01278923   0.01537360     0.00326526  -0.00415347    -0.00326526   0.00415347
  0.00383606   0.00171205     0.00413746   0.00085902    -0.00583533   0.00160968
 -0.00383606  -0.00171205    -0.00583533   0.00160968     0.00413746   0.00085902
    2    7
  0.00504938  -0.00484938    -0.01833525   0.00253287     0.01833525  -0.00253287
 -0.00867762  -0.00115957    -0.00902355   0.00121827     0.01038803   0.00161428
  0.00867762   0.00115957     0.01038803   0.00161428    -0.00902355   0.00121827
    2    8
 -0.01278923   0.01537360    -0.00326526   0.00415347     0.00326526  -0.00415347
 -0.00383606  -0.00171205     0.00413746   0.00085902    -0.00583533   0.00160968
  0.00383606   0.00171205    -0.00583533   0.00160968     0.00413746   0.00085902
    2    9
  0.00504938  -0.00484938     0.01833525  -0.00253287    -0.01833525   0.00253287
  0.00867762   0.00115957    -0.00902355   0.00121827     0.01038803   0.00161428
 -0.00867762  -0.00115957     0.01038803   0.00161428    -0.00902355   0.00121827
    2   10
 -0.00691931   0.01876260    -0.00196438   0.00490454    -0.00196438   0.00490454
  0.00340071   0.00246610    -0.00281266  -0.00315364    -0.00152364  -0.00585839
  0.00340071   0.00246610    -0.00152364  -0.00585839    -0.00281266  -0.00315364
    2   11
  0.00504938   0.00484938     0.01833525   0.00253287     0.01833525   0.00253287
  0.00867762  -0.00115957    -0.00902355  -0.00121827    -0.01038803   0.00161428
  0.00867762  -0.00115957    -0.01038803   0.00161428    -0.00902355  -0.00121827
    3    1
  0.02163556  -0.03747389     0.00000000  -0.00000000     0.00000000   0.00000000
  0.00000000   0.00000000    -0.01132682   0.01961862    -0.02280215  -0.01316483
 -0.00000000   0.00000000    -0.02280215  -0.01316483    -0.01132682   0.01961862
    3    2
 -0.00547368  -0.00948069     0.00000000   0.00000000     0.00000000  -0.00000000
  0.00000000  -0.00000000    -0.00121250  -0.00210011     0.01328673  -0.00767110
  0.00000000  -0.00000000     0.01328673  -0.00767110    -0.00121250  -0.00210011
    3    3
  0.08301243  -0.00000000    -0.00000000  -0.00000000     0.00000000   0.00000000
 -0.00000000   0.00000000     0.03333163   0.00000000    -0.00000000  -0.00000000
  0.00000000  -0.00000000    -0.00000000  -0.00000000     0.03333163   0.00000000
    3    4
  0.00504938  -0.00484938    -0.01833525   0.00253287    -0.01833525   0.00253287
 -0.00867762  -0.00115957    -0.00902355   0.00121827    -0.01038803  -0.00161428
 -0.00867762  -0.00115957    -0.01038803  -0.00161428    -0.00902355   0.00121827
    3    5
 -0.00691931  -0.01876260     0.00196438   0.00490454     0.00196438   0.00490454
 -0.00340071   0.00246610    -0.00281266   0.00315364    -0.00152364   0.00585839
 -0.00340071   0.00246610    -0.00152364   0.00585839    -0.00281266   0.00315364
    3    6
  0.00504938   0.00484938    -0.01833525  -0.00253287     0.01833525   0.00253287
 -0.00867762   0.00115957    -0.00902355  -0.00121827     0.01038803  -0.00161428
  0.00867762  -0.00115957     0.01038803  -0.00161428    -0.00902355  -0.00121827
    3    7
 -0.01278923  -0.01537360     0.00326526   0.00415347    -0.00326526  -0.00415347
  0.00383606  -0.00171205     0.00413746  -0.00085902    -0.00583533  -0.00160968
 -0.00383606   0.00171205    -0.00583533  -0.00160968     0.00413746  -0.00085902
    3    8
  0.00504938   0.00484938     0.01833525   0.00253287    -0.01833525  -0.00253287
  0.00867762  -0.00115957    -0.00902355  -0.00121827     0.01038803  -0.00161428
 -0.00867762   0.00115957     0.01038803  -0.00161428    -0.00902355  -0.00121827
    3    9
 -0.01278923  -0.01537360    -0.00326526  -0.00415347     0.00326526   0.00415347
 -0.00383606   0.00171205     0.00413746  -0.00085902    -0.00583533  -0.00160968
  0.00383606  -0.00171205    -0.00583533  -0.00160968     0.00413746  -0.00085902
    3   10
  0.00504938  -0.00484938     0.01833525  -0.00253287     0.01833525  -0.00253287
  0.00867762   0.00115957    -0.00902355   0.00121827    -0.01038803  -0.00161428
  0.00867762   0.00115957    -0.01038803  -0.00161428    -0.00902355   0.00121827
    3   11
 -0.00691931  -0.01876260    -0.00196438  -0.00490454    -0.00196438  -0.00490454
  0.00340071  -0.00246610    -0.00281266   0.00315364    -0.00152364   0.00585839
  0.00340071  -0.00246610    -0.00152364   0.00585839    -0.00281266   0.00315364
    4    1
  0.00299213  -0.01124001     0.00967623  -0.00544203     0.00967623  -0.00544203
