  1.500000000000000E-002   1.62611031437266        4.44829059121779     
           8

     Dynamical  Matrix in cartesian axes

     q = (    0.117851130   0.117851130  -0.117851130 ) 

    1    1
  0.20482039   0.00000000     0.07688943   0.00000000    -0.07688943   0.00000000
  0.07688943   0.00000000     0.20482039   0.00000000    -0.07688943   0.00000000
 -0.07688943   0.00000000    -0.07688943   0.00000000     0.20482039   0.00000000
    1    2
  0.00734238  -0.01778761     0.01877525  -0.01626990    -0.01877525   0.01626990
  0.01877525  -0.01626990     0.00734238  -0.01778761    -0.01877525   0.01626990
 -0.01877525   0.01626990    -0.01877525   0.01626990     0.00734238  -0.01778761
    1    3
  0.00734238   0.01778761     0.01877525   0.01626990    -0.01877525  -0.01626990
  0.01877525   0.01626990     0.00734238   0.01778761    -0.01877525  -0.01626990
 -0.01877525  -0.01626990    -0.01877525  -0.01626990     0.00734238   0.01778761
    1    4
 -0.02205318  -0.01122453     0.00578357  -0.00761443     0.01252813  -0.00920557
  0.00578357  -0.00761443    -0.02205318  -0.01122453     0.01252813  -0.00920557
  0.01391036  -0.00267089     0.01391036  -0.00267089    -0.01059888   0.02837332
    1    5
 -0.02205318   0.01122453     0.00578357   0.00761443     0.01252813   0.00920557
  0.00578357   0.00761443    -0.02205318   0.01122453     0.01252813   0.00920557
  0.01391036   0.00267089     0.01391036   0.00267089    -0.01059888  -0.02837332
    1    6
 -0.02453790   0.00653033    -0.00338012  -0.00970675     0.00338012   0.00970675
 -0.00338012  -0.00970675    -0.02453790   0.00653033     0.00338012   0.00970675
  0.00338012   0.00970675     0.00338012   0.00970675    -0.02453790   0.00653033
    1    7
 -0.02453790  -0.00653033    -0.00338012   0.00970675     0.00338012  -0.00970675
 -0.00338012   0.00970675    -0.02453790  -0.00653033     0.00338012  -0.00970675
  0.00338012  -0.00970675     0.00338012  -0.00970675    -0.02453790  -0.00653033
    1    8
 -0.01059888   0.02837332    -0.01391036   0.00267089     0.01391036  -0.00267089
 -0.01252813   0.00920557    -0.02205318  -0.01122453    -0.00578357   0.00761443
  0.01252813  -0.00920557    -0.00578357   0.00761443    -0.02205318  -0.01122453
    1    9
 -0.01059888  -0.02837332    -0.01391036  -0.00267089     0.01391036   0.00267089
 -0.01252813  -0.00920557    -0.02205318   0.01122453    -0.00578357  -0.00761443
  0.01252813   0.00920557    -0.00578357  -0.00761443    -0.02205318   0.01122453
    1   10
 -0.02205318  -0.01122453    -0.01252813   0.00920557    -0.00578357   0.00761443
 -0.01391036   0.00267089    -0.01059888   0.02837332     0.01391036  -0.00267089
 -0.00578357   0.00761443     0.01252813  -0.00920557    -0.02205318  -0.01122453
    1   11
 -0.02205318   0.01122453    -0.01252813  -0.00920557    -0.00578357  -0.00761443
 -0.01391036  -0.00267089    -0.01059888  -0.02837332     0.01391036   0.00267089
 -0.00578357  -0.00761443     0.01252813   0.00920557    -0.02205318   0.01122453
    2    1
  0.00734238   0.01778761     0.01877525   0.01626990    -0.01877525  -0.01626990
  0.01877525   0.01626990     0.00734238   0.01778761    -0.01877525  -0.01626990
 -0.01877525  -0.01626990    -0.01877525  -0.01626990     0.00734238   0.01778761
    2    2
  0.04212581  -0.00000000     0.01507520   0.00000000    -0.01507520  -0.00000000
  0.01507520   0.00000000     0.04212581  -0.00000000    -0.01507520  -0.00000000
 -0.01507520  -0.00000000    -0.01507520  -0.00000000     0.04212581  -0.00000000
    2    3
 -0.01817421   0.00939448    -0.00723488   0.00549288     0.00723488  -0.00549288
 -0.00723488   0.00549288    -0.01817421   0.00939448     0.00723488  -0.00549288
  0.00723488  -0.00549288     0.00723488  -0.00549288    -0.01817421   0.00939448
    2    4
 -0.00154966   0.00103811     0.00466807   0.00070708     0.00371767   0.00374405
  0.00466807   0.00070708    -0.00154966   0.00103811     0.00371767   0.00374405
 -0.00214322  -0.00215421    -0.00214322  -0.00215421    -0.00065297  -0.00273912
    2    5
 -0.00292221   0.00385569    -0.00942452   0.00064113    -0.00605924   0.00631788
 -0.00942452   0.00064113    -0.00292221   0.00385569    -0.00605924   0.00631788
 -0.00388637  -0.00311269    -0.00388637  -0.00311269    -0.00460587  -0.00270586
    2    6
  0.00764949  -0.00220601     0.01017130  -0.00304452    -0.01017130   0.00304452
  0.01017130  -0.00304452     0.00764949  -0.00220601    -0.01017130   0.00304452
 -0.01017130   0.00304452    -0.01017130   0.00304452     0.00764949  -0.00220601
    2    7
 -0.01380593   0.00111600    -0.01910536   0.00242983     0.01910536  -0.00242983
 -0.01910536   0.00242983    -0.01380593   0.00111600     0.01910536  -0.00242983
  0.01910536  -0.00242983     0.01910536  -0.00242983    -0.01380593   0.00111600
    2    8
 -0.00065297  -0.00273912     0.00214322   0.00215421    -0.00214322  -0.00215421
 -0.00371767  -0.00374405    -0.00154966   0.00103811    -0.00466807  -0.00070708
  0.00371767   0.00374405    -0.00466807  -0.00070708    -0.00154966   0.00103811
    2    9
 -0.00460587  -0.00270586     0.00388637   0.00311269    -0.00388637  -0.00311269
  0.00605924  -0.00631788    -0.00292221   0.00385569     0.00942452  -0.00064113
 -0.00605924   0.00631788     0.00942452  -0.00064113    -0.00292221   0.00385569
    2   10
 -0.00154966   0.00103811    -0.00371767  -0.00374405    -0.00466807  -0.00070708
  0.00214322   0.00215421    -0.00065297  -0.00273912    -0.00214322  -0.00215421
 -0.00466807  -0.00070708     0.00371767   0.00374405    -0.00154966   0.00103811
    2   11
 -0.00292221   0.00385569     0.00605924  -0.00631788     0.00942452  -0.00064113
  0.00388637   0.00311269    -0.00460587  -0.00270586    -0.00388637  -0.00311269
  0.00942452  -0.00064113    -0.00605924   0.00631788    -0.00292221   0.00385569
    3    1
  0.00734238  -0.01778761     0.01877525  -0.01626990    -0.01877525   0.01626990
  0.01877525  -0.01626990     0.00734238  -0.01778761    -0.01877525   0.01626990
 -0.01877525   0.01626990    -0.01877525   0.01626990     0.00734238  -0.01778761
    3    2
 -0.01817421  -0.00939448    -0.00723488  -0.00549288     0.00723488   0.00549288
 -0.00723488  -0.00549288    -0.01817421  -0.00939448     0.00723488   0.00549288
  0.00723488   0.00549288     0.00723488   0.00549288    -0.01817421  -0.00939448
    3    3
  0.04212581   0.00000000     0.01507520  -0.00000000    -0.01507520   0.00000000
  0.01507520  -0.00000000     0.04212581   0.00000000    -0.01507520   0.00000000
 -0.01507520   0.00000000    -0.01507520   0.00000000     0.04212581   0.00000000
    3    4
 -0.00292221  -0.00385569    -0.00942452  -0.00064113    -0.00605924  -0.00631788
 -0.00942452  -0.00064113    -0.00292221  -0.00385569    -0.00605924  -0.00631788
 -0.00388637   0.00311269    -0.00388637   0.00311269    -0.00460587   0.00270586
    3    5
 -0.00154966  -0.00103811     0.00466807  -0.00070708     0.00371767  -0.00374405
  0.00466807  -0.00070708    -0.00154966  -0.00103811     0.00371767  -0.00374405
 -0.00214322   0.00215421    -0.00214322   0.00215421    -0.00065297   0.00273912
    3    6
 -0.01380593  -0.00111600    -0.01910536  -0.00242983     0.01910536   0.00242983
 -0.01910536  -0.00242983    -0.01380593  -0.00111600     0.01910536   0.00242983
  0.01910536   0.00242983     0.01910536   0.00242983    -0.01380593  -0.00111600
    3    7
  0.00764949   0.00220601     0.01017130   0.00304452    -0.01017130  -0.00304452
  0.01017130   0.00304452     0.00764949   0.00220601    -0.01017130  -0.00304452
 -0.01017130  -0.00304452    -0.01017130  -0.00304452     0.00764949   0.00220601
    3    8
 -0.00460587   0.00270586     0.00388637  -0.00311269    -0.00388637   0.00311269
  0.00605924   0.00631788    -0.00292221  -0.00385569     0.00942452   0.00064113
 -0.00605924  -0.00631788     0.00942452   0.00064113    -0.00292221  -0.00385569
    3    9
 -0.00065297   0.00273912     0.00214322  -0.00215421    -0.00214322   0.00215421
 -0.00371767   0.00374405    -0.00154966  -0.00103811    -0.00466807   0.00070708
  0.00371767  -0.00374405    -0.00466807   0.00070708    -0.00154966  -0.00103811
    3   10
 -0.00292221  -0.00385569     0.00605924   0.00631788     0.00942452   0.00064113
  0.00388637  -0.00311269    -0.00460587   0.00270586    -0.00388637   0.00311269
  0.00942452   0.00064113    -0.00605924  -0.00631788    -0.00292221  -0.00385569
    3   11
 -0.00154966  -0.00103811    -0.00371767   0.00374405    -0.00466807   0.00070708
  0.00214322  -0.00215421    -0.00065297   0.00273912    -0.00214322   0.00215421
 -0.00466807   0.00070708     0.00371767  -0.00374405    -0.00154966  -0.00103811
    4    1
 -0.02205318   0.01122453     0.00578357   0.00761443     0.01391036   0.00267089
  0.00578357   0.00761443    -0.02205318   0.01122453     0.01391036   0.00267089
  0.01252813   0.00920557     0.01252813   0.00920557    -0.01059888  -0.02837332
    4    2
 -0.00154966  -0.00103811     0.00466807  -0.00070708    -0.00214322   0.00215421
  0.00466807  -0.00070708    -0.00154966  -0.00103811    -0.00214322   0.00215421
  0.00371767  -0.00374405     0.00371767  -0.00374405    -0.00065297   0.00273912
    4    3
 -0.00292221   0.00385569    -0.00942452   0.00064113    -0.00388637  -0.00311269
 -0.00942452   0.00064113    -0.00292221   0.00385569    -0.00388637  -0.00311269
 -0.00605924   0.00631788    -0.00605924   0.00631788    -0.00460587  -0.00270586
    4    4
  0.02951802   0.00000000     0.00264925  -0.00000000     0.00119917   0.00157835
  0.00264925  -0.00000000     0.02951802  -0.00000000     0.00119917   0.00157835
  0.00119917  -0.00157835     0.00119917  -0.00157835     0.02506132  -0.00000000
    4    5
  0.00031073  -0.00434289    -0.00214664  -0.00047386    -0.00176772  -0.00342797
 -0.00214664  -0.00047386     0.00031073  -0.00434289    -0.00176772  -0.00342797
 -0.00176772  -0.00342797    -0.00176772  -0.00342797    -0.00390071   0.00218086
    4    6
 -0.00102274  -0.00844548    -0.00190205  -0.00185307    -0.00039546   0.00191655
 -0.00190205  -0.00185307    -0.00102274  -0.00844548    -0.00039546   0.00191655
 -0.00209641  -0.00531080    -0.00209641  -0.00531080     0.00324122   0.00635764
    4    7
  0.00742507   0.00556953     0.00172725   0.00220577     0.00157790  -0.00272271
  0.00172725   0.00220577     0.00742507   0.00556953     0.00157790  -0.00272271
 -0.00061001   0.00442112    -0.00061001   0.00442112    -0.01155988  -0.00025458
    4    8
 -0.00574289  -0.00437064     0.00265731   0.00010631    -0.00339786   0.00000000
 -0.00340201   0.00173840     0.00767884   0.00000000    -0.00265731   0.00010631
 -0.00173862   0.00000000     0.00340201   0.00173840    -0.00574289   0.00437064
    4    9
  0.00813476   0.00588549    -0.00223581   0.00349145     0.00321982  -0.00220452
 -0.00011866  -0.00030929    -0.00473742  -0.01503446     0.00223581  -0.00349145
  0.00054513  -0.00041446     0.00011866   0.00030929     0.00813476   0.00588549
    4   10
  0.00767884   0.00000000    -0.00340201   0.00173840    -0.00265731   0.00010631
  0.00265731   0.00010631    -0.00574289  -0.00437064    -0.00339786   0.00000000
  0.00340201   0.00173840    -0.00173862   0.00000000    -0.00574289   0.00437064
    4   11
 -0.00473742  -0.01503446    -0.00011866  -0.00030929     0.00223581  -0.00349145
 -0.00223581   0.00349145     0.00813476   0.00588549     0.00321982  -0.00220452
  0.00011866   0.00030929     0.00054513  -0.00041446     0.00813476   0.00588549
    5    1
 -0.02205318  -0.01122453     0.00578357  -0.00761443     0.01391036  -0.00267089
  0.00578357  -0.00761443    -0.02205318  -0.01122453     0.01391036  -0.00267089
  0.01252813  -0.00920557     0.01252813  -0.00920557    -0.01059888   0.02837332
    5    2
 -0.00292221  -0.00385569    -0.00942452  -0.00064113    -0.00388637   0.00311269
 -0.00942452  -0.00064113    -0.00292221  -0.00385569    -0.00388637   0.00311269
 -0.00605924  -0.00631788    -0.00605924  -0.00631788    -0.00460587   0.00270586
    5    3
 -0.00154966   0.00103811     0.00466807   0.00070708    -0.00214322  -0.00215421
  0.00466807   0.00070708    -0.00154966   0.00103811    -0.00214322  -0.00215421
  0.00371767   0.00374405     0.00371767   0.00374405    -0.00065297  -0.00273912
    5    4
  0.00031073   0.00434289    -0.00214664   0.00047386    -0.00176772   0.00342797
 -0.00214664   0.00047386     0.00031073   0.00434289    -0.00176772   0.00342797
 -0.00176772   0.00342797    -0.00176772   0.00342797    -0.00390071  -0.00218086
    5    5
  0.02951802  -0.00000000     0.00264925   0.00000000     0.00119917  -0.00157835
  0.00264925   0.00000000     0.02951802   0.00000000     0.00119917  -0.00157835
  0.00119917   0.00157835     0.00119917   0.00157835     0.02506132   0.00000000
    5    6
  0.00742507  -0.00556953     0.00172725  -0.00220577     0.00157790   0.00272271
  0.00172725  -0.00220577     0.00742507  -0.00556953     0.00157790   0.00272271
 -0.00061001  -0.00442112    -0.00061001  -0.00442112    -0.01155988   0.00025458
    5    7
 -0.00102274   0.00844548    -0.00190205   0.00185307    -0.00039546  -0.00191655
 -0.00190205   0.00185307    -0.00102274   0.00844548    -0.00039546  -0.00191655
 -0.00209641   0.00531080    -0.00209641   0.00531080     0.00324122  -0.00635764
    5    8
  0.00813476  -0.00588549    -0.00223581  -0.00349145     0.00321982   0.00220452
 -0.00011866   0.00030929    -0.00473742   0.01503446     0.00223581   0.00349145
  0.00054513   0.00041446     0.00011866  -0.00030929     0.00813476  -0.00588549
    5    9
 -0.00574289   0.00437064     0.00265731  -0.00010631    -0.00339786   0.00000000
 -0.00340201  -0.00173840     0.00767884   0.00000000    -0.00265731  -0.00010631
 -0.00173862  -0.00000000     0.00340201  -0.00173840    -0.00574289  -0.00437064
    5   10
 -0.00473742   0.01503446    -0.00011866   0.00030929     0.00223581   0.00349145
 -0.00223581  -0.00349145     0.00813476  -0.00588549     0.00321982   0.00220452
  0.00011866  -0.00030929     0.00054513   0.00041446     0.00813476  -0.00588549
    5   11
  0.00767884  -0.00000000    -0.00340201  -0.00173840    -0.00265731  -0.00010631
  0.00265731  -0.00010631    -0.00574289   0.00437064    -0.00339786  -0.00000000
  0.00340201  -0.00173840    -0.00173862  -0.00000000    -0.00574289  -0.00437064
    6    1
 -0.02453790  -0.00653033    -0.00338012   0.00970675     0.00338012  -0.00970675
 -0.00338012   0.00970675    -0.02453790  -0.00653033     0.00338012  -0.00970675
  0.00338012  -0.00970675     0.00338012  -0.00970675    -0.02453790  -0.00653033
    6    2
  0.00764949   0.00220601     0.01017130   0.00304452    -0.01017130  -0.00304452
  0.01017130   0.00304452     0.00764949   0.00220601    -0.01017130  -0.00304452
 -0.01017130  -0.00304452    -0.01017130  -0.00304452     0.00764949   0.00220601
    6    3
 -0.01380593   0.00111600    -0.01910536   0.00242983     0.01910536  -0.00242983
 -0.01910536   0.00242983    -0.01380593   0.00111600     0.01910536  -0.00242983
  0.01910536  -0.00242983     0.01910536  -0.00242983    -0.01380593   0.00111600
    6    4
 -0.00102274   0.00844548    -0.00190205   0.00185307    -0.00209641   0.00531080
 -0.00190205   0.00185307    -0.00102274   0.00844548    -0.00209641   0.00531080
 -0.00039546  -0.00191655    -0.00039546  -0.00191655     0.00324122  -0.00635764
    6    5
  0.00742507   0.00556953     0.00172725   0.00220577    -0.00061001   0.00442112
  0.00172725   0.00220577     0.00742507   0.00556953    -0.00061001   0.00442112
  0.00157790  -0.00272271     0.00157790  -0.00272271    -0.01155988  -0.00025458
    6    6
  0.03621635  -0.00000000     0.01096712   0.00000000    -0.01096712  -0.00000000
  0.01096712   0.00000000     0.03621635  -0.00000000    -0.01096712  -0.00000000
 -0.01096712  -0.00000000    -0.01096712  -0.00000000     0.03621635  -0.00000000
    6    7
 -0.01581886   0.00219362    -0.01039820   0.00174749     0.01039820  -0.00174749
 -0.01039820   0.00174749    -0.01581886   0.00219362     0.01039820  -0.00174749
  0.01039820  -0.00174749     0.01039820  -0.00174749    -0.01581886   0.00219362
    6    8
  0.00324122  -0.00635764     0.00039546   0.00191655    -0.00039546  -0.00191655
  0.00209641  -0.00531080    -0.00102274   0.00844548     0.00190205  -0.00185307
 -0.00209641   0.00531080     0.00190205  -0.00185307    -0.00102274   0.00844548
    6    9
 -0.01155988  -0.00025458    -0.00157790   0.00272271     0.00157790  -0.00272271
  0.00061001  -0.00442112     0.00742507   0.00556953    -0.00172725  -0.00220577
 -0.00061001   0.00442112    -0.00172725  -0.00220577     0.00742507   0.00556953
    6   10
 -0.00102274   0.00844548     0.00209641  -0.00531080     0.00190205  -0.00185307
  0.00039546   0.00191655     0.00324122  -0.00635764    -0.00039546  -0.00191655
  0.00190205  -0.00185307    -0.00209641   0.00531080    -0.00102274   0.00844548
    6   11
  0.00742507   0.00556953     0.00061001  -0.00442112    -0.00172725  -0.00220577
 -0.00157790   0.00272271    -0.01155988  -0.00025458     0.00157790  -0.00272271
 -0.00172725  -0.00220577    -0.00061001   0.00442112     0.00742507   0.00556953
    7    1
 -0.02453790   0.00653033    -0.00338012  -0.00970675     0.00338012   0.00970675
 -0.00338012  -0.00970675    -0.02453790   0.00653033     0.00338012   0.00970675
  0.00338012   0.00970675     0.00338012   0.00970675    -0.02453790   0.00653033
    7    2
 -0.01380593  -0.00111600    -0.01910536  -0.00242983     0.01910536   0.00242983
 -0.01910536  -0.00242983    -0.01380593  -0.00111600     0.01910536   0.00242983
  0.01910536   0.00242983     0.01910536   0.00242983    -0.01380593  -0.00111600
    7    3
  0.00764949  -0.00220601     0.01017130  -0.00304452    -0.01017130   0.00304452
  0.01017130  -0.00304452     0.00764949  -0.00220601    -0.01017130   0.00304452
 -0.01017130   0.00304452    -0.01017130   0.00304452     0.00764949  -0.00220601
    7    4
  0.00742507  -0.00556953     0.00172725  -0.00220577    -0.00061001  -0.00442112
  0.00172725  -0.00220577     0.00742507  -0.00556953    -0.00061001  -0.00442112
  0.00157790   0.00272271     0.00157790   0.00272271    -0.01155988   0.00025458
    7    5
 -0.00102274  -0.00844548    -0.00190205  -0.00185307    -0.00209641  -0.00531080
 -0.00190205  -0.00185307    -0.00102274  -0.00844548    -0.00209641  -0.00531080
 -0.00039546   0.00191655    -0.00039546   0.00191655     0.00324122   0.00635764
    7    6
 -0.01581886  -0.00219362    -0.01039820  -0.00174749     0.01039820   0.00174749
 -0.01039820  -0.00174749    -0.01581886  -0.00219362     0.01039820   0.00174749
  0.01039820   0.00174749     0.01039820   0.00174749    -0.01581886  -0.00219362
    7    7
  0.03621635   0.00000000     0.01096712  -0.00000000    -0.01096712   0.00000000
  0.01096712  -0.00000000     0.03621635   0.00000000    -0.01096712   0.00000000
 -0.01096712   0.00000000    -0.01096712   0.00000000     0.03621635   0.00000000
    7    8
 -0.01155988   0.00025458    -0.00157790  -0.00272271     0.00157790   0.00272271
  0.00061001   0.00442112     0.00742507  -0.00556953    -0.00172725   0.00220577
 -0.00061001  -0.00442112    -0.00172725   0.00220577     0.00742507  -0.00556953
    7    9
  0.00324122   0.00635764     0.00039546  -0.00191655    -0.00039546   0.00191655
  0.00209641   0.00531080    -0.00102274  -0.00844548     0.00190205   0.00185307
 -0.00209641  -0.00531080     0.00190205   0.00185307    -0.00102274  -0.00844548
    7   10
  0.00742507  -0.00556953     0.00061001   0.00442112    -0.00172725   0.00220577
 -0.00157790  -0.00272271    -0.01155988   0.00025458     0.00157790   0.00272271
 -0.00172725   0.00220577    -0.00061001  -0.00442112     0.00742507  -0.00556953
    7   11
 -0.00102274  -0.00844548     0.00209641   0.00531080     0.00190205   0.00185307
  0.00039546  -0.00191655     0.00324122   0.00635764    -0.00039546   0.00191655
  0.00190205   0.00185307    -0.00209641  -0.00531080    -0.00102274  -0.00844548
    8    1
 -0.01059888  -0.02837332    -0.01252813  -0.00920557     0.01252813   0.00920557
 -0.01391036  -0.00267089    -0.02205318   0.01122453    -0.00578357  -0.00761443
  0.01391036   0.00267089    -0.00578357  -0.00761443    -0.02205318   0.01122453
    8    2
 -0.00065297   0.00273912    -0.00371767   0.00374405     0.00371767  -0.00374405
  0.00214322  -0.00215421    -0.00154966  -0.00103811    -0.00466807   0.00070708
 -0.00214322   0.00215421    -0.00466807   0.00070708    -0.00154966  -0.00103811
    8    3
 -0.00460587  -0.00270586     0.00605924  -0.00631788    -0.00605924   0.00631788
  0.00388637   0.00311269    -0.00292221   0.00385569     0.00942452  -0.00064113
 -0.00388637  -0.00311269     0.00942452  -0.00064113    -0.00292221   0.00385569
    8    4
 -0.00574289   0.00437064    -0.00340201  -0.00173840    -0.00173862  -0.00000000
  0.00265731  -0.00010631     0.00767884  -0.00000000     0.00340201  -0.00173840
 -0.00339786  -0.00000000    -0.00265731  -0.00010631    -0.00574289  -0.00437064
    8    5
  0.00813476   0.00588549    -0.00011866  -0.00030929     0.00054513  -0.00041446
 -0.00223581   0.00349145    -0.00473742  -0.01503446     0.00011866   0.00030929
  0.00321982  -0.00220452     0.00223581  -0.00349145     0.00813476   0.00588549
    8    6
  0.00324122   0.00635764     0.00209641   0.00531080    -0.00209641  -0.00531080
  0.00039546  -0.00191655    -0.00102274  -0.00844548     0.00190205   0.00185307
 -0.00039546   0.00191655     0.00190205   0.00185307    -0.00102274  -0.00844548
    8    7
 -0.01155988  -0.00025458     0.00061001  -0.00442112    -0.00061001   0.00442112
 -0.00157790   0.00272271     0.00742507   0.00556953    -0.00172725  -0.00220577
  0.00157790  -0.00272271    -0.00172725  -0.00220577     0.00742507   0.00556953
    8    8
  0.02506132  -0.00000000    -0.00119917   0.00157835     0.00119917  -0.00157835
 -0.00119917  -0.00157835     0.02951802   0.00000000    -0.00264925   0.00000000
  0.00119917   0.00157835    -0.00264925   0.00000000     0.02951802   0.00000000
    8    9
 -0.00390071   0.00218086     0.00176772   0.00342797    -0.00176772  -0.00342797
  0.00176772   0.00342797     0.00031073  -0.00434289     0.00214664   0.00047386
 -0.00176772  -0.00342797     0.00214664   0.00047386     0.00031073  -0.00434289
    8   10
 -0.00574289   0.00437064     0.00173862  -0.00000000     0.00340201   0.00173840
  0.00339786   0.00000000    -0.00574289  -0.00437064    -0.00265731  -0.00010631
 -0.00265731   0.00010631     0.00340201  -0.00173840     0.00767884  -0.00000000
    8   11
  0.00813476   0.00588549    -0.00054513   0.00041446     0.00011866   0.00030929
 -0.00321982   0.00220452     0.00813476   0.00588549     0.00223581  -0.00349145
  0.00223581  -0.00349145     0.00011866   0.00030929    -0.00473742  -0.01503446
    9    1
 -0.01059888   0.02837332    -0.01252813   0.00920557     0.01252813  -0.00920557
 -0.01391036   0.00267089    -0.02205318  -0.01122453    -0.00578357   0.00761443
  0.01391036  -0.00267089    -0.00578357   0.00761443    -0.02205318  -0.01122453
    9    2
 -0.00460587   0.00270586     0.00605924   0.00631788    -0.00605924  -0.00631788
  0.00388637  -0.00311269    -0.00292221  -0.00385569     0.00942452   0.00064113
 -0.00388637   0.00311269     0.00942452   0.00064113    -0.00292221  -0.00385569
    9    3
 -0.00065297  -0.00273912    -0.00371767  -0.00374405     0.00371767   0.00374405
  0.00214322   0.00215421    -0.00154966   0.00103811    -0.00466807  -0.00070708
 -0.00214322  -0.00215421    -0.00466807  -0.00070708    -0.00154966   0.00103811
    9    4
  0.00813476  -0.00588549    -0.00011866   0.00030929     0.00054513   0.00041446
 -0.00223581  -0.00349145    -0.00473742   0.01503446     0.00011866  -0.00030929
  0.00321982   0.00220452     0.00223581   0.00349145     0.00813476  -0.00588549
    9    5
 -0.00574289  -0.00437064    -0.00340201   0.00173840    -0.00173862   0.00000000
  0.00265731   0.00010631     0.00767884  -0.00000000     0.00340201   0.00173840
 -0.00339786   0.00000000    -0.00265731   0.00010631    -0.00574289   0.00437064
    9    6
 -0.01155988   0.00025458     0.00061001   0.00442112    -0.00061001  -0.00442112
 -0.00157790  -0.00272271     0.00742507  -0.00556953    -0.00172725   0.00220577
  0.00157790   0.00272271    -0.00172725   0.00220577     0.00742507  -0.00556953
    9    7
  0.00324122  -0.00635764     0.00209641  -0.00531080    -0.00209641   0.00531080
  0.00039546   0.00191655    -0.00102274   0.00844548     0.00190205  -0.00185307
 -0.00039546  -0.00191655     0.00190205  -0.00185307    -0.00102274   0.00844548
    9    8
 -0.00390071  -0.00218086     0.00176772  -0.00342797    -0.00176772   0.00342797
  0.00176772  -0.00342797     0.00031073   0.00434289     0.00214664  -0.00047386
 -0.00176772   0.00342797     0.00214664  -0.00047386     0.00031073   0.00434289
    9    9
  0.02506132   0.00000000    -0.00119917  -0.00157835     0.00119917   0.00157835
 -0.00119917   0.00157835     0.02951802  -0.00000000    -0.00264925  -0.00000000
  0.00119917  -0.00157835    -0.00264925  -0.00000000     0.02951802  -0.00000000
    9   10
  0.00813476  -0.00588549    -0.00054513  -0.00041446     0.00011866  -0.00030929
 -0.00321982  -0.00220452     0.00813476  -0.00588549     0.00223581   0.00349145
  0.00223581   0.00349145     0.00011866  -0.00030929    -0.00473742   0.01503446
    9   11
 -0.00574289  -0.00437064     0.00173862  -0.00000000     0.00340201  -0.00173840
  0.00339786  -0.00000000    -0.00574289   0.00437064    -0.00265731   0.00010631
 -0.00265731  -0.00010631     0.00340201   0.00173840     0.00767884  -0.00000000
   10    1
 -0.02205318   0.01122453    -0.01391036  -0.00267089    -0.00578357  -0.00761443
 -0.01252813  -0.00920557    -0.01059888  -0.02837332     0.01252813   0.00920557
 -0.00578357  -0.00761443     0.01391036   0.00267089    -0.02205318   0.01122453
   10    2
 -0.00154966  -0.00103811     0.00214322  -0.00215421    -0.00466807   0.00070708
 -0.00371767   0.00374405    -0.00065297   0.00273912     0.00371767  -0.00374405
 -0.00466807   0.00070708    -0.00214322   0.00215421    -0.00154966  -0.00103811
   10    3
 -0.00292221   0.00385569     0.00388637   0.00311269     0.00942452  -0.00064113
  0.00605924  -0.00631788    -0.00460587  -0.00270586    -0.00605924   0.00631788
  0.00942452  -0.00064113    -0.00388637  -0.00311269    -0.00292221   0.00385569
   10    4
  0.00767884  -0.00000000     0.00265731  -0.00010631     0.00340201  -0.00173840
 -0.00340201  -0.00173840    -0.00574289   0.00437064    -0.00173862  -0.00000000
 -0.00265731  -0.00010631    -0.00339786   0.00000000    -0.00574289  -0.00437064
   10    5
 -0.00473742  -0.01503446    -0.00223581   0.00349145     0.00011866   0.00030929
 -0.00011866  -0.00030929     0.00813476   0.00588549     0.00054513  -0.00041446
  0.00223581  -0.00349145     0.00321982  -0.00220452     0.00813476   0.00588549
   10    6
 -0.00102274  -0.00844548     0.00039546  -0.00191655     0.00190205   0.00185307
  0.00209641   0.00531080     0.00324122   0.00635764    -0.00209641  -0.00531080
  0.00190205   0.00185307    -0.00039546   0.00191655    -0.00102274  -0.00844548
   10    7
  0.00742507   0.00556953    -0.00157790   0.00272271    -0.00172725  -0.00220577
  0.00061001  -0.00442112    -0.01155988  -0.00025458    -0.00061001   0.00442112
 -0.00172725  -0.00220577     0.00157790  -0.00272271     0.00742507   0.00556953
   10    8
 -0.00574289  -0.00437064     0.00339786  -0.00000000    -0.00265731  -0.00010631
  0.00173862   0.00000000    -0.00574289   0.00437064     0.00340201   0.00173840
  0.00340201  -0.00173840    -0.00265731   0.00010631     0.00767884   0.00000000
   10    9
  0.00813476   0.00588549    -0.00321982   0.00220452     0.00223581  -0.00349145
 -0.00054513   0.00041446     0.00813476   0.00588549     0.00011866   0.00030929
  0.00011866   0.00030929     0.00223581  -0.00349145    -0.00473742  -0.01503446
   10   10
  0.02951802   0.00000000    -0.00119917  -0.00157835    -0.00264925   0.00000000
 -0.00119917   0.00157835     0.02506132  -0.00000000     0.00119917  -0.00157835
 -0.00264925   0.00000000     0.00119917   0.00157835     0.02951802   0.00000000
   10   11
  0.00031073  -0.00434289     0.00176772   0.00342797     0.00214664   0.00047386
  0.00176772   0.00342797    -0.00390071   0.00218086    -0.00176772  -0.00342797
  0.00214664   0.00047386    -0.00176772  -0.00342797     0.00031073  -0.00434289
   11    1
 -0.02205318  -0.01122453    -0.01391036   0.00267089    -0.00578357   0.00761443
 -0.01252813   0.00920557    -0.01059888   0.02837332     0.01252813  -0.00920557
 -0.00578357   0.00761443     0.01391036  -0.00267089    -0.02205318  -0.01122453
   11    2
 -0.00292221  -0.00385569     0.00388637  -0.00311269     0.00942452   0.00064113
  0.00605924   0.00631788    -0.00460587   0.00270586    -0.00605924  -0.00631788
  0.00942452   0.00064113    -0.00388637   0.00311269    -0.00292221  -0.00385569
   11    3
 -0.00154966   0.00103811     0.00214322   0.00215421    -0.00466807  -0.00070708
 -0.00371767  -0.00374405    -0.00065297  -0.00273912     0.00371767   0.00374405
 -0.00466807  -0.00070708    -0.00214322  -0.00215421    -0.00154966   0.00103811
   11    4
 -0.00473742   0.01503446    -0.00223581  -0.00349145     0.00011866  -0.00030929
 -0.00011866   0.00030929     0.00813476  -0.00588549     0.00054513   0.00041446
  0.00223581   0.00349145     0.00321982   0.00220452     0.00813476  -0.00588549
   11    5
  0.00767884   0.00000000     0.00265731   0.00010631     0.00340201   0.00173840
 -0.00340201   0.00173840    -0.00574289  -0.00437064    -0.00173862   0.00000000
 -0.00265731   0.00010631    -0.00339786  -0.00000000    -0.00574289   0.00437064
   11    6
  0.00742507  -0.00556953    -0.00157790  -0.00272271    -0.00172725   0.00220577
  0.00061001   0.00442112    -0.01155988   0.00025458    -0.00061001  -0.00442112
 -0.00172725   0.00220577     0.00157790   0.00272271     0.00742507  -0.00556953
   11    7
 -0.00102274   0.00844548     0.00039546   0.00191655     0.00190205  -0.00185307
  0.00209641  -0.00531080     0.00324122  -0.00635764    -0.00209641   0.00531080
  0.00190205  -0.00185307    -0.00039546  -0.00191655    -0.00102274   0.00844548
   11    8
  0.00813476  -0.00588549    -0.00321982  -0.00220452     0.00223581   0.00349145
 -0.00054513  -0.00041446     0.00813476  -0.00588549     0.00011866  -0.00030929
  0.00011866  -0.00030929     0.00223581   0.00349145    -0.00473742   0.01503446
   11    9
 -0.00574289   0.00437064     0.00339786  -0.00000000    -0.00265731   0.00010631
  0.00173862  -0.00000000    -0.00574289  -0.00437064     0.00340201  -0.00173840
  0.00340201   0.00173840    -0.00265731  -0.00010631     0.00767884  -0.00000000
   11   10
  0.00031073   0.00434289     0.00176772  -0.00342797     0.00214664  -0.00047386
  0.00176772  -0.00342797    -0.00390071  -0.00218086    -0.00176772   0.00342797
  0.00214664  -0.00047386    -0.00176772   0.00342797     0.00031073   0.00434289
   11   11
  0.02951802  -0.00000000    -0.00119917   0.00157835    -0.00264925  -0.00000000
 -0.00119917  -0.00157835     0.02506132   0.00000000     0.00119917   0.00157835
 -0.00264925  -0.00000000     0.00119917  -0.00157835     0.02951802  -0.00000000

     Dynamical  Matrix in cartesian axes

     q = (    0.117851130  -0.117851130  -0.117851130 ) 

    1    1
  0.20482039   0.00000000    -0.07688943   0.00000000    -0.07688943   0.00000000
 -0.07688943   0.00000000     0.20482039   0.00000000     0.07688943   0.00000000
 -0.07688943   0.00000000     0.07688943   0.00000000     0.20482039   0.00000000
    1    2
  0.00734238   0.01778761    -0.01877525  -0.01626990    -0.01877525  -0.01626990
 -0.01877525  -0.01626990     0.00734238   0.01778761     0.01877525   0.01626990
 -0.01877525  -0.01626990     0.01877525   0.01626990     0.00734238   0.01778761
    1    3
  0.00734238  -0.01778761    -0.01877525   0.01626990    -0.01877525   0.01626990
 -0.01877525   0.01626990     0.00734238  -0.01778761     0.01877525  -0.01626990
 -0.01877525   0.01626990     0.01877525  -0.01626990     0.00734238  -0.01778761
    1    4
 -0.01059888  -0.02837332     0.01391036   0.00267089     0.01391036   0.00267089
  0.01252813   0.00920557    -0.02205318   0.01122453     0.00578357   0.00761443
  0.01252813   0.00920557     0.00578357   0.00761443    -0.02205318   0.01122453
    1    5
 -0.01059888   0.02837332     0.01391036  -0.00267089     0.01391036  -0.00267089
  0.01252813  -0.00920557    -0.02205318  -0.01122453     0.00578357  -0.00761443
  0.01252813  -0.00920557     0.00578357  -0.00761443    -0.02205318  -0.01122453
    1    6
 -0.02205318   0.01122453     0.01252813   0.00920557    -0.00578357  -0.00761443
  0.01391036   0.00267089    -0.01059888  -0.02837332    -0.01391036  -0.00267089
 -0.00578357  -0.00761443    -0.01252813  -0.00920557    -0.02205318   0.01122453
    1    7
 -0.02205318  -0.01122453     0.01252813  -0.00920557    -0.00578357   0.00761443
  0.01391036  -0.00267089    -0.01059888   0.02837332    -0.01391036   0.00267089
 -0.00578357   0.00761443    -0.01252813   0.00920557    -0.02205318  -0.01122453
    1    8
 -0.02205318   0.01122453    -0.00578357  -0.00761443     0.01252813   0.00920557
 -0.00578357  -0.00761443    -0.02205318   0.01122453    -0.01252813  -0.00920557
  0.01391036   0.00267089    -0.01391036  -0.00267089    -0.01059888  -0.02837332
    1    9
 -0.02205318  -0.01122453    -0.00578357   0.00761443     0.01252813  -0.00920557
 -0.00578357   0.00761443    -0.02205318  -0.01122453    -0.01252813   0.00920557
  0.01391036  -0.00267089    -0.01391036   0.00267089    -0.01059888   0.02837332
    1   10
 -0.02453790  -0.00653033     0.00338012  -0.00970675     0.00338012  -0.00970675
  0.00338012  -0.00970675    -0.02453790  -0.00653033    -0.00338012   0.00970675
  0.00338012  -0.00970675    -0.00338012   0.00970675    -0.02453790  -0.00653033
    1   11
 -0.02453790   0.00653033     0.00338012   0.00970675     0.00338012   0.00970675
  0.00338012   0.00970675    -0.02453790   0.00653033    -0.00338012  -0.00970675
  0.00338012   0.00970675    -0.00338012  -0.00970675    -0.02453790   0.00653033
    2    1
  0.00734238  -0.01778761    -0.01877525   0.01626990    -0.01877525   0.01626990
 -0.01877525   0.01626990     0.00734238  -0.01778761     0.01877525  -0.01626990
 -0.01877525   0.01626990     0.01877525  -0.01626990     0.00734238  -0.01778761
    2    2
  0.04212581   0.00000000    -0.01507520   0.00000000    -0.01507520   0.00000000
 -0.01507520   0.00000000     0.04212581   0.00000000     0.01507520  -0.00000000
 -0.01507520   0.00000000     0.01507520  -0.00000000     0.04212581   0.00000000
    2    3
 -0.01817421  -0.00939448     0.00723488   0.00549288     0.00723488   0.00549288
  0.00723488   0.00549288    -0.01817421  -0.00939448    -0.00723488  -0.00549288
  0.00723488   0.00549288    -0.00723488  -0.00549288    -0.01817421  -0.00939448
    2    4
 -0.00065297   0.00273912    -0.00214322   0.00215421    -0.00214322   0.00215421
  0.00371767  -0.00374405    -0.00154966  -0.00103811     0.00466807  -0.00070708
  0.00371767  -0.00374405     0.00466807  -0.00070708    -0.00154966  -0.00103811
    2    5
 -0.00460587   0.00270586    -0.00388637   0.00311269    -0.00388637   0.00311269
 -0.00605924  -0.00631788    -0.00292221  -0.00385569    -0.00942452  -0.00064113
 -0.00605924  -0.00631788    -0.00942452  -0.00064113    -0.00292221  -0.00385569
    2    6
 -0.00154966  -0.00103811     0.00371767  -0.00374405    -0.00466807   0.00070708
 -0.00214322   0.00215421    -0.00065297   0.00273912     0.00214322  -0.00215421
 -0.00466807   0.00070708    -0.00371767   0.00374405    -0.00154966  -0.00103811
    2    7
 -0.00292221  -0.00385569    -0.00605924  -0.00631788     0.00942452   0.00064113
 -0.00388637   0.00311269    -0.00460587   0.00270586     0.00388637  -0.00311269
  0.00942452   0.00064113     0.00605924   0.00631788    -0.00292221  -0.00385569
    2    8
 -0.00154966  -0.00103811    -0.00466807   0.00070708     0.00371767  -0.00374405
 -0.00466807   0.00070708    -0.00154966  -0.00103811    -0.00371767   0.00374405
 -0.00214322   0.00215421     0.00214322  -0.00215421    -0.00065297   0.00273912
    2    9
 -0.00292221  -0.00385569     0.00942452   0.00064113    -0.00605924  -0.00631788
  0.00942452   0.00064113    -0.00292221  -0.00385569     0.00605924   0.00631788
 -0.00388637   0.00311269     0.00388637  -0.00311269    -0.00460587   0.00270586
    2   10
  0.00764949   0.00220601    -0.01017130  -0.00304452    -0.01017130  -0.00304452
 -0.01017130  -0.00304452     0.00764949   0.00220601     0.01017130   0.00304452
 -0.01017130  -0.00304452     0.01017130   0.00304452     0.00764949   0.00220601
    2   11
 -0.01380593  -0.00111600     0.01910536   0.00242983     0.01910536   0.00242983
  0.01910536   0.00242983    -0.01380593  -0.00111600    -0.01910536  -0.00242983
  0.01910536   0.00242983    -0.01910536  -0.00242983    -0.01380593  -0.00111600
    3    1
  0.00734238   0.01778761    -0.01877525  -0.01626990    -0.01877525  -0.01626990
 -0.01877525  -0.01626990     0.00734238   0.01778761     0.01877525   0.01626990
 -0.01877525  -0.01626990     0.01877525   0.01626990     0.00734238   0.01778761
    3    2
 -0.01817421   0.00939448     0.00723488  -0.00549288     0.00723488  -0.00549288
  0.00723488  -0.00549288    -0.01817421   0.00939448    -0.00723488   0.00549288
  0.00723488  -0.00549288    -0.00723488   0.00549288    -0.01817421   0.00939448
    3    3
  0.04212581  -0.00000000    -0.01507520  -0.00000000    -0.01507520  -0.00000000
 -0.01507520  -0.00000000     0.04212581  -0.00000000     0.01507520   0.00000000
 -0.01507520  -0.00000000     0.01507520   0.00000000     0.04212581  -0.00000000
    3    4
 -0.00460587  -0.00270586    -0.00388637  -0.00311269    -0.00388637  -0.00311269
 -0.00605924   0.00631788    -0.00292221   0.00385569    -0.00942452   0.00064113
 -0.00605924   0.00631788    -0.00942452   0.00064113    -0.00292221   0.00385569
    3    5
 -0.00065297  -0.00273912    -0.00214322  -0.00215421    -0.00214322  -0.00215421
  0.00371767   0.00374405    -0.00154966   0.00103811     0.00466807   0.00070708
  0.00371767   0.00374405     0.00466807   0.00070708    -0.00154966   0.00103811
    3    6
 -0.00292221   0.00385569    -0.00605924   0.00631788     0.00942452  -0.00064113
 -0.00388637  -0.00311269    -0.00460587  -0.00270586     0.00388637   0.00311269
  0.00942452  -0.00064113     0.00605924  -0.00631788    -0.00292221   0.00385569
    3    7
 -0.00154966   0.00103811     0.00371767   0.00374405    -0.00466807  -0.00070708
 -0.00214322  -0.00215421    -0.00065297  -0.00273912     0.00214322   0.00215421
 -0.00466807  -0.00070708    -0.00371767  -0.00374405    -0.00154966   0.00103811
    3    8
 -0.00292221   0.00385569     0.00942452  -0.00064113    -0.00605924   0.00631788
  0.00942452  -0.00064113    -0.00292221   0.00385569     0.00605924  -0.00631788
 -0.00388637  -0.00311269     0.00388637   0.00311269    -0.00460587  -0.00270586
    3    9
 -0.00154966   0.00103811    -0.00466807  -0.00070708     0.00371767   0.00374405
 -0.00466807  -0.00070708    -0.00154966   0.00103811    -0.00371767  -0.00374405
 -0.00214322  -0.00215421     0.00214322   0.00215421    -0.00065297  -0.00273912
    3   10
 -0.01380593   0.00111600     0.01910536  -0.00242983     0.01910536  -0.00242983
  0.01910536  -0.00242983    -0.01380593   0.00111600    -0.01910536   0.00242983
  0.01910536  -0.00242983    -0.01910536   0.00242983    -0.01380593   0.00111600
    3   11
  0.00764949  -0.00220601    -0.01017130   0.00304452    -0.01017130   0.00304452
 -0.01017130   0.00304452     0.00764949  -0.00220601     0.01017130  -0.00304452
 -0.01017130   0.00304452     0.01017130  -0.00304452     0.00764949  -0.00220601
    4    1
 -0.01059888   0.02837332     0.01252813  -0.00920557     0.01252813  -0.00920557
