  3.500000000000000E-002   1.62595643165958        4.90373158411627     
           6

     Dynamical  Matrix in cartesian axes

     q = (    0.235702260   0.000000000   0.000000000 ) 

    1    1
  0.34754586   0.00000000     0.00000000   0.00000000     0.00000000   0.00000000
  0.00000000   0.00000000     0.09770384   0.00000000     0.00000000   0.00000000
  0.00000000   0.00000000     0.00000000   0.00000000     0.09770384   0.00000000
    1    2
  0.04185756   0.02416647     0.00000000   0.00000000    -0.00000000   0.00000000
 -0.00000000  -0.00000000    -0.01495380  -0.00863358    -0.00591049   0.01023727
 -0.00000000   0.00000000    -0.00591049   0.01023727    -0.01495380  -0.00863358
    1    3
  0.04185756  -0.02416647     0.00000000  -0.00000000    -0.00000000  -0.00000000
 -0.00000000   0.00000000    -0.01495380   0.00863358    -0.00591049  -0.01023727
 -0.00000000  -0.00000000    -0.00591049  -0.01023727    -0.01495380   0.00863358
    1    4
 -0.04789369   0.00265331     0.00446703   0.00055158     0.00446703   0.00055158
  0.01086934  -0.00458379    -0.00076572   0.00684016     0.01050006  -0.00539928
  0.01086934  -0.00458379     0.01050006  -0.00539928    -0.00076572   0.00684016
    1    5
 -0.04789369  -0.00265331     0.00446703  -0.00055158     0.00446703  -0.00055158
  0.01086934   0.00458379    -0.00076572  -0.00684016     0.01050006   0.00539928
  0.01086934   0.00458379     0.01050006   0.00539928    -0.00076572  -0.00684016
    1    6
 -0.02624468   0.04015050     0.00175583  -0.00414435    -0.00175583   0.00414435
  0.00940435  -0.00712123    -0.00630661  -0.00275694    -0.00992594   0.00639368
 -0.00940435   0.00712123    -0.00992594   0.00639368    -0.00630661  -0.00275694
    1    7
 -0.02624468  -0.04015050     0.00175583   0.00414435    -0.00175583  -0.00414435
  0.00940435   0.00712123    -0.00630661   0.00275694    -0.00992594  -0.00639368
 -0.00940435  -0.00712123    -0.00992594  -0.00639368    -0.00630661   0.00275694
    1    8
 -0.02624468   0.04015050    -0.00175583   0.00414435     0.00175583  -0.00414435
 -0.00940435   0.00712123    -0.00630661  -0.00275694    -0.00992594   0.00639368
  0.00940435  -0.00712123    -0.00992594   0.00639368    -0.00630661  -0.00275694
    1    9
 -0.02624468  -0.04015050    -0.00175583  -0.00414435     0.00175583   0.00414435
 -0.00940435  -0.00712123    -0.00630661   0.00275694    -0.00992594  -0.00639368
  0.00940435   0.00712123    -0.00992594  -0.00639368    -0.00630661   0.00275694
    1   10
 -0.04789369   0.00265331    -0.00446703  -0.00055158    -0.00446703  -0.00055158
 -0.01086934   0.00458379    -0.00076572   0.00684016     0.01050006  -0.00539928
 -0.01086934   0.00458379     0.01050006  -0.00539928    -0.00076572   0.00684016
    1   11
 -0.04789369  -0.00265331    -0.00446703   0.00055158    -0.00446703   0.00055158
 -0.01086934  -0.00458379    -0.00076572  -0.00684016     0.01050006   0.00539928
 -0.01086934  -0.00458379     0.01050006   0.00539928    -0.00076572  -0.00684016
    2    1
  0.04185756  -0.02416647    -0.00000000   0.00000000     0.00000000   0.00000000
 -0.00000000   0.00000000    -0.01495380   0.00863358    -0.00591049  -0.01023727
  0.00000000  -0.00000000    -0.00591049  -0.01023727    -0.01495380   0.00863358
    2    2
  0.07086860  -0.00000000     0.00000000   0.00000000    -0.00000000  -0.00000000
  0.00000000  -0.00000000     0.02846227   0.00000000    -0.00000000   0.00000000
 -0.00000000  -0.00000000    -0.00000000   0.00000000     0.02846227   0.00000000
    2    3
 -0.00345346   0.00598157    -0.00000000   0.00000000    -0.00000000   0.00000000
 -0.00000000   0.00000000    -0.00489321   0.00847529     0.00642197   0.00370773
 -0.00000000   0.00000000     0.00642197   0.00370773    -0.00489321   0.00847529
    2    4
  0.00372572  -0.00364796     0.00419852   0.00143071     0.00419852   0.00143071
 -0.00141924  -0.00184022    -0.00403578  -0.00220217    -0.00372566  -0.00157353
 -0.00141924  -0.00184022    -0.00372566  -0.00157353    -0.00403578  -0.00220217
    2    5
 -0.01087564   0.00146156    -0.01489737   0.00399591    -0.01489737   0.00399591
 -0.00655864  -0.00228869    -0.00421574  -0.00020174    -0.00992935  -0.00168561
 -0.00655864  -0.00228869    -0.00992935  -0.00168561    -0.00421574  -0.00020174
    2    6
  0.00129636  -0.00505055    -0.00333829  -0.00292067     0.00333829   0.00292067
  0.00230330   0.00030899     0.00392503   0.00239400    -0.00322555  -0.00243975
 -0.00230330  -0.00030899    -0.00322555  -0.00243975     0.00392503   0.00239400
    2    7
 -0.01087564  -0.00146156    -0.01489737  -0.00399591     0.01489737   0.00399591
 -0.00655864   0.00228869    -0.00421574   0.00020174     0.00992935  -0.00168561
  0.00655864  -0.00228869     0.00992935  -0.00168561    -0.00421574   0.00020174
    2    8
  0.00129636  -0.00505055     0.00333829   0.00292067    -0.00333829  -0.00292067
 -0.00230330  -0.00030899     0.00392503   0.00239400    -0.00322555  -0.00243975
  0.00230330   0.00030899    -0.00322555  -0.00243975     0.00392503   0.00239400
    2    9
 -0.01087564  -0.00146156     0.01489737   0.00399591    -0.01489737  -0.00399591
  0.00655864  -0.00228869    -0.00421574   0.00020174     0.00992935  -0.00168561
 -0.00655864   0.00228869     0.00992935  -0.00168561    -0.00421574   0.00020174
    2   10
  0.00372572  -0.00364796    -0.00419852  -0.00143071    -0.00419852  -0.00143071
  0.00141924   0.00184022    -0.00403578  -0.00220217    -0.00372566  -0.00157353
  0.00141924   0.00184022    -0.00372566  -0.00157353    -0.00403578  -0.00220217
    2   11
 -0.01087564   0.00146156     0.01489737  -0.00399591     0.01489737  -0.00399591
  0.00655864   0.00228869    -0.00421574  -0.00020174    -0.00992935  -0.00168561
  0.00655864   0.00228869    -0.00992935  -0.00168561    -0.00421574  -0.00020174
    3    1
  0.04185756   0.02416647    -0.00000000   0.00000000     0.00000000   0.00000000
 -0.00000000  -0.00000000    -0.01495380  -0.00863358    -0.00591049   0.01023727
  0.00000000   0.00000000    -0.00591049   0.01023727    -0.01495380  -0.00863358
    3    2
 -0.00345346  -0.00598157    -0.00000000  -0.00000000    -0.00000000   0.00000000
 -0.00000000  -0.00000000    -0.00489321  -0.00847529     0.00642197  -0.00370773
 -0.00000000   0.00000000     0.00642197  -0.00370773    -0.00489321  -0.00847529
    3    3
  0.07086860   0.00000000     0.00000000  -0.00000000    -0.00000000   0.00000000
  0.00000000   0.00000000     0.02846227  -0.00000000    -0.00000000  -0.00000000
 -0.00000000   0.00000000    -0.00000000  -0.00000000     0.02846227  -0.00000000
    3    4
 -0.01087564  -0.00146156    -0.01489737  -0.00399591    -0.01489737  -0.00399591
 -0.00655864   0.00228869    -0.00421574   0.00020174    -0.00992935   0.00168561
 -0.00655864   0.00228869    -0.00992935   0.00168561    -0.00421574   0.00020174
    3    5
  0.00372572   0.00364796     0.00419852  -0.00143071     0.00419852  -0.00143071
 -0.00141924   0.00184022    -0.00403578   0.00220217    -0.00372566   0.00157353
 -0.00141924   0.00184022    -0.00372566   0.00157353    -0.00403578   0.00220217
    3    6
 -0.01087564   0.00146156    -0.01489737   0.00399591     0.01489737  -0.00399591
 -0.00655864  -0.00228869    -0.00421574  -0.00020174     0.00992935   0.00168561
  0.00655864   0.00228869     0.00992935   0.00168561    -0.00421574  -0.00020174
    3    7
  0.00129636   0.00505055    -0.00333829   0.00292067     0.00333829  -0.00292067
  0.00230330  -0.00030899     0.00392503  -0.00239400    -0.00322555   0.00243975
 -0.00230330   0.00030899    -0.00322555   0.00243975     0.00392503  -0.00239400
    3    8
 -0.01087564   0.00146156     0.01489737  -0.00399591    -0.01489737   0.00399591
  0.00655864   0.00228869    -0.00421574  -0.00020174     0.00992935   0.00168561
 -0.00655864  -0.00228869     0.00992935   0.00168561    -0.00421574  -0.00020174
    3    9
  0.00129636   0.00505055     0.00333829  -0.00292067    -0.00333829   0.00292067
 -0.00230330   0.00030899     0.00392503  -0.00239400    -0.00322555   0.00243975
  0.00230330  -0.00030899    -0.00322555   0.00243975     0.00392503  -0.00239400
    3   10
 -0.01087564  -0.00146156     0.01489737   0.00399591     0.01489737   0.00399591
  0.00655864  -0.00228869    -0.00421574   0.00020174    -0.00992935   0.00168561
  0.00655864  -0.00228869    -0.00992935   0.00168561    -0.00421574   0.00020174
    3   11
  0.00372572   0.00364796    -0.00419852   0.00143071    -0.00419852   0.00143071
  0.00141924  -0.00184022    -0.00403578   0.00220217    -0.00372566   0.00157353
  0.00141924  -0.00184022    -0.00372566   0.00157353    -0.00403578   0.00220217
    4    1
 -0.04789369  -0.00265331     0.01086934   0.00458379     0.01086934   0.00458379
  0.00446703  -0.00055158    -0.00076572  -0.00684016     0.01050006   0.00539928
  0.00446703  -0.00055158     0.01050006   0.00539928    -0.00076572  -0.00684016
    4    2
  0.00372572   0.00364796    -0.00141924   0.00184022    -0.00141924   0.00184022
  0.00419852  -0.00143071    -0.00403578   0.00220217    -0.00372566   0.00157353
  0.00419852  -0.00143071    -0.00372566   0.00157353    -0.00403578   0.00220217
    4    3
 -0.01087564   0.00146156    -0.00655864  -0.00228869    -0.00655864  -0.00228869
 -0.01489737   0.00399591    -0.00421574  -0.00020174    -0.00992935  -0.00168561
 -0.01489737   0.00399591    -0.00992935  -0.00168561    -0.00421574  -0.00020174
    4    4
  0.04437056   0.00000000    -0.00125134   0.00283076    -0.00125134   0.00283076
 -0.00125134  -0.00283076     0.03384829   0.00000000     0.00547637  -0.00000000
 -0.00125134  -0.00283076     0.00547637   0.00000000     0.03384829   0.00000000
    4    5
  0.00924108  -0.00791992     0.00049682  -0.00244191     0.00049682  -0.00244191
  0.00049682  -0.00244191     0.00158168  -0.00565981     0.00285574  -0.00036894
  0.00049682  -0.00244191     0.00285574  -0.00036894     0.00158168  -0.00565981
    4    6
  0.00241914  -0.01664241    -0.00067794  -0.00073347     0.00072807   0.00155636
 -0.00067794  -0.00073347    -0.00654655  -0.00524026     0.00029203   0.00086520
 -0.00072807  -0.00155636    -0.00029203  -0.00086520     0.00139709   0.00314013
    4    7
  0.00818899   0.01418375    -0.00174181  -0.00187787     0.00122452   0.00442429
 -0.00075538  -0.00244739     0.00434264   0.00752167     0.00005068   0.00082718
 -0.00321929  -0.00327261    -0.00069101  -0.00045748    -0.00837625  -0.01450808
    4    8
  0.00241914  -0.01664241     0.00072807   0.00155636    -0.00067794  -0.00073347
 -0.00072807  -0.00155636     0.00139709   0.00314013    -0.00029203  -0.00086520
 -0.00067794  -0.00073347     0.00029203   0.00086520    -0.00654655  -0.00524026
    4    9
  0.00818899   0.01418375     0.00122452   0.00442429    -0.00174181  -0.00187787
 -0.00321929  -0.00327261    -0.00837625  -0.01450808    -0.00069101  -0.00045748
 -0.00075538  -0.00244739     0.00005068   0.00082718     0.00434264   0.00752167
    4   10
  0.01668897  -0.00000000     0.00033644  -0.00131191     0.00033644  -0.00131191
 -0.00033644  -0.00131191    -0.00771820  -0.00000000     0.00065358   0.00000000
 -0.00033644  -0.00131191     0.00065358   0.00000000    -0.00771820   0.00000000
    4   11
  0.01376540  -0.01839118     0.00484418  -0.00181692     0.00484418  -0.00181692
 -0.00484418   0.00181692     0.00713735   0.00945591     0.00618174  -0.00099773
 -0.00484418   0.00181692     0.00618174  -0.00099773     0.00713735   0.00945591
    5    1
 -0.04789369   0.00265331     0.01086934  -0.00458379     0.01086934  -0.00458379
  0.00446703   0.00055158    -0.00076572   0.00684016     0.01050006  -0.00539928
  0.00446703   0.00055158     0.01050006  -0.00539928    -0.00076572   0.00684016
    5    2
 -0.01087564  -0.00146156    -0.00655864   0.00228869    -0.00655864   0.00228869
 -0.01489737  -0.00399591    -0.00421574   0.00020174    -0.00992935   0.00168561
 -0.01489737  -0.00399591    -0.00992935   0.00168561    -0.00421574   0.00020174
    5    3
  0.00372572  -0.00364796    -0.00141924  -0.00184022    -0.00141924  -0.00184022
  0.00419852   0.00143071    -0.00403578  -0.00220217    -0.00372566  -0.00157353
  0.00419852   0.00143071    -0.00372566  -0.00157353    -0.00403578  -0.00220217
    5    4
  0.00924108   0.00791992     0.00049682   0.00244191     0.00049682   0.00244191
  0.00049682   0.00244191     0.00158168   0.00565981     0.00285574   0.00036894
  0.00049682   0.00244191     0.00285574   0.00036894     0.00158168   0.00565981
    5    5
  0.04437056  -0.00000000    -0.00125134  -0.00283076    -0.00125134  -0.00283076
 -0.00125134   0.00283076     0.03384829  -0.00000000     0.00547637   0.00000000
 -0.00125134   0.00283076     0.00547637  -0.00000000     0.03384829  -0.00000000
    5    6
  0.00818899  -0.01418375    -0.00174181   0.00187787     0.00122452  -0.00442429
 -0.00075538   0.00244739     0.00434264  -0.00752167     0.00005068  -0.00082718
 -0.00321929   0.00327261    -0.00069101   0.00045748    -0.00837625   0.01450808
    5    7
  0.00241914   0.01664241    -0.00067794   0.00073347     0.00072807  -0.00155636
 -0.00067794   0.00073347    -0.00654655   0.00524026     0.00029203  -0.00086520
 -0.00072807   0.00155636    -0.00029203   0.00086520     0.00139709  -0.00314013
    5    8
  0.00818899  -0.01418375     0.00122452  -0.00442429    -0.00174181   0.00187787
 -0.00321929   0.00327261    -0.00837625   0.01450808    -0.00069101   0.00045748
 -0.00075538   0.00244739     0.00005068  -0.00082718     0.00434264  -0.00752167
    5    9
  0.00241914   0.01664241     0.00072807  -0.00155636    -0.00067794   0.00073347
 -0.00072807   0.00155636     0.00139709  -0.00314013    -0.00029203   0.00086520
 -0.00067794   0.00073347     0.00029203  -0.00086520    -0.00654655   0.00524026
    5   10
  0.01376540   0.01839118     0.00484418   0.00181692     0.00484418   0.00181692
 -0.00484418  -0.00181692     0.00713735  -0.00945591     0.00618174   0.00099773
 -0.00484418  -0.00181692     0.00618174   0.00099773     0.00713735  -0.00945591
    5   11
  0.01668897   0.00000000     0.00033644   0.00131191     0.00033644   0.00131191
 -0.00033644   0.00131191    -0.00771820   0.00000000     0.00065358  -0.00000000
 -0.00033644   0.00131191     0.00065358  -0.00000000    -0.00771820   0.00000000
    6    1
 -0.02624468  -0.04015050     0.00940435   0.00712123    -0.00940435  -0.00712123
  0.00175583   0.00414435    -0.00630661   0.00275694    -0.00992594  -0.00639368
 -0.00175583  -0.00414435    -0.00992594  -0.00639368    -0.00630661   0.00275694
    6    2
  0.00129636   0.00505055     0.00230330  -0.00030899    -0.00230330   0.00030899
 -0.00333829   0.00292067     0.00392503  -0.00239400    -0.00322555   0.00243975
  0.00333829  -0.00292067    -0.00322555   0.00243975     0.00392503  -0.00239400
    6    3
 -0.01087564  -0.00146156    -0.00655864   0.00228869     0.00655864  -0.00228869
 -0.01489737  -0.00399591    -0.00421574   0.00020174     0.00992935  -0.00168561
  0.01489737   0.00399591     0.00992935  -0.00168561    -0.00421574   0.00020174
    6    4
  0.00241914   0.01664241    -0.00067794   0.00073347    -0.00072807   0.00155636
 -0.00067794   0.00073347    -0.00654655   0.00524026    -0.00029203   0.00086520
  0.00072807  -0.00155636     0.00029203  -0.00086520     0.00139709  -0.00314013
    6    5
  0.00818899   0.01418375    -0.00075538  -0.00244739    -0.00321929  -0.00327261
 -0.00174181  -0.00187787     0.00434264   0.00752167    -0.00069101  -0.00045748
  0.00122452   0.00442429     0.00005068   0.00082718    -0.00837625  -0.01450808
    6    6
  0.04437056   0.00000000    -0.00125134  -0.00283076     0.00125134   0.00283076
 -0.00125134   0.00283076     0.03384829   0.00000000    -0.00547637  -0.00000000
  0.00125134  -0.00283076    -0.00547637  -0.00000000     0.03384829  -0.00000000
    6    7
 -0.01147939   0.00404305    -0.00236316  -0.00079070     0.00236316   0.00079070
 -0.00236316  -0.00079070    -0.00569238  -0.00146013     0.00174738  -0.00228867
  0.00236316   0.00079070     0.00174738  -0.00228867    -0.00569238  -0.00146013
    6    8
  0.01668897   0.00000000     0.00033644   0.00131191    -0.00033644  -0.00131191
 -0.00033644   0.00131191    -0.00771820   0.00000000    -0.00065358   0.00000000
  0.00033644  -0.00131191    -0.00065358   0.00000000    -0.00771820   0.00000000
    6    9
 -0.02280993   0.00272560    -0.00399559   0.00328672     0.00399559  -0.00328672
  0.00399559  -0.00328672     0.00462038   0.01090908     0.00395493  -0.00485467
 -0.00399559   0.00328672     0.00395493  -0.00485467     0.00462038   0.01090908
    6   10
  0.00241914   0.01664241     0.00072807  -0.00155636     0.00067794  -0.00073347
 -0.00072807   0.00155636     0.00139709  -0.00314013     0.00029203  -0.00086520
  0.00067794  -0.00073347    -0.00029203   0.00086520    -0.00654655   0.00524026
    6   11
  0.00818899   0.01418375     0.00321929   0.00327261     0.00075538   0.00244739
 -0.00122452  -0.00442429    -0.00837625  -0.01450808     0.00005068   0.00082718
  0.00174181   0.00187787    -0.00069101  -0.00045748     0.00434264   0.00752167
    7    1
 -0.02624468   0.04015050     0.00940435  -0.00712123    -0.00940435   0.00712123
  0.00175583  -0.00414435    -0.00630661  -0.00275694    -0.00992594   0.00639368
 -0.00175583   0.00414435    -0.00992594   0.00639368    -0.00630661  -0.00275694
    7    2
 -0.01087564   0.00146156    -0.00655864  -0.00228869     0.00655864   0.00228869
 -0.01489737   0.00399591    -0.00421574  -0.00020174     0.00992935   0.00168561
  0.01489737  -0.00399591     0.00992935   0.00168561    -0.00421574  -0.00020174
    7    3
  0.00129636  -0.00505055     0.00230330   0.00030899    -0.00230330  -0.00030899
 -0.00333829  -0.00292067     0.00392503   0.00239400    -0.00322555  -0.00243975
  0.00333829   0.00292067    -0.00322555  -0.00243975     0.00392503   0.00239400
    7    4
  0.00818899  -0.01418375    -0.00075538   0.00244739    -0.00321929   0.00327261
 -0.00174181   0.00187787     0.00434264  -0.00752167    -0.00069101   0.00045748
  0.00122452  -0.00442429     0.00005068  -0.00082718    -0.00837625   0.01450808
    7    5
  0.00241914  -0.01664241    -0.00067794  -0.00073347    -0.00072807  -0.00155636
 -0.00067794  -0.00073347    -0.00654655  -0.00524026    -0.00029203  -0.00086520
  0.00072807   0.00155636     0.00029203   0.00086520     0.00139709   0.00314013
    7    6
 -0.01147939  -0.00404305    -0.00236316   0.00079070     0.00236316  -0.00079070
 -0.00236316   0.00079070    -0.00569238   0.00146013     0.00174738   0.00228867
  0.00236316  -0.00079070     0.00174738   0.00228867    -0.00569238   0.00146013
    7    7
  0.04437056  -0.00000000    -0.00125134   0.00283076     0.00125134  -0.00283076
 -0.00125134  -0.00283076     0.03384829  -0.00000000    -0.00547637   0.00000000
  0.00125134   0.00283076    -0.00547637   0.00000000     0.03384829   0.00000000
    7    8
 -0.02280993  -0.00272560    -0.00399559  -0.00328672     0.00399559   0.00328672
  0.00399559   0.00328672     0.00462038  -0.01090908     0.00395493   0.00485467
 -0.00399559  -0.00328672     0.00395493   0.00485467     0.00462038  -0.01090908
    7    9
  0.01668897  -0.00000000     0.00033644  -0.00131191    -0.00033644   0.00131191
 -0.00033644  -0.00131191    -0.00771820   0.00000000    -0.00065358   0.00000000
  0.00033644   0.00131191    -0.00065358   0.00000000    -0.00771820   0.00000000
    7   10
  0.00818899  -0.01418375     0.00321929  -0.00327261     0.00075538  -0.00244739
 -0.00122452   0.00442429    -0.00837625   0.01450808     0.00005068  -0.00082718
  0.00174181  -0.00187787    -0.00069101   0.00045748     0.00434264  -0.00752167
    7   11
  0.00241914  -0.01664241     0.00072807   0.00155636     0.00067794   0.00073347
 -0.00072807  -0.00155636     0.00139709   0.00314013     0.00029203   0.00086520
  0.00067794   0.00073347    -0.00029203  -0.00086520    -0.00654655  -0.00524026
    8    1
 -0.02624468  -0.04015050    -0.00940435  -0.00712123     0.00940435   0.00712123
 -0.00175583  -0.00414435    -0.00630661   0.00275694    -0.00992594  -0.00639368
  0.00175583   0.00414435    -0.00992594  -0.00639368    -0.00630661   0.00275694
    8    2
  0.00129636   0.00505055    -0.00230330   0.00030899     0.00230330  -0.00030899
  0.00333829  -0.00292067     0.00392503  -0.00239400    -0.00322555   0.00243975
 -0.00333829   0.00292067    -0.00322555   0.00243975     0.00392503  -0.00239400
    8    3
 -0.01087564  -0.00146156     0.00655864  -0.00228869    -0.00655864   0.00228869
  0.01489737   0.00399591    -0.00421574   0.00020174     0.00992935  -0.00168561
 -0.01489737  -0.00399591     0.00992935  -0.00168561    -0.00421574   0.00020174
    8    4
  0.00241914   0.01664241    -0.00072807   0.00155636    -0.00067794   0.00073347
  0.00072807  -0.00155636     0.00139709  -0.00314013     0.00029203  -0.00086520
 -0.00067794   0.00073347    -0.00029203   0.00086520    -0.00654655   0.00524026
    8    5
  0.00818899   0.01418375    -0.00321929  -0.00327261    -0.00075538  -0.00244739
  0.00122452   0.00442429    -0.00837625  -0.01450808     0.00005068   0.00082718
 -0.00174181  -0.00187787    -0.00069101  -0.00045748     0.00434264   0.00752167
    8    6
  0.01668897   0.00000000    -0.00033644  -0.00131191     0.00033644   0.00131191
  0.00033644  -0.00131191    -0.00771820  -0.00000000    -0.00065358   0.00000000
 -0.00033644   0.00131191    -0.00065358   0.00000000    -0.00771820  -0.00000000
    8    7
 -0.02280993   0.00272560     0.00399559  -0.00328672    -0.00399559   0.00328672
 -0.00399559   0.00328672     0.00462038   0.01090908     0.00395493  -0.00485467
  0.00399559  -0.00328672     0.00395493  -0.00485467     0.00462038   0.01090908
    8    8
  0.04437056  -0.00000000     0.00125134   0.00283076    -0.00125134  -0.00283076
  0.00125134  -0.00283076     0.03384829   0.00000000    -0.00547637  -0.00000000
 -0.00125134   0.00283076    -0.00547637  -0.00000000     0.03384829   0.00000000
    8    9
 -0.01147939   0.00404305     0.00236316   0.00079070    -0.00236316  -0.00079070
  0.00236316   0.00079070    -0.00569238  -0.00146013     0.00174738  -0.00228867
 -0.00236316  -0.00079070     0.00174738  -0.00228867    -0.00569238  -0.00146013
    8   10
  0.00241914   0.01664241     0.00067794  -0.00073347     0.00072807  -0.00155636
  0.00067794  -0.00073347    -0.00654655   0.00524026    -0.00029203   0.00086520
 -0.00072807   0.00155636     0.00029203  -0.00086520     0.00139709  -0.00314013
    8   11
  0.00818899   0.01418375     0.00075538   0.00244739     0.00321929   0.00327261
  0.00174181   0.00187787     0.00434264   0.00752167    -0.00069101  -0.00045748
 -0.00122452  -0.00442429     0.00005068   0.00082718    -0.00837625  -0.01450808
    9    1
 -0.02624468   0.04015050    -0.00940435   0.00712123     0.00940435  -0.00712123
 -0.00175583   0.00414435    -0.00630661  -0.00275694    -0.00992594   0.00639368
  0.00175583  -0.00414435    -0.00992594   0.00639368    -0.00630661  -0.00275694
    9    2
 -0.01087564   0.00146156     0.00655864   0.00228869    -0.00655864  -0.00228869
  0.01489737  -0.00399591    -0.00421574  -0.00020174     0.00992935   0.00168561
 -0.01489737   0.00399591     0.00992935   0.00168561    -0.00421574  -0.00020174
    9    3
  0.00129636  -0.00505055    -0.00230330  -0.00030899     0.00230330   0.00030899
  0.00333829   0.00292067     0.00392503   0.00239400    -0.00322555  -0.00243975
 -0.00333829  -0.00292067    -0.00322555  -0.00243975     0.00392503   0.00239400
    9    4
  0.00818899  -0.01418375    -0.00321929   0.00327261    -0.00075538   0.00244739
  0.00122452  -0.00442429    -0.00837625   0.01450808     0.00005068  -0.00082718
 -0.00174181   0.00187787    -0.00069101   0.00045748     0.00434264  -0.00752167
    9    5
  0.00241914  -0.01664241    -0.00072807  -0.00155636    -0.00067794  -0.00073347
  0.00072807   0.00155636     0.00139709   0.00314013     0.00029203   0.00086520
 -0.00067794  -0.00073347    -0.00029203  -0.00086520    -0.00654655  -0.00524026
    9    6
 -0.02280993  -0.00272560     0.00399559   0.00328672    -0.00399559  -0.00328672
 -0.00399559  -0.00328672     0.00462038  -0.01090908     0.00395493   0.00485467
  0.00399559   0.00328672     0.00395493   0.00485467     0.00462038  -0.01090908
    9    7
  0.01668897  -0.00000000    -0.00033644   0.00131191     0.00033644  -0.00131191
  0.00033644   0.00131191    -0.00771820   0.00000000    -0.00065358   0.00000000
 -0.00033644  -0.00131191    -0.00065358   0.00000000    -0.00771820   0.00000000
    9    8
 -0.01147939  -0.00404305     0.00236316  -0.00079070    -0.00236316   0.00079070
  0.00236316  -0.00079070    -0.00569238   0.00146013     0.00174738   0.00228867
 -0.00236316   0.00079070     0.00174738   0.00228867    -0.00569238   0.00146013
    9    9
  0.04437056   0.00000000     0.00125134  -0.00283076    -0.00125134   0.00283076
  0.00125134   0.00283076     0.03384829  -0.00000000    -0.00547637   0.00000000
 -0.00125134  -0.00283076    -0.00547637   0.00000000     0.03384829  -0.00000000
    9   10
  0.00818899  -0.01418375     0.00075538  -0.00244739     0.00321929  -0.00327261
  0.00174181  -0.00187787     0.00434264  -0.00752167    -0.00069101   0.00045748
 -0.00122452   0.00442429     0.00005068  -0.00082718    -0.00837625   0.01450808
    9   11
  0.00241914  -0.01664241     0.00067794   0.00073347     0.00072807   0.00155636
  0.00067794   0.00073347    -0.00654655  -0.00524026    -0.00029203  -0.00086520
 -0.00072807  -0.00155636     0.00029203   0.00086520     0.00139709   0.00314013
   10    1
 -0.04789369  -0.00265331    -0.01086934  -0.00458379    -0.01086934  -0.00458379
 -0.00446703   0.00055158    -0.00076572  -0.00684016     0.01050006   0.00539928
 -0.00446703   0.00055158     0.01050006   0.00539928    -0.00076572  -0.00684016
   10    2
  0.00372572   0.00364796     0.00141924  -0.00184022     0.00141924  -0.00184022
 -0.00419852   0.00143071    -0.00403578   0.00220217    -0.00372566   0.00157353
 -0.00419852   0.00143071    -0.00372566   0.00157353    -0.00403578   0.00220217
   10    3
 -0.01087564   0.00146156     0.00655864   0.00228869     0.00655864   0.00228869
  0.01489737  -0.00399591    -0.00421574  -0.00020174    -0.00992935  -0.00168561
  0.01489737  -0.00399591    -0.00992935  -0.00168561    -0.00421574  -0.00020174
   10    4
  0.01668897   0.00000000    -0.00033644   0.00131191    -0.00033644   0.00131191
  0.00033644   0.00131191    -0.00771820   0.00000000     0.00065358   0.00000000
  0.00033644   0.00131191     0.00065358   0.00000000    -0.00771820  -0.00000000
   10    5
  0.01376540  -0.01839118    -0.00484418   0.00181692    -0.00484418   0.00181692
  0.00484418  -0.00181692     0.00713735   0.00945591     0.00618174  -0.00099773
  0.00484418  -0.00181692     0.00618174  -0.00099773     0.00713735   0.00945591
   10    6
  0.00241914  -0.01664241    -0.00072807  -0.00155636     0.00067794   0.00073347
  0.00072807   0.00155636     0.00139709   0.00314013    -0.00029203  -0.00086520
  0.00067794   0.00073347     0.00029203   0.00086520    -0.00654655  -0.00524026
   10    7
  0.00818899   0.01418375    -0.00122452  -0.00442429     0.00174181   0.00187787
  0.00321929   0.00327261    -0.00837625  -0.01450808    -0.00069101  -0.00045748
  0.00075538   0.00244739     0.00005068   0.00082718     0.00434264   0.00752167
   10    8
  0.00241914  -0.01664241     0.00067794   0.00073347    -0.00072807  -0.00155636
  0.00067794   0.00073347    -0.00654655  -0.00524026     0.00029203   0.00086520
  0.00072807   0.00155636    -0.00029203  -0.00086520     0.00139709   0.00314013
   10    9
  0.00818899   0.01418375     0.00174181   0.00187787    -0.00122452  -0.00442429
  0.00075538   0.00244739     0.00434264   0.00752167     0.00005068   0.00082718
  0.00321929   0.00327261    -0.00069101  -0.00045748    -0.00837625  -0.01450808
   10   10
  0.04437056  -0.00000000     0.00125134  -0.00283076     0.00125134  -0.00283076
  0.00125134   0.00283076     0.03384829  -0.00000000     0.00547637  -0.00000000
  0.00125134   0.00283076     0.00547637   0.00000000     0.03384829   0.00000000
   10   11
  0.00924108  -0.00791992    -0.00049682   0.00244191    -0.00049682   0.00244191
 -0.00049682   0.00244191     0.00158168  -0.00565981     0.00285574  -0.00036894
 -0.00049682   0.00244191     0.00285574  -0.00036894     0.00158168  -0.00565981
   11    1
 -0.04789369   0.00265331    -0.01086934   0.00458379    -0.01086934   0.00458379
 -0.00446703  -0.00055158    -0.00076572   0.00684016     0.01050006  -0.00539928
 -0.00446703  -0.00055158     0.01050006  -0.00539928    -0.00076572   0.00684016
   11    2
 -0.01087564  -0.00146156     0.00655864  -0.00228869     0.00655864  -0.00228869
  0.01489737   0.00399591    -0.00421574   0.00020174    -0.00992935   0.00168561
  0.01489737   0.00399591    -0.00992935   0.00168561    -0.00421574   0.00020174
   11    3
  0.00372572  -0.00364796     0.00141924   0.00184022     0.00141924   0.00184022
 -0.00419852  -0.00143071    -0.00403578  -0.00220217    -0.00372566  -0.00157353
 -0.00419852  -0.00143071    -0.00372566  -0.00157353    -0.00403578  -0.00220217
   11    4
  0.01376540   0.01839118    -0.00484418  -0.00181692    -0.00484418  -0.00181692
  0.00484418   0.00181692     0.00713735  -0.00945591     0.00618174   0.00099773
  0.00484418   0.00181692     0.00618174   0.00099773     0.00713735  -0.00945591
   11    5
  0.01668897   0.00000000    -0.00033644  -0.00131191    -0.00033644  -0.00131191
  0.00033644  -0.00131191    -0.00771820  -0.00000000     0.00065358  -0.00000000
  0.00033644  -0.00131191     0.00065358  -0.00000000    -0.00771820   0.00000000
   11    6
  0.00818899  -0.01418375    -0.00122452   0.00442429     0.00174181  -0.00187787
  0.00321929  -0.00327261    -0.00837625   0.01450808    -0.00069101   0.00045748
  0.00075538  -0.00244739     0.00005068  -0.00082718     0.00434264  -0.00752167
   11    7
  0.00241914   0.01664241    -0.00072807   0.00155636     0.00067794  -0.00073347
  0.00072807  -0.00155636     0.00139709  -0.00314013    -0.00029203   0.00086520
  0.00067794  -0.00073347     0.00029203  -0.00086520    -0.00654655   0.00524026
   11    8
  0.00818899  -0.01418375     0.00174181  -0.00187787    -0.00122452   0.00442429
  0.00075538  -0.00244739     0.00434264  -0.00752167     0.00005068  -0.00082718
  0.00321929  -0.00327261    -0.00069101   0.00045748    -0.00837625   0.01450808
   11    9
  0.00241914   0.01664241     0.00067794  -0.00073347    -0.00072807   0.00155636
  0.00067794  -0.00073347    -0.00654655   0.00524026     0.00029203  -0.00086520
  0.00072807  -0.00155636    -0.00029203   0.00086520     0.00139709  -0.00314013
   11   10
  0.00924108   0.00791992    -0.00049682  -0.00244191    -0.00049682  -0.00244191
 -0.00049682  -0.00244191     0.00158168   0.00565981     0.00285574   0.00036894
 -0.00049682  -0.00244191     0.00285574   0.00036894     0.00158168   0.00565981
   11   11
  0.04437056   0.00000000     0.00125134   0.00283076     0.00125134   0.00283076
  0.00125134  -0.00283076     0.03384829   0.00000000     0.00547637   0.00000000
  0.00125134  -0.00283076     0.00547637  -0.00000000     0.03384829  -0.00000000

     Dynamical  Matrix in cartesian axes

     q = (   -0.235702260   0.000000000   0.000000000 ) 

    1    1
  0.34754586   0.00000000     0.00000000   0.00000000     0.00000000   0.00000000
  0.00000000   0.00000000     0.09770384   0.00000000     0.00000000   0.00000000
  0.00000000   0.00000000     0.00000000   0.00000000     0.09770384   0.00000000
    1    2
  0.04185756  -0.02416647    -0.00000000  -0.00000000    -0.00000000   0.00000000
 -0.00000000   0.00000000    -0.01495380   0.00863358    -0.00591049  -0.01023727
  0.00000000  -0.00000000    -0.00591049  -0.01023727    -0.01495380   0.00863358
    1    3
  0.04185756   0.02416647    -0.00000000   0.00000000     0.00000000  -0.00000000
  0.00000000   0.00000000    -0.01495380  -0.00863358    -0.00591049   0.01023727
 -0.00000000  -0.00000000    -0.00591049   0.01023727    -0.01495380  -0.00863358
    1    4
 -0.04789369  -0.00265331     0.00446703  -0.00055158     0.00446703  -0.00055158
  0.01086934   0.00458379    -0.00076572  -0.00684016     0.01050006   0.00539928
  0.01086934   0.00458379     0.01050006   0.00539928    -0.00076572  -0.00684016
    1    5
 -0.04789369   0.00265331     0.00446703   0.00055158     0.00446703   0.00055158
  0.01086934  -0.00458379    -0.00076572   0.00684016     0.01050006  -0.00539928
  0.01086934  -0.00458379     0.01050006  -0.00539928    -0.00076572   0.00684016
    1    6
 -0.02624468  -0.04015050     0.00175583   0.00414435    -0.00175583  -0.00414435
  0.00940435   0.00712123    -0.00630661   0.00275694    -0.00992594  -0.00639368
 -0.00940435  -0.00712123    -0.00992594  -0.00639368    -0.00630661   0.00275694
    1    7
 -0.02624468   0.04015050     0.00175583  -0.00414435    -0.00175583   0.00414435
  0.00940435  -0.00712123    -0.00630661  -0.00275694    -0.00992594   0.00639368
 -0.00940435   0.00712123    -0.00992594   0.00639368    -0.00630661  -0.00275694
    1    8
 -0.02624468  -0.04015050    -0.00175583  -0.00414435     0.00175583   0.00414435
 -0.00940435  -0.00712123    -0.00630661   0.00275694    -0.00992594  -0.00639368
  0.00940435   0.00712123    -0.00992594  -0.00639368    -0.00630661   0.00275694
    1    9
 -0.02624468   0.04015050    -0.00175583   0.00414435     0.00175583  -0.00414435
 -0.00940435   0.00712123    -0.00630661  -0.00275694    -0.00992594   0.00639368
  0.00940435  -0.00712123    -0.00992594   0.00639368    -0.00630661  -0.00275694
    1   10
 -0.04789369  -0.00265331    -0.00446703   0.00055158    -0.00446703   0.00055158
 -0.01086934  -0.00458379    -0.00076572  -0.00684016     0.01050006   0.00539928
 -0.01086934  -0.00458379     0.01050006   0.00539928    -0.00076572  -0.00684016
    1   11
 -0.04789369   0.00265331    -0.00446703  -0.00055158    -0.00446703  -0.00055158
 -0.01086934   0.00458379    -0.00076572   0.00684016     0.01050006  -0.00539928
 -0.01086934   0.00458379     0.01050006  -0.00539928    -0.00076572   0.00684016
    2    1
  0.04185756   0.02416647    -0.00000000  -0.00000000    -0.00000000   0.00000000
 -0.00000000   0.00000000    -0.01495380  -0.00863358    -0.00591049   0.01023727
 -0.00000000  -0.00000000    -0.00591049   0.01023727    -0.01495380  -0.00863358
    2    2
  0.07086860   0.00000000     0.00000000   0.00000000     0.00000000  -0.00000000
  0.00000000   0.00000000     0.02846227  -0.00000000    -0.00000000  -0.00000000
  0.00000000   0.00000000    -0.00000000  -0.00000000     0.02846227   0.00000000
    2    3
 -0.00345346  -0.00598157     0.00000000   0.00000000     0.00000000  -0.00000000
  0.00000000   0.00000000    -0.00489321  -0.00847529     0.00642197  -0.00370773
 -0.00000000   0.00000000     0.00642197  -0.00370773    -0.00489321  -0.00847529
    2    4
  0.00372572   0.00364796     0.00419852  -0.00143071     0.00419852  -0.00143071
 -0.00141924   0.00184022    -0.00403578   0.00220217    -0.00372566   0.00157353
 -0.00141924   0.00184022    -0.00372566   0.00157353    -0.00403578   0.00220217
    2    5
 -0.01087564  -0.00146156    -0.01489737  -0.00399591    -0.01489737  -0.00399591
 -0.00655864   0.00228869    -0.00421574   0.00020174    -0.00992935   0.00168561
 -0.00655864   0.00228869    -0.00992935   0.00168561    -0.00421574   0.00020174
    2    6
  0.00129636   0.00505055    -0.00333829   0.00292067     0.00333829  -0.00292067
  0.00230330  -0.00030899     0.00392503  -0.00239400    -0.00322555   0.00243975
 -0.00230330   0.00030899    -0.00322555   0.00243975     0.00392503  -0.00239400
    2    7
 -0.01087564   0.00146156    -0.01489737   0.00399591     0.01489737  -0.00399591
 -0.00655864  -0.00228869    -0.00421574  -0.00020174     0.00992935   0.00168561
  0.00655864   0.00228869     0.00992935   0.00168561    -0.00421574  -0.00020174
    2    8
  0.00129636   0.00505055     0.00333829  -0.00292067    -0.00333829   0.00292067
 -0.00230330   0.00030899     0.00392503  -0.00239400    -0.00322555   0.00243975
  0.00230330  -0.00030899    -0.00322555   0.00243975     0.00392503  -0.00239400
    2    9
 -0.01087564   0.00146156     0.01489737  -0.00399591    -0.01489737   0.00399591
  0.00655864   0.00228869    -0.00421574  -0.00020174     0.00992935   0.00168561
 -0.00655864  -0.00228869     0.00992935   0.00168561    -0.00421574  -0.00020174
    2   10
  0.00372572   0.00364796    -0.00419852   0.00143071    -0.00419852   0.00143071
  0.00141924  -0.00184022    -0.00403578   0.00220217    -0.00372566   0.00157353
  0.00141924  -0.00184022    -0.00372566   0.00157353    -0.00403578   0.00220217
    2   11
 -0.01087564  -0.00146156     0.01489737   0.00399591     0.01489737   0.00399591
  0.00655864  -0.00228869    -0.00421574   0.00020174    -0.00992935   0.00168561
  0.00655864  -0.00228869    -0.00992935   0.00168561    -0.00421574   0.00020174
    3    1
  0.04185756  -0.02416647     0.00000000  -0.00000000    -0.00000000   0.00000000
 -0.00000000  -0.00000000    -0.01495380   0.00863358    -0.00591049  -0.01023727
  0.00000000   0.00000000    -0.00591049  -0.01023727    -0.01495380   0.00863358
    3    2
 -0.00345346   0.00598157     0.00000000  -0.00000000     0.00000000   0.00000000
  0.00000000  -0.00000000    -0.00489321   0.00847529     0.00642197   0.00370773
 -0.00000000  -0.00000000     0.00642197   0.00370773    -0.00489321   0.00847529
    3    3
  0.07086860  -0.00000000     0.00000000  -0.00000000     0.00000000   0.00000000
  0.00000000  -0.00000000     0.02846227   0.00000000    -0.00000000   0.00000000
  0.00000000  -0.00000000    -0.00000000   0.00000000     0.02846227  -0.00000000
    3    4
 -0.01087564   0.00146156    -0.01489737   0.00399591    -0.01489737   0.00399591
 -0.00655864  -0.00228869    -0.00421574  -0.00020174    -0.00992935  -0.00168561
 -0.00655864  -0.00228869    -0.00992935  -0.00168561    -0.00421574  -0.00020174
    3    5
  0.00372572  -0.00364796     0.00419852   0.00143071     0.00419852   0.00143071
 -0.00141924  -0.00184022    -0.00403578  -0.00220217    -0.00372566  -0.00157353
 -0.00141924  -0.00184022    -0.00372566  -0.00157353    -0.00403578  -0.00220217
    3    6
 -0.01087564  -0.00146156    -0.01489737  -0.00399591     0.01489737   0.00399591
 -0.00655864   0.00228869    -0.00421574   0.00020174     0.00992935  -0.00168561
  0.00655864  -0.00228869     0.00992935  -0.00168561    -0.00421574   0.00020174
    3    7
  0.00129636  -0.00505055    -0.00333829  -0.00292067     0.00333829   0.00292067
  0.00230330   0.00030899     0.00392503   0.00239400    -0.00322555  -0.00243975
 -0.00230330  -0.00030899    -0.00322555  -0.00243975     0.00392503   0.00239400
    3    8
 -0.01087564  -0.00146156     0.01489737   0.00399591    -0.01489737  -0.00399591
  0.00655864  -0.00228869    -0.00421574   0.00020174     0.00992935  -0.00168561
 -0.00655864   0.00228869     0.00992935  -0.00168561    -0.00421574   0.00020174
    3    9
  0.00129636  -0.00505055     0.00333829   0.00292067    -0.00333829  -0.00292067
 -0.00230330  -0.00030899     0.00392503   0.00239400    -0.00322555  -0.00243975
  0.00230330   0.00030899    -0.00322555  -0.00243975     0.00392503   0.00239400
    3   10
 -0.01087564   0.00146156     0.01489737  -0.00399591     0.01489737  -0.00399591
  0.00655864   0.00228869    -0.00421574  -0.00020174    -0.00992935  -0.00168561
  0.00655864   0.00228869    -0.00992935  -0.00168561    -0.00421574  -0.00020174
    3   11
  0.00372572  -0.00364796    -0.00419852  -0.00143071    -0.00419852  -0.00143071
  0.00141924   0.00184022    -0.00403578  -0.00220217    -0.00372566  -0.00157353
  0.00141924   0.00184022    -0.00372566  -0.00157353    -0.00403578  -0.00220217
    4    1
 -0.04789369   0.00265331     0.01086934  -0.00458379     0.01086934  -0.00458379
