Dynamical matrix file
Electron-phonon coefficients for La1H10                                    
  2   11   0   6.4715904   0.0000000   0.0000000   0.0000000   0.0000000   0.0000000
Basis vectors
      0.000000000    0.707106781    0.707106781
      0.707106781    0.000000000    0.707106781
      0.707106781    0.707106781    0.000000000
           1  'La     '    126604.590967802     
           2  'H      '    918.681110398939     
    1    1      0.0000000000      0.0000000000      0.0000000000
    2    2      0.3535533906      0.3535533906      0.3535533906
    3    2      1.0606601718      1.0606601718      1.0606601718
    4    2      0.8776865653      0.8776865653      0.8776865653
    5    2      0.5365269970      0.5365269970      0.5365269970
    6    2      0.5365269971      0.5365269971      0.8776865653
    7    2      0.8776865653      0.8776865653      0.5365269970
    8    2      0.5365269971      0.8776865653      0.5365269971
    9    2      0.8776865653      0.5365269970      0.8776865653
   10    2      0.8776865653      0.5365269971      0.5365269971
   11    2      0.5365269970      0.8776865653      0.8776865653

     Dynamical  Matrix in cartesian axes

     q = (    0.235702260   0.000000000   0.000000000 ) 

    1    1
  0.93366137   0.00000000     0.00000000   0.00000000    -0.00000000   0.00000000
 -0.00000000   0.00000000     0.93759380   0.00000000    -0.00000000   0.00000000
 -0.00000000   0.00000000    -0.00000000   0.00000000     0.93759380   0.00000000
    1    2
 -0.04272596   0.02466784     0.00000000  -0.00000000     0.00000000   0.00000000
  0.00000000  -0.00000000    -0.03619040   0.02089454    -0.02991545  -0.05181507
  0.00000000   0.00000000    -0.02991545  -0.05181507    -0.03619040   0.02089454
    1    3
 -0.00000000   0.04933569     0.00000000   0.00000000     0.00000000   0.00000000
  0.00000000   0.00000000    -0.00000000   0.04178907     0.05983089  -0.00000000
 -0.00000000   0.00000000     0.05983089  -0.00000000    -0.00000000   0.04178907
    1    4
  0.01938536   0.06187912    -0.01007756  -0.02331069    -0.01007756  -0.02331069
 -0.00511619  -0.02415178    -0.04024723   0.08288750     0.03167917  -0.02223927
 -0.00511619  -0.02415178     0.03167917  -0.02223927    -0.04024723   0.08288750
    1    5
 -0.06328156   0.01415135     0.02522643  -0.00292792     0.02522643  -0.00292792
  0.02347415  -0.00764514    -0.05165907   0.07629888     0.00342019  -0.03855460
  0.02347415  -0.00764514     0.00342019  -0.03855460    -0.05165907   0.07629888
    1    6
 -0.06328156   0.01415135     0.02522643  -0.00292792    -0.02522643   0.00292792
  0.02347415  -0.00764514    -0.05165907   0.07629888    -0.00342019   0.03855460
 -0.02347415   0.00764514    -0.00342019   0.03855460    -0.05165907   0.07629888
    1    7
  0.01938536   0.06187912    -0.01007756  -0.02331069     0.01007756   0.02331069
 -0.00511619  -0.02415178    -0.04024723   0.08288750    -0.03167917   0.02223927
  0.00511619   0.02415178    -0.03167917   0.02223927    -0.04024723   0.08288750
    1    8
 -0.06328156   0.01415135    -0.02522643   0.00292792     0.02522643  -0.00292792
 -0.02347415   0.00764514    -0.05165907   0.07629888    -0.00342019   0.03855460
  0.02347415  -0.00764514    -0.00342019   0.03855460    -0.05165907   0.07629888
    1    9
  0.01938536   0.06187912     0.01007756   0.02331069    -0.01007756  -0.02331069
  0.00511619   0.02415178    -0.04024723   0.08288750    -0.03167917   0.02223927
 -0.00511619  -0.02415178    -0.03167917   0.02223927    -0.04024723   0.08288750
    1   10
  0.01938536   0.06187912     0.01007756   0.02331069     0.01007756   0.02331069
  0.00511619   0.02415178    -0.04024723   0.08288750     0.03167917  -0.02223927
  0.00511619   0.02415178     0.03167917  -0.02223927    -0.04024723   0.08288750
    1   11
 -0.06328156   0.01415135    -0.02522643   0.00292792    -0.02522643   0.00292792
 -0.02347415   0.00764514    -0.05165907   0.07629888     0.00342019  -0.03855460
 -0.02347415   0.00764514     0.00342019  -0.03855460    -0.05165907   0.07629888
    2    1
 -0.04272596  -0.02466784     0.00000000   0.00000000     0.00000000   0.00000000
  0.00000000  -0.00000000    -0.03619040  -0.02089454    -0.02991545   0.05181507
  0.00000000   0.00000000    -0.02991545   0.05181507    -0.03619040  -0.02089454
    2    2
  0.09761538   0.00000000     0.00000000  -0.00000000    -0.00000000  -0.00000000
  0.00000000  -0.00000000     0.09850892   0.00000000     0.00000000  -0.00000000
 -0.00000000  -0.00000000    -0.00000000  -0.00000000     0.09850892   0.00000000
    2    3
  0.00526604  -0.00912105     0.00000000  -0.00000000    -0.00000000   0.00000000
  0.00000000  -0.00000000     0.00284247  -0.00492330    -0.00437954  -0.00252853
  0.00000000   0.00000000    -0.00437954  -0.00252853     0.00284247  -0.00492330
    2    4
 -0.01890715   0.00203014     0.00440331  -0.01028017     0.00440331  -0.01028017
  0.01232447   0.00078755    -0.01128539   0.01355386     0.00725657  -0.01122634
  0.01232447   0.00078755     0.00725657  -0.01122634    -0.01128539   0.01355386
    2    5
  0.00760032  -0.00065329    -0.00912339  -0.00205096    -0.00912339  -0.00205096
 -0.00748049  -0.00126573     0.00491517   0.00045701    -0.00795974  -0.00147466
 -0.00748049  -0.00126573    -0.00795974  -0.00147466     0.00491517   0.00045701
    2    6
 -0.01121173   0.01535901     0.01110455   0.00132670    -0.01110455  -0.00132670
  0.00548020  -0.01106708    -0.01738068   0.00299650    -0.01335058   0.00067121
 -0.00548020   0.01106708    -0.01335058   0.00067121    -0.01738068   0.00299650
    2    7
  0.00436592  -0.00625543    -0.00278551   0.00892657     0.00278551  -0.00892657
 -0.00264409   0.00711116     0.00206181  -0.00448516     0.00270278  -0.00763067
  0.00264409  -0.00711116     0.00270278  -0.00763067     0.00206181  -0.00448516
    2    8
 -0.01121173   0.01535901    -0.01110455  -0.00132670     0.01110455   0.00132670
 -0.00548020   0.01106708    -0.01738068   0.00299650    -0.01335058   0.00067121
  0.00548020  -0.01106708    -0.01335058   0.00067121    -0.01738068   0.00299650
    2    9
  0.00436592  -0.00625543     0.00278551  -0.00892657    -0.00278551   0.00892657
  0.00264409  -0.00711116     0.00206181  -0.00448516     0.00270278  -0.00763067
 -0.00264409   0.00711116     0.00270278  -0.00763067     0.00206181  -0.00448516
    2   10
 -0.01890715   0.00203014    -0.00440331   0.01028017    -0.00440331   0.01028017
 -0.01232447  -0.00078755    -0.01128539   0.01355386     0.00725657  -0.01122634
 -0.01232447  -0.00078755     0.00725657  -0.01122634    -0.01128539   0.01355386
    2   11
  0.00760032  -0.00065329     0.00912339   0.00205096     0.00912339   0.00205096
  0.00748049   0.00126573     0.00491517   0.00045701    -0.00795974  -0.00147466
  0.00748049   0.00126573    -0.00795974  -0.00147466     0.00491517   0.00045701
    3    1
 -0.00000000  -0.04933569     0.00000000   0.00000000     0.00000000   0.00000000
  0.00000000   0.00000000    -0.00000000  -0.04178907     0.05983089  -0.00000000
  0.00000000  -0.00000000     0.05983089  -0.00000000    -0.00000000  -0.04178907
    3    2
  0.00526604   0.00912105     0.00000000   0.00000000    -0.00000000  -0.00000000
  0.00000000   0.00000000     0.00284247   0.00492330    -0.00437954   0.00252853
  0.00000000  -0.00000000    -0.00437954   0.00252853     0.00284247   0.00492330
    3    3
  0.09761538  -0.00000000     0.00000000   0.00000000    -0.00000000   0.00000000
  0.00000000   0.00000000     0.09850892  -0.00000000     0.00000000   0.00000000
 -0.00000000   0.00000000    -0.00000000   0.00000000     0.09850892   0.00000000
    3    4
  0.00760032   0.00065329    -0.00912339   0.00205096    -0.00912339   0.00205096
 -0.00748049   0.00126573     0.00491517  -0.00045701    -0.00795974   0.00147466
 -0.00748049   0.00126573    -0.00795974   0.00147466     0.00491517  -0.00045701
    3    5
 -0.01890715  -0.00203014     0.00440331   0.01028017     0.00440331   0.01028017
  0.01232447  -0.00078755    -0.01128539  -0.01355386     0.00725657   0.01122634
  0.01232447  -0.00078755     0.00725657   0.01122634    -0.01128539  -0.01355386
    3    6
  0.00436592   0.00625543    -0.00278551  -0.00892657     0.00278551   0.00892657
 -0.00264409  -0.00711116     0.00206181   0.00448516     0.00270278   0.00763067
  0.00264409   0.00711116     0.00270278   0.00763067     0.00206181   0.00448516
    3    7
 -0.01121173  -0.01535901     0.01110455  -0.00132670    -0.01110455   0.00132670
  0.00548020   0.01106708    -0.01738068  -0.00299650    -0.01335058  -0.00067121
 -0.00548020  -0.01106708    -0.01335058  -0.00067121    -0.01738068  -0.00299650
    3    8
  0.00436592   0.00625543     0.00278551   0.00892657    -0.00278551  -0.00892657
  0.00264409   0.00711116     0.00206181   0.00448516     0.00270278   0.00763067
 -0.00264409  -0.00711116     0.00270278   0.00763067     0.00206181   0.00448516
    3    9
 -0.01121173  -0.01535901    -0.01110455   0.00132670     0.01110455  -0.00132670
 -0.00548020  -0.01106708    -0.01738068  -0.00299650    -0.01335058  -0.00067121
  0.00548020   0.01106708    -0.01335058  -0.00067121    -0.01738068  -0.00299650
    3   10
  0.00760032   0.00065329     0.00912339  -0.00205096     0.00912339  -0.00205096
  0.00748049  -0.00126573     0.00491517  -0.00045701    -0.00795974   0.00147466
  0.00748049  -0.00126573    -0.00795974   0.00147466     0.00491517  -0.00045701
    3   11
 -0.01890715  -0.00203014    -0.00440331  -0.01028017    -0.00440331  -0.01028017
 -0.01232447   0.00078755    -0.01128539  -0.01355386     0.00725657   0.01122634
 -0.01232447   0.00078755     0.00725657   0.01122634    -0.01128539  -0.01355386
    4    1
  0.01938536  -0.06187912    -0.00511619   0.02415178    -0.00511619   0.02415178
 -0.01007756   0.02331069    -0.04024723  -0.08288750     0.03167917   0.02223927
 -0.01007756   0.02331069     0.03167917   0.02223927    -0.04024723  -0.08288750
    4    2
 -0.01890715  -0.00203014     0.01232447  -0.00078755     0.01232447  -0.00078755
  0.00440331   0.01028017    -0.01128539  -0.01355386     0.00725657   0.01122634
  0.00440331   0.01028017     0.00725657   0.01122634    -0.01128539  -0.01355386
    4    3
  0.00760032  -0.00065329    -0.00748049  -0.00126573    -0.00748049  -0.00126573
 -0.00912339  -0.00205096     0.00491517   0.00045701    -0.00795974  -0.00147466
 -0.00912339  -0.00205096    -0.00795974  -0.00147466     0.00491517   0.00045701
    4    4
  0.16194310   0.00000000     0.00335895  -0.00193467     0.00335895  -0.00193467
  0.00335895   0.00193467     0.16735075   0.00000000     0.00462462  -0.00000000
  0.00335895   0.00193467     0.00462462   0.00000000     0.16735075   0.00000000
    4    5
  0.00124983  -0.00050964     0.00383687  -0.00242744     0.00383687  -0.00242744
  0.00383687  -0.00242744    -0.00033873  -0.00206640     0.00460681  -0.00449746
  0.00383687  -0.00242744     0.00460681  -0.00449746    -0.00033873  -0.00206640
    4    6
 -0.02066511  -0.01795744    -0.03139252  -0.00995791     0.00259192   0.00481033
 -0.03139252  -0.00995791    -0.02028905  -0.01380123     0.00302791   0.00357406
 -0.00259192  -0.00481033    -0.00302791  -0.00357406    -0.00265840   0.00193660
    4    7
  0.00962018   0.00000000     0.00119543   0.00239537    -0.00774325   0.00137379
  0.00119543  -0.00239537     0.00786390   0.00000000    -0.00825505  -0.00136378
  0.00774325   0.00137379     0.00825505  -0.00136378    -0.01103395  -0.00000000
    4    8
 -0.02066511  -0.01795744     0.00259192   0.00481033    -0.03139252  -0.00995791
 -0.00259192  -0.00481033    -0.00265840   0.00193660    -0.00302791  -0.00357406
 -0.03139252  -0.00995791     0.00302791   0.00357406    -0.02028905  -0.01380123
    4    9
  0.00962018   0.00000000    -0.00774325   0.00137379     0.00119543   0.00239537
  0.00774325   0.00137379    -0.01103395  -0.00000000     0.00825505  -0.00136378
  0.00119543  -0.00239537    -0.00825505  -0.00136378     0.00786390   0.00000000
    4   10
  0.00208980   0.00000000    -0.00459979   0.00100522    -0.00459979   0.00100522
  0.00459979   0.00100522    -0.02882612  -0.00000000    -0.03869101   0.00000000
  0.00459979   0.00100522    -0.03869101   0.00000000    -0.02882612  -0.00000000
    4   11
 -0.00684778  -0.00364405     0.00615756   0.00217093     0.00615756   0.00217093
 -0.00615756  -0.00217093     0.00678849   0.00045269     0.00261556  -0.00474918
 -0.00615756  -0.00217093     0.00261556  -0.00474918     0.00678849   0.00045269
    5    1
 -0.06328156  -0.01415135     0.02347415   0.00764514     0.02347415   0.00764514
  0.02522643   0.00292792    -0.05165907  -0.07629888     0.00342019   0.03855460
  0.02522643   0.00292792     0.00342019   0.03855460    -0.05165907  -0.07629888
    5    2
  0.00760032   0.00065329    -0.00748049   0.00126573    -0.00748049   0.00126573
 -0.00912339   0.00205096     0.00491517  -0.00045701    -0.00795974   0.00147466
 -0.00912339   0.00205096    -0.00795974   0.00147466     0.00491517  -0.00045701
    5    3
 -0.01890715   0.00203014     0.01232447   0.00078755     0.01232447   0.00078755
  0.00440331  -0.01028017    -0.01128539   0.01355386     0.00725657  -0.01122634
  0.00440331  -0.01028017     0.00725657  -0.01122634    -0.01128539   0.01355386
    5    4
  0.00124983   0.00050964     0.00383687   0.00242744     0.00383687   0.00242744
  0.00383687   0.00242744    -0.00033873   0.00206640     0.00460681   0.00449746
  0.00383687   0.00242744     0.00460681   0.00449746    -0.00033873   0.00206640
    5    5
  0.16194310  -0.00000000     0.00335895   0.00193467     0.00335895   0.00193467
  0.00335895  -0.00193467     0.16735075  -0.00000000     0.00462462   0.00000000
  0.00335895  -0.00193467     0.00462462  -0.00000000     0.16735075  -0.00000000
    5    6
  0.00962018  -0.00000000     0.00119543  -0.00239537    -0.00774325  -0.00137379
  0.00119543   0.00239537     0.00786390  -0.00000000    -0.00825505   0.00136378
  0.00774325  -0.00137379     0.00825505   0.00136378    -0.01103395   0.00000000
    5    7
 -0.02066511   0.01795744    -0.03139252   0.00995791     0.00259192  -0.00481033
 -0.03139252   0.00995791    -0.02028905   0.01380123     0.00302791  -0.00357406
 -0.00259192   0.00481033    -0.00302791   0.00357406    -0.00265840  -0.00193660
    5    8
  0.00962018  -0.00000000    -0.00774325  -0.00137379     0.00119543  -0.00239537
  0.00774325  -0.00137379    -0.01103395   0.00000000     0.00825505   0.00136378
  0.00119543   0.00239537    -0.00825505   0.00136378     0.00786390  -0.00000000
    5    9
 -0.02066511   0.01795744     0.00259192  -0.00481033    -0.03139252   0.00995791
 -0.00259192   0.00481033    -0.00265840  -0.00193660    -0.00302791   0.00357406
 -0.03139252   0.00995791     0.00302791  -0.00357406    -0.02028905   0.01380123
    5   10
 -0.00684778   0.00364405     0.00615756  -0.00217093     0.00615756  -0.00217093
 -0.00615756   0.00217093     0.00678849  -0.00045269     0.00261556   0.00474918
 -0.00615756   0.00217093     0.00261556   0.00474918     0.00678849  -0.00045269
    5   11
  0.00208980  -0.00000000    -0.00459979  -0.00100522    -0.00459979  -0.00100522
  0.00459979  -0.00100522    -0.02882612   0.00000000    -0.03869101  -0.00000000
  0.00459979  -0.00100522    -0.03869101  -0.00000000    -0.02882612   0.00000000
    6    1
 -0.06328156  -0.01415135     0.02347415   0.00764514    -0.02347415  -0.00764514
  0.02522643   0.00292792    -0.05165907  -0.07629888    -0.00342019  -0.03855460
 -0.02522643  -0.00292792    -0.00342019  -0.03855460    -0.05165907  -0.07629888
    6    2
 -0.01121173  -0.01535901     0.00548020   0.01106708    -0.00548020  -0.01106708
  0.01110455  -0.00132670    -0.01738068  -0.00299650    -0.01335058  -0.00067121
 -0.01110455   0.00132670    -0.01335058  -0.00067121    -0.01738068  -0.00299650
    6    3
  0.00436592  -0.00625543    -0.00264409   0.00711116     0.00264409  -0.00711116
 -0.00278551   0.00892657     0.00206181  -0.00448516     0.00270278  -0.00763067
  0.00278551  -0.00892657     0.00270278  -0.00763067     0.00206181  -0.00448516
    6    4
 -0.02066511   0.01795744    -0.03139252   0.00995791    -0.00259192   0.00481033
 -0.03139252   0.00995791    -0.02028905   0.01380123    -0.00302791   0.00357406
  0.00259192  -0.00481033     0.00302791  -0.00357406    -0.00265840  -0.00193660
    6    5
  0.00962018   0.00000000     0.00119543  -0.00239537     0.00774325   0.00137379
  0.00119543   0.00239537     0.00786390   0.00000000     0.00825505  -0.00136378
 -0.00774325   0.00137379    -0.00825505  -0.00136378    -0.01103395  -0.00000000
    6    6
  0.16194310  -0.00000000     0.00335895   0.00193467    -0.00335895  -0.00193467
  0.00335895  -0.00193467     0.16735075  -0.00000000    -0.00462462   0.00000000
 -0.00335895   0.00193467    -0.00462462   0.00000000     0.16735075  -0.00000000
    6    7
  0.00124983   0.00050964     0.00383687   0.00242744    -0.00383687  -0.00242744
  0.00383687   0.00242744    -0.00033873   0.00206640    -0.00460681  -0.00449746
 -0.00383687  -0.00242744    -0.00460681  -0.00449746    -0.00033873   0.00206640
    6    8
  0.00208980  -0.00000000    -0.00459979  -0.00100522     0.00459979   0.00100522
  0.00459979  -0.00100522    -0.02882612   0.00000000     0.03869101   0.00000000
 -0.00459979   0.00100522     0.03869101   0.00000000    -0.02882612   0.00000000
    6    9
 -0.00684778   0.00364405     0.00615756  -0.00217093    -0.00615756   0.00217093
 -0.00615756   0.00217093     0.00678849  -0.00045269    -0.00261556  -0.00474918
  0.00615756  -0.00217093    -0.00261556  -0.00474918     0.00678849  -0.00045269
    6   10
 -0.02066511   0.01795744     0.00259192  -0.00481033     0.03139252  -0.00995791
 -0.00259192   0.00481033    -0.00265840  -0.00193660     0.00302791  -0.00357406
  0.03139252  -0.00995791    -0.00302791   0.00357406    -0.02028905   0.01380123
    6   11
  0.00962018   0.00000000    -0.00774325  -0.00137379    -0.00119543   0.00239537
  0.00774325  -0.00137379    -0.01103395  -0.00000000    -0.00825505  -0.00136378
 -0.00119543  -0.00239537     0.00825505  -0.00136378     0.00786390   0.00000000
    7    1
  0.01938536  -0.06187912    -0.00511619   0.02415178     0.00511619  -0.02415178
 -0.01007756   0.02331069    -0.04024723  -0.08288750    -0.03167917  -0.02223927
  0.01007756  -0.02331069    -0.03167917  -0.02223927    -0.04024723  -0.08288750
    7    2
  0.00436592   0.00625543    -0.00264409  -0.00711116     0.00264409   0.00711116
 -0.00278551  -0.00892657     0.00206181   0.00448516     0.00270278   0.00763067
  0.00278551   0.00892657     0.00270278   0.00763067     0.00206181   0.00448516
    7    3
 -0.01121173   0.01535901     0.00548020  -0.01106708    -0.00548020   0.01106708
  0.01110455   0.00132670    -0.01738068   0.00299650    -0.01335058   0.00067121
 -0.01110455  -0.00132670    -0.01335058   0.00067121    -0.01738068   0.00299650
    7    4
  0.00962018  -0.00000000     0.00119543   0.00239537     0.00774325  -0.00137379
  0.00119543  -0.00239537     0.00786390  -0.00000000     0.00825505   0.00136378
 -0.00774325  -0.00137379    -0.00825505   0.00136378    -0.01103395   0.00000000
    7    5
 -0.02066511  -0.01795744    -0.03139252  -0.00995791    -0.00259192  -0.00481033
 -0.03139252  -0.00995791    -0.02028905  -0.01380123    -0.00302791  -0.00357406
  0.00259192   0.00481033     0.00302791   0.00357406    -0.00265840   0.00193660
    7    6
  0.00124983  -0.00050964     0.00383687  -0.00242744    -0.00383687   0.00242744
  0.00383687  -0.00242744    -0.00033873  -0.00206640    -0.00460681   0.00449746
 -0.00383687   0.00242744    -0.00460681   0.00449746    -0.00033873  -0.00206640
    7    7
  0.16194310   0.00000000     0.00335895  -0.00193467    -0.00335895   0.00193467
  0.00335895   0.00193467     0.16735075   0.00000000    -0.00462462  -0.00000000
 -0.00335895  -0.00193467    -0.00462462  -0.00000000     0.16735075   0.00000000
    7    8
 -0.00684778  -0.00364405     0.00615756   0.00217093    -0.00615756  -0.00217093
 -0.00615756  -0.00217093     0.00678849   0.00045269    -0.00261556   0.00474918
  0.00615756   0.00217093    -0.00261556   0.00474918     0.00678849   0.00045269
    7    9
  0.00208980   0.00000000    -0.00459979   0.00100522     0.00459979  -0.00100522
  0.00459979   0.00100522    -0.02882612  -0.00000000     0.03869101  -0.00000000
 -0.00459979  -0.00100522     0.03869101  -0.00000000    -0.02882612  -0.00000000
    7   10
  0.00962018  -0.00000000    -0.00774325   0.00137379    -0.00119543  -0.00239537
  0.00774325   0.00137379    -0.01103395   0.00000000    -0.00825505   0.00136378
 -0.00119543   0.00239537     0.00825505   0.00136378     0.00786390  -0.00000000
    7   11
 -0.02066511  -0.01795744     0.00259192   0.00481033     0.03139252   0.00995791
 -0.00259192  -0.00481033    -0.00265840   0.00193660     0.00302791   0.00357406
  0.03139252   0.00995791    -0.00302791  -0.00357406    -0.02028905  -0.01380123
    8    1
 -0.06328156  -0.01415135    -0.02347415  -0.00764514     0.02347415   0.00764514
 -0.02522643  -0.00292792    -0.05165907  -0.07629888    -0.00342019  -0.03855460
  0.02522643   0.00292792    -0.00342019  -0.03855460    -0.05165907  -0.07629888
    8    2
 -0.01121173  -0.01535901    -0.00548020  -0.01106708     0.00548020   0.01106708
 -0.01110455   0.00132670    -0.01738068  -0.00299650    -0.01335058  -0.00067121
  0.01110455  -0.00132670    -0.01335058  -0.00067121    -0.01738068  -0.00299650
    8    3
  0.00436592  -0.00625543     0.00264409  -0.00711116    -0.00264409   0.00711116
  0.00278551  -0.00892657     0.00206181  -0.00448516     0.00270278  -0.00763067
 -0.00278551   0.00892657     0.00270278  -0.00763067     0.00206181  -0.00448516
    8    4
 -0.02066511   0.01795744    -0.00259192   0.00481033    -0.03139252   0.00995791
  0.00259192  -0.00481033    -0.00265840  -0.00193660     0.00302791  -0.00357406
 -0.03139252   0.00995791    -0.00302791   0.00357406    -0.02028905   0.01380123
    8    5
  0.00962018   0.00000000     0.00774325   0.00137379     0.00119543  -0.00239537
 -0.00774325   0.00137379    -0.01103395  -0.00000000    -0.00825505  -0.00136378
  0.00119543   0.00239537     0.00825505  -0.00136378     0.00786390   0.00000000
    8    6
  0.00208980  -0.00000000     0.00459979   0.00100522    -0.00459979  -0.00100522
 -0.00459979   0.00100522    -0.02882612   0.00000000     0.03869101   0.00000000
  0.00459979  -0.00100522     0.03869101   0.00000000    -0.02882612   0.00000000
    8    7
 -0.00684778   0.00364405    -0.00615756   0.00217093     0.00615756  -0.00217093
  0.00615756  -0.00217093     0.00678849  -0.00045269    -0.00261556  -0.00474918
 -0.00615756   0.00217093    -0.00261556  -0.00474918     0.00678849  -0.00045269
    8    8
  0.16194310  -0.00000000    -0.00335895  -0.00193467     0.00335895   0.00193467
 -0.00335895   0.00193467     0.16735075  -0.00000000    -0.00462462   0.00000000
  0.00335895  -0.00193467    -0.00462462   0.00000000     0.16735075  -0.00000000
    8    9
  0.00124983   0.00050964    -0.00383687  -0.00242744     0.00383687   0.00242744
 -0.00383687  -0.00242744    -0.00033873   0.00206640    -0.00460681  -0.00449746
  0.00383687   0.00242744    -0.00460681  -0.00449746    -0.00033873   0.00206640
    8   10
 -0.02066511   0.01795744     0.03139252  -0.00995791     0.00259192  -0.00481033
  0.03139252  -0.00995791    -0.02028905   0.01380123    -0.00302791   0.00357406
 -0.00259192   0.00481033     0.00302791  -0.00357406    -0.00265840  -0.00193660
    8   11
  0.00962018   0.00000000    -0.00119543   0.00239537    -0.00774325  -0.00137379
 -0.00119543  -0.00239537     0.00786390   0.00000000     0.00825505  -0.00136378
  0.00774325  -0.00137379    -0.00825505  -0.00136378    -0.01103395  -0.00000000
    9    1
  0.01938536  -0.06187912     0.00511619  -0.02415178    -0.00511619   0.02415178
  0.01007756  -0.02331069    -0.04024723  -0.08288750    -0.03167917  -0.02223927
 -0.01007756   0.02331069    -0.03167917  -0.02223927    -0.04024723  -0.08288750
    9    2
  0.00436592   0.00625543     0.00264409   0.00711116    -0.00264409  -0.00711116
  0.00278551   0.00892657     0.00206181   0.00448516     0.00270278   0.00763067
 -0.00278551  -0.00892657     0.00270278   0.00763067     0.00206181   0.00448516
    9    3
 -0.01121173   0.01535901    -0.00548020   0.01106708     0.00548020  -0.01106708
 -0.01110455  -0.00132670    -0.01738068   0.00299650    -0.01335058   0.00067121
  0.01110455   0.00132670    -0.01335058   0.00067121    -0.01738068   0.00299650
    9    4
  0.00962018  -0.00000000     0.00774325  -0.00137379     0.00119543   0.00239537
 -0.00774325  -0.00137379    -0.01103395   0.00000000    -0.00825505   0.00136378
  0.00119543  -0.00239537     0.00825505   0.00136378     0.00786390  -0.00000000
    9    5
 -0.02066511  -0.01795744    -0.00259192  -0.00481033    -0.03139252  -0.00995791
  0.00259192   0.00481033    -0.00265840   0.00193660     0.00302791   0.00357406
 -0.03139252  -0.00995791    -0.00302791  -0.00357406    -0.02028905  -0.01380123
    9    6
 -0.00684778  -0.00364405    -0.00615756  -0.00217093     0.00615756   0.00217093
  0.00615756   0.00217093     0.00678849   0.00045269    -0.00261556   0.00474918
 -0.00615756  -0.00217093    -0.00261556   0.00474918     0.00678849   0.00045269
    9    7
  0.00208980   0.00000000     0.00459979  -0.00100522    -0.00459979   0.00100522
 -0.00459979  -0.00100522    -0.02882612  -0.00000000     0.03869101  -0.00000000
  0.00459979   0.00100522     0.03869101  -0.00000000    -0.02882612  -0.00000000
    9    8
  0.00124983  -0.00050964    -0.00383687   0.00242744     0.00383687  -0.00242744
 -0.00383687   0.00242744    -0.00033873  -0.00206640    -0.00460681   0.00449746
  0.00383687  -0.00242744    -0.00460681   0.00449746    -0.00033873  -0.00206640
    9    9
  0.16194310   0.00000000    -0.00335895   0.00193467     0.00335895  -0.00193467
 -0.00335895  -0.00193467     0.16735075   0.00000000    -0.00462462  -0.00000000
  0.00335895   0.00193467    -0.00462462  -0.00000000     0.16735075   0.00000000
    9   10
  0.00962018  -0.00000000    -0.00119543  -0.00239537    -0.00774325   0.00137379
 -0.00119543   0.00239537     0.00786390  -0.00000000     0.00825505   0.00136378
  0.00774325   0.00137379    -0.00825505   0.00136378    -0.01103395   0.00000000
    9   11
 -0.02066511  -0.01795744     0.03139252   0.00995791     0.00259192   0.00481033
  0.03139252   0.00995791    -0.02028905  -0.01380123    -0.00302791  -0.00357406
 -0.00259192  -0.00481033     0.00302791   0.00357406    -0.00265840   0.00193660
   10    1
  0.01938536  -0.06187912     0.00511619  -0.02415178     0.00511619  -0.02415178
  0.01007756  -0.02331069    -0.04024723  -0.08288750     0.03167917   0.02223927
  0.01007756  -0.02331069     0.03167917   0.02223927    -0.04024723  -0.08288750
   10    2
 -0.01890715  -0.00203014    -0.01232447   0.00078755    -0.01232447   0.00078755
 -0.00440331  -0.01028017    -0.01128539  -0.01355386     0.00725657   0.01122634
 -0.00440331  -0.01028017     0.00725657   0.01122634    -0.01128539  -0.01355386
   10    3
  0.00760032  -0.00065329     0.00748049   0.00126573     0.00748049   0.00126573
  0.00912339   0.00205096     0.00491517   0.00045701    -0.00795974  -0.00147466
  0.00912339   0.00205096    -0.00795974  -0.00147466     0.00491517   0.00045701
   10    4
  0.00208980   0.00000000     0.00459979  -0.00100522     0.00459979  -0.00100522
 -0.00459979  -0.00100522    -0.02882612  -0.00000000    -0.03869101   0.00000000
 -0.00459979  -0.00100522    -0.03869101   0.00000000    -0.02882612  -0.00000000
   10    5
 -0.00684778  -0.00364405    -0.00615756  -0.00217093    -0.00615756  -0.00217093
  0.00615756   0.00217093     0.00678849   0.00045269     0.00261556  -0.00474918
  0.00615756   0.00217093     0.00261556  -0.00474918     0.00678849   0.00045269
   10    6
 -0.02066511  -0.01795744    -0.00259192  -0.00481033     0.03139252   0.00995791
  0.00259192   0.00481033    -0.00265840   0.00193660    -0.00302791  -0.00357406
  0.03139252   0.00995791     0.00302791   0.00357406    -0.02028905  -0.01380123
   10    7
  0.00962018   0.00000000     0.00774325  -0.00137379    -0.00119543  -0.00239537
 -0.00774325  -0.00137379    -0.01103395  -0.00000000     0.00825505  -0.00136378
 -0.00119543   0.00239537    -0.00825505  -0.00136378     0.00786390   0.00000000
   10    8
 -0.02066511  -0.01795744     0.03139252   0.00995791    -0.00259192  -0.00481033
  0.03139252   0.00995791    -0.02028905  -0.01380123     0.00302791   0.00357406
  0.00259192   0.00481033    -0.00302791  -0.00357406    -0.00265840   0.00193660
   10    9
  0.00962018   0.00000000    -0.00119543  -0.00239537     0.00774325  -0.00137379
 -0.00119543   0.00239537     0.00786390   0.00000000    -0.00825505  -0.00136378
 -0.00774325  -0.00137379     0.00825505  -0.00136378    -0.01103395  -0.00000000
   10   10
  0.16194310  -0.00000000    -0.00335895   0.00193467    -0.00335895   0.00193467
 -0.00335895  -0.00193467     0.16735075   0.00000000     0.00462462  -0.00000000
 -0.00335895  -0.00193467     0.00462462   0.00000000     0.16735075   0.00000000
   10   11
  0.00124983  -0.00050964    -0.00383687   0.00242744    -0.00383687   0.00242744
 -0.00383687   0.00242744    -0.00033873  -0.00206640     0.00460681  -0.00449746
 -0.00383687   0.00242744     0.00460681  -0.00449746    -0.00033873  -0.00206640
   11    1
 -0.06328156  -0.01415135    -0.02347415  -0.00764514    -0.02347415  -0.00764514
 -0.02522643  -0.00292792    -0.05165907  -0.07629888     0.00342019   0.03855460
 -0.02522643  -0.00292792     0.00342019   0.03855460    -0.05165907  -0.07629888
   11    2
  0.00760032   0.00065329     0.00748049  -0.00126573     0.00748049  -0.00126573
  0.00912339  -0.00205096     0.00491517  -0.00045701    -0.00795974   0.00147466
  0.00912339  -0.00205096    -0.00795974   0.00147466     0.00491517  -0.00045701
   11    3
 -0.01890715   0.00203014    -0.01232447  -0.00078755    -0.01232447  -0.00078755
 -0.00440331   0.01028017    -0.01128539   0.01355386     0.00725657  -0.01122634
 -0.00440331   0.01028017     0.00725657  -0.01122634    -0.01128539   0.01355386
   11    4
 -0.00684778   0.00364405    -0.00615756   0.00217093    -0.00615756   0.00217093
  0.00615756  -0.00217093     0.00678849  -0.00045269     0.00261556   0.00474918
  0.00615756  -0.00217093     0.00261556   0.00474918     0.00678849  -0.00045269
   11    5
  0.00208980  -0.00000000     0.00459979   0.00100522     0.00459979   0.00100522
 -0.00459979   0.00100522    -0.02882612   0.00000000    -0.03869101  -0.00000000
 -0.00459979   0.00100522    -0.03869101  -0.00000000    -0.02882612   0.00000000
   11    6
  0.00962018  -0.00000000     0.00774325   0.00137379    -0.00119543   0.00239537
 -0.00774325   0.00137379    -0.01103395   0.00000000     0.00825505   0.00136378
 -0.00119543  -0.00239537    -0.00825505   0.00136378     0.00786390  -0.00000000
   11    7
 -0.02066511   0.01795744    -0.00259192   0.00481033     0.03139252  -0.00995791
  0.00259192  -0.00481033    -0.00265840  -0.00193660    -0.00302791   0.00357406
  0.03139252  -0.00995791     0.00302791  -0.00357406    -0.02028905   0.01380123
   11    8
  0.00962018  -0.00000000    -0.00119543   0.00239537     0.00774325   0.00137379
 -0.00119543  -0.00239537     0.00786390  -0.00000000    -0.00825505   0.00136378
 -0.00774325   0.00137379     0.00825505   0.00136378    -0.01103395   0.00000000
   11    9
 -0.02066511   0.01795744     0.03139252  -0.00995791    -0.00259192   0.00481033
  0.03139252  -0.00995791    -0.02028905   0.01380123     0.00302791  -0.00357406
  0.00259192  -0.00481033    -0.00302791   0.00357406    -0.00265840  -0.00193660
   11   10
  0.00124983   0.00050964    -0.00383687  -0.00242744    -0.00383687  -0.00242744
 -0.00383687  -0.00242744    -0.00033873   0.00206640     0.00460681   0.00449746
 -0.00383687  -0.00242744     0.00460681   0.00449746    -0.00033873   0.00206640
   11   11
  0.16194310   0.00000000    -0.00335895  -0.00193467    -0.00335895  -0.00193467
 -0.00335895   0.00193467     0.16735075  -0.00000000     0.00462462   0.00000000
 -0.00335895   0.00193467     0.00462462  -0.00000000     0.16735075  -0.00000000

     Dynamical  Matrix in cartesian axes

     q = (   -0.235702260   0.000000000   0.000000000 ) 

    1    1
  0.93366137   0.00000000    -0.00000000   0.00000000     0.00000000   0.00000000
 -0.00000000   0.00000000     0.93759380   0.00000000    -0.00000000   0.00000000
 -0.00000000   0.00000000    -0.00000000   0.00000000     0.93759380   0.00000000
    1    2
 -0.04272596  -0.02466784     0.00000000  -0.00000000     0.00000000  -0.00000000
 -0.00000000  -0.00000000    -0.03619040  -0.02089454    -0.02991545   0.05181507
 -0.00000000  -0.00000000    -0.02991545   0.05181507    -0.03619040  -0.02089454
    1    3
 -0.00000000  -0.04933569     0.00000000   0.00000000     0.00000000   0.00000000
  0.00000000   0.00000000    -0.00000000  -0.04178907     0.05983089  -0.00000000
  0.00000000   0.00000000     0.05983089  -0.00000000    -0.00000000  -0.04178907
    1    4
  0.01938536  -0.06187912    -0.01007756   0.02331069    -0.01007756   0.02331069
 -0.00511619   0.02415178    -0.04024723  -0.08288750     0.03167917   0.02223927
 -0.00511619   0.02415178     0.03167917   0.02223927    -0.04024723  -0.08288750
    1    5
 -0.06328156  -0.01415135     0.02522643   0.00292792     0.02522643   0.00292792
  0.02347415   0.00764514    -0.05165907  -0.07629888     0.00342019   0.03855460
  0.02347415   0.00764514     0.00342019   0.03855460    -0.05165907  -0.07629888
    1    6
 -0.06328156  -0.01415135     0.02522643   0.00292792    -0.02522643  -0.00292792
  0.02347415   0.00764514    -0.05165907  -0.07629888    -0.00342019  -0.03855460
 -0.02347415  -0.00764514    -0.00342019  -0.03855460    -0.05165907  -0.07629888
    1    7
  0.01938536  -0.06187912    -0.01007756   0.02331069     0.01007756  -0.02331069
 -0.00511619   0.02415178    -0.04024723  -0.08288750    -0.03167917  -0.02223927
  0.00511619  -0.02415178    -0.03167917  -0.02223927    -0.04024723  -0.08288750
    1    8
 -0.06328156  -0.01415135    -0.02522643  -0.00292792     0.02522643   0.00292792
 -0.02347415  -0.00764514    -0.05165907  -0.07629888    -0.00342019  -0.03855460
  0.02347415   0.00764514    -0.00342019  -0.03855460    -0.05165907  -0.07629888
    1    9
  0.01938536  -0.06187912     0.01007756  -0.02331069    -0.01007756   0.02331069
  0.00511619  -0.02415178    -0.04024723  -0.08288750    -0.03167917  -0.02223927
 -0.00511619   0.02415178    -0.03167917  -0.02223927    -0.04024723  -0.08288750
    1   10
  0.01938536  -0.06187912     0.01007756  -0.02331069     0.01007756  -0.02331069
  0.00511619  -0.02415178    -0.04024723  -0.08288750     0.03167917   0.02223927
  0.00511619  -0.02415178     0.03167917   0.02223927    -0.04024723  -0.08288750
    1   11
 -0.06328156  -0.01415135    -0.02522643  -0.00292792    -0.02522643  -0.00292792
 -0.02347415  -0.00764514    -0.05165907  -0.07629888     0.00342019   0.03855460
 -0.02347415  -0.00764514     0.00342019   0.03855460    -0.05165907  -0.07629888
    2    1
 -0.04272596   0.02466784     0.00000000   0.00000000    -0.00000000   0.00000000
 -0.00000000   0.00000000    -0.03619040   0.02089454    -0.02991545  -0.05181507
  0.00000000   0.00000000    -0.02991545  -0.05181507    -0.03619040   0.02089454
    2    2
  0.09761538   0.00000000     0.00000000  -0.00000000    -0.00000000   0.00000000
  0.00000000   0.00000000     0.09850892   0.00000000     0.00000000   0.00000000
 -0.00000000   0.00000000     0.00000000   0.00000000     0.09850892  -0.00000000
    2    3
  0.00526604   0.00912105    -0.00000000  -0.00000000     0.00000000   0.00000000
  0.00000000  -0.00000000     0.00284247   0.00492330    -0.00437954   0.00252853
  0.00000000   0.00000000    -0.00437954   0.00252853     0.00284247   0.00492330
    2    4
 -0.01890715  -0.00203014     0.00440331   0.01028017     0.00440331   0.01028017
  0.01232447  -0.00078755    -0.01128539  -0.01355386     0.00725657   0.01122634
  0.01232447  -0.00078755     0.00725657   0.01122634    -0.01128539  -0.01355386
    2    5
  0.00760032   0.00065329    -0.00912339   0.00205096    -0.00912339   0.00205096
 -0.00748049   0.00126573     0.00491517  -0.00045701    -0.00795974   0.00147466
 -0.00748049   0.00126573    -0.00795974   0.00147466     0.00491517  -0.00045701
    2    6
 -0.01121173  -0.01535901     0.01110455  -0.00132670    -0.01110455   0.00132670
  0.00548020   0.01106708    -0.01738068  -0.00299650    -0.01335058  -0.00067121
 -0.00548020  -0.01106708    -0.01335058  -0.00067121    -0.01738068  -0.00299650
    2    7
  0.00436592   0.00625543    -0.00278551  -0.00892657     0.00278551   0.00892657
 -0.00264409  -0.00711116     0.00206181   0.00448516     0.00270278   0.00763067
  0.00264409   0.00711116     0.00270278   0.00763067     0.00206181   0.00448516
    2    8
 -0.01121173  -0.01535901    -0.01110455   0.00132670     0.01110455  -0.00132670
 -0.00548020  -0.01106708    -0.01738068  -0.00299650    -0.01335058  -0.00067121
  0.00548020   0.01106708    -0.01335058  -0.00067121    -0.01738068  -0.00299650
    2    9
  0.00436592   0.00625543     0.00278551   0.00892657    -0.00278551  -0.00892657
  0.00264409   0.00711116     0.00206181   0.00448516     0.00270278   0.00763067
 -0.00264409  -0.00711116     0.00270278   0.00763067     0.00206181   0.00448516
    2   10
 -0.01890715  -0.00203014    -0.00440331  -0.01028017    -0.00440331  -0.01028017
 -0.01232447   0.00078755    -0.01128539  -0.01355386     0.00725657   0.01122634
 -0.01232447   0.00078755     0.00725657   0.01122634    -0.01128539  -0.01355386
    2   11
  0.00760032   0.00065329     0.00912339  -0.00205096     0.00912339  -0.00205096
  0.00748049  -0.00126573     0.00491517  -0.00045701    -0.00795974   0.00147466
  0.00748049  -0.00126573    -0.00795974   0.00147466     0.00491517  -0.00045701
    3    1
 -0.00000000   0.04933569     0.00000000   0.00000000     0.00000000   0.00000000
  0.00000000  -0.00000000    -0.00000000   0.04178907     0.05983089   0.00000000
 -0.00000000   0.00000000     0.05983089   0.00000000    -0.00000000   0.04178907
    3    2
  0.00526604  -0.00912105    -0.00000000   0.00000000     0.00000000  -0.00000000
  0.00000000   0.00000000     0.00284247  -0.00492330    -0.00437954  -0.00252853
  0.00000000  -0.00000000    -0.00437954  -0.00252853     0.00284247  -0.00492330
    3    3
  0.09761538   0.00000000     0.00000000   0.00000000    -0.00000000   0.00000000
  0.00000000   0.00000000     0.09850892  -0.00000000     0.00000000  -0.00000000
 -0.00000000  -0.00000000     0.00000000  -0.00000000     0.09850892   0.00000000
    3    4
  0.00760032  -0.00065329    -0.00912339  -0.00205096    -0.00912339  -0.00205096
 -0.00748049  -0.00126573     0.00491517   0.00045701    -0.00795974  -0.00147466
 -0.00748049  -0.00126573    -0.00795974  -0.00147466     0.00491517   0.00045701
    3    5
 -0.01890715   0.00203014     0.00440331  -0.01028017     0.00440331  -0.01028017
  0.01232447   0.00078755    -0.01128539   0.01355386     0.00725657  -0.01122634
  0.01232447   0.00078755     0.00725657  -0.01122634    -0.01128539   0.01355386
    3    6
  0.00436592  -0.00625543    -0.00278551   0.00892657     0.00278551  -0.00892657
 -0.00264409   0.00711116     0.00206181  -0.00448516     0.00270278  -0.00763067
  0.00264409  -0.00711116     0.00270278  -0.00763067     0.00206181  -0.00448516
    3    7
 -0.01121173   0.01535901     0.01110455   0.00132670    -0.01110455  -0.00132670
  0.00548020  -0.01106708    -0.01738068   0.00299650    -0.01335058   0.00067121
 -0.00548020   0.01106708    -0.01335058   0.00067121    -0.01738068   0.00299650
    3    8
  0.00436592  -0.00625543     0.00278551  -0.00892657    -0.00278551   0.00892657
