Dynamical matrix file
Electron-phonon coefficients for La1H10                                    
  2   11   0   6.4715904   0.0000000   0.0000000   0.0000000   0.0000000   0.0000000
Basis vectors
      0.000000000    0.707106781    0.707106781
      0.707106781    0.000000000    0.707106781
      0.707106781    0.707106781    0.000000000
           1  'La     '    126604.590967802     
           2  'H      '    918.681110398939     
    1    1      0.0000000000      0.0000000000      0.0000000000
    2    2      0.3535533906      0.3535533906      0.3535533906
    3    2      1.0606601718      1.0606601718      1.0606601718
    4    2      0.8776865653      0.8776865653      0.8776865653
    5    2      0.5365269970      0.5365269970      0.5365269970
    6    2      0.5365269971      0.5365269971      0.8776865653
    7    2      0.8776865653      0.8776865653      0.5365269970
    8    2      0.5365269971      0.8776865653      0.5365269971
    9    2      0.8776865653      0.5365269970      0.8776865653
   10    2      0.8776865653      0.5365269971      0.5365269971
   11    2      0.5365269970      0.8776865653      0.8776865653

     Dynamical  Matrix in cartesian axes

     q = (    0.117851130   0.117851130  -0.117851130 ) 

    1    1
  0.91410173   0.00000000     0.01876577   0.00000000    -0.01876577   0.00000000
  0.01876577   0.00000000     0.91410173   0.00000000    -0.01876577   0.00000000
 -0.01876577   0.00000000    -0.01876577   0.00000000     0.91410173   0.00000000
    1    2
 -0.04442687   0.00863339     0.01163976   0.02610924    -0.01163976  -0.02610924
  0.01163976   0.02610924    -0.04442687   0.00863339    -0.01163976  -0.02610924
 -0.01163976  -0.02610924    -0.01163976  -0.02610924    -0.04442687   0.00863339
    1    3
 -0.02969017   0.03415810    -0.01679139  -0.02313495     0.01679139   0.02313495
 -0.01679139  -0.02313495    -0.02969017   0.03415810     0.01679139   0.02313495
  0.01679139   0.02313495     0.01679139   0.02313495    -0.02969017   0.03415810
    1    4
 -0.05487299   0.06614488     0.00288760  -0.03948623     0.02397704  -0.00533786
  0.00288760  -0.03948623    -0.05487299   0.06614488     0.02397704  -0.00533786
  0.02229854   0.00079707     0.02229854   0.00079707    -0.07991988   0.02297535
    1    5
 -0.08471964   0.01444896     0.03563987   0.01724238     0.01661124  -0.01809580
  0.03563987   0.01724238    -0.08471964   0.01444896     0.01661124  -0.01809580
  0.01045899  -0.01970964     0.01045899  -0.01970964    -0.05985718   0.05772497
    1    6
 -0.08500796   0.00935658     0.03043084   0.00044283    -0.03043084  -0.00044283
  0.03043084   0.00044283    -0.08500796   0.00935658    -0.03043084  -0.00044283
 -0.03043084  -0.00044283    -0.03043084  -0.00044283    -0.08500796   0.00935658
    1    7
 -0.05060702   0.06894076     0.01483192  -0.02657530    -0.01483192   0.02657530
  0.01483192  -0.02657530    -0.05060702   0.06894076    -0.01483192   0.02657530
 -0.01483192   0.02657530    -0.01483192   0.02657530    -0.05060702   0.06894076
    1    8
 -0.07991988   0.02297535    -0.02229854  -0.00079707     0.02229854   0.00079707
 -0.02397704   0.00533786    -0.05487299   0.06614488    -0.00288760   0.03948623
  0.02397704  -0.00533786    -0.00288760   0.03948623    -0.05487299   0.06614488
    1    9
 -0.05985718   0.05772497    -0.01045899   0.01970964     0.01045899  -0.01970964
 -0.01661124   0.01809580    -0.08471964   0.01444896    -0.03563987  -0.01724238
  0.01661124  -0.01809580    -0.03563987  -0.01724238    -0.08471964   0.01444896
    1   10
 -0.05487299   0.06614488    -0.02397704   0.00533786    -0.00288760   0.03948623
 -0.02229854  -0.00079707    -0.07991988   0.02297535     0.02229854   0.00079707
 -0.00288760   0.03948623     0.02397704  -0.00533786    -0.05487299   0.06614488
    1   11
 -0.08471964   0.01444896    -0.01661124   0.01809580    -0.03563987  -0.01724238
 -0.01045899   0.01970964    -0.05985718   0.05772497     0.01045899  -0.01970964
 -0.03563987  -0.01724238     0.01661124  -0.01809580    -0.08471964   0.01444896
    2    1
 -0.04442687  -0.00863339     0.01163976  -0.02610924    -0.01163976   0.02610924
  0.01163976  -0.02610924    -0.04442687  -0.00863339    -0.01163976   0.02610924
 -0.01163976   0.02610924    -0.01163976   0.02610924    -0.04442687  -0.00863339
    2    2
  0.09671180   0.00000000     0.00060081  -0.00000000    -0.00060081  -0.00000000
  0.00060081  -0.00000000     0.09671180   0.00000000    -0.00060081   0.00000000
 -0.00060081   0.00000000    -0.00060081   0.00000000     0.09671180   0.00000000
    2    3
  0.00479447  -0.00312373     0.00054633   0.00201313    -0.00054633  -0.00201313
  0.00054633   0.00201313     0.00479447  -0.00312373    -0.00054633  -0.00201313
 -0.00054633  -0.00201313    -0.00054633  -0.00201313     0.00479447  -0.00312373
    2    4
 -0.01891699   0.00051638     0.01091318   0.00052638     0.00706672  -0.01186267
  0.01091318   0.00052638    -0.01891699   0.00051638     0.00706672  -0.01186267
  0.01212412   0.00090427     0.01212412   0.00090427    -0.01003525   0.01044304
    2    5
  0.00514773   0.00079399    -0.00757468  -0.00111539    -0.00830935  -0.00085485
 -0.00757468  -0.00111539     0.00514773   0.00079399    -0.00830935  -0.00085485
 -0.00717587  -0.00017905    -0.00717587  -0.00017905     0.00570880   0.00027530
    2    6
 -0.01854986   0.00295102     0.01327220   0.00007334    -0.01327220  -0.00007334
  0.01327220   0.00007334    -0.01854986   0.00295102    -0.01327220  -0.00007334
 -0.01327220  -0.00007334    -0.01327220  -0.00007334    -0.01854986   0.00295102
    2    7
  0.00224627  -0.00397065    -0.00116849   0.00818537     0.00116849  -0.00818537
 -0.00116849   0.00818537     0.00224627  -0.00397065     0.00116849  -0.00818537
  0.00116849  -0.00818537     0.00116849  -0.00818537     0.00224627  -0.00397065
    2    8
 -0.01003525   0.01044304    -0.01212412  -0.00090427     0.01212412   0.00090427
 -0.00706672   0.01186267    -0.01891699   0.00051638    -0.01091318  -0.00052638
  0.00706672  -0.01186267    -0.01091318  -0.00052638    -0.01891699   0.00051638
    2    9
  0.00570880   0.00027530     0.00717587   0.00017905    -0.00717587  -0.00017905
  0.00830935   0.00085485     0.00514773   0.00079399     0.00757468   0.00111539
 -0.00830935  -0.00085485     0.00757468   0.00111539     0.00514773   0.00079399
    2   10
 -0.01891699   0.00051638    -0.00706672   0.01186267    -0.01091318  -0.00052638
 -0.01212412  -0.00090427    -0.01003525   0.01044304     0.01212412   0.00090427
 -0.01091318  -0.00052638     0.00706672  -0.01186267    -0.01891699   0.00051638
    2   11
  0.00514773   0.00079399     0.00830935   0.00085485     0.00757468   0.00111539
  0.00717587   0.00017905     0.00570880   0.00027530    -0.00717587  -0.00017905
  0.00757468   0.00111539    -0.00830935  -0.00085485     0.00514773   0.00079399
    3    1
 -0.02969017  -0.03415810    -0.01679139   0.02313495     0.01679139  -0.02313495
 -0.01679139   0.02313495    -0.02969017  -0.03415810     0.01679139  -0.02313495
  0.01679139  -0.02313495     0.01679139  -0.02313495    -0.02969017  -0.03415810
    3    2
  0.00479447   0.00312373     0.00054633  -0.00201313    -0.00054633   0.00201313
  0.00054633  -0.00201313     0.00479447   0.00312373    -0.00054633   0.00201313
 -0.00054633   0.00201313    -0.00054633   0.00201313     0.00479447   0.00312373
    3    3
  0.09671180  -0.00000000     0.00060081   0.00000000    -0.00060081   0.00000000
  0.00060081   0.00000000     0.09671180  -0.00000000    -0.00060081  -0.00000000
 -0.00060081   0.00000000    -0.00060081   0.00000000     0.09671180  -0.00000000
    3    4
  0.00514773  -0.00079399    -0.00757468   0.00111539    -0.00830935   0.00085485
 -0.00757468   0.00111539     0.00514773  -0.00079399    -0.00830935   0.00085485
 -0.00717587   0.00017905    -0.00717587   0.00017905     0.00570880  -0.00027530
    3    5
 -0.01891699  -0.00051638     0.01091318  -0.00052638     0.00706672   0.01186267
  0.01091318  -0.00052638    -0.01891699  -0.00051638     0.00706672   0.01186267
  0.01212412  -0.00090427     0.01212412  -0.00090427    -0.01003525  -0.01044304
    3    6
  0.00224627   0.00397065    -0.00116849  -0.00818537     0.00116849   0.00818537
 -0.00116849  -0.00818537     0.00224627   0.00397065     0.00116849   0.00818537
  0.00116849   0.00818537     0.00116849   0.00818537     0.00224627   0.00397065
    3    7
 -0.01854986  -0.00295102     0.01327220  -0.00007334    -0.01327220   0.00007334
  0.01327220  -0.00007334    -0.01854986  -0.00295102    -0.01327220   0.00007334
 -0.01327220   0.00007334    -0.01327220   0.00007334    -0.01854986  -0.00295102
    3    8
  0.00570880  -0.00027530     0.00717587  -0.00017905    -0.00717587   0.00017905
  0.00830935  -0.00085485     0.00514773  -0.00079399     0.00757468  -0.00111539
 -0.00830935   0.00085485     0.00757468  -0.00111539     0.00514773  -0.00079399
    3    9
 -0.01003525  -0.01044304    -0.01212412   0.00090427     0.01212412  -0.00090427
 -0.00706672  -0.01186267    -0.01891699  -0.00051638    -0.01091318   0.00052638
  0.00706672   0.01186267    -0.01091318   0.00052638    -0.01891699  -0.00051638
    3   10
  0.00514773  -0.00079399     0.00830935  -0.00085485     0.00757468  -0.00111539
  0.00717587  -0.00017905     0.00570880  -0.00027530    -0.00717587   0.00017905
  0.00757468  -0.00111539    -0.00830935   0.00085485     0.00514773  -0.00079399
    3   11
 -0.01891699  -0.00051638    -0.00706672  -0.01186267    -0.01091318   0.00052638
 -0.01212412   0.00090427    -0.01003525  -0.01044304     0.01212412  -0.00090427
 -0.01091318   0.00052638     0.00706672   0.01186267    -0.01891699  -0.00051638
    4    1
 -0.05487299  -0.06614488     0.00288760   0.03948623     0.02229854  -0.00079707
  0.00288760   0.03948623    -0.05487299  -0.06614488     0.02229854  -0.00079707
  0.02397704   0.00533786     0.02397704   0.00533786    -0.07991988  -0.02297535
    4    2
 -0.01891699  -0.00051638     0.01091318  -0.00052638     0.01212412  -0.00090427
  0.01091318  -0.00052638    -0.01891699  -0.00051638     0.01212412  -0.00090427
  0.00706672   0.01186267     0.00706672   0.01186267    -0.01003525  -0.01044304
    4    3
  0.00514773   0.00079399    -0.00757468  -0.00111539    -0.00717587  -0.00017905
 -0.00757468  -0.00111539     0.00514773   0.00079399    -0.00717587  -0.00017905
 -0.00830935  -0.00085485    -0.00830935  -0.00085485     0.00570880   0.00027530
    4    4
  0.16596166   0.00000000     0.00329101   0.00000000     0.00517027  -0.00164432
  0.00329101  -0.00000000     0.16596166  -0.00000000     0.00517027  -0.00164432
  0.00517027   0.00164432     0.00517027   0.00164432     0.16640380   0.00000000
    4    5
 -0.00094702  -0.00128769     0.00317717  -0.00035498     0.00222729  -0.00345903
  0.00317717  -0.00035498    -0.00094702  -0.00128769     0.00222729  -0.00345903
  0.00222729  -0.00345903     0.00222729  -0.00345903    -0.00132084  -0.00309932
    4    6
 -0.01943290  -0.01547357    -0.03166950  -0.00982687     0.00410275   0.00525015
 -0.03166950  -0.00982687    -0.01943290  -0.01547357     0.00410275   0.00525015
 -0.00119681  -0.00420095    -0.00119681  -0.00420095    -0.00098611   0.00160043
    4    7
  0.00829476  -0.00037931     0.00098542   0.00184610    -0.00818367   0.00182148
  0.00098542   0.00184610     0.00829476  -0.00037931    -0.00818367   0.00182148
  0.00737148  -0.00070526     0.00737148  -0.00070526    -0.00986379   0.00207212
    4    8
 -0.02908869  -0.00198767     0.00492122   0.00159502    -0.03717077  -0.00000000
 -0.00473842  -0.00005430     0.00148368   0.00000000    -0.00492122   0.00159502
 -0.03802175  -0.00000000     0.00473842  -0.00005430    -0.02908869   0.00198767
    4    9
  0.00760719  -0.00061858    -0.00776169   0.00012329     0.00073359  -0.00043987
  0.00708963   0.00269329    -0.00944531  -0.00229557     0.00776169  -0.00012329
  0.00117407  -0.00633996    -0.00708963  -0.00269329     0.00760719  -0.00061858
    4   10
  0.00148368   0.00000000    -0.00473842  -0.00005430    -0.00492122   0.00159502
  0.00492122   0.00159502    -0.02908869  -0.00198767    -0.03717077  -0.00000000
  0.00473842  -0.00005430    -0.03802175  -0.00000000    -0.02908869   0.00198767
    4   11
 -0.00944531  -0.00229557     0.00708963   0.00269329     0.00776169  -0.00012329
 -0.00776169   0.00012329     0.00760719  -0.00061858     0.00073359  -0.00043987
 -0.00708963  -0.00269329     0.00117407  -0.00633996     0.00760719  -0.00061858
    5    1
 -0.08471964  -0.01444896     0.03563987  -0.01724238     0.01045899   0.01970964
  0.03563987  -0.01724238    -0.08471964  -0.01444896     0.01045899   0.01970964
  0.01661124   0.01809580     0.01661124   0.01809580    -0.05985718  -0.05772497
    5    2
  0.00514773  -0.00079399    -0.00757468   0.00111539    -0.00717587   0.00017905
 -0.00757468   0.00111539     0.00514773  -0.00079399    -0.00717587   0.00017905
 -0.00830935   0.00085485    -0.00830935   0.00085485     0.00570880  -0.00027530
    5    3
 -0.01891699   0.00051638     0.01091318   0.00052638     0.01212412   0.00090427
  0.01091318   0.00052638    -0.01891699   0.00051638     0.01212412   0.00090427
  0.00706672  -0.01186267     0.00706672  -0.01186267    -0.01003525   0.01044304
    5    4
 -0.00094702   0.00128769     0.00317717   0.00035498     0.00222729   0.00345903
  0.00317717   0.00035498    -0.00094702   0.00128769     0.00222729   0.00345903
  0.00222729   0.00345903     0.00222729   0.00345903    -0.00132084   0.00309932
    5    5
  0.16596166  -0.00000000     0.00329101  -0.00000000     0.00517027   0.00164432
  0.00329101   0.00000000     0.16596166   0.00000000     0.00517027   0.00164432
  0.00517027  -0.00164432     0.00517027  -0.00164432     0.16640380  -0.00000000
    5    6
  0.00829476   0.00037931     0.00098542  -0.00184610    -0.00818367  -0.00182148
  0.00098542  -0.00184610     0.00829476   0.00037931    -0.00818367  -0.00182148
  0.00737148   0.00070526     0.00737148   0.00070526    -0.00986379  -0.00207212
    5    7
 -0.01943290   0.01547357    -0.03166950   0.00982687     0.00410275  -0.00525015
 -0.03166950   0.00982687    -0.01943290   0.01547357     0.00410275  -0.00525015
 -0.00119681   0.00420095    -0.00119681   0.00420095    -0.00098611  -0.00160043
    5    8
  0.00760719   0.00061858    -0.00776169  -0.00012329     0.00073359   0.00043987
  0.00708963  -0.00269329    -0.00944531   0.00229557     0.00776169   0.00012329
  0.00117407   0.00633996    -0.00708963   0.00269329     0.00760719   0.00061858
    5    9
 -0.02908869   0.00198767     0.00492122  -0.00159502    -0.03717077   0.00000000
 -0.00473842   0.00005430     0.00148368  -0.00000000    -0.00492122  -0.00159502
 -0.03802175   0.00000000     0.00473842   0.00005430    -0.02908869  -0.00198767
    5   10
 -0.00944531   0.00229557     0.00708963  -0.00269329     0.00776169   0.00012329
 -0.00776169  -0.00012329     0.00760719   0.00061858     0.00073359   0.00043987
 -0.00708963   0.00269329     0.00117407   0.00633996     0.00760719   0.00061858
    5   11
  0.00148368  -0.00000000    -0.00473842   0.00005430    -0.00492122  -0.00159502
  0.00492122  -0.00159502    -0.02908869   0.00198767    -0.03717077   0.00000000
  0.00473842   0.00005430    -0.03802175   0.00000000    -0.02908869  -0.00198767
    6    1
 -0.08500796  -0.00935658     0.03043084  -0.00044283    -0.03043084   0.00044283
  0.03043084  -0.00044283    -0.08500796  -0.00935658    -0.03043084   0.00044283
 -0.03043084   0.00044283    -0.03043084   0.00044283    -0.08500796  -0.00935658
    6    2
 -0.01854986  -0.00295102     0.01327220  -0.00007334    -0.01327220   0.00007334
  0.01327220  -0.00007334    -0.01854986  -0.00295102    -0.01327220   0.00007334
 -0.01327220   0.00007334    -0.01327220   0.00007334    -0.01854986  -0.00295102
    6    3
  0.00224627  -0.00397065    -0.00116849   0.00818537     0.00116849  -0.00818537
 -0.00116849   0.00818537     0.00224627  -0.00397065     0.00116849  -0.00818537
  0.00116849  -0.00818537     0.00116849  -0.00818537     0.00224627  -0.00397065
    6    4
 -0.01943290   0.01547357    -0.03166950   0.00982687    -0.00119681   0.00420095
 -0.03166950   0.00982687    -0.01943290   0.01547357    -0.00119681   0.00420095
  0.00410275  -0.00525015     0.00410275  -0.00525015    -0.00098611  -0.00160043
    6    5
  0.00829476  -0.00037931     0.00098542   0.00184610     0.00737148  -0.00070526
  0.00098542   0.00184610     0.00829476  -0.00037931     0.00737148  -0.00070526
 -0.00818367   0.00182148    -0.00818367   0.00182148    -0.00986379   0.00207212
    6    6
  0.16544140   0.00000000     0.00222027   0.00000000    -0.00222027   0.00000000
  0.00222027   0.00000000     0.16544140   0.00000000    -0.00222027   0.00000000
 -0.00222027   0.00000000    -0.00222027   0.00000000     0.16544140   0.00000000
    6    7
  0.00006128   0.00259849     0.00587608   0.00478647    -0.00587608  -0.00478647
  0.00587608   0.00478647     0.00006128   0.00259849    -0.00587608  -0.00478647
 -0.00587608  -0.00478647    -0.00587608  -0.00478647     0.00006128   0.00259849
    6    8
 -0.00098611  -0.00160043    -0.00410275   0.00525015     0.00410275  -0.00525015
  0.00119681  -0.00420095    -0.01943290   0.01547357     0.03166950  -0.00982687
 -0.00119681   0.00420095     0.03166950  -0.00982687    -0.01943290   0.01547357
    6    9
 -0.00986379   0.00207212     0.00818367  -0.00182148    -0.00818367   0.00182148
 -0.00737148   0.00070526     0.00829476  -0.00037931    -0.00098542  -0.00184610
  0.00737148  -0.00070526    -0.00098542  -0.00184610     0.00829476  -0.00037931
    6   10
 -0.01943290   0.01547357     0.00119681  -0.00420095     0.03166950  -0.00982687
 -0.00410275   0.00525015    -0.00098611  -0.00160043     0.00410275  -0.00525015
  0.03166950  -0.00982687    -0.00119681   0.00420095    -0.01943290   0.01547357
    6   11
  0.00829476  -0.00037931    -0.00737148   0.00070526    -0.00098542  -0.00184610
  0.00818367  -0.00182148    -0.00986379   0.00207212    -0.00818367   0.00182148
 -0.00098542  -0.00184610     0.00737148  -0.00070526     0.00829476  -0.00037931
    7    1
 -0.05060702  -0.06894076     0.01483192   0.02657530    -0.01483192  -0.02657530
  0.01483192   0.02657530    -0.05060702  -0.06894076    -0.01483192  -0.02657530
 -0.01483192  -0.02657530    -0.01483192  -0.02657530    -0.05060702  -0.06894076
    7    2
  0.00224627   0.00397065    -0.00116849  -0.00818537     0.00116849   0.00818537
 -0.00116849  -0.00818537     0.00224627   0.00397065     0.00116849   0.00818537
  0.00116849   0.00818537     0.00116849   0.00818537     0.00224627   0.00397065
    7    3
 -0.01854986   0.00295102     0.01327220   0.00007334    -0.01327220  -0.00007334
  0.01327220   0.00007334    -0.01854986   0.00295102    -0.01327220  -0.00007334
 -0.01327220  -0.00007334    -0.01327220  -0.00007334    -0.01854986   0.00295102
    7    4
  0.00829476   0.00037931     0.00098542  -0.00184610     0.00737148   0.00070526
  0.00098542  -0.00184610     0.00829476   0.00037931     0.00737148   0.00070526
 -0.00818367  -0.00182148    -0.00818367  -0.00182148    -0.00986379  -0.00207212
    7    5
 -0.01943290  -0.01547357    -0.03166950  -0.00982687    -0.00119681  -0.00420095
 -0.03166950  -0.00982687    -0.01943290  -0.01547357    -0.00119681  -0.00420095
  0.00410275   0.00525015     0.00410275   0.00525015    -0.00098611   0.00160043
    7    6
  0.00006128  -0.00259849     0.00587608  -0.00478647    -0.00587608   0.00478647
  0.00587608  -0.00478647     0.00006128  -0.00259849    -0.00587608   0.00478647
 -0.00587608   0.00478647    -0.00587608   0.00478647     0.00006128  -0.00259849
    7    7
  0.16544140   0.00000000     0.00222027   0.00000000    -0.00222027   0.00000000
  0.00222027   0.00000000     0.16544140   0.00000000    -0.00222027   0.00000000
 -0.00222027   0.00000000    -0.00222027   0.00000000     0.16544140   0.00000000
    7    8
 -0.00986379  -0.00207212     0.00818367   0.00182148    -0.00818367  -0.00182148
 -0.00737148  -0.00070526     0.00829476   0.00037931    -0.00098542   0.00184610
  0.00737148   0.00070526    -0.00098542   0.00184610     0.00829476   0.00037931
    7    9
 -0.00098611   0.00160043    -0.00410275  -0.00525015     0.00410275   0.00525015
  0.00119681   0.00420095    -0.01943290  -0.01547357     0.03166950   0.00982687
 -0.00119681  -0.00420095     0.03166950   0.00982687    -0.01943290  -0.01547357
    7   10
  0.00829476   0.00037931    -0.00737148  -0.00070526    -0.00098542   0.00184610
  0.00818367   0.00182148    -0.00986379  -0.00207212    -0.00818367  -0.00182148
 -0.00098542   0.00184610     0.00737148   0.00070526     0.00829476   0.00037931
    7   11
 -0.01943290  -0.01547357     0.00119681   0.00420095     0.03166950   0.00982687
 -0.00410275  -0.00525015    -0.00098611   0.00160043     0.00410275   0.00525015
  0.03166950   0.00982687    -0.00119681  -0.00420095    -0.01943290  -0.01547357
    8    1
 -0.07991988  -0.02297535    -0.02397704  -0.00533786     0.02397704   0.00533786
 -0.02229854   0.00079707    -0.05487299  -0.06614488    -0.00288760  -0.03948623
  0.02229854  -0.00079707    -0.00288760  -0.03948623    -0.05487299  -0.06614488
    8    2
 -0.01003525  -0.01044304    -0.00706672  -0.01186267     0.00706672   0.01186267
 -0.01212412   0.00090427    -0.01891699  -0.00051638    -0.01091318   0.00052638
  0.01212412  -0.00090427    -0.01091318   0.00052638    -0.01891699  -0.00051638
    8    3
  0.00570880   0.00027530     0.00830935   0.00085485    -0.00830935  -0.00085485
  0.00717587   0.00017905     0.00514773   0.00079399     0.00757468   0.00111539
 -0.00717587  -0.00017905     0.00757468   0.00111539     0.00514773   0.00079399
    8    4
 -0.02908869   0.00198767    -0.00473842   0.00005430    -0.03802175  -0.00000000
  0.00492122  -0.00159502     0.00148368   0.00000000     0.00473842   0.00005430
 -0.03717077  -0.00000000    -0.00492122  -0.00159502    -0.02908869  -0.00198767
    8    5
  0.00760719  -0.00061858     0.00708963   0.00269329     0.00117407  -0.00633996
 -0.00776169   0.00012329    -0.00944531  -0.00229557    -0.00708963  -0.00269329
  0.00073359  -0.00043987     0.00776169  -0.00012329     0.00760719  -0.00061858
    8    6
 -0.00098611   0.00160043     0.00119681   0.00420095    -0.00119681  -0.00420095
 -0.00410275  -0.00525015    -0.01943290  -0.01547357     0.03166950   0.00982687
  0.00410275   0.00525015     0.03166950   0.00982687    -0.01943290  -0.01547357
    8    7
 -0.00986379   0.00207212    -0.00737148   0.00070526     0.00737148  -0.00070526
  0.00818367  -0.00182148     0.00829476  -0.00037931    -0.00098542  -0.00184610
 -0.00818367   0.00182148    -0.00098542  -0.00184610     0.00829476  -0.00037931
    8    8
  0.16640380   0.00000000    -0.00517027  -0.00164432     0.00517027   0.00164432
 -0.00517027   0.00164432     0.16596166  -0.00000000    -0.00329101   0.00000000
  0.00517027  -0.00164432    -0.00329101   0.00000000     0.16596166  -0.00000000
    8    9
 -0.00132084  -0.00309932    -0.00222729   0.00345903     0.00222729  -0.00345903
 -0.00222729   0.00345903    -0.00094702  -0.00128769    -0.00317717   0.00035498
  0.00222729  -0.00345903    -0.00317717   0.00035498    -0.00094702  -0.00128769
    8   10
 -0.02908869   0.00198767     0.03802175   0.00000000     0.00473842  -0.00005430
  0.03717077   0.00000000    -0.02908869  -0.00198767    -0.00492122  -0.00159502
 -0.00492122   0.00159502     0.00473842   0.00005430     0.00148368   0.00000000
    8   11
  0.00760719  -0.00061858    -0.00117407   0.00633996    -0.00708963  -0.00269329
 -0.00073359   0.00043987     0.00760719  -0.00061858     0.00776169  -0.00012329
  0.00776169  -0.00012329    -0.00708963  -0.00269329    -0.00944531  -0.00229557
    9    1
 -0.05985718  -0.05772497    -0.01661124  -0.01809580     0.01661124   0.01809580
 -0.01045899  -0.01970964    -0.08471964  -0.01444896    -0.03563987   0.01724238
  0.01045899   0.01970964    -0.03563987   0.01724238    -0.08471964  -0.01444896
    9    2
  0.00570880  -0.00027530     0.00830935  -0.00085485    -0.00830935   0.00085485
  0.00717587  -0.00017905     0.00514773  -0.00079399     0.00757468  -0.00111539
 -0.00717587   0.00017905     0.00757468  -0.00111539     0.00514773  -0.00079399
    9    3
 -0.01003525   0.01044304    -0.00706672   0.01186267     0.00706672  -0.01186267
 -0.01212412  -0.00090427    -0.01891699   0.00051638    -0.01091318  -0.00052638
  0.01212412   0.00090427    -0.01091318  -0.00052638    -0.01891699   0.00051638
    9    4
  0.00760719   0.00061858     0.00708963  -0.00269329     0.00117407   0.00633996
 -0.00776169  -0.00012329    -0.00944531   0.00229557    -0.00708963   0.00269329
  0.00073359   0.00043987     0.00776169   0.00012329     0.00760719   0.00061858
    9    5
 -0.02908869  -0.00198767    -0.00473842  -0.00005430    -0.03802175   0.00000000
  0.00492122   0.00159502     0.00148368  -0.00000000     0.00473842  -0.00005430
 -0.03717077   0.00000000    -0.00492122   0.00159502    -0.02908869   0.00198767
    9    6
 -0.00986379  -0.00207212    -0.00737148  -0.00070526     0.00737148   0.00070526
  0.00818367   0.00182148     0.00829476   0.00037931    -0.00098542   0.00184610
 -0.00818367  -0.00182148    -0.00098542   0.00184610     0.00829476   0.00037931
    9    7
 -0.00098611  -0.00160043     0.00119681  -0.00420095    -0.00119681   0.00420095
 -0.00410275   0.00525015    -0.01943290   0.01547357     0.03166950  -0.00982687
  0.00410275  -0.00525015     0.03166950  -0.00982687    -0.01943290   0.01547357
    9    8
 -0.00132084   0.00309932    -0.00222729  -0.00345903     0.00222729   0.00345903
 -0.00222729  -0.00345903    -0.00094702   0.00128769    -0.00317717  -0.00035498
  0.00222729   0.00345903    -0.00317717  -0.00035498    -0.00094702   0.00128769
    9    9
  0.16640380  -0.00000000    -0.00517027   0.00164432     0.00517027  -0.00164432
 -0.00517027  -0.00164432     0.16596166   0.00000000    -0.00329101  -0.00000000
  0.00517027   0.00164432    -0.00329101  -0.00000000     0.16596166   0.00000000
    9   10
  0.00760719   0.00061858    -0.00117407  -0.00633996    -0.00708963   0.00269329
 -0.00073359  -0.00043987     0.00760719   0.00061858     0.00776169   0.00012329
  0.00776169   0.00012329    -0.00708963   0.00269329    -0.00944531   0.00229557
    9   11
 -0.02908869  -0.00198767     0.03802175  -0.00000000     0.00473842   0.00005430
  0.03717077  -0.00000000    -0.02908869   0.00198767    -0.00492122   0.00159502
 -0.00492122  -0.00159502     0.00473842  -0.00005430     0.00148368  -0.00000000
   10    1
 -0.05487299  -0.06614488    -0.02229854   0.00079707    -0.00288760  -0.03948623
 -0.02397704  -0.00533786    -0.07991988  -0.02297535     0.02397704   0.00533786
 -0.00288760  -0.03948623     0.02229854  -0.00079707    -0.05487299  -0.06614488
   10    2
 -0.01891699  -0.00051638    -0.01212412   0.00090427    -0.01091318   0.00052638
 -0.00706672  -0.01186267    -0.01003525  -0.01044304     0.00706672   0.01186267
 -0.01091318   0.00052638     0.01212412  -0.00090427    -0.01891699  -0.00051638
   10    3
  0.00514773   0.00079399     0.00717587   0.00017905     0.00757468   0.00111539
  0.00830935   0.00085485     0.00570880   0.00027530    -0.00830935  -0.00085485
  0.00757468   0.00111539    -0.00717587  -0.00017905     0.00514773   0.00079399
   10    4
  0.00148368   0.00000000     0.00492122  -0.00159502     0.00473842   0.00005430
 -0.00473842   0.00005430    -0.02908869   0.00198767    -0.03802175  -0.00000000
 -0.00492122  -0.00159502    -0.03717077  -0.00000000    -0.02908869  -0.00198767
   10    5
 -0.00944531  -0.00229557    -0.00776169   0.00012329    -0.00708963  -0.00269329
  0.00708963   0.00269329     0.00760719  -0.00061858     0.00117407  -0.00633996
  0.00776169  -0.00012329     0.00073359  -0.00043987     0.00760719  -0.00061858
   10    6
 -0.01943290  -0.01547357    -0.00410275  -0.00525015     0.03166950   0.00982687
  0.00119681   0.00420095    -0.00098611   0.00160043    -0.00119681  -0.00420095
  0.03166950   0.00982687     0.00410275   0.00525015    -0.01943290  -0.01547357
   10    7
  0.00829476  -0.00037931     0.00818367  -0.00182148    -0.00098542  -0.00184610
 -0.00737148   0.00070526    -0.00986379   0.00207212     0.00737148  -0.00070526
 -0.00098542  -0.00184610    -0.00818367   0.00182148     0.00829476  -0.00037931
   10    8
 -0.02908869  -0.00198767     0.03717077   0.00000000    -0.00492122  -0.00159502
  0.03802175   0.00000000    -0.02908869   0.00198767     0.00473842  -0.00005430
  0.00473842   0.00005430    -0.00492122   0.00159502     0.00148368   0.00000000
   10    9
  0.00760719  -0.00061858    -0.00073359   0.00043987     0.00776169  -0.00012329
 -0.00117407   0.00633996     0.00760719  -0.00061858    -0.00708963  -0.00269329
 -0.00708963  -0.00269329     0.00776169  -0.00012329    -0.00944531  -0.00229557
   10   10
  0.16596166  -0.00000000    -0.00517027   0.00164432    -0.00329101   0.00000000
 -0.00517027  -0.00164432     0.16640380   0.00000000     0.00517027   0.00164432
 -0.00329101   0.00000000     0.00517027  -0.00164432     0.16596166  -0.00000000
   10   11
 -0.00094702  -0.00128769    -0.00222729   0.00345903    -0.00317717   0.00035498
 -0.00222729   0.00345903    -0.00132084  -0.00309932     0.00222729  -0.00345903
 -0.00317717   0.00035498     0.00222729  -0.00345903    -0.00094702  -0.00128769
   11    1
 -0.08471964  -0.01444896    -0.01045899  -0.01970964    -0.03563987   0.01724238
 -0.01661124  -0.01809580    -0.05985718  -0.05772497     0.01661124   0.01809580
 -0.03563987   0.01724238     0.01045899   0.01970964    -0.08471964  -0.01444896
   11    2
  0.00514773  -0.00079399     0.00717587  -0.00017905     0.00757468  -0.00111539
  0.00830935  -0.00085485     0.00570880  -0.00027530    -0.00830935   0.00085485
  0.00757468  -0.00111539    -0.00717587   0.00017905     0.00514773  -0.00079399
   11    3
 -0.01891699   0.00051638    -0.01212412  -0.00090427    -0.01091318  -0.00052638
 -0.00706672   0.01186267    -0.01003525   0.01044304     0.00706672  -0.01186267
 -0.01091318  -0.00052638     0.01212412   0.00090427    -0.01891699   0.00051638
   11    4
 -0.00944531   0.00229557    -0.00776169  -0.00012329    -0.00708963   0.00269329
  0.00708963  -0.00269329     0.00760719   0.00061858     0.00117407   0.00633996
  0.00776169   0.00012329     0.00073359   0.00043987     0.00760719   0.00061858
   11    5
  0.00148368  -0.00000000     0.00492122   0.00159502     0.00473842  -0.00005430
 -0.00473842  -0.00005430    -0.02908869  -0.00198767    -0.03802175   0.00000000
 -0.00492122   0.00159502    -0.03717077   0.00000000    -0.02908869   0.00198767
   11    6
  0.00829476   0.00037931     0.00818367   0.00182148    -0.00098542   0.00184610
 -0.00737148  -0.00070526    -0.00986379  -0.00207212     0.00737148   0.00070526
 -0.00098542   0.00184610    -0.00818367  -0.00182148     0.00829476   0.00037931
   11    7
 -0.01943290   0.01547357    -0.00410275   0.00525015     0.03166950  -0.00982687
  0.00119681  -0.00420095    -0.00098611  -0.00160043    -0.00119681   0.00420095
  0.03166950  -0.00982687     0.00410275  -0.00525015    -0.01943290   0.01547357
   11    8
  0.00760719   0.00061858    -0.00073359  -0.00043987     0.00776169   0.00012329
 -0.00117407  -0.00633996     0.00760719   0.00061858    -0.00708963   0.00269329
 -0.00708963   0.00269329     0.00776169   0.00012329    -0.00944531   0.00229557
   11    9
 -0.02908869   0.00198767     0.03717077  -0.00000000    -0.00492122   0.00159502
  0.03802175  -0.00000000    -0.02908869  -0.00198767     0.00473842   0.00005430
  0.00473842  -0.00005430    -0.00492122  -0.00159502     0.00148368  -0.00000000
   11   10
 -0.00094702   0.00128769    -0.00222729  -0.00345903    -0.00317717  -0.00035498
 -0.00222729  -0.00345903    -0.00132084   0.00309932     0.00222729   0.00345903
 -0.00317717  -0.00035498     0.00222729   0.00345903    -0.00094702   0.00128769
   11   11
  0.16596166   0.00000000    -0.00517027  -0.00164432    -0.00329101  -0.00000000
 -0.00517027   0.00164432     0.16640380  -0.00000000     0.00517027  -0.00164432
 -0.00329101  -0.00000000     0.00517027   0.00164432     0.16596166   0.00000000

     Dynamical  Matrix in cartesian axes

     q = (    0.117851130  -0.117851130  -0.117851130 ) 

    1    1
  0.91410173   0.00000000    -0.01876577   0.00000000    -0.01876577   0.00000000
 -0.01876577   0.00000000     0.91410173   0.00000000     0.01876577   0.00000000
 -0.01876577   0.00000000     0.01876577   0.00000000     0.91410173   0.00000000
    1    2
 -0.04442687  -0.00863339    -0.01163976   0.02610924    -0.01163976   0.02610924
 -0.01163976   0.02610924    -0.04442687  -0.00863339     0.01163976  -0.02610924
 -0.01163976   0.02610924     0.01163976  -0.02610924    -0.04442687  -0.00863339
    1    3
 -0.02969017  -0.03415810     0.01679139  -0.02313495     0.01679139  -0.02313495
  0.01679139  -0.02313495    -0.02969017  -0.03415810    -0.01679139   0.02313495
  0.01679139  -0.02313495    -0.01679139   0.02313495    -0.02969017  -0.03415810
    1    4
 -0.07991988  -0.02297535     0.02229854  -0.00079707     0.02229854  -0.00079707
  0.02397704   0.00533786    -0.05487299  -0.06614488     0.00288760   0.03948623
  0.02397704   0.00533786     0.00288760   0.03948623    -0.05487299  -0.06614488
    1    5
 -0.05985718  -0.05772497     0.01045899   0.01970964     0.01045899   0.01970964
  0.01661124   0.01809580    -0.08471964  -0.01444896     0.03563987  -0.01724238
  0.01661124   0.01809580     0.03563987  -0.01724238    -0.08471964  -0.01444896
    1    6
 -0.05487299  -0.06614488     0.02397704   0.00533786    -0.00288760  -0.03948623
  0.02229854  -0.00079707    -0.07991988  -0.02297535    -0.02229854   0.00079707
 -0.00288760  -0.03948623    -0.02397704  -0.00533786    -0.05487299  -0.06614488
    1    7
 -0.08471964  -0.01444896     0.01661124   0.01809580    -0.03563987   0.01724238
  0.01045899   0.01970964    -0.05985718  -0.05772497    -0.01045899  -0.01970964
 -0.03563987   0.01724238    -0.01661124  -0.01809580    -0.08471964  -0.01444896
    1    8
 -0.05487299  -0.06614488    -0.00288760  -0.03948623     0.02397704   0.00533786
 -0.00288760  -0.03948623    -0.05487299  -0.06614488    -0.02397704  -0.00533786
  0.02229854  -0.00079707    -0.02229854   0.00079707    -0.07991988  -0.02297535
    1    9
 -0.08471964  -0.01444896    -0.03563987   0.01724238     0.01661124   0.01809580
 -0.03563987   0.01724238    -0.08471964  -0.01444896    -0.01661124  -0.01809580
  0.01045899   0.01970964    -0.01045899  -0.01970964    -0.05985718  -0.05772497
    1   10
 -0.08500796  -0.00935658    -0.03043084   0.00044283    -0.03043084   0.00044283
 -0.03043084   0.00044283    -0.08500796  -0.00935658     0.03043084  -0.00044283
 -0.03043084   0.00044283     0.03043084  -0.00044283    -0.08500796  -0.00935658
    1   11
 -0.05060702  -0.06894076    -0.01483192  -0.02657530    -0.01483192  -0.02657530
 -0.01483192  -0.02657530    -0.05060702  -0.06894076     0.01483192   0.02657530
 -0.01483192  -0.02657530     0.01483192   0.02657530    -0.05060702  -0.06894076
    2    1
 -0.04442687   0.00863339    -0.01163976  -0.02610924    -0.01163976  -0.02610924
 -0.01163976  -0.02610924    -0.04442687   0.00863339     0.01163976   0.02610924
 -0.01163976  -0.02610924     0.01163976   0.02610924    -0.04442687   0.00863339
    2    2
  0.09671180  -0.00000000    -0.00060081   0.00000000    -0.00060081   0.00000000
 -0.00060081   0.00000000     0.09671180  -0.00000000     0.00060081   0.00000000
 -0.00060081  -0.00000000     0.00060081   0.00000000     0.09671180  -0.00000000
    2    3
  0.00479447   0.00312373    -0.00054633   0.00201313    -0.00054633   0.00201313
 -0.00054633   0.00201313     0.00479447   0.00312373     0.00054633  -0.00201313
 -0.00054633   0.00201313     0.00054633  -0.00201313     0.00479447   0.00312373
    2    4
 -0.01003525  -0.01044304     0.01212412  -0.00090427     0.01212412  -0.00090427
  0.00706672   0.01186267    -0.01891699  -0.00051638     0.01091318  -0.00052638
  0.00706672   0.01186267     0.01091318  -0.00052638    -0.01891699  -0.00051638
    2    5
  0.00570880  -0.00027530    -0.00717587   0.00017905    -0.00717587   0.00017905
 -0.00830935   0.00085485     0.00514773  -0.00079399    -0.00757468   0.00111539
 -0.00830935   0.00085485    -0.00757468   0.00111539     0.00514773  -0.00079399
    2    6
 -0.01891699  -0.00051638     0.00706672   0.01186267    -0.01091318   0.00052638
  0.01212412  -0.00090427    -0.01003525  -0.01044304    -0.01212412   0.00090427
 -0.01091318   0.00052638    -0.00706672  -0.01186267    -0.01891699  -0.00051638
    2    7
  0.00514773  -0.00079399    -0.00830935   0.00085485     0.00757468  -0.00111539
 -0.00717587   0.00017905     0.00570880  -0.00027530     0.00717587  -0.00017905
  0.00757468  -0.00111539     0.00830935  -0.00085485     0.00514773  -0.00079399
    2    8
 -0.01891699  -0.00051638    -0.01091318   0.00052638     0.00706672   0.01186267
 -0.01091318   0.00052638    -0.01891699  -0.00051638    -0.00706672  -0.01186267
  0.01212412  -0.00090427    -0.01212412   0.00090427    -0.01003525  -0.01044304
    2    9
  0.00514773  -0.00079399     0.00757468  -0.00111539    -0.00830935   0.00085485
  0.00757468  -0.00111539     0.00514773  -0.00079399     0.00830935  -0.00085485
 -0.00717587   0.00017905     0.00717587  -0.00017905     0.00570880  -0.00027530
    2   10
 -0.01854986  -0.00295102    -0.01327220   0.00007334    -0.01327220   0.00007334
 -0.01327220   0.00007334    -0.01854986  -0.00295102     0.01327220  -0.00007334
 -0.01327220   0.00007334     0.01327220  -0.00007334    -0.01854986  -0.00295102
    2   11
  0.00224627   0.00397065     0.00116849   0.00818537     0.00116849   0.00818537
  0.00116849   0.00818537     0.00224627   0.00397065    -0.00116849  -0.00818537
  0.00116849   0.00818537    -0.00116849  -0.00818537     0.00224627   0.00397065
    3    1
 -0.02969017   0.03415810     0.01679139   0.02313495     0.01679139   0.02313495
  0.01679139   0.02313495    -0.02969017   0.03415810    -0.01679139  -0.02313495
  0.01679139   0.02313495    -0.01679139  -0.02313495    -0.02969017   0.03415810
    3    2
  0.00479447  -0.00312373    -0.00054633  -0.00201313    -0.00054633  -0.00201313
 -0.00054633  -0.00201313     0.00479447  -0.00312373     0.00054633   0.00201313
 -0.00054633  -0.00201313     0.00054633   0.00201313     0.00479447  -0.00312373
    3    3
  0.09671180   0.00000000    -0.00060081   0.00000000    -0.00060081   0.00000000
 -0.00060081  -0.00000000     0.09671180   0.00000000     0.00060081  -0.00000000
 -0.00060081   0.00000000     0.00060081  -0.00000000     0.09671180   0.00000000
    3    4
  0.00570880   0.00027530    -0.00717587  -0.00017905    -0.00717587  -0.00017905
 -0.00830935  -0.00085485     0.00514773   0.00079399    -0.00757468  -0.00111539
 -0.00830935  -0.00085485    -0.00757468  -0.00111539     0.00514773   0.00079399
    3    5
 -0.01003525   0.01044304     0.01212412   0.00090427     0.01212412   0.00090427
  0.00706672  -0.01186267    -0.01891699   0.00051638     0.01091318   0.00052638
  0.00706672  -0.01186267     0.01091318   0.00052638    -0.01891699   0.00051638
    3    6
  0.00514773   0.00079399    -0.00830935  -0.00085485     0.00757468   0.00111539
 -0.00717587  -0.00017905     0.00570880   0.00027530     0.00717587   0.00017905
  0.00757468   0.00111539     0.00830935   0.00085485     0.00514773   0.00079399
    3    7
 -0.01891699   0.00051638     0.00706672  -0.01186267    -0.01091318  -0.00052638
  0.01212412   0.00090427    -0.01003525   0.01044304    -0.01212412  -0.00090427
 -0.01091318  -0.00052638    -0.00706672   0.01186267    -0.01891699   0.00051638
    3    8
  0.00514773   0.00079399     0.00757468   0.00111539    -0.00830935  -0.00085485
