Dynamical matrix file
Electron-phonon coefficients for La1H10                                    
  2   11   0   6.4715904   0.0000000   0.0000000   0.0000000   0.0000000   0.0000000
Basis vectors
      0.000000000    0.707106781    0.707106781
      0.707106781    0.000000000    0.707106781
      0.707106781    0.707106781    0.000000000
           1  'La     '    126604.590967802     
           2  'H      '    918.681110398939     
    1    1      0.0000000000      0.0000000000      0.0000000000
    2    2      0.3535533906      0.3535533906      0.3535533906
    3    2      1.0606601718      1.0606601718      1.0606601718
    4    2      0.8776865653      0.8776865653      0.8776865653
    5    2      0.5365269970      0.5365269970      0.5365269970
    6    2      0.5365269971      0.5365269971      0.8776865653
    7    2      0.8776865653      0.8776865653      0.5365269970
    8    2      0.5365269971      0.8776865653      0.5365269971
    9    2      0.8776865653      0.5365269970      0.8776865653
   10    2      0.8776865653      0.5365269971      0.5365269971
   11    2      0.5365269970      0.8776865653      0.8776865653

     Dynamical  Matrix in cartesian axes

     q = (    0.471404521   0.000000000   0.000000000 ) 

    1    1
  1.12461369   0.00000000     0.00000000   0.00000000    -0.00000000   0.00000000
  0.00000000   0.00000000     1.03550995   0.00000000     0.00000000   0.00000000
  0.00000000   0.00000000     0.00000000   0.00000000     1.03550995   0.00000000
    1    2
 -0.01130259   0.01957667     0.00000000   0.00000000     0.00000000   0.00000000
  0.00000000   0.00000000    -0.01077846   0.01866884    -0.08598470  -0.04964329
 -0.00000000   0.00000000    -0.08598470  -0.04964329    -0.01077846   0.01866884
    1    3
  0.02260519   0.00000000     0.00000000   0.00000000    -0.00000000   0.00000000
 -0.00000000   0.00000000     0.02155692   0.00000000     0.00000000  -0.09928658
 -0.00000000   0.00000000     0.00000000  -0.09928658     0.02155692  -0.00000000
    1    4
  0.01752658  -0.06386062    -0.01051192   0.01509008    -0.01051192   0.01509008
 -0.01644973   0.00258249     0.04889713   0.07184002    -0.01238835  -0.05694190
 -0.01644973   0.00258249    -0.01238835  -0.05694190     0.04889713   0.07184002
    1    5
 -0.06406821  -0.01675185     0.01832436  -0.00155855     0.01832436  -0.00155855
  0.01046137  -0.01295465     0.03776672   0.07826617    -0.04311896  -0.03919958
  0.01046137  -0.01295465    -0.04311896  -0.03919958     0.03776672   0.07826617
    1    6
 -0.06406821  -0.01675185     0.01832436  -0.00155855    -0.01832436   0.00155855
  0.01046137  -0.01295465     0.03776672   0.07826617     0.04311896   0.03919958
 -0.01046137   0.01295465     0.04311896   0.03919958     0.03776672   0.07826617
    1    7
  0.01752658  -0.06386062    -0.01051192   0.01509008     0.01051192  -0.01509008
 -0.01644973   0.00258249     0.04889713   0.07184002     0.01238835   0.05694190
  0.01644973  -0.00258249     0.01238835   0.05694190     0.04889713   0.07184002
    1    8
 -0.06406821  -0.01675185    -0.01832436   0.00155855     0.01832436  -0.00155855
 -0.01046137   0.01295465     0.03776672   0.07826617     0.04311896   0.03919958
  0.01046137  -0.01295465     0.04311896   0.03919958     0.03776672   0.07826617
    1    9
  0.01752658  -0.06386062     0.01051192  -0.01509008    -0.01051192   0.01509008
  0.01644973  -0.00258249     0.04889713   0.07184002     0.01238835   0.05694190
 -0.01644973   0.00258249     0.01238835   0.05694190     0.04889713   0.07184002
    1   10
  0.01752658  -0.06386062     0.01051192  -0.01509008     0.01051192  -0.01509008
  0.01644973  -0.00258249     0.04889713   0.07184002    -0.01238835  -0.05694190
  0.01644973  -0.00258249    -0.01238835  -0.05694190     0.04889713   0.07184002
    1   11
 -0.06406821  -0.01675185    -0.01832436   0.00155855    -0.01832436   0.00155855
 -0.01046137   0.01295465     0.03776672   0.07826617    -0.04311896  -0.03919958
 -0.01046137   0.01295465    -0.04311896  -0.03919958     0.03776672   0.07826617
    2    1
 -0.01130259  -0.01957667     0.00000000   0.00000000     0.00000000  -0.00000000
 -0.00000000   0.00000000    -0.01077846  -0.01866884    -0.08598470   0.04964329
  0.00000000   0.00000000    -0.08598470   0.04964329    -0.01077846  -0.01866884
    2    2
  0.10944880   0.00000000    -0.00000000   0.00000000     0.00000000  -0.00000000
 -0.00000000  -0.00000000     0.09816763   0.00000000    -0.00000000  -0.00000000
 -0.00000000   0.00000000    -0.00000000   0.00000000     0.09816763   0.00000000
    2    3
 -0.01151746  -0.01994882     0.00000000   0.00000000    -0.00000000   0.00000000
  0.00000000   0.00000000    -0.00155739  -0.00269747     0.00116519  -0.00067272
 -0.00000000   0.00000000     0.00116519  -0.00067272    -0.00155739  -0.00269747
    2    4
 -0.01723074   0.00537296    -0.00557125  -0.00538709    -0.00557125  -0.00538709
  0.00757808  -0.00195447     0.00486686   0.01869757    -0.00889719  -0.01276294
  0.00757808  -0.00195447    -0.00889719  -0.01276294     0.00486686   0.01869757
    2    5
  0.00650886  -0.00716243    -0.01357236  -0.00266585    -0.01357236  -0.00266585
 -0.00775376  -0.00310749     0.01032077  -0.00079074    -0.00767312  -0.00264930
 -0.00775376  -0.00310749    -0.00767312  -0.00264930     0.01032077  -0.00079074
    2    6
  0.00396225   0.01760874     0.00745098   0.00213130    -0.00745098  -0.00213130
 -0.00209642  -0.00754005    -0.01862601   0.00513396    -0.01550163  -0.00132373
  0.00209642   0.00754005    -0.01550163  -0.00132373    -0.01862601   0.00513396
    2    7
  0.00294842  -0.00921805     0.00909487   0.01042108    -0.00909487  -0.01042108
  0.00656804   0.00516121    -0.00447558  -0.00933342    -0.00613092  -0.00532046
 -0.00656804  -0.00516121    -0.00613092  -0.00532046    -0.00447558  -0.00933342
    2    8
  0.00396225   0.01760874    -0.00745098  -0.00213130     0.00745098   0.00213130
  0.00209642   0.00754005    -0.01862601   0.00513396    -0.01550163  -0.00132373
 -0.00209642  -0.00754005    -0.01550163  -0.00132373    -0.01862601   0.00513396
    2    9
  0.00294842  -0.00921805    -0.00909487  -0.01042108     0.00909487   0.01042108
 -0.00656804  -0.00516121    -0.00447558  -0.00933342    -0.00613092  -0.00532046
  0.00656804   0.00516121    -0.00613092  -0.00532046    -0.00447558  -0.00933342
    2   10
 -0.01723074   0.00537296     0.00557125   0.00538709     0.00557125   0.00538709
 -0.00757808   0.00195447     0.00486686   0.01869757    -0.00889719  -0.01276294
 -0.00757808   0.00195447    -0.00889719  -0.01276294     0.00486686   0.01869757
    2   11
  0.00650886  -0.00716243     0.01357236   0.00266585     0.01357236   0.00266585
  0.00775376   0.00310749     0.01032077  -0.00079074    -0.00767312  -0.00264930
  0.00775376   0.00310749    -0.00767312  -0.00264930     0.01032077  -0.00079074
    3    1
  0.02260519  -0.00000000    -0.00000000   0.00000000     0.00000000   0.00000000
  0.00000000  -0.00000000     0.02155692  -0.00000000     0.00000000   0.09928658
  0.00000000   0.00000000     0.00000000   0.09928658     0.02155692  -0.00000000
    3    2
 -0.01151746   0.01994882     0.00000000  -0.00000000    -0.00000000   0.00000000
  0.00000000   0.00000000    -0.00155739   0.00269747     0.00116519   0.00067272
 -0.00000000   0.00000000     0.00116519   0.00067272    -0.00155739   0.00269747
    3    3
  0.10944880  -0.00000000    -0.00000000  -0.00000000     0.00000000   0.00000000
 -0.00000000   0.00000000     0.09816763  -0.00000000    -0.00000000   0.00000000
 -0.00000000  -0.00000000    -0.00000000  -0.00000000     0.09816763  -0.00000000
    3    4
  0.00650886   0.00716243    -0.01357236   0.00266585    -0.01357236   0.00266585
 -0.00775376   0.00310749     0.01032077   0.00079074    -0.00767312   0.00264930
 -0.00775376   0.00310749    -0.00767312   0.00264930     0.01032077   0.00079074
    3    5
 -0.01723074  -0.00537296    -0.00557125   0.00538709    -0.00557125   0.00538709
  0.00757808   0.00195447     0.00486686  -0.01869757    -0.00889719   0.01276294
  0.00757808   0.00195447    -0.00889719   0.01276294     0.00486686  -0.01869757
    3    6
  0.00294842   0.00921805     0.00909487  -0.01042108    -0.00909487   0.01042108
  0.00656804  -0.00516121    -0.00447558   0.00933342    -0.00613092   0.00532046
 -0.00656804   0.00516121    -0.00613092   0.00532046    -0.00447558   0.00933342
    3    7
  0.00396225  -0.01760874     0.00745098  -0.00213130    -0.00745098   0.00213130
 -0.00209642   0.00754005    -0.01862601  -0.00513396    -0.01550163   0.00132373
  0.00209642  -0.00754005    -0.01550163   0.00132373    -0.01862601  -0.00513396
    3    8
  0.00294842   0.00921805    -0.00909487   0.01042108     0.00909487  -0.01042108
 -0.00656804   0.00516121    -0.00447558   0.00933342    -0.00613092   0.00532046
  0.00656804  -0.00516121    -0.00613092   0.00532046    -0.00447558   0.00933342
    3    9
  0.00396225  -0.01760874    -0.00745098   0.00213130     0.00745098  -0.00213130
  0.00209642  -0.00754005    -0.01862601  -0.00513396    -0.01550163   0.00132373
 -0.00209642   0.00754005    -0.01550163   0.00132373    -0.01862601  -0.00513396
    3   10
  0.00650886   0.00716243     0.01357236  -0.00266585     0.01357236  -0.00266585
  0.00775376  -0.00310749     0.01032077   0.00079074    -0.00767312   0.00264930
  0.00775376  -0.00310749    -0.00767312   0.00264930     0.01032077   0.00079074
    3   11
 -0.01723074  -0.00537296     0.00557125  -0.00538709     0.00557125  -0.00538709
 -0.00757808  -0.00195447     0.00486686  -0.01869757    -0.00889719   0.01276294
 -0.00757808  -0.00195447    -0.00889719   0.01276294     0.00486686  -0.01869757
    4    1
  0.01752658   0.06386062    -0.01644973  -0.00258249    -0.01644973  -0.00258249
 -0.01051192  -0.01509008     0.04889713  -0.07184002    -0.01238835   0.05694190
 -0.01051192  -0.01509008    -0.01238835   0.05694190     0.04889713  -0.07184002
    4    2
 -0.01723074  -0.00537296     0.00757808   0.00195447     0.00757808   0.00195447
 -0.00557125   0.00538709     0.00486686  -0.01869757    -0.00889719   0.01276294
 -0.00557125   0.00538709    -0.00889719   0.01276294     0.00486686  -0.01869757
    4    3
  0.00650886  -0.00716243    -0.00775376  -0.00310749    -0.00775376  -0.00310749
 -0.01357236  -0.00266585     0.01032077  -0.00079074    -0.00767312  -0.00264930
 -0.01357236  -0.00266585    -0.00767312  -0.00264930     0.01032077  -0.00079074
    4    4
  0.15984570   0.00000000    -0.00105174  -0.00065600    -0.00105174  -0.00065600
 -0.00105174   0.00065600     0.16547699  -0.00000000     0.00257136   0.00000000
 -0.00105174   0.00065600     0.00257136  -0.00000000     0.16547699  -0.00000000
    4    5
  0.00469041  -0.00296633     0.00686842   0.00112962     0.00686842   0.00112962
  0.00686842   0.00112962     0.00440986   0.00298495     0.00674576  -0.00125680
  0.00686842   0.00112962     0.00674576  -0.00125680     0.00440986   0.00298495
    4    6
 -0.00680554  -0.01730336    -0.01953179  -0.01082588     0.00026169   0.00176755
 -0.01953179  -0.01082588    -0.00479280  -0.01544277     0.00124335   0.00255686
 -0.00026169  -0.00176755    -0.00124335  -0.00255686    -0.00632211  -0.00142751
    4    7
  0.00900129   0.00000000     0.00680571   0.00081353    -0.00660117   0.00065234
  0.00680571  -0.00081353     0.01189812   0.00000000    -0.00812759  -0.00151542
  0.00660117   0.00065234     0.00812759  -0.00151542    -0.00986637  -0.00000000
    4    8
 -0.00680554  -0.01730336     0.00026169   0.00176755    -0.01953179  -0.01082588
 -0.00026169  -0.00176755    -0.00632211  -0.00142751    -0.00124335  -0.00255686
 -0.01953179  -0.01082588     0.00124335   0.00255686    -0.00479280  -0.01544277
    4    9
  0.00900129   0.00000000    -0.00660117   0.00065234     0.00680571   0.00081353
  0.00660117   0.00065234    -0.00986637  -0.00000000     0.00812759  -0.00151542
  0.00680571  -0.00081353    -0.00812759  -0.00151542     0.01189812   0.00000000
    4   10
  0.00529022  -0.00000000    -0.00717276   0.00027210    -0.00717276   0.00027210
  0.00717276   0.00027210    -0.03292421   0.00000000    -0.04284928   0.00000000
  0.00717276   0.00027210    -0.04284928   0.00000000    -0.03292421   0.00000000
    4   11
 -0.00738944  -0.00094485     0.00563169  -0.00036628     0.00563169  -0.00036628
 -0.00563169   0.00036628     0.00542841   0.00269603     0.01002270  -0.00443656
 -0.00563169   0.00036628     0.01002270  -0.00443656     0.00542841   0.00269603
    5    1
 -0.06406821   0.01675185     0.01046137   0.01295465     0.01046137   0.01295465
  0.01832436   0.00155855     0.03776672  -0.07826617    -0.04311896   0.03919958
  0.01832436   0.00155855    -0.04311896   0.03919958     0.03776672  -0.07826617
    5    2
  0.00650886   0.00716243    -0.00775376   0.00310749    -0.00775376   0.00310749
 -0.01357236   0.00266585     0.01032077   0.00079074    -0.00767312   0.00264930
 -0.01357236   0.00266585    -0.00767312   0.00264930     0.01032077   0.00079074
    5    3
 -0.01723074   0.00537296     0.00757808  -0.00195447     0.00757808  -0.00195447
 -0.00557125  -0.00538709     0.00486686   0.01869757    -0.00889719  -0.01276294
 -0.00557125  -0.00538709    -0.00889719  -0.01276294     0.00486686   0.01869757
    5    4
  0.00469041   0.00296633     0.00686842  -0.00112962     0.00686842  -0.00112962
  0.00686842  -0.00112962     0.00440986  -0.00298495     0.00674576   0.00125680
  0.00686842  -0.00112962     0.00674576   0.00125680     0.00440986  -0.00298495
    5    5
  0.15984570  -0.00000000    -0.00105174   0.00065600    -0.00105174   0.00065600
 -0.00105174  -0.00065600     0.16547699   0.00000000     0.00257136  -0.00000000
 -0.00105174  -0.00065600     0.00257136   0.00000000     0.16547699   0.00000000
    5    6
  0.00900129  -0.00000000     0.00680571  -0.00081353    -0.00660117  -0.00065234
  0.00680571   0.00081353     0.01189812  -0.00000000    -0.00812759   0.00151542
  0.00660117  -0.00065234     0.00812759   0.00151542    -0.00986637   0.00000000
    5    7
 -0.00680554   0.01730336    -0.01953179   0.01082588     0.00026169  -0.00176755
 -0.01953179   0.01082588    -0.00479280   0.01544277     0.00124335  -0.00255686
 -0.00026169   0.00176755    -0.00124335   0.00255686    -0.00632211   0.00142751
    5    8
  0.00900129  -0.00000000    -0.00660117  -0.00065234     0.00680571  -0.00081353
  0.00660117  -0.00065234    -0.00986637   0.00000000     0.00812759   0.00151542
  0.00680571   0.00081353    -0.00812759   0.00151542     0.01189812  -0.00000000
    5    9
 -0.00680554   0.01730336     0.00026169  -0.00176755    -0.01953179   0.01082588
 -0.00026169   0.00176755    -0.00632211   0.00142751    -0.00124335   0.00255686
 -0.01953179   0.01082588     0.00124335  -0.00255686    -0.00479280   0.01544277
    5   10
 -0.00738944   0.00094485     0.00563169   0.00036628     0.00563169   0.00036628
 -0.00563169  -0.00036628     0.00542841  -0.00269603     0.01002270   0.00443656
 -0.00563169  -0.00036628     0.01002270   0.00443656     0.00542841  -0.00269603
    5   11
  0.00529022   0.00000000    -0.00717276  -0.00027210    -0.00717276  -0.00027210
  0.00717276  -0.00027210    -0.03292421  -0.00000000    -0.04284928  -0.00000000
  0.00717276  -0.00027210    -0.04284928  -0.00000000    -0.03292421  -0.00000000
    6    1
 -0.06406821   0.01675185     0.01046137   0.01295465    -0.01046137  -0.01295465
  0.01832436   0.00155855     0.03776672  -0.07826617     0.04311896  -0.03919958
 -0.01832436  -0.00155855     0.04311896  -0.03919958     0.03776672  -0.07826617
    6    2
  0.00396225  -0.01760874    -0.00209642   0.00754005     0.00209642  -0.00754005
  0.00745098  -0.00213130    -0.01862601  -0.00513396    -0.01550163   0.00132373
 -0.00745098   0.00213130    -0.01550163   0.00132373    -0.01862601  -0.00513396
    6    3
  0.00294842  -0.00921805     0.00656804   0.00516121    -0.00656804  -0.00516121
  0.00909487   0.01042108    -0.00447558  -0.00933342    -0.00613092  -0.00532046
 -0.00909487  -0.01042108    -0.00613092  -0.00532046    -0.00447558  -0.00933342
    6    4
 -0.00680554   0.01730336    -0.01953179   0.01082588    -0.00026169   0.00176755
 -0.01953179   0.01082588    -0.00479280   0.01544277    -0.00124335   0.00255686
  0.00026169  -0.00176755     0.00124335  -0.00255686    -0.00632211   0.00142751
    6    5
  0.00900129   0.00000000     0.00680571  -0.00081353     0.00660117   0.00065234
  0.00680571   0.00081353     0.01189812   0.00000000     0.00812759  -0.00151542
 -0.00660117   0.00065234    -0.00812759  -0.00151542    -0.00986637  -0.00000000
    6    6
  0.15984570  -0.00000000    -0.00105174   0.00065600     0.00105174  -0.00065600
 -0.00105174  -0.00065600     0.16547699  -0.00000000    -0.00257136   0.00000000
  0.00105174   0.00065600    -0.00257136   0.00000000     0.16547699  -0.00000000
    6    7
  0.00469041   0.00296633     0.00686842  -0.00112962    -0.00686842   0.00112962
  0.00686842  -0.00112962     0.00440986  -0.00298495    -0.00674576  -0.00125680
 -0.00686842   0.00112962    -0.00674576  -0.00125680     0.00440986  -0.00298495
    6    8
  0.00529022   0.00000000    -0.00717276  -0.00027210     0.00717276   0.00027210
  0.00717276  -0.00027210    -0.03292421  -0.00000000     0.04284928   0.00000000
 -0.00717276   0.00027210     0.04284928   0.00000000    -0.03292421  -0.00000000
    6    9
 -0.00738944   0.00094485     0.00563169   0.00036628    -0.00563169  -0.00036628
 -0.00563169  -0.00036628     0.00542841  -0.00269603    -0.01002270  -0.00443656
  0.00563169   0.00036628    -0.01002270  -0.00443656     0.00542841  -0.00269603
    6   10
 -0.00680554   0.01730336     0.00026169  -0.00176755     0.01953179  -0.01082588
 -0.00026169   0.00176755    -0.00632211   0.00142751     0.00124335  -0.00255686
  0.01953179  -0.01082588    -0.00124335   0.00255686    -0.00479280   0.01544277
    6   11
  0.00900129   0.00000000    -0.00660117  -0.00065234    -0.00680571   0.00081353
  0.00660117  -0.00065234    -0.00986637  -0.00000000    -0.00812759  -0.00151542
 -0.00680571  -0.00081353     0.00812759  -0.00151542     0.01189812   0.00000000
    7    1
  0.01752658   0.06386062    -0.01644973  -0.00258249     0.01644973   0.00258249
 -0.01051192  -0.01509008     0.04889713  -0.07184002     0.01238835  -0.05694190
  0.01051192   0.01509008     0.01238835  -0.05694190     0.04889713  -0.07184002
    7    2
  0.00294842   0.00921805     0.00656804  -0.00516121    -0.00656804   0.00516121
  0.00909487  -0.01042108    -0.00447558   0.00933342    -0.00613092   0.00532046
 -0.00909487   0.01042108    -0.00613092   0.00532046    -0.00447558   0.00933342
    7    3
  0.00396225   0.01760874    -0.00209642  -0.00754005     0.00209642   0.00754005
  0.00745098   0.00213130    -0.01862601   0.00513396    -0.01550163  -0.00132373
 -0.00745098  -0.00213130    -0.01550163  -0.00132373    -0.01862601   0.00513396
    7    4
  0.00900129  -0.00000000     0.00680571   0.00081353     0.00660117  -0.00065234
  0.00680571  -0.00081353     0.01189812  -0.00000000     0.00812759   0.00151542
 -0.00660117  -0.00065234    -0.00812759   0.00151542    -0.00986637   0.00000000
    7    5
 -0.00680554  -0.01730336    -0.01953179  -0.01082588    -0.00026169  -0.00176755
 -0.01953179  -0.01082588    -0.00479280  -0.01544277    -0.00124335  -0.00255686
  0.00026169   0.00176755     0.00124335   0.00255686    -0.00632211  -0.00142751
    7    6
  0.00469041  -0.00296633     0.00686842   0.00112962    -0.00686842  -0.00112962
  0.00686842   0.00112962     0.00440986   0.00298495    -0.00674576   0.00125680
 -0.00686842  -0.00112962    -0.00674576   0.00125680     0.00440986   0.00298495
    7    7
  0.15984570   0.00000000    -0.00105174  -0.00065600     0.00105174   0.00065600
 -0.00105174   0.00065600     0.16547699   0.00000000    -0.00257136  -0.00000000
  0.00105174  -0.00065600    -0.00257136  -0.00000000     0.16547699   0.00000000
    7    8
 -0.00738944  -0.00094485     0.00563169  -0.00036628    -0.00563169   0.00036628
 -0.00563169   0.00036628     0.00542841   0.00269603    -0.01002270   0.00443656
  0.00563169  -0.00036628    -0.01002270   0.00443656     0.00542841   0.00269603
    7    9
  0.00529022  -0.00000000    -0.00717276   0.00027210     0.00717276  -0.00027210
  0.00717276   0.00027210    -0.03292421   0.00000000     0.04284928  -0.00000000
 -0.00717276  -0.00027210     0.04284928  -0.00000000    -0.03292421   0.00000000
    7   10
  0.00900129  -0.00000000    -0.00660117   0.00065234    -0.00680571  -0.00081353
  0.00660117   0.00065234    -0.00986637   0.00000000    -0.00812759   0.00151542
 -0.00680571   0.00081353     0.00812759   0.00151542     0.01189812  -0.00000000
    7   11
 -0.00680554  -0.01730336     0.00026169   0.00176755     0.01953179   0.01082588
 -0.00026169  -0.00176755    -0.00632211  -0.00142751     0.00124335   0.00255686
  0.01953179   0.01082588    -0.00124335  -0.00255686    -0.00479280  -0.01544277
    8    1
 -0.06406821   0.01675185    -0.01046137  -0.01295465     0.01046137   0.01295465
 -0.01832436  -0.00155855     0.03776672  -0.07826617     0.04311896  -0.03919958
  0.01832436   0.00155855     0.04311896  -0.03919958     0.03776672  -0.07826617
    8    2
  0.00396225  -0.01760874     0.00209642  -0.00754005    -0.00209642   0.00754005
 -0.00745098   0.00213130    -0.01862601  -0.00513396    -0.01550163   0.00132373
  0.00745098  -0.00213130    -0.01550163   0.00132373    -0.01862601  -0.00513396
    8    3
  0.00294842  -0.00921805    -0.00656804  -0.00516121     0.00656804   0.00516121
 -0.00909487  -0.01042108    -0.00447558  -0.00933342    -0.00613092  -0.00532046
  0.00909487   0.01042108    -0.00613092  -0.00532046    -0.00447558  -0.00933342
    8    4
 -0.00680554   0.01730336    -0.00026169   0.00176755    -0.01953179   0.01082588
  0.00026169  -0.00176755    -0.00632211   0.00142751     0.00124335  -0.00255686
 -0.01953179   0.01082588    -0.00124335   0.00255686    -0.00479280   0.01544277
    8    5
  0.00900129   0.00000000     0.00660117   0.00065234     0.00680571  -0.00081353
 -0.00660117   0.00065234    -0.00986637  -0.00000000    -0.00812759  -0.00151542
  0.00680571   0.00081353     0.00812759  -0.00151542     0.01189812   0.00000000
    8    6
  0.00529022   0.00000000     0.00717276   0.00027210    -0.00717276  -0.00027210
 -0.00717276   0.00027210    -0.03292421  -0.00000000     0.04284928   0.00000000
  0.00717276  -0.00027210     0.04284928   0.00000000    -0.03292421  -0.00000000
    8    7
 -0.00738944   0.00094485    -0.00563169  -0.00036628     0.00563169   0.00036628
  0.00563169   0.00036628     0.00542841  -0.00269603    -0.01002270  -0.00443656
 -0.00563169  -0.00036628    -0.01002270  -0.00443656     0.00542841  -0.00269603
    8    8
  0.15984570  -0.00000000     0.00105174  -0.00065600    -0.00105174   0.00065600
  0.00105174   0.00065600     0.16547699   0.00000000    -0.00257136  -0.00000000
 -0.00105174  -0.00065600    -0.00257136  -0.00000000     0.16547699   0.00000000
    8    9
  0.00469041   0.00296633    -0.00686842   0.00112962     0.00686842  -0.00112962
 -0.00686842   0.00112962     0.00440986  -0.00298495    -0.00674576  -0.00125680
  0.00686842  -0.00112962    -0.00674576  -0.00125680     0.00440986  -0.00298495
    8   10
 -0.00680554   0.01730336     0.01953179  -0.01082588     0.00026169  -0.00176755
  0.01953179  -0.01082588    -0.00479280   0.01544277    -0.00124335   0.00255686
 -0.00026169   0.00176755     0.00124335  -0.00255686    -0.00632211   0.00142751
    8   11
  0.00900129   0.00000000    -0.00680571   0.00081353    -0.00660117  -0.00065234
 -0.00680571  -0.00081353     0.01189812   0.00000000     0.00812759  -0.00151542
  0.00660117  -0.00065234    -0.00812759  -0.00151542    -0.00986637  -0.00000000
    9    1
  0.01752658   0.06386062     0.01644973   0.00258249    -0.01644973  -0.00258249
  0.01051192   0.01509008     0.04889713  -0.07184002     0.01238835  -0.05694190
 -0.01051192  -0.01509008     0.01238835  -0.05694190     0.04889713  -0.07184002
    9    2
  0.00294842   0.00921805    -0.00656804   0.00516121     0.00656804  -0.00516121
 -0.00909487   0.01042108    -0.00447558   0.00933342    -0.00613092   0.00532046
  0.00909487  -0.01042108    -0.00613092   0.00532046    -0.00447558   0.00933342
    9    3
  0.00396225   0.01760874     0.00209642   0.00754005    -0.00209642  -0.00754005
 -0.00745098  -0.00213130    -0.01862601   0.00513396    -0.01550163  -0.00132373
  0.00745098   0.00213130    -0.01550163  -0.00132373    -0.01862601   0.00513396
    9    4
  0.00900129  -0.00000000     0.00660117  -0.00065234     0.00680571   0.00081353
 -0.00660117  -0.00065234    -0.00986637   0.00000000    -0.00812759   0.00151542
  0.00680571  -0.00081353     0.00812759   0.00151542     0.01189812  -0.00000000
    9    5
 -0.00680554  -0.01730336    -0.00026169  -0.00176755    -0.01953179  -0.01082588
  0.00026169   0.00176755    -0.00632211  -0.00142751     0.00124335   0.00255686
 -0.01953179  -0.01082588    -0.00124335  -0.00255686    -0.00479280  -0.01544277
    9    6
 -0.00738944  -0.00094485    -0.00563169   0.00036628     0.00563169  -0.00036628
  0.00563169  -0.00036628     0.00542841   0.00269603    -0.01002270   0.00443656
 -0.00563169   0.00036628    -0.01002270   0.00443656     0.00542841   0.00269603
    9    7
  0.00529022  -0.00000000     0.00717276  -0.00027210    -0.00717276   0.00027210
 -0.00717276  -0.00027210    -0.03292421   0.00000000     0.04284928  -0.00000000
  0.00717276   0.00027210     0.04284928  -0.00000000    -0.03292421   0.00000000
    9    8
  0.00469041  -0.00296633    -0.00686842  -0.00112962     0.00686842   0.00112962
 -0.00686842  -0.00112962     0.00440986   0.00298495    -0.00674576   0.00125680
  0.00686842   0.00112962    -0.00674576   0.00125680     0.00440986   0.00298495
    9    9
  0.15984570   0.00000000     0.00105174   0.00065600    -0.00105174  -0.00065600
  0.00105174  -0.00065600     0.16547699  -0.00000000    -0.00257136   0.00000000
 -0.00105174   0.00065600    -0.00257136   0.00000000     0.16547699  -0.00000000
    9   10
  0.00900129  -0.00000000    -0.00680571  -0.00081353    -0.00660117   0.00065234
 -0.00680571   0.00081353     0.01189812  -0.00000000     0.00812759   0.00151542
  0.00660117   0.00065234    -0.00812759   0.00151542    -0.00986637   0.00000000
    9   11
 -0.00680554  -0.01730336     0.01953179   0.01082588     0.00026169   0.00176755
  0.01953179   0.01082588    -0.00479280  -0.01544277    -0.00124335  -0.00255686
 -0.00026169  -0.00176755     0.00124335   0.00255686    -0.00632211  -0.00142751
   10    1
  0.01752658   0.06386062     0.01644973   0.00258249     0.01644973   0.00258249
  0.01051192   0.01509008     0.04889713  -0.07184002    -0.01238835   0.05694190
  0.01051192   0.01509008    -0.01238835   0.05694190     0.04889713  -0.07184002
   10    2
 -0.01723074  -0.00537296    -0.00757808  -0.00195447    -0.00757808  -0.00195447
  0.00557125  -0.00538709     0.00486686  -0.01869757    -0.00889719   0.01276294
  0.00557125  -0.00538709    -0.00889719   0.01276294     0.00486686  -0.01869757
   10    3
  0.00650886  -0.00716243     0.00775376   0.00310749     0.00775376   0.00310749
  0.01357236   0.00266585     0.01032077  -0.00079074    -0.00767312  -0.00264930
  0.01357236   0.00266585    -0.00767312  -0.00264930     0.01032077  -0.00079074
   10    4
  0.00529022  -0.00000000     0.00717276  -0.00027210     0.00717276  -0.00027210
 -0.00717276  -0.00027210    -0.03292421   0.00000000    -0.04284928   0.00000000
 -0.00717276  -0.00027210    -0.04284928   0.00000000    -0.03292421   0.00000000
   10    5
 -0.00738944  -0.00094485    -0.00563169   0.00036628    -0.00563169   0.00036628
  0.00563169  -0.00036628     0.00542841   0.00269603     0.01002270  -0.00443656
  0.00563169  -0.00036628     0.01002270  -0.00443656     0.00542841   0.00269603
   10    6
 -0.00680554  -0.01730336    -0.00026169  -0.00176755     0.01953179   0.01082588
  0.00026169   0.00176755    -0.00632211  -0.00142751    -0.00124335  -0.00255686
  0.01953179   0.01082588     0.00124335   0.00255686    -0.00479280  -0.01544277
   10    7
  0.00900129   0.00000000     0.00660117  -0.00065234    -0.00680571  -0.00081353
 -0.00660117  -0.00065234    -0.00986637  -0.00000000     0.00812759  -0.00151542
 -0.00680571   0.00081353    -0.00812759  -0.00151542     0.01189812   0.00000000
   10    8
 -0.00680554  -0.01730336     0.01953179   0.01082588    -0.00026169  -0.00176755
  0.01953179   0.01082588    -0.00479280  -0.01544277     0.00124335   0.00255686
  0.00026169   0.00176755    -0.00124335  -0.00255686    -0.00632211  -0.00142751
   10    9
  0.00900129   0.00000000    -0.00680571  -0.00081353     0.00660117  -0.00065234
 -0.00680571   0.00081353     0.01189812   0.00000000    -0.00812759  -0.00151542
 -0.00660117  -0.00065234     0.00812759  -0.00151542    -0.00986637  -0.00000000
   10   10
  0.15984570  -0.00000000     0.00105174   0.00065600     0.00105174   0.00065600
  0.00105174  -0.00065600     0.16547699   0.00000000     0.00257136   0.00000000
  0.00105174  -0.00065600     0.00257136  -0.00000000     0.16547699  -0.00000000
   10   11
  0.00469041  -0.00296633    -0.00686842  -0.00112962    -0.00686842  -0.00112962
 -0.00686842  -0.00112962     0.00440986   0.00298495     0.00674576  -0.00125680
 -0.00686842  -0.00112962     0.00674576  -0.00125680     0.00440986   0.00298495
   11    1
 -0.06406821   0.01675185    -0.01046137  -0.01295465    -0.01046137  -0.01295465
 -0.01832436  -0.00155855     0.03776672  -0.07826617    -0.04311896   0.03919958
 -0.01832436  -0.00155855    -0.04311896   0.03919958     0.03776672  -0.07826617
   11    2
  0.00650886   0.00716243     0.00775376  -0.00310749     0.00775376  -0.00310749
  0.01357236  -0.00266585     0.01032077   0.00079074    -0.00767312   0.00264930
  0.01357236  -0.00266585    -0.00767312   0.00264930     0.01032077   0.00079074
   11    3
 -0.01723074   0.00537296    -0.00757808   0.00195447    -0.00757808   0.00195447
  0.00557125   0.00538709     0.00486686   0.01869757    -0.00889719  -0.01276294
  0.00557125   0.00538709    -0.00889719  -0.01276294     0.00486686   0.01869757
   11    4
 -0.00738944   0.00094485    -0.00563169  -0.00036628    -0.00563169  -0.00036628
  0.00563169   0.00036628     0.00542841  -0.00269603     0.01002270   0.00443656
  0.00563169   0.00036628     0.01002270   0.00443656     0.00542841  -0.00269603
   11    5
  0.00529022   0.00000000     0.00717276   0.00027210     0.00717276   0.00027210
 -0.00717276   0.00027210    -0.03292421  -0.00000000    -0.04284928  -0.00000000
 -0.00717276   0.00027210    -0.04284928  -0.00000000    -0.03292421  -0.00000000
   11    6
  0.00900129  -0.00000000     0.00660117   0.00065234    -0.00680571   0.00081353
 -0.00660117   0.00065234    -0.00986637   0.00000000     0.00812759   0.00151542
 -0.00680571  -0.00081353    -0.00812759   0.00151542     0.01189812  -0.00000000
   11    7
 -0.00680554   0.01730336    -0.00026169   0.00176755     0.01953179  -0.01082588
  0.00026169  -0.00176755    -0.00632211   0.00142751    -0.00124335   0.00255686
  0.01953179  -0.01082588     0.00124335  -0.00255686    -0.00479280   0.01544277
   11    8
  0.00900129  -0.00000000    -0.00680571   0.00081353     0.00660117   0.00065234
 -0.00680571  -0.00081353     0.01189812  -0.00000000    -0.00812759   0.00151542
 -0.00660117   0.00065234     0.00812759   0.00151542    -0.00986637   0.00000000
   11    9
 -0.00680554   0.01730336     0.01953179  -0.01082588    -0.00026169   0.00176755
  0.01953179  -0.01082588    -0.00479280   0.01544277     0.00124335  -0.00255686
  0.00026169  -0.00176755    -0.00124335   0.00255686    -0.00632211   0.00142751
   11   10
  0.00469041   0.00296633    -0.00686842   0.00112962    -0.00686842   0.00112962
 -0.00686842   0.00112962     0.00440986  -0.00298495     0.00674576   0.00125680
 -0.00686842   0.00112962     0.00674576   0.00125680     0.00440986  -0.00298495
   11   11
  0.15984570   0.00000000     0.00105174  -0.00065600     0.00105174  -0.00065600
  0.00105174   0.00065600     0.16547699  -0.00000000     0.00257136  -0.00000000
  0.00105174   0.00065600     0.00257136   0.00000000     0.16547699   0.00000000

     Dynamical  Matrix in cartesian axes

     q = (   -0.471404521   0.000000000   0.000000000 ) 

    1    1
  1.12461369   0.00000000     0.00000000   0.00000000     0.00000000   0.00000000
  0.00000000   0.00000000     1.03550995   0.00000000     0.00000000   0.00000000
  0.00000000   0.00000000     0.00000000   0.00000000     1.03550995   0.00000000
    1    2
 -0.01130259  -0.01957667     0.00000000   0.00000000     0.00000000  -0.00000000
  0.00000000   0.00000000    -0.01077846  -0.01866884    -0.08598470   0.04964329
 -0.00000000  -0.00000000    -0.08598470   0.04964329    -0.01077846  -0.01866884
    1    3
  0.02260519   0.00000000     0.00000000  -0.00000000    -0.00000000  -0.00000000
  0.00000000  -0.00000000     0.02155692   0.00000000     0.00000000   0.09928658
 -0.00000000  -0.00000000     0.00000000   0.09928658     0.02155692   0.00000000
    1    4
  0.01752658   0.06386062    -0.01051192  -0.01509008    -0.01051192  -0.01509008
 -0.01644973  -0.00258249     0.04889713  -0.07184002    -0.01238835   0.05694190
 -0.01644973  -0.00258249    -0.01238835   0.05694190     0.04889713  -0.07184002
    1    5
 -0.06406821   0.01675185     0.01832436   0.00155855     0.01832436   0.00155855
  0.01046137   0.01295465     0.03776672  -0.07826617    -0.04311896   0.03919958
  0.01046137   0.01295465    -0.04311896   0.03919958     0.03776672  -0.07826617
    1    6
 -0.06406821   0.01675185     0.01832436   0.00155855    -0.01832436  -0.00155855
  0.01046137   0.01295465     0.03776672  -0.07826617     0.04311896  -0.03919958
 -0.01046137  -0.01295465     0.04311896  -0.03919958     0.03776672  -0.07826617
    1    7
  0.01752658   0.06386062    -0.01051192  -0.01509008     0.01051192   0.01509008
 -0.01644973  -0.00258249     0.04889713  -0.07184002     0.01238835  -0.05694190
  0.01644973   0.00258249     0.01238835  -0.05694190     0.04889713  -0.07184002
    1    8
 -0.06406821   0.01675185    -0.01832436  -0.00155855     0.01832436   0.00155855
 -0.01046137  -0.01295465     0.03776672  -0.07826617     0.04311896  -0.03919958
  0.01046137   0.01295465     0.04311896  -0.03919958     0.03776672  -0.07826617
    1    9
  0.01752658   0.06386062     0.01051192   0.01509008    -0.01051192  -0.01509008
  0.01644973   0.00258249     0.04889713  -0.07184002     0.01238835  -0.05694190
 -0.01644973  -0.00258249     0.01238835  -0.05694190     0.04889713  -0.07184002
    1   10
  0.01752658   0.06386062     0.01051192   0.01509008     0.01051192   0.01509008
  0.01644973   0.00258249     0.04889713  -0.07184002    -0.01238835   0.05694190
  0.01644973   0.00258249    -0.01238835   0.05694190     0.04889713  -0.07184002
    1   11
 -0.06406821   0.01675185    -0.01832436  -0.00155855    -0.01832436  -0.00155855
 -0.01046137  -0.01295465     0.03776672  -0.07826617    -0.04311896   0.03919958
 -0.01046137  -0.01295465    -0.04311896   0.03919958     0.03776672  -0.07826617
    2    1
 -0.01130259   0.01957667     0.00000000   0.00000000     0.00000000   0.00000000
 -0.00000000   0.00000000    -0.01077846   0.01866884    -0.08598470  -0.04964329
  0.00000000   0.00000000    -0.08598470  -0.04964329    -0.01077846   0.01866884
    2    2
  0.10944880  -0.00000000    -0.00000000   0.00000000     0.00000000   0.00000000
 -0.00000000  -0.00000000     0.09816763   0.00000000    -0.00000000  -0.00000000
  0.00000000   0.00000000     0.00000000  -0.00000000     0.09816763  -0.00000000
    2    3
 -0.01151746   0.01994882     0.00000000   0.00000000     0.00000000  -0.00000000
  0.00000000   0.00000000    -0.00155739   0.00269747     0.00116519   0.00067272
 -0.00000000   0.00000000     0.00116519   0.00067272    -0.00155739   0.00269747
    2    4
 -0.01723074  -0.00537296    -0.00557125   0.00538709    -0.00557125   0.00538709
  0.00757808   0.00195447     0.00486686  -0.01869757    -0.00889719   0.01276294
  0.00757808   0.00195447    -0.00889719   0.01276294     0.00486686  -0.01869757
    2    5
  0.00650886   0.00716243    -0.01357236   0.00266585    -0.01357236   0.00266585
 -0.00775376   0.00310749     0.01032077   0.00079074    -0.00767312   0.00264930
 -0.00775376   0.00310749    -0.00767312   0.00264930     0.01032077   0.00079074
    2    6
  0.00396225  -0.01760874     0.00745098  -0.00213130    -0.00745098   0.00213130
 -0.00209642   0.00754005    -0.01862601  -0.00513396    -0.01550163   0.00132373
  0.00209642  -0.00754005    -0.01550163   0.00132373    -0.01862601  -0.00513396
    2    7
  0.00294842   0.00921805     0.00909487  -0.01042108    -0.00909487   0.01042108
  0.00656804  -0.00516121    -0.00447558   0.00933342    -0.00613092   0.00532046
 -0.00656804   0.00516121    -0.00613092   0.00532046    -0.00447558   0.00933342
    2    8
  0.00396225  -0.01760874    -0.00745098   0.00213130     0.00745098  -0.00213130
  0.00209642  -0.00754005    -0.01862601  -0.00513396    -0.01550163   0.00132373
 -0.00209642   0.00754005    -0.01550163   0.00132373    -0.01862601  -0.00513396
    2    9
  0.00294842   0.00921805    -0.00909487   0.01042108     0.00909487  -0.01042108
 -0.00656804   0.00516121    -0.00447558   0.00933342    -0.00613092   0.00532046
  0.00656804  -0.00516121    -0.00613092   0.00532046    -0.00447558   0.00933342
    2   10
 -0.01723074  -0.00537296     0.00557125  -0.00538709     0.00557125  -0.00538709
 -0.00757808  -0.00195447     0.00486686  -0.01869757    -0.00889719   0.01276294
 -0.00757808  -0.00195447    -0.00889719   0.01276294     0.00486686  -0.01869757
    2   11
  0.00650886   0.00716243     0.01357236  -0.00266585     0.01357236  -0.00266585
  0.00775376  -0.00310749     0.01032077   0.00079074    -0.00767312   0.00264930
  0.00775376  -0.00310749    -0.00767312   0.00264930     0.01032077   0.00079074
    3    1
  0.02260519  -0.00000000     0.00000000   0.00000000     0.00000000   0.00000000
  0.00000000   0.00000000     0.02155692   0.00000000     0.00000000  -0.09928658
  0.00000000   0.00000000     0.00000000  -0.09928658     0.02155692  -0.00000000
    3    2
 -0.01151746  -0.01994882     0.00000000   0.00000000     0.00000000   0.00000000
  0.00000000   0.00000000    -0.00155739  -0.00269747     0.00116519  -0.00067272
 -0.00000000   0.00000000     0.00116519  -0.00067272    -0.00155739  -0.00269747
    3    3
  0.10944880   0.00000000    -0.00000000  -0.00000000     0.00000000  -0.00000000
 -0.00000000   0.00000000     0.09816763  -0.00000000    -0.00000000   0.00000000
  0.00000000  -0.00000000     0.00000000   0.00000000     0.09816763   0.00000000
    3    4
  0.00650886  -0.00716243    -0.01357236  -0.00266585    -0.01357236  -0.00266585
 -0.00775376  -0.00310749     0.01032077  -0.00079074    -0.00767312  -0.00264930
 -0.00775376  -0.00310749    -0.00767312  -0.00264930     0.01032077  -0.00079074
    3    5
 -0.01723074   0.00537296    -0.00557125  -0.00538709    -0.00557125  -0.00538709
  0.00757808  -0.00195447     0.00486686   0.01869757    -0.00889719  -0.01276294
  0.00757808  -0.00195447    -0.00889719  -0.01276294     0.00486686   0.01869757
    3    6
  0.00294842  -0.00921805     0.00909487   0.01042108    -0.00909487  -0.01042108
  0.00656804   0.00516121    -0.00447558  -0.00933342    -0.00613092  -0.00532046
 -0.00656804  -0.00516121    -0.00613092  -0.00532046    -0.00447558  -0.00933342
    3    7
  0.00396225   0.01760874     0.00745098   0.00213130    -0.00745098  -0.00213130
 -0.00209642  -0.00754005    -0.01862601   0.00513396    -0.01550163  -0.00132373
  0.00209642   0.00754005    -0.01550163  -0.00132373    -0.01862601   0.00513396
    3    8
  0.00294842  -0.00921805    -0.00909487  -0.01042108     0.00909487   0.01042108
