Dynamical matrix file
Electron-phonon coefficients for La1H10                                    
  2   11   0   6.4715904   0.0000000   0.0000000   0.0000000   0.0000000   0.0000000
Basis vectors
      0.000000000    0.707106781    0.707106781
      0.707106781    0.000000000    0.707106781
      0.707106781    0.707106781    0.000000000
           1  'La     '    126604.590967802     
           2  'H      '    918.681110398939     
    1    1      0.0000000000      0.0000000000      0.0000000000
    2    2      0.3535533906      0.3535533906      0.3535533906
    3    2      1.0606601718      1.0606601718      1.0606601718
    4    2      0.8776865653      0.8776865653      0.8776865653
    5    2      0.5365269970      0.5365269970      0.5365269970
    6    2      0.5365269971      0.5365269971      0.8776865653
    7    2      0.8776865653      0.8776865653      0.5365269970
    8    2      0.5365269971      0.8776865653      0.5365269971
    9    2      0.8776865653      0.5365269970      0.8776865653
   10    2      0.8776865653      0.5365269971      0.5365269971
   11    2      0.5365269970      0.8776865653      0.8776865653

     Dynamical  Matrix in cartesian axes

     q = (   -0.353553391  -0.353553391   0.353553391 ) 

    1    1
  1.01769470   0.00000000     0.05386688   0.00000000    -0.05386688   0.00000000
  0.05386688   0.00000000     1.01769470   0.00000000    -0.05386688   0.00000000
 -0.05386688   0.00000000    -0.05386688   0.00000000     1.01769470   0.00000000
    1    2
 -0.04028610   0.00000000     0.04986820  -0.00000000    -0.04986820   0.00000000
  0.04986820  -0.00000000    -0.04028610   0.00000000    -0.04986820   0.00000000
 -0.04986820   0.00000000    -0.04986820   0.00000000    -0.04028610   0.00000000
    1    3
  0.04028610  -0.00000000    -0.04986820   0.00000000     0.04986820  -0.00000000
 -0.04986820   0.00000000     0.04028610  -0.00000000     0.04986820  -0.00000000
  0.04986820  -0.00000000     0.04986820  -0.00000000     0.04028610  -0.00000000
    1    4
  0.05535216  -0.00000000    -0.06140405   0.00000000     0.01824494  -0.00000000
 -0.06140405   0.00000000     0.05535216  -0.00000000     0.01824494  -0.00000000
  0.01982191  -0.00000000     0.01982191  -0.00000000    -0.04577835   0.00000000
    1    5
 -0.05535216   0.00000000     0.06140405  -0.00000000    -0.01824494   0.00000000
  0.06140405  -0.00000000    -0.05535216   0.00000000    -0.01824494   0.00000000
 -0.01982191   0.00000000    -0.01982191   0.00000000     0.04577835  -0.00000000
    1    6
 -0.04922658   0.00000000     0.04163228  -0.00000000    -0.04163228   0.00000000
  0.04163228  -0.00000000    -0.04922658   0.00000000    -0.04163228   0.00000000
 -0.04163228   0.00000000    -0.04163228   0.00000000    -0.04922658   0.00000000
    1    7
  0.04922658  -0.00000000    -0.04163228   0.00000000     0.04163228  -0.00000000
 -0.04163228   0.00000000     0.04922658  -0.00000000     0.04163228  -0.00000000
  0.04163228  -0.00000000     0.04163228  -0.00000000     0.04922658  -0.00000000
    1    8
 -0.04577835   0.00000000    -0.01982191   0.00000000     0.01982191  -0.00000000
 -0.01824494   0.00000000     0.05535216  -0.00000000     0.06140405  -0.00000000
  0.01824494  -0.00000000     0.06140405  -0.00000000     0.05535216  -0.00000000
    1    9
  0.04577835  -0.00000000     0.01982191  -0.00000000    -0.01982191   0.00000000
  0.01824494  -0.00000000    -0.05535216   0.00000000    -0.06140405   0.00000000
 -0.01824494   0.00000000    -0.06140405   0.00000000    -0.05535216   0.00000000
    1   10
  0.05535216  -0.00000000    -0.01824494   0.00000000     0.06140405  -0.00000000
 -0.01982191   0.00000000    -0.04577835   0.00000000     0.01982191  -0.00000000
  0.06140405  -0.00000000     0.01824494  -0.00000000     0.05535216  -0.00000000
    1   11
 -0.05535216   0.00000000     0.01824494  -0.00000000    -0.06140405   0.00000000
  0.01982191  -0.00000000     0.04577835  -0.00000000    -0.01982191   0.00000000
 -0.06140405   0.00000000    -0.01824494   0.00000000    -0.05535216   0.00000000
    2    1
 -0.04028610  -0.00000000     0.04986820   0.00000000    -0.04986820  -0.00000000
  0.04986820   0.00000000    -0.04028610  -0.00000000    -0.04986820  -0.00000000
 -0.04986820  -0.00000000    -0.04986820  -0.00000000    -0.04028610  -0.00000000
    2    2
  0.09851635   0.00000000     0.00506169   0.00000000    -0.00506169   0.00000000
  0.00506169   0.00000000     0.09851635   0.00000000    -0.00506169   0.00000000
 -0.00506169   0.00000000    -0.00506169   0.00000000     0.09851635   0.00000000
    2    3
  0.00256729   0.00000000    -0.00432721   0.00000000     0.00432721   0.00000000
 -0.00432721   0.00000000     0.00256729   0.00000000     0.00432721   0.00000000
  0.00432721   0.00000000     0.00432721   0.00000000     0.00256729   0.00000000
    2    4
 -0.02245656   0.00000000     0.00970115   0.00000000    -0.01162819   0.00000000
  0.00970115   0.00000000    -0.02245656   0.00000000    -0.01162819   0.00000000
  0.00438122   0.00000000     0.00438122   0.00000000     0.01025776   0.00000000
    2    5
  0.00853412   0.00000000    -0.01110532   0.00000000    -0.00874626   0.00000000
 -0.01110532   0.00000000     0.00853412   0.00000000    -0.00874626   0.00000000
 -0.00322115   0.00000000    -0.00322115   0.00000000     0.01115445   0.00000000
    2    6
 -0.01942431   0.00000000     0.01455291   0.00000000    -0.01455291   0.00000000
  0.01455291   0.00000000    -0.01942431   0.00000000    -0.01455291   0.00000000
 -0.01455291   0.00000000    -0.01455291   0.00000000    -0.01942431   0.00000000
    2    7
 -0.00687857   0.00000000     0.01416153   0.00000000    -0.01416153   0.00000000
  0.01416153   0.00000000    -0.00687857   0.00000000    -0.01416153   0.00000000
 -0.01416153   0.00000000    -0.01416153   0.00000000    -0.00687857   0.00000000
    2    8
  0.01025776   0.00000000    -0.00438122   0.00000000     0.00438122   0.00000000
  0.01162819   0.00000000    -0.02245656   0.00000000    -0.00970115   0.00000000
 -0.01162819   0.00000000    -0.00970115   0.00000000    -0.02245656   0.00000000
    2    9
  0.01115445   0.00000000     0.00322115   0.00000000    -0.00322115   0.00000000
  0.00874626   0.00000000     0.00853412   0.00000000     0.01110532   0.00000000
 -0.00874626   0.00000000     0.01110532   0.00000000     0.00853412   0.00000000
    2   10
 -0.02245656   0.00000000     0.01162819   0.00000000    -0.00970115   0.00000000
 -0.00438122   0.00000000     0.01025776   0.00000000     0.00438122   0.00000000
 -0.00970115   0.00000000    -0.01162819   0.00000000    -0.02245656   0.00000000
    2   11
  0.00853412   0.00000000     0.00874626   0.00000000     0.01110532   0.00000000
  0.00322115   0.00000000     0.01115445   0.00000000    -0.00322115   0.00000000
  0.01110532   0.00000000    -0.00874626   0.00000000     0.00853412   0.00000000
    3    1
  0.04028610   0.00000000    -0.04986820  -0.00000000     0.04986820   0.00000000
 -0.04986820  -0.00000000     0.04028610   0.00000000     0.04986820   0.00000000
  0.04986820   0.00000000     0.04986820   0.00000000     0.04028610   0.00000000
    3    2
  0.00256729   0.00000000    -0.00432721   0.00000000     0.00432721   0.00000000
 -0.00432721   0.00000000     0.00256729   0.00000000     0.00432721   0.00000000
  0.00432721   0.00000000     0.00432721   0.00000000     0.00256729   0.00000000
    3    3
  0.09851635   0.00000000     0.00506169   0.00000000    -0.00506169   0.00000000
  0.00506169   0.00000000     0.09851635   0.00000000    -0.00506169   0.00000000
 -0.00506169   0.00000000    -0.00506169   0.00000000     0.09851635   0.00000000
    3    4
  0.00853412   0.00000000    -0.01110532   0.00000000    -0.00874626   0.00000000
 -0.01110532   0.00000000     0.00853412   0.00000000    -0.00874626   0.00000000
 -0.00322115   0.00000000    -0.00322115   0.00000000     0.01115445   0.00000000
    3    5
 -0.02245656   0.00000000     0.00970115   0.00000000    -0.01162819   0.00000000
  0.00970115   0.00000000    -0.02245656   0.00000000    -0.01162819   0.00000000
  0.00438122   0.00000000     0.00438122   0.00000000     0.01025776   0.00000000
    3    6
 -0.00687857   0.00000000     0.01416153   0.00000000    -0.01416153   0.00000000
  0.01416153   0.00000000    -0.00687857   0.00000000    -0.01416153   0.00000000
 -0.01416153   0.00000000    -0.01416153   0.00000000    -0.00687857   0.00000000
    3    7
 -0.01942431   0.00000000     0.01455291   0.00000000    -0.01455291   0.00000000
  0.01455291   0.00000000    -0.01942431   0.00000000    -0.01455291   0.00000000
 -0.01455291   0.00000000    -0.01455291   0.00000000    -0.01942431   0.00000000
    3    8
  0.01115445   0.00000000     0.00322115   0.00000000    -0.00322115   0.00000000
  0.00874626   0.00000000     0.00853412   0.00000000     0.01110532   0.00000000
 -0.00874626   0.00000000     0.01110532   0.00000000     0.00853412   0.00000000
    3    9
  0.01025776   0.00000000    -0.00438122   0.00000000     0.00438122   0.00000000
  0.01162819   0.00000000    -0.02245656   0.00000000    -0.00970115   0.00000000
 -0.01162819   0.00000000    -0.00970115   0.00000000    -0.02245656   0.00000000
    3   10
  0.00853412   0.00000000     0.00874626   0.00000000     0.01110532   0.00000000
  0.00322115   0.00000000     0.01115445   0.00000000    -0.00322115   0.00000000
  0.01110532   0.00000000    -0.00874626   0.00000000     0.00853412   0.00000000
    3   11
 -0.02245656   0.00000000     0.01162819   0.00000000    -0.00970115   0.00000000
 -0.00438122   0.00000000     0.01025776   0.00000000     0.00438122   0.00000000
 -0.00970115   0.00000000    -0.01162819   0.00000000    -0.02245656   0.00000000
    4    1
  0.05535216   0.00000000    -0.06140405  -0.00000000     0.01982191   0.00000000
 -0.06140405  -0.00000000     0.05535216   0.00000000     0.01982191   0.00000000
  0.01824494   0.00000000     0.01824494   0.00000000    -0.04577835  -0.00000000
    4    2
 -0.02245656   0.00000000     0.00970115   0.00000000     0.00438122   0.00000000
  0.00970115   0.00000000    -0.02245656   0.00000000     0.00438122   0.00000000
 -0.01162819   0.00000000    -0.01162819   0.00000000     0.01025776   0.00000000
    4    3
  0.00853412   0.00000000    -0.01110532   0.00000000    -0.00322115   0.00000000
 -0.01110532   0.00000000     0.00853412   0.00000000    -0.00322115   0.00000000
 -0.00874626   0.00000000    -0.00874626   0.00000000     0.01115445   0.00000000
    4    4
  0.15853648   0.00000000     0.00027568   0.00000000     0.00328111   0.00000000
  0.00027568   0.00000000     0.15853648   0.00000000     0.00328111   0.00000000
  0.00328111   0.00000000     0.00328111   0.00000000     0.16427704   0.00000000
    4    5
  0.00999412  -0.00000000     0.00996190  -0.00000000     0.00705361  -0.00000000
  0.00996190  -0.00000000     0.00999412  -0.00000000     0.00705361  -0.00000000
  0.00705361  -0.00000000     0.00705361  -0.00000000     0.00754459  -0.00000000
    4    6
  0.01080303   0.00000000    -0.01372114   0.00000000     0.00040818   0.00000000
 -0.01372114   0.00000000     0.01080303   0.00000000     0.00040818   0.00000000
  0.00278396   0.00000000     0.00278396   0.00000000    -0.00294413   0.00000000
    4    7
  0.00555231   0.00000000     0.00361242   0.00000000    -0.00595164  -0.00000000
  0.00361242   0.00000000     0.00555231   0.00000000    -0.00595164  -0.00000000
  0.00692769  -0.00000000     0.00692769   0.00000000    -0.01210536  -0.00000000
    4    8
 -0.03050678   0.00000000     0.00597083   0.00000000    -0.04271955   0.00000000
 -0.00406276   0.00000000     0.00041232   0.00000000    -0.00597083   0.00000000
 -0.04101175   0.00000000     0.00406276   0.00000000    -0.03050678   0.00000000
    4    9
  0.01003655   0.00000000    -0.01000722  -0.00000000     0.00666040   0.00000000
  0.00219575   0.00000000    -0.00718870  -0.00000000     0.01000722   0.00000000
  0.00941900   0.00000000    -0.00219575  -0.00000000     0.01003655   0.00000000
    4   10
  0.00041232   0.00000000    -0.00406276   0.00000000    -0.00597083   0.00000000
  0.00597083   0.00000000    -0.03050678   0.00000000    -0.04271955   0.00000000
  0.00406276   0.00000000    -0.04101175   0.00000000    -0.03050678   0.00000000
    4   11
 -0.00718870   0.00000000     0.00219575   0.00000000     0.01000722   0.00000000
 -0.01000722   0.00000000     0.01003655   0.00000000     0.00666040   0.00000000
 -0.00219575   0.00000000     0.00941900   0.00000000     0.01003655   0.00000000
    5    1
 -0.05535216  -0.00000000     0.06140405   0.00000000    -0.01982191  -0.00000000
  0.06140405   0.00000000    -0.05535216  -0.00000000    -0.01982191  -0.00000000
 -0.01824494  -0.00000000    -0.01824494  -0.00000000     0.04577835   0.00000000
    5    2
  0.00853412   0.00000000    -0.01110532   0.00000000    -0.00322115   0.00000000
 -0.01110532   0.00000000     0.00853412   0.00000000    -0.00322115   0.00000000
 -0.00874626   0.00000000    -0.00874626   0.00000000     0.01115445   0.00000000
    5    3
 -0.02245656   0.00000000     0.00970115   0.00000000     0.00438122   0.00000000
  0.00970115   0.00000000    -0.02245656   0.00000000     0.00438122   0.00000000
 -0.01162819   0.00000000    -0.01162819   0.00000000     0.01025776   0.00000000
    5    4
  0.00999412   0.00000000     0.00996190   0.00000000     0.00705361   0.00000000
  0.00996190   0.00000000     0.00999412   0.00000000     0.00705361   0.00000000
  0.00705361   0.00000000     0.00705361   0.00000000     0.00754459   0.00000000
    5    5
  0.15853648   0.00000000     0.00027568   0.00000000     0.00328111   0.00000000
  0.00027568   0.00000000     0.15853648   0.00000000     0.00328111   0.00000000
  0.00328111   0.00000000     0.00328111   0.00000000     0.16427704   0.00000000
    5    6
  0.00555231   0.00000000     0.00361242   0.00000000    -0.00595164  -0.00000000
  0.00361242   0.00000000     0.00555231   0.00000000    -0.00595164  -0.00000000
  0.00692769   0.00000000     0.00692769   0.00000000    -0.01210536  -0.00000000
    5    7
  0.01080303   0.00000000    -0.01372114  -0.00000000     0.00040818   0.00000000
 -0.01372114  -0.00000000     0.01080303   0.00000000     0.00040818   0.00000000
  0.00278396   0.00000000     0.00278396   0.00000000    -0.00294413  -0.00000000
    5    8
  0.01003655   0.00000000    -0.01000722  -0.00000000     0.00666040   0.00000000
  0.00219575   0.00000000    -0.00718870  -0.00000000     0.01000722   0.00000000
  0.00941900   0.00000000    -0.00219575  -0.00000000     0.01003655   0.00000000
    5    9
 -0.03050678  -0.00000000     0.00597083   0.00000000    -0.04271955  -0.00000000
 -0.00406276  -0.00000000     0.00041232   0.00000000    -0.00597083  -0.00000000
 -0.04101175  -0.00000000     0.00406276   0.00000000    -0.03050678  -0.00000000
    5   10
 -0.00718870  -0.00000000     0.00219575   0.00000000     0.01000722   0.00000000
 -0.01000722  -0.00000000     0.01003655   0.00000000     0.00666040   0.00000000
 -0.00219575  -0.00000000     0.00941900   0.00000000     0.01003655   0.00000000
    5   11
  0.00041232   0.00000000    -0.00406276  -0.00000000    -0.00597083  -0.00000000
  0.00597083   0.00000000    -0.03050678  -0.00000000    -0.04271955  -0.00000000
  0.00406276   0.00000000    -0.04101175  -0.00000000    -0.03050678  -0.00000000
    6    1
 -0.04922658  -0.00000000     0.04163228   0.00000000    -0.04163228  -0.00000000
  0.04163228   0.00000000    -0.04922658  -0.00000000    -0.04163228  -0.00000000
 -0.04163228  -0.00000000    -0.04163228  -0.00000000    -0.04922658  -0.00000000
    6    2
 -0.01942431   0.00000000     0.01455291   0.00000000    -0.01455291   0.00000000
  0.01455291   0.00000000    -0.01942431   0.00000000    -0.01455291   0.00000000
 -0.01455291   0.00000000    -0.01455291   0.00000000    -0.01942431   0.00000000
    6    3
 -0.00687857   0.00000000     0.01416153   0.00000000    -0.01416153   0.00000000
  0.01416153   0.00000000    -0.00687857   0.00000000    -0.01416153   0.00000000
 -0.01416153   0.00000000    -0.01416153   0.00000000    -0.00687857   0.00000000
    6    4
  0.01080303   0.00000000    -0.01372114   0.00000000     0.00278396   0.00000000
 -0.01372114   0.00000000     0.01080303   0.00000000     0.00278396   0.00000000
  0.00040818   0.00000000     0.00040818   0.00000000    -0.00294413   0.00000000
    6    5
  0.00555231  -0.00000000     0.00361242  -0.00000000     0.00692769  -0.00000000
  0.00361242  -0.00000000     0.00555231  -0.00000000     0.00692769  -0.00000000
 -0.00595164   0.00000000    -0.00595164   0.00000000    -0.01210536   0.00000000
    6    6
  0.16398808   0.00000000     0.00025348   0.00000000    -0.00025348   0.00000000
  0.00025348   0.00000000     0.16398808   0.00000000    -0.00025348   0.00000000
 -0.00025348   0.00000000    -0.00025348   0.00000000     0.16398808   0.00000000
    6    7
  0.00581611  -0.00000000     0.00764770  -0.00000000    -0.00764770   0.00000000
  0.00764770   0.00000000     0.00581611   0.00000000    -0.00764770  -0.00000000
 -0.00764770   0.00000000    -0.00764770   0.00000000     0.00581611   0.00000000
    6    8
 -0.00294413   0.00000000    -0.00040818   0.00000000     0.00040818   0.00000000
 -0.00278396   0.00000000     0.01080303   0.00000000     0.01372114   0.00000000
  0.00278396   0.00000000     0.01372114   0.00000000     0.01080303   0.00000000
    6    9
 -0.01210536  -0.00000000     0.00595164   0.00000000    -0.00595164  -0.00000000
 -0.00692769  -0.00000000     0.00555231   0.00000000    -0.00361242  -0.00000000
  0.00692769   0.00000000    -0.00361242  -0.00000000     0.00555231   0.00000000
    6   10
  0.01080303   0.00000000    -0.00278396   0.00000000     0.01372114   0.00000000
 -0.00040818   0.00000000    -0.00294413   0.00000000     0.00040818   0.00000000
  0.01372114   0.00000000     0.00278396   0.00000000     0.01080303   0.00000000
    6   11
  0.00555231   0.00000000    -0.00692769   0.00000000    -0.00361242   0.00000000
  0.00595164   0.00000000    -0.01210536   0.00000000    -0.00595164   0.00000000
 -0.00361242   0.00000000     0.00692769   0.00000000     0.00555231   0.00000000
    7    1
  0.04922658   0.00000000    -0.04163228  -0.00000000     0.04163228   0.00000000
 -0.04163228  -0.00000000     0.04922658   0.00000000     0.04163228   0.00000000
  0.04163228   0.00000000     0.04163228   0.00000000     0.04922658   0.00000000
    7    2
 -0.00687857   0.00000000     0.01416153   0.00000000    -0.01416153   0.00000000
  0.01416153   0.00000000    -0.00687857   0.00000000    -0.01416153   0.00000000
 -0.01416153   0.00000000    -0.01416153   0.00000000    -0.00687857   0.00000000
    7    3
 -0.01942431   0.00000000     0.01455291   0.00000000    -0.01455291   0.00000000
  0.01455291   0.00000000    -0.01942431   0.00000000    -0.01455291   0.00000000
 -0.01455291   0.00000000    -0.01455291   0.00000000    -0.01942431   0.00000000
    7    4
  0.00555231  -0.00000000     0.00361242   0.00000000     0.00692769   0.00000000
  0.00361242  -0.00000000     0.00555231   0.00000000     0.00692769  -0.00000000
 -0.00595164   0.00000000    -0.00595164   0.00000000    -0.01210536   0.00000000
    7    5
  0.01080303  -0.00000000    -0.01372114   0.00000000     0.00278396  -0.00000000
 -0.01372114   0.00000000     0.01080303  -0.00000000     0.00278396  -0.00000000
  0.00040818  -0.00000000     0.00040818  -0.00000000    -0.00294413   0.00000000
    7    6
  0.00581611   0.00000000     0.00764770   0.00000000    -0.00764770  -0.00000000
  0.00764770  -0.00000000     0.00581611  -0.00000000    -0.00764770   0.00000000
 -0.00764770   0.00000000    -0.00764770   0.00000000     0.00581611   0.00000000
    7    7
  0.16398808   0.00000000     0.00025348   0.00000000    -0.00025348   0.00000000
  0.00025348   0.00000000     0.16398808   0.00000000    -0.00025348   0.00000000
 -0.00025348   0.00000000    -0.00025348   0.00000000     0.16398808   0.00000000
    7    8
 -0.01210536   0.00000000     0.00595164   0.00000000    -0.00595164   0.00000000
 -0.00692769   0.00000000     0.00555231  -0.00000000    -0.00361242   0.00000000
  0.00692769  -0.00000000    -0.00361242   0.00000000     0.00555231  -0.00000000
    7    9
 -0.00294413  -0.00000000    -0.00040818  -0.00000000     0.00040818   0.00000000
 -0.00278396  -0.00000000     0.01080303   0.00000000     0.01372114   0.00000000
  0.00278396   0.00000000     0.01372114   0.00000000     0.01080303   0.00000000
    7   10
  0.00555231  -0.00000000    -0.00692769  -0.00000000    -0.00361242  -0.00000000
  0.00595164   0.00000000    -0.01210536  -0.00000000    -0.00595164  -0.00000000
 -0.00361242   0.00000000     0.00692769   0.00000000     0.00555231   0.00000000
    7   11
  0.01080303  -0.00000000    -0.00278396   0.00000000     0.01372114  -0.00000000
 -0.00040818   0.00000000    -0.00294413  -0.00000000     0.00040818  -0.00000000
  0.01372114   0.00000000     0.00278396  -0.00000000     0.01080303   0.00000000
    8    1
 -0.04577835  -0.00000000    -0.01824494  -0.00000000     0.01824494   0.00000000
 -0.01982191  -0.00000000     0.05535216   0.00000000     0.06140405   0.00000000
  0.01982191   0.00000000     0.06140405   0.00000000     0.05535216   0.00000000
    8    2
  0.01025776   0.00000000     0.01162819   0.00000000    -0.01162819   0.00000000
 -0.00438122   0.00000000    -0.02245656   0.00000000    -0.00970115   0.00000000
  0.00438122   0.00000000    -0.00970115   0.00000000    -0.02245656   0.00000000
    8    3
  0.01115445   0.00000000     0.00874626   0.00000000    -0.00874626   0.00000000
  0.00322115   0.00000000     0.00853412   0.00000000     0.01110532   0.00000000
 -0.00322115   0.00000000     0.01110532   0.00000000     0.00853412   0.00000000
    8    4
 -0.03050678   0.00000000    -0.00406276   0.00000000    -0.04101175   0.00000000
  0.00597083   0.00000000     0.00041232   0.00000000     0.00406276   0.00000000
 -0.04271955   0.00000000    -0.00597083   0.00000000    -0.03050678   0.00000000
    8    5
  0.01003655  -0.00000000     0.00219575  -0.00000000     0.00941900  -0.00000000
 -0.01000722   0.00000000    -0.00718870   0.00000000    -0.00219575   0.00000000
  0.00666040  -0.00000000     0.01000722  -0.00000000     0.01003655  -0.00000000
    8    6
 -0.00294413   0.00000000    -0.00278396   0.00000000     0.00278396   0.00000000
 -0.00040818   0.00000000     0.01080303   0.00000000     0.01372114   0.00000000
  0.00040818   0.00000000     0.01372114   0.00000000     0.01080303   0.00000000
    8    7
 -0.01210536   0.00000000    -0.00692769  -0.00000000     0.00692769   0.00000000
  0.00595164   0.00000000     0.00555231  -0.00000000    -0.00361242   0.00000000
 -0.00595164   0.00000000    -0.00361242  -0.00000000     0.00555231   0.00000000
    8    8
  0.16427704   0.00000000    -0.00328111   0.00000000     0.00328111   0.00000000
 -0.00328111   0.00000000     0.15853648   0.00000000    -0.00027568   0.00000000
  0.00328111   0.00000000    -0.00027568   0.00000000     0.15853648   0.00000000
    8    9
  0.00754459   0.00000000    -0.00705361  -0.00000000     0.00705361   0.00000000
 -0.00705361  -0.00000000     0.00999412   0.00000000    -0.00996190  -0.00000000
  0.00705361   0.00000000    -0.00996190  -0.00000000     0.00999412   0.00000000
    8   10
 -0.03050678   0.00000000     0.04101175   0.00000000     0.00406276   0.00000000
  0.04271955   0.00000000    -0.03050678   0.00000000    -0.00597083   0.00000000
 -0.00597083   0.00000000     0.00406276   0.00000000     0.00041232   0.00000000
    8   11
  0.01003655   0.00000000    -0.00941900   0.00000000    -0.00219575   0.00000000
 -0.00666040   0.00000000     0.01003655   0.00000000     0.01000722   0.00000000
  0.01000722   0.00000000    -0.00219575   0.00000000    -0.00718870   0.00000000
    9    1
  0.04577835   0.00000000     0.01824494   0.00000000    -0.01824494  -0.00000000
  0.01982191   0.00000000    -0.05535216  -0.00000000    -0.06140405  -0.00000000
 -0.01982191  -0.00000000    -0.06140405  -0.00000000    -0.05535216  -0.00000000
    9    2
  0.01115445   0.00000000     0.00874626   0.00000000    -0.00874626   0.00000000
  0.00322115   0.00000000     0.00853412   0.00000000     0.01110532   0.00000000
 -0.00322115   0.00000000     0.01110532   0.00000000     0.00853412   0.00000000
    9    3
  0.01025776   0.00000000     0.01162819   0.00000000    -0.01162819   0.00000000
 -0.00438122   0.00000000    -0.02245656   0.00000000    -0.00970115   0.00000000
  0.00438122   0.00000000    -0.00970115   0.00000000    -0.02245656   0.00000000
    9    4
  0.01003655  -0.00000000     0.00219575  -0.00000000     0.00941900  -0.00000000
 -0.01000722   0.00000000    -0.00718870   0.00000000    -0.00219575   0.00000000
  0.00666040  -0.00000000     0.01000722  -0.00000000     0.01003655  -0.00000000
    9    5
 -0.03050678   0.00000000    -0.00406276   0.00000000    -0.04101175   0.00000000
  0.00597083  -0.00000000     0.00041232  -0.00000000     0.00406276  -0.00000000
 -0.04271955   0.00000000    -0.00597083   0.00000000    -0.03050678   0.00000000
    9    6
 -0.01210536   0.00000000    -0.00692769   0.00000000     0.00692769  -0.00000000
  0.00595164  -0.00000000     0.00555231  -0.00000000    -0.00361242   0.00000000
 -0.00595164   0.00000000    -0.00361242   0.00000000     0.00555231  -0.00000000
    9    7
 -0.00294413   0.00000000    -0.00278396   0.00000000     0.00278396  -0.00000000
 -0.00040818   0.00000000     0.01080303  -0.00000000     0.01372114  -0.00000000
  0.00040818  -0.00000000     0.01372114  -0.00000000     0.01080303  -0.00000000
    9    8
  0.00754459  -0.00000000    -0.00705361   0.00000000     0.00705361  -0.00000000
 -0.00705361   0.00000000     0.00999412  -0.00000000    -0.00996190   0.00000000
  0.00705361  -0.00000000    -0.00996190   0.00000000     0.00999412  -0.00000000
    9    9
  0.16427704   0.00000000    -0.00328111   0.00000000     0.00328111   0.00000000
 -0.00328111   0.00000000     0.15853648   0.00000000    -0.00027568   0.00000000
  0.00328111   0.00000000    -0.00027568   0.00000000     0.15853648   0.00000000
    9   10
  0.01003655  -0.00000000    -0.00941900   0.00000000    -0.00219575   0.00000000
 -0.00666040   0.00000000     0.01003655  -0.00000000     0.01000722  -0.00000000
  0.01000722  -0.00000000    -0.00219575   0.00000000    -0.00718870   0.00000000
    9   11
 -0.03050678   0.00000000     0.04101175  -0.00000000     0.00406276  -0.00000000
  0.04271955  -0.00000000    -0.03050678   0.00000000    -0.00597083   0.00000000
 -0.00597083   0.00000000     0.00406276  -0.00000000     0.00041232  -0.00000000
   10    1
  0.05535216   0.00000000    -0.01982191  -0.00000000     0.06140405   0.00000000
 -0.01824494  -0.00000000    -0.04577835  -0.00000000     0.01824494   0.00000000
  0.06140405   0.00000000     0.01982191   0.00000000     0.05535216   0.00000000
   10    2
 -0.02245656   0.00000000    -0.00438122   0.00000000    -0.00970115   0.00000000
  0.01162819   0.00000000     0.01025776   0.00000000    -0.01162819   0.00000000
 -0.00970115   0.00000000     0.00438122   0.00000000    -0.02245656   0.00000000
   10    3
  0.00853412   0.00000000     0.00322115   0.00000000     0.01110532   0.00000000
  0.00874626   0.00000000     0.01115445   0.00000000    -0.00874626   0.00000000
  0.01110532   0.00000000    -0.00322115   0.00000000     0.00853412   0.00000000
   10    4
  0.00041232   0.00000000     0.00597083   0.00000000     0.00406276   0.00000000
 -0.00406276   0.00000000    -0.03050678   0.00000000    -0.04101175   0.00000000
 -0.00597083   0.00000000    -0.04271955   0.00000000    -0.03050678   0.00000000
   10    5
 -0.00718870   0.00000000    -0.01000722   0.00000000    -0.00219575   0.00000000
  0.00219575  -0.00000000     0.01003655  -0.00000000     0.00941900  -0.00000000
  0.01000722  -0.00000000     0.00666040  -0.00000000     0.01003655  -0.00000000
   10    6
  0.01080303   0.00000000    -0.00040818   0.00000000     0.01372114   0.00000000
 -0.00278396   0.00000000    -0.00294413   0.00000000     0.00278396   0.00000000
  0.01372114   0.00000000     0.00040818   0.00000000     0.01080303   0.00000000
   10    7
  0.00555231  -0.00000000     0.00595164   0.00000000    -0.00361242   0.00000000
 -0.00692769   0.00000000    -0.01210536   0.00000000     0.00692769  -0.00000000
 -0.00361242  -0.00000000    -0.00595164   0.00000000     0.00555231  -0.00000000
   10    8
 -0.03050678   0.00000000     0.04271955   0.00000000    -0.00597083   0.00000000
  0.04101175   0.00000000    -0.03050678   0.00000000     0.00406276   0.00000000
  0.00406276   0.00000000    -0.00597083   0.00000000     0.00041232   0.00000000
   10    9
  0.01003655   0.00000000    -0.00666040  -0.00000000     0.01000722   0.00000000
 -0.00941900  -0.00000000     0.01003655   0.00000000    -0.00219575  -0.00000000
 -0.00219575  -0.00000000     0.01000722   0.00000000    -0.00718870  -0.00000000
   10   10
  0.15853648   0.00000000    -0.00328111   0.00000000    -0.00027568   0.00000000
 -0.00328111   0.00000000     0.16427704   0.00000000     0.00328111   0.00000000
 -0.00027568   0.00000000     0.00328111   0.00000000     0.15853648   0.00000000
   10   11
  0.00999412   0.00000000    -0.00705361   0.00000000    -0.00996190   0.00000000
 -0.00705361   0.00000000     0.00754459   0.00000000     0.00705361   0.00000000
 -0.00996190   0.00000000     0.00705361   0.00000000     0.00999412   0.00000000
   11    1
 -0.05535216  -0.00000000     0.01982191   0.00000000    -0.06140405  -0.00000000
  0.01824494   0.00000000     0.04577835   0.00000000    -0.01824494  -0.00000000
 -0.06140405  -0.00000000    -0.01982191  -0.00000000    -0.05535216  -0.00000000
   11    2
  0.00853412   0.00000000     0.00322115   0.00000000     0.01110532   0.00000000
  0.00874626   0.00000000     0.01115445   0.00000000    -0.00874626   0.00000000
  0.01110532   0.00000000    -0.00322115   0.00000000     0.00853412   0.00000000
   11    3
 -0.02245656   0.00000000    -0.00438122   0.00000000    -0.00970115   0.00000000
  0.01162819   0.00000000     0.01025776   0.00000000    -0.01162819   0.00000000
 -0.00970115   0.00000000     0.00438122   0.00000000    -0.02245656   0.00000000
   11    4
 -0.00718870   0.00000000    -0.01000722   0.00000000    -0.00219575   0.00000000
  0.00219575   0.00000000     0.01003655   0.00000000     0.00941900   0.00000000
  0.01000722   0.00000000     0.00666040   0.00000000     0.01003655   0.00000000
   11    5
  0.00041232  -0.00000000     0.00597083  -0.00000000     0.00406276  -0.00000000
 -0.00406276   0.00000000    -0.03050678   0.00000000    -0.04101175   0.00000000
 -0.00597083   0.00000000    -0.04271955   0.00000000    -0.03050678   0.00000000
   11    6
  0.00555231   0.00000000     0.00595164   0.00000000    -0.00361242   0.00000000
 -0.00692769   0.00000000    -0.01210536   0.00000000     0.00692769   0.00000000
 -0.00361242   0.00000000    -0.00595164   0.00000000     0.00555231   0.00000000
   11    7
  0.01080303   0.00000000    -0.00040818   0.00000000     0.01372114  -0.00000000
 -0.00278396  -0.00000000    -0.00294413   0.00000000     0.00278396   0.00000000
  0.01372114  -0.00000000     0.00040818  -0.00000000     0.01080303   0.00000000
   11    8
  0.01003655   0.00000000    -0.00666040   0.00000000     0.01000722   0.00000000
 -0.00941900   0.00000000     0.01003655   0.00000000    -0.00219575   0.00000000
 -0.00219575   0.00000000     0.01000722   0.00000000    -0.00718870   0.00000000
   11    9
 -0.03050678  -0.00000000     0.04271955   0.00000000    -0.00597083  -0.00000000
  0.04101175   0.00000000    -0.03050678  -0.00000000     0.00406276   0.00000000
  0.00406276   0.00000000    -0.00597083  -0.00000000     0.00041232   0.00000000
   11   10
  0.00999412   0.00000000    -0.00705361   0.00000000    -0.00996190   0.00000000
 -0.00705361   0.00000000     0.00754459   0.00000000     0.00705361   0.00000000
 -0.00996190   0.00000000     0.00705361   0.00000000     0.00999412   0.00000000
   11   11
  0.15853648   0.00000000    -0.00328111   0.00000000    -0.00027568   0.00000000
 -0.00328111   0.00000000     0.16427704   0.00000000     0.00328111   0.00000000
 -0.00027568   0.00000000     0.00328111   0.00000000     0.15853648   0.00000000

     Dynamical  Matrix in cartesian axes

     q = (   -0.353553391   0.353553391   0.353553391 ) 

    1    1
  1.01769470   0.00000000    -0.05386688   0.00000000    -0.05386688   0.00000000
 -0.05386688   0.00000000     1.01769470   0.00000000     0.05386688   0.00000000
 -0.05386688   0.00000000     0.05386688   0.00000000     1.01769470   0.00000000
    1    2
 -0.04028610  -0.00000000    -0.04986820  -0.00000000    -0.04986820  -0.00000000
 -0.04986820  -0.00000000    -0.04028610  -0.00000000     0.04986820   0.00000000
 -0.04986820  -0.00000000     0.04986820   0.00000000    -0.04028610  -0.00000000
    1    3
  0.04028610   0.00000000     0.04986820   0.00000000     0.04986820   0.00000000
  0.04986820   0.00000000     0.04028610   0.00000000    -0.04986820  -0.00000000
  0.04986820   0.00000000    -0.04986820  -0.00000000     0.04028610   0.00000000
    1    4
 -0.04577835  -0.00000000     0.01982191   0.00000000     0.01982191   0.00000000
  0.01824494   0.00000000     0.05535216   0.00000000    -0.06140405  -0.00000000
  0.01824494   0.00000000    -0.06140405  -0.00000000     0.05535216   0.00000000
    1    5
  0.04577835   0.00000000    -0.01982191  -0.00000000    -0.01982191  -0.00000000
 -0.01824494  -0.00000000    -0.05535216  -0.00000000     0.06140405   0.00000000
 -0.01824494  -0.00000000     0.06140405   0.00000000    -0.05535216  -0.00000000
    1    6
  0.05535216   0.00000000     0.01824494   0.00000000     0.06140405   0.00000000
  0.01982191   0.00000000    -0.04577835  -0.00000000    -0.01982191  -0.00000000
  0.06140405   0.00000000    -0.01824494  -0.00000000     0.05535216   0.00000000
    1    7
 -0.05535216  -0.00000000    -0.01824494  -0.00000000    -0.06140405  -0.00000000
 -0.01982191  -0.00000000     0.04577835   0.00000000     0.01982191   0.00000000
 -0.06140405  -0.00000000     0.01824494   0.00000000    -0.05535216  -0.00000000
    1    8
  0.05535216   0.00000000     0.06140405   0.00000000     0.01824494   0.00000000
  0.06140405   0.00000000     0.05535216   0.00000000    -0.01824494  -0.00000000
  0.01982191   0.00000000    -0.01982191  -0.00000000    -0.04577835  -0.00000000
    1    9
 -0.05535216  -0.00000000    -0.06140405  -0.00000000    -0.01824494  -0.00000000
 -0.06140405  -0.00000000    -0.05535216  -0.00000000     0.01824494   0.00000000
 -0.01982191  -0.00000000     0.01982191   0.00000000     0.04577835   0.00000000
    1   10
 -0.04922658  -0.00000000    -0.04163228  -0.00000000    -0.04163228  -0.00000000
 -0.04163228  -0.00000000    -0.04922658  -0.00000000     0.04163228   0.00000000
 -0.04163228  -0.00000000     0.04163228   0.00000000    -0.04922658  -0.00000000
    1   11
  0.04922658   0.00000000     0.04163228   0.00000000     0.04163228   0.00000000
  0.04163228   0.00000000     0.04922658   0.00000000    -0.04163228  -0.00000000
  0.04163228   0.00000000    -0.04163228  -0.00000000     0.04922658   0.00000000
    2    1
 -0.04028610   0.00000000    -0.04986820   0.00000000    -0.04986820   0.00000000
 -0.04986820   0.00000000    -0.04028610   0.00000000     0.04986820  -0.00000000
 -0.04986820   0.00000000     0.04986820  -0.00000000    -0.04028610   0.00000000
    2    2
  0.09851635   0.00000000    -0.00506169   0.00000000    -0.00506169   0.00000000
 -0.00506169   0.00000000     0.09851635   0.00000000     0.00506169   0.00000000
 -0.00506169   0.00000000     0.00506169   0.00000000     0.09851635   0.00000000
    2    3
  0.00256729   0.00000000     0.00432721   0.00000000     0.00432721   0.00000000
  0.00432721   0.00000000     0.00256729   0.00000000    -0.00432721   0.00000000
  0.00432721   0.00000000    -0.00432721   0.00000000     0.00256729   0.00000000
    2    4
  0.01025776   0.00000000     0.00438122   0.00000000     0.00438122   0.00000000
 -0.01162819   0.00000000    -0.02245656   0.00000000     0.00970115   0.00000000
 -0.01162819   0.00000000     0.00970115   0.00000000    -0.02245656   0.00000000
    2    5
  0.01115445   0.00000000    -0.00322115  -0.00000000    -0.00322115  -0.00000000
 -0.00874626  -0.00000000     0.00853412   0.00000000    -0.01110532  -0.00000000
 -0.00874626  -0.00000000    -0.01110532  -0.00000000     0.00853412   0.00000000
    2    6
 -0.02245656   0.00000000    -0.01162819   0.00000000    -0.00970115   0.00000000
  0.00438122   0.00000000     0.01025776   0.00000000    -0.00438122   0.00000000
 -0.00970115   0.00000000     0.01162819   0.00000000    -0.02245656   0.00000000
    2    7
  0.00853412  -0.00000000    -0.00874626   0.00000000     0.01110532  -0.00000000
 -0.00322115   0.00000000     0.01115445  -0.00000000     0.00322115  -0.00000000
  0.01110532  -0.00000000     0.00874626  -0.00000000     0.00853412  -0.00000000
    2    8
 -0.02245656   0.00000000    -0.00970115   0.00000000    -0.01162819   0.00000000
 -0.00970115   0.00000000    -0.02245656   0.00000000     0.01162819   0.00000000
  0.00438122   0.00000000    -0.00438122   0.00000000     0.01025776   0.00000000
    2    9
  0.00853412  -0.00000000     0.01110532  -0.00000000    -0.00874626   0.00000000
  0.01110532  -0.00000000     0.00853412  -0.00000000     0.00874626  -0.00000000
 -0.00322115   0.00000000     0.00322115  -0.00000000     0.01115445  -0.00000000
    2   10
 -0.01942431   0.00000000    -0.01455291   0.00000000    -0.01455291   0.00000000
 -0.01455291   0.00000000    -0.01942431   0.00000000     0.01455291   0.00000000
 -0.01455291   0.00000000     0.01455291   0.00000000    -0.01942431   0.00000000
    2   11
 -0.00687857  -0.00000000    -0.01416153  -0.00000000    -0.01416153  -0.00000000
 -0.01416153  -0.00000000    -0.00687857  -0.00000000     0.01416153   0.00000000
 -0.01416153  -0.00000000     0.01416153   0.00000000    -0.00687857  -0.00000000
    3    1
  0.04028610  -0.00000000     0.04986820  -0.00000000     0.04986820  -0.00000000
  0.04986820  -0.00000000     0.04028610  -0.00000000    -0.04986820   0.00000000
  0.04986820  -0.00000000    -0.04986820   0.00000000     0.04028610  -0.00000000
    3    2
  0.00256729   0.00000000     0.00432721   0.00000000     0.00432721   0.00000000
  0.00432721   0.00000000     0.00256729   0.00000000    -0.00432721   0.00000000
  0.00432721   0.00000000    -0.00432721   0.00000000     0.00256729   0.00000000
    3    3
  0.09851635   0.00000000    -0.00506169   0.00000000    -0.00506169   0.00000000
 -0.00506169   0.00000000     0.09851635   0.00000000     0.00506169   0.00000000
 -0.00506169   0.00000000     0.00506169   0.00000000     0.09851635   0.00000000
    3    4
  0.01115445   0.00000000    -0.00322115   0.00000000    -0.00322115   0.00000000
 -0.00874626   0.00000000     0.00853412   0.00000000    -0.01110532   0.00000000
 -0.00874626   0.00000000    -0.01110532   0.00000000     0.00853412   0.00000000
    3    5
  0.01025776   0.00000000     0.00438122   0.00000000     0.00438122   0.00000000
 -0.01162819  -0.00000000    -0.02245656  -0.00000000     0.00970115   0.00000000
 -0.01162819  -0.00000000     0.00970115   0.00000000    -0.02245656  -0.00000000
    3    6
  0.00853412   0.00000000    -0.00874626   0.00000000     0.01110532   0.00000000
 -0.00322115   0.00000000     0.01115445   0.00000000     0.00322115   0.00000000
  0.01110532   0.00000000     0.00874626   0.00000000     0.00853412   0.00000000
    3    7
 -0.02245656   0.00000000    -0.01162819   0.00000000    -0.00970115   0.00000000
  0.00438122  -0.00000000     0.01025776  -0.00000000    -0.00438122   0.00000000
 -0.00970115   0.00000000     0.01162819  -0.00000000    -0.02245656   0.00000000
    3    8
  0.00853412   0.00000000     0.01110532   0.00000000    -0.00874626   0.00000000
