Dynamical matrix file
Electron-phonon coefficients for La1H10                                    
  2   11   0   6.4715904   0.0000000   0.0000000   0.0000000   0.0000000   0.0000000
Basis vectors
      0.000000000    0.707106781    0.707106781
      0.707106781    0.000000000    0.707106781
      0.707106781    0.707106781    0.000000000
           1  'La     '    126604.590967802     
           2  'H      '    918.681110398939     
    1    1      0.0000000000      0.0000000000      0.0000000000
    2    2      0.3535533906      0.3535533906      0.3535533906
    3    2      1.0606601718      1.0606601718      1.0606601718
    4    2      0.8776865653      0.8776865653      0.8776865653
    5    2      0.5365269970      0.5365269970      0.5365269970
    6    2      0.5365269971      0.5365269971      0.8776865653
    7    2      0.8776865653      0.8776865653      0.5365269970
    8    2      0.5365269971      0.8776865653      0.5365269971
    9    2      0.8776865653      0.5365269970      0.8776865653
   10    2      0.8776865653      0.5365269971      0.5365269971
   11    2      0.5365269970      0.8776865653      0.8776865653

     Dynamical  Matrix in cartesian axes

     q = (    0.235702260   0.235702260  -0.235702260 ) 

    1    1
  0.97620523   0.00000000     0.03631405   0.00000000    -0.03631405   0.00000000
  0.03631405   0.00000000     0.97620523   0.00000000    -0.03631405   0.00000000
 -0.03631405   0.00000000    -0.03631405   0.00000000     0.97620523   0.00000000
    1    2
 -0.04243810   0.00775340     0.03643305   0.02468880    -0.03643305  -0.02468880
  0.03643305   0.02468880    -0.04243810   0.00775340    -0.03643305  -0.02468880
 -0.03643305  -0.02468880    -0.03643305  -0.02468880    -0.04243810   0.00775340
    1    3
  0.01450441   0.04062917    -0.03959765  -0.01920755     0.03959765   0.01920755
 -0.03959765  -0.01920755     0.01450441   0.04062917     0.03959765   0.01920755
  0.03959765   0.01920755     0.03959765   0.01920755     0.01450441   0.04062917
    1    4
  0.01840765   0.06090457    -0.04195937  -0.03832829     0.01909966  -0.00462610
 -0.04195937  -0.03832829     0.01840765   0.06090457     0.01909966  -0.00462610
  0.02104395   0.00223251     0.02104395   0.00223251    -0.05323535   0.01588184
    1    5
 -0.06194873   0.01451079     0.05417296   0.01717374    -0.00554351  -0.01885384
  0.05417296   0.01717374    -0.06194873   0.01451079    -0.00554351  -0.01885384
 -0.01245539  -0.01710834    -0.01245539  -0.01710834     0.01286360   0.05404409
    1    6
 -0.05996340   0.01120891     0.03805927   0.00076408    -0.03805927  -0.00076408
  0.03805927   0.00076408    -0.05996340   0.01120891    -0.03805927  -0.00076408
 -0.03805927  -0.00076408    -0.03805927  -0.00076408    -0.05996340   0.01120891
    1    7
  0.02027450   0.05753428    -0.01969135  -0.03257825     0.01969135   0.03257825
 -0.01969135  -0.03257825     0.02027450   0.05753428     0.01969135   0.03257825
  0.01969135   0.03257825     0.01969135   0.03257825     0.02027450   0.05753428
    1    8
 -0.05323535   0.01588184    -0.02104395  -0.00223251     0.02104395   0.00223251
 -0.01909966   0.00462610     0.01840765   0.06090457     0.04195937   0.03832829
  0.01909966  -0.00462610     0.04195937   0.03832829     0.01840765   0.06090457
    1    9
  0.01286360   0.05404409     0.01245539   0.01710834    -0.01245539  -0.01710834
  0.00554351   0.01885384    -0.06194873   0.01451079    -0.05417296  -0.01717374
 -0.00554351  -0.01885384    -0.05417296  -0.01717374    -0.06194873   0.01451079
    1   10
  0.01840765   0.06090457    -0.01909966   0.00462610     0.04195937   0.03832829
 -0.02104395  -0.00223251    -0.05323535   0.01588184     0.02104395   0.00223251
  0.04195937   0.03832829     0.01909966  -0.00462610     0.01840765   0.06090457
    1   11
 -0.06194873   0.01451079     0.00554351   0.01885384    -0.05417296  -0.01717374
  0.01245539   0.01710834     0.01286360   0.05404409    -0.01245539  -0.01710834
 -0.05417296  -0.01717374    -0.00554351  -0.01885384    -0.06194873   0.01451079
    2    1
 -0.04243810  -0.00775340     0.03643305  -0.02468880    -0.03643305   0.02468880
  0.03643305  -0.02468880    -0.04243810  -0.00775340    -0.03643305   0.02468880
 -0.03643305   0.02468880    -0.03643305   0.02468880    -0.04243810  -0.00775340
    2    2
  0.09987947   0.00000000     0.00230962   0.00000000    -0.00230962   0.00000000
  0.00230962   0.00000000     0.09987947   0.00000000    -0.00230962   0.00000000
 -0.00230962   0.00000000    -0.00230962   0.00000000     0.09987947   0.00000000
    2    3
  0.00383183  -0.00431113    -0.00109683   0.00014518     0.00109683  -0.00014518
 -0.00109683   0.00014518     0.00383183  -0.00431113     0.00109683  -0.00014518
  0.00109683  -0.00014518     0.00109683  -0.00014518     0.00383183  -0.00431113
    2    4
 -0.02170204   0.00132074     0.00899332   0.00166369    -0.00561473  -0.01243138
  0.00899332   0.00166369    -0.02170204   0.00132074    -0.00561473  -0.01243138
  0.00918055  -0.00103028     0.00918055  -0.00103028     0.00472375   0.01122397
    2    5
  0.00729527   0.00008701    -0.00875109  -0.00120985    -0.01086124  -0.00068883
 -0.00875109  -0.00120985     0.00729527   0.00008701    -0.01086124  -0.00068883
 -0.00639285   0.00028523    -0.00639285   0.00028523     0.01017766   0.00158403
    2    6
 -0.02223704   0.00303255     0.01185598   0.00187321    -0.01185598  -0.00187321
  0.01185598   0.00187321    -0.02223704   0.00303255    -0.01185598  -0.00187321
 -0.01185598  -0.00187321    -0.01185598  -0.00187321    -0.02223704   0.00303255
    2    7
 -0.00319877  -0.00705645     0.01002731   0.00550772    -0.01002731  -0.00550772
  0.01002731   0.00550772    -0.00319877  -0.00705645    -0.01002731  -0.00550772
 -0.01002731  -0.00550772    -0.01002731  -0.00550772    -0.00319877  -0.00705645
    2    8
  0.00472375   0.01122397    -0.00918055   0.00103028     0.00918055  -0.00103028
  0.00561473   0.01243138    -0.02170204   0.00132074    -0.00899332  -0.00166369
 -0.00561473  -0.01243138    -0.00899332  -0.00166369    -0.02170204   0.00132074
    2    9
  0.01017766   0.00158403     0.00639285  -0.00028523    -0.00639285   0.00028523
  0.01086124   0.00068883     0.00729527   0.00008701     0.00875109   0.00120985
 -0.01086124  -0.00068883     0.00875109   0.00120985     0.00729527   0.00008701
    2   10
 -0.02170204   0.00132074     0.00561473   0.01243138    -0.00899332  -0.00166369
 -0.00918055   0.00103028     0.00472375   0.01122397     0.00918055  -0.00103028
 -0.00899332  -0.00166369    -0.00561473  -0.01243138    -0.02170204   0.00132074
    2   11
  0.00729527   0.00008701     0.01086124   0.00068883     0.00875109   0.00120985
  0.00639285  -0.00028523     0.01017766   0.00158403    -0.00639285   0.00028523
  0.00875109   0.00120985    -0.01086124  -0.00068883     0.00729527   0.00008701
    3    1
  0.01450441  -0.04062917    -0.03959765   0.01920755     0.03959765  -0.01920755
 -0.03959765   0.01920755     0.01450441  -0.04062917     0.03959765  -0.01920755
  0.03959765  -0.01920755     0.03959765  -0.01920755     0.01450441  -0.04062917
    3    2
  0.00383183   0.00431113    -0.00109683  -0.00014518     0.00109683   0.00014518
 -0.00109683  -0.00014518     0.00383183   0.00431113     0.00109683   0.00014518
  0.00109683   0.00014518     0.00109683   0.00014518     0.00383183   0.00431113
    3    3
  0.09987947   0.00000000     0.00230962   0.00000000    -0.00230962   0.00000000
  0.00230962   0.00000000     0.09987947   0.00000000    -0.00230962   0.00000000
 -0.00230962   0.00000000    -0.00230962   0.00000000     0.09987947   0.00000000
    3    4
  0.00729527  -0.00008701    -0.00875109   0.00120985    -0.01086124   0.00068883
 -0.00875109   0.00120985     0.00729527  -0.00008701    -0.01086124   0.00068883
 -0.00639285  -0.00028523    -0.00639285  -0.00028523     0.01017766  -0.00158403
    3    5
 -0.02170204  -0.00132074     0.00899332  -0.00166369    -0.00561473   0.01243138
  0.00899332  -0.00166369    -0.02170204  -0.00132074    -0.00561473   0.01243138
  0.00918055   0.00103028     0.00918055   0.00103028     0.00472375  -0.01122397
    3    6
 -0.00319877   0.00705645     0.01002731  -0.00550772    -0.01002731   0.00550772
  0.01002731  -0.00550772    -0.00319877   0.00705645    -0.01002731   0.00550772
 -0.01002731   0.00550772    -0.01002731   0.00550772    -0.00319877   0.00705645
    3    7
 -0.02223704  -0.00303255     0.01185598  -0.00187321    -0.01185598   0.00187321
  0.01185598  -0.00187321    -0.02223704  -0.00303255    -0.01185598   0.00187321
 -0.01185598   0.00187321    -0.01185598   0.00187321    -0.02223704  -0.00303255
    3    8
  0.01017766  -0.00158403     0.00639285   0.00028523    -0.00639285  -0.00028523
  0.01086124  -0.00068883     0.00729527  -0.00008701     0.00875109  -0.00120985
 -0.01086124   0.00068883     0.00875109  -0.00120985     0.00729527  -0.00008701
    3    9
  0.00472375  -0.01122397    -0.00918055  -0.00103028     0.00918055   0.00103028
  0.00561473  -0.01243138    -0.02170204  -0.00132074    -0.00899332   0.00166369
 -0.00561473   0.01243138    -0.00899332   0.00166369    -0.02170204  -0.00132074
    3   10
  0.00729527  -0.00008701     0.01086124  -0.00068883     0.00875109  -0.00120985
  0.00639285   0.00028523     0.01017766  -0.00158403    -0.00639285  -0.00028523
  0.00875109  -0.00120985    -0.01086124   0.00068883     0.00729527  -0.00008701
    3   11
 -0.02170204  -0.00132074     0.00561473  -0.01243138    -0.00899332   0.00166369
 -0.00918055  -0.00103028     0.00472375  -0.01122397     0.00918055   0.00103028
 -0.00899332   0.00166369    -0.00561473   0.01243138    -0.02170204  -0.00132074
    4    1
  0.01840765  -0.06090457    -0.04195937   0.03832829     0.02104395  -0.00223251
 -0.04195937   0.03832829     0.01840765  -0.06090457     0.02104395  -0.00223251
  0.01909966   0.00462610     0.01909966   0.00462610    -0.05323535  -0.01588184
    4    2
 -0.02170204  -0.00132074     0.00899332  -0.00166369     0.00918055   0.00103028
  0.00899332  -0.00166369    -0.02170204  -0.00132074     0.00918055   0.00103028
 -0.00561473   0.01243138    -0.00561473   0.01243138     0.00472375  -0.01122397
    4    3
  0.00729527   0.00008701    -0.00875109  -0.00120985    -0.00639285   0.00028523
 -0.00875109  -0.00120985     0.00729527   0.00008701    -0.00639285   0.00028523
 -0.01086124  -0.00068883    -0.01086124  -0.00068883     0.01017766   0.00158403
    4    4
  0.16071139   0.00000000     0.00025956   0.00000000     0.00488051  -0.00245269
  0.00025956   0.00000000     0.16071139   0.00000000     0.00488051  -0.00245269
  0.00488051   0.00245269     0.00488051   0.00245269     0.16574919   0.00000000
    4    5
  0.00676716  -0.00110539     0.00799658  -0.00006573     0.00503663  -0.00423996
  0.00799658  -0.00006573     0.00676716  -0.00110539     0.00503663  -0.00423996
  0.00503663  -0.00423996     0.00503663  -0.00423996     0.00375077  -0.00315935
    4    6
 -0.00022690  -0.01727101    -0.02085306  -0.01041012     0.00210293   0.00700745
 -0.02085306  -0.01041012    -0.00022690  -0.01727101     0.00210293   0.00700745
  0.00346704  -0.00129053     0.00346704  -0.00129053    -0.00138432  -0.00231245
    4    7
  0.00880539  -0.00264691     0.00412766  -0.00021105    -0.00842907   0.00251900
  0.00412766  -0.00021105     0.00880539  -0.00264691    -0.00842907   0.00251900
  0.00563705  -0.00070453     0.00563705  -0.00070453    -0.00971263   0.00354337
    4    8
 -0.03071108  -0.00106090     0.00454126   0.00039444    -0.03860198   0.00000000
 -0.00409478   0.00086764     0.00118828   0.00000000    -0.00454126   0.00039444
 -0.03969302   0.00000000     0.00409478   0.00086764    -0.03071108   0.00106090
    4    9
  0.00938016  -0.00024164    -0.00740089   0.00044462     0.00359254  -0.00002048
  0.00456641   0.00373369    -0.00630693  -0.00205621     0.00740089  -0.00044462
  0.00571475  -0.00755197    -0.00456641  -0.00373369     0.00938016  -0.00024164
    4   10
  0.00118828  -0.00000000    -0.00409478   0.00086764    -0.00454126   0.00039444
  0.00454126   0.00039444    -0.03071108  -0.00106090    -0.03860198  -0.00000000
  0.00409478   0.00086764    -0.03969302   0.00000000    -0.03071108   0.00106090
    4   11
 -0.00630693  -0.00205621     0.00456641   0.00373369     0.00740089  -0.00044462
 -0.00740089   0.00044462     0.00938016  -0.00024164     0.00359254  -0.00002048
 -0.00456641  -0.00373369     0.00571475  -0.00755197     0.00938016  -0.00024164
    5    1
 -0.06194873  -0.01451079     0.05417296  -0.01717374    -0.01245539   0.01710834
  0.05417296  -0.01717374    -0.06194873  -0.01451079    -0.01245539   0.01710834
 -0.00554351   0.01885384    -0.00554351   0.01885384     0.01286360  -0.05404409
    5    2
  0.00729527  -0.00008701    -0.00875109   0.00120985    -0.00639285  -0.00028523
 -0.00875109   0.00120985     0.00729527  -0.00008701    -0.00639285  -0.00028523
 -0.01086124   0.00068883    -0.01086124   0.00068883     0.01017766  -0.00158403
    5    3
 -0.02170204   0.00132074     0.00899332   0.00166369     0.00918055  -0.00103028
  0.00899332   0.00166369    -0.02170204   0.00132074     0.00918055  -0.00103028
 -0.00561473  -0.01243138    -0.00561473  -0.01243138     0.00472375   0.01122397
    5    4
  0.00676716   0.00110539     0.00799658   0.00006573     0.00503663   0.00423996
  0.00799658   0.00006573     0.00676716   0.00110539     0.00503663   0.00423996
  0.00503663   0.00423996     0.00503663   0.00423996     0.00375077   0.00315935
    5    5
  0.16071139  -0.00000000     0.00025956  -0.00000000     0.00488051   0.00245269
  0.00025956  -0.00000000     0.16071139  -0.00000000     0.00488051   0.00245269
  0.00488051  -0.00245269     0.00488051  -0.00245269     0.16574919  -0.00000000
    5    6
  0.00880539   0.00264691     0.00412766   0.00021105    -0.00842907  -0.00251900
  0.00412766   0.00021105     0.00880539   0.00264691    -0.00842907  -0.00251900
  0.00563705   0.00070453     0.00563705   0.00070453    -0.00971263  -0.00354337
    5    7
 -0.00022690   0.01727101    -0.02085306   0.01041012     0.00210293  -0.00700745
 -0.02085306   0.01041012    -0.00022690   0.01727101     0.00210293  -0.00700745
  0.00346704   0.00129053     0.00346704   0.00129053    -0.00138432   0.00231245
    5    8
  0.00938016   0.00024164    -0.00740089  -0.00044462     0.00359254   0.00002048
  0.00456641  -0.00373369    -0.00630693   0.00205621     0.00740089   0.00044462
  0.00571475   0.00755197    -0.00456641   0.00373369     0.00938016   0.00024164
    5    9
 -0.03071108   0.00106090     0.00454126  -0.00039444    -0.03860198   0.00000000
 -0.00409478  -0.00086764     0.00118828  -0.00000000    -0.00454126  -0.00039444
 -0.03969302   0.00000000     0.00409478  -0.00086764    -0.03071108  -0.00106090
    5   10
 -0.00630693   0.00205621     0.00456641  -0.00373369     0.00740089   0.00044462
 -0.00740089  -0.00044462     0.00938016   0.00024164     0.00359254   0.00002048
 -0.00456641   0.00373369     0.00571475   0.00755197     0.00938016   0.00024164
    5   11
  0.00118828  -0.00000000    -0.00409478  -0.00086764    -0.00454126  -0.00039444
  0.00454126  -0.00039444    -0.03071108   0.00106090    -0.03860198   0.00000000
  0.00409478  -0.00086764    -0.03969302   0.00000000    -0.03071108  -0.00106090
    6    1
 -0.05996340  -0.01120891     0.03805927  -0.00076408    -0.03805927   0.00076408
  0.03805927  -0.00076408    -0.05996340  -0.01120891    -0.03805927   0.00076408
 -0.03805927   0.00076408    -0.03805927   0.00076408    -0.05996340  -0.01120891
    6    2
 -0.02223704  -0.00303255     0.01185598  -0.00187321    -0.01185598   0.00187321
  0.01185598  -0.00187321    -0.02223704  -0.00303255    -0.01185598   0.00187321
 -0.01185598   0.00187321    -0.01185598   0.00187321    -0.02223704  -0.00303255
    6    3
 -0.00319877  -0.00705645     0.01002731   0.00550772    -0.01002731  -0.00550772
  0.01002731   0.00550772    -0.00319877  -0.00705645    -0.01002731  -0.00550772
 -0.01002731  -0.00550772    -0.01002731  -0.00550772    -0.00319877  -0.00705645
    6    4
 -0.00022690   0.01727101    -0.02085306   0.01041012     0.00346704   0.00129053
 -0.02085306   0.01041012    -0.00022690   0.01727101     0.00346704   0.00129053
  0.00210293  -0.00700745     0.00210293  -0.00700745    -0.00138432   0.00231245
    6    5
  0.00880539  -0.00264691     0.00412766  -0.00021105     0.00563705  -0.00070453
  0.00412766  -0.00021105     0.00880539  -0.00264691     0.00563705  -0.00070453
 -0.00842907   0.00251900    -0.00842907   0.00251900    -0.00971263   0.00354337
    6    6
  0.15916527   0.00000000    -0.00306384   0.00000000     0.00306384   0.00000000
 -0.00306384   0.00000000     0.15916527   0.00000000     0.00306384   0.00000000
  0.00306384   0.00000000     0.00306384   0.00000000     0.15916527   0.00000000
    6    7
  0.00499703  -0.00589392     0.01097186  -0.00208791    -0.01097186   0.00208791
  0.01097186  -0.00208791     0.00499703  -0.00589392    -0.01097186   0.00208791
 -0.01097186   0.00208791    -0.01097186   0.00208791     0.00499703  -0.00589392
    6    8
 -0.00138432   0.00231245    -0.00210293   0.00700745     0.00210293  -0.00700745
 -0.00346704  -0.00129053    -0.00022690   0.01727101     0.02085306  -0.01041012
  0.00346704   0.00129053     0.02085306  -0.01041012    -0.00022690   0.01727101
    6    9
 -0.00971263   0.00354337     0.00842907  -0.00251900    -0.00842907   0.00251900
 -0.00563705   0.00070453     0.00880539  -0.00264691    -0.00412766   0.00021105
  0.00563705  -0.00070453    -0.00412766   0.00021105     0.00880539  -0.00264691
    6   10
 -0.00022690   0.01727101    -0.00346704  -0.00129053     0.02085306  -0.01041012
 -0.00210293   0.00700745    -0.00138432   0.00231245     0.00210293  -0.00700745
  0.02085306  -0.01041012     0.00346704   0.00129053    -0.00022690   0.01727101
    6   11
  0.00880539  -0.00264691    -0.00563705   0.00070453    -0.00412766   0.00021105
  0.00842907  -0.00251900    -0.00971263   0.00354337    -0.00842907   0.00251900
 -0.00412766   0.00021105     0.00563705  -0.00070453     0.00880539  -0.00264691
    7    1
  0.02027450  -0.05753428    -0.01969135   0.03257825     0.01969135  -0.03257825
 -0.01969135   0.03257825     0.02027450  -0.05753428     0.01969135  -0.03257825
  0.01969135  -0.03257825     0.01969135  -0.03257825     0.02027450  -0.05753428
    7    2
 -0.00319877   0.00705645     0.01002731  -0.00550772    -0.01002731   0.00550772
  0.01002731  -0.00550772    -0.00319877   0.00705645    -0.01002731   0.00550772
 -0.01002731   0.00550772    -0.01002731   0.00550772    -0.00319877   0.00705645
    7    3
 -0.02223704   0.00303255     0.01185598   0.00187321    -0.01185598  -0.00187321
  0.01185598   0.00187321    -0.02223704   0.00303255    -0.01185598  -0.00187321
 -0.01185598  -0.00187321    -0.01185598  -0.00187321    -0.02223704   0.00303255
    7    4
  0.00880539   0.00264691     0.00412766   0.00021105     0.00563705   0.00070453
  0.00412766   0.00021105     0.00880539   0.00264691     0.00563705   0.00070453
 -0.00842907  -0.00251900    -0.00842907  -0.00251900    -0.00971263  -0.00354337
    7    5
 -0.00022690  -0.01727101    -0.02085306  -0.01041012     0.00346704  -0.00129053
 -0.02085306  -0.01041012    -0.00022690  -0.01727101     0.00346704  -0.00129053
  0.00210293   0.00700745     0.00210293   0.00700745    -0.00138432  -0.00231245
    7    6
  0.00499703   0.00589392     0.01097186   0.00208791    -0.01097186  -0.00208791
  0.01097186   0.00208791     0.00499703   0.00589392    -0.01097186  -0.00208791
 -0.01097186  -0.00208791    -0.01097186  -0.00208791     0.00499703   0.00589392
    7    7
  0.15916527   0.00000000    -0.00306384   0.00000000     0.00306384   0.00000000
 -0.00306384   0.00000000     0.15916527   0.00000000     0.00306384   0.00000000
  0.00306384   0.00000000     0.00306384   0.00000000     0.15916527   0.00000000
    7    8
 -0.00971263  -0.00354337     0.00842907   0.00251900    -0.00842907  -0.00251900
 -0.00563705  -0.00070453     0.00880539   0.00264691    -0.00412766  -0.00021105
  0.00563705   0.00070453    -0.00412766  -0.00021105     0.00880539   0.00264691
    7    9
 -0.00138432  -0.00231245    -0.00210293  -0.00700745     0.00210293   0.00700745
 -0.00346704   0.00129053    -0.00022690  -0.01727101     0.02085306   0.01041012
  0.00346704  -0.00129053     0.02085306   0.01041012    -0.00022690  -0.01727101
    7   10
  0.00880539   0.00264691    -0.00563705  -0.00070453    -0.00412766  -0.00021105
  0.00842907   0.00251900    -0.00971263  -0.00354337    -0.00842907  -0.00251900
 -0.00412766  -0.00021105     0.00563705   0.00070453     0.00880539   0.00264691
    7   11
 -0.00022690  -0.01727101    -0.00346704   0.00129053     0.02085306   0.01041012
 -0.00210293  -0.00700745    -0.00138432  -0.00231245     0.00210293   0.00700745
  0.02085306   0.01041012     0.00346704  -0.00129053    -0.00022690  -0.01727101
    8    1
 -0.05323535  -0.01588184    -0.01909966  -0.00462610     0.01909966   0.00462610
 -0.02104395   0.00223251     0.01840765  -0.06090457     0.04195937  -0.03832829
  0.02104395  -0.00223251     0.04195937  -0.03832829     0.01840765  -0.06090457
    8    2
  0.00472375  -0.01122397     0.00561473  -0.01243138    -0.00561473   0.01243138
 -0.00918055  -0.00103028    -0.02170204  -0.00132074    -0.00899332   0.00166369
  0.00918055   0.00103028    -0.00899332   0.00166369    -0.02170204  -0.00132074
    8    3
  0.01017766   0.00158403     0.01086124   0.00068883    -0.01086124  -0.00068883
  0.00639285  -0.00028523     0.00729527   0.00008701     0.00875109   0.00120985
 -0.00639285   0.00028523     0.00875109   0.00120985     0.00729527   0.00008701
    8    4
 -0.03071108   0.00106090    -0.00409478  -0.00086764    -0.03969302   0.00000000
  0.00454126  -0.00039444     0.00118828   0.00000000     0.00409478  -0.00086764
 -0.03860198  -0.00000000    -0.00454126  -0.00039444    -0.03071108  -0.00106090
    8    5
  0.00938016  -0.00024164     0.00456641   0.00373369     0.00571475  -0.00755197
 -0.00740089   0.00044462    -0.00630693  -0.00205621    -0.00456641  -0.00373369
  0.00359254  -0.00002048     0.00740089  -0.00044462     0.00938016  -0.00024164
    8    6
 -0.00138432  -0.00231245    -0.00346704   0.00129053     0.00346704  -0.00129053
 -0.00210293  -0.00700745    -0.00022690  -0.01727101     0.02085306   0.01041012
  0.00210293   0.00700745     0.02085306   0.01041012    -0.00022690  -0.01727101
    8    7
 -0.00971263   0.00354337    -0.00563705   0.00070453     0.00563705  -0.00070453
  0.00842907  -0.00251900     0.00880539  -0.00264691    -0.00412766   0.00021105
 -0.00842907   0.00251900    -0.00412766   0.00021105     0.00880539  -0.00264691
    8    8
  0.16574919   0.00000000    -0.00488051  -0.00245269     0.00488051   0.00245269
 -0.00488051   0.00245269     0.16071139   0.00000000    -0.00025956  -0.00000000
  0.00488051  -0.00245269    -0.00025956  -0.00000000     0.16071139   0.00000000
    8    9
  0.00375077  -0.00315935    -0.00503663   0.00423996     0.00503663  -0.00423996
 -0.00503663   0.00423996     0.00676716  -0.00110539    -0.00799658   0.00006573
  0.00503663  -0.00423996    -0.00799658   0.00006573     0.00676716  -0.00110539
    8   10
 -0.03071108   0.00106090     0.03969302  -0.00000000     0.00409478   0.00086764
  0.03860198   0.00000000    -0.03071108  -0.00106090    -0.00454126  -0.00039444
 -0.00454126   0.00039444     0.00409478  -0.00086764     0.00118828  -0.00000000
    8   11
  0.00938016  -0.00024164    -0.00571475   0.00755197    -0.00456641  -0.00373369
 -0.00359254   0.00002048     0.00938016  -0.00024164     0.00740089  -0.00044462
  0.00740089  -0.00044462    -0.00456641  -0.00373369    -0.00630693  -0.00205621
    9    1
  0.01286360  -0.05404409     0.00554351  -0.01885384    -0.00554351   0.01885384
  0.01245539  -0.01710834    -0.06194873  -0.01451079    -0.05417296   0.01717374
 -0.01245539   0.01710834    -0.05417296   0.01717374    -0.06194873  -0.01451079
    9    2
  0.01017766  -0.00158403     0.01086124  -0.00068883    -0.01086124   0.00068883
  0.00639285   0.00028523     0.00729527  -0.00008701     0.00875109  -0.00120985
 -0.00639285  -0.00028523     0.00875109  -0.00120985     0.00729527  -0.00008701
    9    3
  0.00472375   0.01122397     0.00561473   0.01243138    -0.00561473  -0.01243138
 -0.00918055   0.00103028    -0.02170204   0.00132074    -0.00899332  -0.00166369
  0.00918055  -0.00103028    -0.00899332  -0.00166369    -0.02170204   0.00132074
    9    4
  0.00938016   0.00024164     0.00456641  -0.00373369     0.00571475   0.00755197
 -0.00740089  -0.00044462    -0.00630693   0.00205621    -0.00456641   0.00373369
  0.00359254   0.00002048     0.00740089   0.00044462     0.00938016   0.00024164
    9    5
 -0.03071108  -0.00106090    -0.00409478   0.00086764    -0.03969302  -0.00000000
  0.00454126   0.00039444     0.00118828   0.00000000     0.00409478   0.00086764
 -0.03860198  -0.00000000    -0.00454126   0.00039444    -0.03071108   0.00106090
    9    6
 -0.00971263  -0.00354337    -0.00563705  -0.00070453     0.00563705   0.00070453
  0.00842907   0.00251900     0.00880539   0.00264691    -0.00412766  -0.00021105
 -0.00842907  -0.00251900    -0.00412766  -0.00021105     0.00880539   0.00264691
    9    7
 -0.00138432   0.00231245    -0.00346704  -0.00129053     0.00346704   0.00129053
 -0.00210293   0.00700745    -0.00022690   0.01727101     0.02085306  -0.01041012
  0.00210293  -0.00700745     0.02085306  -0.01041012    -0.00022690   0.01727101
    9    8
  0.00375077   0.00315935    -0.00503663  -0.00423996     0.00503663   0.00423996
 -0.00503663  -0.00423996     0.00676716   0.00110539    -0.00799658  -0.00006573
  0.00503663   0.00423996    -0.00799658  -0.00006573     0.00676716   0.00110539
    9    9
  0.16574919  -0.00000000    -0.00488051   0.00245269     0.00488051  -0.00245269
 -0.00488051  -0.00245269     0.16071139  -0.00000000    -0.00025956   0.00000000
  0.00488051   0.00245269    -0.00025956   0.00000000     0.16071139  -0.00000000
    9   10
  0.00938016   0.00024164    -0.00571475  -0.00755197    -0.00456641   0.00373369
 -0.00359254  -0.00002048     0.00938016   0.00024164     0.00740089   0.00044462
  0.00740089   0.00044462    -0.00456641   0.00373369    -0.00630693   0.00205621
    9   11
 -0.03071108  -0.00106090     0.03969302   0.00000000     0.00409478  -0.00086764
  0.03860198   0.00000000    -0.03071108   0.00106090    -0.00454126   0.00039444
 -0.00454126  -0.00039444     0.00409478   0.00086764     0.00118828  -0.00000000
   10    1
  0.01840765  -0.06090457    -0.02104395   0.00223251     0.04195937  -0.03832829
 -0.01909966  -0.00462610    -0.05323535  -0.01588184     0.01909966   0.00462610
  0.04195937  -0.03832829     0.02104395  -0.00223251     0.01840765  -0.06090457
   10    2
 -0.02170204  -0.00132074    -0.00918055  -0.00103028    -0.00899332   0.00166369
  0.00561473  -0.01243138     0.00472375  -0.01122397    -0.00561473   0.01243138
 -0.00899332   0.00166369     0.00918055   0.00103028    -0.02170204  -0.00132074
   10    3
  0.00729527   0.00008701     0.00639285  -0.00028523     0.00875109   0.00120985
  0.01086124   0.00068883     0.01017766   0.00158403    -0.01086124  -0.00068883
  0.00875109   0.00120985    -0.00639285   0.00028523     0.00729527   0.00008701
   10    4
  0.00118828   0.00000000     0.00454126  -0.00039444     0.00409478  -0.00086764
 -0.00409478  -0.00086764    -0.03071108   0.00106090    -0.03969302   0.00000000
 -0.00454126  -0.00039444    -0.03860198  -0.00000000    -0.03071108  -0.00106090
   10    5
 -0.00630693  -0.00205621    -0.00740089   0.00044462    -0.00456641  -0.00373369
  0.00456641   0.00373369     0.00938016  -0.00024164     0.00571475  -0.00755197
  0.00740089  -0.00044462     0.00359254  -0.00002048     0.00938016  -0.00024164
   10    6
 -0.00022690  -0.01727101    -0.00210293  -0.00700745     0.02085306   0.01041012
 -0.00346704   0.00129053    -0.00138432  -0.00231245     0.00346704  -0.00129053
  0.02085306   0.01041012     0.00210293   0.00700745    -0.00022690  -0.01727101
   10    7
  0.00880539  -0.00264691     0.00842907  -0.00251900    -0.00412766   0.00021105
 -0.00563705   0.00070453    -0.00971263   0.00354337     0.00563705  -0.00070453
 -0.00412766   0.00021105    -0.00842907   0.00251900     0.00880539  -0.00264691
   10    8
 -0.03071108  -0.00106090     0.03860198   0.00000000    -0.00454126  -0.00039444
  0.03969302  -0.00000000    -0.03071108   0.00106090     0.00409478   0.00086764
  0.00409478  -0.00086764    -0.00454126   0.00039444     0.00118828  -0.00000000
   10    9
  0.00938016  -0.00024164    -0.00359254   0.00002048     0.00740089  -0.00044462
 -0.00571475   0.00755197     0.00938016  -0.00024164    -0.00456641  -0.00373369
 -0.00456641  -0.00373369     0.00740089  -0.00044462    -0.00630693  -0.00205621
   10   10
  0.16071139   0.00000000    -0.00488051   0.00245269    -0.00025956  -0.00000000
 -0.00488051  -0.00245269     0.16574919  -0.00000000     0.00488051   0.00245269
 -0.00025956  -0.00000000     0.00488051  -0.00245269     0.16071139   0.00000000
   10   11
  0.00676716  -0.00110539    -0.00503663   0.00423996    -0.00799658   0.00006573
 -0.00503663   0.00423996     0.00375077  -0.00315935     0.00503663  -0.00423996
 -0.00799658   0.00006573     0.00503663  -0.00423996     0.00676716  -0.00110539
   11    1
 -0.06194873  -0.01451079     0.01245539  -0.01710834    -0.05417296   0.01717374
  0.00554351  -0.01885384     0.01286360  -0.05404409    -0.00554351   0.01885384
 -0.05417296   0.01717374    -0.01245539   0.01710834    -0.06194873  -0.01451079
   11    2
  0.00729527  -0.00008701     0.00639285   0.00028523     0.00875109  -0.00120985
  0.01086124  -0.00068883     0.01017766  -0.00158403    -0.01086124   0.00068883
  0.00875109  -0.00120985    -0.00639285  -0.00028523     0.00729527  -0.00008701
   11    3
 -0.02170204   0.00132074    -0.00918055   0.00103028    -0.00899332  -0.00166369
  0.00561473   0.01243138     0.00472375   0.01122397    -0.00561473  -0.01243138
 -0.00899332  -0.00166369     0.00918055  -0.00103028    -0.02170204   0.00132074
   11    4
 -0.00630693   0.00205621    -0.00740089  -0.00044462    -0.00456641   0.00373369
  0.00456641  -0.00373369     0.00938016   0.00024164     0.00571475   0.00755197
  0.00740089   0.00044462     0.00359254   0.00002048     0.00938016   0.00024164
   11    5
  0.00118828   0.00000000     0.00454126   0.00039444     0.00409478   0.00086764
 -0.00409478   0.00086764    -0.03071108  -0.00106090    -0.03969302  -0.00000000
 -0.00454126   0.00039444    -0.03860198  -0.00000000    -0.03071108   0.00106090
   11    6
  0.00880539   0.00264691     0.00842907   0.00251900    -0.00412766  -0.00021105
 -0.00563705  -0.00070453    -0.00971263  -0.00354337     0.00563705   0.00070453
 -0.00412766  -0.00021105    -0.00842907  -0.00251900     0.00880539   0.00264691
   11    7
 -0.00022690   0.01727101    -0.00210293   0.00700745     0.02085306  -0.01041012
 -0.00346704  -0.00129053    -0.00138432   0.00231245     0.00346704   0.00129053
  0.02085306  -0.01041012     0.00210293  -0.00700745    -0.00022690   0.01727101
   11    8
  0.00938016   0.00024164    -0.00359254  -0.00002048     0.00740089   0.00044462
 -0.00571475  -0.00755197     0.00938016   0.00024164    -0.00456641   0.00373369
 -0.00456641   0.00373369     0.00740089   0.00044462    -0.00630693   0.00205621
   11    9
 -0.03071108   0.00106090     0.03860198  -0.00000000    -0.00454126   0.00039444
  0.03969302  -0.00000000    -0.03071108  -0.00106090     0.00409478  -0.00086764
  0.00409478   0.00086764    -0.00454126  -0.00039444     0.00118828   0.00000000
   11   10
  0.00676716   0.00110539    -0.00503663  -0.00423996    -0.00799658  -0.00006573
 -0.00503663  -0.00423996     0.00375077   0.00315935     0.00503663   0.00423996
 -0.00799658  -0.00006573     0.00503663   0.00423996     0.00676716   0.00110539
   11   11
  0.16071139  -0.00000000    -0.00488051  -0.00245269    -0.00025956   0.00000000
 -0.00488051   0.00245269     0.16574919   0.00000000     0.00488051  -0.00245269
 -0.00025956   0.00000000     0.00488051   0.00245269     0.16071139  -0.00000000

     Dynamical  Matrix in cartesian axes

     q = (    0.235702260  -0.235702260  -0.235702260 ) 

    1    1
  0.97620523   0.00000000    -0.03631405   0.00000000    -0.03631405   0.00000000
 -0.03631405   0.00000000     0.97620523   0.00000000     0.03631405   0.00000000
 -0.03631405   0.00000000     0.03631405   0.00000000     0.97620523   0.00000000
    1    2
 -0.04243810  -0.00775340    -0.03643305   0.02468880    -0.03643305   0.02468880
 -0.03643305   0.02468880    -0.04243810  -0.00775340     0.03643305  -0.02468880
 -0.03643305   0.02468880     0.03643305  -0.02468880    -0.04243810  -0.00775340
    1    3
  0.01450441  -0.04062917     0.03959765  -0.01920755     0.03959765  -0.01920755
  0.03959765  -0.01920755     0.01450441  -0.04062917    -0.03959765   0.01920755
  0.03959765  -0.01920755    -0.03959765   0.01920755     0.01450441  -0.04062917
    1    4
 -0.05323535  -0.01588184     0.02104395  -0.00223251     0.02104395  -0.00223251
  0.01909966   0.00462610     0.01840765  -0.06090457    -0.04195937   0.03832829
  0.01909966   0.00462610    -0.04195937   0.03832829     0.01840765  -0.06090457
    1    5
  0.01286360  -0.05404409    -0.01245539   0.01710834    -0.01245539   0.01710834
 -0.00554351   0.01885384    -0.06194873  -0.01451079     0.05417296  -0.01717374
 -0.00554351   0.01885384     0.05417296  -0.01717374    -0.06194873  -0.01451079
    1    6
  0.01840765  -0.06090457     0.01909966   0.00462610     0.04195937  -0.03832829
  0.02104395  -0.00223251    -0.05323535  -0.01588184    -0.02104395   0.00223251
  0.04195937  -0.03832829    -0.01909966  -0.00462610     0.01840765  -0.06090457
    1    7
 -0.06194873  -0.01451079    -0.00554351   0.01885384    -0.05417296   0.01717374
 -0.01245539   0.01710834     0.01286360  -0.05404409     0.01245539  -0.01710834
 -0.05417296   0.01717374     0.00554351  -0.01885384    -0.06194873  -0.01451079
    1    8
  0.01840765  -0.06090457     0.04195937  -0.03832829     0.01909966   0.00462610
  0.04195937  -0.03832829     0.01840765  -0.06090457    -0.01909966  -0.00462610
  0.02104395  -0.00223251    -0.02104395   0.00223251    -0.05323535  -0.01588184
    1    9
 -0.06194873  -0.01451079    -0.05417296   0.01717374    -0.00554351   0.01885384
 -0.05417296   0.01717374    -0.06194873  -0.01451079     0.00554351  -0.01885384
 -0.01245539   0.01710834     0.01245539  -0.01710834     0.01286360  -0.05404409
    1   10
 -0.05996340  -0.01120891    -0.03805927   0.00076408    -0.03805927   0.00076408
 -0.03805927   0.00076408    -0.05996340  -0.01120891     0.03805927  -0.00076408
 -0.03805927   0.00076408     0.03805927  -0.00076408    -0.05996340  -0.01120891
    1   11
  0.02027450  -0.05753428     0.01969135  -0.03257825     0.01969135  -0.03257825
  0.01969135  -0.03257825     0.02027450  -0.05753428    -0.01969135   0.03257825
  0.01969135  -0.03257825    -0.01969135   0.03257825     0.02027450  -0.05753428
    2    1
 -0.04243810   0.00775340    -0.03643305  -0.02468880    -0.03643305  -0.02468880
 -0.03643305  -0.02468880    -0.04243810   0.00775340     0.03643305   0.02468880
 -0.03643305  -0.02468880     0.03643305   0.02468880    -0.04243810   0.00775340
    2    2
  0.09987947   0.00000000    -0.00230962   0.00000000    -0.00230962   0.00000000
 -0.00230962   0.00000000     0.09987947   0.00000000     0.00230962   0.00000000
 -0.00230962   0.00000000     0.00230962   0.00000000     0.09987947   0.00000000
    2    3
  0.00383183   0.00431113     0.00109683   0.00014518     0.00109683   0.00014518
  0.00109683   0.00014518     0.00383183   0.00431113    -0.00109683  -0.00014518
  0.00109683   0.00014518    -0.00109683  -0.00014518     0.00383183   0.00431113
    2    4
  0.00472375  -0.01122397     0.00918055   0.00103028     0.00918055   0.00103028
 -0.00561473   0.01243138    -0.02170204  -0.00132074     0.00899332  -0.00166369
 -0.00561473   0.01243138     0.00899332  -0.00166369    -0.02170204  -0.00132074
    2    5
  0.01017766  -0.00158403    -0.00639285  -0.00028523    -0.00639285  -0.00028523
 -0.01086124   0.00068883     0.00729527  -0.00008701    -0.00875109   0.00120985
 -0.01086124   0.00068883    -0.00875109   0.00120985     0.00729527  -0.00008701
    2    6
 -0.02170204  -0.00132074    -0.00561473   0.01243138    -0.00899332   0.00166369
  0.00918055   0.00103028     0.00472375  -0.01122397    -0.00918055  -0.00103028
 -0.00899332   0.00166369     0.00561473  -0.01243138    -0.02170204  -0.00132074
    2    7
  0.00729527  -0.00008701    -0.01086124   0.00068883     0.00875109  -0.00120985
 -0.00639285  -0.00028523     0.01017766  -0.00158403     0.00639285   0.00028523
  0.00875109  -0.00120985     0.01086124  -0.00068883     0.00729527  -0.00008701
    2    8
 -0.02170204  -0.00132074    -0.00899332   0.00166369    -0.00561473   0.01243138
 -0.00899332   0.00166369    -0.02170204  -0.00132074     0.00561473  -0.01243138
  0.00918055   0.00103028    -0.00918055  -0.00103028     0.00472375  -0.01122397
    2    9
  0.00729527  -0.00008701     0.00875109  -0.00120985    -0.01086124   0.00068883
  0.00875109  -0.00120985     0.00729527  -0.00008701     0.01086124  -0.00068883
 -0.00639285  -0.00028523     0.00639285   0.00028523     0.01017766  -0.00158403
    2   10
 -0.02223704  -0.00303255    -0.01185598   0.00187321    -0.01185598   0.00187321
 -0.01185598   0.00187321    -0.02223704  -0.00303255     0.01185598  -0.00187321
 -0.01185598   0.00187321     0.01185598  -0.00187321    -0.02223704  -0.00303255
    2   11
 -0.00319877   0.00705645    -0.01002731   0.00550772    -0.01002731   0.00550772
 -0.01002731   0.00550772    -0.00319877   0.00705645     0.01002731  -0.00550772
 -0.01002731   0.00550772     0.01002731  -0.00550772    -0.00319877   0.00705645
    3    1
  0.01450441   0.04062917     0.03959765   0.01920755     0.03959765   0.01920755
  0.03959765   0.01920755     0.01450441   0.04062917    -0.03959765  -0.01920755
  0.03959765   0.01920755    -0.03959765  -0.01920755     0.01450441   0.04062917
    3    2
  0.00383183  -0.00431113     0.00109683  -0.00014518     0.00109683  -0.00014518
  0.00109683  -0.00014518     0.00383183  -0.00431113    -0.00109683   0.00014518
  0.00109683  -0.00014518    -0.00109683   0.00014518     0.00383183  -0.00431113
    3    3
  0.09987947   0.00000000    -0.00230962   0.00000000    -0.00230962   0.00000000
 -0.00230962   0.00000000     0.09987947   0.00000000     0.00230962   0.00000000
 -0.00230962   0.00000000     0.00230962   0.00000000     0.09987947   0.00000000
    3    4
  0.01017766   0.00158403    -0.00639285   0.00028523    -0.00639285   0.00028523
 -0.01086124  -0.00068883     0.00729527   0.00008701    -0.00875109  -0.00120985
 -0.01086124  -0.00068883    -0.00875109  -0.00120985     0.00729527   0.00008701
    3    5
  0.00472375   0.01122397     0.00918055  -0.00103028     0.00918055  -0.00103028
 -0.00561473  -0.01243138    -0.02170204   0.00132074     0.00899332   0.00166369
 -0.00561473  -0.01243138     0.00899332   0.00166369    -0.02170204   0.00132074
    3    6
  0.00729527   0.00008701    -0.01086124  -0.00068883     0.00875109   0.00120985
 -0.00639285   0.00028523     0.01017766   0.00158403     0.00639285  -0.00028523
  0.00875109   0.00120985     0.01086124   0.00068883     0.00729527   0.00008701
    3    7
 -0.02170204   0.00132074    -0.00561473  -0.01243138    -0.00899332  -0.00166369
  0.00918055  -0.00103028     0.00472375   0.01122397    -0.00918055   0.00103028
 -0.00899332  -0.00166369     0.00561473   0.01243138    -0.02170204   0.00132074
    3    8
  0.00729527   0.00008701     0.00875109   0.00120985    -0.01086124  -0.00068883
