Dynamical matrix file
Electron-phonon coefficients for La1H10                                    
  2   11   0   6.4715904   0.0000000   0.0000000   0.0000000   0.0000000   0.0000000
Basis vectors
      0.000000000    0.707106781    0.707106781
      0.707106781    0.000000000    0.707106781
      0.707106781    0.707106781    0.000000000
           1  'La     '    126604.590967802     
           2  'H      '    918.681110398939     
    1    1      0.0000000000      0.0000000000      0.0000000000
    2    2      0.3535533906      0.3535533906      0.3535533906
    3    2      1.0606601718      1.0606601718      1.0606601718
    4    2      0.8776865653      0.8776865653      0.8776865653
    5    2      0.5365269970      0.5365269970      0.5365269970
    6    2      0.5365269971      0.5365269971      0.8776865653
    7    2      0.8776865653      0.8776865653      0.5365269970
    8    2      0.5365269971      0.8776865653      0.5365269971
    9    2      0.8776865653      0.5365269970      0.8776865653
   10    2      0.8776865653      0.5365269971      0.5365269971
   11    2      0.5365269970      0.8776865653      0.8776865653

     Dynamical  Matrix in cartesian axes

     q = (   -0.707106781   0.000000000   0.000000000 ) 

    1    1
  1.24613253   0.00000000    -0.00000000   0.00000000     0.00000000   0.00000000
 -0.00000000   0.00000000     1.06832050   0.00000000    -0.00000000   0.00000000
 -0.00000000   0.00000000    -0.00000000   0.00000000     1.06832050   0.00000000
    1    2
  0.00000000  -0.00000000    -0.00000000  -0.00000000     0.00000000  -0.00000000
 -0.00000000  -0.00000000     0.00000000  -0.00000000    -0.11103220   0.00000000
  0.00000000  -0.00000000    -0.11103220   0.00000000    -0.00000000  -0.00000000
    1    3
  0.00000000   0.00000000    -0.00000000   0.00000000    -0.00000000  -0.00000000
 -0.00000000   0.00000000     0.00000000   0.00000000    -0.11103220   0.00000000
 -0.00000000   0.00000000    -0.11103220   0.00000000     0.00000000   0.00000000
    1    4
 -0.09241928  -0.00000000     0.01304668   0.00000000     0.01304668   0.00000000
 -0.00414827  -0.00000000     0.08302794   0.00000000    -0.06730595  -0.00000000
 -0.00414827  -0.00000000    -0.06730595  -0.00000000     0.08302794   0.00000000
    1    5
 -0.09241928   0.00000000     0.01304668  -0.00000000     0.01304668  -0.00000000
 -0.00414827   0.00000000     0.08302794  -0.00000000    -0.06730595   0.00000000
 -0.00414827   0.00000000    -0.06730595   0.00000000     0.08302794  -0.00000000
    1    6
 -0.09241928  -0.00000000     0.01304668   0.00000000    -0.01304668  -0.00000000
 -0.00414827  -0.00000000     0.08302794   0.00000000     0.06730595   0.00000000
  0.00414827   0.00000000     0.06730595   0.00000000     0.08302794   0.00000000
    1    7
 -0.09241928   0.00000000     0.01304668  -0.00000000    -0.01304668   0.00000000
 -0.00414827   0.00000000     0.08302794  -0.00000000     0.06730595  -0.00000000
  0.00414827  -0.00000000     0.06730595  -0.00000000     0.08302794  -0.00000000
    1    8
 -0.09241928  -0.00000000    -0.01304668  -0.00000000     0.01304668   0.00000000
  0.00414827   0.00000000     0.08302794   0.00000000     0.06730595   0.00000000
 -0.00414827  -0.00000000     0.06730595   0.00000000     0.08302794   0.00000000
    1    9
 -0.09241928   0.00000000    -0.01304668   0.00000000     0.01304668  -0.00000000
  0.00414827  -0.00000000     0.08302794  -0.00000000     0.06730595  -0.00000000
 -0.00414827   0.00000000     0.06730595  -0.00000000     0.08302794  -0.00000000
    1   10
 -0.09241928  -0.00000000    -0.01304668  -0.00000000    -0.01304668  -0.00000000
  0.00414827   0.00000000     0.08302794   0.00000000    -0.06730595  -0.00000000
  0.00414827   0.00000000    -0.06730595  -0.00000000     0.08302794   0.00000000
    1   11
 -0.09241928   0.00000000    -0.01304668   0.00000000    -0.01304668   0.00000000
  0.00414827  -0.00000000     0.08302794  -0.00000000    -0.06730595   0.00000000
  0.00414827  -0.00000000    -0.06730595   0.00000000     0.08302794  -0.00000000
    2    1
  0.00000000   0.00000000     0.00000000   0.00000000    -0.00000000  -0.00000000
 -0.00000000   0.00000000     0.00000000   0.00000000    -0.11103220  -0.00000000
 -0.00000000   0.00000000    -0.11103220  -0.00000000     0.00000000   0.00000000
    2    2
  0.12666570   0.00000000     0.00000000   0.00000000    -0.00000000   0.00000000
  0.00000000   0.00000000     0.10307387   0.00000000     0.00000000   0.00000000
 -0.00000000   0.00000000     0.00000000   0.00000000     0.10307387   0.00000000
    2    3
 -0.01499080   0.00000000     0.00000000   0.00000000     0.00000000  -0.00000000
  0.00000000   0.00000000    -0.00097124   0.00000000    -0.00000000   0.00000000
  0.00000000   0.00000000    -0.00000000   0.00000000    -0.00097124   0.00000000
    2    4
 -0.01448619  -0.00000000    -0.00898640  -0.00000000    -0.00898640  -0.00000000
  0.00814547   0.00000000     0.01827523   0.00000000    -0.01434754  -0.00000000
  0.00814547   0.00000000    -0.01434754  -0.00000000     0.01827523   0.00000000
    2    5
 -0.00272855   0.00000000    -0.01629962   0.00000000    -0.01629962   0.00000000
 -0.00821348   0.00000000     0.01002693  -0.00000000    -0.00929237   0.00000000
 -0.00821348   0.00000000    -0.00929237   0.00000000     0.01002693  -0.00000000
    2    6
  0.01448619   0.00000000     0.00898640   0.00000000    -0.00898640  -0.00000000
 -0.00814547  -0.00000000    -0.01827523  -0.00000000    -0.01434754  -0.00000000
  0.00814547   0.00000000    -0.01434754  -0.00000000    -0.01827523  -0.00000000
    2    7
  0.00272855  -0.00000000     0.01629962  -0.00000000    -0.01629962   0.00000000
  0.00821348  -0.00000000    -0.01002693   0.00000000    -0.00929237   0.00000000
 -0.00821348   0.00000000    -0.00929237   0.00000000    -0.01002693   0.00000000
    2    8
  0.01448619   0.00000000    -0.00898640  -0.00000000     0.00898640   0.00000000
  0.00814547   0.00000000    -0.01827523  -0.00000000    -0.01434754  -0.00000000
 -0.00814547  -0.00000000    -0.01434754  -0.00000000    -0.01827523  -0.00000000
    2    9
  0.00272855  -0.00000000    -0.01629962   0.00000000     0.01629962  -0.00000000
 -0.00821348   0.00000000    -0.01002693   0.00000000    -0.00929237   0.00000000
  0.00821348  -0.00000000    -0.00929237   0.00000000    -0.01002693   0.00000000
    2   10
 -0.01448619  -0.00000000     0.00898640   0.00000000     0.00898640   0.00000000
 -0.00814547  -0.00000000     0.01827523   0.00000000    -0.01434754  -0.00000000
 -0.00814547  -0.00000000    -0.01434754  -0.00000000     0.01827523   0.00000000
    2   11
 -0.00272855   0.00000000     0.01629962  -0.00000000     0.01629962  -0.00000000
  0.00821348  -0.00000000     0.01002693  -0.00000000    -0.00929237   0.00000000
  0.00821348  -0.00000000    -0.00929237   0.00000000     0.01002693  -0.00000000
    3    1
  0.00000000  -0.00000000     0.00000000   0.00000000     0.00000000  -0.00000000
  0.00000000  -0.00000000     0.00000000  -0.00000000    -0.11103220  -0.00000000
 -0.00000000   0.00000000    -0.11103220  -0.00000000    -0.00000000   0.00000000
    3    2
 -0.01499080  -0.00000000     0.00000000   0.00000000     0.00000000   0.00000000
  0.00000000   0.00000000    -0.00097124  -0.00000000    -0.00000000   0.00000000
  0.00000000   0.00000000    -0.00000000   0.00000000    -0.00097124  -0.00000000
    3    3
  0.12666570   0.00000000    -0.00000000   0.00000000    -0.00000000   0.00000000
 -0.00000000   0.00000000     0.10307387   0.00000000     0.00000000   0.00000000
  0.00000000   0.00000000     0.00000000   0.00000000     0.10307387   0.00000000
    3    4
 -0.00272855  -0.00000000    -0.01629962  -0.00000000    -0.01629962  -0.00000000
 -0.00821348  -0.00000000     0.01002693   0.00000000    -0.00929237  -0.00000000
 -0.00821348  -0.00000000    -0.00929237  -0.00000000     0.01002693   0.00000000
    3    5
 -0.01448619   0.00000000    -0.00898640   0.00000000    -0.00898640   0.00000000
  0.00814547  -0.00000000     0.01827523  -0.00000000    -0.01434754   0.00000000
  0.00814547  -0.00000000    -0.01434754   0.00000000     0.01827523  -0.00000000
    3    6
  0.00272855   0.00000000     0.01629962   0.00000000    -0.01629962  -0.00000000
  0.00821348   0.00000000    -0.01002693  -0.00000000    -0.00929237  -0.00000000
 -0.00821348  -0.00000000    -0.00929237  -0.00000000    -0.01002693  -0.00000000
    3    7
  0.01448619  -0.00000000     0.00898640  -0.00000000    -0.00898640   0.00000000
 -0.00814547   0.00000000    -0.01827523   0.00000000    -0.01434754   0.00000000
  0.00814547  -0.00000000    -0.01434754   0.00000000    -0.01827523   0.00000000
    3    8
  0.00272855   0.00000000    -0.01629962  -0.00000000     0.01629962   0.00000000
 -0.00821348  -0.00000000    -0.01002693  -0.00000000    -0.00929237  -0.00000000
  0.00821348   0.00000000    -0.00929237  -0.00000000    -0.01002693  -0.00000000
    3    9
  0.01448619  -0.00000000    -0.00898640   0.00000000     0.00898640  -0.00000000
  0.00814547  -0.00000000    -0.01827523   0.00000000    -0.01434754   0.00000000
 -0.00814547   0.00000000    -0.01434754   0.00000000    -0.01827523   0.00000000
    3   10
 -0.00272855  -0.00000000     0.01629962   0.00000000     0.01629962   0.00000000
  0.00821348   0.00000000     0.01002693   0.00000000    -0.00929237  -0.00000000
  0.00821348   0.00000000    -0.00929237  -0.00000000     0.01002693   0.00000000
    3   11
 -0.01448619   0.00000000     0.00898640  -0.00000000     0.00898640  -0.00000000
 -0.00814547   0.00000000     0.01827523  -0.00000000    -0.01434754   0.00000000
 -0.00814547   0.00000000    -0.01434754   0.00000000     0.01827523  -0.00000000
    4    1
 -0.09241928   0.00000000    -0.00414827   0.00000000    -0.00414827   0.00000000
  0.01304668  -0.00000000     0.08302794  -0.00000000    -0.06730595   0.00000000
  0.01304668  -0.00000000    -0.06730595   0.00000000     0.08302794  -0.00000000
    4    2
 -0.01448619   0.00000000     0.00814547  -0.00000000     0.00814547  -0.00000000
 -0.00898640   0.00000000     0.01827523  -0.00000000    -0.01434754   0.00000000
 -0.00898640   0.00000000    -0.01434754   0.00000000     0.01827523  -0.00000000
    4    3
 -0.00272855   0.00000000    -0.00821348   0.00000000    -0.00821348   0.00000000
 -0.01629962   0.00000000     0.01002693  -0.00000000    -0.00929237   0.00000000
 -0.01629962   0.00000000    -0.00929237   0.00000000     0.01002693  -0.00000000
    4    4
  0.16642985   0.00000000    -0.00089736   0.00000000    -0.00089736   0.00000000
 -0.00089736   0.00000000     0.16658459   0.00000000     0.00002197   0.00000000
 -0.00089736   0.00000000     0.00002197   0.00000000     0.16658459   0.00000000
    4    5
 -0.00192191   0.00000000     0.00208294  -0.00000000     0.00208294  -0.00000000
  0.00208294  -0.00000000     0.00047299  -0.00000000     0.00574278  -0.00000000
  0.00208294  -0.00000000     0.00574278  -0.00000000     0.00047299  -0.00000000
    4    6
 -0.00411513  -0.00000000    -0.01301193  -0.00000000     0.00090535   0.00000000
 -0.01301193  -0.00000000     0.00361770   0.00000000    -0.00030105  -0.00000000
 -0.00090535  -0.00000000     0.00030105   0.00000000    -0.00413585  -0.00000000
    4    7
  0.01025333  -0.00000000     0.00718825  -0.00000000    -0.00577200   0.00000000
  0.00718825  -0.00000000     0.01557809  -0.00000000    -0.00565121   0.00000000
  0.00577200  -0.00000000     0.00565121  -0.00000000    -0.00981989   0.00000000
    4    8
 -0.00411513  -0.00000000     0.00090535   0.00000000    -0.01301193  -0.00000000
 -0.00090535  -0.00000000    -0.00413585  -0.00000000     0.00030105   0.00000000
 -0.01301193  -0.00000000    -0.00030105  -0.00000000     0.00361770   0.00000000
    4    9
  0.01025333  -0.00000000    -0.00577200   0.00000000     0.00718825  -0.00000000
  0.00577200  -0.00000000    -0.00981989   0.00000000     0.00565121  -0.00000000
  0.00718825  -0.00000000    -0.00565121   0.00000000     0.01557809  -0.00000000
    4   10
  0.01022721   0.00000000    -0.00754542   0.00000000    -0.00754542   0.00000000
  0.00754542   0.00000000    -0.03691007   0.00000000    -0.04212951   0.00000000
  0.00754542   0.00000000    -0.04212951   0.00000000    -0.03691007   0.00000000
    4   11
 -0.00882121   0.00000000     0.00385932  -0.00000000     0.00385932  -0.00000000
 -0.00385932   0.00000000     0.00236561  -0.00000000     0.01039499  -0.00000000
 -0.00385932   0.00000000     0.01039499  -0.00000000     0.00236561  -0.00000000
    5    1
 -0.09241928  -0.00000000    -0.00414827  -0.00000000    -0.00414827  -0.00000000
  0.01304668   0.00000000     0.08302794   0.00000000    -0.06730595  -0.00000000
  0.01304668   0.00000000    -0.06730595  -0.00000000     0.08302794   0.00000000
    5    2
 -0.00272855  -0.00000000    -0.00821348  -0.00000000    -0.00821348  -0.00000000
 -0.01629962  -0.00000000     0.01002693   0.00000000    -0.00929237  -0.00000000
 -0.01629962  -0.00000000    -0.00929237  -0.00000000     0.01002693   0.00000000
    5    3
 -0.01448619  -0.00000000     0.00814547   0.00000000     0.00814547   0.00000000
 -0.00898640  -0.00000000     0.01827523   0.00000000    -0.01434754  -0.00000000
 -0.00898640  -0.00000000    -0.01434754  -0.00000000     0.01827523   0.00000000
    5    4
 -0.00192191  -0.00000000     0.00208294   0.00000000     0.00208294   0.00000000
  0.00208294   0.00000000     0.00047299   0.00000000     0.00574278   0.00000000
  0.00208294   0.00000000     0.00574278   0.00000000     0.00047299   0.00000000
    5    5
  0.16642985   0.00000000    -0.00089736   0.00000000    -0.00089736   0.00000000
 -0.00089736   0.00000000     0.16658459   0.00000000     0.00002197   0.00000000
 -0.00089736   0.00000000     0.00002197   0.00000000     0.16658459   0.00000000
    5    6
  0.01025333   0.00000000     0.00718825   0.00000000    -0.00577200  -0.00000000
  0.00718825   0.00000000     0.01557809   0.00000000    -0.00565121  -0.00000000
  0.00577200   0.00000000     0.00565121   0.00000000    -0.00981989  -0.00000000
    5    7
 -0.00411513   0.00000000    -0.01301193   0.00000000     0.00090535  -0.00000000
 -0.01301193   0.00000000     0.00361770  -0.00000000    -0.00030105   0.00000000
 -0.00090535   0.00000000     0.00030105  -0.00000000    -0.00413585   0.00000000
    5    8
  0.01025333   0.00000000    -0.00577200  -0.00000000     0.00718825   0.00000000
  0.00577200   0.00000000    -0.00981989  -0.00000000     0.00565121   0.00000000
  0.00718825   0.00000000    -0.00565121  -0.00000000     0.01557809   0.00000000
    5    9
 -0.00411513   0.00000000     0.00090535  -0.00000000    -0.01301193   0.00000000
 -0.00090535   0.00000000    -0.00413585   0.00000000     0.00030105  -0.00000000
 -0.01301193   0.00000000    -0.00030105   0.00000000     0.00361770  -0.00000000
    5   10
 -0.00882121  -0.00000000     0.00385932   0.00000000     0.00385932   0.00000000
 -0.00385932  -0.00000000     0.00236561   0.00000000     0.01039499   0.00000000
 -0.00385932  -0.00000000     0.01039499   0.00000000     0.00236561   0.00000000
    5   11
  0.01022721   0.00000000    -0.00754542   0.00000000    -0.00754542   0.00000000
  0.00754542   0.00000000    -0.03691007   0.00000000    -0.04212951   0.00000000
  0.00754542   0.00000000    -0.04212951   0.00000000    -0.03691007   0.00000000
    6    1
 -0.09241928   0.00000000    -0.00414827   0.00000000     0.00414827  -0.00000000
  0.01304668  -0.00000000     0.08302794  -0.00000000     0.06730595  -0.00000000
 -0.01304668   0.00000000     0.06730595  -0.00000000     0.08302794  -0.00000000
    6    2
  0.01448619  -0.00000000    -0.00814547   0.00000000     0.00814547  -0.00000000
  0.00898640  -0.00000000    -0.01827523   0.00000000    -0.01434754   0.00000000
 -0.00898640   0.00000000    -0.01434754   0.00000000    -0.01827523   0.00000000
    6    3
  0.00272855  -0.00000000     0.00821348  -0.00000000    -0.00821348   0.00000000
  0.01629962  -0.00000000    -0.01002693   0.00000000    -0.00929237   0.00000000
 -0.01629962   0.00000000    -0.00929237   0.00000000    -0.01002693   0.00000000
    6    4
 -0.00411513   0.00000000    -0.01301193   0.00000000    -0.00090535   0.00000000
 -0.01301193   0.00000000     0.00361770  -0.00000000     0.00030105  -0.00000000
  0.00090535  -0.00000000    -0.00030105   0.00000000    -0.00413585   0.00000000
    6    5
  0.01025333  -0.00000000     0.00718825  -0.00000000     0.00577200  -0.00000000
  0.00718825  -0.00000000     0.01557809  -0.00000000     0.00565121  -0.00000000
 -0.00577200   0.00000000    -0.00565121   0.00000000    -0.00981989   0.00000000
    6    6
  0.16642985   0.00000000    -0.00089736   0.00000000     0.00089736   0.00000000
 -0.00089736   0.00000000     0.16658459   0.00000000    -0.00002197   0.00000000
  0.00089736   0.00000000    -0.00002197   0.00000000     0.16658459   0.00000000
    6    7
 -0.00192191   0.00000000     0.00208294  -0.00000000    -0.00208294   0.00000000
  0.00208294  -0.00000000     0.00047299  -0.00000000    -0.00574278   0.00000000
 -0.00208294   0.00000000    -0.00574278   0.00000000     0.00047299  -0.00000000
    6    8
  0.01022721  -0.00000000    -0.00754542   0.00000000     0.00754542  -0.00000000
  0.00754542   0.00000000    -0.03691007  -0.00000000     0.04212951   0.00000000
 -0.00754542  -0.00000000     0.04212951   0.00000000    -0.03691007  -0.00000000
    6    9
 -0.00882121   0.00000000     0.00385932  -0.00000000    -0.00385932   0.00000000
 -0.00385932   0.00000000     0.00236561  -0.00000000    -0.01039499   0.00000000
  0.00385932  -0.00000000    -0.01039499   0.00000000     0.00236561  -0.00000000
    6   10
 -0.00411513   0.00000000     0.00090535  -0.00000000     0.01301193  -0.00000000
 -0.00090535   0.00000000    -0.00413585   0.00000000    -0.00030105   0.00000000
  0.01301193  -0.00000000     0.00030105  -0.00000000     0.00361770  -0.00000000
    6   11
  0.01025333  -0.00000000    -0.00577200   0.00000000    -0.00718825   0.00000000
  0.00577200  -0.00000000    -0.00981989   0.00000000    -0.00565121   0.00000000
 -0.00718825   0.00000000     0.00565121  -0.00000000     0.01557809  -0.00000000
    7    1
 -0.09241928  -0.00000000    -0.00414827  -0.00000000     0.00414827   0.00000000
  0.01304668   0.00000000     0.08302794   0.00000000     0.06730595   0.00000000
 -0.01304668  -0.00000000     0.06730595   0.00000000     0.08302794   0.00000000
    7    2
  0.00272855   0.00000000     0.00821348   0.00000000    -0.00821348  -0.00000000
  0.01629962   0.00000000    -0.01002693  -0.00000000    -0.00929237  -0.00000000
 -0.01629962  -0.00000000    -0.00929237  -0.00000000    -0.01002693  -0.00000000
    7    3
  0.01448619   0.00000000    -0.00814547  -0.00000000     0.00814547   0.00000000
  0.00898640   0.00000000    -0.01827523  -0.00000000    -0.01434754  -0.00000000
 -0.00898640  -0.00000000    -0.01434754  -0.00000000    -0.01827523  -0.00000000
    7    4
  0.01025333   0.00000000     0.00718825   0.00000000     0.00577200   0.00000000
  0.00718825   0.00000000     0.01557809   0.00000000     0.00565121   0.00000000
 -0.00577200  -0.00000000    -0.00565121  -0.00000000    -0.00981989  -0.00000000
    7    5
 -0.00411513  -0.00000000    -0.01301193  -0.00000000    -0.00090535  -0.00000000
 -0.01301193  -0.00000000     0.00361770   0.00000000     0.00030105   0.00000000
  0.00090535   0.00000000    -0.00030105  -0.00000000    -0.00413585  -0.00000000
    7    6
 -0.00192191  -0.00000000     0.00208294   0.00000000    -0.00208294  -0.00000000
  0.00208294   0.00000000     0.00047299   0.00000000    -0.00574278  -0.00000000
 -0.00208294  -0.00000000    -0.00574278  -0.00000000     0.00047299   0.00000000
    7    7
  0.16642985   0.00000000    -0.00089736   0.00000000     0.00089736   0.00000000
 -0.00089736   0.00000000     0.16658459   0.00000000    -0.00002197   0.00000000
  0.00089736   0.00000000    -0.00002197   0.00000000     0.16658459   0.00000000
    7    8
 -0.00882121  -0.00000000     0.00385932   0.00000000    -0.00385932  -0.00000000
 -0.00385932  -0.00000000     0.00236561   0.00000000    -0.01039499  -0.00000000
  0.00385932   0.00000000    -0.01039499  -0.00000000     0.00236561   0.00000000
    7    9
  0.01022721   0.00000000    -0.00754542  -0.00000000     0.00754542   0.00000000
  0.00754542  -0.00000000    -0.03691007   0.00000000     0.04212951  -0.00000000
 -0.00754542  -0.00000000     0.04212951  -0.00000000    -0.03691007   0.00000000
    7   10
  0.01025333   0.00000000    -0.00577200  -0.00000000    -0.00718825  -0.00000000
  0.00577200   0.00000000    -0.00981989  -0.00000000    -0.00565121  -0.00000000
 -0.00718825  -0.00000000     0.00565121   0.00000000     0.01557809   0.00000000
    7   11
 -0.00411513  -0.00000000     0.00090535   0.00000000     0.01301193   0.00000000
 -0.00090535  -0.00000000    -0.00413585  -0.00000000    -0.00030105  -0.00000000
  0.01301193   0.00000000     0.00030105   0.00000000     0.00361770   0.00000000
    8    1
 -0.09241928   0.00000000     0.00414827  -0.00000000    -0.00414827   0.00000000
 -0.01304668   0.00000000     0.08302794  -0.00000000     0.06730595  -0.00000000
  0.01304668  -0.00000000     0.06730595  -0.00000000     0.08302794  -0.00000000
    8    2
  0.01448619  -0.00000000     0.00814547  -0.00000000    -0.00814547   0.00000000
 -0.00898640   0.00000000    -0.01827523   0.00000000    -0.01434754   0.00000000
  0.00898640  -0.00000000    -0.01434754   0.00000000    -0.01827523   0.00000000
    8    3
  0.00272855  -0.00000000    -0.00821348   0.00000000     0.00821348  -0.00000000
 -0.01629962   0.00000000    -0.01002693   0.00000000    -0.00929237   0.00000000
  0.01629962  -0.00000000    -0.00929237   0.00000000    -0.01002693   0.00000000
    8    4
 -0.00411513   0.00000000    -0.00090535   0.00000000    -0.01301193   0.00000000
  0.00090535  -0.00000000    -0.00413585   0.00000000    -0.00030105   0.00000000
 -0.01301193   0.00000000     0.00030105  -0.00000000     0.00361770  -0.00000000
    8    5
  0.01025333  -0.00000000     0.00577200  -0.00000000     0.00718825  -0.00000000
 -0.00577200   0.00000000    -0.00981989   0.00000000    -0.00565121   0.00000000
  0.00718825  -0.00000000     0.00565121  -0.00000000     0.01557809  -0.00000000
    8    6
  0.01022721  -0.00000000     0.00754542  -0.00000000    -0.00754542   0.00000000
 -0.00754542  -0.00000000    -0.03691007  -0.00000000     0.04212951   0.00000000
  0.00754542   0.00000000     0.04212951   0.00000000    -0.03691007  -0.00000000
    8    7
 -0.00882121   0.00000000    -0.00385932   0.00000000     0.00385932  -0.00000000
  0.00385932  -0.00000000     0.00236561  -0.00000000    -0.01039499   0.00000000
 -0.00385932   0.00000000    -0.01039499   0.00000000     0.00236561  -0.00000000
    8    8
  0.16642985   0.00000000     0.00089736   0.00000000    -0.00089736   0.00000000
  0.00089736   0.00000000     0.16658459   0.00000000    -0.00002197   0.00000000
 -0.00089736   0.00000000    -0.00002197   0.00000000     0.16658459   0.00000000
    8    9
 -0.00192191   0.00000000    -0.00208294   0.00000000     0.00208294  -0.00000000
 -0.00208294   0.00000000     0.00047299  -0.00000000    -0.00574278   0.00000000
  0.00208294  -0.00000000    -0.00574278   0.00000000     0.00047299  -0.00000000
    8   10
 -0.00411513   0.00000000     0.01301193  -0.00000000     0.00090535  -0.00000000
  0.01301193  -0.00000000     0.00361770  -0.00000000     0.00030105  -0.00000000
 -0.00090535   0.00000000    -0.00030105   0.00000000    -0.00413585   0.00000000
    8   11
  0.01025333  -0.00000000    -0.00718825   0.00000000    -0.00577200   0.00000000
 -0.00718825   0.00000000     0.01557809  -0.00000000     0.00565121  -0.00000000
  0.00577200  -0.00000000    -0.00565121   0.00000000    -0.00981989   0.00000000
    9    1
 -0.09241928  -0.00000000     0.00414827   0.00000000    -0.00414827  -0.00000000
 -0.01304668  -0.00000000     0.08302794   0.00000000     0.06730595   0.00000000
  0.01304668   0.00000000     0.06730595   0.00000000     0.08302794   0.00000000
    9    2
  0.00272855   0.00000000    -0.00821348  -0.00000000     0.00821348   0.00000000
 -0.01629962  -0.00000000    -0.01002693  -0.00000000    -0.00929237  -0.00000000
  0.01629962   0.00000000    -0.00929237  -0.00000000    -0.01002693  -0.00000000
    9    3
  0.01448619   0.00000000     0.00814547   0.00000000    -0.00814547  -0.00000000
 -0.00898640  -0.00000000    -0.01827523  -0.00000000    -0.01434754  -0.00000000
  0.00898640   0.00000000    -0.01434754  -0.00000000    -0.01827523  -0.00000000
    9    4
  0.01025333   0.00000000     0.00577200   0.00000000     0.00718825   0.00000000
 -0.00577200  -0.00000000    -0.00981989  -0.00000000    -0.00565121  -0.00000000
  0.00718825   0.00000000     0.00565121   0.00000000     0.01557809   0.00000000
    9    5
 -0.00411513  -0.00000000    -0.00090535  -0.00000000    -0.01301193  -0.00000000
  0.00090535   0.00000000    -0.00413585  -0.00000000    -0.00030105  -0.00000000
 -0.01301193  -0.00000000     0.00030105   0.00000000     0.00361770   0.00000000
    9    6
 -0.00882121  -0.00000000    -0.00385932  -0.00000000     0.00385932   0.00000000
  0.00385932   0.00000000     0.00236561   0.00000000    -0.01039499  -0.00000000
 -0.00385932  -0.00000000    -0.01039499  -0.00000000     0.00236561   0.00000000
    9    7
  0.01022721   0.00000000     0.00754542   0.00000000    -0.00754542  -0.00000000
 -0.00754542  -0.00000000    -0.03691007   0.00000000     0.04212951  -0.00000000
  0.00754542  -0.00000000     0.04212951  -0.00000000    -0.03691007   0.00000000
    9    8
 -0.00192191  -0.00000000    -0.00208294  -0.00000000     0.00208294   0.00000000
 -0.00208294  -0.00000000     0.00047299   0.00000000    -0.00574278  -0.00000000
  0.00208294   0.00000000    -0.00574278  -0.00000000     0.00047299   0.00000000
    9    9
  0.16642985   0.00000000     0.00089736   0.00000000    -0.00089736   0.00000000
  0.00089736   0.00000000     0.16658459   0.00000000    -0.00002197   0.00000000
 -0.00089736   0.00000000    -0.00002197   0.00000000     0.16658459   0.00000000
    9   10
  0.01025333   0.00000000    -0.00718825  -0.00000000    -0.00577200  -0.00000000
 -0.00718825  -0.00000000     0.01557809   0.00000000     0.00565121   0.00000000
  0.00577200   0.00000000    -0.00565121  -0.00000000    -0.00981989  -0.00000000
    9   11
 -0.00411513  -0.00000000     0.01301193   0.00000000     0.00090535   0.00000000
  0.01301193   0.00000000     0.00361770   0.00000000     0.00030105   0.00000000
 -0.00090535  -0.00000000    -0.00030105  -0.00000000    -0.00413585  -0.00000000
   10    1
 -0.09241928   0.00000000     0.00414827  -0.00000000     0.00414827  -0.00000000
 -0.01304668   0.00000000     0.08302794  -0.00000000    -0.06730595   0.00000000
 -0.01304668   0.00000000    -0.06730595   0.00000000     0.08302794  -0.00000000
   10    2
 -0.01448619   0.00000000    -0.00814547   0.00000000    -0.00814547   0.00000000
  0.00898640  -0.00000000     0.01827523  -0.00000000    -0.01434754   0.00000000
  0.00898640  -0.00000000    -0.01434754   0.00000000     0.01827523  -0.00000000
   10    3
 -0.00272855   0.00000000     0.00821348  -0.00000000     0.00821348  -0.00000000
  0.01629962  -0.00000000     0.01002693  -0.00000000    -0.00929237   0.00000000
  0.01629962  -0.00000000    -0.00929237   0.00000000     0.01002693  -0.00000000
   10    4
  0.01022721   0.00000000     0.00754542   0.00000000     0.00754542   0.00000000
 -0.00754542   0.00000000    -0.03691007   0.00000000    -0.04212951   0.00000000
 -0.00754542   0.00000000    -0.04212951   0.00000000    -0.03691007   0.00000000
   10    5
 -0.00882121   0.00000000    -0.00385932   0.00000000    -0.00385932   0.00000000
  0.00385932  -0.00000000     0.00236561  -0.00000000     0.01039499  -0.00000000
  0.00385932  -0.00000000     0.01039499  -0.00000000     0.00236561  -0.00000000
   10    6
 -0.00411513  -0.00000000    -0.00090535  -0.00000000     0.01301193   0.00000000
  0.00090535   0.00000000    -0.00413585  -0.00000000     0.00030105   0.00000000
  0.01301193   0.00000000    -0.00030105  -0.00000000     0.00361770   0.00000000
   10    7
  0.01025333  -0.00000000     0.00577200  -0.00000000    -0.00718825   0.00000000
 -0.00577200   0.00000000    -0.00981989   0.00000000     0.00565121  -0.00000000
 -0.00718825   0.00000000    -0.00565121   0.00000000     0.01557809  -0.00000000
   10    8
 -0.00411513  -0.00000000     0.01301193   0.00000000    -0.00090535  -0.00000000
  0.01301193   0.00000000     0.00361770   0.00000000    -0.00030105  -0.00000000
  0.00090535   0.00000000     0.00030105   0.00000000    -0.00413585  -0.00000000
   10    9
  0.01025333  -0.00000000    -0.00718825   0.00000000     0.00577200  -0.00000000
 -0.00718825   0.00000000     0.01557809  -0.00000000    -0.00565121   0.00000000
 -0.00577200   0.00000000     0.00565121  -0.00000000    -0.00981989   0.00000000
   10   10
  0.16642985   0.00000000     0.00089736   0.00000000     0.00089736   0.00000000
  0.00089736   0.00000000     0.16658459   0.00000000     0.00002197   0.00000000
  0.00089736   0.00000000     0.00002197   0.00000000     0.16658459   0.00000000
   10   11
 -0.00192191   0.00000000    -0.00208294   0.00000000    -0.00208294   0.00000000
 -0.00208294   0.00000000     0.00047299  -0.00000000     0.00574278  -0.00000000
 -0.00208294   0.00000000     0.00574278  -0.00000000     0.00047299  -0.00000000
   11    1
 -0.09241928  -0.00000000     0.00414827   0.00000000     0.00414827   0.00000000
 -0.01304668  -0.00000000     0.08302794   0.00000000    -0.06730595  -0.00000000
 -0.01304668  -0.00000000    -0.06730595  -0.00000000     0.08302794   0.00000000
   11    2
 -0.00272855  -0.00000000     0.00821348   0.00000000     0.00821348   0.00000000
  0.01629962   0.00000000     0.01002693   0.00000000    -0.00929237  -0.00000000
  0.01629962   0.00000000    -0.00929237  -0.00000000     0.01002693   0.00000000
   11    3
 -0.01448619  -0.00000000    -0.00814547  -0.00000000    -0.00814547  -0.00000000
  0.00898640   0.00000000     0.01827523   0.00000000    -0.01434754  -0.00000000
  0.00898640   0.00000000    -0.01434754  -0.00000000     0.01827523   0.00000000
   11    4
 -0.00882121  -0.00000000    -0.00385932  -0.00000000    -0.00385932  -0.00000000
  0.00385932   0.00000000     0.00236561   0.00000000     0.01039499   0.00000000
  0.00385932   0.00000000     0.01039499   0.00000000     0.00236561   0.00000000
   11    5
  0.01022721   0.00000000     0.00754542   0.00000000     0.00754542   0.00000000
 -0.00754542   0.00000000    -0.03691007   0.00000000    -0.04212951   0.00000000
 -0.00754542   0.00000000    -0.04212951   0.00000000    -0.03691007   0.00000000
   11    6
  0.01025333   0.00000000     0.00577200   0.00000000    -0.00718825  -0.00000000
 -0.00577200  -0.00000000    -0.00981989  -0.00000000     0.00565121   0.00000000
 -0.00718825  -0.00000000    -0.00565121  -0.00000000     0.01557809   0.00000000
   11    7
 -0.00411513   0.00000000    -0.00090535   0.00000000     0.01301193  -0.00000000
  0.00090535  -0.00000000    -0.00413585   0.00000000     0.00030105  -0.00000000
  0.01301193  -0.00000000    -0.00030105   0.00000000     0.00361770  -0.00000000
   11    8
  0.01025333   0.00000000    -0.00718825  -0.00000000     0.00577200   0.00000000
 -0.00718825  -0.00000000     0.01557809   0.00000000    -0.00565121  -0.00000000
 -0.00577200  -0.00000000     0.00565121   0.00000000    -0.00981989  -0.00000000
   11    9
 -0.00411513   0.00000000     0.01301193  -0.00000000    -0.00090535   0.00000000
  0.01301193  -0.00000000     0.00361770  -0.00000000    -0.00030105   0.00000000
  0.00090535  -0.00000000     0.00030105  -0.00000000    -0.00413585   0.00000000
   11   10
 -0.00192191  -0.00000000    -0.00208294  -0.00000000    -0.00208294  -0.00000000
 -0.00208294  -0.00000000     0.00047299   0.00000000     0.00574278   0.00000000
 -0.00208294  -0.00000000     0.00574278   0.00000000     0.00047299   0.00000000
   11   11
  0.16642985   0.00000000     0.00089736   0.00000000     0.00089736   0.00000000
  0.00089736   0.00000000     0.16658459   0.00000000     0.00002197   0.00000000
  0.00089736   0.00000000     0.00002197   0.00000000     0.16658459   0.00000000

     Dynamical  Matrix in cartesian axes

     q = (    0.000000000   0.000000000  -0.707106781 ) 

    1    1
  1.06832050   0.00000000     0.00000000   0.00000000     0.00000000   0.00000000
  0.00000000   0.00000000     1.06832050   0.00000000    -0.00000000   0.00000000
  0.00000000   0.00000000    -0.00000000   0.00000000     1.24613253   0.00000000
    1    2
  0.00000000  -0.00000000    -0.11103220   0.00000000     0.00000000  -0.00000000
 -0.11103220   0.00000000     0.00000000  -0.00000000     0.00000000  -0.00000000
 -0.00000000  -0.00000000     0.00000000  -0.00000000     0.00000000   0.00000000
    1    3
  0.00000000   0.00000000    -0.11103220   0.00000000     0.00000000   0.00000000
 -0.11103220   0.00000000     0.00000000   0.00000000     0.00000000   0.00000000
 -0.00000000   0.00000000     0.00000000   0.00000000     0.00000000  -0.00000000
    1    4
  0.08302794   0.00000000    -0.06730595  -0.00000000    -0.00414827  -0.00000000
 -0.06730595  -0.00000000     0.08302794   0.00000000    -0.00414827  -0.00000000
  0.01304668   0.00000000     0.01304668   0.00000000    -0.09241928  -0.00000000
    1    5
  0.08302794  -0.00000000    -0.06730595   0.00000000    -0.00414827   0.00000000
 -0.06730595   0.00000000     0.08302794  -0.00000000    -0.00414827   0.00000000
  0.01304668  -0.00000000     0.01304668  -0.00000000    -0.09241928   0.00000000
    1    6
  0.08302794   0.00000000    -0.06730595  -0.00000000     0.00414827   0.00000000
 -0.06730595  -0.00000000     0.08302794   0.00000000     0.00414827   0.00000000
 -0.01304668  -0.00000000    -0.01304668  -0.00000000    -0.09241928  -0.00000000
    1    7
  0.08302794  -0.00000000    -0.06730595   0.00000000     0.00414827  -0.00000000
 -0.06730595   0.00000000     0.08302794  -0.00000000     0.00414827  -0.00000000
 -0.01304668   0.00000000    -0.01304668   0.00000000    -0.09241928   0.00000000
    1    8
  0.08302794   0.00000000     0.06730595   0.00000000    -0.00414827  -0.00000000
  0.06730595   0.00000000     0.08302794   0.00000000     0.00414827   0.00000000
  0.01304668   0.00000000    -0.01304668  -0.00000000    -0.09241928  -0.00000000
    1    9
  0.08302794  -0.00000000     0.06730595  -0.00000000    -0.00414827   0.00000000
  0.06730595  -0.00000000     0.08302794  -0.00000000     0.00414827  -0.00000000
  0.01304668  -0.00000000    -0.01304668   0.00000000    -0.09241928   0.00000000
    1   10
  0.08302794   0.00000000     0.06730595   0.00000000     0.00414827   0.00000000
  0.06730595   0.00000000     0.08302794   0.00000000    -0.00414827  -0.00000000
 -0.01304668  -0.00000000     0.01304668   0.00000000    -0.09241928  -0.00000000
    1   11
  0.08302794  -0.00000000     0.06730595  -0.00000000     0.00414827  -0.00000000
  0.06730595  -0.00000000     0.08302794  -0.00000000    -0.00414827   0.00000000
 -0.01304668   0.00000000     0.01304668  -0.00000000    -0.09241928   0.00000000
    2    1
 -0.00000000   0.00000000    -0.11103220  -0.00000000     0.00000000   0.00000000
 -0.11103220  -0.00000000     0.00000000   0.00000000     0.00000000   0.00000000
  0.00000000  -0.00000000     0.00000000   0.00000000    -0.00000000   0.00000000
    2    2
  0.10307387   0.00000000     0.00000000   0.00000000     0.00000000   0.00000000
 -0.00000000   0.00000000     0.10307387   0.00000000     0.00000000   0.00000000
  0.00000000   0.00000000    -0.00000000   0.00000000     0.12666570   0.00000000
    2    3
 -0.00097124   0.00000000    -0.00000000  -0.00000000    -0.00000000   0.00000000
 -0.00000000  -0.00000000    -0.00097124   0.00000000    -0.00000000  -0.00000000
 -0.00000000   0.00000000    -0.00000000   0.00000000    -0.01499080   0.00000000
    2    4
  0.01827523   0.00000000    -0.01434754  -0.00000000     0.00814547   0.00000000
 -0.01434754  -0.00000000     0.01827523   0.00000000     0.00814547   0.00000000
 -0.00898640  -0.00000000    -0.00898640  -0.00000000    -0.01448619  -0.00000000
    2    5
  0.01002693  -0.00000000    -0.00929237   0.00000000    -0.00821348   0.00000000
 -0.00929237   0.00000000     0.01002693  -0.00000000    -0.00821348   0.00000000
 -0.01629962   0.00000000    -0.01629962   0.00000000    -0.00272855   0.00000000
    2    6
  0.01827523   0.00000000    -0.01434754  -0.00000000    -0.00814547  -0.00000000
 -0.01434754  -0.00000000     0.01827523   0.00000000    -0.00814547  -0.00000000
  0.00898640   0.00000000     0.00898640   0.00000000    -0.01448619  -0.00000000
    2    7
  0.01002693  -0.00000000    -0.00929237   0.00000000     0.00821348  -0.00000000
 -0.00929237   0.00000000     0.01002693  -0.00000000     0.00821348  -0.00000000
  0.01629962  -0.00000000     0.01629962  -0.00000000    -0.00272855   0.00000000
    2    8
 -0.01827523  -0.00000000    -0.01434754  -0.00000000    -0.00814547  -0.00000000
 -0.01434754  -0.00000000    -0.01827523  -0.00000000     0.00814547   0.00000000
  0.00898640   0.00000000    -0.00898640  -0.00000000     0.01448619   0.00000000
    2    9
 -0.01002693   0.00000000    -0.00929237   0.00000000     0.00821348  -0.00000000
 -0.00929237   0.00000000    -0.01002693   0.00000000    -0.00821348   0.00000000
  0.01629962  -0.00000000    -0.01629962   0.00000000     0.00272855  -0.00000000
    2   10
 -0.01827523  -0.00000000    -0.01434754  -0.00000000     0.00814547   0.00000000
 -0.01434754  -0.00000000    -0.01827523  -0.00000000    -0.00814547  -0.00000000
 -0.00898640  -0.00000000     0.00898640   0.00000000     0.01448619   0.00000000
    2   11
 -0.01002693   0.00000000    -0.00929237   0.00000000    -0.00821348   0.00000000
 -0.00929237   0.00000000    -0.01002693   0.00000000     0.00821348  -0.00000000
 -0.01629962   0.00000000     0.01629962  -0.00000000     0.00272855  -0.00000000
    3    1
  0.00000000   0.00000000    -0.11103220  -0.00000000    -0.00000000  -0.00000000
 -0.11103220  -0.00000000     0.00000000  -0.00000000    -0.00000000   0.00000000
 -0.00000000  -0.00000000    -0.00000000  -0.00000000     0.00000000  -0.00000000
    3    2
 -0.00097124  -0.00000000    -0.00000000   0.00000000    -0.00000000  -0.00000000
 -0.00000000   0.00000000    -0.00097124  -0.00000000    -0.00000000   0.00000000
 -0.00000000  -0.00000000    -0.00000000  -0.00000000    -0.01499080  -0.00000000
    3    3
  0.10307387   0.00000000     0.00000000   0.00000000    -0.00000000   0.00000000
 -0.00000000   0.00000000     0.10307387   0.00000000     0.00000000   0.00000000
 -0.00000000   0.00000000     0.00000000   0.00000000     0.12666570   0.00000000
    3    4
  0.01002693   0.00000000    -0.00929237  -0.00000000    -0.00821348  -0.00000000
 -0.00929237  -0.00000000     0.01002693   0.00000000    -0.00821348  -0.00000000
 -0.01629962  -0.00000000    -0.01629962  -0.00000000    -0.00272855  -0.00000000
    3    5
  0.01827523  -0.00000000    -0.01434754   0.00000000     0.00814547  -0.00000000
 -0.01434754   0.00000000     0.01827523  -0.00000000     0.00814547  -0.00000000
 -0.00898640   0.00000000    -0.00898640   0.00000000    -0.01448619   0.00000000
    3    6
  0.01002693   0.00000000    -0.00929237  -0.00000000     0.00821348   0.00000000
 -0.00929237  -0.00000000     0.01002693   0.00000000     0.00821348   0.00000000
  0.01629962   0.00000000     0.01629962   0.00000000    -0.00272855  -0.00000000
    3    7
  0.01827523  -0.00000000    -0.01434754   0.00000000    -0.00814547   0.00000000
 -0.01434754   0.00000000     0.01827523  -0.00000000    -0.00814547   0.00000000
  0.00898640  -0.00000000     0.00898640  -0.00000000    -0.01448619   0.00000000
    3    8
 -0.01002693  -0.00000000    -0.00929237  -0.00000000     0.00821348   0.00000000
